# x	y	z	p	sigmaEq	Ur	Ut	Uz	sigmarr	sigmatt	sigmazz	sigmart	sigmarz	sigmatz
8.000000000e+00	0.000000000e+00	0.000000000e+00	3.300331522e+08	2.351689954e+07	1.645428945e-01	0.000000000e+00	0.000000000e+00	-1.000000000e+07	1.715310133e+07	3.300181145e+06	0.000000000e+00	0.000000000e+00	0.000000000e+00
8.250000000e+00	0.000000000e+00	0.000000000e+00	3.300177509e+08	2.213891180e+07	1.596528273e-01	0.000000000e+00	0.000000000e+00	-9.220596137e+06	1.634165252e+07	3.315582481e+06	0.000000000e+00	0.000000000e+00	0.000000000e+00
8.500000000e+00	0.000000000e+00	0.000000000e+00	3.300044553e+08	2.087797597e+07	1.550425000e-01	0.000000000e+00	0.000000000e+00	-8.506520805e+06	1.559997685e+07	3.328878001e+06	0.000000000e+00	0.000000000e+00	0.000000000e+00
8.750000000e+00	0.000000000e+00	0.000000000e+00	3.299929308e+08	1.972126052e+07	1.506887754e-01	0.000000000e+00	0.000000000e+00	-7.850730896e+06	1.492031299e+07	3.340402562e+06	0.000000000e+00	0.000000000e+00	0.000000000e+00
9.000000000e+00	0.000000000e+00	0.000000000e+00	3.299829026e+08	1.865763816e+07	1.465709791e-01	0.000000000e+00	0.000000000e+00	-7.247100065e+06	1.429594794e+07	3.350430754e+06	0.000000000e+00	0.000000000e+00	0.000000000e+00
9.250000000e+00	0.000000000e+00	0.000000000e+00	3.299741444e+08	1.767742219e+07	1.426705828e-01	0.000000000e+00	0.000000000e+00	-6.690280271e+06	1.372105181e+07	3.359188936e+06	0.000000000e+00	0.000000000e+00	0.000000000e+00
9.500000000e+00	0.000000000e+00	0.000000000e+00	3.299664687e+08	1.677214917e+07	1.389709345e-01	0.000000000e+00	0.000000000e+00	-6.175586927e+06	1.319054212e+07	3.366864648e+06	0.000000000e+00	0.000000000e+00	0.000000000e+00
9.750000000e+00	0.000000000e+00	0.000000000e+00	3.299597193e+08	1.593439868e+07	1.354570292e-01	0.000000000e+00	0.000000000e+00	-5.698903205e+06	1.269997185e+07	3.373614008e+06	0.000000000e+00	0.000000000e+00	0.000000000e+00
1.000000000e+01	0.000000000e+00	0.000000000e+00	3.299537658e+08	1.515764331e+07	1.321153110e-01	0.000000000e+00	0.000000000e+00	-5.256599963e+06	1.224543649e+07	3.379567569e+06	0.000000000e+00	0.000000000e+00	0.000000000e+00
1.025000000e+01	0.000000000e+00	0.000000000e+00	3.299484984e+08	1.443612315e+07	1.289335038e-01	0.000000000e+00	0.000000000e+00	-4.845468454e+06	1.182349665e+07	3.384834981e+06	0.000000000e+00	0.000000000e+00	0.000000000e+00
1.050000000e+01	0.000000000e+00	0.000000000e+00	3.299438246e+08	1.376474029e+07	1.259004643e-01	0.000000000e+00	0.000000000e+00	-4.462663558e+06	1.143111318e+07	3.389508714e+06	0.000000000e+00	0.000000000e+00	0.000000000e+00
1.075000000e+01	0.000000000e+00	0.000000000e+00	3.299396663e+08	1.313896986e+07	1.230060552e-01	0.000000000e+00	0.000000000e+00	-4.105655714e+06	1.106559257e+07	3.393667062e+06	0.000000000e+00	0.000000000e+00	0.000000000e+00
1.100000000e+01	0.000000000e+00	0.000000000e+00	3.299359568e+08	1.255478462e+07	1.202410350e-01	0.000000000e+00	0.000000000e+00	-3.772190052e+06	1.072454096e+07	3.397376565e+06	0.000000000e+00	0.000000000e+00	0.000000000e+00
1.125000000e+01	0.000000000e+00	0.000000000e+00	3.299326394e+08	1.200859093e+07	1.175969614e-01	0.000000000e+00	0.000000000e+00	-3.460251554e+06	1.040582498e+07	3.400693978e+06	0.000000000e+00	0.000000000e+00	0.000000000e+00
1.150000000e+01	0.000000000e+00	0.000000000e+00	3.299296655e+08	1.149717403e+07	1.150661073e-01	0.000000000e+00	0.000000000e+00	-3.168035220e+06	1.010753852e+07	3.403667877e+06	0.000000000e+00	0.000000000e+00	0.000000000e+00
1.175000000e+01	0.000000000e+00	0.000000000e+00	3.299269934e+08	1.101765121e+07	1.126413870e-01	0.000000000e+00	0.000000000e+00	-2.893920463e+06	9.827974325e+06	3.406339978e+06	0.000000000e+00	0.000000000e+00	0.000000000e+00
1.200000000e+01	0.000000000e+00	0.000000000e+00	3.299245871e+08	1.056743162e+07	1.103162913e-01	0.000000000e+00	0.000000000e+00	-2.636449058e+06	9.565599632e+06	3.408746215e+06	0.000000000e+00	0.000000000e+00	0.000000000e+00
1.225000000e+01	0.000000000e+00	0.000000000e+00	3.299224157e+08	1.014418159e+07	1.080848304e-01	0.000000000e+00	0.000000000e+00	-2.394306090e+06	9.319035206e+06	3.410917642e+06	0.000000000e+00	0.000000000e+00	0.000000000e+00
1.250000000e+01	0.000000000e+00	0.000000000e+00	3.299204522e+08	9.745794632e+06	1.059414831e-01	0.000000000e+00	0.000000000e+00	-2.166303448e+06	9.087037277e+06	3.412881168e+06	0.000000000e+00	0.000000000e+00	0.000000000e+00
1.275000000e+01	0.000000000e+00	0.000000000e+00	3.299186732e+08	9.370365525e+06	1.038811523e-01	0.000000000e+00	0.000000000e+00	-1.951365489e+06	8.868481893e+06	3.414660181e+06	0.000000000e+00	0.000000000e+00	0.000000000e+00
1.300000000e+01	0.000000000e+00	0.000000000e+00	3.299170583e+08	9.016167676e+06	1.018991248e-01	0.000000000e+00	0.000000000e+00	-1.748516549e+06	8.662351347e+06	3.416275063e+06	0.000000000e+00	0.000000000e+00	0.000000000e+00
1.325000000e+01	0.000000000e+00	0.000000000e+00	3.299155897e+08	8.681633457e+06	9.999103656e-02	0.000000000e+00	0.000000000e+00	-1.556870039e+06	8.467722357e+06	3.417743619e+06	0.000000000e+00	0.000000000e+00	0.000000000e+00
1.350000000e+01	0.000000000e+00	0.000000000e+00	3.299142519e+08	8.365336990e+06	9.815284060e-02	0.000000000e+00	0.000000000e+00	-1.375618890e+06	8.283755753e+06	3.419081448e+06	0.000000000e+00	0.000000000e+00	0.000000000e+00
1.375000000e+01	0.000000000e+00	0.000000000e+00	3.299130311e+08	8.065979072e+06	9.638077897e-02	0.000000000e+00	0.000000000e+00	-1.204027183e+06	8.109687459e+06	3.420302245e+06	0.000000000e+00	0.000000000e+00	0.000000000e+00
1.400000000e+01	0.000000000e+00	0.000000000e+00	3.299119153e+08	7.782373932e+06	9.467135751e-02	0.000000000e+00	0.000000000e+00	-1.041422773e+06	7.944820572e+06	3.421418062e+06	0.000000000e+00	0.000000000e+00	0.000000000e+00
1.425000000e+01	0.000000000e+00	0.000000000e+00	3.299108938e+08	7.513437573e+06	9.302132315e-02	0.000000000e+00	0.000000000e+00	-8.871907895e+05	7.788518408e+06	3.422439530e+06	0.000000000e+00	0.000000000e+00	0.000000000e+00
1.450000000e+01	0.000000000e+00	0.000000000e+00	3.299099573e+08	7.258177487e+06	9.142764352e-02	0.000000000e+00	0.000000000e+00	-7.407679020e+05	7.640198366e+06	3.423376049e+06	0.000000000e+00	0.000000000e+00	0.000000000e+00
1.475000000e+01	0.000000000e+00	0.000000000e+00	3.299090974e+08	7.015683559e+06	8.988748866e-02	0.000000000e+00	0.000000000e+00	-6.016372322e+05	7.499326514e+06	3.424235944e+06	0.000000000e+00	0.000000000e+00	0.000000000e+00
1.500000000e+01	0.000000000e+00	0.000000000e+00	3.299083067e+08	6.785120005e+06	8.839821440e-02	0.000000000e+00	0.000000000e+00	-4.693238475e+05	7.365412792e+06	3.425026605e+06	0.000000000e+00	0.000000000e+00	0.000000000e+00
1.525000000e+01	0.000000000e+00	0.000000000e+00	3.299075787e+08	6.565718221e+06	8.695734741e-02	0.000000000e+00	0.000000000e+00	-3.433907525e+05	7.238006762e+06	3.425754606e+06	0.000000000e+00	0.000000000e+00	0.000000000e+00
1.550000000e+01	0.000000000e+00	0.000000000e+00	3.299069075e+08	6.356770412e+06	8.556257169e-02	0.000000000e+00	0.000000000e+00	-2.234353196e+05	7.116693825e+06	3.426425804e+06	0.000000000e+00	0.000000000e+00	0.000000000e+00
1.575000000e+01	0.000000000e+00	0.000000000e+00	3.299062879e+08	6.157623922e+06	8.421171629e-02	0.000000000e+00	0.000000000e+00	-1.090861047e+05	7.001091857e+06	3.427045429e+06	0.000000000e+00	0.000000000e+00	0.000000000e+00
1.600000000e+01	0.000000000e+00	0.000000000e+00	3.299057152e+08	5.967676162e+06	8.290274410e-02	0.000000000e+00	0.000000000e+00	0.000000000e+00	6.890848204e+06	3.427618157e+06	0.000000000e+00	0.000000000e+00	0.000000000e+00
