/*--------------------------------*- C++ -*----------------------------------*\
| =========                 |                                                 |
| \\      /  F ield         | foam-extend: Open Source CFD                    |
|  \\    /   O peration     | Version:     4.1                                |
|   \\  /    A nd           | Web:         http://www.foam-extend.org         |
|    \\/     M anipulation  |                                                 |
\*---------------------------------------------------------------------------*/
FoamFile
{
    version     2.0;
    format      ascii;
    class       volScalarField;
    location    "0.193";
    object      Dp;
}
// * * * * * * * * * * * * * * * * * * * * * * * * * * * * * * * * * * * * * //

dimensions      [1 -1 -2 0 0 0 0];

internalField   nonuniform List<scalar> 
5120
(
-0.0501703
-0.0398172
-0.038471
-0.0379426
-0.0375586
-0.037175
-0.0367264
-0.0362011
-0.0356086
-0.0349629
-0.0342776
-0.0335643
-0.0328322
-0.0320884
-0.031338
-0.0305846
-0.0298309
-0.0290787
-0.0283293
-0.0275837
-0.0268426
-0.0261064
-0.0253756
-0.0246505
-0.0239314
-0.0232186
-0.0225124
-0.0218128
-0.0211202
-0.0204348
-0.0197567
-0.0190862
-0.0184234
-0.0177686
-0.0171218
-0.0164834
-0.0158534
-0.0152322
-0.0146198
-0.0140164
-0.0134224
-0.0128378
-0.0122628
-0.0116977
-0.0111427
-0.0105979
-0.0100637
-0.00954013
-0.00902754
-0.00852613
-0.00803612
-0.00755775
-0.00709127
-0.00663693
-0.00619497
-0.00576566
-0.00534925
-0.004946
-0.00455619
-0.00418009
-0.00381798
-0.00347014
-0.00313685
-0.0028184
-0.00251508
-0.00222719
-0.00195501
-0.00169885
-0.00145898
-0.0012357
-0.00102927
-0.000839947
-0.000667989
-0.000513651
-0.00037723
-0.000259179
-0.000160141
-8.24618e-05
-2.32998e-05
1.06676e-05
-0.0519434
-0.0415556
-0.0398371
-0.0389645
-0.0381544
-0.0374412
-0.0367655
-0.0360887
-0.0353992
-0.0346946
-0.033976
-0.0332464
-0.0325088
-0.0317662
-0.0310211
-0.0302754
-0.0295308
-0.0287883
-0.0280489
-0.0273132
-0.0265817
-0.0258549
-0.0251332
-0.0244168
-0.0237061
-0.0230013
-0.0223027
-0.0216104
-0.0209248
-0.020246
-0.0195743
-0.0189099
-0.018253
-0.0176037
-0.0169624
-0.0163292
-0.0157043
-0.0150879
-0.0144803
-0.0138815
-0.0132919
-0.0127116
-0.0121408
-0.0115798
-0.0110287
-0.0104879
-0.0099574
-0.00943755
-0.00892856
-0.00843065
-0.00794406
-0.00746903
-0.00700581
-0.00655464
-0.00611577
-0.00568948
-0.005276
-0.00487562
-0.00448859
-0.00411521
-0.00375573
-0.00341045
-0.00307964
-0.00276361
-0.00246264
-0.00217702
-0.00190705
-0.00165303
-0.00141526
-0.00119404
-0.000989666
-0.000802468
-0.000632793
-0.000481057
-0.000347794
-0.000233763
-0.000140062
-6.94207e-05
-1.67422e-05
1.37127e-05
-0.0540574
-0.0422893
-0.0405531
-0.0396421
-0.0387083
-0.0378528
-0.0370531
-0.0362793
-0.0355188
-0.0347649
-0.0340133
-0.0332623
-0.0325115
-0.0317611
-0.0310117
-0.030264
-0.0295188
-0.0287766
-0.028038
-0.0273034
-0.0265732
-0.0258477
-0.0251273
-0.0244122
-0.0237026
-0.0229989
-0.0223013
-0.02161
-0.0209253
-0.0202473
-0.0195763
-0.0189125
-0.0182561
-0.0176073
-0.0169664
-0.0163335
-0.0157089
-0.0150927
-0.0144852
-0.0138865
-0.0132969
-0.0127166
-0.0121458
-0.0115847
-0.0110335
-0.0104925
-0.0099618
-0.00944171
-0.00893244
-0.00843422
-0.00794729
-0.0074719
-0.00700828
-0.0065567
-0.00611739
-0.00569063
-0.00527667
-0.00487578
-0.00448824
-0.00411431
-0.00375428
-0.00340843
-0.00307704
-0.00276041
-0.00245883
-0.0021726
-0.00190201
-0.00164737
-0.00140899
-0.00118719
-0.00098231
-0.000794703
-0.000624788
-0.00047307
-0.000340184
-0.000226997
-0.000134736
-6.58978e-05
-1.48035e-05
1.51739e-05
-0.0550634
-0.0425393
-0.0407963
-0.0398971
-0.03894
-0.0380406
-0.0371935
-0.0363774
-0.0355832
-0.0348041
-0.0340348
-0.0332719
-0.0325134
-0.0317582
-0.0310061
-0.030257
-0.0295112
-0.028769
-0.0280306
-0.0272965
-0.0265668
-0.0258419
-0.0251221
-0.0244076
-0.0236986
-0.0229955
-0.0222984
-0.0216075
-0.0209232
-0.0202456
-0.019575
-0.0189115
-0.0182554
-0.0176069
-0.0169662
-0.0163335
-0.015709
-0.015093
-0.0144855
-0.013887
-0.0132975
-0.0127172
-0.0121464
-0.0115853
-0.0110341
-0.0104931
-0.00996234
-0.00944219
-0.00893285
-0.00843455
-0.00794753
-0.00747202
-0.00700828
-0.00655656
-0.00611712
-0.0056902
-0.00527608
-0.00487501
-0.00448728
-0.00411316
-0.00375293
-0.00340687
-0.00307527
-0.00275841
-0.0024566
-0.00217013
-0.00189931
-0.00164443
-0.00140583
-0.00118382
-0.000978771
-0.000791055
-0.00062112
-0.000469507
-0.00033688
-0.00022412
-0.000132458
-6.42266e-05
-1.34745e-05
1.65326e-05
-0.0550634
-0.0425393
-0.0407963
-0.0398971
-0.03894
-0.0380406
-0.0371935
-0.0363774
-0.0355832
-0.0348041
-0.0340348
-0.0332719
-0.0325134
-0.0317582
-0.0310061
-0.030257
-0.0295112
-0.028769
-0.0280306
-0.0272965
-0.0265668
-0.0258419
-0.0251221
-0.0244076
-0.0236986
-0.0229955
-0.0222984
-0.0216075
-0.0209232
-0.0202456
-0.019575
-0.0189115
-0.0182554
-0.0176069
-0.0169662
-0.0163335
-0.015709
-0.015093
-0.0144855
-0.013887
-0.0132975
-0.0127172
-0.0121464
-0.0115853
-0.0110341
-0.0104931
-0.00996234
-0.00944219
-0.00893285
-0.00843455
-0.00794753
-0.00747202
-0.00700829
-0.00655656
-0.00611712
-0.0056902
-0.00527608
-0.00487501
-0.00448728
-0.00411316
-0.00375293
-0.00340687
-0.00307527
-0.00275841
-0.0024566
-0.00217013
-0.00189931
-0.00164443
-0.00140583
-0.00118382
-0.000978772
-0.000791055
-0.00062112
-0.000469507
-0.00033688
-0.00022412
-0.000132459
-6.42272e-05
-1.34741e-05
1.65325e-05
-0.0540574
-0.0422893
-0.0405531
-0.0396421
-0.0387083
-0.0378528
-0.0370531
-0.0362793
-0.0355188
-0.0347649
-0.0340133
-0.0332623
-0.0325115
-0.0317611
-0.0310117
-0.030264
-0.0295188
-0.0287766
-0.028038
-0.0273034
-0.0265732
-0.0258477
-0.0251273
-0.0244122
-0.0237026
-0.0229989
-0.0223013
-0.02161
-0.0209253
-0.0202473
-0.0195763
-0.0189125
-0.0182561
-0.0176073
-0.0169664
-0.0163335
-0.0157089
-0.0150927
-0.0144852
-0.0138865
-0.0132969
-0.0127166
-0.0121458
-0.0115847
-0.0110335
-0.0104925
-0.0099618
-0.00944171
-0.00893244
-0.00843422
-0.00794729
-0.0074719
-0.00700828
-0.0065567
-0.00611739
-0.00569063
-0.00527667
-0.00487578
-0.00448824
-0.00411431
-0.00375428
-0.00340843
-0.00307704
-0.00276041
-0.00245883
-0.0021726
-0.00190201
-0.00164737
-0.00140899
-0.00118719
-0.000982309
-0.000794702
-0.000624787
-0.00047307
-0.000340185
-0.000226998
-0.000134736
-6.5898e-05
-1.48036e-05
1.51763e-05
-0.0519434
-0.0415556
-0.0398371
-0.0389645
-0.0381544
-0.0374412
-0.0367655
-0.0360887
-0.0353992
-0.0346946
-0.033976
-0.0332464
-0.0325088
-0.0317662
-0.0310211
-0.0302754
-0.0295308
-0.0287883
-0.0280489
-0.0273132
-0.0265817
-0.0258549
-0.0251332
-0.0244168
-0.0237061
-0.0230013
-0.0223027
-0.0216104
-0.0209248
-0.020246
-0.0195743
-0.0189099
-0.018253
-0.0176037
-0.0169624
-0.0163292
-0.0157043
-0.0150879
-0.0144803
-0.0138815
-0.0132919
-0.0127116
-0.0121408
-0.0115798
-0.0110287
-0.0104879
-0.0099574
-0.00943755
-0.00892856
-0.00843065
-0.00794406
-0.00746903
-0.00700581
-0.00655464
-0.00611577
-0.00568948
-0.005276
-0.00487562
-0.00448859
-0.00411521
-0.00375573
-0.00341045
-0.00307964
-0.00276361
-0.00246264
-0.00217702
-0.00190705
-0.00165303
-0.00141526
-0.00119403
-0.000989665
-0.000802468
-0.000632793
-0.000481057
-0.000347794
-0.000233763
-0.000140062
-6.9421e-05
-1.67427e-05
1.37134e-05
-0.0501703
-0.0398172
-0.038471
-0.0379426
-0.0375586
-0.037175
-0.0367264
-0.0362011
-0.0356086
-0.0349629
-0.0342776
-0.0335643
-0.0328322
-0.0320884
-0.031338
-0.0305846
-0.0298309
-0.0290787
-0.0283293
-0.0275837
-0.0268426
-0.0261064
-0.0253756
-0.0246505
-0.0239314
-0.0232186
-0.0225124
-0.0218128
-0.0211202
-0.0204348
-0.0197567
-0.0190862
-0.0184234
-0.0177686
-0.0171218
-0.0164834
-0.0158534
-0.0152322
-0.0146198
-0.0140164
-0.0134224
-0.0128378
-0.0122628
-0.0116977
-0.0111427
-0.0105979
-0.0100637
-0.00954013
-0.00902754
-0.00852613
-0.00803612
-0.00755775
-0.00709127
-0.00663693
-0.00619497
-0.00576566
-0.00534925
-0.004946
-0.00455619
-0.00418009
-0.00381798
-0.00347014
-0.00313685
-0.0028184
-0.00251508
-0.00222719
-0.00195501
-0.00169885
-0.00145898
-0.0012357
-0.00102927
-0.000839947
-0.00066799
-0.000513651
-0.00037723
-0.000259179
-0.000160142
-8.24622e-05
-2.32996e-05
1.06695e-05
-0.0321744
-0.0248378
-0.0239911
-0.0237685
-0.0234766
-0.0232015
-0.0229219
-0.0226173
-0.0222849
-0.0219275
-0.0215491
-0.021154
-0.020746
-0.0203284
-0.0199035
-0.0194733
-0.0190392
-0.0186022
-0.0181633
-0.0177231
-0.0172822
-0.0168411
-0.0164001
-0.0159597
-0.0155202
-0.0150819
-0.0146452
-0.0142103
-0.0137774
-0.013347
-0.0129191
-0.0124942
-0.0120724
-0.0116539
-0.0112391
-0.0108281
-0.0104212
-0.0100186
-0.00962056
-0.00922729
-0.00883903
-0.00845599
-0.0080784
-0.00770649
-0.00734048
-0.00698058
-0.00662704
-0.00628006
-0.00593988
-0.00560671
-0.00528079
-0.00496234
-0.00465158
-0.00434874
-0.00405405
-0.00376774
-0.00349004
-0.00322118
-0.00296139
-0.00271091
-0.00246997
-0.00223881
-0.00201766
-0.00180676
-0.00160635
-0.00141666
-0.00123794
-0.00107042
-0.000914329
-0.000769883
-0.00063729
-0.000516732
-0.000408357
-0.000312266
-0.000228481
-0.000156883
-9.73707e-05
-5.08049e-05
-1.28923e-05
3.38344e-05
-0.038359
-0.0268512
-0.0243731
-0.0237613
-0.0231254
-0.0226142
-0.0221982
-0.021816
-0.0214445
-0.021074
-0.0206993
-0.0203188
-0.0199321
-0.0195397
-0.0191422
-0.0187403
-0.0183348
-0.0179263
-0.0175153
-0.0171023
-0.0166878
-0.0162721
-0.0158558
-0.015439
-0.0150222
-0.0146057
-0.0141897
-0.0137747
-0.013361
-0.0129487
-0.0125382
-0.0121298
-0.0117238
-0.0113204
-0.0109199
-0.0105226
-0.0101288
-0.00973861
-0.00935243
-0.00897046
-0.00859297
-0.0082202
-0.00785241
-0.00748985
-0.00713275
-0.00678138
-0.00643597
-0.00609677
-0.00576403
-0.00543799
-0.00511889
-0.00480698
-0.0045025
-0.00420571
-0.00391683
-0.00363613
-0.00336384
-0.00310021
-0.00284548
-0.00259991
-0.00236374
-0.00213722
-0.0019206
-0.00171412
-0.00151804
-0.0013326
-0.00115806
-0.000994646
-0.000842618
-0.000702215
-0.000573675
-0.000457233
-0.000353122
-0.000261579
-0.00018281
-0.000116907
-6.43288e-05
-2.65345e-05
5.45149e-06
4.37401e-05
-0.041506
-0.0284657
-0.0250784
-0.0241298
-0.023285
-0.0226222
-0.0221043
-0.0216552
-0.0212415
-0.0208464
-0.0204597
-0.0200755
-0.0196906
-0.0193034
-0.0189134
-0.0185203
-0.0181244
-0.0177257
-0.0173246
-0.0169214
-0.0165165
-0.0161102
-0.0157028
-0.0152947
-0.0148861
-0.0144775
-0.0140691
-0.0136613
-0.0132542
-0.0128484
-0.012444
-0.0120413
-0.0116406
-0.0112423
-0.0108466
-0.0104537
-0.010064
-0.00967779
-0.00929523
-0.00891664
-0.00854228
-0.00817242
-0.00780733
-0.00744725
-0.00709245
-0.00674318
-0.00639972
-0.0060623
-0.00573118
-0.00540663
-0.00508888
-0.00477821
-0.00447486
-0.00417908
-0.00389113
-0.00361126
-0.00333972
-0.00307678
-0.00282268
-0.00257767
-0.00234201
-0.00211596
-0.00189977
-0.0016937
-0.00149799
-0.0013129
-0.00113869
-0.000975613
-0.000823923
-0.000683879
-0.000555744
-0.000439789
-0.000336301
-0.000245594
-0.000167972
-0.000103662
-5.3363e-05
-1.82577e-05
1.16074e-05
4.45512e-05
-0.0426245
-0.0289533
-0.0253187
-0.0242819
-0.0233614
-0.0226331
-0.022067
-0.0215841
-0.0211478
-0.0207388
-0.0203445
-0.0199572
-0.0195723
-0.0191872
-0.0188005
-0.0184116
-0.0180201
-0.0176263
-0.01723
-0.0168317
-0.0164316
-0.0160299
-0.0156271
-0.0152233
-0.0148189
-0.0144143
-0.0140097
-0.0136054
-0.0132019
-0.0127992
-0.0123979
-0.0119981
-0.0116002
-0.0112045
-0.0108112
-0.0104206
-0.010033
-0.00964876
-0.00926805
-0.00889119
-0.00851845
-0.00815008
-0.00778637
-0.00742757
-0.00707395
-0.00672578
-0.00638331
-0.0060468
-0.00571653
-0.00539274
-0.00507569
-0.00476565
-0.00446287
-0.00416761
-0.00388013
-0.00360068
-0.00332952
-0.00306691
-0.00281311
-0.00256838
-0.00233297
-0.00210713
-0.00189113
-0.00168523
-0.00148968
-0.00130474
-0.00113067
-0.000967727
-0.000816176
-0.000676284
-0.000548329
-0.0004326
-0.000329409
-0.000239098
-0.000162001
-9.83714e-05
-4.89719e-05
-1.48289e-05
1.43068e-05
4.55644e-05
-0.0426245
-0.0289533
-0.0253187
-0.0242819
-0.0233614
-0.0226331
-0.022067
-0.0215841
-0.0211478
-0.0207388
-0.0203445
-0.0199572
-0.0195723
-0.0191872
-0.0188005
-0.0184116
-0.0180201
-0.0176263
-0.01723
-0.0168317
-0.0164316
-0.0160299
-0.0156271
-0.0152233
-0.0148189
-0.0144143
-0.0140097
-0.0136054
-0.0132019
-0.0127992
-0.0123979
-0.0119981
-0.0116002
-0.0112045
-0.0108112
-0.0104206
-0.010033
-0.00964876
-0.00926805
-0.00889119
-0.00851845
-0.00815008
-0.00778637
-0.00742757
-0.00707395
-0.00672578
-0.00638331
-0.0060468
-0.00571653
-0.00539274
-0.00507569
-0.00476565
-0.00446287
-0.00416761
-0.00388013
-0.00360068
-0.00332952
-0.00306691
-0.00281311
-0.00256838
-0.00233297
-0.00210713
-0.00189113
-0.00168523
-0.00148968
-0.00130474
-0.00113067
-0.000967727
-0.000816176
-0.000676284
-0.000548329
-0.0004326
-0.000329409
-0.000239099
-0.000162001
-9.83713e-05
-4.8972e-05
-1.48289e-05
1.43068e-05
4.55642e-05
-0.041506
-0.0284657
-0.0250784
-0.0241298
-0.023285
-0.0226222
-0.0221043
-0.0216552
-0.0212415
-0.0208464
-0.0204597
-0.0200755
-0.0196906
-0.0193034
-0.0189134
-0.0185203
-0.0181244
-0.0177257
-0.0173246
-0.0169214
-0.0165165
-0.0161102
-0.0157028
-0.0152947
-0.0148861
-0.0144775
-0.0140691
-0.0136613
-0.0132542
-0.0128484
-0.012444
-0.0120413
-0.0116406
-0.0112423
-0.0108466
-0.0104537
-0.010064
-0.00967779
-0.00929523
-0.00891664
-0.00854228
-0.00817242
-0.00780733
-0.00744725
-0.00709245
-0.00674318
-0.00639972
-0.0060623
-0.00573118
-0.00540663
-0.00508888
-0.00477821
-0.00447486
-0.00417908
-0.00389113
-0.00361126
-0.00333972
-0.00307678
-0.00282268
-0.00257767
-0.00234201
-0.00211596
-0.00189977
-0.0016937
-0.00149799
-0.0013129
-0.00113869
-0.000975612
-0.000823923
-0.000683879
-0.000555744
-0.000439789
-0.000336301
-0.000245594
-0.000167972
-0.000103662
-5.33629e-05
-1.82576e-05
1.16071e-05
4.45507e-05
-0.038359
-0.0268512
-0.0243731
-0.0237613
-0.0231254
-0.0226142
-0.0221982
-0.021816
-0.0214445
-0.021074
-0.0206993
-0.0203188
-0.0199321
-0.0195397
-0.0191422
-0.0187403
-0.0183348
-0.0179263
-0.0175153
-0.0171023
-0.0166878
-0.0162721
-0.0158558
-0.015439
-0.0150222
-0.0146057
-0.0141897
-0.0137747
-0.013361
-0.0129487
-0.0125382
-0.0121298
-0.0117238
-0.0113204
-0.0109199
-0.0105226
-0.0101288
-0.00973861
-0.00935243
-0.00897046
-0.00859297
-0.0082202
-0.00785241
-0.00748985
-0.00713275
-0.00678138
-0.00643597
-0.00609677
-0.00576403
-0.00543799
-0.00511889
-0.00480698
-0.0045025
-0.00420571
-0.00391683
-0.00363613
-0.00336384
-0.00310021
-0.00284548
-0.00259991
-0.00236374
-0.00213722
-0.0019206
-0.00171412
-0.00151804
-0.0013326
-0.00115806
-0.000994646
-0.000842618
-0.000702215
-0.000573675
-0.000457233
-0.000353122
-0.000261579
-0.00018281
-0.000116906
-6.43285e-05
-2.65343e-05
5.45136e-06
4.37397e-05
-0.0321744
-0.0248378
-0.0239911
-0.0237685
-0.0234766
-0.0232015
-0.0229219
-0.0226173
-0.0222849
-0.0219275
-0.0215491
-0.021154
-0.020746
-0.0203284
-0.0199035
-0.0194733
-0.0190392
-0.0186022
-0.0181633
-0.0177231
-0.0172822
-0.0168411
-0.0164001
-0.0159597
-0.0155202
-0.0150819
-0.0146452
-0.0142103
-0.0137774
-0.013347
-0.0129191
-0.0124942
-0.0120724
-0.0116539
-0.0112391
-0.0108281
-0.0104212
-0.0100186
-0.00962056
-0.00922729
-0.00883903
-0.00845599
-0.0080784
-0.00770649
-0.00734048
-0.00698058
-0.00662704
-0.00628006
-0.00593988
-0.00560671
-0.00528079
-0.00496234
-0.00465158
-0.00434874
-0.00405405
-0.00376774
-0.00349004
-0.00322118
-0.00296139
-0.00271091
-0.00246997
-0.00223881
-0.00201766
-0.00180676
-0.00160635
-0.00141666
-0.00123794
-0.00107042
-0.000914329
-0.000769882
-0.000637289
-0.000516732
-0.000408357
-0.000312265
-0.000228481
-0.000156883
-9.73707e-05
-5.0805e-05
-1.28925e-05
3.38344e-05
-0.01604
-0.0122332
-0.0120723
-0.0121737
-0.0121081
-0.012004
-0.0118877
-0.0117603
-0.0116239
-0.0114798
-0.0113287
-0.0111711
-0.0110075
-0.0108382
-0.0106637
-0.0104843
-0.0103003
-0.010112
-0.00991984
-0.00972408
-0.00952504
-0.00932303
-0.00911835
-0.00891126
-0.00870203
-0.00849091
-0.00827814
-0.00806395
-0.00784857
-0.00763222
-0.00741512
-0.00719748
-0.00697951
-0.00676142
-0.00654341
-0.0063257
-0.00610848
-0.00589196
-0.00567635
-0.00546184
-0.00524864
-0.00503695
-0.00482697
-0.0046189
-0.00441294
-0.00420928
-0.00400814
-0.00380969
-0.00361416
-0.00342172
-0.00323258
-0.00304693
-0.00286496
-0.00268689
-0.00251288
-0.00234315
-0.00217789
-0.00201727
-0.00186151
-0.00171078
-0.00156527
-0.00142518
-0.00129069
-0.00116199
-0.00103926
-0.000922677
-0.00081243
-0.000708689
-0.000611622
-0.000521385
-0.000438115
-0.000361917
-0.00029285
-0.000230899
-0.000175931
-0.000127614
-8.57509e-05
-5.1452e-05
-1.79892e-05
4.62785e-05
-0.0206729
-0.0137342
-0.0121119
-0.0117672
-0.0114241
-0.0111722
-0.0109945
-0.0108486
-0.0107173
-0.0105923
-0.010468
-0.0103415
-0.0102109
-0.0100755
-0.00993482
-0.00978883
-0.00963759
-0.0094813
-0.00932019
-0.00915451
-0.00898454
-0.00881056
-0.00863283
-0.00845163
-0.00826722
-0.00807985
-0.00788979
-0.00769728
-0.00750257
-0.00730591
-0.00710754
-0.0069077
-0.00670663
-0.00650457
-0.00630176
-0.00609843
-0.00589481
-0.00569115
-0.00548767
-0.0052846
-0.00508218
-0.00488064
-0.00468019
-0.00448108
-0.00428352
-0.00408774
-0.00389398
-0.00370244
-0.00351335
-0.00332694
-0.00314342
-0.00296301
-0.00278593
-0.00261241
-0.00244264
-0.00227685
-0.00211525
-0.00195806
-0.00180547
-0.00165771
-0.00151497
-0.00137746
-0.00124539
-0.00111895
-0.000998345
-0.000883773
-0.000775425
-0.00067349
-0.000578152
-0.000489587
-0.000407962
-0.000333425
-0.000266104
-0.000206092
-0.000153383
-0.000107755
-6.95154e-05
-3.95176e-05
-2.88284e-06
5.35849e-05
-0.0233314
-0.015146
-0.012572
-0.0118411
-0.0113016
-0.0109335
-0.0106901
-0.0105083
-0.0103597
-0.0102293
-0.0101074
-0.00998814
-0.00986786
-0.0097445
-0.00961692
-0.00948451
-0.00934705
-0.00920449
-0.00905692
-0.00890452
-0.00874747
-0.00858602
-0.0084204
-0.00825086
-0.00807765
-0.00790103
-0.00772125
-0.00753857
-0.00735323
-0.0071655
-0.00697562
-0.00678384
-0.00659042
-0.00639562
-0.00619966
-0.00600282
-0.00580532
-0.00560743
-0.00540938
-0.00521141
-0.00501379
-0.00481673
-0.00462049
-0.0044253
-0.00423141
-0.00403905
-0.00384846
-0.00365988
-0.00347353
-0.00328965
-0.00310847
-0.00293022
-0.00275513
-0.00258344
-0.00241535
-0.0022511
-0.00209092
-0.00193501
-0.00178361
-0.00163692
-0.00149516
-0.00135855
-0.0012273
-0.00110162
-0.000981703
-0.000867766
-0.000760006
-0.000658621
-0.000563804
-0.000475745
-0.000394627
-0.000320628
-0.000253913
-0.000194639
-0.00014288
-9.85479e-05
-6.21515e-05
-3.37097e-05
2.87219e-06
5.12602e-05
-0.0242626
-0.0156018
-0.0127455
-0.0118902
-0.0112658
-0.0108374
-0.0105558
-0.0103512
-0.0101899
-0.0100538
-0.00993092
-0.00981371
-0.00969749
-0.00957942
-0.00945786
-0.00933188
-0.00920102
-0.00906513
-0.00892418
-0.00877828
-0.00862759
-0.00847232
-0.00831268
-0.00814892
-0.00798127
-0.00780998
-0.00763532
-0.00745753
-0.00727687
-0.0070936
-0.00690796
-0.00672023
-0.00653066
-0.00633949
-0.006147
-0.00595342
-0.00575902
-0.00556404
-0.00536875
-0.00517338
-0.00497819
-0.00478343
-0.00458935
-0.00439618
-0.00420417
-0.00401358
-0.00382463
-0.00363758
-0.00345266
-0.0032701
-0.00309016
-0.00291305
-0.00273902
-0.00256829
-0.00240111
-0.00223769
-0.00207827
-0.00192306
-0.0017723
-0.00162621
-0.001485
-0.0013489
-0.00121811
-0.00109285
-0.000973331
-0.000859761
-0.000752345
-0.000651284
-0.000556777
-0.000469023
-0.000388213
-0.000314538
-0.000248184
-0.000189328
-0.000138065
-9.43473e-05
-5.87591e-05
-3.10089e-05
5.24416e-06
5.09241e-05
-0.0242626
-0.0156018
-0.0127455
-0.0118902
-0.0112658
-0.0108374
-0.0105558
-0.0103512
-0.0101899
-0.0100538
-0.00993092
-0.00981371
-0.00969749
-0.00957942
-0.00945785
-0.00933188
-0.00920102
-0.00906513
-0.00892418
-0.00877828
-0.00862759
-0.00847232
-0.00831268
-0.00814892
-0.00798127
-0.00780998
-0.00763532
-0.00745753
-0.00727687
-0.0070936
-0.00690796
-0.00672023
-0.00653066
-0.00633949
-0.006147
-0.00595342
-0.00575902
-0.00556404
-0.00536875
-0.00517338
-0.00497819
-0.00478343
-0.00458935
-0.00439618
-0.00420417
-0.00401358
-0.00382463
-0.00363758
-0.00345266
-0.0032701
-0.00309016
-0.00291305
-0.00273902
-0.00256829
-0.00240111
-0.00223769
-0.00207827
-0.00192306
-0.0017723
-0.00162621
-0.001485
-0.0013489
-0.00121811
-0.00109285
-0.000973331
-0.000859761
-0.000752345
-0.000651284
-0.000556777
-0.000469023
-0.000388213
-0.000314538
-0.000248184
-0.000189328
-0.000138065
-9.43473e-05
-5.87591e-05
-3.10089e-05
5.24414e-06
5.09241e-05
-0.0233314
-0.015146
-0.012572
-0.0118411
-0.0113016
-0.0109335
-0.0106901
-0.0105083
-0.0103597
-0.0102293
-0.0101074
-0.00998814
-0.00986786
-0.0097445
-0.00961692
-0.00948451
-0.00934705
-0.00920449
-0.00905692
-0.00890452
-0.00874747
-0.00858602
-0.0084204
-0.00825086
-0.00807765
-0.00790103
-0.00772125
-0.00753857
-0.00735323
-0.0071655
-0.00697562
-0.00678384
-0.00659042
-0.00639562
-0.00619966
-0.00600282
-0.00580532
-0.00560743
-0.00540938
-0.00521141
-0.00501379
-0.00481673
-0.00462049
-0.0044253
-0.00423141
-0.00403905
-0.00384846
-0.00365988
-0.00347353
-0.00328965
-0.00310847
-0.00293022
-0.00275513
-0.00258344
-0.00241535
-0.0022511
-0.00209092
-0.00193501
-0.00178361
-0.00163692
-0.00149516
-0.00135855
-0.0012273
-0.00110162
-0.000981703
-0.000867766
-0.000760006
-0.000658621
-0.000563804
-0.000475745
-0.000394627
-0.000320628
-0.000253913
-0.000194639
-0.00014288
-9.85479e-05
-6.21515e-05
-3.37097e-05
2.87216e-06
5.12601e-05
-0.0206729
-0.0137342
-0.0121119
-0.0117672
-0.0114241
-0.0111722
-0.0109945
-0.0108486
-0.0107173
-0.0105923
-0.010468
-0.0103415
-0.0102109
-0.0100755
-0.00993482
-0.00978883
-0.00963759
-0.0094813
-0.00932019
-0.00915451
-0.00898454
-0.00881056
-0.00863283
-0.00845163
-0.00826722
-0.00807985
-0.00788979
-0.00769728
-0.00750257
-0.00730591
-0.00710754
-0.0069077
-0.00670663
-0.00650457
-0.00630176
-0.00609843
-0.00589481
-0.00569115
-0.00548767
-0.0052846
-0.00508218
-0.00488064
-0.00468019
-0.00448108
-0.00428352
-0.00408774
-0.00389398
-0.00370244
-0.00351335
-0.00332694
-0.00314342
-0.00296301
-0.00278593
-0.00261241
-0.00244264
-0.00227685
-0.00211525
-0.00195806
-0.00180547
-0.00165771
-0.00151497
-0.00137746
-0.00124539
-0.00111895
-0.000998345
-0.000883773
-0.000775425
-0.00067349
-0.000578152
-0.000489587
-0.000407962
-0.000333425
-0.000266104
-0.000206092
-0.000153383
-0.000107755
-6.95154e-05
-3.95176e-05
-2.8828e-06
5.3585e-05
-0.01604
-0.0122332
-0.0120723
-0.0121737
-0.0121081
-0.012004
-0.0118877
-0.0117603
-0.0116239
-0.0114798
-0.0113287
-0.0111711
-0.0110075
-0.0108382
-0.0106637
-0.0104843
-0.0103003
-0.010112
-0.00991984
-0.00972408
-0.00952504
-0.00932303
-0.00911835
-0.00891126
-0.00870203
-0.00849091
-0.00827814
-0.00806395
-0.00784857
-0.00763222
-0.00741512
-0.00719748
-0.00697951
-0.00676142
-0.00654341
-0.0063257
-0.00610848
-0.00589196
-0.00567635
-0.00546184
-0.00524864
-0.00503695
-0.00482697
-0.0046189
-0.00441294
-0.00420928
-0.00400814
-0.00380969
-0.00361416
-0.00342172
-0.00323258
-0.00304693
-0.00286496
-0.00268689
-0.00251288
-0.00234315
-0.00217789
-0.00201727
-0.00186151
-0.00171078
-0.00156527
-0.00142518
-0.00129069
-0.00116199
-0.00103926
-0.000922677
-0.00081243
-0.000708689
-0.000611623
-0.000521385
-0.000438115
-0.000361917
-0.00029285
-0.000230899
-0.000175931
-0.000127614
-8.57508e-05
-5.1452e-05
-1.79896e-05
4.62779e-05
-0.0015867
-0.00144417
-0.00167133
-0.00187793
-0.00196522
-0.00199378
-0.00200128
-0.00200399
-0.00200958
-0.00202042
-0.00203604
-0.00205485
-0.00207502
-0.00209493
-0.00211329
-0.00212919
-0.00214202
-0.00215146
-0.00215732
-0.00215957
-0.00215825
-0.00215343
-0.00214524
-0.00213378
-0.0021192
-0.00210161
-0.00208113
-0.00205789
-0.00203201
-0.00200361
-0.0019728
-0.0019397
-0.00190443
-0.00186711
-0.00182785
-0.00178678
-0.00174402
-0.00169969
-0.00165391
-0.00160681
-0.00155851
-0.00150913
-0.00145881
-0.00140765
-0.0013558
-0.00130337
-0.0012505
-0.00119729
-0.00114389
-0.00109041
-0.00103698
-0.000983716
-0.000930745
-0.000878187
-0.000826161
-0.000774786
-0.000724179
-0.000674456
-0.000625733
-0.000578121
-0.000531732
-0.000486676
-0.000443061
-0.000400991
-0.00036057
-0.000321901
-0.000285081
-0.000250207
-0.000217371
-0.000186659
-0.000158151
-0.00013191
-0.000107985
-8.63959e-05
-6.71169e-05
-5.00289e-05
-3.53611e-05
-2.49993e-05
-1.17088e-05
4.26926e-05
-0.00328694
-0.00154265
-0.00102004
-0.000944227
-0.000905185
-0.000896312
-0.000915191
-0.000951237
-0.00099888
-0.00105418
-0.00111367
-0.00117456
-0.00123479
-0.00129283
-0.00134765
-0.00139859
-0.00144521
-0.00148732
-0.00152481
-0.00155767
-0.00158596
-0.00160977
-0.0016292
-0.00164436
-0.00165538
-0.0016624
-0.00166554
-0.00166494
-0.00166074
-0.00165306
-0.00164205
-0.00162785
-0.00161059
-0.00159043
-0.0015675
-0.00154195
-0.00151392
-0.00148357
-0.00145104
-0.00141649
-0.00138005
-0.00134189
-0.00130214
-0.00126097
-0.00121852
-0.00117495
-0.00113039
-0.001085
-0.00103894
-0.000992337
-0.000945349
-0.00089812
-0.000850793
-0.000803512
-0.000756417
-0.000709649
-0.000663346
-0.000617644
-0.000572678
-0.000528578
-0.000485475
-0.000443497
-0.000402769
-0.000363412
-0.000325546
-0.000289288
-0.000254752
-0.000222046
-0.000191278
-0.000162547
-0.000135948
-0.000111568
-8.94826e-05
-6.97587e-05
-5.23951e-05
-3.72526e-05
-2.50289e-05
-1.71819e-05
2.43738e-06
4.28041e-05
-0.00425644
-0.00190491
-0.00093613
-0.000653347
-0.000506935
-0.000444851
-0.000443745
-0.000478176
-0.000534013
-0.000602611
-0.000677841
-0.00075548
-0.000832708
-0.000907673
-0.000979179
-0.00104648
-0.00110914
-0.00116691
-0.00121968
-0.00126742
-0.00131016
-0.00134797
-0.00138094
-0.00140917
-0.00143279
-0.00145191
-0.00146668
-0.00147722
-0.00148367
-0.00148619
-0.00148491
-0.00147999
-0.00147158
-0.00145983
-0.0014449
-0.00142695
-0.00140612
-0.0013826
-0.00135652
-0.00132807
-0.00129739
-0.00126466
-0.00123003
-0.00119367
-0.00115574
-0.0011164
-0.00107582
-0.00103416
-0.000991567
-0.000948214
-0.000904257
-0.000859851
-0.000815152
-0.000770315
-0.000725491
-0.000680833
-0.000636487
-0.000592602
-0.00054932
-0.000506784
-0.000465134
-0.000424506
-0.000385033
-0.000346847
-0.000310076
-0.000274844
-0.000241271
-0.000209476
-0.00017957
-0.000151664
-0.000125862
-0.000102261
-8.09562e-05
-6.20404e-05
-4.55419e-05
-3.14059e-05
-2.0482e-05
-1.32441e-05
7.14304e-06
3.60809e-05
-0.00462167
-0.00207061
-0.000932611
-0.000554467
-0.000346201
-0.000246664
-0.000226353
-0.000253172
-0.000308423
-0.00038059
-0.000461728
-0.000546513
-0.00063149
-0.000714448
-0.000793999
-0.000869292
-0.000939826
-0.00100532
-0.00106564
-0.00112074
-0.00117065
-0.0012154
-0.0012551
-0.00128983
-0.00131971
-0.00134486
-0.00136542
-0.00138152
-0.00139331
-0.00140092
-0.00140452
-0.00140425
-0.00140028
-0.00139275
-0.00138184
-0.00136771
-0.00135051
-0.00133043
-0.00130761
-0.00128224
-0.00125448
-0.0012245
-0.00119247
-0.00115856
-0.00112293
-0.00108576
-0.00104721
-0.00100745
-0.000966648
-0.000924968
-0.000882574
-0.000839629
-0.000796293
-0.000752728
-0.00070909
-0.000665535
-0.000622218
-0.00057929
-0.0005369
-0.000495196
-0.00045432
-0.000414415
-0.000375618
-0.000338065
-0.000301887
-0.000267213
-0.000234168
-0.000202873
-0.000173444
-0.000145996
-0.000120638
-9.7473e-05
-7.66049e-05
-5.81365e-05
-4.21033e-05
-2.84857e-05
-1.8212e-05
-1.13995e-05
8.85082e-06
3.41313e-05
-0.00462167
-0.00207061
-0.000932611
-0.000554467
-0.000346201
-0.000246664
-0.000226353
-0.000253172
-0.000308423
-0.00038059
-0.000461728
-0.000546513
-0.00063149
-0.000714448
-0.000793999
-0.000869292
-0.000939826
-0.00100532
-0.00106564
-0.00112074
-0.00117065
-0.0012154
-0.0012551
-0.00128983
-0.00131971
-0.00134486
-0.00136542
-0.00138152
-0.00139331
-0.00140092
-0.00140452
-0.00140425
-0.00140028
-0.00139275
-0.00138184
-0.00136771
-0.00135051
-0.00133043
-0.00130761
-0.00128224
-0.00125448
-0.0012245
-0.00119247
-0.00115856
-0.00112293
-0.00108576
-0.00104721
-0.00100745
-0.000966648
-0.000924968
-0.000882574
-0.000839629
-0.000796293
-0.000752728
-0.00070909
-0.000665535
-0.000622218
-0.00057929
-0.0005369
-0.000495196
-0.00045432
-0.000414415
-0.000375618
-0.000338065
-0.000301887
-0.000267213
-0.000234168
-0.000202873
-0.000173444
-0.000145996
-0.000120638
-9.7473e-05
-7.6605e-05
-5.81365e-05
-4.21034e-05
-2.84857e-05
-1.8212e-05
-1.13996e-05
8.85082e-06
3.41314e-05
-0.00425644
-0.00190491
-0.00093613
-0.000653347
-0.000506935
-0.000444851
-0.000443745
-0.000478176
-0.000534013
-0.000602611
-0.000677841
-0.00075548
-0.000832708
-0.000907673
-0.000979179
-0.00104648
-0.00110914
-0.00116691
-0.00121968
-0.00126742
-0.00131016
-0.00134797
-0.00138094
-0.00140917
-0.00143279
-0.00145191
-0.00146668
-0.00147722
-0.00148367
-0.00148619
-0.00148491
-0.00147999
-0.00147158
-0.00145983
-0.0014449
-0.00142695
-0.00140612
-0.0013826
-0.00135652
-0.00132807
-0.00129739
-0.00126466
-0.00123003
-0.00119367
-0.00115574
-0.0011164
-0.00107582
-0.00103416
-0.000991567
-0.000948214
-0.000904257
-0.000859851
-0.000815152
-0.000770315
-0.000725491
-0.000680833
-0.000636487
-0.000592602
-0.00054932
-0.000506784
-0.000465134
-0.000424506
-0.000385033
-0.000346847
-0.000310076
-0.000274844
-0.000241271
-0.000209476
-0.00017957
-0.000151664
-0.000125862
-0.000102261
-8.09562e-05
-6.20404e-05
-4.55419e-05
-3.14059e-05
-2.0482e-05
-1.32441e-05
7.14314e-06
3.6081e-05
-0.00328694
-0.00154265
-0.00102004
-0.000944227
-0.000905185
-0.000896312
-0.000915191
-0.000951237
-0.00099888
-0.00105418
-0.00111367
-0.00117456
-0.00123479
-0.00129283
-0.00134765
-0.00139859
-0.00144521
-0.00148732
-0.00152481
-0.00155767
-0.00158596
-0.00160977
-0.0016292
-0.00164436
-0.00165538
-0.0016624
-0.00166554
-0.00166494
-0.00166074
-0.00165306
-0.00164205
-0.00162785
-0.00161059
-0.00159043
-0.0015675
-0.00154195
-0.00151392
-0.00148357
-0.00145104
-0.00141649
-0.00138005
-0.00134189
-0.00130214
-0.00126097
-0.00121852
-0.00117495
-0.00113039
-0.001085
-0.00103894
-0.000992337
-0.000945349
-0.00089812
-0.000850793
-0.000803512
-0.000756417
-0.00070965
-0.000663347
-0.000617644
-0.000572678
-0.000528578
-0.000485475
-0.000443497
-0.000402769
-0.000363412
-0.000325546
-0.000289288
-0.000254752
-0.000222046
-0.000191278
-0.000162547
-0.000135948
-0.000111568
-8.94826e-05
-6.97587e-05
-5.23951e-05
-3.72526e-05
-2.50289e-05
-1.71818e-05
2.43756e-06
4.28043e-05
-0.0015867
-0.00144417
-0.00167133
-0.00187793
-0.00196522
-0.00199378
-0.00200128
-0.00200399
-0.00200958
-0.00202042
-0.00203604
-0.00205485
-0.00207502
-0.00209493
-0.00211329
-0.00212919
-0.00214202
-0.00215146
-0.00215732
-0.00215957
-0.00215825
-0.00215343
-0.00214524
-0.00213378
-0.0021192
-0.00210161
-0.00208113
-0.00205789
-0.00203201
-0.00200361
-0.0019728
-0.0019397
-0.00190443
-0.00186711
-0.00182785
-0.00178678
-0.00174402
-0.00169969
-0.00165391
-0.00160681
-0.00155851
-0.00150913
-0.00145881
-0.00140765
-0.0013558
-0.00130337
-0.0012505
-0.00119729
-0.00114389
-0.00109041
-0.00103698
-0.000983716
-0.000930745
-0.000878187
-0.000826161
-0.000774785
-0.000724179
-0.000674456
-0.000625733
-0.000578121
-0.000531732
-0.000486676
-0.000443061
-0.000400991
-0.00036057
-0.000321901
-0.000285081
-0.000250207
-0.000217371
-0.00018666
-0.000158151
-0.000131911
-0.000107985
-8.63961e-05
-6.71171e-05
-5.00292e-05
-3.53613e-05
-2.49993e-05
-1.1709e-05
4.26919e-05
0.0108531
0.0075919
0.00718655
0.00706009
0.00692081
0.0068237
0.00673905
0.00664433
0.00653197
0.00640148
0.00625569
0.00609856
0.00593391
0.0057649
0.00559394
0.00542277
0.00525255
0.00508406
0.00491775
0.00475393
0.00459276
0.00443433
0.00427869
0.00412587
0.00397591
0.0038288
0.00368457
0.00354323
0.00340479
0.00326926
0.00313665
0.00300696
0.00288021
0.00275639
0.0026355
0.00251754
0.0024025
0.00229038
0.00218116
0.00207483
0.00197138
0.00187079
0.00177305
0.00167813
0.00158601
0.00149669
0.00141013
0.00132631
0.00124522
0.00116684
0.00109114
0.0010181
0.000947702
0.000879931
0.000814766
0.00075219
0.000692187
0.000634743
0.000579844
0.000527478
0.000477636
0.000430309
0.000385491
0.000343176
0.000303362
0.000266046
0.000231228
0.000198906
0.000169076
0.000141732
0.000116856
9.44174e-05
7.43574e-05
5.65731e-05
4.09082e-05
2.71621e-05
1.46826e-05
1.27397e-06
-7.14594e-06
2.27807e-05
0.0121313
0.00880405
0.0084222
0.00837243
0.00818914
0.00801493
0.00784931
0.00767649
0.00749399
0.0073028
0.00710501
0.00690296
0.00669879
0.00649419
0.00629046
0.0060885
0.00588897
0.00569229
0.00549874
0.00530851
0.00512171
0.00493842
0.00475869
0.00458257
0.00441006
0.00424119
0.00407598
0.00391443
0.00375655
0.00360234
0.00345179
0.00330491
0.00316167
0.00302206
0.00288608
0.00275368
0.00262487
0.0024996
0.00237784
0.00225958
0.00214477
0.00203338
0.00192538
0.00182072
0.00171938
0.00162131
0.00152647
0.00143482
0.00134634
0.00126096
0.00117867
0.00109941
0.00102315
0.000949857
0.000879493
0.000812022
0.000747412
0.00068563
0.000626647
0.000570435
0.000516968
0.000466221
0.000418172
0.000372802
0.000330094
0.000290032
0.000252604
0.000217796
0.000185599
0.000155999
0.000128982
0.000104525
8.25905e-05
6.31113e-05
4.60208e-05
3.12625e-05
1.78154e-05
3.79804e-06
2.38045e-06
1.44956e-05
0.0133623
0.00974247
0.00907444
0.00897176
0.00877768
0.00858083
0.00838544
0.00818112
0.00796856
0.00775021
0.00752831
0.00730486
0.00708145
0.00685923
0.00663907
0.00642154
0.00620708
0.00599598
0.00578844
0.00558462
0.00538461
0.0051885
0.00499635
0.00480819
0.00462407
0.00444399
0.00426799
0.00409605
0.00392819
0.00376441
0.00360469
0.00344902
0.00329737
0.00314974
0.00300609
0.00286639
0.00273061
0.00259871
0.00247066
0.00234641
0.00222592
0.00210915
0.00199605
0.00188657
0.00178067
0.00167829
0.0015794
0.00148393
0.00139185
0.00130309
0.00121762
0.00113538
0.00105633
0.000980413
0.000907593
0.000837824
0.000771062
0.000707268
0.000646401
0.000588424
0.000533304
0.000481008
0.000431504
0.000384767
0.000340771
0.000299494
0.000260916
0.000225021
0.000191794
0.000161221
0.000133288
0.000107979
8.52673e-05
6.51033e-05
4.74534e-05
3.22514e-05
1.83827e-05
4.75053e-06
4.30157e-06
3.92632e-06
0.0137208
0.00995184
0.00926328
0.00919924
0.00902967
0.00883887
0.00863986
0.00842695
0.00820368
0.00797416
0.00774146
0.00750789
0.00727507
0.00704408
0.00681566
0.00659029
0.00636831
0.00614995
0.00593539
0.00572474
0.00551812
0.00531559
0.00511721
0.00492302
0.00473307
0.00454737
0.00436595
0.0041888
0.00401592
0.00384733
0.00368299
0.00352289
0.00336702
0.00321534
0.00306782
0.00292444
0.00278514
0.0026499
0.00251866
0.00239138
0.00226802
0.00214852
0.00203284
0.00192091
0.0018127
0.00170814
0.00160718
0.00150977
0.00141585
0.00132537
0.00123827
0.00115451
0.00107402
0.000996759
0.000922677
0.000851723
0.00078385
0.000719014
0.00065717
0.000598277
0.000542296
0.00048919
0.000438926
0.000391471
0.000346798
0.000304882
0.000265699
0.00022923
0.00019546
0.000164373
0.000135957
0.000110197
8.707e-05
6.65323e-05
4.85594e-05
3.30646e-05
1.88657e-05
5.16995e-06
4.71591e-06
4.2484e-07
0.0137208
0.00995184
0.00926328
0.00919924
0.00902967
0.00883887
0.00863986
0.00842695
0.00820368
0.00797416
0.00774146
0.00750789
0.00727507
0.00704408
0.00681566
0.00659029
0.00636831
0.00614995
0.00593539
0.00572474
0.00551812
0.00531559
0.00511721
0.00492302
0.00473307
0.00454737
0.00436595
0.0041888
0.00401592
0.00384733
0.00368299
0.00352289
0.00336702
0.00321534
0.00306782
0.00292444
0.00278514
0.0026499
0.00251866
0.00239138
0.00226802
0.00214852
0.00203284
0.00192091
0.0018127
0.00170814
0.00160718
0.00150977
0.00141585
0.00132537
0.00123827
0.00115451
0.00107402
0.000996759
0.000922677
0.000851723
0.00078385
0.000719014
0.00065717
0.000598277
0.000542296
0.00048919
0.000438926
0.000391471
0.000346798
0.000304882
0.000265699
0.00022923
0.00019546
0.000164373
0.000135957
0.000110197
8.70699e-05
6.65323e-05
4.85594e-05
3.30646e-05
1.88657e-05
5.16989e-06
4.71589e-06
4.24941e-07
0.0133623
0.00974247
0.00907444
0.00897176
0.00877768
0.00858083
0.00838544
0.00818112
0.00796856
0.00775021
0.00752831
0.00730486
0.00708145
0.00685923
0.00663907
0.00642154
0.00620708
0.00599598
0.00578844
0.00558462
0.00538461
0.0051885
0.00499635
0.00480819
0.00462407
0.00444399
0.00426799
0.00409605
0.00392819
0.00376441
0.00360469
0.00344902
0.00329737
0.00314974
0.00300609
0.00286639
0.00273061
0.00259871
0.00247066
0.00234641
0.00222592
0.00210915
0.00199605
0.00188657
0.00178067
0.00167829
0.0015794
0.00148393
0.00139185
0.00130309
0.00121762
0.00113538
0.00105633
0.000980413
0.000907593
0.000837824
0.000771062
0.000707268
0.000646401
0.000588424
0.000533304
0.000481008
0.000431504
0.000384767
0.000340771
0.000299494
0.000260916
0.000225021
0.000191794
0.000161221
0.000133288
0.000107979
8.52673e-05
6.51033e-05
4.74534e-05
3.22514e-05
1.83827e-05
4.75044e-06
4.30154e-06
3.92644e-06
0.0121313
0.00880405
0.0084222
0.00837243
0.00818914
0.00801493
0.00784931
0.00767649
0.00749399
0.0073028
0.00710501
0.00690296
0.00669879
0.00649419
0.00629046
0.0060885
0.00588897
0.00569229
0.00549874
0.00530851
0.00512171
0.00493842
0.00475869
0.00458257
0.00441006
0.00424119
0.00407598
0.00391443
0.00375655
0.00360234
0.00345179
0.00330491
0.00316167
0.00302206
0.00288608
0.00275368
0.00262487
0.0024996
0.00237784
0.00225958
0.00214477
0.00203338
0.00192538
0.00182072
0.00171938
0.00162131
0.00152647
0.00143482
0.00134634
0.00126096
0.00117867
0.00109941
0.00102315
0.000949857
0.000879493
0.000812022
0.000747412
0.00068563
0.000626647
0.000570435
0.000516968
0.000466221
0.000418172
0.000372802
0.000330094
0.000290032
0.000252604
0.000217796
0.000185599
0.000155999
0.000128982
0.000104525
8.25905e-05
6.31113e-05
4.60208e-05
3.12625e-05
1.78154e-05
3.7979e-06
2.3805e-06
1.44956e-05
0.0108531
0.0075919
0.00718655
0.00706009
0.00692081
0.0068237
0.00673905
0.00664433
0.00653197
0.00640148
0.00625569
0.00609856
0.00593391
0.0057649
0.00559394
0.00542277
0.00525255
0.00508406
0.00491775
0.00475393
0.00459276
0.00443433
0.00427869
0.00412587
0.00397591
0.0038288
0.00368457
0.00354323
0.00340479
0.00326926
0.00313665
0.00300696
0.00288021
0.00275639
0.0026355
0.00251754
0.0024025
0.00229038
0.00218116
0.00207483
0.00197138
0.00187079
0.00177305
0.00167813
0.00158601
0.00149669
0.00141013
0.00132631
0.00124522
0.00116684
0.00109114
0.0010181
0.000947702
0.000879931
0.000814766
0.00075219
0.000692187
0.000634743
0.000579844
0.000527479
0.000477637
0.00043031
0.000385491
0.000343176
0.000303362
0.000266046
0.000231228
0.000198906
0.000169077
0.000141732
0.000116857
9.44176e-05
7.43575e-05
5.65731e-05
4.09083e-05
2.71622e-05
1.46825e-05
1.27352e-06
-7.14609e-06
2.27807e-05
0.0211911
0.015439
0.0149932
0.0150052
0.014872
0.0147596
0.0146367
0.0144774
0.01428
0.01405
0.013795
0.013522
0.0132368
0.0129438
0.0126462
0.012346
0.0120447
0.0117432
0.0114421
0.0111418
0.0108426
0.0105448
0.0102484
0.00995381
0.00966103
0.00937025
0.00908163
0.0087953
0.00851142
0.00823013
0.00795158
0.0076759
0.00740322
0.00713368
0.00686741
0.00660453
0.00634516
0.00608941
0.00583741
0.00558926
0.00534507
0.00510495
0.00486902
0.00463736
0.00441009
0.0041873
0.00396911
0.0037556
0.00354689
0.00334306
0.00314423
0.00295048
0.00276193
0.00257867
0.00240081
0.00222845
0.00206168
0.00190063
0.00174539
0.00159606
0.00145277
0.00131562
0.00118471
0.00106017
0.000942109
0.000830637
0.000725872
0.000627922
0.000536894
0.000452881
0.000375957
0.000306163
0.000243483
0.000187811
0.000138914
9.64063e-05
5.94362e-05
2.60232e-05
-5.24466e-07
-1.28888e-06
0.0244949
0.0174759
0.0166871
0.0166141
0.0162649
0.0159586
0.015685
0.0154062
0.0151162
0.0148156
0.0145063
0.0141907
0.0138709
0.0135485
0.0132249
0.0129008
0.0125769
0.0122538
0.0119317
0.011611
0.0112919
0.0109746
0.0106593
0.0103461
0.0100354
0.00972707
0.00942146
0.00911868
0.00881887
0.00852218
0.00822875
0.00793872
0.00765221
0.00736934
0.00709024
0.00681503
0.00654381
0.00627669
0.00601378
0.00575518
0.00550098
0.0052513
0.00500621
0.00476582
0.00453022
0.00429949
0.00407373
0.00385302
0.00363745
0.00342712
0.0032221
0.00302249
0.00282837
0.00263983
0.00245696
0.00227985
0.00210859
0.00194328
0.001784
0.00163084
0.00148391
0.00134331
0.00120912
0.00108146
0.000960418
0.000846103
0.00073862
0.000638071
0.000544559
0.000458183
0.000379032
0.000307182
0.000242677
0.000185512
0.000135628
9.2868e-05
5.61835e-05
2.37138e-05
2.97086e-06
-1.38459e-05
0.0276155
0.0195339
0.0178365
0.0174754
0.0169904
0.0165776
0.0162209
0.0158775
0.0155379
0.0151993
0.0148608
0.0145222
0.0141837
0.0138454
0.0135078
0.0131709
0.012835
0.0125003
0.0121672
0.0118356
0.011506
0.0111784
0.0108532
0.0105303
0.0102101
0.00989275
0.00957834
0.00926707
0.00895909
0.00865452
0.00835352
0.00805622
0.00776273
0.00747318
0.00718768
0.00690634
0.00662926
0.00635656
0.00608833
0.00582465
0.00556564
0.00531136
0.00506192
0.0048174
0.00457789
0.00434346
0.00411419
0.00389018
0.0036715
0.00345822
0.00325044
0.00304822
0.00285165
0.00266082
0.00247579
0.00229665
0.0021235
0.0019564
0.00179544
0.00164072
0.00149232
0.00135033
0.00121484
0.00108595
0.000963747
0.000848337
0.000739815
0.000638285
0.000543849
0.000456609
0.000376666
0.000304119
0.000239046
0.000181499
0.000131498
8.89476e-05
5.27719e-05
2.15265e-05
1.80129e-06
-2.49009e-05
0.028575
0.0200772
0.0181965
0.0178154
0.0173097
0.0168668
0.0164815
0.016113
0.0157519
0.0153956
0.0150427
0.0146922
0.0143438
0.0139972
0.013652
0.0133084
0.0129662
0.0126256
0.0122867
0.0119497
0.0116146
0.0112819
0.0109515
0.0106238
0.0102988
0.00997681
0.00965795
0.00934239
0.00903026
0.00872171
0.00841688
0.0081159
0.00781888
0.00752595
0.00723722
0.00695279
0.00667277
0.00639725
0.00612633
0.0058601
0.00559866
0.00534208
0.00509045
0.00484385
0.00460237
0.00436608
0.00413506
0.00390939
0.00368915
0.0034744
0.00326523
0.00306171
0.00286391
0.00267192
0.00248582
0.00230567
0.00213156
0.00196357
0.00180178
0.00164627
0.00149714
0.00135445
0.00121831
0.0010888
0.000966025
0.000850067
0.00074103
0.000639013
0.000544121
0.000456459
0.000376135
0.000303255
0.000237913
0.000180177
0.000130092
8.75563e-05
5.14506e-05
2.05179e-05
9.4846e-07
-2.88906e-05
0.028575
0.0200772
0.0181965
0.0178154
0.0173097
0.0168668
0.0164815
0.016113
0.0157519
0.0153956
0.0150427
0.0146922
0.0143438
0.0139972
0.013652
0.0133084
0.0129662
0.0126256
0.0122867
0.0119497
0.0116146
0.0112819
0.0109515
0.0106238
0.0102988
0.00997681
0.00965795
0.00934239
0.00903026
0.00872171
0.00841688
0.0081159
0.00781888
0.00752595
0.00723722
0.00695279
0.00667277
0.00639725
0.00612633
0.0058601
0.00559866
0.00534208
0.00509045
0.00484385
0.00460237
0.00436608
0.00413506
0.00390939
0.00368915
0.0034744
0.00326523
0.00306171
0.00286391
0.00267192
0.00248582
0.00230567
0.00213156
0.00196357
0.00180178
0.00164627
0.00149714
0.00135445
0.00121831
0.0010888
0.000966025
0.000850067
0.00074103
0.000639013
0.000544121
0.000456459
0.000376135
0.000303255
0.000237913
0.000180177
0.000130092
8.75563e-05
5.14505e-05
2.05178e-05
9.483e-07
-2.88905e-05
0.0276155
0.0195339
0.0178365
0.0174754
0.0169904
0.0165776
0.0162209
0.0158775
0.0155379
0.0151993
0.0148608
0.0145222
0.0141837
0.0138454
0.0135078
0.0131709
0.012835
0.0125003
0.0121672
0.0118356
0.011506
0.0111784
0.0108532
0.0105303
0.0102101
0.00989275
0.00957834
0.00926707
0.00895909
0.00865452
0.00835352
0.00805622
0.00776273
0.00747318
0.00718768
0.00690634
0.00662926
0.00635656
0.00608833
0.00582465
0.00556564
0.00531136
0.00506192
0.0048174
0.00457789
0.00434346
0.00411419
0.00389018
0.0036715
0.00345822
0.00325044
0.00304822
0.00285165
0.00266082
0.00247579
0.00229665
0.0021235
0.0019564
0.00179544
0.00164072
0.00149232
0.00135033
0.00121484
0.00108595
0.000963747
0.000848337
0.000739815
0.000638285
0.000543849
0.000456609
0.000376666
0.000304119
0.000239046
0.000181499
0.000131498
8.89476e-05
5.27718e-05
2.15264e-05
1.80116e-06
-2.49007e-05
0.0244949
0.0174759
0.0166871
0.0166141
0.0162649
0.0159586
0.015685
0.0154062
0.0151162
0.0148156
0.0145063
0.0141907
0.0138709
0.0135485
0.0132249
0.0129008
0.0125769
0.0122538
0.0119317
0.011611
0.0112919
0.0109746
0.0106593
0.0103461
0.0100354
0.00972707
0.00942146
0.00911868
0.00881887
0.00852218
0.00822875
0.00793872
0.00765221
0.00736934
0.00709024
0.00681503
0.00654381
0.00627669
0.00601378
0.00575518
0.00550098
0.0052513
0.00500621
0.00476582
0.00453022
0.00429949
0.00407373
0.00385302
0.00363745
0.00342712
0.0032221
0.00302249
0.00282837
0.00263983
0.00245696
0.00227985
0.00210859
0.00194328
0.001784
0.00163084
0.00148391
0.00134331
0.00120912
0.00108146
0.000960418
0.000846103
0.00073862
0.000638071
0.000544559
0.000458183
0.000379032
0.000307182
0.000242677
0.000185512
0.000135628
9.28678e-05
5.61833e-05
2.37136e-05
2.97087e-06
-1.38461e-05
0.0211911
0.015439
0.0149932
0.0150052
0.014872
0.0147596
0.0146367
0.0144774
0.01428
0.01405
0.013795
0.013522
0.0132368
0.0129438
0.0126462
0.012346
0.0120447
0.0117432
0.0114421
0.0111418
0.0108426
0.0105448
0.0102484
0.00995381
0.00966103
0.00937025
0.00908163
0.0087953
0.00851142
0.00823013
0.00795158
0.0076759
0.00740322
0.00713368
0.00686741
0.00660453
0.00634516
0.00608941
0.00583741
0.00558926
0.00534507
0.00510495
0.00486902
0.00463736
0.00441009
0.0041873
0.00396911
0.0037556
0.00354689
0.00334306
0.00314423
0.00295048
0.00276193
0.00257867
0.00240081
0.00222845
0.00206168
0.00190063
0.00174539
0.00159606
0.00145277
0.00131562
0.00118471
0.00106017
0.000942109
0.000830638
0.000725872
0.000627922
0.000536894
0.000452881
0.000375957
0.000306163
0.000243483
0.000187811
0.000138915
9.64066e-05
5.94367e-05
2.60238e-05
-5.24306e-07
-1.28958e-06
0.0282895
0.0216818
0.0218785
0.0222556
0.0222087
0.0221166
0.021974
0.0217641
0.0214967
0.0211858
0.0208439
0.0204804
0.0201025
0.0197147
0.0193202
0.018921
0.0185185
0.0181134
0.0177064
0.0172978
0.016888
0.0164772
0.0160657
0.0156539
0.0152419
0.01483
0.0144184
0.0140075
0.0135975
0.0131887
0.0127813
0.0123757
0.0119719
0.0115704
0.0111714
0.0107752
0.010382
0.00999202
0.0096056
0.00922298
0.00884442
0.00847017
0.00810049
0.00773565
0.0073759
0.00702151
0.00667273
0.00632982
0.00599305
0.00566268
0.00533896
0.00502216
0.00471255
0.00441037
0.0041159
0.0038294
0.00355113
0.00328135
0.00302033
0.00276833
0.00252561
0.00229244
0.00206907
0.00185578
0.00165283
0.00146046
0.00127895
0.00110854
0.000949487
0.000802009
0.000666321
0.000542601
0.000430976
0.000331496
0.000244107
0.000168635
0.000104627
5.10882e-05
9.13519e-06
-2.05501e-05
0.0312107
0.0232834
0.0236727
0.0240333
0.0236389
0.0232476
0.0228951
0.0225365
0.0221665
0.0217866
0.0213985
0.0210041
0.0206046
0.0202012
0.0197944
0.0193849
0.0189729
0.0185588
0.018143
0.0177256
0.0173069
0.0168872
0.0164668
0.016046
0.015625
0.015204
0.0147834
0.0143635
0.0139445
0.0135266
0.0131101
0.0126954
0.0122826
0.0118721
0.0114641
0.0110589
0.0106567
0.0102577
0.00986241
0.00947091
0.0090835
0.00870047
0.00832206
0.00794855
0.0075802
0.00721728
0.00686006
0.0065088
0.00616377
0.00582523
0.00549346
0.00516872
0.00485128
0.00454139
0.00423934
0.00394538
0.00365978
0.00338281
0.00311473
0.0028558
0.00260629
0.00236646
0.00213658
0.0019169
0.00170768
0.00150919
0.00132169
0.00114541
0.00098063
0.000827577
0.000686492
0.000557601
0.00044111
0.000337201
0.000246034
0.000167737
0.000101969
4.7792e-05
7.78395e-06
-3.02658e-05
0.034761
0.0255409
0.0250248
0.0250738
0.0244454
0.0238619
0.0233727
0.0229188
0.0224828
0.0220576
0.0216385
0.0212227
0.0208081
0.0203934
0.0199778
0.0195608
0.0191422
0.018722
0.0183002
0.0178771
0.0174527
0.0170275
0.0166016
0.0161754
0.0157491
0.0153229
0.0148972
0.0144723
0.0140484
0.0136258
0.0132047
0.0127854
0.0123683
0.0119535
0.0115414
0.0111321
0.010726
0.0103233
0.00992427
0.00952922
0.00913838
0.00875202
0.0083704
0.00799379
0.00762245
0.00725665
0.00689665
0.00654272
0.00619513
0.00585412
0.00551998
0.00519296
0.00487333
0.00456136
0.00425729
0.00396141
0.00367396
0.00339522
0.00312543
0.00286487
0.0026138
0.00237247
0.00214113
0.00192006
0.00170951
0.00150972
0.00132097
0.0011435
0.000977569
0.000823433
0.000681347
0.000551569
0.00043436
0.000329978
0.000238698
0.000160774
9.59427e-05
4.34433e-05
5.09021e-06
-3.61946e-05
0.0357699
0.0260833
0.0254445
0.0254923
0.0248072
0.0241549
0.0236105
0.0231147
0.0226472
0.0221988
0.0217629
0.0213349
0.0209113
0.0204898
0.0200688
0.0196474
0.0192249
0.0188011
0.018376
0.0179497
0.0175223
0.0170941
0.0166653
0.0162361
0.015807
0.0153781
0.0149498
0.0145223
0.0140958
0.0136708
0.0132474
0.0128258
0.0124065
0.0119895
0.0115753
0.0111641
0.010756
0.0103515
0.00995073
0.00955397
0.00916149
0.00877356
0.00839044
0.00801239
0.00763968
0.00727256
0.0069113
0.00655617
0.00620743
0.00586533
0.00553015
0.00520214
0.00488157
0.0045687
0.00426379
0.00396709
0.00367888
0.0033994
0.00312892
0.0028677
0.00261599
0.00237406
0.00214215
0.00192053
0.00170946
0.00150917
0.00131994
0.00114202
0.000975663
0.000821136
0.000678704
0.000548641
0.00043123
0.000326758
0.000235531
0.000157824
9.33745e-05
4.15334e-05
3.754e-06
-3.86848e-05
0.0357699
0.0260833
0.0254445
0.0254923
0.0248072
0.0241549
0.0236105
0.0231147
0.0226472
0.0221988
0.0217629
0.0213349
0.0209113
0.0204898
0.0200688
0.0196474
0.0192249
0.0188011
0.018376
0.0179497
0.0175223
0.0170941
0.0166653
0.0162361
0.015807
0.0153781
0.0149498
0.0145223
0.0140958
0.0136708
0.0132474
0.0128258
0.0124065
0.0119895
0.0115753
0.0111641
0.010756
0.0103515
0.00995073
0.00955397
0.00916149
0.00877356
0.00839044
0.00801239
0.00763968
0.00727256
0.0069113
0.00655617
0.00620743
0.00586533
0.00553015
0.00520214
0.00488157
0.0045687
0.00426379
0.00396709
0.00367888
0.0033994
0.00312892
0.0028677
0.00261599
0.00237406
0.00214215
0.00192053
0.00170946
0.00150917
0.00131994
0.00114202
0.000975663
0.000821136
0.000678704
0.000548641
0.00043123
0.000326758
0.000235531
0.000157824
9.33746e-05
4.15332e-05
3.75239e-06
-3.86854e-05
0.034761
0.0255409
0.0250248
0.0250738
0.0244454
0.0238619
0.0233727
0.0229188
0.0224828
0.0220576
0.0216385
0.0212227
0.0208081
0.0203934
0.0199778
0.0195608
0.0191422
0.018722
0.0183002
0.0178771
0.0174527
0.0170275
0.0166016
0.0161754
0.0157491
0.0153229
0.0148972
0.0144723
0.0140484
0.0136258
0.0132047
0.0127854
0.0123683
0.0119535
0.0115414
0.0111321
0.010726
0.0103233
0.00992427
0.00952922
0.00913838
0.00875202
0.0083704
0.00799379
0.00762245
0.00725665
0.00689665
0.00654272
0.00619513
0.00585412
0.00551998
0.00519296
0.00487333
0.00456136
0.00425729
0.00396141
0.00367396
0.00339522
0.00312543
0.00286487
0.0026138
0.00237247
0.00214113
0.00192006
0.00170951
0.00150972
0.00132097
0.0011435
0.000977569
0.000823433
0.000681347
0.000551569
0.00043436
0.000329978
0.000238698
0.000160774
9.59429e-05
4.3443e-05
5.08884e-06
-3.61955e-05
0.0312107
0.0232834
0.0236727
0.0240333
0.0236389
0.0232476
0.0228951
0.0225365
0.0221665
0.0217866
0.0213985
0.0210041
0.0206046
0.0202012
0.0197944
0.0193849
0.0189729
0.0185588
0.018143
0.0177256
0.0173069
0.0168872
0.0164668
0.016046
0.015625
0.015204
0.0147834
0.0143635
0.0139445
0.0135266
0.0131101
0.0126954
0.0122826
0.0118721
0.0114641
0.0110589
0.0106567
0.0102577
0.00986241
0.00947091
0.0090835
0.00870047
0.00832206
0.00794855
0.0075802
0.00721728
0.00686006
0.0065088
0.00616377
0.00582523
0.00549346
0.00516872
0.00485128
0.00454139
0.00423934
0.00394538
0.00365978
0.00338281
0.00311473
0.0028558
0.00260629
0.00236646
0.00213658
0.0019169
0.00170768
0.00150919
0.00132169
0.00114541
0.00098063
0.000827577
0.000686492
0.0005576
0.00044111
0.000337201
0.000246034
0.000167738
0.000101969
4.77918e-05
7.78411e-06
-3.02667e-05
0.0282895
0.0216818
0.0218785
0.0222556
0.0222087
0.0221166
0.021974
0.0217641
0.0214967
0.0211858
0.0208439
0.0204804
0.0201025
0.0197147
0.0193202
0.018921
0.0185185
0.0181134
0.0177064
0.0172978
0.016888
0.0164772
0.0160657
0.0156539
0.0152419
0.01483
0.0144184
0.0140075
0.0135975
0.0131887
0.0127813
0.0123757
0.0119719
0.0115704
0.0111714
0.0107752
0.010382
0.00999202
0.0096056
0.00922298
0.00884442
0.00847017
0.00810049
0.00773565
0.0073759
0.00702151
0.00667273
0.00632982
0.00599305
0.00566268
0.00533896
0.00502216
0.00471255
0.00441037
0.0041159
0.0038294
0.00355113
0.00328135
0.00302033
0.00276833
0.00252561
0.00229244
0.00206907
0.00185578
0.00165283
0.00146046
0.00127895
0.00110854
0.000949487
0.000802009
0.000666321
0.000542601
0.000430976
0.000331496
0.000244107
0.000168635
0.000104627
5.10893e-05
9.13581e-06
-2.05522e-05
0.0333136
0.0277259
0.0283702
0.0290215
0.0290318
0.028849
0.0285659
0.0282082
0.0277969
0.0273486
0.0268753
0.0263852
0.0258837
0.025374
0.0248585
0.0243384
0.0238149
0.0232885
0.0227599
0.0222294
0.0216974
0.0211644
0.0206306
0.0200964
0.0195621
0.0190281
0.0184948
0.0179623
0.0174311
0.0169016
0.016374
0.0158486
0.0153259
0.014806
0.0142894
0.0137764
0.0132672
0.0127623
0.0122619
0.0117664
0.0112761
0.0107914
0.0103125
0.00983974
0.00937356
0.00891425
0.00846215
0.00801761
0.00758097
0.00715259
0.0067328
0.00632199
0.00592049
0.00552867
0.0051469
0.00477554
0.00441498
0.00406557
0.00372769
0.00340173
0.00308807
0.00278708
0.00249915
0.00222467
0.00196402
0.00171758
0.00148576
0.00126892
0.00106745
0.00088174
0.000712162
0.000559104
0.00042297
0.00030421
0.000203386
0.000121311
5.91131e-05
1.79497e-05
6.57086e-07
-2.94192e-06
0.0358077
0.0294281
0.0301954
0.0306192
0.0302272
0.0297179
0.0291998
0.0286785
0.028158
0.0276392
0.0271212
0.0266029
0.0260835
0.025562
0.0250381
0.0245117
0.0239827
0.0234513
0.0229178
0.0223826
0.0218459
0.0213081
0.0207697
0.0202309
0.0196921
0.0191536
0.0186159
0.0180792
0.0175439
0.0170102
0.0164786
0.0159494
0.0154229
0.0148993
0.0143791
0.0138625
0.0133499
0.0128416
0.012338
0.0118392
0.0113457
0.0108578
0.0103759
0.00990015
0.00943102
0.00896881
0.00851387
0.00806653
0.00762714
0.00719605
0.00677361
0.00636017
0.0059561
0.00556175
0.00517749
0.00480368
0.00444069
0.0040889
0.00374869
0.00342041
0.00310447
0.00280123
0.00251108
0.0022344
0.00197158
0.001723
0.00148905
0.00127011
0.00106658
0.00087885
0.000707332
0.000552461
0.000414717
0.000294663
0.000193017
0.000110764
4.90485e-05
8.72124e-06
-6.45805e-06
-1.93072e-06
0.039417
0.0316294
0.031612
0.0316969
0.0310124
0.0302598
0.0295635
0.028918
0.0283135
0.0277392
0.0271853
0.0266443
0.0261103
0.0255797
0.0250498
0.0245192
0.0239872
0.0234533
0.0229177
0.0223805
0.0218419
0.0213023
0.0207621
0.0202215
0.0196811
0.0191411
0.0186018
0.0180637
0.0175271
0.0169922
0.0164595
0.0159293
0.0154018
0.0148774
0.0143564
0.0138392
0.013326
0.0128172
0.0123131
0.011814
0.0113202
0.0108321
0.01035
0.00987421
0.00940505
0.00894288
0.00848801
0.0080408
0.00760158
0.00717071
0.00674852
0.00633537
0.00593161
0.00553761
0.00515371
0.00478029
0.00441772
0.00406635
0.00372656
0.00339874
0.00308324
0.00278046
0.00249076
0.00221453
0.00195216
0.00170403
0.00147052
0.00125204
0.00104897
0.000861735
0.00069077
0.000536553
0.000399624
0.000280621
0.000180338
9.98211e-05
4.02115e-05
2.32765e-06
-9.90739e-06
-2.06462e-06
0.0405604
0.0322466
0.0321097
0.0321625
0.0313836
0.0305295
0.0297514
0.0290452
0.0283975
0.0277933
0.0272193
0.0266648
0.0261223
0.0255861
0.0250527
0.0245198
0.0239861
0.0234511
0.0229146
0.0223766
0.0218373
0.021297
0.0207561
0.020215
0.0196739
0.0191334
0.0185936
0.018055
0.0175179
0.0169826
0.0164495
0.0159189
0.0153911
0.0148665
0.0143453
0.0138278
0.0133145
0.0128055
0.0123013
0.0118021
0.0113083
0.0108202
0.010338
0.00986225
0.00939313
0.00893101
0.00847622
0.0080291
0.00759
0.00715924
0.00673719
0.00632419
0.00592059
0.00552676
0.00514304
0.0047698
0.00440742
0.00405624
0.00371666
0.00338903
0.00307373
0.00277115
0.00248165
0.00220563
0.00194345
0.00169552
0.00146221
0.00124393
0.00104108
0.000854091
0.000683409
0.000529538
0.000393043
0.000274589
0.000174987
9.52739e-05
3.65825e-05
-2.7875e-07
-1.15745e-05
-2.91683e-06
0.0405604
0.0322466
0.0321097
0.0321625
0.0313836
0.0305295
0.0297514
0.0290452
0.0283975
0.0277933
0.0272193
0.0266648
0.0261223
0.0255861
0.0250527
0.0245198
0.0239861
0.0234511
0.0229146
0.0223766
0.0218373
0.021297
0.0207561
0.020215
0.0196739
0.0191334
0.0185936
0.018055
0.0175179
0.0169826
0.0164495
0.0159189
0.0153911
0.0148665
0.0143453
0.0138278
0.0133145
0.0128055
0.0123013
0.0118021
0.0113083
0.0108202
0.010338
0.00986225
0.00939313
0.00893101
0.00847622
0.0080291
0.00759
0.00715924
0.00673719
0.00632419
0.00592059
0.00552676
0.00514304
0.0047698
0.00440742
0.00405624
0.00371666
0.00338903
0.00307373
0.00277115
0.00248165
0.00220563
0.00194345
0.00169552
0.00146221
0.00124393
0.00104108
0.000854091
0.000683409
0.000529538
0.000393043
0.000274589
0.000174986
9.52743e-05
3.65832e-05
-2.80912e-07
-1.15783e-05
-2.90277e-06
0.039417
0.0316294
0.031612
0.0316969
0.0310124
0.0302598
0.0295635
0.028918
0.0283135
0.0277392
0.0271853
0.0266443
0.0261103
0.0255797
0.0250498
0.0245192
0.0239872
0.0234533
0.0229177
0.0223805
0.0218419
0.0213023
0.0207621
0.0202215
0.0196811
0.0191411
0.0186018
0.0180637
0.0175271
0.0169922
0.0164595
0.0159293
0.0154018
0.0148774
0.0143564
0.0138392
0.013326
0.0128172
0.0123131
0.011814
0.0113202
0.0108321
0.01035
0.00987421
0.00940505
0.00894288
0.00848801
0.0080408
0.00760158
0.00717071
0.00674852
0.00633537
0.00593161
0.00553761
0.00515371
0.00478029
0.00441772
0.00406635
0.00372656
0.00339874
0.00308324
0.00278046
0.00249076
0.00221453
0.00195216
0.00170403
0.00147052
0.00125204
0.00104897
0.000861735
0.00069077
0.000536553
0.000399624
0.000280621
0.000180338
9.98214e-05
4.02113e-05
2.32551e-06
-9.90769e-06
-2.05179e-06
0.0358077
0.0294281
0.0301954
0.0306192
0.0302272
0.0297179
0.0291998
0.0286785
0.028158
0.0276392
0.0271212
0.0266029
0.0260835
0.025562
0.0250381
0.0245117
0.0239827
0.0234513
0.0229178
0.0223826
0.0218459
0.0213081
0.0207697
0.0202309
0.0196921
0.0191536
0.0186159
0.0180792
0.0175439
0.0170102
0.0164786
0.0159494
0.0154229
0.0148993
0.0143791
0.0138625
0.0133499
0.0128416
0.012338
0.0118392
0.0113457
0.0108578
0.0103759
0.00990015
0.00943102
0.00896881
0.00851387
0.00806653
0.00762714
0.00719605
0.00677361
0.00636017
0.0059561
0.00556175
0.00517749
0.00480368
0.00444069
0.0040889
0.00374869
0.00342041
0.00310447
0.00280123
0.00251108
0.0022344
0.00197158
0.001723
0.00148905
0.00127011
0.00106658
0.00087885
0.000707332
0.000552461
0.000414717
0.000294664
0.000193018
0.000110763
4.90473e-05
8.72059e-06
-6.45491e-06
-1.9382e-06
0.0333136
0.0277259
0.0283702
0.0290215
0.0290318
0.028849
0.0285659
0.0282082
0.0277969
0.0273486
0.0268753
0.0263852
0.0258837
0.025374
0.0248585
0.0243384
0.0238149
0.0232885
0.0227599
0.0222294
0.0216974
0.0211644
0.0206306
0.0200964
0.0195621
0.0190281
0.0184948
0.0179623
0.0174311
0.0169016
0.016374
0.0158486
0.0153259
0.014806
0.0142894
0.0137764
0.0132672
0.0127623
0.0122619
0.0117664
0.0112761
0.0107914
0.0103125
0.00983974
0.00937356
0.00891425
0.00846215
0.00801761
0.00758097
0.00715259
0.00673281
0.00632199
0.00592049
0.00552867
0.0051469
0.00477554
0.00441498
0.00406557
0.00372769
0.00340173
0.00308807
0.00278708
0.00249915
0.00222467
0.00196402
0.00171758
0.00148576
0.00126892
0.00106745
0.00088174
0.000712162
0.000559104
0.00042297
0.00030421
0.000203386
0.000121311
5.91129e-05
1.7951e-05
6.57468e-07
-2.94328e-06
)
;

boundaryField
{
    left
    {
        type            zeroGradient;
    }
    right
    {
        type            pressureTraction;
        value           nonuniform List<scalar> 
64
(
2.41704e-05
2.6575e-05
2.67185e-05
2.78647e-05
2.78643e-05
2.67169e-05
2.6575e-05
2.41683e-05
-7.70377e-08
2.18383e-05
2.46002e-05
2.68085e-05
2.68093e-05
2.46016e-05
2.18392e-05
-7.82901e-08
-4.57703e-05
-1.08096e-05
-8.21515e-06
-6.13359e-06
-6.1334e-06
-8.2147e-06
-1.08092e-05
-4.5772e-05
-9.73573e-05
-6.33491e-05
-6.46794e-05
-6.39834e-05
-6.39839e-05
-6.46802e-05
-6.33495e-05
-9.73577e-05
-0.000128122
-0.000109049
-0.000114915
-0.000116
-0.000116001
-0.000114916
-0.000109049
-0.000128121
-0.000123095
-0.00012507
-0.000132713
-0.000134763
-0.000134763
-0.000132713
-0.00012507
-0.000123094
-8.00171e-05
-9.92965e-05
-0.000102553
-0.000103222
-0.000103224
-0.000102556
-9.92941e-05
-8.00157e-05
-7.08871e-06
-1.78553e-05
-1.67196e-05
-1.7466e-05
-1.74749e-05
-1.67277e-05
-1.78436e-05
-7.08293e-06
)
;
    }
    back
    {
        type            pressureTraction;
        value           nonuniform List<scalar> 
640
(
-0.04717
-0.0278706
-0.013206
-0.000653769
0.0109366
0.0221962
0.0326636
0.04295
-0.0391128
-0.0238073
-0.0112532
-0.00101535
0.00734061
0.0146049
0.0209166
0.0268243
-0.0377828
-0.0236197
-0.0118246
-0.00170964
0.00685156
0.0143856
0.0211956
0.0275407
-0.0374166
-0.0235614
-0.0121671
-0.00211087
0.00663071
0.0144071
0.0215453
0.0282539
-0.0372419
-0.0234308
-0.0122515
-0.00229337
0.00647764
0.0143542
0.0216476
0.0284452
-0.0370227
-0.0232769
-0.0122362
-0.00236551
0.00639155
0.0143137
0.0216837
0.028418
-0.0366887
-0.023075
-0.0121662
-0.00238702
0.00632617
0.0142454
0.0216271
0.0282464
-0.0362408
-0.0228206
-0.0120626
-0.00238893
0.0062541
0.0141297
0.0214759
0.027965
-0.0356986
-0.0225195
-0.0119365
-0.00238642
0.00616406
0.0139663
0.0212477
0.0276041
-0.0350841
-0.0221798
-0.0117941
-0.00238567
0.0060539
0.0137624
0.0209622
0.0271883
-0.0344168
-0.0218097
-0.0116393
-0.00238819
0.00592614
0.0135273
0.0206362
0.0267359
-0.0337129
-0.0214168
-0.0114747
-0.00239342
0.00578497
0.0132699
0.0202827
0.0262594
-0.0329847
-0.0210069
-0.011302
-0.0024
0.00563461
0.0129974
0.0199109
0.0257668
-0.0322412
-0.0205848
-0.0111226
-0.00240653
0.00547864
0.0127151
0.019527
0.0252634
-0.0314888
-0.0201538
-0.0109372
-0.00241179
0.00531982
0.0124269
0.0191351
0.0247526
-0.0307323
-0.0197166
-0.0107467
-0.0024149
0.00516013
0.0121353
0.0187379
0.0242365
-0.0299746
-0.019275
-0.0105515
-0.00241526
0.00500091
0.0118421
0.0183371
0.0237164
-0.0292181
-0.0188303
-0.0103521
-0.00241254
0.00484303
0.0115484
0.0179337
0.0231934
-0.0284643
-0.0183836
-0.0101491
-0.00240656
0.00468703
0.0112549
0.0175285
0.0226679
-0.0277141
-0.0179357
-0.00994263
-0.0023973
0.00453322
0.010962
0.0171217
0.0221405
-0.0269685
-0.0174872
-0.00973323
-0.00238482
0.00438178
0.0106701
0.0167139
0.0216117
-0.0262279
-0.0170387
-0.00952118
-0.00236919
0.0042328
0.0103794
0.0163053
0.0210817
-0.0254929
-0.0165907
-0.00930679
-0.00235055
0.00408633
0.01009
0.0158961
0.0205509
-0.0247637
-0.0161434
-0.00909035
-0.00232901
0.0039424
0.00980208
0.0154867
0.0200197
-0.0240407
-0.0156973
-0.00887213
-0.00230472
0.00380102
0.00951586
0.0150772
0.0194883
-0.0233242
-0.0152527
-0.00865238
-0.00227778
0.00366221
0.00923147
0.0146679
0.0189572
-0.0226143
-0.0148099
-0.00843135
-0.00224834
0.00352599
0.00894903
0.0142591
0.0184266
-0.0219113
-0.0143691
-0.00820925
-0.00221649
0.00339237
0.00866871
0.013851
0.0178968
-0.0212153
-0.0139307
-0.0079863
-0.00218237
0.00326136
0.00839065
0.013444
0.0173683
-0.0205267
-0.0134949
-0.00776273
-0.00214607
0.00313298
0.00811499
0.0130382
0.0168413
-0.0198456
-0.0130619
-0.00753874
-0.00210771
0.00300724
0.00784188
0.0126339
0.0163162
-0.0191721
-0.0126321
-0.00731454
-0.00206739
0.00288416
0.00757146
0.0122314
0.0157932
-0.0185064
-0.0122056
-0.00709032
-0.00202524
0.00276374
0.00730387
0.0118309
0.0152728
-0.0178488
-0.0117826
-0.00686628
-0.00198134
0.002646
0.00703924
0.0114328
0.0147553
-0.0171994
-0.0113635
-0.00664262
-0.00193583
0.00253094
0.0067777
0.0110372
0.0142409
-0.0165584
-0.0109483
-0.00641954
-0.00188879
0.00241856
0.00651938
0.0106444
0.01373
-0.015926
-0.0105375
-0.00619722
-0.00184035
0.00230887
0.00626441
0.0102547
0.013223
-0.0153023
-0.0101311
-0.00597587
-0.00179062
0.00220187
0.0060129
0.00986828
0.0127201
-0.0146876
-0.00972937
-0.00575568
-0.00173971
0.00209754
0.00576497
0.00948549
0.0122217
-0.014082
-0.00933258
-0.00553684
-0.00168773
0.00199589
0.00552075
0.00910653
0.0117281
-0.0134857
-0.00894092
-0.00531954
-0.00163481
0.00189691
0.00528034
0.00873167
0.0112397
-0.012899
-0.00855462
-0.00510397
-0.00158104
0.00180059
0.00504386
0.00836115
0.0107568
-0.0123219
-0.00817388
-0.00489032
-0.00152656
0.00170692
0.00481141
0.00799522
0.0102796
-0.0117548
-0.00779892
-0.00467879
-0.00147147
0.00161588
0.00458311
0.00763415
0.00980868
-0.0111978
-0.00742996
-0.00446957
-0.00141589
0.00152747
0.00435905
0.00727819
0.00934419
-0.0106511
-0.00706721
-0.00426284
-0.00135994
0.00144167
0.00413936
0.00692759
0.00888653
-0.010115
-0.0067109
-0.00405879
-0.00130373
0.00135846
0.00392413
0.0065826
0.00843605
-0.00958966
-0.00636124
-0.00385762
-0.00124739
0.00127785
0.00371346
0.00624348
0.00799308
-0.00907529
-0.00601845
-0.00365951
-0.00119101
0.00119979
0.00350747
0.00591048
0.00755797
-0.00857214
-0.00568274
-0.00346466
-0.00113473
0.0011243
0.00330626
0.00558386
0.00713108
-0.00808044
-0.00535434
-0.00327324
-0.00107866
0.00105134
0.00310993
0.00526389
0.00671276
-0.00760043
-0.00503346
-0.00308546
-0.0010229
0.000980913
0.00291858
0.0049508
0.00630336
-0.00713235
-0.00472034
-0.00290149
-0.000967584
0.000912997
0.00273232
0.00464486
0.00590325
-0.00667645
-0.00441518
-0.00272152
-0.000912812
0.00084758
0.00255126
0.00434634
0.0055128
-0.00623297
-0.00411822
-0.00254575
-0.000858699
0.000784651
0.0023755
0.00405548
0.00513235
-0.00580218
-0.00382969
-0.00237435
-0.000805358
0.000724199
0.00220515
0.00377254
0.0047623
-0.00538432
-0.00354979
-0.00220751
-0.000752897
0.000666214
0.00204032
0.0034978
0.004403
-0.00497968
-0.00327878
-0.00204543
-0.000701425
0.000610688
0.00188112
0.0032315
0.00405483
-0.00458851
-0.00301686
-0.00188827
-0.000651051
0.000557611
0.00172765
0.0029739
0.00371817
-0.00421109
-0.00276429
-0.00173623
-0.00060188
0.000506979
0.00158002
0.00272528
0.0033934
-0.0038477
-0.00252128
-0.00158949
-0.000554017
0.000458788
0.00143836
0.00248588
0.00308091
-0.00349861
-0.00228806
-0.00144823
-0.000507565
0.000413033
0.00130278
0.00225597
0.00278106
-0.00316411
-0.00206489
-0.00131264
-0.000462625
0.000369714
0.00117338
0.00203582
0.00249426
-0.00284448
-0.00185198
-0.00118289
-0.000419297
0.000328832
0.00105029
0.00182568
0.00222089
-0.00254003
-0.00164958
-0.00105916
-0.000377679
0.000290388
0.000933622
0.00162582
0.00196133
-0.00225103
-0.00145791
-0.000941627
-0.000337866
0.000254384
0.000823498
0.0014365
0.00171597
-0.00197778
-0.00127723
-0.00083047
-0.000299954
0.000220824
0.000720032
0.00125796
0.0014852
-0.00172058
-0.00110775
-0.000725855
-0.000264032
0.00018971
0.000623337
0.00109047
0.00126941
-0.0014797
-0.000949699
-0.000627944
-0.000230188
0.000161041
0.000533518
0.00093427
0.00106897
-0.00125541
-0.000803293
-0.000536883
-0.000198502
0.000134811
0.000450666
0.000789574
0.000884258
-0.00104798
-0.00066872
-0.000452796
-0.000169047
0.000111
0.000374845
0.000656584
0.00071564
-0.00085762
-0.000546138
-0.000375771
-0.00014188
8.95714e-05
0.00030608
0.000535453
0.00056348
-0.000684539
-0.000435657
-0.000305832
-0.000117034
7.04575e-05
0.000244324
0.000426271
0.000428144
-0.000528907
-0.00033731
-0.000242914
-9.45092e-05
5.35358e-05
0.000189423
0.000329026
0.000310031
-0.0003909
-0.000251036
-0.000186823
-7.42692e-05
3.86038e-05
0.000141056
0.000243562
0.000209638
-0.00027082
-0.000176619
-0.000137172
-5.62059e-05
2.53841e-05
9.87158e-05
0.000169564
0.000127723
-0.000169089
-0.000113693
-9.35079e-05
-4.03167e-05
1.3393e-05
6.16235e-05
0.000106528
6.54643e-05
-8.80277e-05
-6.29713e-05
-5.71354e-05
-2.87557e-05
2.10595e-07
2.76546e-05
5.33684e-05
2.42262e-05
-2.54807e-05
-2.20799e-05
-2.51598e-05
-1.85727e-05
-1.17251e-05
-1.88525e-06
1.047e-05
6.35835e-06
1.13204e-05
3.10567e-05
4.36486e-05
4.29512e-05
2.67921e-05
4.38753e-06
-1.72437e-05
-2.55461e-06
)
;
    }
    front
    {
        type            pressureTraction;
        value           nonuniform List<scalar> 
640
(
-0.04717
-0.0278706
-0.013206
-0.000653769
0.0109366
0.0221962
0.0326636
0.04295
-0.0391128
-0.0238073
-0.0112532
-0.00101535
0.00734061
0.0146049
0.0209166
0.0268243
-0.0377828
-0.0236197
-0.0118246
-0.00170964
0.00685156
0.0143856
0.0211956
0.0275407
-0.0374166
-0.0235614
-0.0121671
-0.00211087
0.00663071
0.0144071
0.0215453
0.0282539
-0.0372419
-0.0234308
-0.0122515
-0.00229337
0.00647764
0.0143542
0.0216476
0.0284452
-0.0370227
-0.0232769
-0.0122362
-0.00236551
0.00639155
0.0143137
0.0216837
0.028418
-0.0366887
-0.023075
-0.0121662
-0.00238702
0.00632617
0.0142454
0.0216271
0.0282464
-0.0362408
-0.0228206
-0.0120626
-0.00238893
0.0062541
0.0141297
0.0214759
0.027965
-0.0356986
-0.0225195
-0.0119365
-0.00238642
0.00616406
0.0139663
0.0212477
0.0276041
-0.0350841
-0.0221798
-0.0117941
-0.00238567
0.0060539
0.0137624
0.0209622
0.0271883
-0.0344168
-0.0218097
-0.0116393
-0.00238819
0.00592614
0.0135273
0.0206362
0.0267359
-0.0337129
-0.0214168
-0.0114747
-0.00239342
0.00578497
0.0132699
0.0202827
0.0262594
-0.0329847
-0.0210069
-0.011302
-0.0024
0.00563461
0.0129974
0.0199109
0.0257668
-0.0322412
-0.0205848
-0.0111226
-0.00240653
0.00547864
0.0127151
0.019527
0.0252634
-0.0314888
-0.0201538
-0.0109372
-0.00241179
0.00531982
0.0124269
0.0191351
0.0247526
-0.0307323
-0.0197166
-0.0107467
-0.0024149
0.00516013
0.0121353
0.0187379
0.0242365
-0.0299746
-0.019275
-0.0105515
-0.00241526
0.00500091
0.0118421
0.0183371
0.0237164
-0.0292181
-0.0188303
-0.0103521
-0.00241254
0.00484303
0.0115484
0.0179337
0.0231934
-0.0284643
-0.0183836
-0.0101491
-0.00240656
0.00468703
0.0112549
0.0175285
0.0226679
-0.0277141
-0.0179357
-0.00994263
-0.0023973
0.00453322
0.010962
0.0171217
0.0221405
-0.0269685
-0.0174872
-0.00973323
-0.00238482
0.00438178
0.0106701
0.0167139
0.0216117
-0.0262279
-0.0170387
-0.00952118
-0.00236919
0.0042328
0.0103794
0.0163053
0.0210817
-0.0254929
-0.0165907
-0.00930679
-0.00235055
0.00408633
0.01009
0.0158961
0.0205509
-0.0247637
-0.0161434
-0.00909035
-0.00232901
0.0039424
0.00980208
0.0154867
0.0200197
-0.0240407
-0.0156973
-0.00887213
-0.00230472
0.00380102
0.00951586
0.0150772
0.0194883
-0.0233242
-0.0152527
-0.00865238
-0.00227778
0.00366221
0.00923147
0.0146679
0.0189572
-0.0226143
-0.0148099
-0.00843135
-0.00224834
0.00352599
0.00894903
0.0142591
0.0184266
-0.0219113
-0.0143691
-0.00820925
-0.00221649
0.00339237
0.00866871
0.013851
0.0178968
-0.0212153
-0.0139307
-0.0079863
-0.00218237
0.00326136
0.00839065
0.013444
0.0173683
-0.0205267
-0.0134949
-0.00776273
-0.00214607
0.00313298
0.00811499
0.0130382
0.0168413
-0.0198456
-0.0130619
-0.00753874
-0.00210771
0.00300724
0.00784188
0.0126339
0.0163162
-0.0191721
-0.0126321
-0.00731454
-0.00206739
0.00288416
0.00757146
0.0122314
0.0157932
-0.0185064
-0.0122056
-0.00709032
-0.00202524
0.00276374
0.00730387
0.0118309
0.0152728
-0.0178488
-0.0117826
-0.00686628
-0.00198134
0.002646
0.00703924
0.0114328
0.0147553
-0.0171994
-0.0113635
-0.00664262
-0.00193583
0.00253094
0.0067777
0.0110372
0.0142409
-0.0165584
-0.0109483
-0.00641953
-0.00188879
0.00241856
0.00651938
0.0106444
0.01373
-0.015926
-0.0105375
-0.00619722
-0.00184035
0.00230887
0.00626441
0.0102547
0.013223
-0.0153023
-0.0101311
-0.00597587
-0.00179062
0.00220187
0.0060129
0.00986828
0.0127201
-0.0146876
-0.00972937
-0.00575568
-0.00173971
0.00209754
0.00576497
0.00948549
0.0122217
-0.014082
-0.00933258
-0.00553684
-0.00168773
0.00199589
0.00552075
0.00910653
0.0117281
-0.0134857
-0.00894092
-0.00531954
-0.00163481
0.00189691
0.00528034
0.00873167
0.0112397
-0.012899
-0.00855462
-0.00510397
-0.00158104
0.00180059
0.00504386
0.00836115
0.0107568
-0.0123219
-0.00817388
-0.00489032
-0.00152656
0.00170692
0.00481141
0.00799522
0.0102796
-0.0117548
-0.00779892
-0.00467879
-0.00147147
0.00161588
0.00458311
0.00763415
0.00980868
-0.0111978
-0.00742996
-0.00446957
-0.00141589
0.00152747
0.00435905
0.00727819
0.00934419
-0.0106511
-0.00706721
-0.00426284
-0.00135994
0.00144167
0.00413936
0.00692759
0.00888653
-0.010115
-0.0067109
-0.00405879
-0.00130373
0.00135847
0.00392413
0.0065826
0.00843605
-0.00958966
-0.00636124
-0.00385762
-0.00124739
0.00127785
0.00371346
0.00624348
0.00799308
-0.00907529
-0.00601845
-0.00365951
-0.00119101
0.00119979
0.00350747
0.00591048
0.00755797
-0.00857214
-0.00568274
-0.00346466
-0.00113473
0.0011243
0.00330626
0.00558386
0.00713108
-0.00808044
-0.00535434
-0.00327324
-0.00107866
0.00105134
0.00310993
0.00526389
0.00671276
-0.00760043
-0.00503346
-0.00308546
-0.0010229
0.000980913
0.00291858
0.0049508
0.00630336
-0.00713235
-0.00472034
-0.00290149
-0.000967584
0.000912997
0.00273232
0.00464486
0.00590325
-0.00667645
-0.00441518
-0.00272152
-0.000912812
0.00084758
0.00255126
0.00434634
0.0055128
-0.00623297
-0.00411822
-0.00254575
-0.000858699
0.000784651
0.0023755
0.00405548
0.00513235
-0.00580218
-0.00382969
-0.00237435
-0.000805357
0.0007242
0.00220515
0.00377254
0.0047623
-0.00538433
-0.00354979
-0.00220751
-0.000752897
0.000666215
0.00204032
0.0034978
0.004403
-0.00497968
-0.00327878
-0.00204543
-0.000701425
0.000610688
0.00188112
0.0032315
0.00405483
-0.00458851
-0.00301687
-0.00188827
-0.000651051
0.000557612
0.00172765
0.0029739
0.00371817
-0.00421109
-0.00276429
-0.00173623
-0.00060188
0.00050698
0.00158002
0.00272528
0.0033934
-0.0038477
-0.00252128
-0.00158949
-0.000554017
0.000458788
0.00143836
0.00248588
0.00308091
-0.00349861
-0.00228806
-0.00144823
-0.000507565
0.000413033
0.00130278
0.00225597
0.00278106
-0.00316411
-0.00206489
-0.00131264
-0.000462625
0.000369715
0.00117338
0.00203582
0.00249426
-0.00284448
-0.00185198
-0.00118289
-0.000419297
0.000328832
0.00105029
0.00182568
0.00222089
-0.00254003
-0.00164958
-0.00105916
-0.000377679
0.000290388
0.000933622
0.00162582
0.00196133
-0.00225103
-0.00145791
-0.000941627
-0.000337867
0.000254385
0.000823498
0.0014365
0.00171597
-0.00197778
-0.00127723
-0.00083047
-0.000299954
0.000220825
0.000720033
0.00125796
0.0014852
-0.00172058
-0.00110775
-0.000725856
-0.000264032
0.000189711
0.000623338
0.00109047
0.00126941
-0.0014797
-0.000949699
-0.000627944
-0.000230188
0.000161042
0.000533519
0.00093427
0.00106897
-0.00125541
-0.000803292
-0.000536883
-0.000198503
0.000134811
0.000450666
0.000789574
0.000884258
-0.00104798
-0.000668719
-0.000452796
-0.000169048
0.000111
0.000374845
0.000656584
0.00071564
-0.000857619
-0.000546138
-0.00037577
-0.00014188
8.95718e-05
0.00030608
0.000535453
0.00056348
-0.000684537
-0.000435656
-0.000305831
-0.000117034
7.04576e-05
0.000244325
0.000426271
0.000428144
-0.000528905
-0.000337309
-0.000242914
-9.45095e-05
5.35358e-05
0.000189424
0.000329026
0.000310031
-0.000390903
-0.000251035
-0.000186823
-7.42696e-05
3.8604e-05
0.000141057
0.000243562
0.000209638
-0.000270819
-0.000176619
-0.000137172
-5.62064e-05
2.53844e-05
9.87166e-05
0.000169564
0.000127724
-0.000169088
-0.000113693
-9.35078e-05
-4.0317e-05
1.33931e-05
6.16247e-05
0.000106529
6.54648e-05
-8.80266e-05
-6.29719e-05
-5.71355e-05
-2.87557e-05
2.09998e-07
2.76557e-05
5.33702e-05
2.4226e-05
-2.54805e-05
-2.20804e-05
-2.51609e-05
-1.85731e-05
-1.17252e-05
-1.88489e-06
1.04712e-05
6.36397e-06
1.13183e-05
3.10563e-05
4.36461e-05
4.29496e-05
2.67927e-05
4.38734e-06
-1.72454e-05
-2.55648e-06
)
;
    }
    top
    {
        type            pressureTraction;
        value           nonuniform List<scalar> 
640
(
0.0371034
0.0416353
0.0473411
0.0498742
0.0498742
0.0473411
0.0416353
0.0371034
0.0302414
0.0320559
0.0339926
0.0345647
0.0345647
0.0339926
0.0320559
0.0302414
0.0315026
0.0333719
0.0347778
0.0353065
0.0353065
0.0347778
0.0333719
0.0315026
0.0325341
0.0339858
0.0350802
0.0355771
0.0355771
0.0350802
0.0339858
0.0325341
0.032778
0.0337486
0.034524
0.0349122
0.0349122
0.034524
0.0337486
0.032778
0.0327533
0.0333479
0.0338445
0.0341104
0.0341104
0.0338445
0.0333479
0.0327533
0.032586
0.0329067
0.0331915
0.0333552
0.0333552
0.0331915
0.0329067
0.032586
0.0323159
0.0324465
0.0325795
0.0326654
0.0326654
0.0325795
0.0324465
0.0323159
0.0319743
0.0319787
0.0320065
0.0320359
0.0320359
0.0320065
0.0319787
0.0319743
0.0315859
0.0315076
0.0314641
0.0314536
0.0314536
0.0314641
0.0315076
0.0315859
0.0311673
0.0310344
0.0309431
0.0309052
0.0309052
0.0309431
0.0310344
0.0311673
0.0307287
0.0305588
0.0304356
0.030379
0.030379
0.0304356
0.0305588
0.0307287
0.0302759
0.0300798
0.0299351
0.029866
0.029866
0.0299351
0.0300798
0.0302759
0.0298121
0.0295961
0.0294365
0.0293591
0.0293591
0.0294365
0.0295961
0.0298121
0.0293389
0.0291067
0.0289366
0.0288534
0.0288534
0.0289366
0.0291067
0.0293389
0.0288572
0.0286109
0.0284329
0.0283458
0.0283458
0.0284329
0.0286109
0.0288572
0.0283675
0.0281084
0.027924
0.0278341
0.0278341
0.027924
0.0281084
0.0283675
0.0278699
0.0275989
0.0274093
0.0273173
0.0273173
0.0274093
0.0275989
0.0278699
0.0273647
0.0270825
0.0268883
0.0267946
0.0267946
0.0268883
0.0270825
0.0273647
0.026852
0.0265594
0.026361
0.0262659
0.0262659
0.026361
0.0265594
0.026852
0.0263322
0.0260296
0.0258275
0.0257312
0.0257312
0.0258275
0.0260296
0.0263322
0.0258054
0.0254935
0.025288
0.0251907
0.0251907
0.025288
0.0254935
0.0258054
0.025272
0.0249514
0.0247428
0.0246446
0.0246446
0.0247428
0.0249514
0.025272
0.0247322
0.0244036
0.0241923
0.0240934
0.0240934
0.0241923
0.0244036
0.0247322
0.0241865
0.0238506
0.0236369
0.0235374
0.0235374
0.0236369
0.0238506
0.0241865
0.0236352
0.0232927
0.0230769
0.0229769
0.0229769
0.0230769
0.0232927
0.0236352
0.0230786
0.0227302
0.0225128
0.0224124
0.0224124
0.0225128
0.0227302
0.0230786
0.0225172
0.0221637
0.0219449
0.0218444
0.0218444
0.0219449
0.0221637
0.0225172
0.0219514
0.0215936
0.0213738
0.0212731
0.0212731
0.0213738
0.0215936
0.0219514
0.0213817
0.0210201
0.0207997
0.0206992
0.0206992
0.0207997
0.0210201
0.0213817
0.0208084
0.0204439
0.0202233
0.0201229
0.0201229
0.0202233
0.0204439
0.0208084
0.0202321
0.0198654
0.0196448
0.0195449
0.0195449
0.0196448
0.0198654
0.0202321
0.0196532
0.019285
0.0190649
0.0189654
0.0189654
0.0190649
0.019285
0.0196532
0.0190722
0.0187032
0.0184839
0.0183851
0.0183851
0.0184839
0.0187032
0.0190722
0.0184895
0.0181205
0.0179024
0.0178043
0.0178043
0.0179024
0.0181205
0.0184895
0.0179058
0.0175374
0.0173207
0.0172236
0.0172236
0.0173207
0.0175374
0.0179058
0.0173216
0.0169544
0.0167396
0.0166434
0.0166434
0.0167396
0.0169544
0.0173216
0.0167373
0.016372
0.0161593
0.0160644
0.0160644
0.0161593
0.016372
0.0167373
0.0161535
0.0157907
0.0155805
0.0154869
0.0154869
0.0155805
0.0157907
0.0161535
0.0155708
0.0152112
0.0150037
0.0149115
0.0149115
0.0150037
0.0152112
0.0155708
0.0149897
0.0146339
0.0144294
0.0143387
0.0143387
0.0144294
0.0146339
0.0149897
0.0144109
0.0140593
0.0138582
0.013769
0.013769
0.0138582
0.0140593
0.0144109
0.0138348
0.0134881
0.0132905
0.0132031
0.0132031
0.0132905
0.0134881
0.0138348
0.0132622
0.0129208
0.012727
0.0126414
0.0126414
0.012727
0.0129208
0.0132622
0.0126935
0.012358
0.0121682
0.0120845
0.0120845
0.0121682
0.012358
0.0126935
0.0121294
0.0118002
0.0116147
0.0115329
0.0115329
0.0116147
0.0118002
0.0121294
0.0115706
0.011248
0.0110669
0.0109873
0.0109873
0.0110669
0.011248
0.0115706
0.0110175
0.0107021
0.0105256
0.010448
0.010448
0.0105256
0.0107021
0.0110175
0.0104709
0.010163
0.00999122
0.00991585
0.00991585
0.00999122
0.010163
0.0104709
0.00993126
0.00963121
0.00946438
0.00939124
0.00939124
0.00946438
0.00963121
0.00993126
0.00939932
0.00910743
0.00894564
0.00887479
0.00887479
0.00894564
0.00910743
0.00939932
0.00887565
0.00859221
0.00843558
0.00836706
0.00836706
0.00843558
0.00859221
0.00887565
0.00836089
0.00808615
0.00793478
0.00786861
0.00786861
0.00793478
0.00808615
0.00836089
0.00785565
0.00758983
0.00744381
0.00738002
0.00738002
0.00744381
0.00758983
0.00785565
0.00736054
0.00710385
0.00696323
0.00690186
0.00690186
0.00696323
0.00710385
0.00736054
0.00687617
0.00662878
0.00649363
0.00643469
0.00643469
0.00649363
0.00662878
0.00687617
0.00640317
0.00616522
0.00603558
0.00597907
0.00597907
0.00603558
0.00616522
0.00640317
0.00594213
0.00571374
0.00558963
0.00553556
0.00553556
0.00558963
0.00571374
0.00594213
0.00549366
0.00527493
0.00515636
0.00510473
0.00510473
0.00515636
0.00527493
0.00549366
0.00505836
0.00484935
0.00473633
0.00468714
0.00468714
0.00473633
0.00484935
0.00505836
0.00463682
0.00443758
0.00433009
0.00428332
0.00428332
0.00433009
0.00443758
0.00463681
0.00422962
0.00404018
0.00393819
0.00389383
0.00389383
0.00393819
0.00404018
0.00422962
0.00383736
0.00365771
0.0035612
0.00351922
0.00351922
0.0035612
0.00365771
0.00383736
0.00346059
0.00329071
0.00319964
0.00316003
0.00316003
0.00319964
0.00329071
0.00346059
0.00309989
0.00293975
0.00285405
0.00281678
0.00281678
0.00285405
0.00293975
0.00309989
0.0027558
0.00260535
0.00252497
0.00249002
0.00249002
0.00252497
0.00260535
0.0027558
0.00242888
0.00228804
0.00221292
0.00218026
0.00218026
0.00221292
0.00228804
0.00242888
0.00211966
0.00198836
0.00191844
0.00188803
0.00188803
0.00191844
0.00198836
0.00211966
0.00182866
0.00170683
0.00164204
0.00161387
0.00161387
0.00164204
0.00170683
0.00182866
0.0015564
0.00144395
0.00138425
0.00135831
0.00135831
0.00138425
0.00144395
0.0015564
0.00130335
0.00120026
0.00114564
0.00112193
0.00112193
0.00114563
0.00120026
0.00130335
0.00106999
0.000976298
0.00092677
0.000905322
0.000905322
0.000926769
0.000976297
0.00106999
0.00085678
0.000772638
0.000728313
0.00070919
0.00070919
0.000728312
0.000772638
0.000856779
0.000664209
0.000589968
0.000551048
0.000534349
0.00053435
0.000551048
0.000589967
0.000664209
0.000492798
0.000429143
0.00039597
0.00038184
0.00038184
0.000395971
0.000429142
0.000492798
0.000343154
0.000291339
0.000264435
0.000253055
0.000253054
0.000264434
0.00029134
0.000343156
0.000215981
0.000178082
0.000158163
0.000149703
0.000149702
0.000158163
0.000178084
0.000215982
0.000112042
9.10948e-05
7.91298e-05
7.37979e-05
7.38008e-05
7.91321e-05
9.10955e-05
0.000112041
3.19723e-05
3.13477e-05
2.84279e-05
2.67565e-05
2.67609e-05
2.84254e-05
3.13425e-05
3.19785e-05
-3.28314e-05
-1.53041e-05
-8.44568e-06
-6.60755e-06
-6.6227e-06
-8.46131e-06
-1.53015e-05
-3.28323e-05
)
;
    }
    bottom
    {
        type            pressureTraction;
        value           nonuniform List<scalar> 
640
(
-0.0579397
-0.0568432
-0.0572434
-0.057567
-0.057567
-0.0572434
-0.0568432
-0.0579397
-0.0476898
-0.0492466
-0.0497748
-0.0499432
-0.0499432
-0.0497748
-0.0492466
-0.0476898
-0.0457427
-0.0474523
-0.0482282
-0.0484793
-0.0484793
-0.0482282
-0.0474523
-0.0457427
-0.0448438
-0.0463085
-0.0471324
-0.0474326
-0.0474326
-0.0471324
-0.0463085
-0.0448438
-0.0442433
-0.045327
-0.0460524
-0.0463481
-0.0463481
-0.0460524
-0.045327
-0.0442433
-0.0436376
-0.044413
-0.0450044
-0.0452663
-0.0452663
-0.0450044
-0.044413
-0.0436376
-0.0429413
-0.0435
-0.0439697
-0.0441889
-0.0441889
-0.0439697
-0.0435
-0.0429413
-0.0421526
-0.0425696
-0.0429448
-0.0431247
-0.0431247
-0.0429448
-0.0425696
-0.0421526
-0.0412893
-0.0416197
-0.0419278
-0.0420765
-0.0420765
-0.0419278
-0.0416197
-0.0412893
-0.0403714
-0.0406531
-0.0409164
-0.0410424
-0.0410424
-0.0409164
-0.0406531
-0.0403714
-0.0394165
-0.0396745
-0.0399094
-0.04002
-0.04002
-0.0399094
-0.0396745
-0.0394165
-0.0384387
-0.0386889
-0.0389068
-0.0390075
-0.0390075
-0.0389068
-0.0386889
-0.0384387
-0.0374487
-0.0377007
-0.0379092
-0.0380039
-0.0380039
-0.0379092
-0.0377007
-0.0374487
-0.0364543
-0.0367138
-0.0369177
-0.037009
-0.037009
-0.0369177
-0.0367138
-0.0364543
-0.0354609
-0.0357311
-0.0359335
-0.036023
-0.036023
-0.0359335
-0.0357311
-0.0354609
-0.0344723
-0.0347547
-0.0349573
-0.0350462
-0.0350462
-0.0349573
-0.0347547
-0.0344723
-0.033491
-0.0337863
-0.03399
-0.0340788
-0.0340788
-0.03399
-0.0337863
-0.033491
-0.0325187
-0.0328269
-0.0330323
-0.0331213
-0.0331213
-0.0330323
-0.0328269
-0.0325187
-0.0315566
-0.0318773
-0.0320846
-0.032174
-0.032174
-0.0320846
-0.0318773
-0.0315566
-0.0306055
-0.0309381
-0.0311472
-0.0312372
-0.0312372
-0.0311472
-0.0309381
-0.0306055
-0.0296658
-0.0300097
-0.0302205
-0.0303109
-0.0303109
-0.0302205
-0.0300097
-0.0296658
-0.0287379
-0.0290924
-0.0293047
-0.0293955
-0.0293955
-0.0293047
-0.0290924
-0.0287379
-0.0278222
-0.0281863
-0.0284
-0.0284911
-0.0284911
-0.0284
-0.0281863
-0.0278222
-0.026919
-0.0272918
-0.0275065
-0.0275979
-0.0275979
-0.0275065
-0.0272918
-0.026919
-0.0260283
-0.026409
-0.0266245
-0.026716
-0.026716
-0.0266245
-0.026409
-0.0260283
-0.0251504
-0.025538
-0.025754
-0.0258455
-0.0258455
-0.025754
-0.025538
-0.0251504
-0.0242854
-0.0246791
-0.0248952
-0.0249866
-0.0249866
-0.0248952
-0.0246791
-0.0242854
-0.0234334
-0.0238323
-0.0240482
-0.0241394
-0.0241394
-0.0240482
-0.0238323
-0.0234334
-0.0225947
-0.0229977
-0.0232132
-0.0233041
-0.0233041
-0.0232132
-0.0229977
-0.0225947
-0.0217693
-0.0221756
-0.0223903
-0.0224807
-0.0224807
-0.0223903
-0.0221756
-0.0217693
-0.0209574
-0.021366
-0.0215797
-0.0216695
-0.0216695
-0.0215797
-0.021366
-0.0209574
-0.0201589
-0.0205691
-0.0207814
-0.0208706
-0.0208706
-0.0207814
-0.0205691
-0.0201589
-0.0193741
-0.0197849
-0.0199956
-0.020084
-0.020084
-0.0199956
-0.0197849
-0.0193741
-0.018603
-0.0190136
-0.0192224
-0.0193098
-0.0193098
-0.0192224
-0.0190136
-0.018603
-0.0178458
-0.0182553
-0.0184619
-0.0185484
-0.0185484
-0.0184619
-0.0182553
-0.0178458
-0.0171024
-0.01751
-0.0177142
-0.0177996
-0.0177996
-0.0177142
-0.01751
-0.0171024
-0.016373
-0.016778
-0.0169795
-0.0170637
-0.0170637
-0.0169795
-0.016778
-0.016373
-0.0156577
-0.0160593
-0.0162579
-0.0163408
-0.0163408
-0.0162579
-0.0160593
-0.0156577
-0.0149565
-0.0153541
-0.0155495
-0.015631
-0.015631
-0.0155495
-0.0153541
-0.0149565
-0.0142696
-0.0146623
-0.0148543
-0.0149344
-0.0149344
-0.0148543
-0.0146623
-0.0142696
-0.0135969
-0.0139842
-0.0141726
-0.0142511
-0.0142511
-0.0141726
-0.0139842
-0.0135969
-0.0129387
-0.0133199
-0.0135045
-0.0135813
-0.0135813
-0.0135045
-0.0133199
-0.0129387
-0.0122949
-0.0126695
-0.01285
-0.0129252
-0.0129252
-0.01285
-0.0126695
-0.0122949
-0.0116656
-0.012033
-0.0122094
-0.0122828
-0.0122828
-0.0122094
-0.012033
-0.0116656
-0.0110511
-0.0114107
-0.0115827
-0.0116543
-0.0116543
-0.0115827
-0.0114107
-0.0110511
-0.0104512
-0.0108026
-0.0109701
-0.0110398
-0.0110398
-0.0109701
-0.0108026
-0.0104512
-0.00986624
-0.0102088
-0.0103718
-0.0104395
-0.0104395
-0.0103718
-0.0102088
-0.00986624
-0.0092962
-0.00962965
-0.00978782
-0.00985351
-0.00985351
-0.00978782
-0.00962965
-0.0092962
-0.00874121
-0.00906512
-0.00921838
-0.00928202
-0.00928202
-0.00921838
-0.00906512
-0.00874121
-0.0082014
-0.00851539
-0.00866365
-0.00872519
-0.00872519
-0.00866365
-0.00851539
-0.0082014
-0.00767688
-0.00798063
-0.00812377
-0.00818318
-0.00818317
-0.00812377
-0.00798063
-0.00767688
-0.00716778
-0.00746099
-0.00759892
-0.00765616
-0.00765616
-0.00759892
-0.00746099
-0.00716778
-0.00667424
-0.00695664
-0.00708929
-0.00714432
-0.00714432
-0.00708929
-0.00695664
-0.00667424
-0.00619639
-0.00646775
-0.00659505
-0.00664785
-0.00664785
-0.00659504
-0.00646775
-0.00619639
-0.00573438
-0.00599451
-0.00611638
-0.00616693
-0.00616693
-0.00611638
-0.00599451
-0.00573438
-0.00528838
-0.00553709
-0.0056535
-0.00570177
-0.00570177
-0.0056535
-0.00553709
-0.00528838
-0.00485854
-0.0050957
-0.0052066
-0.00525258
-0.00525258
-0.0052066
-0.0050957
-0.00485854
-0.00444504
-0.00467052
-0.00477588
-0.00481956
-0.00481956
-0.00477588
-0.00467052
-0.00444504
-0.00404806
-0.00426178
-0.00436158
-0.00440294
-0.00440294
-0.00436158
-0.00426178
-0.00404806
-0.00366779
-0.00386968
-0.0039639
-0.00400294
-0.00400294
-0.0039639
-0.00386968
-0.00366779
-0.00330443
-0.00349446
-0.00358309
-0.00361981
-0.00361981
-0.00358309
-0.00349446
-0.00330443
-0.00295818
-0.00313633
-0.00321937
-0.00325376
-0.00325376
-0.00321937
-0.00313633
-0.00295818
-0.00262927
-0.00279554
-0.002873
-0.00290507
-0.00290507
-0.002873
-0.00279554
-0.00262927
-0.00231792
-0.00247233
-0.00254423
-0.00257398
-0.00257398
-0.00254423
-0.00247233
-0.00231792
-0.00202436
-0.00216695
-0.00223331
-0.00226075
-0.00226075
-0.00223331
-0.00216695
-0.00202436
-0.00174883
-0.00187967
-0.00194051
-0.00196565
-0.00196565
-0.00194051
-0.00187967
-0.00174883
-0.00149159
-0.00161075
-0.00166611
-0.00168897
-0.00168897
-0.00166611
-0.00161075
-0.00149159
-0.00125289
-0.00136047
-0.00141039
-0.001431
-0.001431
-0.00141039
-0.00136046
-0.00125289
-0.001033
-0.0011291
-0.00117366
-0.00119205
-0.00119205
-0.00117366
-0.0011291
-0.001033
-0.000832185
-0.000916951
-0.000956245
-0.000972461
-0.000972461
-0.000956245
-0.000916951
-0.000832184
-0.000650742
-0.000724343
-0.000758496
-0.000772619
-0.000772619
-0.000758497
-0.000724344
-0.000650741
-0.000488989
-0.000551648
-0.000580844
-0.000592976
-0.000592976
-0.000580845
-0.000551649
-0.000488987
-0.000347321
-0.000399331
-0.00042382
-0.000434094
-0.000434094
-0.00042382
-0.000399332
-0.000347319
-0.000226287
-0.000268035
-0.000288142
-0.000296719
-0.000296718
-0.000288142
-0.000268036
-0.000226287
-0.000126752
-0.000158736
-0.000174847
-0.000181891
-0.000181892
-0.000174846
-0.000158735
-0.000126756
-5.00804e-05
-7.28814e-05
-8.53911e-05
-9.10269e-05
-9.10274e-05
-8.53897e-05
-7.28798e-05
-5.00789e-05
1.13424e-06
-1.3086e-05
-2.2322e-05
-2.65996e-05
-2.65984e-05
-2.23211e-05
-1.30848e-05
1.13817e-06
2.38172e-05
1.6727e-05
1.03362e-05
7.42535e-06
7.42618e-06
1.03364e-05
1.67277e-05
2.382e-05
1.22563e-05
1.12141e-05
7.98938e-06
6.79167e-06
6.79031e-06
7.98909e-06
1.12143e-05
1.22566e-05
-2.75384e-05
-2.65732e-05
-2.53635e-05
-2.4035e-05
-2.40349e-05
-2.53657e-05
-2.65744e-05
-2.75408e-05
)
;
    }
}


// ************************************************************************* //
