/*--------------------------------*- C++ -*----------------------------------*\
| =========                 |                                                 |
| \\      /  F ield         | foam-extend: Open Source CFD                    |
|  \\    /   O peration     | Version:     4.1                                |
|   \\  /    A nd           | Web:         http://www.foam-extend.org         |
|    \\/     M anipulation  |                                                 |
\*---------------------------------------------------------------------------*/
FoamFile
{
    version     2.0;
    format      ascii;
    class       volScalarField;
    location    "0.193";
    object      muEff;
}
// * * * * * * * * * * * * * * * * * * * * * * * * * * * * * * * * * * * * * //

dimensions      [1 -1 -2 0 0 0 0];

internalField   nonuniform List<scalar> 
5120
(
4436.44
4355.1
4344.17
4333.12
4324.42
4315.88
4306.88
4297.47
4287.77
4277.94
4269.14
4260.88
4252.61
4244.4
4236.27
4228.25
4220.35
4212.57
4204.9
4197.33
4189.85
4182.45
4175.11
4167.84
4160.66
4153.59
4146.68
4139.96
4134.15
4129.1
4124.08
4119.04
4113.94
4108.73
4103.37
4098.26
4095.11
4092.5
4090.37
4088.62
4087.11
4085.69
4084.26
4082.79
4081.26
4079.7
4078.16
4076.66
4075.25
4073.94
4072.78
4071.76
4070.93
4070.28
4069.84
4069.64
4069.67
4069.98
4070.57
4073.99
4075.25
4076.89
4078.95
4081.47
4084.5
4088.08
4092.27
4097.11
4102.62
4108.8
4115.54
4122.59
4129.39
4134.8
4133.65
4131.53
4114.09
4080.33
4034.06
4001.69
4455.21
4385.53
4365.99
4348.41
4334.84
4323.05
4311.83
4300.94
4290.29
4279.85
4269.64
4259.64
4249.87
4240.33
4232.1
4224.28
4216.64
4209.19
4201.93
4194.87
4187.99
4181.32
4174.83
4168.54
4162.44
4156.52
4150.8
4145.27
4139.92
4134.76
4129.79
4125.01
4120.41
4115.99
4111.76
4107.71
4103.83
4100.14
4096.61
4093.26
4090.08
4087.06
4084.21
4081.53
4079
4076.65
4074.46
4072.44
4070.59
4068.91
4067.42
4068.53
4067.41
4066.49
4065.78
4065.29
4065.04
4065.04
4065.32
4065.88
4066.76
4067.98
4069.59
4071.6
4074.08
4077.05
4080.57
4084.69
4089.43
4092.08
4097.93
4104.1
4110.07
4114.82
4119.29
4114.19
4097.64
4065.87
4021.33
4006.64
4445.27
4397.61
4379.81
4359.76
4343.01
4328.69
4315.66
4303.52
4292.04
4281.07
4270.5
4260.28
4250.37
4240.74
4231.37
4222.26
4214.68
4207.32
4200.15
4193.18
4186.41
4179.82
4173.43
4167.22
4161.21
4155.38
4149.73
4144.26
4138.97
4133.86
4128.92
4124.16
4119.57
4115.15
4110.9
4106.82
4102.9
4099.15
4095.57
4092.14
4088.88
4085.78
4082.84
4082.55
4079.92
4077.46
4075.16
4073.04
4071.08
4069.3
4067.69
4066.27
4065.04
4064
4063.17
4062.56
4062.18
4062.04
4062.16
4062.56
4063.27
4064.31
4065.71
4067.5
4069.74
4072.46
4075.71
4079.55
4083.99
4089.06
4091.97
4097.89
4103.67
4108.32
4112.77
4107.93
4091.93
4061.15
4018.83
4012.56
4438.39
4399.61
4385.04
4364.73
4346.82
4331.38
4317.49
4304.71
4292.79
4281.48
4270.73
4260.39
4250.41
4240.73
4231.33
4223.56
4216.1
4208.83
4201.74
4194.85
4188.15
4181.63
4175.3
4169.15
4163.18
4157.39
4151.78
4146.35
4141.08
4135.99
4131.07
4126.32
4121.73
4117.31
4113.06
4108.96
4105.03
4101.26
4097.65
4094.2
4090.9
4087.77
4084.79
4081.98
4079.32
4076.83
4074.5
4072.34
4070.35
4068.53
4066.88
4065.42
4064.14
4063.07
4062.19
4061.53
4061.09
4060.9
4060.97
4061.31
4061.95
4062.92
4064.24
4065.96
4068.12
4070.76
4073.94
4077.69
4082.07
4087.09
4092.69
4098.69
4104.62
4109.49
4108.56
4104.3
4092.05
4063.07
4023.45
4004.2
4438.39
4399.61
4385.04
4364.73
4346.82
4331.38
4317.49
4304.71
4292.79
4281.48
4270.73
4260.39
4250.41
4240.73
4231.33
4222.2
4213.82
4206.5
4199.37
4192.44
4185.7
4179.16
4172.8
4166.63
4160.64
4154.84
4149.21
4143.77
4138.5
4133.41
4128.49
4123.74
4119.15
4114.74
4110.49
4106.4
4102.48
4098.72
4095.12
4091.68
4088.39
4085.27
4082.31
4079.51
4076.87
4074.38
4072.07
4069.92
4067.93
4066.12
4064.49
4063.03
4061.76
4060.69
4059.82
4059.16
4058.73
4058.53
4058.59
4058.93
4059.56
4060.52
4061.83
4063.53
4065.67
4068.28
4071.42
4075.15
4079.48
4084.45
4090
4095.95
4101.83
4106.66
4111.41
4107.11
4089.37
4060.67
4025.43
4003.96
4445.27
4397.61
4379.81
4359.76
4343.01
4328.69
4315.66
4303.52
4292.04
4281.07
4270.5
4260.28
4250.37
4240.74
4232.13
4224.45
4216.95
4209.64
4202.52
4195.59
4188.85
4182.3
4175.93
4169.75
4163.75
4157.93
4152.29
4146.83
4141.55
4136.44
4131.51
4126.75
4122.15
4117.73
4113.47
4109.38
4105.46
4101.7
4098.1
4094.67
4091.39
4088.28
4085.33
4080.07
4077.45
4075.01
4072.72
4070.6
4068.66
4066.88
4065.28
4063.87
4062.64
4061.62
4060.79
4060.18
4059.8
4059.66
4059.78
4060.17
4060.87
4061.89
4063.27
4065.05
4067.27
4069.96
4073.18
4076.98
4081.38
4086.4
4094.68
4100.65
4106.49
4111.18
4109.9
4105.09
4089.23
4058.73
4016.85
4013.21
4455.21
4385.53
4365.99
4348.41
4334.84
4323.05
4311.83
4300.94
4290.29
4279.85
4269.64
4259.64
4250.23
4242.17
4234.25
4226.49
4218.91
4211.51
4204.3
4197.27
4190.43
4183.78
4177.32
4171.05
4164.96
4159.07
4153.35
4147.83
4142.49
4137.33
4132.36
4127.58
4122.98
4118.56
4114.32
4110.26
4106.39
4102.68
4099.15
4095.79
4092.6
4089.57
4086.71
4084.02
4081.49
4079.12
4076.92
4074.89
4073.03
4071.35
4069.85
4066.11
4064.99
4064.07
4063.36
4062.88
4062.63
4062.63
4062.89
4063.45
4064.32
4065.53
4067.11
4069.11
4071.55
4074.5
4077.99
4082.07
4086.77
4094.79
4100.7
4106.92
4112.95
4117.74
4116.35
4111.29
4094.88
4063.39
4019.3
4006.23
4436.44
4355.1
4344.17
4333.12
4324.42
4315.88
4306.88
4297.47
4287.77
4279.03
4270.98
4262.82
4254.63
4246.48
4238.42
4230.45
4222.59
4214.85
4207.2
4199.65
4192.17
4184.75
4177.39
4170.09
4162.87
4155.76
4148.8
4142.03
4135.51
4129.29
4124.08
4119.04
4113.94
4108.73
4103.92
4100.27
4097.18
4094.63
4092.57
4090.89
4089.43
4088.06
4086.68
4085.23
4083.72
4082.18
4080.64
4079.14
4077.73
4076.43
4075.26
4074.24
4073.4
4072.76
4072.32
4072.12
4072.16
4072.47
4073.07
4071.47
4072.72
4074.35
4076.39
4078.88
4081.88
4085.43
4089.58
4094.37
4099.84
4105.96
4112.65
4119.65
4126.39
4131.75
4136.71
4128.51
4111.22
4077.75
4031.95
4002.77
4229.12
4225.22
4235.62
4228.28
4220.39
4212.62
4204.75
4200.71
4199.32
4197.48
4195.29
4192.88
4190.33
4187.71
4185.09
4182.51
4180
4177.58
4175.28
4175.9
4173.9
4172.04
4170.32
4168.75
4167.33
4166.06
4164.95
4164
4163.22
4162.61
4162.18
4161.93
4161.86
4161.99
4162.32
4162.86
4163.61
4164.58
4165.8
4167.26
4168.97
4170.96
4173.24
4175.82
4178.73
4181.97
4185.58
4189.58
4194
4198.85
4204.19
4210.04
4216.44
4223.44
4231.08
4239.42
4248.5
4258.39
4269.15
4280.83
4293.51
4307.24
4322.08
4338.05
4355.16
4373.39
4392.64
4412.71
4433.27
4453.79
4473.43
4490.94
4499.25
4505.92
4506.78
4484.9
4430.85
4340.96
4199.2
4029.96
4242.46
4238.29
4246.88
4236.33
4226.05
4216.83
4207.93
4199.35
4194.95
4192.17
4189.32
4186.41
4183.5
4180.61
4177.77
4174.99
4172.31
4169.72
4167.25
4164.9
4162.67
4160.58
4158.62
4156.81
4155.13
4153.61
4152.23
4151.01
4149.94
4149.03
4148.29
4147.72
4147.32
4147.1
4147.06
4147.22
4147.58
4148.14
4152.16
4153.18
4154.44
4155.95
4157.73
4159.78
4162.12
4164.78
4167.77
4171.12
4174.85
4178.98
4183.56
4188.61
4194.16
4200.27
4206.98
4214.33
4222.39
4231.2
4240.84
4251.37
4262.87
4275.39
4289
4303.76
4319.71
4336.83
4355.09
4369.75
4389.62
4409.72
4429.28
4447.08
4461.18
4468.62
4469.83
4442.7
4392.24
4305.52
4171.35
4041.11
4230.9
4249.22
4256.87
4242.37
4229.24
4218.45
4208.71
4199.69
4194.57
4191.02
4187.58
4184.24
4181.01
4177.88
4174.85
4171.93
4169.13
4166.44
4163.86
4161.41
4159.09
4156.89
4154.83
4152.9
4151.11
4149.46
4147.95
4146.59
4145.38
4144.31
4143.41
4142.67
4142.09
4141.69
4141.46
4141.41
4144.7
4145.05
4145.62
4146.4
4147.4
4148.64
4150.14
4151.89
4153.93
4156.27
4158.92
4161.91
4165.26
4169
4173.16
4177.77
4182.87
4188.5
4194.69
4201.51
4209.01
4217.24
4226.27
4236.17
4247.01
4258.86
4271.79
4285.88
4301.16
4317.66
4335.34
4354.08
4369.08
4388.93
4408.4
4426.23
4440.44
4447.94
4448.81
4421.09
4369.61
4283.01
4155.04
4036.85
4234.84
4252.33
4261.17
4244.87
4230.07
4218.33
4208.14
4199.45
4195.28
4191.29
4187.48
4183.87
4180.43
4179.43
4176.36
4173.43
4170.62
4167.93
4165.36
4162.92
4160.59
4158.39
4156.32
4154.38
4152.57
4150.89
4149.36
4147.96
4146.7
4145.6
4144.64
4143.84
4143.2
4142.73
4142.42
4142.3
4142.36
4142.61
4143.06
4143.73
4144.61
4145.73
4147.09
4148.7
4150.6
4152.78
4155.27
4158.09
4161.27
4164.83
4168.79
4173.2
4178.09
4183.49
4189.45
4196.03
4203.27
4211.23
4219.98
4229.59
4240.12
4251.66
4264.28
4278.05
4293.02
4309.22
4326.63
4345.13
4364.51
4384.31
4403.78
4421.66
4435.91
4443.36
4434.2
4411
4363.62
4272.98
4148.35
4035.45
4232.33
4252.33
4261.17
4244.87
4230.07
4218.33
4208.14
4201.21
4197.14
4193.24
4189.52
4185.99
4182.64
4177.15
4174.01
4171.01
4168.14
4165.39
4162.77
4160.27
4157.9
4155.66
4153.55
4151.57
4149.73
4148.02
4146.45
4145.03
4143.75
4142.62
4141.64
4140.82
4140.16
4139.66
4139.34
4139.2
4139.25
4139.48
4139.92
4140.57
4141.43
4142.53
4143.87
4145.47
4147.34
4149.51
4151.98
4154.77
4157.93
4161.46
4165.4
4169.77
4174.62
4179.99
4185.92
4192.45
4199.64
4207.55
4216.25
4225.8
4236.27
4247.74
4260.29
4273.98
4288.87
4304.98
4322.29
4340.71
4359.98
4379.69
4399.07
4416.86
4431.05
4438.46
4439.07
4415.76
4359.13
4269
4145.21
4033.37
4228.5
4249.22
4256.87
4242.37
4229.24
4218.45
4208.71
4199.95
4196.41
4192.97
4189.62
4186.37
4183.22
4180.17
4177.22
4174.37
4171.62
4168.99
4166.47
4164.08
4161.8
4159.65
4157.62
4155.73
4153.97
4152.35
4150.88
4149.54
4148.35
4147.32
4146.44
4145.72
4145.16
4144.77
4144.56
4144.53
4141.56
4141.9
4142.44
4143.21
4144.19
4145.42
4146.89
4148.63
4150.65
4152.96
4155.59
4158.56
4161.88
4165.6
4169.73
4174.3
4179.37
4184.96
4191.12
4197.89
4205.34
4213.52
4222.5
4232.34
4243.11
4254.89
4267.76
4281.76
4296.96
4313.37
4330.95
4349.61
4373.66
4393.61
4413.16
4431.08
4445.36
4452.88
4443.89
4425.9
4374.15
4278.98
4151.85
4034.75
4240.26
4238.29
4246.88
4236.33
4226.05
4216.83
4207.93
4199.36
4196.8
4194.13
4191.38
4188.57
4185.75
4182.94
4180.17
4177.47
4174.85
4172.32
4169.9
4167.6
4165.43
4163.38
4161.46
4159.68
4158.05
4156.55
4155.21
4154.01
4152.97
4152.09
4151.37
4150.82
4150.44
4150.24
4150.23
4150.4
4150.78
4151.36
4148.92
4149.93
4151.17
4152.66
4154.41
4156.44
4158.77
4161.4
4164.37
4167.69
4171.39
4175.5
4180.04
4185.05
4190.58
4196.64
4203.31
4210.62
4218.62
4227.39
4236.97
4247.44
4258.87
4271.32
4284.86
4299.54
4315.4
4332.44
4350.6
4374.34
4394.3
4414.5
4434.15
4452.03
4466.2
4473.67
4464.8
4447.62
4396.9
4301.35
4168.04
4038.96
4229.91
4225.22
4235.62
4228.28
4220.39
4212.62
4204.75
4202.47
4201.22
4199.5
4197.43
4195.12
4192.66
4190.13
4187.59
4185.08
4182.63
4180.28
4178.03
4173.1
4171.05
4169.14
4167.38
4165.77
4164.31
4163.01
4161.87
4160.89
4160.08
4159.45
4158.99
4158.71
4158.63
4158.73
4159.04
4159.55
4160.29
4161.24
4162.43
4163.87
4165.57
4167.54
4169.79
4172.35
4175.23
4178.45
4182.04
4186.01
4190.39
4195.22
4200.52
4206.33
4212.69
4219.65
4227.25
4235.53
4244.56
4254.39
4265.09
4276.71
4289.32
4302.98
4317.74
4333.63
4350.66
4368.8
4387.95
4407.93
4428.39
4448.82
4468.37
4485.8
4504.44
4511.14
4501.59
4479.81
4435.7
4345.35
4202.74
4032.21
4111.1
4117.54
4128.18
4136.09
4145.57
4155.42
4164.81
4173.38
4183.62
4190.46
4196.5
4201.91
4206.85
4211.45
4215.85
4220.13
4224.37
4228.63
4232.95
4237.36
4241.88
4246.54
4251.35
4256.32
4261.46
4266.78
4272.29
4278.01
4283.93
4290.08
4296.46
4303.09
4309.97
4317.12
4324.55
4332.27
4340.31
4348.67
4357.37
4366.43
4375.85
4385.67
4395.89
4406.53
4417.61
4429.15
4441.17
4453.67
4466.68
4480.2
4494.25
4508.84
4523.97
4539.64
4555.85
4572.59
4584.17
4601.81
4619.88
4638.32
4657.06
4675.99
4695
4713.93
4732.6
4750.8
4768.24
4784.6
4799.47
4812.35
4829.06
4835.79
4837.78
4833.22
4812.85
4791.05
4739.24
4642.83
4446.87
4061.86
4175.58
4175.85
4161.31
4155.09
4155.65
4158.79
4162.89
4167.36
4171.86
4176.22
4180.38
4184.36
4188.18
4191.89
4195.53
4202.35
4206.06
4209.82
4213.64
4217.56
4221.58
4225.73
4230.02
4234.45
4239.04
4243.8
4248.74
4253.86
4259.18
4264.71
4270.46
4276.44
4282.66
4289.13
4295.88
4302.9
4310.23
4317.87
4325.84
4334.16
4342.84
4351.91
4361.38
4371.27
4381.6
4392.4
4403.69
4415.48
4427.79
4440.65
4454.08
4468.08
4482.68
4497.88
4513.69
4530.11
4547.13
4564.73
4582.88
4601.54
4620.63
4634.26
4653.89
4679.58
4699.29
4718.69
4737.49
4755.34
4771.78
4786.25
4798.02
4806.07
4808.98
4804.6
4783.1
4757.4
4697.52
4587.85
4388.53
4098.96
4164.26
4219.2
4194.92
4179.26
4172.25
4169.2
4168.4
4169.07
4170.67
4172.83
4175.36
4178.11
4181.01
4184.01
4187.09
4190.24
4193.48
4200.06
4203.54
4207.12
4210.82
4214.64
4218.59
4222.68
4226.93
4231.33
4235.9
4240.65
4245.59
4250.73
4256.08
4261.64
4267.45
4273.5
4279.81
4286.4
4293.27
4300.46
4307.96
4315.81
4324.02
4332.6
4341.59
4351
4360.84
4371.16
4381.96
4393.27
4405.11
4417.51
4430.49
4444.07
4458.27
4473.11
4488.59
4504.72
4521.51
4538.94
4556.99
4575.62
4594.79
4614.41
4634.38
4654.56
4674.77
4694.79
4708.23
4732.98
4750.32
4765.71
4778.35
4787.13
4790.46
4785.95
4763.48
4735.28
4671.18
4556.24
4358.61
4093.67
4165.27
4238.35
4212.64
4194.15
4183.86
4177.52
4173.83
4172.16
4171.93
4172.71
4174.2
4178.97
4181.37
4184.02
4186.84
4189.8
4192.88
4196.08
4199.38
4202.8
4206.33
4209.98
4213.77
4217.7
4221.77
4226
4230.39
4234.96
4239.71
4244.66
4249.81
4255.18
4260.78
4266.62
4272.71
4279.08
4285.74
4292.69
4299.97
4307.58
4315.55
4323.9
4332.65
4341.81
4351.41
4361.48
4372.03
4383.1
4394.71
4406.87
4419.62
4432.98
4446.97
4461.61
4476.91
4492.88
4509.53
4526.85
4544.82
4563.41
4582.57
4602.24
4622.3
4642.63
4663.05
4683.33
4703.18
4716.1
4733.77
4749.52
4762.5
4771.55
4781.32
4776.67
4759.89
4724.31
4658.54
4542.35
4348.44
4095.43
4167.66
4241.25
4215.21
4196.57
4186.25
4179.91
4176.26
4174.63
4174.47
4175.33
4176.9
4176.19
4178.51
4181.08
4183.83
4186.72
4189.73
4192.85
4196.09
4199.45
4202.92
4206.52
4210.25
4214.12
4218.14
4222.32
4226.66
4231.18
4235.88
4240.78
4245.89
4251.21
4256.76
4262.56
4268.61
4274.94
4281.54
4288.46
4295.69
4303.26
4311.18
4319.48
4328.17
4337.29
4346.84
4356.86
4367.36
4378.37
4389.92
4402.03
4414.72
4428.02
4441.95
4456.52
4471.75
4487.66
4504.23
4521.48
4539.38
4557.89
4576.98
4596.57
4616.56
4636.81
4657.16
4677.36
4697.14
4722.21
4739.94
4755.74
4768.76
4777.84
4775.02
4770.39
4753.68
4718.23
4652.72
4537.01
4344.04
4092.74
4166.6
4221.88
4197.29
4181.52
4174.51
4171.5
4170.77
4171.52
4173.2
4175.46
4178.07
4180.91
4183.89
4186.97
4190.13
4193.36
4196.67
4196.8
4200.21
4203.74
4207.37
4211.13
4215.03
4219.06
4223.25
4227.61
4232.13
4236.83
4241.72
4246.81
4252.11
4257.63
4263.39
4269.39
4275.66
4282.2
4289.03
4296.17
4303.63
4311.43
4319.59
4328.13
4337.07
4346.42
4356.22
4366.48
4377.23
4388.48
4400.27
4412.61
4425.54
4439.06
4453.19
4467.96
4483.38
4499.44
4516.16
4533.52
4551.49
4570.05
4589.15
4608.69
4628.58
4648.69
4668.83
4688.77
4714.32
4726.83
4744.11
4759.45
4772.04
4780.8
4784.12
4779.64
4769.73
4729.16
4665.31
4550.84
4354.15
4090.95
4173.28
4173.73
4163.24
4157.04
4157.7
4160.96
4165.18
4169.78
4174.4
4178.87
4183.15
4187.22
4191.13
4194.93
4198.66
4199.15
4202.79
4206.47
4210.23
4214.08
4218.04
4222.13
4226.36
4230.74
4235.28
4239.98
4244.87
4249.94
4255.21
4260.69
4266.39
4272.32
4278.49
4284.92
4291.62
4298.6
4305.88
4313.47
4321.4
4329.67
4338.3
4347.32
4356.74
4366.58
4376.86
4387.61
4398.84
4410.57
4422.83
4435.64
4449
4462.94
4477.48
4492.62
4508.36
4524.71
4541.66
4559.19
4577.27
4595.86
4614.88
4640.09
4659.79
4673.61
4693.25
4712.58
4731.32
4749.1
4765.49
4779.92
4791.64
4799.67
4802.58
4798.21
4789.42
4751.2
4691.55
4582.31
4383.91
4096.16
4111.1
4116.42
4129.56
4137.71
4147.43
4157.5
4167.09
4175.84
4181
4187.71
4193.63
4198.93
4203.76
4208.27
4212.58
4216.79
4220.95
4225.14
4229.39
4233.73
4238.19
4242.79
4247.54
4252.45
4257.53
4262.79
4268.25
4273.92
4279.79
4285.89
4292.22
4298.8
4305.63
4312.73
4320.11
4327.79
4335.78
4344.09
4352.74
4361.75
4371.12
4380.89
4391.06
4401.65
4412.68
4424.17
4436.12
4448.57
4461.52
4474.98
4488.98
4503.51
4518.57
4534.18
4550.33
4567
4589.83
4607.54
4625.68
4644.19
4662.99
4681.99
4701.06
4720.06
4738.8
4757.06
4774.56
4790.97
4805.89
4818.8
4822.57
4829.28
4831.27
4826.74
4819.28
4784.73
4733.1
4637.07
4451.8
4063.99
4106.75
4102.84
4237.26
4303.88
4354.46
4397.02
4439.65
4473.64
4503.47
4529.42
4552.03
4566.43
4584.1
4600.17
4615.08
4629.13
4642.57
4655.56
4668.22
4680.62
4692.8
4704.81
4716.64
4728.32
4739.84
4751.2
4762.41
4773.44
4784.31
4795.01
4805.53
4815.87
4826.02
4835.99
4845.75
4855.32
4864.68
4873.83
4882.76
4891.47
4899.96
4908.21
4916.23
4924
4931.53
4938.8
4945.81
4952.56
4959.03
4965.24
4971.16
4976.8
4982.15
4987.21
4991.97
4996.43
5000.59
5004.45
5008
5011.24
5014.18
5016.8
5019.11
5021.1
5022.76
5024.09
5025.06
5025.64
5025.78
5025.35
5024.2
5022.01
5018.24
5018.98
5008.18
4989.29
4954.57
4883.83
4709.15
4268.69
4052.5
4363.02
4385.77
4396.86
4413.34
4429.43
4446.98
4465.84
4484.89
4508.55
4526.23
4542.89
4558.57
4573.42
4587.59
4601.22
4614.42
4627.3
4639.93
4652.34
4664.59
4676.69
4688.65
4700.48
4712.18
4723.76
4735.21
4746.53
4757.72
4768.78
4779.69
4790.45
4801.07
4811.54
4821.84
4825.32
4835.25
4845.01
4854.59
4863.97
4873.16
4882.15
4890.93
4899.49
4907.82
4915.92
4923.78
4931.39
4938.74
4945.83
4952.64
4959.18
4972.48
4971.36
4977
4982.33
4987.34
4992.02
4996.37
5000.38
5004.04
5007.35
5010.29
5012.87
5015.05
5016.83
5018.17
5019.02
5019.3
5018.89
5017.55
5014.92
5010.32
5009.61
4996.33
4972.95
4929.66
4841.75
4626.35
4563.1
4142.74
4596.69
4552.56
4510.31
4488.51
4477.44
4475.25
4479.73
4488.42
4504.7
4517.21
4530.3
4543.56
4556.77
4569.82
4582.69
4595.37
4607.87
4620.22
4632.43
4644.51
4656.48
4668.34
4680.09
4691.74
4703.29
4714.74
4726.08
4737.32
4748.45
4759.46
4770.36
4781.13
4791.77
4802.29
4812.67
4822.9
4832.98
4842.91
4852.67
4855.52
4864.9
4874.1
4883.1
4891.89
4900.48
4908.83
4916.96
4924.84
4932.47
4939.84
4946.93
4953.74
4967.29
4966.47
4972.36
4977.93
4983.17
4988.06
4992.59
4996.76
5000.55
5003.95
5006.94
5009.52
5011.63
5013.26
5014.34
5014.78
5014.42
5013.03
5010.16
5005.07
5003.43
4988.51
4962.21
4913.76
4817.11
4595.76
4383.11
4246.53
4697.02
4634.57
4574.8
4535.82
4510.23
4501.63
4497.44
4499.79
4506.39
4515.63
4526.43
4538.11
4550.22
4562.51
4574.85
4587.15
4599.38
4611.52
4623.57
4635.52
4647.38
4659.14
4670.82
4682.4
4693.9
4705.31
4716.62
4727.84
4738.97
4749.99
4760.91
4771.72
4782.42
4793
4803.46
4813.79
4823.98
4834.03
4843.93
4853.67
4863.25
4865.89
4875.08
4884.07
4892.87
4901.45
4909.81
4917.94
4925.82
4933.45
4940.81
4947.88
4954.67
4961.16
4967.33
4973.17
4978.68
4983.83
4988.63
4993.05
4997.08
5000.72
5003.93
5006.7
5009
5010.79
5012
5012.53
5012.23
5010.83
5007.87
5009.63
5000.5
4984.82
4957.22
4906.73
4807.89
4598.27
4147.37
4249.98
4702.88
4640.18
4580.17
4541.03
4515.34
4496.56
4492.37
4494.69
4501.24
4510.42
4521.16
4532.76
4544.8
4557.03
4569.3
4581.54
4593.7
4605.78
4617.77
4629.66
4641.46
4653.17
4664.8
4676.33
4687.78
4699.14
4710.41
4721.58
4732.66
4743.64
4754.52
4765.29
4775.95
4786.49
4796.92
4807.21
4817.37
4827.39
4837.25
4846.97
4856.51
4872.65
4881.87
4890.89
4899.71
4908.32
4916.71
4924.86
4932.76
4940.4
4947.78
4954.88
4961.68
4968.18
4974.37
4980.22
4985.74
4990.91
4995.71
5000.14
5004.19
5007.82
5011.04
5013.82
5016.12
5017.91
5019.12
5019.65
5019.34
5017.92
5014.95
5002.56
4993.46
4977.84
4950.34
4900.01
4801.52
4592.7
4150.77
4140.01
4602.17
4557.84
4515.41
4493.51
4482.41
4480.22
4484.74
4493.49
4499.56
4511.99
4525
4538.19
4551.32
4564.3
4577.1
4589.71
4602.15
4614.44
4626.59
4638.61
4650.52
4662.33
4674.03
4685.63
4697.13
4708.53
4719.83
4731.02
4742.1
4753.07
4763.93
4774.66
4785.27
4795.75
4806.09
4816.29
4826.34
4836.23
4845.96
4862.26
4871.67
4880.89
4889.92
4898.74
4907.35
4915.73
4923.88
4931.79
4939.44
4946.82
4953.93
4960.76
4960.26
4973.51
4979.42
4985
4990.25
4995.15
4999.69
5003.87
5007.66
5011.07
5014.07
5016.64
5018.76
5020.39
5021.47
5021.9
5021.54
5020.13
5017.25
5012.14
4996.39
4981.52
4955.31
4907.02
4810.7
4601.36
4379.1
4052.5
4358.58
4390.26
4401.39
4417.95
4434.14
4451.8
4470.77
4489.94
4503.39
4520.97
4537.53
4553.13
4567.9
4581.99
4595.54
4608.68
4621.49
4634.05
4646.41
4658.6
4670.64
4682.55
4694.33
4705.98
4717.51
4728.91
4740.19
4751.34
4762.35
4773.22
4783.94
4794.52
4804.95
4815.22
4831.98
4841.94
4851.73
4861.34
4870.75
4879.97
4888.99
4897.79
4906.37
4914.73
4922.86
4930.74
4938.37
4945.74
4952.84
4959.67
4966.22
4965.42
4978.43
4984.09
4989.42
4994.44
4999.13
5003.49
5007.5
5011.17
5014.49
5017.44
5020.01
5022.2
5023.98
5025.31
5026.16
5026.44
5026.01
5024.67
5022.02
5017.41
5002.55
4989.32
4966.01
4922.87
4835.25
4632.08
4558.39
4106.75
4100.5
4240.7
4307.78
4358.68
4401.51
4434.92
4468.71
4498.37
4524.17
4546.65
4571.91
4589.68
4605.84
4620.82
4634.95
4648.46
4661.52
4674.24
4686.69
4698.94
4711
4722.89
4734.62
4746.18
4757.59
4768.84
4779.92
4790.84
4801.57
4812.13
4822.51
4832.7
4842.69
4852.49
4862.09
4871.48
4880.66
4889.62
4898.36
4906.87
4915.15
4923.19
4930.98
4938.53
4945.82
4952.85
4959.61
4966.1
4972.32
4978.26
4983.91
4989.27
4994.34
4999.11
5003.58
5007.75
5011.61
5015.17
5018.41
5021.35
5023.97
5026.28
5028.27
5029.93
5031.26
5032.23
5032.81
5032.93
5032.5
5031.34
5029.14
5025.35
5011.89
5001.12
4982.3
4947.69
4877.19
4703.14
4264.73
4095.98
3980.92
4094.04
4193.7
4269
4317.34
4342.75
4318.14
4397.64
4401.31
4403.61
4406.15
4408.88
4411.88
4415.19
4418.83
4422.78
4427.01
4436.49
4441.26
4446.28
4451.54
4457.03
4462.77
4468.76
4474.99
4481.49
4488.24
4495.26
4502.56
4510.12
4517.96
4526.08
4534.47
4543.15
4552.1
4561.33
4570.83
4580.6
4590.64
4600.94
4611.51
4622.32
4633.38
4644.68
4656.21
4667.96
4679.92
4692.08
4704.42
4716.95
4729.63
4742.46
4755.43
4768.51
4781.7
4794.97
4808.32
4821.72
4835.16
4848.62
4862.09
4875.55
4889
4902.42
4915.81
4929.15
4942.46
4955.74
4968.99
4982.25
4995.5
5008.73
5021.73
5033.9
5043.26
5044.03
5018.46
4900.09
4371.68
4133.2
4116.05
4034.89
4107.61
4189.1
4257.98
4305.4
4334.16
4350.25
4356.56
4345.99
4171.74
4251.37
4326.67
4349.81
4361.66
4369.88
4376.69
4382.91
4388.92
4394.9
4400.95
4407.14
4413.51
4420.09
4426.89
4433.94
4441.25
4448.82
4456.67
4464.79
4478.33
4487.07
4496.11
4505.44
4515.08
4525.01
4535.25
4545.78
4556.6
4567.72
4579.12
4590.81
4602.77
4615
4627.48
4640.23
4653.21
4666.42
4679.85
4693.49
4707.31
4721.31
4735.47
4749.77
4764.2
4778.73
4793.36
4808.05
4822.79
4837.56
4852.34
4867.12
4881.87
4896.59
4911.25
4925.83
4940.34
4954.76
4969.07
4976.32
4990.25
5003.85
5016.74
5027.96
5034.89
5030.23
4991
4817.86
4111.33
4130.69
4331.4
4244.59
4126.8
4109.15
4240.4
4302.56
4323.47
4329.41
4330.34
4333.7
4330.21
4318.74
4266.48
4080.21
4274.3
4321.18
4338.23
4348.2
4355.93
4362.84
4369.49
4376.11
4382.84
4389.74
4396.85
4404.2
4411.81
4419.7
4427.87
4436.33
4445.1
4454.17
4468.61
4478.35
4488.41
4498.79
4509.49
4520.51
4531.85
4543.5
4555.46
4567.73
4580.3
4593.17
4606.32
4619.75
4633.45
4647.4
4661.6
4676.03
4690.67
4705.51
4720.54
4735.73
4751.06
4766.53
4782.09
4797.75
4813.46
4829.22
4845
4860.77
4876.53
4892.24
4907.88
4923.45
4938.91
4954.24
4969.41
4984.38
4999.04
5006.17
5019.28
5030.25
5036.05
5028.44
4981.99
4799.69
4274
4096.84
4469.08
4416.17
4355.74
4177.17
4289.52
4331.01
4328.22
4322.93
4319.08
4321.37
4320.73
4320.98
4320.84
4312.22
4061.5
4314.67
4330.44
4337.65
4343.71
4349.63
4355.68
4361.93
4373.05
4379.85
4386.93
4394.3
4401.97
4409.94
4418.23
4426.83
4435.75
4445
4454.57
4464.48
4474.72
4485.29
4496.2
4507.44
4519.01
4530.91
4543.14
4555.69
4568.56
4581.74
4595.22
4608.99
4623.05
4637.37
4651.96
4666.8
4681.86
4697.14
4712.61
4728.27
4744.08
4760.04
4776.11
4792.27
4808.51
4824.8
4841.11
4857.43
4873.73
4890
4906.19
4922.31
4938.31
4954.18
4969.88
4985.34
5000.46
5015.01
5028.48
5039.64
5045.36
5037.26
4990.76
4820.92
4354.72
4099.26
4464.08
4411.34
4351.16
4180.99
4293.83
4335.48
4332.67
4327.34
4323.47
4317
4316.36
4316.62
4316.47
4307.89
4064.62
4319.04
4334.88
4342.12
4348.2
4354.15
4360.23
4366.51
4368.43
4375.2
4382.25
4389.59
4397.22
4405.16
4413.41
4421.97
4430.86
4440.06
4449.6
4459.46
4469.65
4480.18
4491.04
4502.24
4513.76
4525.61
4537.79
4550.29
4563.11
4576.24
4589.66
4603.38
4617.38
4631.66
4646.19
4660.97
4675.98
4691.2
4706.62
4722.22
4737.98
4753.87
4769.88
4785.99
4802.17
4818.41
4834.67
4850.93
4867.18
4883.38
4899.53
4915.59
4931.54
4947.36
4963
4978.41
4993.48
5007.98
5021.41
5032.53
5038.23
5030.14
4983.78
4827.36
4350.26
4130.69
4335.79
4248.64
4130.29
4112.63
4244.48
4306.9
4327.9
4333.85
4334.79
4329.26
4325.78
4314.37
4262.34
4076.97
4278.51
4325.59
4342.72
4352.74
4360.5
4367.44
4374.12
4380.78
4387.54
4394.47
4401.61
4408.99
4416.64
4424.56
4432.76
4441.27
4450.07
4459.19
4463.56
4473.26
4483.28
4493.62
4504.27
4515.25
4526.54
4538.14
4550.06
4562.28
4574.8
4587.61
4600.72
4614.09
4627.74
4641.64
4655.79
4670.16
4684.75
4699.54
4714.51
4729.65
4744.93
4760.33
4775.85
4791.45
4807.11
4822.81
4838.53
4854.26
4869.96
4885.61
4901.21
4916.72
4932.13
4947.41
4962.54
4977.46
4992.07
5013.19
5026.35
5037.35
5043.18
5035.55
4988.97
4806.08
4269.68
4133.2
4116.05
4034.89
4110.96
4192.9
4262.11
4309.75
4338.64
4354.81
4361.14
4341.46
4167.99
4255.52
4331.14
4354.38
4366.28
4374.55
4381.39
4387.64
4393.67
4399.68
4405.76
4411.98
4418.37
4424.98
4431.81
4438.89
4446.23
4453.83
4461.71
4469.88
4473.21
4481.92
4490.92
4500.22
4509.81
4519.71
4529.9
4540.39
4551.17
4562.24
4573.6
4585.24
4597.16
4609.34
4621.78
4634.48
4647.41
4660.57
4673.96
4687.54
4701.32
4715.27
4729.38
4743.63
4758
4772.49
4787.06
4801.7
4816.39
4831.11
4845.85
4860.58
4875.28
4889.95
4904.56
4919.1
4933.56
4947.93
4962.19
4983.24
4997.22
5010.87
5023.8
5035.06
5042.01
5037.35
4998.01
4824.32
4107.27
4098.85
3980.92
4096.86
4197.3
4273.09
4321.71
4347.28
4322.59
4402.43
4406.12
4408.44
4410.99
4413.74
4416.76
4420.09
4423.75
4427.71
4431.96
4431.51
4436.27
4441.26
4446.5
4451.97
4457.68
4463.64
4469.85
4476.32
4483.05
4490.04
4497.3
4504.84
4512.65
4520.73
4529.09
4537.73
4546.65
4555.84
4565.31
4575.04
4585.04
4595.31
4605.83
4616.61
4627.63
4638.89
4650.37
4662.08
4674
4686.11
4698.42
4710.89
4723.53
4736.32
4749.24
4762.28
4775.43
4788.66
4801.96
4815.31
4828.71
4842.12
4855.55
4868.97
4882.37
4895.75
4909.09
4922.4
4935.66
4948.9
4962.11
4975.32
4988.54
5001.72
5014.68
5026.8
5036.13
5036.9
5011.4
4893.4
4366.9
3968.78
3931.07
3919.46
3922.76
3934.33
3942.91
3948.71
3954.2
3956.62
3958.25
3959.48
3958.68
3959.66
3960.65
3961.66
3962.71
3963.78
3964.85
3965.87
3966.72
3967.09
3966.08
3960.99
3958.75
3971.98
3977.69
3981.18
3984.01
3986.67
3989.34
3992.11
3995.02
3998.11
4001.4
4004.9
4008.66
4012.68
4017
4021.63
4026.62
4031.98
4037.76
4043.98
4050.69
4055.46
4063.22
4071.61
4080.67
4090.47
4101.06
4112.53
4124.94
4138.38
4152.93
4168.69
4185.74
4204.19
4224.14
4245.71
4272.87
4294.1
4321.13
4354.48
4385.76
4419.18
4454.76
4492.48
4532.29
4574.09
4617.73
4663.08
4710.01
4758.55
4809.03
4862.23
4919.34
4980.2
5034.17
5010.08
4570
4089.76
3957.5
3921.85
3922.77
3933.3
3938.64
3941.5
3943.23
3946.11
3947.08
3946.29
3947.2
3948.15
3949.14
3950.19
3951.28
3952.42
3953.59
3954.81
3956.05
3957.32
3958.6
3959.87
3961.09
3962.18
3962.99
3963.19
3962.24
3960.86
3966.37
3973.76
3978.39
3982.22
3985.71
3989.15
3992.67
3996.35
4000.24
4004.4
4008.84
4013.62
4018.76
4024.31
4030.31
4036.79
4043.81
4051.41
4059.66
4068.62
4078.35
4088.93
4100.44
4112.96
4126.6
4141.46
4157.65
4175.29
4194.51
4215.44
4238.22
4263
4285.98
4315.01
4346.45
4380.41
4416.95
4456.15
4497.99
4542.42
4589.32
4638.53
4689.83
4743.03
4798.05
4854.93
4913.56
4971.55
5012.84
4917.49
4550.49
4041.35
4005.1
3945.52
3925.73
3939.08
3940.95
3940.69
3940.34
3941.92
3940.51
3941
3941.69
3942.52
3943.46
3944.48
3945.57
3946.71
3947.9
3949.12
3950.39
3951.7
3953.05
3954.43
3955.86
3957.31
3958.78
3960.24
3961.61
3962.74
3963.3
3962.78
3965.12
3971.77
3976.28
3980.08
3983.61
3987.13
3990.77
3994.61
3998.71
4003.1
4007.82
4012.92
4018.44
4024.41
4030.9
4037.94
4045.59
4053.93
4063.01
4072.91
4083.72
4095.54
4108.45
4122.58
4138.04
4154.96
4173.5
4193.79
4216.01
4240.32
4266.9
4291.95
4323.41
4357.64
4394.78
4434.92
4478.11
4524.36
4573.55
4625.5
4679.96
4736.59
4795.08
4855.18
4916.38
4975.81
5015.27
4893.36
4628.9
4041.05
4027.89
3974.16
3924.7
3947.83
3944.39
3941.54
3939.83
3940.63
3938.79
3939.04
3939.58
3940.34
3941.24
3942.24
3943.32
3944.45
3945.64
3946.87
3948.14
3949.46
3950.82
3952.24
3953.71
3955.23
3956.82
3958.47
3960.19
3961.97
3963.75
3965.33
3965.54
3967.98
3973.86
3977.28
3980.38
3983.56
3986.92
3990.51
3994.37
3998.53
4003.03
4007.89
4013.16
4018.88
4025.09
4031.85
4039.21
4047.24
4056
4065.57
4076.03
4084.89
4097.34
4110.99
4125.97
4142.41
4160.47
4180.3
4202.07
4225.97
4252.19
4284.83
4312.37
4350.98
4388.57
4429.38
4473.47
4520.85
4571.47
4625.12
4681.54
4740.34
4801.16
4863.72
4920.96
4983.8
5031.1
4972.69
4639.63
4038.93
4025.63
3972.27
3926.1
3949.58
3946.12
3943.24
3941.49
3938.99
3940.4
3940.63
3941.16
3941.91
3942.8
3943.8
3944.87
3946
3947.19
3948.42
3949.69
3951.01
3952.37
3953.79
3955.26
3956.78
3958.38
3960.03
3961.76
3963.54
3965.32
3966.87
3966.97
3966.68
3972.29
3975.64
3978.7
3981.85
3985.18
3988.74
3992.56
3996.69
4001.14
4005.96
4011.18
4016.85
4023.01
4029.71
4037
4044.96
4053.65
4063.14
4073.52
4087.49
4100.04
4113.8
4128.88
4145.44
4163.62
4183.58
4205.5
4229.55
4255.92
4280.93
4316.45
4346.72
4384.12
4424.72
4468.6
4515.78
4566.17
4619.6
4675.78
4734.35
4794.94
4857.27
4927.65
4990.72
5038.2
4979.64
4633.9
4043.66
4007.17
3947.02
3927.17
3940.72
3942.63
3942.36
3942
3940.27
3942.14
3942.62
3943.3
3944.13
3945.06
3946.08
3947.16
3948.3
3949.48
3950.71
3951.98
3953.28
3954.63
3956.02
3957.44
3958.89
3960.36
3961.81
3963.16
3964.26
3964.76
3964.09
3966.33
3970.34
3974.71
3978.43
3981.91
3985.38
3988.98
3992.79
3996.84
4001.19
4005.88
4010.93
4016.4
4022.32
4028.75
4035.73
4043.32
4051.58
4060.59
4070.41
4081.14
4092.86
4105.68
4119.7
4135.05
4151.86
4170.27
4190.43
4212.51
4236.67
4263.09
4291.95
4327.55
4361.97
4399.29
4439.62
4483.02
4529.48
4578.88
4631.06
4685.74
4742.59
4801.31
4861.63
4923.05
4982.7
5022.32
4900.11
4623.16
4089.76
3957.5
3921.85
3924.11
3934.81
3940.24
3943.15
3944.9
3944.42
3947.08
3947.99
3948.89
3949.84
3950.83
3951.88
3952.97
3954.1
3955.28
3956.49
3957.73
3959
3960.27
3961.54
3962.75
3963.83
3964.61
3964.75
3963.7
3960.96
3967.77
3972.18
3976.71
3980.47
3983.92
3987.32
3990.81
3994.45
3998.31
4002.43
4006.84
4011.57
4016.67
4022.18
4028.12
4034.55
4041.51
4049.05
4057.24
4066.12
4075.78
4086.27
4097.7
4110.13
4123.67
4138.43
4154.51
4172.03
4191.12
4211.92
4234.57
4259.21
4285.98
4319.12
4350.73
4384.85
4421.58
4460.96
4502.99
4547.62
4594.73
4644.14
4695.65
4749.06
4804.29
4861.38
4920.23
4978.42
5019.88
4924.3
4544.89
3968.78
3930.67
3919.46
3923.9
3935.74
3944.5
3950.4
3952.43
3954.81
3956.42
3959.48
3960.53
3961.51
3962.5
3963.52
3964.57
3965.64
3966.71
3967.72
3968.56
3968.91
3967.84
3962.58
3960.21
3970.24
3975.85
3979.29
3982.09
3984.73
3987.38
3990.13
3993.03
3996.09
3999.35
4002.84
4006.56
4010.56
4014.84
4019.44
4024.39
4029.71
4035.44
4041.62
4048.28
4057.94
4065.75
4074.2
4083.33
4093.2
4103.87
4115.42
4127.92
4141.45
4156.1
4171.95
4189.11
4207.68
4227.75
4249.45
4268.99
4298.11
4325.29
4350.17
4381.29
4414.55
4449.96
4487.51
4527.14
4568.76
4612.22
4657.38
4704.13
4752.48
4802.77
4855.77
4912.68
4973.33
5027.1
5017.14
4564.3
3930.44
3883.32
3881.57
3886.72
3888.68
3889.71
3890.94
3892.36
3894.08
3896.02
3898.14
3900.38
3902.72
3905.13
3907.6
3910.11
3912.65
3915.2
3917.78
3920.36
3922.94
3925.51
3928.08
3930.63
3933.16
3935.65
3938.1
3940.49
3942.81
3945.03
3947.11
3949
3950.62
3951.86
3952.54
3952.42
3951.25
3948.9
3946.61
3953.76
3960.2
3965.59
3970
3973.63
3976.67
3979.28
3981.56
3983.56
3985.32
3986.86
3988.18
3989.29
3990.17
3990.8
3991.16
3991.21
3990.93
3990.25
3989.13
3988.01
3996.2
4005.7
4016.79
4029.78
4045.06
4063.1
4084.47
4109.85
4140.04
4175.96
4218.66
4269.3
4325.03
4394.98
4477.09
4574.24
4692.61
4849.67
5014.62
4938.04
4001.5
3894.04
3879.04
3881.41
3885.17
3888.02
3890.45
3892.73
3894.94
3897.13
3899.34
3901.6
3903.91
3906.27
3908.67
3911.1
3913.56
3916.05
3918.55
3921.06
3923.57
3926.09
3928.59
3931.09
3933.57
3936.02
3938.45
3940.83
3943.16
3945.44
3947.64
3949.76
3951.76
3953.63
3955.33
3956.83
3958.07
3959
3959.55
3959.66
3959.26
3958.36
3957.34
3955.31
3960.21
3965.33
3970.06
3974.32
3978.07
3981.31
3984.1
3986.45
3988.42
3990.02
3991.26
3992.15
3992.66
3992.77
3992.45
3991.62
3990.22
3992.74
4002.02
4013.07
4026.27
4042.13
4061.25
4084.39
4112.5
4146.72
4188.43
4239.2
4296.87
4370.62
4458.55
4562.02
4682.19
4813.14
4740.82
4939.78
4005.62
3920.68
3885.93
3877.6
3880.77
3885.49
3889.26
3892.34
3894.92
3897.37
3899.73
3902.06
3904.41
3906.78
3909.18
3911.61
3914.08
3916.56
3919.07
3921.59
3924.12
3926.65
3929.19
3931.72
3934.25
3936.76
3939.25
3941.72
3944.16
3946.56
3948.91
3951.2
3953.43
3955.57
3957.6
3959.49
3961.22
3962.74
3963.98
3964.86
3965.3
3965.19
3964.43
3962.99
3960.93
3958.56
3964.46
3969.99
3974.94
3979.22
3982.85
3985.89
3988.4
3990.46
3992.1
3993.35
3994.21
3994.67
3994.7
3994.26
3993.27
3991.65
3993.86
4003.83
4015.85
4030.44
4048.21
4069.98
4096.75
4129.78
4170.63
4221.11
4279.46
4354.89
4445.66
4552.61
4674.86
4790.4
4232.55
4961.48
4040.63
3937.55
3893.77
3878.96
3877.42
3883.65
3888.16
3891.7
3894.63
3897.25
3899.71
3902.07
3904.45
3906.85
3909.28
3911.73
3914.21
3916.72
3919.26
3921.81
3924.37
3926.95
3929.54
3932.12
3934.71
3937.3
3939.88
3942.45
3945.01
3947.55
3950.07
3952.57
3955.04
3957.47
3959.86
3962.19
3964.47
3966.66
3968.74
3970.66
3972.35
3973.65
3974.26
3973.52
3970.18
3962.93
3966.69
3976.66
3983.01
3987.1
3989.97
3992.16
3993.89
3995.28
3996.38
3997.19
3997.71
3997.91
3997.76
3997.18
3996.11
3994.47
3992.11
3998.85
4010.56
4024.77
4042.14
4063.5
4089.9
4122.67
4163.47
4214.27
4277.3
4350.64
4444.26
4555.94
4687.4
4831.22
4952.71
4944.62
4038.34
3936.41
3892.94
3879.76
3877.42
3883.65
3888.16
3891.7
3894.63
3897.25
3899.71
3902.07
3904.45
3906.85
3909.28
3911.73
3914.21
3916.72
3919.26
3921.81
3924.37
3926.95
3929.54
3932.12
3934.71
3937.3
3939.88
3942.45
3945.01
3947.55
3950.07
3952.57
3955.04
3957.47
3959.86
3962.19
3964.47
3966.66
3968.74
3970.66
3972.35
3973.65
3974.26
3973.52
3970.18
3962.93
3966.69
3976.66
3983.01
3987.1
3989.97
3992.16
3993.89
3995.28
3996.38
3997.19
3997.71
3997.91
3997.76
3997.18
3996.11
3994.47
3992.11
3997.4
4008.95
4022.99
4040.17
4061.31
4087.47
4119.96
4160.45
4210.9
4273.53
4354.85
4448.95
4561.15
4693.18
4837.58
4945.88
4937.8
4003.41
3919.61
3885.93
3877.6
3880.77
3885.49
3889.26
3892.34
3894.92
3897.37
3899.73
3902.06
3904.41
3906.78
3909.18
3911.61
3914.08
3916.56
3919.07
3921.59
3924.12
3926.65
3929.19
3931.72
3934.25
3936.76
3939.25
3941.72
3944.16
3946.56
3948.91
3951.2
3953.43
3955.57
3957.6
3959.49
3961.22
3962.74
3963.98
3964.86
3965.3
3965.19
3964.43
3962.99
3960.93
3958.79
3964.46
3969.99
3974.94
3979.22
3982.85
3985.89
3988.4
3990.46
3992.1
3993.35
3994.21
3994.67
3994.7
3994.26
3993.27
3991.65
3992.48
4002.32
4014.19
4028.61
4046.19
4067.74
4094.26
4127.02
4167.56
4217.69
4279.46
4359.13
4450.37
4557.83
4680.6
4796.65
4227.69
4954.6
4004.03
3895.02
3878.51
3881.41
3885.17
3888.02
3890.45
3892.73
3894.94
3897.13
3899.34
3901.6
3903.91
3906.27
3908.67
3911.1
3913.56
3916.05
3918.55
3921.06
3923.57
3926.09
3928.59
3931.09
3933.57
3936.02
3938.45
3940.83
3943.16
3945.44
3947.64
3949.76
3951.76
3953.63
3955.33
3956.83
3958.07
3959
3959.55
3959.66
3959.26
3958.36
3957.34
3955.69
3960.21
3965.33
3970.06
3974.32
3978.07
3981.31
3984.1
3986.45
3988.42
3990.02
3991.26
3992.15
3992.66
3992.77
3992.45
3991.62
3990.22
3991.36
4000.51
4011.42
4024.47
4040.15
4059.08
4082
4109.87
4143.82
4185.23
4235.67
4296.87
4374.95
4463.32
4567.27
4687.96
4819.45
4734.56
4932.93
3930.44
3883.32
3881.57
3886.72
3888.68
3889.71
3890.94
3892.36
3894.08
3896.02
3898.14
3900.38
3902.72
3905.13
3907.6
3910.11
3912.65
3915.2
3917.78
3920.36
3922.94
3925.51
3928.08
3930.63
3933.16
3935.65
3938.1
3940.49
3942.81
3945.03
3947.11
3949
3950.62
3951.86
3952.54
3952.42
3951.25
3948.9
3946.61
3953.76
3960.2
3965.59
3970
3973.63
3976.67
3979.28
3981.56
3983.56
3985.32
3986.86
3988.18
3989.29
3990.17
3990.8
3991.16
3991.21
3990.93
3990.25
3989.13
3987.48
3994.7
4004.09
4015.04
4027.89
4043.01
4060.88
4082.06
4107.22
4137.17
4172.83
4215.25
4265.57
4329.11
4399.43
4481.95
4579.54
4698.41
4843.28
5007.63
4931.24
3877.47
3856.41
3855.01
3857.48
3858.99
3860.11
3861.3
3862.59
3863.93
3865.14
3866
3867.07
3870.11
3873.09
3875.84
3878.51
3881.17
3883.84
3886.53
3889.27
3892.03
3894.84
3897.67
3900.54
3903.44
3906.36
3909.3
3912.26
3915.23
3918.21
3921.2
3924.2
3927.19
3930.18
3933.17
3936.15
3939.12
3942.07
3945
3947.92
3950.81
3953.68
3956.53
3959.34
3962.12
3964.87
3967.58
3970.26
3972.9
3975.5
3978.06
3980.58
3983.05
3985.48
3987.86
3990.2
3992.49
3994.73
3996.93
3999.07
4001.16
4003.2
4005.17
4007.08
4008.9
4010.64
4012.25
4013.7
4014.92
4015.8
4016.16
4015.67
4013.76
4009.32
4000.15
4036.49
4117.59
4294.51
4740.63
3876.51
3877.87
3858.46
3851.39
3853.54
3856.99
3859.61
3861.68
3863.5
3865.25
3867.01
3868.82
3870.66
3872.51
3874.31
3875.98
3877.45
3878.7
3880.63
3884.42
3888.05
3891.47
3894.72
3897.86
3900.92
3903.96
3906.97
3909.97
3912.96
3915.96
3918.95
3921.94
3924.93
3927.91
3930.89
3933.86
3936.82
3939.76
3942.69
3945.6
3948.48
3951.35
3954.19
3957
3959.78
3962.54
3965.26
3967.94
3970.59
3973.21
3975.78
3978.32
3980.81
3983.27
3985.68
3988.06
3990.39
3992.68
3994.92
3997.13
3999.29
4001.41
4003.48
4005.51
4007.49
4009.4
4011.24
4012.98
4014.58
4015.97
4017.03
4017.54
4017.14
4015.1
4010.12
3999.62
4040.13
4130.42
4328.84
4786.8
5021.88
3950.31
3891.59
3865.11
3856.23
3853.58
3858.09
3861.37
3863.82
3865.98
3868
3870
3872.01
3874.09
3876.22
3878.4
3880.62
3882.86
3885.07
3887.2
3889.13
3890.71
3891.78
3893.56
3898.21
3902.45
3906.22
3909.67
3912.92
3916.06
3919.13
3922.16
3925.17
3928.15
3931.12
3934.07
3937.01
3939.93
3942.83
3945.71
3948.57
3951.41
3954.22
3957
3959.75
3962.47
3965.16
3967.81
3970.43
3973.01
3975.55
3978.06
3980.52
3982.94
3985.33
3987.67
3989.97
3992.22
3994.44
3996.62
3998.75
4000.84
4002.89
4004.89
4006.85
4008.75
4010.57
4012.3
4013.89
4015.26
4016.29
4016.74
4016.18
4013.81
4008.21
3997.07
4035.3
4103.92
4234.02
4713.33
4907.53
3986.24
3908.64
3873.5
3860.05
3853.25
3856.78
3860.78
3863.76
3866.2
3868.38
3870.48
3872.53
3874.66
3876.86
3879.12
3881.46
3883.86
3886.32
3888.83
3891.38
3893.96
3896.52
3898.98
3901.03
3901.51
3903.13
3909.26
3913.11
3916.33
3919.37
3922.35
3925.3
3928.24
3931.16
3934.08
3936.98
3939.87
3942.74
3945.59
3948.42
3951.23
3954.02
3956.77
3959.5
3962.2
3964.86
3967.49
3970.08
3972.64
3975.15
3977.63
3980.07
3982.46
3984.81
3987.13
3989.4
3991.62
3993.81
3995.95
3998.06
4000.12
4002.14
4004.12
4006.05
4007.94
4009.76
4011.52
4013.17
4014.68
4015.94
4016.78
4016.88
4015.54
4011.35
4001.45
4018.58
4060.16
4258.71
4401.93
4890.29
3985
3908.21
3873.21
3860.43
3853.69
3856.78
3860.78
3863.76
3866.2
3868.38
3870.48
3872.53
3874.66
3876.86
3879.12
3881.46
3883.86
3886.32
3888.83
3891.38
3893.96
3896.52
3898.98
3901.03
3901.51
3903.13
3909.26
3913.11
3916.33
3919.37
3922.35
3925.3
3928.24
3931.16
3934.08
3936.98
3939.87
3942.74
3945.59
3948.42
3951.23
3954.02
3956.77
3959.5
3962.2
3964.86
3967.49
3970.08
3972.64
3975.15
3977.63
3980.07
3982.46
3984.81
3987.13
3989.4
3991.62
3993.81
3995.95
3998.06
4000.12
4002.14
4004.12
4006.05
4007.94
4009.76
4011.52
4013.17
4014.68
4015.94
4016.78
4016.88
4015.54
4011.35
4001.45
4019.94
4062.29
4254.96
4397.21
4896.76
3949.13
3891.2
3865.39
3856.6
3853.29
3858.09
3861.37
3863.82
3865.98
3868
3870
3872.01
3874.09
3876.22
3878.4
3880.62
3882.86
3885.07
3887.2
3889.13
3890.71
3891.78
3893.56
3898.21
3902.45
3906.22
3909.67
3912.92
3916.06
3919.13
3922.16
3925.17
3928.15
3931.12
3934.07
3937.01
3939.93
3942.83
3945.71
3948.57
3951.41
3954.22
3957
3959.75
3962.47
3965.16
3967.81
3970.43
3973.01
3975.55
3978.06
3980.52
3982.94
3985.33
3987.67
3989.97
3992.22
3994.44
3996.62
3998.75
4000.84
4002.89
4004.89
4006.85
4008.75
4010.57
4012.3
4013.89
4015.26
4016.29
4016.74
4016.18
4013.81
4008.21
3997.07
4036.96
4106.36
4234.04
4719.31
4914.27
3877.87
3858.13
3851.7
3853.54
3856.99
3859.61
3861.68
3863.5
3865.25
3867.01
3868.82
3870.66
3872.51
3874.31
3875.98
3877.45
3878.7
3880.63
3884.42
3888.05
3891.47
3894.72
3897.86
3900.92
3903.96
3906.97
3909.97
3912.96
3915.96
3918.95
3921.94
3924.93
3927.91
3930.89
3933.86
3936.82
3939.76
3942.69
3945.6
3948.48
3951.35
3954.19
3957
3959.78
3962.54
3965.26
3967.94
3970.59
3973.21
3975.78
3978.32
3980.81
3983.27
3985.68
3988.06
3990.39
3992.68
3994.92
3997.13
3999.29
4001.41
4003.48
4005.51
4007.49
4009.4
4011.24
4012.98
4014.58
4015.97
4017.03
4017.54
4017.14
4015.1
4010.12
3999.62
4038.34
4127.75
4328.83
4792.97
5014.8
3877.47
3856.41
3855.01
3857.48
3858.99
3860.11
3861.3
3862.59
3863.93
3865.14
3866
3866.77
3870.11
3873.09
3875.84
3878.51
3881.17
3883.84
3886.53
3889.27
3892.03
3894.84
3897.67
3900.54
3903.44
3906.36
3909.3
3912.26
3915.23
3918.21
3921.2
3924.2
3927.19
3930.18
3933.17
3936.15
3939.12
3942.07
3945
3947.92
3950.81
3953.68
3956.53
3959.34
3962.12
3964.87
3967.58
3970.26
3972.9
3975.5
3978.06
3980.58
3983.05
3985.48
3987.86
3990.2
3992.49
3994.73
3996.93
3999.07
4001.16
4003.2
4005.17
4007.08
4008.9
4010.64
4012.25
4013.7
4014.92
4015.8
4016.16
4015.67
4013.76
4009.32
4000.15
4034.71
4115
4294.51
4734.67
3873.8
)
;

boundaryField
{
    left
    {
        type            zeroGradient;
    }
    right
    {
        type            zeroGradient;
    }
    back
    {
        type            zeroGradient;
    }
    front
    {
        type            zeroGradient;
    }
    top
    {
        type            zeroGradient;
    }
    bottom
    {
        type            zeroGradient;
    }
}


// ************************************************************************* //
