/*--------------------------------*- C++ -*----------------------------------*\
| =========                 |                                                 |
| \\      /  F ield         | foam-extend: Open Source CFD                    |
|  \\    /   O peration     | Version:     4.1                                |
|   \\  /    A nd           | Web:         http://www.foam-extend.org         |
|    \\/     M anipulation  |                                                 |
\*---------------------------------------------------------------------------*/
FoamFile
{
    version     2.0;
    format      ascii;
    class       volScalarField;
    location    "0.193";
    object      p;
}
// * * * * * * * * * * * * * * * * * * * * * * * * * * * * * * * * * * * * * //

dimensions      [1 -1 -2 0 0 0 0];

internalField   nonuniform List<scalar> 
5120
(
-409.239
-319.817
-307.67
-301.754
-296.263
-290.632
-284.527
-277.938
-270.974
-263.756
-256.388
-248.954
-241.517
-234.121
-226.797
-219.567
-212.443
-205.435
-198.548
-191.786
-185.149
-178.64
-172.257
-166.001
-159.872
-153.869
-147.992
-142.239
-136.61
-131.105
-125.722
-120.461
-115.321
-110.302
-105.403
-100.622
-95.9595
-91.4146
-86.9864
-82.6742
-78.4774
-74.3953
-70.4271
-66.5722
-62.8299
-59.1996
-55.6807
-52.2725
-48.9745
-45.786
-42.7065
-39.7354
-36.8721
-34.1162
-31.467
-28.9241
-26.487
-24.1551
-21.9281
-19.8054
-17.7866
-15.8713
-14.059
-12.3492
-10.7417
-9.23601
-7.83167
-6.52828
-5.32543
-4.22264
-3.21945
-2.31533
-1.50977
-0.802374
-0.193104
0.31726
0.726502
1.02778
1.22894
1.30678
-426.375
-336.882
-321.358
-312.309
-303.124
-294.682
-286.635
-278.74
-270.927
-263.178
-255.492
-247.878
-240.349
-232.916
-225.589
-218.375
-211.28
-204.306
-197.456
-190.732
-184.134
-177.661
-171.315
-165.095
-159
-153.029
-147.183
-141.46
-135.86
-130.382
-125.026
-119.791
-114.675
-109.68
-104.803
-100.044
-95.4025
-90.8778
-86.4691
-82.1758
-77.9973
-73.9327
-69.9815
-66.1431
-62.4168
-58.8019
-55.298
-51.9042
-48.6202
-45.4452
-42.3787
-39.4202
-36.5692
-33.825
-31.1872
-28.6553
-26.2288
-23.9071
-21.6899
-19.5767
-17.567
-15.6603
-13.8564
-12.1547
-10.5548
-9.05637
-7.65898
-6.36224
-5.16578
-4.06922
-3.07225
-2.17462
-1.37628
-0.677534
-0.0793875
0.416113
0.805252
1.07974
1.25298
1.31932
-446.563
-346.65
-329.48
-319.345
-308.596
-298.626
-289.344
-280.528
-272.063
-263.87
-255.891
-248.09
-240.443
-232.939
-225.57
-218.332
-211.225
-204.246
-197.396
-190.673
-184.078
-177.609
-171.266
-165.049
-158.958
-152.99
-147.147
-141.426
-135.829
-130.353
-124.998
-119.764
-114.65
-109.655
-104.779
-100.02
-95.3789
-90.8542
-86.4455
-82.1519
-77.9729
-73.9078
-69.956
-66.1168
-62.3896
-58.7738
-55.2688
-51.8739
-48.5887
-45.4125
-42.3448
-39.3851
-36.5327
-33.7872
-31.148
-28.6148
-26.1869
-23.8638
-21.6453
-19.5307
-17.5196
-15.6117
-13.8064
-12.1034
-10.5023
-9.00261
-7.60406
-6.30626
-5.10888
-4.01164
-3.01437
-2.11704
-1.31993
-0.623757
-0.0299997
0.458832
0.838638
1.10137
1.26227
1.32225
-455.437
-349.691
-332.28
-322.138
-311.013
-300.516
-290.726
-281.485
-272.697
-264.272
-256.133
-248.224
-240.509
-232.962
-225.567
-218.314
-211.199
-204.216
-197.364
-190.642
-184.047
-177.58
-171.239
-165.024
-158.934
-152.968
-147.126
-141.407
-135.81
-130.335
-124.981
-119.748
-114.634
-109.64
-104.764
-100.006
-95.365
-90.8405
-86.4317
-82.1382
-77.9591
-73.8938
-69.9418
-66.1024
-62.3749
-58.7588
-55.2534
-51.8581
-48.5725
-45.3959
-42.3277
-39.3674
-36.5146
-33.7685
-31.1289
-28.595
-26.1666
-23.843
-21.6239
-19.5088
-17.4971
-15.5886
-13.7828
-12.0793
-10.4777
-8.97753
-7.57853
-6.28033
-5.08264
-3.98524
-2.98804
-2.09113
-1.29492
-0.600284
-0.00883368
0.476881
0.852815
1.11128
1.2683
1.32688
-455.437
-349.691
-332.28
-322.138
-311.013
-300.516
-290.726
-281.485
-272.697
-264.272
-256.133
-248.224
-240.509
-232.962
-225.567
-218.314
-211.199
-204.216
-197.364
-190.642
-184.047
-177.58
-171.239
-165.024
-158.934
-152.968
-147.126
-141.407
-135.81
-130.335
-124.981
-119.748
-114.634
-109.64
-104.764
-100.006
-95.365
-90.8405
-86.4317
-82.1382
-77.9591
-73.8938
-69.9418
-66.1024
-62.3749
-58.7588
-55.2534
-51.8581
-48.5725
-45.3959
-42.3277
-39.3674
-36.5146
-33.7685
-31.1289
-28.595
-26.1666
-23.843
-21.6239
-19.5088
-17.4971
-15.5886
-13.7828
-12.0793
-10.4777
-8.97753
-7.57853
-6.28033
-5.08264
-3.98524
-2.98804
-2.09113
-1.29492
-0.600284
-0.00883296
0.476882
0.852815
1.11128
1.2683
1.32689
-446.563
-346.65
-329.48
-319.345
-308.596
-298.626
-289.344
-280.528
-272.063
-263.87
-255.891
-248.09
-240.443
-232.939
-225.57
-218.332
-211.225
-204.246
-197.396
-190.673
-184.078
-177.609
-171.266
-165.049
-158.958
-152.99
-147.147
-141.426
-135.829
-130.353
-124.998
-119.764
-114.65
-109.655
-104.779
-100.02
-95.3789
-90.8542
-86.4455
-82.1519
-77.9729
-73.9078
-69.956
-66.1168
-62.3896
-58.7738
-55.2688
-51.8739
-48.5887
-45.4125
-42.3448
-39.3851
-36.5327
-33.7872
-31.148
-28.6148
-26.1869
-23.8638
-21.6453
-19.5307
-17.5196
-15.6117
-13.8064
-12.1034
-10.5023
-9.00261
-7.60406
-6.30626
-5.10888
-4.01164
-3.01436
-2.11704
-1.31993
-0.623757
-0.030001
0.458831
0.838637
1.10137
1.26227
1.32225
-426.375
-336.882
-321.358
-312.309
-303.124
-294.682
-286.635
-278.74
-270.927
-263.178
-255.492
-247.878
-240.349
-232.916
-225.589
-218.375
-211.28
-204.306
-197.456
-190.732
-184.134
-177.661
-171.315
-165.095
-159
-153.029
-147.183
-141.46
-135.86
-130.382
-125.026
-119.791
-114.675
-109.68
-104.803
-100.044
-95.4025
-90.8778
-86.4691
-82.1758
-77.9973
-73.9327
-69.9815
-66.1431
-62.4168
-58.8019
-55.298
-51.9042
-48.6202
-45.4452
-42.3787
-39.4202
-36.5692
-33.825
-31.1872
-28.6553
-26.2288
-23.9071
-21.6899
-19.5767
-17.567
-15.6603
-13.8564
-12.1547
-10.5548
-9.05637
-7.65898
-6.36224
-5.16578
-4.06922
-3.07225
-2.17462
-1.37628
-0.677535
-0.0793886
0.416112
0.805251
1.07974
1.25299
1.31933
-409.239
-319.817
-307.67
-301.754
-296.263
-290.632
-284.527
-277.938
-270.974
-263.756
-256.388
-248.954
-241.517
-234.121
-226.797
-219.567
-212.443
-205.435
-198.548
-191.786
-185.149
-178.64
-172.257
-166.001
-159.872
-153.869
-147.992
-142.239
-136.61
-131.105
-125.722
-120.461
-115.321
-110.302
-105.403
-100.622
-95.9595
-91.4146
-86.9864
-82.6742
-78.4774
-74.3953
-70.4271
-66.5722
-62.8299
-59.1996
-55.6807
-52.2725
-48.9745
-45.786
-42.7065
-39.7354
-36.8721
-34.1162
-31.467
-28.9241
-26.487
-24.1551
-21.9281
-19.8054
-17.7866
-15.8713
-14.059
-12.3492
-10.7417
-9.23601
-7.83167
-6.52828
-5.32543
-4.22264
-3.21945
-2.31533
-1.50977
-0.802373
-0.193104
0.317258
0.7265
1.02778
1.22894
1.30678
-282.932
-213.808
-205.382
-202.004
-197.803
-193.774
-189.703
-185.43
-180.96
-176.338
-171.611
-166.829
-162.027
-157.235
-152.475
-147.76
-143.101
-138.505
-133.977
-129.519
-125.134
-120.823
-116.587
-112.427
-108.343
-104.336
-100.406
-96.5527
-92.7766
-89.0776
-85.4558
-81.9111
-78.4435
-75.0529
-71.7392
-68.5022
-65.3419
-62.2581
-59.2507
-56.3193
-53.464
-50.6844
-47.9805
-45.3518
-42.7984
-40.3199
-37.9161
-35.5869
-33.3319
-31.1509
-29.0438
-27.0102
-25.05
-23.1628
-21.3486
-19.607
-17.9379
-16.3409
-14.8159
-13.3626
-11.9808
-10.6704
-9.43099
-8.26246
-7.16456
-6.13708
-5.17979
-4.29245
-3.47477
-2.72644
-2.04704
-1.43605
-0.89272
-0.416058
-0.00464956
0.343557
0.630992
0.858242
1.03673
1.22143
-331.647
-232.948
-213.427
-207.243
-200.032
-193.832
-188.406
-183.277
-178.287
-173.376
-168.515
-163.697
-158.923
-154.197
-149.526
-144.912
-140.36
-135.873
-131.453
-127.102
-122.821
-118.61
-114.471
-110.405
-106.411
-102.489
-98.6413
-94.8669
-91.1661
-87.5392
-83.9864
-80.5076
-77.1031
-73.7728
-70.5167
-67.3349
-64.2273
-61.1939
-58.2347
-55.3495
-52.5384
-49.8011
-47.1375
-44.5477
-42.0313
-39.5883
-37.2185
-34.9218
-32.698
-30.5469
-28.4684
-26.4622
-24.5283
-22.6663
-20.8762
-19.1578
-17.5108
-15.9351
-14.4304
-12.9966
-11.6335
-10.3409
-9.11862
-7.96645
-6.88421
-5.87168
-4.92869
-4.05502
-3.25046
-2.51477
-1.84768
-1.24892
-0.718151
-0.255004
0.141019
0.470881
0.735316
0.932701
1.08696
1.27883
-360.874
-249.319
-221.609
-212.379
-203.231
-195.598
-189.185
-183.386
-177.955
-172.765
-167.74
-162.833
-158.02
-153.288
-148.629
-144.041
-139.521
-135.07
-130.687
-126.374
-122.129
-117.955
-113.85
-109.817
-105.854
-101.963
-98.1438
-94.3964
-90.7213
-87.1187
-83.5887
-80.1315
-76.7473
-73.436
-70.1979
-67.033
-63.9412
-60.9227
-57.9774
-55.1052
-52.3063
-49.5804
-46.9275
-44.3476
-41.8406
-39.4063
-37.0446
-34.7555
-32.5387
-30.3942
-28.3218
-26.3214
-24.3928
-22.5358
-20.7504
-19.0363
-17.3933
-15.8214
-14.3202
-12.8898
-11.5298
-10.2401
-9.02055
-7.87096
-6.79115
-5.78094
-4.84015
-3.9686
-3.16613
-2.43257
-1.76778
-1.17164
-0.644085
-0.185114
0.205271
0.527412
0.781273
0.965594
1.10808
1.28875
-370.998
-254.032
-224.329
-214.467
-204.692
-196.482
-189.626
-183.505
-177.849
-172.51
-167.392
-162.432
-157.593
-152.853
-148.197
-143.619
-139.114
-134.68
-130.316
-126.021
-121.795
-117.638
-113.551
-109.534
-105.588
-101.712
-97.9069
-94.1732
-90.511
-86.9205
-83.402
-79.9556
-76.5815
-73.2799
-70.0507
-66.8942
-63.8103
-60.7991
-57.8607
-54.995
-52.202
-49.4818
-46.8341
-44.2591
-41.7565
-39.3264
-36.9686
-34.6831
-32.4697
-30.3283
-28.2588
-26.261
-24.3349
-22.4802
-20.6968
-18.9847
-17.3435
-15.7732
-14.2736
-12.8446
-11.4859
-10.1974
-8.97901
-7.83048
-6.75165
-5.74237
-4.80247
-3.9318
-3.13021
-2.39758
-1.73384
-1.13895
-0.612959
-0.156007
0.231771
0.550596
0.800301
0.979929
1.11834
1.2951
-370.998
-254.032
-224.329
-214.467
-204.692
-196.482
-189.626
-183.505
-177.849
-172.51
-167.392
-162.432
-157.593
-152.853
-148.197
-143.619
-139.114
-134.68
-130.316
-126.021
-121.795
-117.638
-113.551
-109.534
-105.588
-101.712
-97.9069
-94.1732
-90.511
-86.9205
-83.402
-79.9556
-76.5815
-73.2799
-70.0507
-66.8942
-63.8103
-60.7991
-57.8607
-54.995
-52.202
-49.4818
-46.8341
-44.2591
-41.7565
-39.3264
-36.9686
-34.6831
-32.4697
-30.3283
-28.2588
-26.261
-24.3349
-22.4802
-20.6968
-18.9847
-17.3435
-15.7732
-14.2736
-12.8446
-11.4859
-10.1974
-8.97901
-7.83048
-6.75165
-5.74237
-4.80247
-3.9318
-3.13021
-2.39758
-1.73384
-1.13895
-0.612959
-0.156007
0.231771
0.550596
0.800301
0.979929
1.11834
1.2951
-360.874
-249.319
-221.609
-212.379
-203.231
-195.598
-189.185
-183.386
-177.955
-172.765
-167.74
-162.833
-158.02
-153.288
-148.629
-144.041
-139.521
-135.07
-130.687
-126.374
-122.129
-117.955
-113.85
-109.817
-105.854
-101.963
-98.1438
-94.3964
-90.7213
-87.1187
-83.5887
-80.1315
-76.7473
-73.436
-70.1979
-67.033
-63.9412
-60.9227
-57.9774
-55.1052
-52.3063
-49.5804
-46.9275
-44.3476
-41.8406
-39.4063
-37.0446
-34.7555
-32.5387
-30.3942
-28.3218
-26.3214
-24.3928
-22.5358
-20.7504
-19.0363
-17.3933
-15.8214
-14.3202
-12.8898
-11.5298
-10.2401
-9.02055
-7.87096
-6.79115
-5.78094
-4.84015
-3.9686
-3.16613
-2.43257
-1.76778
-1.17164
-0.644085
-0.185114
0.205271
0.527412
0.781273
0.965594
1.10808
1.28875
-331.647
-232.948
-213.427
-207.243
-200.032
-193.832
-188.406
-183.277
-178.287
-173.376
-168.515
-163.697
-158.923
-154.197
-149.526
-144.912
-140.36
-135.873
-131.453
-127.102
-122.821
-118.61
-114.471
-110.405
-106.411
-102.489
-98.6413
-94.8669
-91.1661
-87.5392
-83.9864
-80.5076
-77.1031
-73.7728
-70.5167
-67.3349
-64.2273
-61.1939
-58.2347
-55.3495
-52.5384
-49.8011
-47.1375
-44.5477
-42.0313
-39.5883
-37.2185
-34.9218
-32.698
-30.5469
-28.4684
-26.4622
-24.5283
-22.6663
-20.8762
-19.1578
-17.5108
-15.9351
-14.4304
-12.9966
-11.6335
-10.3409
-9.11862
-7.96645
-6.88421
-5.87168
-4.92869
-4.05502
-3.25046
-2.51477
-1.84768
-1.24892
-0.718151
-0.255004
0.141019
0.470881
0.735316
0.932702
1.08696
1.27883
-282.932
-213.808
-205.382
-202.004
-197.803
-193.774
-189.703
-185.43
-180.96
-176.338
-171.611
-166.829
-162.027
-157.235
-152.475
-147.76
-143.101
-138.505
-133.977
-129.519
-125.134
-120.823
-116.587
-112.427
-108.343
-104.336
-100.406
-96.5527
-92.7766
-89.0776
-85.4558
-81.9111
-78.4435
-75.0529
-71.7392
-68.5022
-65.3419
-62.2581
-59.2507
-56.3193
-53.464
-50.6844
-47.9805
-45.3518
-42.7984
-40.3199
-37.9161
-35.5869
-33.3319
-31.1509
-29.0438
-27.0102
-25.05
-23.1628
-21.3486
-19.607
-17.9379
-16.3409
-14.8159
-13.3626
-11.9808
-10.6704
-9.43099
-8.26246
-7.16456
-6.13708
-5.17979
-4.29245
-3.47477
-2.72644
-2.04704
-1.43605
-0.89272
-0.416058
-0.00464984
0.343556
0.630992
0.858242
1.03673
1.22143
-157.118
-116.683
-113.171
-112.371
-110.326
-108.155
-105.953
-103.672
-101.317
-98.9022
-96.4433
-93.9568
-91.457
-88.9553
-86.4602
-83.9782
-81.5139
-79.0709
-76.6518
-74.2588
-71.8936
-69.5575
-67.2518
-64.9775
-62.7354
-60.5264
-58.3511
-56.2102
-54.1042
-52.0336
-49.9989
-48.0007
-46.0392
-44.1149
-42.2282
-40.3794
-38.5688
-36.7967
-35.0635
-33.3693
-31.7145
-30.0993
-28.5239
-26.9885
-25.4934
-24.0386
-22.6244
-21.251
-19.9184
-18.6268
-17.3764
-16.1672
-14.9993
-13.8729
-12.788
-11.7447
-10.7431
-9.78318
-8.86503
-7.9887
-7.15421
-6.36159
-5.61084
-4.90199
-4.23503
-3.60994
-3.0267
-2.48525
-1.9855
-1.52728
-1.11037
-0.734336
-0.398533
-0.101922
0.157098
0.380977
0.572503
0.73227
0.874578
1.07113
-196.089
-132.803
-118.275
-114.116
-109.738
-106.193
-103.274
-100.614
-98.0819
-95.6185
-93.1917
-90.7861
-88.3959
-86.0193
-83.6568
-81.3096
-78.9794
-76.6678
-74.3764
-72.1067
-69.8599
-67.6373
-65.4401
-63.2691
-61.1255
-59.01
-56.9235
-54.8667
-52.8405
-50.8454
-48.8821
-46.9512
-45.0534
-43.1892
-41.3591
-39.5637
-37.8033
-36.0785
-34.3897
-32.7373
-31.1217
-29.5432
-28.0023
-26.4992
-25.0343
-23.6078
-22.2201
-20.8713
-19.5618
-18.2918
-17.0615
-15.871
-14.7206
-13.6104
-12.5407
-11.5115
-10.5229
-9.57521
-8.6684
-7.80261
-6.97792
-6.19441
-5.45214
-4.75118
-4.09155
-3.4733
-2.89644
-2.36096
-1.86684
-1.41399
-1.00231
-0.631589
-0.301495
-0.0115061
0.239301
0.452697
0.630427
0.773664
0.915173
1.12727
-221.067
-147.307
-124.313
-116.82
-110.797
-106.249
-102.719
-99.6835
-96.9265
-94.341
-91.8606
-89.4461
-87.0753
-84.7356
-82.4204
-80.1262
-77.8517
-75.5965
-73.3611
-71.1462
-68.9526
-66.7813
-64.6332
-62.5092
-60.4104
-58.3375
-56.2915
-54.273
-52.2831
-50.3223
-48.3914
-46.4912
-44.6222
-42.7851
-40.9805
-39.209
-37.4711
-35.7675
-34.0984
-32.4645
-30.8662
-29.304
-27.7781
-26.2891
-24.8373
-23.4231
-22.0467
-20.7084
-19.4087
-18.1477
-16.9257
-15.743
-14.5998
-13.4962
-12.4325
-11.4089
-10.4256
-9.48261
-8.58018
-7.71841
-6.89742
-6.11731
-5.37818
-4.68009
-4.02313
-3.40733
-2.83273
-2.29938
-1.80726
-1.35638
-0.946694
-0.578128
-0.250551
0.036271
0.282861
0.490459
0.660312
0.795439
0.933285
1.13485
-229.684
-151.777
-126.442
-118.027
-111.379
-106.367
-102.526
-99.2856
-96.3992
-93.738
-91.2191
-88.7914
-86.4241
-84.0986
-81.8041
-79.5344
-77.2864
-75.0586
-72.8507
-70.6629
-68.4956
-66.3498
-64.2262
-62.1258
-60.0493
-57.9978
-55.9721
-53.9729
-52.0012
-50.0577
-48.1432
-46.2583
-44.4039
-42.5805
-40.7888
-39.0295
-37.3031
-35.6101
-33.9511
-32.3266
-30.7372
-29.1832
-27.6651
-26.1833
-24.7382
-23.3302
-21.9596
-20.6268
-19.3321
-18.0758
-16.8581
-15.6794
-14.5399
-13.4398
-12.3793
-11.3586
-10.3779
-9.43748
-8.53735
-7.6777
-6.85866
-6.08035
-5.34287
-4.64632
-3.99076
-3.37627
-2.8029
-2.27069
-1.77967
-1.32988
-0.921308
-0.553949
-0.227749
0.0574194
0.301974
0.507036
0.673737
0.805758
0.941758
1.13946
-229.684
-151.777
-126.442
-118.027
-111.379
-106.367
-102.526
-99.2856
-96.3992
-93.738
-91.2191
-88.7914
-86.4241
-84.0986
-81.8041
-79.5344
-77.2864
-75.0586
-72.8507
-70.6629
-68.4956
-66.3498
-64.2262
-62.1258
-60.0493
-57.9978
-55.9721
-53.9729
-52.0012
-50.0577
-48.1432
-46.2583
-44.4039
-42.5805
-40.7888
-39.0295
-37.3031
-35.6101
-33.9511
-32.3266
-30.7372
-29.1832
-27.6651
-26.1833
-24.7382
-23.3302
-21.9596
-20.6268
-19.3321
-18.0758
-16.8581
-15.6794
-14.5399
-13.4398
-12.3793
-11.3586
-10.3779
-9.43748
-8.53735
-7.6777
-6.85866
-6.08035
-5.34287
-4.64632
-3.99076
-3.37627
-2.8029
-2.27069
-1.77967
-1.32988
-0.921308
-0.553949
-0.227749
0.0574194
0.301974
0.507036
0.673737
0.805758
0.941758
1.13946
-221.067
-147.307
-124.313
-116.82
-110.797
-106.249
-102.719
-99.6835
-96.9265
-94.341
-91.8606
-89.4461
-87.0753
-84.7356
-82.4204
-80.1262
-77.8517
-75.5965
-73.3611
-71.1462
-68.9526
-66.7813
-64.6332
-62.5092
-60.4104
-58.3375
-56.2915
-54.273
-52.2831
-50.3223
-48.3914
-46.4912
-44.6222
-42.7851
-40.9805
-39.209
-37.4711
-35.7675
-34.0984
-32.4645
-30.8662
-29.304
-27.7781
-26.2891
-24.8373
-23.4231
-22.0467
-20.7084
-19.4087
-18.1477
-16.9257
-15.743
-14.5998
-13.4962
-12.4325
-11.4089
-10.4256
-9.48261
-8.58018
-7.71841
-6.89742
-6.11731
-5.37818
-4.68009
-4.02312
-3.40733
-2.83273
-2.29938
-1.80726
-1.35638
-0.946694
-0.578128
-0.250551
0.036271
0.282861
0.490459
0.660312
0.795439
0.933285
1.13485
-196.089
-132.803
-118.275
-114.116
-109.738
-106.193
-103.274
-100.614
-98.0819
-95.6185
-93.1917
-90.7861
-88.3959
-86.0193
-83.6568
-81.3096
-78.9794
-76.6678
-74.3764
-72.1067
-69.8599
-67.6373
-65.4401
-63.2691
-61.1255
-59.01
-56.9235
-54.8667
-52.8405
-50.8454
-48.8821
-46.9512
-45.0534
-43.1892
-41.3591
-39.5637
-37.8033
-36.0785
-34.3897
-32.7373
-31.1217
-29.5432
-28.0023
-26.4992
-25.0343
-23.6078
-22.2201
-20.8713
-19.5618
-18.2918
-17.0615
-15.871
-14.7206
-13.6104
-12.5407
-11.5115
-10.5229
-9.57521
-8.6684
-7.80261
-6.97792
-6.19441
-5.45214
-4.75118
-4.09155
-3.4733
-2.89644
-2.36096
-1.86684
-1.41399
-1.00231
-0.631589
-0.301495
-0.0115062
0.239302
0.452697
0.630427
0.773664
0.915173
1.12727
-157.118
-116.683
-113.171
-112.371
-110.326
-108.155
-105.953
-103.672
-101.317
-98.9022
-96.4433
-93.9568
-91.457
-88.9553
-86.4602
-83.9782
-81.5139
-79.0709
-76.6518
-74.2588
-71.8936
-69.5575
-67.2518
-64.9775
-62.7354
-60.5264
-58.3511
-56.2102
-54.1042
-52.0336
-49.9989
-48.0007
-46.0392
-44.1149
-42.2282
-40.3794
-38.5688
-36.7967
-35.0635
-33.3693
-31.7145
-30.0993
-28.5239
-26.9885
-25.4934
-24.0386
-22.6244
-21.251
-19.9184
-18.6268
-17.3764
-16.1672
-14.9993
-13.8729
-12.788
-11.7447
-10.7431
-9.78318
-8.86503
-7.9887
-7.15421
-6.36158
-5.61084
-4.90199
-4.23503
-3.60994
-3.0267
-2.48525
-1.9855
-1.52728
-1.11037
-0.734335
-0.398532
-0.101922
0.157098
0.380977
0.572503
0.73227
0.874577
1.07113
-35.1225
-26.5511
-26.8827
-27.5809
-27.4603
-27.0526
-26.554
-26.0282
-25.5074
-25.0024
-24.5125
-24.0336
-23.5603
-23.0882
-22.6136
-22.1342
-21.6488
-21.1567
-20.6582
-20.1535
-19.6435
-19.129
-18.6107
-18.0895
-17.5662
-17.0416
-16.5164
-15.9913
-15.467
-14.944
-14.423
-13.9044
-13.3889
-12.877
-12.3692
-11.8659
-11.3676
-10.8749
-10.3881
-9.90772
-9.43412
-8.96771
-8.5089
-8.05806
-7.61556
-7.18175
-6.75697
-6.34154
-5.93577
-5.53998
-5.15444
-4.77943
-4.41522
-4.06206
-3.72018
-3.38982
-3.07119
-2.76449
-2.46992
-2.18766
-1.91789
-1.66076
-1.41642
-1.185
-0.966647
-0.761464
-0.569552
-0.390989
-0.225832
-0.0741201
0.0641597
0.189097
0.30089
0.399885
0.486645
0.562073
0.626722
0.67835
0.728991
0.849123
-49.7602
-30.3999
-25.6625
-24.6597
-23.6507
-22.8788
-22.3221
-21.8773
-21.5013
-21.1684
-20.859
-20.5594
-20.2602
-19.9556
-19.6417
-19.3164
-18.979
-18.629
-18.2668
-17.8931
-17.5086
-17.1142
-16.7108
-16.2993
-15.8806
-15.4557
-15.0252
-14.5902
-14.1513
-13.7093
-13.2651
-12.8192
-12.3725
-11.9256
-11.4791
-11.0338
-10.5902
-10.149
-9.71064
-9.27583
-8.84508
-8.41893
-7.9979
-7.58248
-7.17317
-6.77044
-6.37472
-5.98646
-5.60607
-5.23395
-4.87049
-4.51605
-4.17099
-3.83565
-3.51034
-3.19538
-2.89105
-2.59763
-2.31538
-2.04455
-1.78538
-1.53807
-1.30283
-1.07986
-0.869333
-0.671405
-0.486225
-0.313926
-0.154614
-0.0083719
0.124751
0.244753
0.351692
0.445719
0.527193
0.596907
0.654783
0.699498
0.758728
0.873077
-58.9746
-34.9415
-26.638
-24.1668
-22.4481
-21.3031
-20.5731
-20.0665
-19.6913
-19.3952
-19.1422
-18.9092
-18.6814
-18.4496
-18.2085
-17.9549
-17.6874
-17.4055
-17.1093
-16.7992
-16.4759
-16.1403
-15.7932
-15.4356
-15.0683
-14.6922
-14.3084
-13.9175
-13.5206
-13.1184
-12.7118
-12.3015
-11.8885
-11.4733
-11.0568
-10.6397
-10.2226
-9.80637
-9.39153
-8.97877
-8.5687
-8.16193
-7.75904
-7.36059
-6.96714
-6.5792
-6.19729
-5.82189
-5.45346
-5.09248
-4.73935
-4.39451
-4.05835
-3.73125
-3.41357
-3.10567
-2.80786
-2.52046
-2.24378
-1.97808
-1.72364
-1.48069
-1.24949
-1.03023
-0.823128
-0.628365
-0.446115
-0.27653
-0.119742
0.0241323
0.155001
0.272806
0.377523
0.469186
0.548001
0.614517
0.668413
0.710218
0.769288
0.865102
-62.266
-36.5492
-27.0811
-24.0679
-22.0017
-20.6332
-19.7788
-19.2118
-18.8162
-18.5244
-18.2908
-18.0855
-17.8899
-17.6925
-17.4866
-17.2681
-17.0353
-16.7872
-16.5238
-16.2454
-15.9527
-15.6465
-15.3276
-14.997
-14.6554
-14.304
-13.9435
-13.5749
-13.199
-12.8169
-12.4292
-12.0369
-11.6408
-11.2417
-10.8404
-10.4375
-10.034
-9.63039
-9.22749
-8.82593
-8.42639
-8.0295
-7.63587
-7.2461
-6.86076
-6.48041
-6.10558
-5.73679
-5.37454
-5.01929
-4.67151
-4.33164
-4.00009
-3.67728
-3.36358
-3.05935
-2.76496
-2.48072
-2.20696
-1.94396
-1.69202
-1.45139
-1.22231
-1.00503
-0.799754
-0.606684
-0.426001
-0.257873
-0.102449
0.0401386
0.169778
0.286384
0.389899
0.480314
0.557797
0.622822
0.674958
0.71538
0.773759
0.863823
-62.266
-36.5492
-27.0811
-24.0679
-22.0017
-20.6332
-19.7788
-19.2118
-18.8162
-18.5244
-18.2908
-18.0855
-17.8899
-17.6925
-17.4866
-17.2681
-17.0353
-16.7872
-16.5238
-16.2454
-15.9527
-15.6465
-15.3276
-14.997
-14.6554
-14.304
-13.9435
-13.5749
-13.199
-12.8169
-12.4292
-12.0369
-11.6408
-11.2417
-10.8404
-10.4375
-10.034
-9.63039
-9.22749
-8.82593
-8.42639
-8.0295
-7.63587
-7.2461
-6.86076
-6.48041
-6.10558
-5.73679
-5.37454
-5.01929
-4.67151
-4.33164
-4.0001
-3.67728
-3.36358
-3.05935
-2.76496
-2.48072
-2.20696
-1.94396
-1.69202
-1.45139
-1.22231
-1.00503
-0.799754
-0.606684
-0.426001
-0.257873
-0.102449
0.0401386
0.169778
0.286384
0.389899
0.480314
0.557797
0.622822
0.674958
0.71538
0.773759
0.863823
-58.9746
-34.9415
-26.638
-24.1668
-22.4481
-21.3031
-20.5731
-20.0665
-19.6913
-19.3952
-19.1422
-18.9092
-18.6814
-18.4496
-18.2085
-17.9549
-17.6874
-17.4055
-17.1093
-16.7992
-16.4759
-16.1403
-15.7932
-15.4356
-15.0683
-14.6922
-14.3084
-13.9175
-13.5206
-13.1184
-12.7118
-12.3015
-11.8885
-11.4733
-11.0568
-10.6397
-10.2226
-9.80637
-9.39153
-8.97877
-8.5687
-8.16193
-7.75904
-7.36059
-6.96714
-6.5792
-6.19729
-5.82189
-5.45346
-5.09248
-4.73935
-4.39451
-4.05835
-3.73125
-3.41357
-3.10567
-2.80786
-2.52046
-2.24378
-1.97808
-1.72364
-1.48069
-1.24949
-1.03023
-0.823128
-0.628365
-0.446115
-0.276529
-0.119742
0.0241324
0.155002
0.272806
0.377523
0.469186
0.548001
0.614517
0.668413
0.710218
0.769288
0.865102
-49.7602
-30.3999
-25.6625
-24.6597
-23.6507
-22.8788
-22.3221
-21.8773
-21.5013
-21.1684
-20.859
-20.5594
-20.2602
-19.9556
-19.6417
-19.3164
-18.979
-18.629
-18.2668
-17.8931
-17.5086
-17.1142
-16.7108
-16.2993
-15.8806
-15.4557
-15.0252
-14.5902
-14.1513
-13.7093
-13.2651
-12.8192
-12.3725
-11.9256
-11.4791
-11.0338
-10.5902
-10.149
-9.71064
-9.27583
-8.84508
-8.41893
-7.9979
-7.58248
-7.17317
-6.77044
-6.37472
-5.98646
-5.60607
-5.23395
-4.87049
-4.51605
-4.17099
-3.83565
-3.51034
-3.19538
-2.89105
-2.59763
-2.31538
-2.04455
-1.78538
-1.53807
-1.30283
-1.07986
-0.869333
-0.671405
-0.486226
-0.313926
-0.154614
-0.00837204
0.124751
0.244752
0.351692
0.445719
0.527193
0.596907
0.654783
0.699498
0.758728
0.873077
-35.1225
-26.5511
-26.8827
-27.5809
-27.4603
-27.0526
-26.554
-26.0282
-25.5074
-25.0024
-24.5125
-24.0336
-23.5603
-23.0882
-22.6136
-22.1342
-21.6488
-21.1567
-20.6582
-20.1535
-19.6435
-19.129
-18.6107
-18.0895
-17.5662
-17.0416
-16.5164
-15.9913
-15.467
-14.944
-14.423
-13.9044
-13.3889
-12.877
-12.3692
-11.8659
-11.3676
-10.8749
-10.3881
-9.90772
-9.43412
-8.96771
-8.5089
-8.05806
-7.61556
-7.18175
-6.75697
-6.34154
-5.93577
-5.53998
-5.15444
-4.77943
-4.41522
-4.06206
-3.72018
-3.38982
-3.07119
-2.76449
-2.46992
-2.18766
-1.91789
-1.66076
-1.41641
-1.185
-0.966646
-0.761463
-0.569552
-0.390989
-0.225832
-0.0741203
0.0641592
0.189096
0.30089
0.399884
0.486644
0.562071
0.626721
0.678349
0.72899
0.849122
78.7726
55.166
52.3065
51.3698
50.1709
49.1433
48.164
47.1227
45.9876
44.762
43.4658
42.1236
40.758
39.3877
38.0261
36.6829
35.3641
34.0735
32.8131
31.5839
30.3862
29.2198
28.0842
26.9792
25.904
24.8582
23.8412
22.8526
21.8918
20.9584
20.0518
19.1716
18.3174
17.4887
16.685
15.906
15.1512
14.4201
13.7123
13.0275
12.3652
11.725
11.1065
10.5093
9.93309
9.3774
8.84189
8.32621
7.83
7.35293
6.89467
6.45489
6.03328
5.62953
5.24336
4.87447
4.5226
4.18748
3.86886
3.56649
3.28014
3.00959
2.75462
2.51503
2.29062
2.08121
1.88661
1.70664
1.5411
1.38979
1.25249
1.12888
1.01855
0.920894
0.835055
0.75985
0.693233
0.63084
0.579046
0.584237
90.8499
64.2221
59.6677
58.4386
56.5575
54.8496
53.284
51.7338
50.1698
48.5903
47.0025
45.417
43.8444
42.2929
40.7689
39.2766
37.8186
36.3965
35.0109
33.6621
32.3498
31.0735
29.8328
28.6271
27.4558
26.3181
25.2136
24.1415
23.1013
22.0923
21.114
20.1657
19.2468
18.3569
17.4952
16.6613
15.8545
15.0744
14.3203
13.5918
12.8883
12.2093
11.5543
10.9228
10.3143
9.72835
9.16444
8.62215
8.10104
7.60067
7.12062
6.66051
6.21992
5.79849
5.39584
5.01163
4.6455
4.29713
3.9662
3.65242
3.35548
3.07511
2.81105
2.56304
2.33084
2.11422
1.91296
1.72683
1.55564
1.39916
1.25717
1.12942
1.01559
0.915277
0.827949
0.752919
0.687995
0.629152
0.589728
0.565844
101.448
71.7667
64.1931
61.993
59.7083
57.6737
55.8214
54.0221
52.247
50.492
48.7588
47.0517
45.3751
43.7326
42.1268
40.5594
39.0312
37.5428
36.094
34.6846
33.3143
31.9824
30.6885
29.4319
28.2118
27.0278
25.879
24.7648
23.6846
22.6376
21.6232
20.6408
19.6896
18.7691
17.8785
17.0173
16.1848
15.3804
14.6035
13.8535
13.1298
12.4318
11.759
11.1108
10.4867
9.88609
9.30853
8.75349
8.22049
7.70904
7.2187
6.749
6.29952
5.86983
5.45954
5.06824
4.69556
4.34114
4.00463
3.68568
3.38399
3.09924
2.83114
2.57941
2.34378
2.12401
1.91984
1.73106
1.55744
1.39875
1.2548
1.12536
1.01017
0.908903
0.821194
0.746456
0.682518
0.626355
0.588432
0.539282
104.794
73.6905
65.5676
63.3636
61.0745
58.976
57.0385
55.1489
53.2872
51.4539
49.6519
47.8849
46.1558
44.4668
42.8191
41.2132
39.6491
38.1268
36.646
35.206
33.8064
32.4465
31.1257
29.8434
28.5988
27.3914
26.2203
25.0848
23.9844
22.9182
21.8856
20.8858
19.9183
18.9823
18.077
17.202
16.3564
15.5397
14.7511
13.9902
13.2562
12.5485
11.8666
11.2099
10.5778
9.96968
9.38511
8.82353
8.28441
7.76726
7.27159
6.79695
6.34286
5.90889
5.49463
5.09964
4.72355
4.36596
4.02652
3.70486
3.40067
3.11361
2.84338
2.58968
2.35224
2.13079
1.92509
1.73489
1.55998
1.40014
1.25515
1.12482
1.0089
0.907105
0.819096
0.744283
0.680414
0.624854
0.587086
0.530735
104.794
73.6905
65.5676
63.3636
61.0745
58.976
57.0385
55.1489
53.2872
51.4539
49.6519
47.8849
46.1558
44.4668
42.8191
41.2132
39.6491
38.1268
36.646
35.206
33.8064
32.4465
31.1257
29.8434
28.5988
27.3914
26.2203
25.0848
23.9844
22.9182
21.8856
20.8858
19.9183
18.9823
18.077
17.202
16.3564
15.5397
14.7511
13.9902
13.2562
12.5485
11.8666
11.2099
10.5778
9.96968
9.38511
8.82353
8.28441
7.76726
7.27159
6.79695
6.34286
5.90889
5.49463
5.09964
4.72355
4.36596
4.02652
3.70487
3.40067
3.11361
2.84338
2.58968
2.35224
2.13079
1.92509
1.73489
1.55998
1.40014
1.25515
1.12482
1.0089
0.907105
0.819096
0.744283
0.680414
0.624854
0.587086
0.530735
101.448
71.7667
64.1931
61.993
59.7083
57.6737
55.8214
54.0221
52.247
50.492
48.7588
47.0517
45.3751
43.7326
42.1268
40.5594
39.0312
37.5428
36.094
34.6846
33.3143
31.9824
30.6885
29.4319
28.2118
27.0278
25.879
24.7648
23.6846
22.6376
21.6232
20.6408
19.6896
18.7691
17.8785
17.0173
16.1848
15.3804
14.6035
13.8535
13.1298
12.4318
11.759
11.1108
10.4867
9.88609
9.30853
8.75349
8.22049
7.70904
7.2187
6.749
6.29952
5.86983
5.45954
5.06824
4.69556
4.34114
4.00463
3.68568
3.38399
3.09924
2.83114
2.57941
2.34379
2.12401
1.91984
1.73106
1.55744
1.39875
1.2548
1.12536
1.01017
0.908904
0.821194
0.746456
0.682519
0.626355
0.588432
0.539283
90.8499
64.2221
59.6677
58.4386
56.5575
54.8496
53.284
51.7338
50.1698
48.5903
47.0025
45.417
43.8444
42.2929
40.7689
39.2766
37.8186
36.3965
35.0109
33.6621
32.3498
31.0735
29.8328
28.6271
27.4558
26.3181
25.2136
24.1415
23.1013
22.0923
21.114
20.1657
19.2468
18.3569
17.4952
16.6613
15.8545
15.0744
14.3203
13.5918
12.8883
12.2093
11.5543
10.9228
10.3143
9.72835
9.16444
8.62215
8.10104
7.60067
7.12063
6.66051
6.21992
5.79849
5.39584
5.01163
4.6455
4.29713
3.9662
3.65242
3.35548
3.07511
2.81105
2.56304
2.33084
2.11422
1.91296
1.72683
1.55564
1.39916
1.25717
1.12942
1.01559
0.915277
0.827949
0.752919
0.687995
0.629152
0.589728
0.565844
78.7726
55.166
52.3065
51.3698
50.1709
49.1433
48.164
47.1227
45.9876
44.762
43.4658
42.1236
40.758
39.3877
38.0261
36.6829
35.3641
34.0735
32.8131
31.5839
30.3862
29.2198
28.0842
26.9792
25.904
24.8582
23.8412
22.8526
21.8918
20.9584
20.0518
19.1716
18.3174
17.4887
16.685
15.906
15.1512
14.4201
13.7123
13.0275
12.3652
11.725
11.1065
10.5093
9.93309
9.37739
8.84188
8.3262
7.83
7.35293
6.89467
6.45489
6.03327
5.62953
5.24335
4.87447
4.5226
4.18748
3.86886
3.56649
3.28014
3.00959
2.75462
2.51503
2.29062
2.08121
1.88661
1.70664
1.5411
1.38979
1.25249
1.12888
1.01855
0.920894
0.835055
0.75985
0.693233
0.63084
0.579046
0.584236
182.27
132.187
127.118
125.851
123.515
121.317
119.075
116.626
113.962
111.122
108.156
105.116
102.041
98.9619
95.9002
92.8702
89.8813
86.939
84.0467
81.2063
78.4187
75.6843
73.0031
70.3752
67.8002
65.2781
62.8086
60.3915
58.0266
55.7138
53.4527
51.2431
49.0849
46.9777
44.9214
42.9155
40.96
39.0545
37.1987
35.3924
33.6352
31.9269
30.2671
28.6557
27.0922
25.5764
24.108
22.6867
21.3122
19.9842
18.7025
17.4668
16.2768
15.1321
14.0327
12.9781
11.9681
11.0026
10.0812
9.20373
8.36994
7.5796
6.8325
6.12842
5.46716
4.84851
4.27226
3.73816
3.24598
2.79542
2.3861
2.01747
1.68871
1.39864
1.14546
0.926559
0.738114
0.574697
0.435532
0.329829
214.71
150.881
139.734
136.549
132.014
128.108
124.644
121.28
117.935
114.595
111.261
107.943
104.653
101.401
98.1932
95.0348
91.9291
88.8781
85.8831
82.9446
80.0629
77.2381
74.47
71.7586
69.1036
66.5047
63.9618
61.4745
59.0426
56.6657
54.3436
52.076
49.8624
47.7026
45.5963
43.543
41.5424
39.5942
37.6979
35.8533
34.0599
32.3174
30.6253
28.9833
27.3911
25.8483
24.3544
22.9092
21.5123
20.1633
18.8618
17.6076
16.4002
15.2394
14.1249
13.0562
12.0331
11.0553
10.1226
9.2345
8.39086
7.59138
6.83579
6.12385
5.4553
4.8299
4.24741
3.70758
3.21016
2.75489
2.34145
1.96946
1.63842
1.34763
1.09605
0.882031
0.70219
0.551091
0.425845
0.282647
242.061
168.72
149.114
142.858
136.831
131.882
127.662
123.743
119.991
116.354
112.804
109.327
105.916
102.568
99.2814
96.0552
92.889
89.7824
86.7351
83.7472
80.8182
77.9482
75.1368
72.3838
69.6891
67.0523
64.4732
61.9514
59.4866
57.0786
54.7269
52.4311
50.1909
48.006
45.8758
43.8
41.7782
39.81
37.8949
36.0325
34.2224
32.4643
30.7575
29.1018
27.4968
25.9419
24.4369
22.9812
21.5745
20.2165
18.9066
17.6446
16.43
15.2626
14.1418
13.0675
12.0392
11.0566
10.1194
9.22725
8.37988
7.57698
6.81826
6.10344
5.43226
4.80446
4.21978
3.67797
3.17879
2.72201
2.30737
1.93458
1.60334
1.31319
1.06348
0.852982
0.678595
0.535026
0.413486
0.247574
250.926
173.711
152.154
145.388
138.984
133.672
129.154
124.995
121.055
117.273
113.612
110.05
106.573
103.173
99.8434
96.5806
93.3821
90.2462
87.1718
84.1583
81.2052
78.312
75.4785
72.7045
69.9896
67.3335
64.736
62.1967
59.7153
57.2914
54.9246
52.6146
50.3609
48.1632
46.0209
43.9337
41.9011
39.9228
37.9981
36.1267
34.3082
32.5421
30.8279
29.1653
27.5537
25.9927
24.482
23.021
21.6094
20.2467
18.9326
17.6666
16.4484
15.2775
14.1537
13.0764
12.0454
11.0604
10.1209
9.22668
8.3774
7.57274
6.81241
6.09613
5.4236
4.79457
4.20878
3.66598
3.16594
2.70843
2.29324
1.92012
1.58884
1.29903
1.05015
0.841003
0.66848
0.527381
0.407094
0.235167
250.926
173.711
152.154
145.388
138.984
133.672
129.154
124.995
121.055
117.273
113.612
110.05
106.573
103.173
99.8434
96.5806
93.3821
90.2462
87.1718
84.1583
81.2052
78.312
75.4785
72.7045
69.9896
67.3335
64.736
62.1967
59.7153
57.2914
54.9246
52.6146
50.3609
48.1632
46.0209
43.9337
41.9011
39.9228
37.9981
36.1267
34.3082
32.5421
30.8279
29.1653
27.5537
25.9927
24.482
23.021
21.6094
20.2467
18.9326
17.6666
16.4484
15.2775
14.1537
13.0764
12.0454
11.0604
10.1209
9.22668
8.3774
7.57274
6.81241
6.09613
5.4236
4.79457
4.20878
3.66598
3.16594
2.70843
2.29324
1.92012
1.58884
1.29903
1.05015
0.841003
0.66848
0.527382
0.407094
0.235167
242.061
168.72
149.114
142.858
136.831
131.882
127.662
123.743
119.991
116.354
112.804
109.327
105.916
102.568
99.2814
96.0552
92.889
89.7824
86.7351
83.7472
80.8182
77.9482
75.1368
72.3838
69.6891
67.0523
64.4732
61.9514
59.4866
57.0786
54.7269
52.4311
50.1909
48.006
45.8758
43.8
41.7782
39.81
37.8949
36.0325
34.2224
32.4643
30.7575
29.1018
27.4968
25.9419
24.4369
22.9812
21.5745
20.2165
18.9066
17.6446
16.43
15.2626
14.1418
13.0675
12.0392
11.0566
10.1194
9.22724
8.37988
7.57698
6.81826
6.10344
5.43226
4.80446
4.21978
3.67797
3.17879
2.72201
2.30737
1.93458
1.60334
1.31319
1.06348
0.852982
0.678595
0.535026
0.413486
0.247573
214.71
150.881
139.734
136.549
132.014
128.108
124.644
121.28
117.935
114.595
111.261
107.943
104.653
101.401
98.1932
95.0348
91.9291
88.8781
85.8831
82.9446
80.0629
77.2381
74.47
71.7586
69.1036
66.5047
63.9618
61.4745
59.0426
56.6657
54.3436
52.076
49.8624
47.7026
45.5963
43.543
41.5424
39.5942
37.6979
35.8533
34.0599
32.3174
30.6253
28.9833
27.3911
25.8483
24.3544
22.9092
21.5123
20.1633
18.8618
17.6076
16.4002
15.2394
14.1249
13.0562
12.0331
11.0553
10.1226
9.2345
8.39086
7.59138
6.83579
6.12385
5.4553
4.8299
4.24741
3.70758
3.21016
2.75489
2.34145
1.96946
1.63842
1.34763
1.09605
0.882031
0.70219
0.551091
0.425845
0.282646
182.27
132.187
127.118
125.851
123.515
121.317
119.075
116.626
113.962
111.122
108.156
105.116
102.041
98.9619
95.9002
92.8702
89.8813
86.939
84.0467
81.2063
78.4187
75.6843
73.0031
70.3752
67.8002
65.2781
62.8086
60.3915
58.0266
55.7138
53.4527
51.2431
49.0849
46.9777
44.9214
42.9155
40.96
39.0545
37.1987
35.3924
33.6352
31.9269
30.2671
28.6557
27.0922
25.5764
24.108
22.6867
21.3122
19.9842
18.7025
17.4668
16.2768
15.1321
14.0327
12.9781
11.9681
11.0026
10.0812
9.20373
8.36994
7.5796
6.83249
6.12842
5.46716
4.84851
4.27226
3.73816
3.24598
2.79542
2.3861
2.01747
1.68871
1.39864
1.14546
0.92656
0.738115
0.574698
0.435532
0.329829
267.604
201.01
197.249
196.711
193.804
190.75
187.404
183.64
179.525
175.16
170.635
166.022
161.376
156.734
152.119
147.549
143.033
138.577
134.186
129.86
125.602
121.413
117.292
113.241
109.259
105.348
101.507
97.7357
94.0356
90.4065
86.8486
83.362
79.947
76.6037
73.3323
70.1328
67.0053
63.95
60.9669
58.056
55.2174
52.4511
49.7572
47.1356
44.5864
42.1094
39.7048
37.3724
35.1122
32.9242
30.8082
28.7644
26.7925
24.8925
23.0643
21.3078
19.623
18.0097
16.4678
14.9973
13.598
12.2698
11.0126
9.82625
8.71063
7.66561
6.69103
5.78671
4.95245
4.18797
3.49291
2.86677
2.30881
1.81799
1.39283
1.03121
0.730289
0.486412
0.294088
0.130366
300.773
218.322
211.675
209.863
203.82
198.212
193.097
188.091
183.123
178.183
173.273
168.402
163.578
158.809
154.097
149.448
144.864
140.345
135.894
131.511
127.197
122.953
118.778
114.673
110.639
106.676
102.784
98.9632
95.2144
91.5375
87.9328
84.4003
80.9404
77.5531
74.2386
70.997
67.8283
64.7327
61.7102
58.7609
55.8848
53.0819
50.3523
47.6959
45.1127
42.6028
40.1661
37.8026
35.5122
33.2949
31.1506
29.0793
27.0809
25.1552
23.3023
21.522
19.8143
18.179
16.616
15.1252
13.7065
12.3597
11.0848
9.88159
8.74995
7.68971
6.70072
5.78282
4.93582
4.1595
3.45364
2.81794
2.25206
1.75557
1.32794
0.968302
0.67511
0.445322
0.268018
0.0889991
332.092
237.947
222.982
218.102
209.913
202.618
196.302
190.458
184.911
179.579
174.406
169.358
164.414
159.561
154.788
150.092
145.469
140.917
136.435
132.024
127.682
123.411
119.211
115.082
111.024
107.038
103.124
99.2825
95.5133
91.8168
88.1933
84.6428
81.1657
77.7619
74.4316
71.1749
67.9918
64.8824
61.8468
58.885
55.997
53.1828
50.4424
47.7758
45.1829
42.6638
40.2184
37.8467
35.5485
33.3238
31.1725
29.0947
27.09
25.1586
23.3002
21.5148
19.8023
18.1624
16.5952
15.1004
13.678
12.3279
11.0497
9.84351
8.70906
7.64621
6.65481
5.73469
4.88571
4.10769
3.40051
2.76401
2.19812
1.70276
1.27788
0.923194
0.637768
0.418793
0.250845
0.0669133
341.844
242.989
226.565
221.413
212.655
204.738
197.922
191.695
185.866
180.331
175.015
169.866
164.852
159.948
155.139
150.414
145.768
141.197
136.698
132.271
127.915
123.631
119.417
115.275
111.205
107.208
103.282
99.4297
95.6502
91.9439
88.311
84.7517
81.266
77.8541
74.5161
71.2521
68.062
64.9461
61.9042
58.9365
56.0429
53.2235
50.4781
47.8068
45.2095
42.6863
40.237
37.8615
35.5599
33.332
31.1778
29.0971
27.0899
25.156
23.2953
21.5078
19.7933
18.1516
16.5827
15.0864
13.6626
12.311
11.0317
9.82433
8.68883
7.62503
6.63278
5.71191
4.86228
4.08379
3.37632
2.73984
2.17434
1.6799
1.25658
0.904216
0.621918
0.406965
0.242594
0.058123
341.844
242.989
226.565
221.413
212.655
204.738
197.922
191.695
185.866
180.331
175.015
169.866
164.852
159.948
155.139
150.414
145.768
141.197
136.698
132.271
127.915
123.631
119.417
115.275
111.205
107.208
103.282
99.4297
95.6502
91.9439
88.311
84.7517
81.266
77.8541
74.5161
71.2521
68.062
64.9461
61.9042
58.9365
56.0429
53.2235
50.4781
47.8068
45.2095
42.6863
40.237
37.8615
35.5599
33.332
31.1778
29.0971
27.0899
25.156
23.2953
21.5078
19.7933
18.1516
16.5827
15.0864
13.6626
12.311
11.0317
9.82433
8.68883
7.62503
6.63278
5.71191
4.86228
4.08379
3.37632
2.73984
2.17434
1.6799
1.25658
0.904216
0.621918
0.406965
0.242592
0.0581222
332.092
237.947
222.982
218.102
209.913
202.618
196.302
190.458
184.911
179.579
174.406
169.358
164.414
159.561
154.788
150.092
145.469
140.917
136.435
132.024
127.682
123.411
119.211
115.082
111.024
107.038
103.124
99.2825
95.5133
91.8168
88.1933
84.6428
81.1657
77.7619
74.4316
71.1749
67.9918
64.8824
61.8468
58.885
55.997
53.1828
50.4424
47.7758
45.1829
42.6638
40.2184
37.8467
35.5485
33.3238
31.1725
29.0947
27.09
25.1586
23.3002
21.5148
19.8023
18.1624
16.5952
15.1004
13.678
12.3279
11.0497
9.84351
8.70906
7.64621
6.65481
5.73469
4.88571
4.10769
3.40051
2.76401
2.19812
1.70276
1.27788
0.923195
0.63777
0.418795
0.250844
0.0669118
300.773
218.322
211.675
209.863
203.82
198.212
193.097
188.091
183.123
178.183
173.273
168.402
163.578
158.809
154.097
149.448
144.864
140.345
135.894
131.511
127.197
122.953
118.778
114.673
110.639
106.676
102.784
98.9632
95.2144
91.5375
87.9328
84.4003
80.9404
77.5531
74.2386
70.997
67.8283
64.7327
61.7102
58.7609
55.8848
53.0819
50.3523
47.6959
45.1127
42.6028
40.1661
37.8026
35.5122
33.2949
31.1506
29.0793
27.0809
25.1552
23.3023
21.522
19.8143
18.179
16.616
15.1252
13.7065
12.3597
11.0848
9.88159
8.74995
7.68971
6.70072
5.78282
4.93582
4.1595
3.45364
2.81793
2.25205
1.75557
1.32794
0.968303
0.675111
0.445322
0.268018
0.0889964
267.604
201.01
197.249
196.711
193.804
190.75
187.404
183.64
179.525
175.16
170.635
166.022
161.376
156.734
152.119
147.549
143.033
138.577
134.186
129.86
125.602
121.413
117.292
113.241
109.259
105.348
101.507
97.7357
94.0356
90.4065
86.8486
83.362
79.947
76.6037
73.3323
70.1328
67.0053
63.95
60.9669
58.056
55.2174
52.4511
49.7572
47.1356
44.5864
42.1094
39.7048
37.3724
35.1122
32.9242
30.8082
28.7644
26.7925
24.8925
23.0643
21.3078
19.623
18.0097
16.4678
14.9973
13.598
12.2698
11.0126
9.82625
8.71063
7.66561
6.69103
5.78671
4.95245
4.18797
3.49291
2.86676
2.30881
1.81799
1.39283
1.03121
0.730289
0.486413
0.294089
0.130367
336.226
268.175
264.921
264.489
261.05
256.595
251.479
245.867
239.92
233.769
227.513
221.221
214.939
208.697
202.515
196.404
190.372
184.425
178.564
172.791
167.109
161.518
156.018
150.611
145.296
140.074
134.946
129.912
124.972
120.127
115.376
110.72
106.16
101.695
97.3258
93.0523
88.8747
84.7932
80.8077
76.9185
73.1255
69.4288
65.8284
62.3243
58.9166
55.6053
52.3903
49.2717
46.2494
43.3234
40.4936
37.76
35.1226
32.5812
30.136
27.7867
25.5333
23.3758
21.314
19.348
17.4776
15.7027
14.0232
12.4391
10.9503
9.55651
8.25778
7.0539
5.94472
4.93002
4.00958
3.18314
2.4505
1.81161
1.26686
0.817574
0.466894
0.2185
0.0781825
0.053658
355.375
285.216
280.717
277.543
270.455
263.14
255.993
248.981
242.104
235.354
228.719
222.191
215.763
209.428
203.184
197.03
190.965
184.989
179.103
173.306
167.6
161.986
156.463
151.033
145.697
140.454
135.305
130.251
125.292
120.428
115.659
110.986
106.409
101.927
97.5423
93.2536
89.0613
84.9655
80.9663
77.0638
73.258
69.5489
65.9366
62.4211
59.0023
55.6803
52.455
49.3264
46.2946
43.3593
40.5207
37.7786
35.133
32.5838
30.131
27.7745
25.5142
23.3501
21.2821
19.31
17.4338
15.6535
13.9688
12.3797
10.8861
9.48793
8.185
6.97718
5.86436
4.84641
3.92324
3.09486
2.36148
1.72366
1.18266
0.740873
0.402327
0.170618
0.0508889
0.051338
382.211
301.922
292.159
286.435
276.958
267.624
258.971
250.895
243.293
236.064
229.121
222.398
215.848
209.439
203.151
196.97
190.888
184.9
179.006
173.203
167.492
161.873
156.346
150.912
145.572
140.326
135.174
130.117
125.155
120.289
115.519
110.844
106.266
101.784
97.3988
93.11
88.9179
84.8226
80.8241
76.9225
73.1178
69.41
65.7992
62.2852
58.8682
55.5481
52.3248
49.1984
46.1687
43.2357
40.3994
37.6597
35.0165
32.4698
30.0195
27.6654
25.4076
23.2459
21.1803
19.2106
17.3368
15.5588
13.8764
12.2895
10.798
9.40193
8.10101
6.8952
5.78441
4.76861
3.84783
3.02231
2.29253
1.65944
1.12471
0.691114
0.362946
0.143769
0.0378154
0.0501444
391.666
306.698
296.153
290.194
280.006
269.872
260.543
251.95
243.975
236.486
229.368
222.531
215.908
209.453
203.137
196.938
190.845
184.851
178.953
173.147
167.433
161.813
156.284
150.849
145.508
140.26
135.108
130.05
125.088
120.221
115.45
110.775
106.197
101.715
97.3298
93.0413
88.8495
84.7546
80.7566
76.8556
73.0516
69.3446
65.7346
62.2215
58.8055
55.4863
52.2641
49.1387
46.1101
43.1783
40.3431
37.6046
34.9626
32.417
29.9678
27.615
25.3583
23.1978
21.1333
19.1647
17.292
15.5151
13.8337
12.2478
10.7574
9.36224
8.06229
6.85746
5.7477
4.733
3.81352
2.98957
2.26177
1.63123
1.0997
0.669953
0.346215
0.132004
0.031142
0.0462801
391.666
306.698
296.153
290.194
280.006
269.872
260.543
251.95
243.975
236.486
229.368
222.531
215.908
209.453
203.137
196.938
190.845
184.851
178.953
173.147
167.433
161.813
156.284
150.849
145.508
140.26
135.108
130.05
125.088
120.221
115.45
110.775
106.197
101.715
97.3298
93.0413
88.8495
84.7546
80.7566
76.8556
73.0516
69.3446
65.7346
62.2215
58.8055
55.4863
52.2641
49.1387
46.1101
43.1783
40.3431
37.6046
34.9626
32.417
29.9678
27.615
25.3583
23.1978
21.1333
19.1647
17.292
15.5151
13.8337
12.2478
10.7574
9.36224
8.06229
6.85746
5.74769
4.733
3.81352
2.98957
2.26177
1.63123
1.0997
0.669954
0.346215
0.131998
0.0311331
0.0462967
382.211
301.922
292.159
286.435
276.958
267.624
258.971
250.895
243.293
236.064
229.121
222.398
215.848
209.439
203.151
196.97
190.888
184.9
179.006
173.203
167.492
161.873
156.346
150.912
145.572
140.326
135.174
130.117
125.155
120.289
115.519
110.844
106.266
101.784
97.3988
93.11
88.9179
84.8226
80.8241
76.9225
73.1178
69.41
65.7992
62.2852
58.8682
55.5481
52.3248
49.1984
46.1687
43.2357
40.3994
37.6597
35.0165
32.4698
30.0195
27.6654
25.4076
23.2459
21.1803
19.2106
17.3368
15.5588
13.8764
12.2895
10.798
9.40193
8.10101
6.8952
5.78441
4.76861
3.84783
3.02231
2.29253
1.65944
1.12472
0.691115
0.362946
0.143764
0.0378078
0.0501595
355.375
285.216
280.717
277.543
270.455
263.14
255.993
248.981
242.104
235.354
228.719
222.191
215.763
209.428
203.184
197.03
190.965
184.989
179.103
173.306
167.6
161.986
156.463
151.033
145.697
140.454
135.305
130.251
125.292
120.428
115.659
110.986
106.409
101.927
97.5423
93.2536
89.0613
84.9655
80.9663
77.0638
73.258
69.5489
65.9366
62.4211
59.0023
55.6803
52.455
49.3264
46.2946
43.3593
40.5207
37.7786
35.133
32.5838
30.131
27.7745
25.5142
23.3501
21.2821
19.31
17.4338
15.6535
13.9688
12.3797
10.8861
9.48793
8.185
6.97718
5.86436
4.84641
3.92324
3.09486
2.36148
1.72366
1.18266
0.740874
0.402326
0.170614
0.050891
0.0513295
336.226
268.175
264.921
264.489
261.05
256.595
251.479
245.867
239.92
233.769
227.513
221.221
214.939
208.697
202.515
196.404
190.372
184.425
178.564
172.791
167.109
161.518
156.018
150.611
145.296
140.074
134.946
129.912
124.972
120.127
115.376
110.72
106.16
101.695
97.3258
93.0523
88.8747
84.7932
80.8077
76.9185
73.1255
69.4288
65.8284
62.3243
58.9166
55.6053
52.3903
49.2717
46.2494
43.3234
40.4936
37.76
35.1226
32.5812
30.136
27.7867
25.5333
23.3758
21.314
19.348
17.4776
15.7027
14.0233
12.4391
10.9503
9.55651
8.25778
7.0539
5.94472
4.93002
4.00958
3.18314
2.4505
1.81161
1.26686
0.817573
0.466892
0.218501
0.0781842
0.05367
)
;

boundaryField
{
    left
    {
        type            calculated;
        value           nonuniform List<scalar> 
64
(
-409.239
-426.375
-446.563
-455.437
-455.437
-446.563
-426.375
-409.239
-282.932
-331.647
-360.874
-370.998
-370.998
-360.874
-331.647
-282.932
-157.118
-196.089
-221.067
-229.684
-229.684
-221.067
-196.089
-157.118
-35.1225
-49.7602
-58.9746
-62.266
-62.266
-58.9746
-49.7602
-35.1225
78.7726
90.8499
101.448
104.794
104.794
101.448
90.8499
78.7726
182.27
214.71
242.061
250.926
250.926
242.061
214.71
182.27
267.604
300.773
332.092
341.844
341.844
332.092
300.773
267.604
336.226
355.375
382.211
391.666
391.666
382.211
355.375
336.226
)
;
    }
    right
    {
        type            calculated;
        value           nonuniform List<scalar> 
64
(
1.37362
1.37369
1.37231
1.37701
1.37701
1.37231
1.37369
1.37362
1.26571
1.34335
1.3572
1.36629
1.36629
1.35721
1.34336
1.26571
1.02056
1.12216
1.13968
1.1491
1.1491
1.13968
1.12216
1.02056
0.691235
0.769048
0.769435
0.772848
0.772847
0.769435
0.769047
0.691231
0.372746
0.393691
0.370555
0.365328
0.365327
0.370554
0.39369
0.372744
0.138124
0.101452
0.0654488
0.0549955
0.0549966
0.0654501
0.101452
0.138127
0.0440754
-0.0145161
-0.0359025
-0.042559
-0.0425605
-0.0359048
-0.0145149
0.0440779
-0.001339
-0.00644484
-0.00138282
-0.0032898
-0.00329964
-0.00138871
-0.00642888
-0.0013444
)
;
    }
    back
    {
        type            calculated;
        value           nonuniform List<scalar> 
640
(
-387.731
-251.107
-134.335
-27.2957
75.2165
175.901
272.454
365.803
-311.974
-204.156
-107.65
-22.9442
52.251
123.694
192.492
259.314
-300.774
-200.567
-109.61
-26.2101
49.8986
121.866
190.945
257.308
-296.417
-198.512
-110.584
-28.0065
48.8524
121.419
190.924
258.072
-292.774
-195.806
-109.773
-28.4847
47.829
120.065
189.49
256.391
-288.554
-192.901
-108.371
-28.3799
47.0128
118.609
187.621
253.339
-283.426
-189.563
-106.606
-28.0058
46.2265
116.884
185.076
249.217
-277.498
-185.777
-104.585
-27.5158
45.3618
114.817
181.863
244.286
-270.967
-181.622
-102.38
-26.9845
44.38
112.435
178.12
238.789
-264.02
-177.193
-100.041
-26.4437
43.283
109.799
173.999
232.929
-256.816
-172.578
-97.6101
-25.9052
42.0936
106.982
169.632
226.856
-249.476
-167.853
-95.1206
-25.3716
40.8409
104.051
165.121
220.68
-242.087
-163.073
-92.5987
-24.8412
39.5519
101.059
160.54
214.472
-234.711
-158.281
-90.0632
-24.3116
38.2486
98.045
155.942
208.278
-227.39
-153.506
-87.5278
-23.7801
36.9475
95.0376
151.358
202.129
-220.152
-148.768
-85.0019
-23.245
35.6598
92.0547
146.811
196.043
-213.015
-144.082
-82.4923
-22.7053
34.3931
89.1081
142.315
190.031
-205.991
-139.456
-80.0037
-22.1605
33.1519
86.2053
137.877
184.1
-199.086
-134.897
-77.5396
-21.611
31.9388
83.3502
133.502
178.255
-192.305
-130.408
-75.1026
-21.0571
30.7549
80.5454
129.194
172.498
-185.65
-125.992
-72.6948
-20.4997
29.6007
77.792
124.952
166.83
-179.122
-121.65
-70.3176
-19.9395
28.4761
75.0905
120.78
161.253
-172.721
-117.385
-67.9724
-19.3775
27.3807
72.441
116.676
155.767
-166.448
-113.196
-65.6602
-18.8145
26.3141
69.8435
112.642
150.373
-160.302
-109.084
-63.3819
-18.2512
25.2759
67.2979
108.678
145.071
-154.283
-105.05
-61.1383
-17.6884
24.2654
64.8039
104.784
139.863
-148.39
-101.094
-58.9301
-17.1268
23.2822
62.3615
100.96
134.747
-142.622
-97.2157
-56.7578
-16.5671
22.3258
59.9703
97.2064
129.724
-136.979
-93.4154
-54.622
-16.0097
21.3957
57.6302
93.5237
124.796
-131.46
-89.6931
-52.5231
-15.4554
20.4916
55.3411
89.9121
119.961
-126.064
-86.0488
-50.4616
-14.9045
19.6129
53.1026
86.3716
115.221
-120.791
-82.4824
-48.4379
-14.3577
18.7593
50.9147
82.9024
110.576
-115.639
-78.9939
-46.4522
-13.8154
17.9303
48.7771
79.5046
106.025
-110.608
-75.5831
-44.5051
-13.2781
17.1256
46.6897
76.1785
101.57
-105.698
-72.2499
-42.5967
-12.7461
16.3448
44.6521
72.9241
97.2093
-100.906
-68.9941
-40.7273
-12.2201
15.5874
42.6642
69.7415
92.9445
-96.2333
-65.8156
-38.8973
-11.7003
14.8531
40.7258
66.6307
88.7752
-91.6784
-62.7142
-37.1069
-11.1871
14.1416
38.8365
63.592
84.7017
-87.2405
-59.6896
-35.3563
-10.6811
13.4523
36.9962
60.6253
80.7239
-82.9191
-56.7418
-33.6458
-10.1824
12.785
35.2045
57.7306
76.842
-78.7133
-53.8705
-31.9755
-9.69163
12.1393
33.4613
54.908
73.0561
-74.6225
-51.0755
-30.3457
-9.209
11.5148
31.7663
52.1575
69.3661
-70.6459
-48.3565
-28.7566
-8.73489
10.9111
30.1191
49.4791
65.7723
-66.7829
-45.7134
-27.2082
-8.26963
10.328
28.5196
46.8728
62.2745
-63.0328
-43.1458
-25.7008
-7.81354
9.76497
26.9675
44.3386
58.8728
-59.395
-40.6537
-24.2345
-7.36693
9.22178
25.4624
41.8763
55.5672
-55.8688
-38.2366
-22.8095
-6.93012
8.69807
24.0042
39.4861
52.3577
-52.4535
-35.8945
-21.4258
-6.50337
8.19352
22.5926
37.1678
49.2443
-49.1487
-33.627
-20.0836
-6.08697
7.7078
21.2272
34.9215
46.227
-45.9536
-31.434
-18.783
-5.68117
7.24061
19.9079
32.7469
43.3058
-42.8677
-29.3151
-17.5241
-5.28625
6.79164
18.6344
30.6441
40.4806
-39.8905
-27.2701
-16.3069
-4.90243
6.3606
17.4063
28.613
37.7515
-37.0213
-25.2988
-15.1316
-4.52996
5.9472
16.2235
26.6535
35.1182
-34.2596
-23.4009
-13.9981
-4.16904
5.55117
15.0857
24.7656
32.5809
-31.6049
-21.5763
-12.9066
-3.8199
5.17224
13.9927
22.9491
30.1395
-29.0567
-19.8246
-11.8571
-3.48273
4.81014
12.9442
21.204
27.7938
-26.6144
-18.1456
-10.8496
-3.15773
4.46464
11.94
19.5301
25.5439
-24.2776
-16.5391
-9.88424
-2.84506
4.13548
10.9799
17.9274
23.3897
-22.0458
-15.0049
-8.96097
-2.5449
3.82244
10.0635
16.3957
21.3311
-19.9186
-13.5427
-8.07981
-2.25741
3.52531
9.19079
14.9349
19.3681
-17.8954
-12.1524
-7.2408
-1.98275
3.24385
8.36143
13.545
17.5005
-15.9758
-10.8336
-6.44392
-1.72103
2.97787
7.57526
12.2258
15.7282
-14.1595
-9.58614
-5.6892
-1.47241
2.72718
6.83206
10.9771
14.0513
-12.4459
-8.40985
-4.9766
-1.23699
2.49158
6.13165
9.79902
12.4696
-10.8347
-7.30447
-4.30612
-1.01488
2.27091
5.47384
8.69129
10.983
-9.32548
-6.2698
-3.67774
-0.806182
2.06498
4.85841
7.65378
9.59144
-7.91776
-5.30559
-3.0914
-0.61098
1.87363
4.28516
6.68633
8.29475
-6.61116
-4.41158
-2.54702
-0.429356
1.69668
3.75391
5.78875
7.09279
-5.4052
-3.58747
-2.04451
-0.261357
1.53397
3.26438
4.96083
5.98538
-4.2994
-2.8329
-1.58366
-0.106976
1.38529
2.81623
4.20226
4.97226
-3.29318
-2.1474
-1.16416
0.0338464
1.25036
2.40902
3.51262
4.05315
-2.38588
-1.53031
-0.785487
0.161237
1.12886
2.04212
2.89129
3.22767
-1.57676
-0.980728
-0.44685
0.275445
1.02033
1.71461
2.33736
2.4954
-0.865053
-0.497325
-0.146969
0.376907
0.924076
1.42504
1.84951
1.85601
-0.250196
-0.0782577
0.116098
0.4663
0.839055
1.17122
1.42578
1.30952
0.267651
0.279044
0.345147
0.544564
0.76382
0.950047
1.06347
0.856858
0.686957
0.57787
0.543535
0.612539
0.696388
0.757438
0.759056
0.500936
1.00092
0.819406
0.711627
0.667733
0.632233
0.587879
0.508652
0.246039
1.21582
1.0097
0.854824
0.714564
0.573969
0.441068
0.309421
0.0973592
1.30566
1.20169
1.04665
0.837785
0.591744
0.348213
0.139404
0.0515857
)
;
    }
    front
    {
        type            calculated;
        value           nonuniform List<scalar> 
640
(
-387.731
-251.107
-134.335
-27.2957
75.2165
175.901
272.454
365.803
-311.974
-204.156
-107.65
-22.9442
52.251
123.694
192.492
259.314
-300.774
-200.567
-109.61
-26.2101
49.8986
121.866
190.945
257.308
-296.417
-198.512
-110.584
-28.0065
48.8524
121.419
190.924
258.072
-292.774
-195.806
-109.773
-28.4847
47.829
120.065
189.49
256.391
-288.554
-192.901
-108.371
-28.3799
47.0128
118.609
187.621
253.339
-283.426
-189.563
-106.606
-28.0058
46.2265
116.884
185.076
249.217
-277.498
-185.777
-104.585
-27.5158
45.3618
114.817
181.863
244.286
-270.967
-181.622
-102.38
-26.9845
44.38
112.435
178.12
238.789
-264.02
-177.193
-100.041
-26.4437
43.283
109.799
173.999
232.929
-256.816
-172.578
-97.6101
-25.9052
42.0936
106.982
169.632
226.856
-249.476
-167.853
-95.1206
-25.3716
40.8409
104.051
165.121
220.68
-242.087
-163.073
-92.5987
-24.8412
39.5519
101.059
160.54
214.472
-234.711
-158.281
-90.0632
-24.3116
38.2486
98.045
155.942
208.278
-227.39
-153.506
-87.5278
-23.7801
36.9475
95.0376
151.358
202.129
-220.152
-148.768
-85.0019
-23.245
35.6598
92.0547
146.811
196.043
-213.015
-144.082
-82.4923
-22.7053
34.3931
89.1081
142.315
190.031
-205.991
-139.456
-80.0037
-22.1605
33.1519
86.2053
137.877
184.1
-199.086
-134.897
-77.5396
-21.611
31.9388
83.3502
133.502
178.255
-192.305
-130.408
-75.1026
-21.0571
30.7549
80.5454
129.194
172.498
-185.65
-125.992
-72.6948
-20.4997
29.6007
77.792
124.952
166.83
-179.122
-121.65
-70.3176
-19.9395
28.4761
75.0905
120.78
161.253
-172.721
-117.385
-67.9724
-19.3775
27.3807
72.441
116.676
155.767
-166.448
-113.196
-65.6602
-18.8145
26.3141
69.8435
112.642
150.373
-160.302
-109.084
-63.3819
-18.2512
25.2759
67.2979
108.678
145.071
-154.283
-105.05
-61.1383
-17.6884
24.2654
64.8039
104.784
139.863
-148.39
-101.094
-58.9301
-17.1268
23.2822
62.3615
100.96
134.747
-142.622
-97.2157
-56.7578
-16.5671
22.3258
59.9703
97.2064
129.724
-136.979
-93.4154
-54.622
-16.0097
21.3957
57.6302
93.5237
124.796
-131.46
-89.6931
-52.5231
-15.4554
20.4916
55.3411
89.9121
119.961
-126.064
-86.0488
-50.4616
-14.9045
19.6129
53.1026
86.3716
115.221
-120.791
-82.4824
-48.4379
-14.3577
18.7593
50.9147
82.9024
110.576
-115.639
-78.9939
-46.4522
-13.8154
17.9303
48.7771
79.5046
106.025
-110.608
-75.5831
-44.5051
-13.2781
17.1256
46.6897
76.1785
101.57
-105.698
-72.2499
-42.5967
-12.7461
16.3448
44.6521
72.9241
97.2093
-100.906
-68.9941
-40.7273
-12.2201
15.5874
42.6642
69.7415
92.9445
-96.2333
-65.8156
-38.8973
-11.7003
14.8531
40.7258
66.6307
88.7752
-91.6784
-62.7142
-37.1069
-11.1871
14.1416
38.8365
63.592
84.7017
-87.2405
-59.6896
-35.3563
-10.6811
13.4523
36.9962
60.6253
80.7239
-82.9191
-56.7418
-33.6458
-10.1824
12.785
35.2045
57.7306
76.842
-78.7133
-53.8705
-31.9755
-9.69163
12.1393
33.4613
54.908
73.0561
-74.6225
-51.0755
-30.3457
-9.209
11.5148
31.7663
52.1575
69.3661
-70.6459
-48.3565
-28.7566
-8.73489
10.9111
30.1191
49.4791
65.7723
-66.7829
-45.7134
-27.2082
-8.26963
10.328
28.5196
46.8728
62.2745
-63.0328
-43.1458
-25.7008
-7.81354
9.76497
26.9675
44.3386
58.8728
-59.395
-40.6537
-24.2345
-7.36693
9.22178
25.4624
41.8764
55.5672
-55.8688
-38.2366
-22.8095
-6.93012
8.69807
24.0042
39.4861
52.3577
-52.4535
-35.8945
-21.4258
-6.50337
8.19351
22.5926
37.1678
49.2443
-49.1487
-33.627
-20.0836
-6.08697
7.7078
21.2272
34.9215
46.227
-45.9536
-31.434
-18.783
-5.68118
7.24061
19.9079
32.7469
43.3058
-42.8677
-29.3151
-17.5241
-5.28625
6.79164
18.6343
30.6441
40.4807
-39.8905
-27.2701
-16.3069
-4.90244
6.3606
17.4063
28.613
37.7515
-37.0213
-25.2988
-15.1316
-4.52996
5.9472
16.2235
26.6536
35.1182
-34.2596
-23.4009
-13.9981
-4.16905
5.55117
15.0857
24.7656
32.5809
-31.6049
-21.5763
-12.9066
-3.8199
5.17223
13.9927
22.9491
30.1395
-29.0567
-19.8246
-11.8571
-3.48273
4.81014
12.9442
21.204
27.7938
-26.6144
-18.1456
-10.8496
-3.15773
4.46464
11.94
19.5301
25.5439
-24.2776
-16.5391
-9.88424
-2.84506
4.13548
10.9799
17.9274
23.3897
-22.0458
-15.0049
-8.96097
-2.5449
3.82244
10.0635
16.3957
21.3311
-19.9186
-13.5427
-8.07981
-2.25741
3.5253
9.19079
14.935
19.3681
-17.8954
-12.1524
-7.2408
-1.98274
3.24385
8.36143
13.545
17.5005
-15.9758
-10.8336
-6.44392
-1.72103
2.97787
7.57525
12.2258
15.7282
-14.1595
-9.58615
-5.68919
-1.4724
2.72718
6.83206
10.9771
14.0513
-12.4459
-8.40985
-4.9766
-1.23699
2.49158
6.13165
9.79902
12.4696
-10.8347
-7.30447
-4.30612
-1.01488
2.27091
5.47384
8.69129
10.983
-9.32548
-6.2698
-3.67773
-0.806181
2.06498
4.85841
7.65378
9.59144
-7.91776
-5.30559
-3.0914
-0.610979
1.87363
4.28516
6.68633
8.29475
-6.61116
-4.41158
-2.54702
-0.429355
1.69668
3.75391
5.78875
7.09279
-5.4052
-3.58747
-2.04451
-0.261357
1.53397
3.26438
4.96083
5.98538
-4.29939
-2.8329
-1.58366
-0.106976
1.38529
2.81623
4.20226
4.97226
-3.29317
-2.1474
-1.16416
0.0338458
1.25036
2.40902
3.51262
4.05315
-2.38588
-1.53031
-0.785486
0.161237
1.12886
2.04213
2.89129
3.22767
-1.57676
-0.980726
-0.446849
0.275444
1.02033
1.71461
2.33736
2.4954
-0.865056
-0.497324
-0.146968
0.376906
0.924076
1.42504
1.84951
1.85601
-0.2502
-0.0782584
0.116098
0.466299
0.839055
1.17122
1.42578
1.30952
0.26765
0.279042
0.345147
0.544562
0.76382
0.950049
1.06347
0.85686
0.68696
0.577868
0.543535
0.612538
0.696389
0.757441
0.759055
0.500936
1.00092
0.819404
0.711625
0.667732
0.632233
0.587881
0.508654
0.246029
1.21582
1.0097
0.854821
0.714561
0.573969
0.441071
0.309428
0.097361
1.30566
1.20169
1.04665
0.83778
0.591741
0.348217
0.139414
0.0515732
)
;
    }
    top
    {
        type            calculated;
        value           nonuniform List<scalar> 
640
(
377.093
398.42
431.512
446.114
446.114
431.512
398.42
377.093
299.686
316.934
331.094
335.401
335.401
331.094
316.934
299.686
298.801
315.455
326.725
330.874
330.874
326.725
315.455
298.801
299.695
312.459
321.641
325.645
325.645
321.641
312.459
299.695
296.999
305.577
312.265
315.507
315.507
312.265
305.577
296.999
292.801
298.172
302.629
304.964
304.964
302.629
298.172
292.801
287.663
290.729
293.463
295.003
295.003
293.463
290.729
287.663
281.866
283.347
284.84
285.759
285.759
284.84
283.347
281.866
275.639
276.073
276.709
277.173
277.173
276.709
276.073
275.639
269.154
268.914
268.975
269.122
269.122
268.975
268.914
269.154
262.533
261.866
261.551
261.482
261.482
261.551
261.866
262.533
255.857
254.919
254.363
254.151
254.151
254.363
254.919
255.857
249.175
248.064
247.355
247.052
247.052
247.355
248.064
249.175
242.518
241.293
240.49
240.129
240.129
240.49
241.293
242.518
235.903
234.602
233.739
233.343
233.343
233.739
234.602
235.903
229.342
227.985
227.086
226.668
226.668
227.086
227.985
229.342
222.841
221.442
220.521
220.091
220.091
220.521
221.442
222.841
216.405
214.972
214.037
213.6
213.6
214.037
214.972
216.405
210.036
208.575
207.632
207.192
207.192
207.632
208.575
210.036
203.737
202.252
201.304
200.864
200.864
201.304
202.252
203.737
197.509
196.005
195.055
194.615
194.615
195.055
196.005
197.509
191.355
189.835
188.884
188.445
188.445
188.884
189.835
191.355
185.274
183.742
182.793
182.356
182.356
182.793
183.742
185.274
179.271
177.729
176.782
176.349
176.349
176.782
177.729
179.271
173.344
171.797
170.854
170.424
170.424
170.854
171.797
173.344
167.497
165.947
165.01
164.584
164.584
165.01
165.947
167.497
161.73
160.181
159.251
158.829
158.829
159.251
160.181
161.73
156.046
154.5
153.578
153.161
153.161
153.578
154.5
156.046
150.445
148.906
147.993
147.581
147.581
147.993
148.906
150.445
144.929
143.399
142.497
142.091
142.091
142.497
143.399
144.929
139.499
137.981
137.091
136.691
136.691
137.091
137.981
139.499
134.156
132.654
131.776
131.383
131.383
131.776
132.654
134.156
128.903
127.418
126.554
126.168
126.168
126.554
127.418
128.903
123.74
122.274
121.425
121.047
121.047
121.425
122.274
123.74
118.668
117.224
116.392
116.02
116.02
116.392
117.224
118.668
113.69
112.269
111.453
111.09
111.09
111.453
112.269
113.69
108.805
107.41
106.612
106.257
106.257
106.612
107.41
108.805
104.015
102.648
101.868
101.522
101.522
101.868
102.648
104.015
99.3224
97.984
97.2231
96.8859
96.8859
97.2231
97.984
99.3224
94.7269
93.4191
92.6778
92.3497
92.3497
92.6778
93.4191
94.7269
90.2302
88.9542
88.2331
87.9142
87.9142
88.2331
88.9542
90.2302
85.8332
84.5904
83.8899
83.5804
83.5804
83.8899
84.5904
85.8332
81.5371
80.3285
79.649
79.3491
79.3491
79.649
80.3285
81.5371
77.3428
76.1694
75.5113
75.2211
75.2211
75.5113
76.1694
77.3428
73.2515
72.114
71.4775
71.1971
71.1971
71.4775
72.114
73.2515
69.2639
68.1631
67.5485
67.2779
67.2779
67.5485
68.1631
69.2639
65.3811
64.3175
63.7249
63.4642
63.4642
63.7249
64.3175
65.3811
61.604
60.578
60.0076
59.7567
59.7567
60.0076
60.578
61.6039
57.9333
56.9454
56.397
56.156
56.156
56.397
56.9454
57.9333
54.37
53.4203
52.894
52.6628
52.6628
52.894
53.4203
54.37
50.9148
50.0033
49.4991
49.2776
49.2776
49.4991
50.0033
50.9148
47.5684
46.6952
46.2129
46.0011
46.0011
46.2129
46.6952
47.5684
44.3316
43.4965
43.0359
42.8336
42.8336
43.0359
43.4965
44.3316
41.205
40.4078
39.9687
39.7759
39.7759
39.9687
40.4078
41.205
38.1893
37.4297
37.0117
36.8282
36.8282
37.0117
37.4297
38.1893
35.2851
34.5625
34.1654
33.9911
33.9911
34.1654
34.5625
35.2851
32.4928
31.8069
31.4303
31.2649
31.2649
31.4303
31.8069
32.4928
29.8131
29.1632
28.8066
28.65
28.65
28.8066
29.1632
29.8131
27.2463
26.6317
26.2948
26.1467
26.1467
26.2948
26.6317
27.2463
24.793
24.213
23.8952
23.7554
23.7554
23.8952
24.213
24.793
22.4534
21.9071
21.6079
21.4763
21.4763
21.6079
21.9071
22.4534
20.228
19.7146
19.4334
19.3096
19.3096
19.4334
19.7146
20.228
18.1172
17.6356
17.3719
17.2557
17.2557
17.3719
17.6356
18.1172
16.1212
15.6704
15.4235
15.3146
15.3146
15.4235
15.6704
16.1212
14.2401
13.8191
13.5884
13.4866
13.4866
13.5884
13.8191
14.2401
12.4743
12.0818
11.8667
11.7717
11.7717
11.8667
12.0818
12.4743
10.8237
10.4587
10.2586
10.17
10.17
10.2586
10.4587
10.8237
9.2886
8.94985
8.76401
8.68172
8.68172
8.76401
8.94985
9.2886
7.86898
7.55534
7.38319
7.30695
7.30695
7.38319
7.55534
7.86897
6.56486
6.27521
6.11627
6.0459
6.0459
6.11626
6.27521
6.56486
5.37623
5.10959
4.96348
4.89891
4.89891
4.96348
5.10959
5.37623
4.30303
4.0587
3.92527
3.86655
3.86655
3.92527
4.0587
4.30303
3.34532
3.12303
3.00246
2.94978
2.94978
3.00246
3.12302
3.34532
2.5034
2.30363
2.19654
2.15025
2.15025
2.19654
2.30363
2.5034
1.77824
1.6026
1.51011
1.47071
1.47071
1.51011
1.6026
1.77824
1.17196
1.02375
0.947474
0.915535
0.915532
0.947471
1.02375
1.17196
0.688407
0.573112
0.515114
0.491157
0.491157
0.515116
0.573117
0.688413
0.333684
0.258983
0.222257
0.206735
0.206746
0.222269
0.258993
0.333677
0.107182
0.0864687
0.0759388
0.069351
0.0693661
0.0759542
0.0864663
0.107179
-0.0196103
0.0189633
0.0342093
0.036146
0.0361303
0.0341943
0.0189641
-0.0196274
)
;
    }
    bottom
    {
        type            calculated;
        value           nonuniform List<scalar> 
640
(
-465.767
-462.678
-472.373
-477.387
-477.387
-472.373
-462.678
-465.767
-374.377
-390.151
-397.692
-400.091
-400.091
-397.692
-390.151
-374.377
-358.476
-374.435
-382.794
-385.674
-385.674
-382.794
-374.435
-358.476
-350.143
-363.186
-371.17
-374.295
-374.295
-371.17
-363.186
-350.143
-343.123
-352.514
-359.059
-361.906
-361.906
-359.059
-352.514
-343.123
-335.843
-342.396
-347.397
-349.745
-349.745
-347.397
-342.396
-335.843
-327.921
-332.475
-336.184
-338.014
-338.014
-336.184
-332.475
-327.921
-319.447
-322.663
-325.406
-326.797
-326.797
-325.406
-322.663
-319.447
-310.587
-312.948
-315.013
-316.07
-316.07
-315.013
-312.948
-310.587
-301.497
-303.336
-304.946
-305.763
-305.763
-304.946
-303.336
-301.497
-292.302
-293.837
-295.152
-295.807
-295.807
-295.152
-293.837
-292.302
-283.098
-284.467
-285.596
-286.144
-286.144
-285.596
-284.467
-283.098
-273.951
-275.241
-276.255
-276.735
-276.735
-276.255
-275.241
-273.951
-264.908
-266.171
-267.117
-267.554
-267.554
-267.117
-266.171
-264.908
-256
-257.265
-258.171
-258.581
-258.581
-258.171
-257.265
-256
-247.248
-248.53
-249.413
-249.807
-249.807
-249.413
-248.53
-247.248
-238.663
-239.97
-240.84
-241.224
-241.224
-240.84
-239.97
-238.663
-230.252
-231.586
-232.449
-232.827
-232.827
-232.449
-231.586
-230.252
-222.019
-223.379
-224.237
-224.611
-224.611
-224.237
-223.379
-222.019
-213.965
-215.35
-216.204
-216.573
-216.573
-216.204
-215.35
-213.965
-206.089
-207.496
-208.346
-208.713
-208.713
-208.346
-207.496
-206.089
-198.392
-199.817
-200.662
-201.025
-201.025
-200.662
-199.817
-198.392
-190.87
-192.31
-193.15
-193.51
-193.51
-193.15
-192.31
-190.87
-183.524
-184.974
-185.808
-186.165
-186.165
-185.808
-184.974
-183.524
-176.35
-177.808
-178.634
-178.987
-178.987
-178.634
-177.808
-176.35
-169.348
-170.809
-171.626
-171.975
-171.975
-171.626
-170.809
-169.348
-162.514
-163.975
-164.783
-165.126
-165.126
-164.783
-163.975
-162.514
-155.848
-157.305
-158.102
-158.44
-158.44
-158.102
-157.305
-155.848
-149.346
-150.797
-151.582
-151.915
-151.915
-151.582
-150.797
-149.346
-143.008
-144.449
-145.221
-145.548
-145.548
-145.221
-144.449
-143.008
-136.831
-138.259
-139.017
-139.337
-139.337
-139.017
-138.259
-136.831
-130.813
-132.225
-132.969
-133.282
-133.282
-132.969
-132.225
-130.813
-124.953
-126.346
-127.074
-127.38
-127.38
-127.074
-126.346
-124.953
-119.248
-120.62
-121.331
-121.63
-121.63
-121.331
-120.62
-119.248
-113.697
-115.045
-115.739
-116.03
-116.03
-115.739
-115.045
-113.697
-108.297
-109.619
-110.295
-110.579
-110.579
-110.295
-109.619
-108.297
-103.047
-104.341
-104.999
-105.275
-105.275
-104.999
-104.341
-103.047
-97.9453
-99.2096
-99.8482
-100.115
-100.115
-99.8482
-99.2096
-97.9453
-92.9897
-94.2223
-94.8413
-95.1
-95.1
-94.8413
-94.2223
-92.9897
-88.1787
-89.3778
-89.9768
-90.2269
-90.2269
-89.9768
-89.3778
-88.1787
-83.5104
-84.6747
-85.2533
-85.4946
-85.4946
-85.2533
-84.6747
-83.5104
-78.9833
-80.1113
-80.6692
-80.9017
-80.9017
-80.6692
-80.1113
-78.9833
-74.5955
-75.6862
-76.2231
-76.4466
-76.4466
-76.2231
-75.6862
-74.5955
-70.3456
-71.3978
-71.9135
-72.1279
-72.1279
-71.9135
-71.3978
-70.3456
-66.2319
-67.2448
-67.7391
-67.9444
-67.9444
-67.7391
-67.2448
-66.2319
-62.2529
-63.2257
-63.6985
-63.8947
-63.8947
-63.6985
-63.2257
-62.2529
-58.407
-59.3391
-59.7903
-59.9773
-59.9773
-59.7903
-59.3391
-58.407
-54.6927
-55.5837
-56.0133
-56.1912
-56.1912
-56.0133
-55.5837
-54.6927
-51.1087
-51.9581
-52.3661
-52.5349
-52.5349
-52.3661
-51.9581
-51.1087
-47.6535
-48.4612
-48.8476
-49.0074
-49.0074
-48.8476
-48.4612
-47.6535
-44.3258
-45.0916
-45.4566
-45.6073
-45.6073
-45.4566
-45.0915
-44.3258
-41.1241
-41.848
-42.1919
-42.3336
-42.3336
-42.1919
-41.848
-41.1241
-38.0473
-38.7295
-39.0523
-39.1852
-39.1852
-39.0523
-38.7295
-38.0473
-35.0941
-35.7347
-36.0367
-36.1609
-36.1609
-36.0367
-35.7347
-35.0941
-32.2633
-32.8627
-33.1441
-33.2596
-33.2596
-33.1441
-32.8627
-32.2633
-29.5536
-30.1122
-30.3734
-30.4805
-30.4805
-30.3734
-30.1122
-29.5536
-26.9641
-27.4824
-27.7237
-27.8224
-27.8224
-27.7237
-27.4824
-26.9641
-24.4935
-24.9721
-25.1939
-25.2845
-25.2845
-25.1939
-24.9721
-24.4935
-22.1408
-22.5804
-22.7831
-22.8657
-22.8657
-22.7831
-22.5804
-22.1408
-19.9051
-20.3065
-20.4905
-20.5652
-20.5652
-20.4905
-20.3065
-19.9051
-17.7853
-18.1493
-18.315
-18.3822
-18.3822
-18.315
-18.1493
-17.7853
-15.7806
-16.108
-16.256
-16.3157
-16.3157
-16.256
-16.108
-15.7806
-13.8899
-14.1818
-14.3126
-14.3651
-14.3651
-14.3126
-14.1818
-13.8899
-12.1126
-12.3699
-12.484
-12.5295
-12.5295
-12.484
-12.3699
-12.1126
-10.4476
-10.6714
-10.7694
-10.8082
-10.8082
-10.7694
-10.6714
-10.4476
-8.89438
-9.08578
-9.16816
-9.20048
-9.20048
-9.16815
-9.08578
-8.89437
-7.45201
-7.61219
-7.6796
-7.70571
-7.70571
-7.6796
-7.61219
-7.45201
-6.11981
-6.24998
-6.30308
-6.32329
-6.32329
-6.30308
-6.24998
-6.11981
-4.89707
-4.99852
-5.03806
-5.05271
-5.05271
-5.03806
-4.99852
-4.89707
-3.7831
-3.85724
-3.88406
-3.89358
-3.89357
-3.88406
-3.85724
-3.7831
-2.77725
-2.82567
-2.8408
-2.8457
-2.8457
-2.8408
-2.82567
-2.77725
-1.87898
-1.90355
-1.90826
-1.9092
-1.9092
-1.90826
-1.90355
-1.87897
-1.08798
-1.09101
-1.0869
-1.08469
-1.08469
-1.08691
-1.09101
-1.08798
-0.404495
-0.388903
-0.377974
-0.373545
-0.373546
-0.377973
-0.388901
-0.4045
0.170197
0.200621
0.215956
0.221556
0.221555
0.215959
0.200624
0.170194
0.63283
0.673282
0.69034
0.696129
0.696128
0.690343
0.673286
0.632834
0.976035
1.02084
1.03691
1.04213
1.04214
1.03691
1.02084
0.976043
1.1898
1.23118
1.24326
1.24743
1.24743
1.24326
1.23118
1.18981
1.25673
1.28602
1.29195
1.29545
1.29545
1.29195
1.28602
1.25673
1.23036
1.23046
1.23067
1.23535
1.23535
1.23067
1.23046
1.23037
)
;
    }
}


// ************************************************************************* //
