/*--------------------------------*- C++ -*----------------------------------*\
| =========                 |                                                 |
| \\      /  F ield         | foam-extend: Open Source CFD                    |
|  \\    /   O peration     | Version:     4.1                                |
|   \\  /    A nd           | Web:         http://www.foam-extend.org         |
|    \\/     M anipulation  |                                                 |
\*---------------------------------------------------------------------------*/
FoamFile
{
    version     2.0;
    format      ascii;
    class       volVectorField;
    location    "0.193";
    object      traction;
}
// * * * * * * * * * * * * * * * * * * * * * * * * * * * * * * * * * * * * * //

dimensions      [1 -1 -2 0 0 0 0];

internalField   uniform (0 0 0);

boundaryField
{
    left
    {
        type            calculated;
        value           nonuniform List<vector> 
64
(
(-1192.59 -163.882 -124.549)
(-1066.61 -141.98 -162.618)
(-1079.7 -77.138 -189.359)
(-1091.25 -23.7401 -200.953)
(-1091.25 23.7401 -200.953)
(-1079.7 77.138 -189.359)
(-1066.61 141.98 -162.618)
(-1192.59 163.882 -124.549)
(-700.11 -116.377 -48.0685)
(-614.855 -101.933 -85.8328)
(-617.764 -53.3818 -103.668)
(-620.224 -15.9248 -111.107)
(-620.224 15.9248 -111.107)
(-617.764 53.3818 -103.668)
(-614.855 101.933 -85.8328)
(-700.11 116.377 -48.0685)
(-373.776 -66.7488 23.3745)
(-333.168 -62.4334 -5.17647)
(-339.664 -32.7879 -9.88757)
(-342.213 -9.64364 -11.6741)
(-342.213 9.64364 -11.6741)
(-339.664 32.7879 -9.88757)
(-333.168 62.4334 -5.17647)
(-373.776 66.7488 23.3745)
(-82.2036 -13.7793 56.2228)
(-82.8083 -11.9001 29.2022)
(-87.6622 -5.77821 30.6004)
(-89.2081 -1.57361 31.6557)
(-89.2081 1.57361 31.6557)
(-87.6622 5.77821 30.6004)
(-82.8083 11.9001 29.2022)
(-82.2036 13.7793 56.2228)
(190.669 31.2584 58.7335)
(149.121 40.8292 28.5202)
(147.973 23.1293 28.0876)
(147.913 7.06631 28.3093)
(147.913 -7.06631 28.3093)
(147.973 -23.1293 28.0876)
(149.121 -40.8292 28.5202)
(190.669 -31.2584 58.7335)
(452.493 60.7026 33.6239)
(370.63 86.4304 -4.867)
(372.547 48.5248 -14.9451)
(374.015 14.7059 -19.2468)
(374.015 -14.7059 -19.2468)
(372.547 -48.5248 -14.9451)
(370.63 -86.4304 -4.867)
(452.493 -60.7026 33.6239)
(709.353 68.8174 -14.0707)
(586.228 116.498 -65.0388)
(587.474 65.6857 -88.8756)
(589.847 19.9995 -99.3325)
(589.847 -19.9995 -99.3325)
(587.474 -65.6857 -88.8756)
(586.228 -116.498 -65.0388)
(709.353 -68.8174 -14.0707)
(1043.78 52.9105 -11.5836)
(915.523 137.573 -43.1388)
(938.866 79.571 -54.7295)
(954.47 24.5514 -58.4928)
(954.47 -24.5514 -58.4928)
(938.866 -79.571 -54.7295)
(915.523 -137.573 -43.1388)
(1043.78 -52.9105 -11.5836)
)
;
    }
    right
    {
        type            calculated;
        value           nonuniform List<vector> 
64
(
(-0.620557 0.00328663 1.46691)
(-0.622722 -0.00123685 1.47204)
(-0.621058 -0.00367783 1.4681)
(-0.620291 -0.00172168 1.46628)
(-0.620291 0.00172161 1.46629)
(-0.621058 0.00367784 1.4681)
(-0.622722 0.00123701 1.47204)
(-0.620558 -0.00328661 1.46692)
(-0.572798 -0.00705471 1.35428)
(-0.589034 -0.0171911 1.39263)
(-0.587793 -0.0165003 1.38968)
(-0.586734 -0.00647353 1.38716)
(-0.586734 0.00647328 1.38716)
(-0.587794 0.0165003 1.38968)
(-0.589035 0.0171913 1.39264)
(-0.572798 0.00705489 1.35428)
(-0.473998 -0.0244387 1.12096)
(-0.49605 -0.0469186 1.17303)
(-0.496058 -0.0357217 1.17301)
(-0.495321 -0.0128848 1.17125)
(-0.495321 0.0128847 1.17125)
(-0.496059 0.0357217 1.17301)
(-0.49605 0.0469186 1.17303)
(-0.473998 0.0244387 1.12095)
(-0.339303 -0.0364293 0.802542)
(-0.356776 -0.0671383 0.843796)
(-0.356155 -0.0486569 0.842287)
(-0.356031 -0.0171611 0.841979)
(-0.356031 0.0171611 0.841978)
(-0.356155 0.0486569 0.842287)
(-0.356776 0.0671383 0.843796)
(-0.339303 0.0364293 0.802541)
(-0.201541 -0.0357772 0.476698)
(-0.20668 -0.0656752 0.488811)
(-0.20486 -0.0474761 0.484482)
(-0.20537 -0.0168108 0.485679)
(-0.20537 0.0168108 0.485679)
(-0.204859 0.0474761 0.484482)
(-0.206679 0.0656753 0.48881)
(-0.201541 0.0357772 0.476698)
(-0.0899823 -0.022346 0.212799)
(-0.0825619 -0.0426315 0.195241)
(-0.0804522 -0.0323504 0.190243)
(-0.0815323 -0.0118845 0.192793)
(-0.0815326 0.0118844 0.192793)
(-0.0804525 0.0323503 0.190244)
(-0.0825618 0.0426316 0.19524)
(-0.0899829 0.0223461 0.2128)
(-0.0274654 -0.00364077 0.064935)
(-0.0147125 -0.0116895 0.0347841)
(-0.0151226 -0.0124792 0.0357529)
(-0.0169144 -0.0053453 0.039988)
(-0.0169138 0.00534622 0.0399867)
(-0.0151218 0.0124787 0.035751)
(-0.0147127 0.0116893 0.0347848)
(-0.0274652 0.00364082 0.0649346)
(-0.00608214 0.00590824 0.0143685)
(0.00144727 0.00131944 -0.00343578)
(0.00117873 -0.00189443 -0.00279989)
(0.000762915 -0.00124231 -0.00181691)
(0.000763074 0.00124261 -0.00181734)
(0.00117829 0.00189433 -0.00279888)
(0.00144442 -0.00131963 -0.00342899)
(-0.00608224 -0.00590866 0.0143687)
)
;
    }
    back
    {
        type            calculated;
        value           nonuniform List<vector> 
640
(
(-53.1022 2.46743 -2.85308)
(-26.5226 0.996053 -0.743906)
(-9.02652 0.222348 0.73151)
(-0.997632 0.00632293 0.138936)
(-4.19991 -0.100644 -1.42535)
(-18.5922 -0.772651 -2.38485)
(-42.6411 -2.5159 -1.72795)
(-78.7089 -6.0661 -2.14775)
(-15.7879 0.262292 -0.72759)
(-5.07297 0.0363548 -0.524287)
(-0.763472 -0.00513694 -0.363148)
(0.238457 -0.010359 -0.42582)
(-0.713635 -0.0146206 -0.445486)
(-3.45346 -0.0404395 -0.392007)
(-8.85956 -0.135259 -0.237635)
(-17.7047 -0.397767 -0.397573)
(-5.87368 0.0323825 -0.510695)
(-0.897926 -0.0112668 -0.607127)
(0.851518 -0.012306 -0.509823)
(0.798928 -0.0117783 -0.486879)
(0.308893 -0.00965378 -0.388335)
(-0.437447 -0.00688931 -0.258085)
(-2.15918 -0.010536 -0.164071)
(-4.62014 -0.026935 -0.154293)
(-2.43781 0.00108966 -0.369075)
(-0.107469 -0.0143995 -0.575789)
(0.956038 -0.0142031 -0.528699)
(1.0023 -0.0133053 -0.503427)
(0.735292 -0.011293 -0.429736)
(0.326317 -0.0085272 -0.335382)
(-0.430799 -0.00685422 -0.27667)
(-1.17978 -0.00325355 -0.116468)
(-0.663121 -0.00458871 -0.243452)
(0.448499 -0.0145731 -0.513455)
(1.02935 -0.0147446 -0.50837)
(1.11953 -0.0143122 -0.498495)
(1.0134 -0.0126864 -0.441599)
(0.855816 -0.0103855 -0.358508)
(0.673637 -0.00800081 -0.274942)
(0.584155 -0.00202746 -0.0305297)
(0.372225 -0.00427996 -0.129309)
(0.868025 -0.0133016 -0.431059)
(1.12576 -0.0139874 -0.454324)
(1.19296 -0.0143594 -0.468286)
(1.19187 -0.0134769 -0.429233)
(1.23108 -0.0119388 -0.35002)
(1.37844 -0.0102345 -0.239981)
(1.64137 -0.00477616 0.0645762)
(0.972979 -0.00264378 -0.0329181)
(1.13338 -0.0116191 -0.349936)
(1.19824 -0.012706 -0.389421)
(1.23341 -0.013732 -0.422755)
(1.29239 -0.0135199 -0.397472)
(1.44745 -0.012671 -0.319912)
(1.74859 -0.0117301 -0.1951)
(2.17374 -0.00715226 0.14446)
(1.30821 -0.00105185 0.0447888)
(1.28458 -0.0100018 -0.277588)
(1.23845 -0.011301 -0.325023)
(1.24776 -0.0127285 -0.370577)
(1.33611 -0.0129735 -0.354044)
(1.54655 -0.0125932 -0.277756)
(1.9042 -0.0121598 -0.14805)
(2.37588 -0.00817471 0.205343)
(1.48121 0.000176992 0.105943)
(1.35829 -0.00858727 -0.215352)
(1.25046 -0.0099449 -0.26555)
(1.24191 -0.0115659 -0.317502)
(1.34072 -0.0120776 -0.306119)
(1.56957 -0.0119773 -0.231716)
(1.93521 -0.0118406 -0.103686)
(2.39934 -0.00820414 0.250253)
(1.5568 0.00104919 0.153643)
(1.38213 -0.00738547 -0.162453)
(1.24152 -0.00870381 -0.212372)
(1.22128 -0.0103807 -0.266869)
(1.31998 -0.0110294 -0.258518)
(1.5474 -0.0110883 -0.186774)
(1.89943 -0.0111281 -0.0641546)
(2.33639 -0.00772986 0.28332)
(1.57488 0.00164648 0.19085)
(1.37524 -0.00636623 -0.117462)
(1.21836 -0.00759449 -0.165509)
(1.19045 -0.00924823 -0.220318)
(1.28377 -0.00995756 -0.213906)
(1.50054 -0.0101081 -0.145383)
(1.83122 -0.0102644 -0.0298902)
(2.2366 -0.00706688 0.307928)
(1.55942 0.00204724 0.219946)
(1.34984 -0.00549577 -0.0790082)
(1.18598 -0.00661403 -0.124488)
(1.15297 -0.00820409 -0.178446)
(1.23877 -0.00893258 -0.173445)
(1.44153 -0.00913926 -0.108411)
(1.74957 -0.00938225 -0.000524532)
(2.12471 -0.0063754 0.32647)
(1.52457 0.00230997 0.242715)
(1.31348 -0.00474639 -0.0459728)
(1.14785 -0.00575223 -0.0887033)
(1.11142 -0.00726058 -0.141264)
(1.18928 -0.00798681 -0.137412)
(1.37757 -0.00823088 -0.0758964)
(1.6643 -0.00854323 0.0245729)
(2.01223 -0.00572481 0.340519)
(1.47871 0.00247506 0.260453)
(1.27078 -0.00409691 -0.0174875)
(1.1063 -0.00499654 -0.0575488)
(1.0676 -0.00641716 -0.108489)
(1.13794 -0.0071303 -0.105634)
(1.31261 -0.00740103 -0.0475128)
(1.58012 -0.00777038 0.0460252)
(1.90393 -0.00513852 0.351065)
(1.42676 0.00256979 0.274102)
(1.22457 -0.00353124 0.00711756)
(1.06288 -0.00433435 -0.0304668)
(1.02277 -0.00566713 -0.0797195)
(1.0863 -0.00636157 -0.0777506)
(1.2486 -0.00665195 -0.0228272)
(1.49897 -0.00706775 0.0643514)
(1.80131 -0.00461898 0.358714)
(1.3717 0.00261275 0.284355)
(1.17656 -0.00303694 0.0283636)
(1.01862 -0.00375397 -0.00696723)
(0.977719 -0.00500147 -0.0545315)
(1.03525 -0.00567409 -0.0533518)
(1.18643 -0.00597879 -0.00141432)
(1.42145 -0.00643134 0.0799567)
(1.7044 -0.00416043 0.363844)
(1.31529 0.00261683 0.29173)
(1.12787 -0.00260412 0.0466644)
(0.974218 -0.00324503 0.0133721)
(0.933005 -0.00441081 -0.0325271)
(0.985273 -0.00505966 -0.0320488)
(1.12645 -0.00537422 0.0171011)
(1.34754 -0.00585451 0.0931535)
(1.61272 -0.00375488 0.366706)
(1.25864 0.00259127 0.29663)
(1.07916 -0.00222477 0.0623561)
(0.930135 -0.00279853 0.0309109)
(0.888975 -0.00388646 -0.0133527)
(0.936608 -0.00451019 -0.0134968)
(1.06871 -0.00483071 0.0330371)
(1.27699 -0.00533042 0.104188)
(1.52568 -0.0033946 0.367493)
(1.20241 0.00254286 0.299373)
(1.03091 -0.00189226 0.0757172)
(0.886688 -0.00240676 0.0459552)
(0.845858 -0.00342068 0.00329815)
(0.889379 -0.00401831 0.00260117)
(1.01315 -0.00434133 0.0466617)
(1.20952 -0.00485296 0.113264)
(1.44275 -0.00307299 0.366373)
(1.14704 0.00247678 0.300224)
(0.9834 -0.00160099 0.086984)
(0.844094 -0.00206313 0.0587665)
(0.803804 -0.00300679 0.0176886)
(0.84364 -0.00357759 0.0164987)
(0.959704 -0.00390008 0.0582034)
(1.14487 -0.00441701 0.120558)
(1.36353 -0.00278464 0.363506)
(1.09281 0.00239706 0.299404)
(0.936842 -0.0013462 0.0963608)
(0.8025 -0.00176199 0.0695704)
(0.762911 -0.00263899 0.0300454)
(0.79941 -0.00318252 0.0284142)
(0.908278 -0.00350186 0.0678605)
(1.08287 -0.00401828 0.126227)
(1.28771 -0.00252523 0.359054)
(1.03989 0.00230692 0.297106)
(0.89137 -0.00112377 0.104027)
(0.762009 -0.00149847 0.0785639)
(0.723241 -0.00231231 0.040566)
(0.756697 -0.00282833 0.0385379)
(0.858807 -0.00314227 0.0758096)
(1.02334 -0.00365323 0.130419)
(1.2151 -0.00229126 0.353178)
(0.988394 0.002209 0.2935)
(0.847079 -0.000930105 0.110144)
(0.722689 -0.00126831 0.0859214)
(0.684836 -0.00202238 0.0494248)
(0.715496 -0.00251088 0.0470387)
(0.811235 -0.00281754 0.0822103)
(0.966196 -0.00331886 0.133274)
(1.14553 -0.00207987 0.346037)
(0.938388 0.00210549 0.288738)
(0.80403 -0.000762018 0.114856)
(0.684585 -0.00106778 0.0917996)
(0.647719 -0.00176539 0.0567777)
(0.6758 -0.00222654 0.0540687)
(0.765516 -0.00252439 0.0872095)
(0.911349 -0.00301258 0.134923)
(1.07891 -0.00188864 0.337787)
(0.889917 0.00199823 0.282962)
(0.762267 -0.000616684 0.118298)
(0.647724 -0.000893587 0.0963407)
(0.611902 -0.00153792 0.0627664)
(0.637598 -0.00197209 0.0597667)
(0.721615 -0.00225987 0.0909434)
(0.858738 -0.00273212 0.13549)
(1.01514 -0.00171552 0.328581)
(0.843004 0.00188877 0.276299)
(0.721815 -0.000491573 0.120592)
(0.612124 -0.000742764 0.0996753)
(0.57739 -0.00133695 0.0675209)
(0.600878 -0.00174463 0.0642609)
(0.679496 -0.00202136 0.0935393)
(0.808311 -0.00247542 0.135094)
(0.954151 -0.00155869 0.318562)
(0.797661 0.00177845 0.268868)
(0.682691 -0.000384409 0.121852)
(0.577789 -0.00061267 0.101924)
(0.54418 -0.00115972 0.0711611)
(0.565622 -0.00154154 0.0676698)
(0.639127 -0.00180648 0.0951161)
(0.760021 -0.00224062 0.133847)
(0.89588 -0.00141656 0.307866)
(0.753887 0.0016684 0.260781)
(0.644901 -0.000293139 0.122187)
(0.54472 -0.000500923 0.103199)
(0.512263 -0.00100374 0.0737988)
(0.531811 -0.00136046 0.0701043)
(0.600477 -0.00161307 0.0957851)
(0.713822 -0.00202601 0.131852)
(0.840259 -0.00128768 0.296619)
(0.711679 0.00155957 0.252139)
(0.608448 -0.000215911 0.121695)
(0.512911 -0.000405378 0.103605)
(0.481628 -0.00086678 0.075538)
(0.499423 -0.00119922 0.0716676)
(0.563511 -0.00143914 0.0956504)
(0.669667 -0.00183001 0.129209)
(0.787219 -0.00117075 0.284941)
(0.671025 0.00145278 0.243041)
(0.573328 -0.00015105 0.12047)
(0.48235 -0.0003241 0.10324)
(0.452257 -0.00074678 0.0764757)
(0.468434 -0.00105583 0.0724561)
(0.528194 -0.00128286 0.0948093)
(0.627509 -0.00165115 0.126008)
(0.736693 -0.0010646 0.272938)
(0.631911 0.0013487 0.233575)
(0.539531 -9.70456e-05 0.1186)
(0.453025 -0.000255346 0.102195)
(0.424133 -0.000641887 0.0767028)
(0.438816 -0.000928504 0.0725599)
(0.494487 -0.00114258 0.0933521)
(0.587299 -0.00148805 0.122332)
(0.68861 -0.000968161 0.260711)
(0.594319 0.0012479 0.223826)
(0.507048 -5.25339e-05 0.116167)
(0.424917 -0.000197549 0.100554)
(0.397232 -0.000550418 0.0763038)
(0.41054 -0.000815583 0.0720625)
(0.462352 -0.00101676 0.0913631)
(0.548985 -0.00133947 0.118261)
(0.642897 -0.000880478 0.248351)
(0.558229 0.00115081 0.21387)
(0.475864 -1.62885e-05 0.113248)
(0.398008 -0.0001493 0.0983976)
(0.371532 -0.000470849 0.0753574)
(0.383575 -0.000715572 0.071042)
(0.431747 -0.000903997 0.0889199)
(0.512517 -0.00120421 0.113866)
(0.59948 -0.00080068 0.235939)
(0.523619 0.00105779 0.203778)
(0.445962 1.2792e-05 0.109913)
(0.372276 -0.000109338 0.0957985)
(0.347005 -0.000401805 0.0739367)
(0.357889 -0.000627109 0.0695704)
(0.40263 -0.00080302 0.0860944)
(0.477839 -0.00108119 0.109212)
(0.558284 -0.000727986 0.223551)
(0.490463 0.000969119 0.193618)
(0.417323 3.56938e-05 0.106229)
(0.347698 -7.65374e-05 0.092825)
(0.323626 -0.000342043 0.0721096)
(0.333447 -0.000548956 0.0677144)
(0.374958 -0.000712659 0.0829528)
(0.444898 -0.000969404 0.104359)
(0.519234 -0.000661695 0.211252)
(0.458736 0.000884975 0.183449)
(0.389928 5.32974e-05 0.102258)
(0.324249 -4.98944e-05 0.0895403)
(0.301366 -0.000290448 0.0699386)
(0.310214 -0.000479993 0.0655355)
(0.348686 -0.000631852 0.0795557)
(0.413639 -0.00086791 0.0993618)
(0.482255 -0.000601178 0.199102)
(0.42841 0.000805486 0.173326)
(0.363753 6.63881e-05 0.0980558)
(0.301904 -2.85194e-05 0.0860023)
(0.280196 -0.000246019 0.0674814)
(0.288156 -0.00041921 0.0630901)
(0.323771 -0.000559635 0.0759584)
(0.384008 -0.000775848 0.0942699)
(0.447272 -0.000545875 0.187155)
(0.399456 0.000730715 0.1633)
(0.338775 7.5663e-05 0.0936747)
(0.280636 -1.1625e-05 0.0822642)
(0.260085 -0.00020786 0.064791)
(0.267237 -0.000365693 0.0604299)
(0.300168 -0.000495134 0.0722115)
(0.35595 -0.000692421 0.0891276)
(0.41421 -0.000495285 0.175456)
(0.371845 0.000660671 0.153415)
(0.31497 8.17382e-05 0.0891626)
(0.260417 1.48277e-06 0.0783749)
(0.241004 -0.000175174 0.0619159)
(0.247419 -0.000318624 0.0576022)
(0.277832 -0.000437557 0.0683606)
(0.329409 -0.000616896 0.0839751)
(0.382996 -0.000448962 0.164045)
(0.345546 0.000595321 0.143712)
(0.292311 8.51566e-05 0.0845633)
(0.241219 1.14128e-05 0.0743787)
(0.222921 -0.00014725 0.0589002)
(0.228668 -0.000277265 0.0546496)
(0.25672 -0.00038619 0.0644469)
(0.304333 -0.000548596 0.078848)
(0.353559 -0.000406512 0.152959)
(0.320526 0.000534588 0.134228)
(0.270771 8.63941e-05 0.0799165)
(0.223014 1.86975e-05 0.070316)
(0.205805 -0.000123457 0.0557841)
(0.210947 -0.000240958 0.0516111)
(0.236786 -0.000340388 0.0605075)
(0.280668 -0.000486899 0.0737781)
(0.325826 -0.000367585 0.142226)
(0.296755 0.000478367 0.124993)
(0.250324 8.58665e-05 0.0752581)
(0.205774 2.38e-05 0.0662232)
(0.189626 -0.000103239 0.0526037)
(0.19422 -0.000209114 0.0485214)
(0.217988 -0.000299571 0.0565755)
(0.25836 -0.000431233 0.0687934)
(0.299729 -0.000331868 0.131871)
(0.2742 0.000426522 0.116035)
(0.23094 8.39353e-05 0.0706204)
(0.189469 2.71213e-05 0.0621329)
(0.174353 -8.61044e-05 0.0493917)
(0.178452 -0.000181209 0.0454119)
(0.200284 -0.000263217 0.0526802)
(0.237359 -0.000381074 0.0639182)
(0.275201 -0.000299089 0.121915)
(0.252828 0.000378897 0.107379)
(0.212592 8.0913e-05 0.0660325)
(0.17407 2.90067e-05 0.0580743)
(0.159954 -7.16218e-05 0.0461772)
(0.163608 -0.000156775 0.0423103)
(0.18363 -0.000230858 0.0488474)
(0.217614 -0.000335937 0.0591737)
(0.252174 -0.000269001 0.112374)
(0.232606 0.000335317 0.0990445)
(0.195251 7.70682e-05 0.0615202)
(0.159549 2.9752e-05 0.0540734)
(0.1464 -5.94132e-05 0.0429861)
(0.149653 -0.000135399 0.0392413)
(0.167987 -0.000202075 0.0450997)
(0.199074 -0.000295381 0.0545782)
(0.230586 -0.00024139 0.10326)
(0.213502 0.000295591 0.0910483)
(0.178888 7.263e-05 0.0571062)
(0.145877 2.9609e-05 0.050153)
(0.13366 -4.91482e-05 0.0398414)
(0.136554 -0.000116712 0.0362266)
(0.153313 -0.000176492 0.0414566)
(0.181691 -0.000259 0.0501469)
(0.210372 -0.000216062 0.0945809)
(0.195481 0.000259521 0.0834038)
(0.163473 6.77926e-05 0.0528103)
(0.133024 2.87901e-05 0.0463328)
(0.121704 -4.05398e-05 0.0367631)
(0.124276 -0.000100391 0.0332849)
(0.139569 -0.000153773 0.0379349)
(0.165417 -0.000226419 0.0458925)
(0.191474 -0.000192846 0.0863436)
(0.178512 0.000226901 0.0761218)
(0.148977 6.27189e-05 0.0486498)
(0.120963 2.74735e-05 0.0426301)
(0.110503 -3.3339e-05 0.0337684)
(0.112787 -8.61476e-05 0.0304324)
(0.126717 -0.000133617 0.0345484)
(0.150206 -0.000197297 0.0418254)
(0.173831 -0.000171587 0.0785502)
(0.162561 0.000197519 0.0692097)
(0.135371 5.75439e-05 0.0446393)
(0.109666 2.58073e-05 0.0390594)
(0.100029 -2.73306e-05 0.0308723)
(0.102056 -7.37305e-05 0.0276829)
(0.114719 -0.000115757 0.0313087)
(0.136012 -0.000171322 0.0379536)
(0.157388 -0.000152149 0.0712005)
(0.147596 0.000171163 0.0626728)
(0.122625 5.23785e-05 0.0407912)
(0.0991045 2.39128e-05 0.035633)
(0.0902527 -2.23294e-05 0.0280873)
(0.0920507 -6.29167e-05 0.0250477)
(0.103538 -9.99511e-05 0.0282252)
(0.122792 -0.000148204 0.0342831)
(0.142088 -0.000134405 0.0642919)
(0.133582 0.000147623 0.0565134)
(0.11071 4.73121e-05 0.0371155)
(0.0892512 2.18888e-05 0.0323609)
(0.0811464 -1.81765e-05 0.0254238)
(0.0827407 -5.35107e-05 0.0225363)
(0.0931395 -8.59861e-05 0.025305)
(0.110502 -0.000127682 0.0308182)
(0.127878 -0.000118242 0.0578198)
(0.120489 0.000126689 0.0507319)
(0.0995956 4.24154e-05 0.0336202)
(0.0800789 1.9814e-05 0.0292509)
(0.0726827 -1.47362e-05 0.0228901)
(0.0740963 -4.53408e-05 0.020156)
(0.0834878 -7.367e-05 0.0225535)
(0.0991003 -0.000109512 0.0275612)
(0.114707 -0.000103554 0.0517773)
(0.108283 0.000108157 0.0453264)
(0.0892539 3.77427e-05 0.0303116)
(0.0715609 1.77505e-05 0.0263091)
(0.0648349 -1.1893e-05 0.0204928)
(0.0660882 -3.82564e-05 0.0179126)
(0.0745494 -6.28314e-05 0.019974)
(0.0885461 -9.34736e-05 0.024513)
(0.102524 -9.02458e-05 0.046156)
(0.0969316 9.18294e-05 0.0402931)
(0.0796554 3.3334e-05 0.0271939)
(0.0636707 1.57456e-05 0.0235399)
(0.0575765 -9.54899e-06 0.0182368)
(0.058688 -3.21252e-05 0.01581)
(0.0662914 -5.3317e-05 0.0175685)
(0.0787997 -7.93628e-05 0.0216732)
(0.091282 -7.82265e-05 0.0409457)
(0.0864035 7.75145e-05 0.0356264)
(0.070771 2.92176e-05 0.0242699)
(0.0563821 1.38342e-05 0.0209459)
(0.0508819 -7.62135e-06 0.0161253)
(0.0518679 -2.68313e-05 0.0138506)
(0.0586818 -4.49891e-05 0.0153375)
(0.0698225 -6.69932e-05 0.0190398)
(0.0809333 -6.74116e-05 0.0361351)
(0.0766665 6.50286e-05 0.031319)
(0.0625721 2.54113e-05 0.0215406)
(0.0496696 1.20414e-05 0.0185282)
(0.0447257 -6.04048e-06 0.0141602)
(0.0456008 -2.22731e-05 0.0120355)
(0.0516896 -3.7724e-05 0.0132799)
(0.061577 -5.61932e-05 0.0166098)
(0.0714328 -5.77206e-05 0.0317114)
(0.0676888 5.41972e-05 0.0273624)
(0.05503 2.19241e-05 0.0190059)
(0.0435076 1.03833e-05 0.0162866)
(0.039083 -4.74798e-06 0.0123419)
(0.0398603 -1.83609e-05 0.0103646)
(0.0452844 -3.14104e-05 0.0113936)
(0.0540264 -4.68054e-05 0.0143792)
(0.0627366 -4.90772e-05 0.0276609)
(0.0594388 4.48545e-05 0.0237463)
(0.0481163 1.87578e-05 0.0166643)
(0.0378713 8.86936e-06 0.0142198)
(0.0339296 -3.69504e-06 0.0106698)
(0.0346205 -1.50164e-05 0.00883665)
(0.0394367 -2.5948e-05 0.00967549)
(0.0471353 -3.86855e-05 0.012343)
(0.0548022 -4.14081e-05 0.023969)
(0.051885 3.68449e-05 0.0204595)
(0.0418028 1.59082e-05 0.014513)
(0.0327358 7.50323e-06 0.0123251)
(0.0292415 -2.84094e-06 0.00914221)
(0.0298562 -1.21703e-05 0.00744925)
(0.0341178 -2.12461e-05 0.00812132)
(0.0408688 -3.17005e-05 0.0104955)
(0.0475885 -3.46426e-05 0.0206205)
(0.0449963 3.00222e-05 0.0174897)
(0.0360613 1.33661e-05 0.0125483)
(0.0280768 6.28415e-06 0.0105991)
(0.0249953 -2.15182e-06 0.00775635)
(0.0255426 -9.76141e-06 0.00619917)
(0.0292997 -1.72223e-05 0.00672607)
(0.0351932 -2.57286e-05 0.00883011)
(0.0410555 -2.87127e-05 0.0175995)
(0.0387414 2.42506e-05 0.0148237)
(0.030864 1.11187e-05 0.0107655)
(0.0238703 5.20792e-06 0.00903716)
(0.0211679 -1.59957e-06 0.00650864)
(0.0216557 -7.73562e-06 0.00508239)
(0.0249551 -1.38022e-05 0.0054839)
(0.0300756 -2.06583e-05 0.00733959)
(0.0351647 -2.35526e-05 0.0148895)
(0.0330893 1.94041e-05 0.0124474)
(0.0261831 9.15009e-06 0.00915897)
(0.0200924 4.26772e-06 0.00763407)
(0.0177367 -1.16086e-06 0.0053947)
(0.0181718 -6.04495e-06 0.00409411)
(0.0210573 -1.09177e-05 0.0043883)
(0.025484 -1.63869e-05 0.00601615)
(0.0298784 -1.90982e-05 0.0124739)
(0.0280091 1.53666e-05 0.0103458)
(0.021991 7.44197e-06 0.00772224)
(0.0167197 3.45487e-06 0.00638378)
(0.0146793 -8.16303e-07 0.00440947)
(0.0150677 -4.64665e-06 0.00322893)
(0.0175802 -8.50667e-06 0.00343221)
(0.0213869 -1.28201e-05 0.00485146)
(0.0251597 -1.5287e-05 0.0103355)
(0.0234699 1.20318e-05 0.00850363)
(0.0182604 5.97469e-06 0.00644822)
(0.0137289 2.75944e-06 0.00527962)
(0.011974 -5.49779e-07 0.00354727)
(0.0123208 -3.50259e-06 0.00248085)
(0.0144982 -6.51228e-06 0.00260805)
(0.0177535 -9.87134e-06 0.0038368)
(0.0209729 -1.20585e-05 0.00845692)
(0.019441 9.30316e-06 0.006905)
(0.0149641 4.72764e-06 0.00532916)
(0.011097 2.17078e-06 0.00431436)
(0.00959903 -3.47831e-07 0.00280191)
(0.00990875 -2.57859e-06 0.00184343)
(0.0117865 -4.8826e-06 0.00190784)
(0.0145538 -7.46154e-06 0.00296314)
(0.017283 -9.35465e-06 0.00682079)
(0.0158918 7.09295e-06 0.00553356)
(0.0120749 3.67974e-06 0.00435678)
(0.00880126 1.67794e-06 0.00348029)
(0.00753321 -1.99159e-07 0.00216672)
(0.00780979 -1.844e-06 0.00130979)
(0.00942056 -3.57006e-06 0.00132325)
(0.0117586 -5.51842e-06 0.00222118)
(0.014056 -7.11922e-06 0.00540981)
(0.0127916 5.32237e-06 0.00437266)
(0.00956594 2.8099e-06 0.00352223)
(0.00681918 1.26998e-06 0.00276927)
(0.00575557 -9.42176e-08 0.00163466)
(0.00600246 -1.27124e-06 0.000872727)
(0.00737642 -2.53111e-06 0.00084567)
(0.00933889 -3.9761e-06 0.00160132)
(0.0112588 -5.29826e-06 0.00420666)
(0.0101099 3.92105e-06 0.00340541)
(0.00741052 2.09746e-06 0.00281632)
(0.00512843 9.36285e-07 0.00217282)
(0.00424543 -2.48845e-08 0.00119836)
(0.00446565 -8.3548e-07 0.000524719)
(0.00563058 -1.7259e-06 0.000466217)
(0.00726667 -2.77469e-06 0.00109377)
(0.00885861 -3.8402e-06 0.00319411)
(0.00781622 2.82665e-06 0.00261479)
(0.00558206 1.52248e-06 0.00222948)
(0.00370692 6.66783e-07 0.00168217)
(0.00298239 1.58091e-08 0.000850125)
(0.00317859 -5.14317e-07 0.000258014)
(0.00415989 -1.118e-06 0.000175868)
(0.00551425 -1.85991e-06 0.000688603)
(0.00682353 -2.69608e-06 0.00235513)
(0.00588031 1.98439e-06 0.0019837)
(0.0040542 1.06599e-06 0.00175187)
(0.00253268 4.52057e-07 0.00128831)
(0.00194624 3.39231e-08 0.000582052)
(0.00212081 -2.87583e-07 6.46599e-05)
(0.00294161 -6.74299e-07 -3.45569e-05)
(0.00405453 -1.18285e-06 0.000375785)
(0.00512227 -1.81981e-06 0.00167293)
(0.00427211 1.34663e-06 0.00149505)
(0.00280081 7.10217e-07 0.00137341)
(0.00158395 2.83495e-07 0.000982064)
(0.00111693 3.4777e-08 0.000386041)
(0.00127208 -1.37136e-07 -6.3517e-05)
(0.00195339 -3.64772e-07 -0.000174397)
(0.00286099 -6.99633e-07 0.000145217)
(0.00372419 -1.16833e-06 0.00113102)
(0.00296189 8.7243e-07 0.00113183)
(0.00179601 4.38744e-07 0.0010839)
(0.000839026 1.53316e-07 0.000754176)
(0.00047441 2.30428e-08 0.000253825)
(0.000612212 -4.66865e-08 -0.000134902)
(0.0011732 -1.62312e-07 -0.000253116)
(0.00190769 -3.71197e-07 -1.3239e-05)
(0.00259938 -7.01866e-07 0.000713319)
(0.00192033 5.26987e-07 0.000877092)
(0.00101429 2.36601e-07 0.000873057)
(0.000276247 5.45399e-08 0.00059535)
(-1.57019e-06 2.79703e-09 0.00017698)
(0.00012094 -1.67807e-09 -0.000158098)
(0.0005792 -4.25733e-08 -0.000280317)
(0.0011693 -1.62972e-07 -0.000109751)
(0.0017187 -3.84014e-07 0.000404181)
(0.00111869 2.81206e-07 0.000713997)
(0.000430475 9.02993e-08 0.000730603)
(-0.000126148 -1.90894e-08 0.000496383)
(-0.000331705 -2.2492e-08 0.00014699)
(-0.00022236 1.07822e-08 -0.000141946)
(0.000149745 1.61459e-08 -0.00026578)
(0.000621167 -4.45979e-08 -0.000154515)
(0.00105377 -1.81829e-07 0.000188431)
(0.000528886 1.11225e-07 0.000625632)
(1.98787e-05 -1.2183e-08 0.000646301)
(-0.000390152 -7.32782e-08 0.000448383)
(-0.000537527 -5.00968e-08 0.000155432)
(-0.000438979 1.91888e-09 -9.5525e-05)
(-0.000136706 3.30197e-08 -0.000219524)
(0.00023937 1.03514e-08 -0.000157808)
(0.000576895 -6.58436e-08 5.13608e-05)
(0.000123457 -1.99075e-09 0.00059469)
(-0.000241839 -8.14157e-08 0.000609952)
(-0.000538203 -1.13482e-07 0.000443265)
(-0.000641807 -7.83824e-08 0.00019458)
(-0.000551203 -1.88906e-08 -2.78257e-05)
(-0.000301657 2.47414e-08 -0.000151837)
(7.11047e-07 2.46488e-08 -0.000130148)
(0.000260812 -1.00616e-08 -2.14008e-05)
(-0.000125495 -7.31021e-08 0.000602823)
(-0.000379106 -1.26479e-07 0.000611354)
(-0.000593469 -1.45388e-07 0.000474702)
(-0.000668605 -1.07634e-07 0.000258962)
(-0.000582362 -4.47752e-08 5.33965e-05)
(-0.000366998 5.29258e-09 -7.31217e-05)
(-0.000117993 1.75691e-08 -8.27276e-05)
(7.76455e-05 8.02887e-09 -4.43171e-05)
(-0.00024903 -1.12695e-07 0.00062854)
(-0.000418263 -1.54188e-07 0.000637677)
(-0.000579949 -1.7435e-07 0.000536355)
(-0.000640559 -1.40201e-07 0.000345465)
(-0.000554156 -7.19652e-08 0.00014255)
(-0.00035529 -1.4823e-08 6.37948e-06)
(-0.000142598 4.3495e-09 -2.80166e-05)
(-3.62037e-06 7.21337e-09 -3.3491e-05)
(-0.000287353 -1.28111e-07 0.000649971)
(-0.000393699 -1.67958e-07 0.000672422)
(-0.000522353 -2.03716e-07 0.000623139)
(-0.000569993 -1.79157e-07 0.000457933)
(-0.000477338 -1.00783e-07 0.000243476)
(-0.000287649 -3.13242e-08 8.23101e-05)
(-0.000106261 -5.76602e-09 1.99447e-05)
(-1.99606e-05 1.23274e-09 -7.29429e-06)
(-0.000274954 -1.249e-07 0.000651)
(-0.000354562 -1.79477e-07 0.000732113)
(-0.000438345 -2.47523e-07 0.000767022)
(-0.000430177 -2.38163e-07 0.000635004)
(-0.000309657 -1.42053e-07 0.000384378)
(-0.000151642 -4.74932e-08 0.000155228)
(-4.35262e-05 -7.67973e-09 3.52427e-05)
(-8.53563e-06 -2.31826e-09 1.32735e-05)
)
;
    }
    front
    {
        type            calculated;
        value           nonuniform List<vector> 
640
(
(-53.1022 -2.46743 -2.85308)
(-26.5226 -0.996053 -0.743906)
(-9.02652 -0.222348 0.73151)
(-0.997632 -0.00632293 0.138936)
(-4.19991 0.100644 -1.42535)
(-18.5922 0.772651 -2.38485)
(-42.6411 2.5159 -1.72795)
(-78.7089 6.0661 -2.14775)
(-15.7879 -0.262292 -0.72759)
(-5.07297 -0.0363548 -0.524287)
(-0.763472 0.00513694 -0.363148)
(0.238457 0.010359 -0.42582)
(-0.713635 0.0146206 -0.445486)
(-3.45346 0.0404395 -0.392007)
(-8.85956 0.135259 -0.237635)
(-17.7047 0.397767 -0.397573)
(-5.87368 -0.0323825 -0.510695)
(-0.897926 0.0112668 -0.607127)
(0.851518 0.012306 -0.509823)
(0.798928 0.0117783 -0.486879)
(0.308893 0.00965378 -0.388335)
(-0.437447 0.00688931 -0.258085)
(-2.15918 0.010536 -0.164071)
(-4.62014 0.026935 -0.154293)
(-2.43781 -0.00108966 -0.369075)
(-0.107469 0.0143995 -0.575789)
(0.956038 0.0142031 -0.528699)
(1.0023 0.0133053 -0.503427)
(0.735292 0.011293 -0.429736)
(0.326317 0.0085272 -0.335382)
(-0.430799 0.00685422 -0.27667)
(-1.17978 0.00325355 -0.116468)
(-0.663121 0.00458871 -0.243452)
(0.448499 0.0145731 -0.513455)
(1.02935 0.0147446 -0.50837)
(1.11953 0.0143122 -0.498495)
(1.0134 0.0126864 -0.441599)
(0.855816 0.0103855 -0.358508)
(0.673636 0.00800081 -0.274942)
(0.584155 0.00202746 -0.0305297)
(0.372225 0.00427996 -0.129309)
(0.868025 0.0133016 -0.431059)
(1.12576 0.0139874 -0.454324)
(1.19296 0.0143594 -0.468286)
(1.19187 0.0134769 -0.429233)
(1.23108 0.0119388 -0.35002)
(1.37844 0.0102345 -0.239981)
(1.64137 0.00477616 0.0645762)
(0.972979 0.00264378 -0.0329181)
(1.13338 0.0116191 -0.349936)
(1.19824 0.012706 -0.389421)
(1.23341 0.013732 -0.422755)
(1.29239 0.0135199 -0.397472)
(1.44745 0.0126709 -0.319912)
(1.74859 0.0117301 -0.1951)
(2.17374 0.00715226 0.14446)
(1.30821 0.00105185 0.0447888)
(1.28458 0.0100018 -0.277588)
(1.23845 0.011301 -0.325023)
(1.24776 0.0127285 -0.370577)
(1.33611 0.0129735 -0.354044)
(1.54655 0.0125932 -0.277756)
(1.9042 0.0121598 -0.14805)
(2.37588 0.00817471 0.205343)
(1.48121 -0.000176992 0.105943)
(1.35829 0.00858727 -0.215352)
(1.25046 0.0099449 -0.26555)
(1.24191 0.0115659 -0.317502)
(1.34072 0.0120776 -0.306119)
(1.56957 0.0119773 -0.231716)
(1.93521 0.0118406 -0.103686)
(2.39934 0.00820414 0.250253)
(1.5568 -0.00104919 0.153643)
(1.38213 0.00738547 -0.162453)
(1.24152 0.00870381 -0.212372)
(1.22128 0.0103807 -0.266869)
(1.31998 0.0110294 -0.258518)
(1.5474 0.0110883 -0.186774)
(1.89943 0.0111281 -0.0641546)
(2.33639 0.00772986 0.28332)
(1.57488 -0.00164648 0.19085)
(1.37524 0.00636623 -0.117462)
(1.21836 0.00759449 -0.165509)
(1.19045 0.00924823 -0.220318)
(1.28377 0.00995756 -0.213906)
(1.50054 0.0101081 -0.145383)
(1.83122 0.0102644 -0.0298902)
(2.2366 0.00706688 0.307928)
(1.55942 -0.00204724 0.219946)
(1.34984 0.00549577 -0.0790082)
(1.18598 0.00661403 -0.124488)
(1.15297 0.00820409 -0.178446)
(1.23877 0.00893258 -0.173445)
(1.44153 0.00913926 -0.108411)
(1.74957 0.00938225 -0.000524541)
(2.12471 0.0063754 0.32647)
(1.52457 -0.00230997 0.242715)
(1.31348 0.00474639 -0.0459729)
(1.14785 0.00575223 -0.0887032)
(1.11142 0.00726058 -0.141264)
(1.18928 0.00798681 -0.137412)
(1.37757 0.00823088 -0.0758964)
(1.6643 0.00854323 0.0245729)
(2.01223 0.00572481 0.340519)
(1.47871 -0.00247506 0.260453)
(1.27078 0.00409691 -0.0174875)
(1.1063 0.00499654 -0.0575487)
(1.0676 0.00641716 -0.108489)
(1.13794 0.0071303 -0.105635)
(1.31261 0.00740103 -0.0475128)
(1.58012 0.00777038 0.0460252)
(1.90393 0.00513852 0.351064)
(1.42676 -0.00256979 0.274102)
(1.22457 0.00353124 0.00711755)
(1.06288 0.00433435 -0.0304668)
(1.02277 0.00566713 -0.0797195)
(1.0863 0.00636157 -0.0777506)
(1.2486 0.00665195 -0.0228272)
(1.49897 0.00706775 0.0643514)
(1.80131 0.00461898 0.358714)
(1.3717 -0.00261275 0.284355)
(1.17656 0.00303694 0.0283636)
(1.01862 0.00375397 -0.0069672)
(0.977719 0.00500147 -0.0545314)
(1.03525 0.00567409 -0.0533518)
(1.18643 0.00597879 -0.00141432)
(1.42145 0.00643134 0.0799567)
(1.7044 0.00416043 0.363844)
(1.31529 -0.00261683 0.29173)
(1.12787 0.00260412 0.0466644)
(0.974218 0.00324503 0.0133721)
(0.933005 0.00441081 -0.0325271)
(0.985273 0.00505966 -0.0320488)
(1.12645 0.00537422 0.0171011)
(1.34754 0.00585451 0.0931535)
(1.61272 0.00375488 0.366706)
(1.25864 -0.00259127 0.29663)
(1.07916 0.00222477 0.0623561)
(0.930135 0.00279853 0.0309109)
(0.888975 0.00388646 -0.0133527)
(0.936608 0.00451019 -0.0134968)
(1.06871 0.00483071 0.0330371)
(1.27699 0.00533042 0.104188)
(1.52568 0.0033946 0.367493)
(1.20241 -0.00254286 0.299373)
(1.03091 0.00189226 0.0757173)
(0.886688 0.00240676 0.0459552)
(0.845858 0.00342068 0.00329814)
(0.889379 0.00401831 0.00260117)
(1.01315 0.00434133 0.0466617)
(1.20952 0.00485296 0.113264)
(1.44275 0.00307299 0.366373)
(1.14704 -0.00247678 0.300224)
(0.9834 0.00160099 0.0869841)
(0.844094 0.00206313 0.0587665)
(0.803804 0.00300679 0.0176886)
(0.84364 0.00357759 0.0164987)
(0.959704 0.00390008 0.0582034)
(1.14487 0.00441701 0.120558)
(1.36353 0.00278464 0.363506)
(1.09281 -0.00239706 0.299404)
(0.936842 0.0013462 0.0963608)
(0.8025 0.00176199 0.0695704)
(0.762911 0.00263899 0.0300454)
(0.79941 0.00318252 0.0284142)
(0.908278 0.00350186 0.0678605)
(1.08287 0.00401828 0.126227)
(1.28771 0.00252523 0.359054)
(1.03989 -0.00230692 0.297106)
(0.89137 0.00112377 0.104027)
(0.762009 0.00149847 0.0785639)
(0.723241 0.00231231 0.040566)
(0.756697 0.00282833 0.0385379)
(0.858807 0.00314227 0.0758095)
(1.02334 0.00365323 0.130419)
(1.2151 0.00229126 0.353178)
(0.988394 -0.002209 0.2935)
(0.847079 0.000930104 0.110144)
(0.722689 0.00126831 0.0859214)
(0.684836 0.00202238 0.0494248)
(0.715496 0.00251088 0.0470387)
(0.811235 0.00281754 0.0822103)
(0.966196 0.00331886 0.133274)
(1.14553 0.00207987 0.346037)
(0.938388 -0.00210549 0.288738)
(0.80403 0.000762018 0.114856)
(0.684585 0.00106778 0.0917996)
(0.647719 0.00176539 0.0567777)
(0.6758 0.00222654 0.0540687)
(0.765516 0.00252439 0.0872095)
(0.911349 0.00301258 0.134923)
(1.07891 0.00188864 0.337787)
(0.889917 -0.00199823 0.282962)
(0.762267 0.000616684 0.118298)
(0.647724 0.000893587 0.0963407)
(0.611902 0.00153792 0.0627664)
(0.637598 0.00197209 0.0597667)
(0.721615 0.00225987 0.0909434)
(0.858738 0.00273212 0.13549)
(1.01514 0.00171552 0.328581)
(0.843004 -0.00188877 0.276299)
(0.721815 0.000491573 0.120592)
(0.612124 0.000742764 0.0996753)
(0.57739 0.00133695 0.0675209)
(0.600878 0.00174463 0.0642609)
(0.679496 0.00202136 0.0935393)
(0.808311 0.00247542 0.135094)
(0.954151 0.00155869 0.318562)
(0.797661 -0.00177845 0.268868)
(0.682691 0.000384409 0.121852)
(0.577789 0.00061267 0.101924)
(0.54418 0.00115972 0.0711611)
(0.565622 0.00154154 0.0676698)
(0.639127 0.00180648 0.0951161)
(0.760021 0.00224062 0.133847)
(0.89588 0.00141656 0.307866)
(0.753887 -0.0016684 0.260781)
(0.644901 0.000293139 0.122187)
(0.54472 0.000500923 0.103199)
(0.512263 0.00100374 0.0737988)
(0.531811 0.00136046 0.0701043)
(0.600477 0.00161307 0.0957851)
(0.713822 0.00202601 0.131852)
(0.840259 0.00128768 0.296619)
(0.711679 -0.00155957 0.252139)
(0.608448 0.000215911 0.121695)
(0.512911 0.000405378 0.103605)
(0.481628 0.00086678 0.075538)
(0.499423 0.00119922 0.0716676)
(0.563511 0.00143914 0.0956504)
(0.669667 0.00183001 0.129209)
(0.787219 0.00117075 0.284941)
(0.671025 -0.00145278 0.243041)
(0.573328 0.00015105 0.12047)
(0.48235 0.0003241 0.10324)
(0.452257 0.00074678 0.0764757)
(0.468434 0.00105583 0.0724562)
(0.528194 0.00128286 0.0948093)
(0.627509 0.00165115 0.126008)
(0.736693 0.0010646 0.272938)
(0.631911 -0.0013487 0.233575)
(0.539531 9.70456e-05 0.1186)
(0.453025 0.000255347 0.102195)
(0.424133 0.000641887 0.0767028)
(0.438816 0.000928503 0.0725599)
(0.494487 0.00114258 0.0933521)
(0.587299 0.00148805 0.122332)
(0.68861 0.000968161 0.260711)
(0.594319 -0.0012479 0.223826)
(0.507048 5.25339e-05 0.116167)
(0.424917 0.000197549 0.100554)
(0.397232 0.000550418 0.0763038)
(0.41054 0.000815582 0.0720626)
(0.462352 0.00101676 0.0913631)
(0.548985 0.00133947 0.118261)
(0.642897 0.000880478 0.248351)
(0.558229 -0.00115081 0.21387)
(0.475864 1.62885e-05 0.113248)
(0.398008 0.0001493 0.0983976)
(0.371532 0.000470849 0.0753574)
(0.383575 0.000715572 0.071042)
(0.431747 0.000903997 0.0889199)
(0.512517 0.00120421 0.113866)
(0.599479 0.000800679 0.235939)
(0.523619 -0.00105779 0.203778)
(0.445962 -1.27921e-05 0.109913)
(0.372276 0.000109339 0.0957985)
(0.347005 0.000401805 0.0739367)
(0.357889 0.000627108 0.0695704)
(0.40263 0.00080302 0.0860944)
(0.477839 0.00108119 0.109212)
(0.558284 0.000727986 0.223551)
(0.490463 -0.000969119 0.193618)
(0.417323 -3.56938e-05 0.106229)
(0.347698 7.65375e-05 0.092825)
(0.323627 0.000342043 0.0721096)
(0.333447 0.000548955 0.0677144)
(0.374958 0.000712658 0.0829528)
(0.444898 0.000969404 0.104359)
(0.519234 0.000661695 0.211252)
(0.458736 -0.000884975 0.183449)
(0.389928 -5.32974e-05 0.102258)
(0.324249 4.98945e-05 0.0895403)
(0.301366 0.000290448 0.0699386)
(0.310214 0.000479993 0.0655355)
(0.348686 0.000631852 0.0795557)
(0.413639 0.00086791 0.0993618)
(0.482255 0.000601178 0.199102)
(0.42841 -0.000805486 0.173326)
(0.363753 -6.63882e-05 0.0980558)
(0.301904 2.85196e-05 0.0860022)
(0.280196 0.000246019 0.0674814)
(0.288156 0.00041921 0.0630901)
(0.323771 0.000559635 0.0759584)
(0.384008 0.000775848 0.0942699)
(0.447272 0.000545875 0.187155)
(0.399456 -0.000730715 0.1633)
(0.338775 -7.5663e-05 0.0936747)
(0.280636 1.16251e-05 0.0822642)
(0.260085 0.00020786 0.064791)
(0.267237 0.000365693 0.06043)
(0.300168 0.000495134 0.0722115)
(0.35595 0.000692421 0.0891276)
(0.41421 0.000495285 0.175456)
(0.371845 -0.000660671 0.153415)
(0.31497 -8.17383e-05 0.0891626)
(0.260417 -1.48263e-06 0.0783749)
(0.241004 0.000175174 0.0619159)
(0.247419 0.000318623 0.0576022)
(0.277832 0.000437557 0.0683606)
(0.329409 0.000616896 0.0839751)
(0.382996 0.000448962 0.164045)
(0.345546 -0.000595321 0.143712)
(0.292311 -8.51566e-05 0.0845633)
(0.241219 -1.14127e-05 0.0743787)
(0.222921 0.00014725 0.0589002)
(0.228668 0.000277265 0.0546497)
(0.25672 0.00038619 0.0644469)
(0.304333 0.000548596 0.078848)
(0.353559 0.000406512 0.152959)
(0.320526 -0.000534588 0.134228)
(0.270771 -8.63941e-05 0.0799165)
(0.223014 -1.86974e-05 0.070316)
(0.205805 0.000123457 0.0557841)
(0.210947 0.000240958 0.0516111)
(0.236786 0.000340388 0.0605075)
(0.280668 0.000486899 0.0737781)
(0.325826 0.000367584 0.142226)
(0.296755 -0.000478367 0.124993)
(0.250324 -8.58665e-05 0.0752581)
(0.205774 -2.37999e-05 0.0662232)
(0.189626 0.000103239 0.0526037)
(0.19422 0.000209114 0.0485214)
(0.217988 0.000299571 0.0565755)
(0.25836 0.000431233 0.0687934)
(0.299729 0.000331868 0.131871)
(0.2742 -0.000426522 0.116035)
(0.23094 -8.39353e-05 0.0706204)
(0.189469 -2.71212e-05 0.0621329)
(0.174353 8.61044e-05 0.0493917)
(0.178452 0.000181209 0.0454119)
(0.200284 0.000263217 0.0526802)
(0.237359 0.000381074 0.0639182)
(0.275201 0.000299089 0.121915)
(0.252828 -0.000378897 0.107379)
(0.212592 -8.0913e-05 0.0660325)
(0.17407 -2.90066e-05 0.0580743)
(0.159954 7.16218e-05 0.0461772)
(0.163608 0.000156775 0.0423103)
(0.18363 0.000230858 0.0488474)
(0.217614 0.000335937 0.0591737)
(0.252174 0.000269001 0.112374)
(0.232606 -0.000335317 0.0990446)
(0.195251 -7.70683e-05 0.0615202)
(0.159549 -2.97519e-05 0.0540734)
(0.1464 5.94132e-05 0.0429861)
(0.149653 0.000135398 0.0392414)
(0.167987 0.000202075 0.0450997)
(0.199074 0.000295381 0.0545782)
(0.230586 0.00024139 0.10326)
(0.213502 -0.000295591 0.0910483)
(0.178888 -7.26301e-05 0.0571062)
(0.145877 -2.96089e-05 0.0501529)
(0.13366 4.91482e-05 0.0398414)
(0.136554 0.000116712 0.0362266)
(0.153313 0.000176492 0.0414567)
(0.181691 0.000259 0.0501469)
(0.210372 0.000216062 0.0945809)
(0.195481 -0.000259522 0.0834038)
(0.163473 -6.77927e-05 0.0528103)
(0.133024 -2.879e-05 0.0463328)
(0.121704 4.05398e-05 0.0367631)
(0.124276 0.00010039 0.033285)
(0.139569 0.000153773 0.0379349)
(0.165417 0.000226419 0.0458925)
(0.191474 0.000192846 0.0863436)
(0.178512 -0.000226901 0.0761218)
(0.148977 -6.27189e-05 0.0486498)
(0.120963 -2.74734e-05 0.0426301)
(0.110503 3.3339e-05 0.0337684)
(0.112787 8.61475e-05 0.0304325)
(0.126717 0.000133617 0.0345484)
(0.150206 0.000197297 0.0418254)
(0.173831 0.000171587 0.0785502)
(0.162561 -0.000197519 0.0692097)
(0.135371 -5.75439e-05 0.0446393)
(0.109666 -2.58072e-05 0.0390594)
(0.100029 2.73306e-05 0.0308723)
(0.102056 7.37304e-05 0.0276829)
(0.114719 0.000115757 0.0313087)
(0.136012 0.000171322 0.0379536)
(0.157388 0.000152149 0.0712005)
(0.147596 -0.000171163 0.0626728)
(0.122625 -5.23785e-05 0.0407912)
(0.0991046 -2.39128e-05 0.035633)
(0.0902527 2.23294e-05 0.0280873)
(0.0920507 6.29167e-05 0.0250477)
(0.103538 9.99511e-05 0.0282252)
(0.122792 0.000148205 0.0342831)
(0.142088 0.000134405 0.0642919)
(0.133582 -0.000147623 0.0565134)
(0.11071 -4.73122e-05 0.0371155)
(0.0892512 -2.18888e-05 0.0323608)
(0.0811464 1.81765e-05 0.0254238)
(0.0827407 5.35106e-05 0.0225363)
(0.0931395 8.5986e-05 0.025305)
(0.110502 0.000127682 0.0308181)
(0.127878 0.000118242 0.0578198)
(0.120489 -0.000126689 0.0507319)
(0.0995956 -4.24154e-05 0.0336202)
(0.080079 -1.9814e-05 0.0292509)
(0.0726827 1.47362e-05 0.0228901)
(0.0740962 4.53407e-05 0.020156)
(0.0834878 7.36699e-05 0.0225535)
(0.0991003 0.000109512 0.0275612)
(0.114707 0.000103554 0.0517773)
(0.108283 -0.000108157 0.0453264)
(0.0892539 -3.77427e-05 0.0303116)
(0.0715609 -1.77505e-05 0.0263091)
(0.0648349 1.1893e-05 0.0204928)
(0.0660882 3.82563e-05 0.0179126)
(0.0745494 6.28314e-05 0.019974)
(0.0885461 9.34736e-05 0.024513)
(0.102524 9.02458e-05 0.046156)
(0.0969316 -9.18294e-05 0.0402931)
(0.0796554 -3.3334e-05 0.0271939)
(0.0636707 -1.57456e-05 0.0235399)
(0.0575766 9.54896e-06 0.0182368)
(0.058688 3.21252e-05 0.01581)
(0.0662914 5.3317e-05 0.0175685)
(0.0787997 7.93628e-05 0.0216732)
(0.091282 7.82265e-05 0.0409457)
(0.0864035 -7.75144e-05 0.0356264)
(0.070771 -2.92177e-05 0.0242699)
(0.0563821 -1.38343e-05 0.0209459)
(0.0508819 7.62132e-06 0.0161253)
(0.0518679 2.68313e-05 0.0138506)
(0.0586818 4.49891e-05 0.0153375)
(0.0698225 6.69932e-05 0.0190397)
(0.0809333 6.74115e-05 0.0361351)
(0.0766665 -6.50286e-05 0.031319)
(0.0625721 -2.54113e-05 0.0215406)
(0.0496696 -1.20414e-05 0.0185282)
(0.0447257 6.04046e-06 0.0141602)
(0.0456008 2.2273e-05 0.0120355)
(0.0516896 3.7724e-05 0.0132799)
(0.061577 5.61932e-05 0.0166098)
(0.0714328 5.77206e-05 0.0317114)
(0.0676888 -5.41972e-05 0.0273624)
(0.05503 -2.19241e-05 0.0190059)
(0.0435076 -1.03833e-05 0.0162866)
(0.039083 4.74797e-06 0.0123419)
(0.0398603 1.83609e-05 0.0103646)
(0.0452844 3.14104e-05 0.0113936)
(0.0540264 4.68055e-05 0.0143792)
(0.0627366 4.90772e-05 0.0276609)
(0.0594388 -4.48545e-05 0.0237462)
(0.0481164 -1.87578e-05 0.0166643)
(0.0378713 -8.86936e-06 0.0142198)
(0.0339296 3.69504e-06 0.0106698)
(0.0346205 1.50164e-05 0.00883666)
(0.0394367 2.5948e-05 0.0096755)
(0.0471353 3.86855e-05 0.012343)
(0.0548022 4.14081e-05 0.023969)
(0.051885 -3.68449e-05 0.0204595)
(0.0418028 -1.59082e-05 0.014513)
(0.0327358 -7.50323e-06 0.0123251)
(0.0292415 2.84095e-06 0.00914221)
(0.0298562 1.21703e-05 0.00744926)
(0.0341178 2.1246e-05 0.00812133)
(0.0408688 3.17005e-05 0.0104955)
(0.0475885 3.46426e-05 0.0206205)
(0.0449963 -3.00222e-05 0.0174897)
(0.0360613 -1.33661e-05 0.0125483)
(0.0280768 -6.28415e-06 0.0105991)
(0.0249953 2.15183e-06 0.00775635)
(0.0255426 9.7614e-06 0.00619918)
(0.0292997 1.72223e-05 0.00672608)
(0.0351932 2.57286e-05 0.0088301)
(0.0410555 2.87127e-05 0.0175995)
(0.0387414 -2.42506e-05 0.0148237)
(0.030864 -1.11188e-05 0.0107655)
(0.0238703 -5.20792e-06 0.00903716)
(0.0211679 1.59958e-06 0.00650864)
(0.0216557 7.73562e-06 0.00508239)
(0.0249551 1.38022e-05 0.00548391)
(0.0300756 2.06583e-05 0.00733958)
(0.0351647 2.35526e-05 0.0148895)
(0.0330893 -1.94041e-05 0.0124474)
(0.0261831 -9.15011e-06 0.00915898)
(0.0200924 -4.26772e-06 0.00763407)
(0.0177367 1.16087e-06 0.00539469)
(0.0181718 6.04495e-06 0.00409412)
(0.0210573 1.09177e-05 0.00438831)
(0.025484 1.63869e-05 0.00601614)
(0.0298784 1.90982e-05 0.0124739)
(0.0280091 -1.53666e-05 0.0103458)
(0.021991 -7.44199e-06 0.00772225)
(0.0167197 -3.45487e-06 0.00638378)
(0.0146793 8.1631e-07 0.00440946)
(0.0150677 4.64666e-06 0.00322893)
(0.0175802 8.50666e-06 0.00343222)
(0.0213869 1.28201e-05 0.00485145)
(0.0251597 1.5287e-05 0.0103355)
(0.0234699 -1.20318e-05 0.00850363)
(0.0182604 -5.9747e-06 0.00644822)
(0.0137289 -2.75944e-06 0.00527962)
(0.011974 5.49782e-07 0.00354727)
(0.0123208 3.50259e-06 0.00248085)
(0.0144982 6.51227e-06 0.00260805)
(0.0177535 9.87134e-06 0.00383679)
(0.0209729 1.20585e-05 0.00845692)
(0.019441 -9.30316e-06 0.006905)
(0.0149641 -4.72764e-06 0.00532917)
(0.011097 -2.17078e-06 0.00431436)
(0.00959903 3.47831e-07 0.00280191)
(0.00990875 2.57859e-06 0.00184343)
(0.0117865 4.8826e-06 0.00190784)
(0.0145538 7.46154e-06 0.00296314)
(0.017283 9.35465e-06 0.00682079)
(0.0158918 -7.09294e-06 0.00553356)
(0.0120749 -3.67974e-06 0.00435678)
(0.00880126 -1.67794e-06 0.00348029)
(0.00753321 1.99158e-07 0.00216672)
(0.0078098 1.844e-06 0.00130979)
(0.00942056 3.57006e-06 0.00132326)
(0.0117586 5.51842e-06 0.00222118)
(0.014056 7.11921e-06 0.00540981)
(0.0127916 -5.32237e-06 0.00437266)
(0.00956594 -2.8099e-06 0.00352223)
(0.00681918 -1.26998e-06 0.00276927)
(0.00575557 9.42166e-08 0.00163466)
(0.00600246 1.27124e-06 0.000872728)
(0.00737643 2.53111e-06 0.000845671)
(0.0093389 3.97611e-06 0.00160132)
(0.0112588 5.29826e-06 0.00420666)
(0.0101099 -3.92105e-06 0.00340541)
(0.00741052 -2.09746e-06 0.00281632)
(0.00512844 -9.36286e-07 0.00217282)
(0.00424544 2.48838e-08 0.00119836)
(0.00446565 8.35481e-07 0.00052472)
(0.00563058 1.7259e-06 0.000466218)
(0.00726667 2.77469e-06 0.00109377)
(0.00885861 3.8402e-06 0.00319411)
(0.00781622 -2.82665e-06 0.00261479)
(0.00558206 -1.52248e-06 0.00222948)
(0.00370692 -6.66784e-07 0.00168217)
(0.00298239 -1.58098e-08 0.000850127)
(0.00317859 5.14318e-07 0.000258015)
(0.00415989 1.118e-06 0.000175869)
(0.00551425 1.85991e-06 0.000688602)
(0.00682353 2.69608e-06 0.00235513)
(0.00588031 -1.98438e-06 0.0019837)
(0.0040542 -1.06599e-06 0.00175187)
(0.00253269 -4.52058e-07 0.00128831)
(0.00194624 -3.39238e-08 0.000582054)
(0.00212082 2.87584e-07 6.46599e-05)
(0.00294161 6.743e-07 -3.45566e-05)
(0.00405453 1.18285e-06 0.000375785)
(0.00512227 1.81981e-06 0.00167292)
(0.00427211 -1.34663e-06 0.00149505)
(0.00280081 -7.10218e-07 0.00137341)
(0.00158395 -2.83496e-07 0.000982065)
(0.00111694 -3.47775e-08 0.000386042)
(0.00127208 1.37136e-07 -6.35168e-05)
(0.0019534 3.64773e-07 -0.000174397)
(0.00286099 6.99633e-07 0.000145217)
(0.00372419 1.16833e-06 0.00113102)
(0.00296189 -8.7243e-07 0.00113183)
(0.00179601 -4.38744e-07 0.0010839)
(0.000839029 -1.53317e-07 0.000754176)
(0.000474412 -2.30431e-08 0.000253827)
(0.000612213 4.66866e-08 -0.000134902)
(0.0011732 1.62312e-07 -0.000253117)
(0.00190769 3.71198e-07 -1.32396e-05)
(0.00259938 7.01865e-07 0.000713319)
(0.00192033 -5.26988e-07 0.000877094)
(0.00101429 -2.36602e-07 0.000873055)
(0.00027625 -5.45404e-08 0.00059535)
(-1.5692e-06 -2.79714e-09 0.000176981)
(0.000120941 1.67814e-09 -0.000158097)
(0.000579202 4.25736e-08 -0.000280318)
(0.0011693 1.62972e-07 -0.00010975)
(0.0017187 3.84014e-07 0.000404181)
(0.00111869 -2.81206e-07 0.000714001)
(0.000430477 -9.02998e-08 0.000730602)
(-0.000126146 1.90888e-08 0.000496382)
(-0.000331704 2.2492e-08 0.00014699)
(-0.00022236 -1.07821e-08 -0.000141946)
(0.000149746 -1.61458e-08 -0.00026578)
(0.000621168 4.45982e-08 -0.000154514)
(0.00105377 1.81829e-07 0.000188431)
(0.000528887 -1.11226e-07 0.000625634)
(1.98794e-05 1.21828e-08 0.000646302)
(-0.00039015 7.32777e-08 0.000448382)
(-0.000537525 5.00966e-08 0.000155432)
(-0.000438979 -1.91878e-09 -9.55246e-05)
(-0.000136705 -3.30197e-08 -0.000219524)
(0.00023937 -1.0351e-08 -0.000157806)
(0.000576894 6.58433e-08 5.13608e-05)
(0.000123457 1.9906e-09 0.00059469)
(-0.000241839 8.14157e-08 0.000609952)
(-0.000538202 1.13482e-07 0.000443264)
(-0.000641805 7.83821e-08 0.000194579)
(-0.000551202 1.88907e-08 -2.78254e-05)
(-0.000301656 -2.47414e-08 -0.000151836)
(7.1183e-07 -2.46482e-08 -0.000130146)
(0.00026081 1.00615e-08 -2.14e-05)
(-0.000125495 7.31018e-08 0.000602822)
(-0.000379105 1.26479e-07 0.000611353)
(-0.000593468 1.45387e-07 0.000474701)
(-0.000668604 1.07633e-07 0.000258961)
(-0.000582362 4.47754e-08 5.33969e-05)
(-0.000366997 -5.29255e-09 -7.31211e-05)
(-0.000117992 -1.75685e-08 -8.27264e-05)
(7.76452e-05 -8.0289e-09 -4.4317e-05)
(-0.000249029 1.12694e-07 0.000628538)
(-0.000418261 1.54187e-07 0.000637676)
(-0.000579948 1.74349e-07 0.000536353)
(-0.000640558 1.402e-07 0.000345464)
(-0.000554156 7.19654e-08 0.000142551)
(-0.00035529 1.48231e-08 6.3803e-06)
(-0.000142596 -4.35013e-09 -2.80177e-05)
(-3.61824e-06 -7.21471e-09 -3.34959e-05)
(-0.000287352 1.2811e-07 0.000649967)
(-0.000393696 1.67956e-07 0.00067242)
(-0.00052235 2.03715e-07 0.000623137)
(-0.000569991 1.79157e-07 0.000457932)
(-0.000477338 1.00784e-07 0.000243478)
(-0.000287651 3.13247e-08 8.23115e-05)
(-0.000106259 5.76601e-09 1.99459e-05)
(-1.99588e-05 -1.23251e-09 -7.29342e-06)
(-0.000274954 1.24898e-07 0.000650996)
(-0.000354562 1.79475e-07 0.000732111)
(-0.000438342 2.47521e-07 0.00076702)
(-0.000430175 2.38162e-07 0.000635003)
(-0.000309656 1.42054e-07 0.000384378)
(-0.000151642 4.74936e-08 0.000155229)
(-4.35258e-05 7.67966e-09 3.52443e-05)
(-8.53468e-06 2.31808e-09 1.32712e-05)
)
;
    }
    top
    {
        type            calculated;
        value           nonuniform List<vector> 
640
(
(-55.0207 -0.996388 -2.73448)
(-69.4005 -8.3295 -4.58472)
(-83.0626 -6.55038 -6.41545)
(-89.729 -2.25758 -7.37432)
(-89.729 2.25758 -7.37432)
(-83.0626 6.55038 -6.41545)
(-69.4005 8.3295 -4.58472)
(-55.0207 0.996388 -2.73448)
(-25.9505 -0.10383 -0.742663)
(-30.988 -1.54938 -1.02463)
(-32.467 -1.70301 -1.13041)
(-33.1482 -0.66036 -1.17837)
(-33.1482 0.66036 -1.17837)
(-32.467 1.70301 -1.13041)
(-30.988 1.54938 -1.02463)
(-25.9505 0.10383 -0.742663)
(-33.8881 0.0703332 -1.27899)
(-36.4543 -0.502627 -1.41321)
(-36.3158 -0.686617 -1.38638)
(-36.159 -0.299933 -1.37004)
(-36.159 0.299933 -1.37004)
(-36.3158 0.686617 -1.38638)
(-36.4543 0.502627 -1.41321)
(-33.8881 -0.0703332 -1.27899)
(-48.5753 0.0948141 -2.64087)
(-50.6869 -0.0374177 -2.76678)
(-51.3115 -0.204956 -2.78291)
(-51.4653 -0.11684 -2.78163)
(-51.4653 0.11684 -2.78163)
(-51.3115 0.204956 -2.78291)
(-50.6869 0.0374177 -2.76678)
(-48.5753 -0.0948141 -2.64087)
(-61.8011 0.115552 -4.32664)
(-63.4432 0.302379 -4.42991)
(-64.4782 0.1502 -4.49632)
(-64.9159 0.0284394 -4.52487)
(-64.9159 -0.0284394 -4.52487)
(-64.4782 -0.1502 -4.49632)
(-63.4432 -0.302379 -4.42991)
(-61.8011 -0.115552 -4.32664)
(-73.2395 0.0920528 -6.18076)
(-74.425 0.471311 -6.25127)
(-75.4153 0.350872 -6.32888)
(-75.9158 0.115933 -6.37164)
(-75.9158 -0.115933 -6.37164)
(-75.4153 -0.350872 -6.32888)
(-74.425 -0.471311 -6.25127)
(-73.2395 -0.0920528 -6.18076)
(-83.244 0.0414415 -8.15358)
(-84.0217 0.52095 -8.18795)
(-84.8097 0.437379 -8.25393)
(-85.2529 0.157758 -8.29644)
(-85.2529 -0.157758 -8.29644)
(-84.8097 -0.437379 -8.25393)
(-84.0217 -0.52095 -8.18795)
(-83.244 -0.0414416 -8.15358)
(-92.0317 -0.0148967 -10.2069)
(-92.4683 0.50717 -10.2051)
(-93.0299 0.457124 -10.2501)
(-93.3744 0.171657 -10.2845)
(-93.3744 -0.171657 -10.2845)
(-93.0299 -0.457124 -10.2501)
(-92.4683 -0.50717 -10.2051)
(-92.0317 0.0148967 -10.2069)
(-99.751 -0.0652124 -12.308)
(-99.9245 0.467799 -12.2733)
(-100.282 0.44434 -12.2947)
(-100.524 0.171034 -12.3175)
(-100.524 -0.171034 -12.3175)
(-100.282 -0.44434 -12.2947)
(-99.9245 -0.467799 -12.2733)
(-99.751 0.0652124 -12.308)
(-106.518 -0.104748 -14.4293)
(-106.499 0.425121 -14.3667)
(-106.689 0.420545 -14.3651)
(-106.841 0.164574 -14.3757)
(-106.841 -0.164574 -14.3757)
(-106.689 -0.420545 -14.3651)
(-106.499 -0.425121 -14.3667)
(-106.518 0.104748 -14.4293)
(-112.426 -0.132712 -16.5473)
(-112.272 0.390103 -16.4616)
(-112.333 0.39752 -16.4394)
(-112.411 0.15724 -16.4386)
(-112.411 -0.15724 -16.4386)
(-112.333 -0.39752 -16.4394)
(-112.272 -0.390103 -16.4616)
(-112.426 0.132712 -16.5473)
(-117.551 -0.150202 -18.6408)
(-117.303 0.366618 -18.5363)
(-117.268 0.380556 -18.4967)
(-117.289 0.151443 -18.4858)
(-117.289 -0.151443 -18.4858)
(-117.268 -0.380556 -18.4967)
(-117.303 -0.366618 -18.5363)
(-117.551 0.150202 -18.6408)
(-121.951 -0.159002 -20.6906)
(-121.64 0.354689 -20.5708)
(-121.536 0.371107 -20.5169)
(-121.516 0.148033 -20.4977)
(-121.516 -0.148033 -20.4977)
(-121.536 -0.371107 -20.5169)
(-121.64 -0.354689 -20.5708)
(-121.951 0.159002 -20.6906)
(-125.678 -0.160966 -22.679)
(-125.323 0.352568 -22.5467)
(-125.172 0.368641 -22.4814)
(-125.122 0.147009 -22.4555)
(-125.122 -0.147009 -22.4555)
(-125.172 -0.368641 -22.4814)
(-125.323 -0.352568 -22.5467)
(-125.678 0.160966 -22.679)
(-128.774 -0.157747 -24.5903)
(-128.389 0.357947 -24.4474)
(-128.205 0.37178 -24.3731)
(-128.135 0.147972 -24.342)
(-128.135 -0.147972 -24.342)
(-128.205 -0.37178 -24.3731)
(-128.389 -0.357947 -24.4474)
(-128.774 0.157747 -24.5903)
(-131.28 -0.150702 -26.4104)
(-130.872 0.368584 -26.2584)
(-130.665 0.37896 -26.1768)
(-130.581 0.150403 -26.1416)
(-130.581 -0.150403 -26.1416)
(-130.665 -0.37896 -26.1768)
(-130.872 -0.368584 -26.2584)
(-131.28 0.150702 -26.4104)
(-133.231 -0.140882 -28.1273)
(-132.804 0.382585 -27.9672)
(-132.581 0.388753 -27.8796)
(-132.487 0.153798 -27.8412)
(-132.487 -0.153798 -27.8412)
(-132.581 -0.388753 -27.8796)
(-132.804 -0.382585 -27.9672)
(-133.231 0.140882 -28.1273)
(-134.661 -0.129083 -29.7307)
(-134.219 0.398479 -29.563)
(-133.983 0.399999 -29.4705)
(-133.883 0.157737 -29.4296)
(-133.883 -0.157737 -29.4296)
(-133.983 -0.399999 -29.4705)
(-134.219 -0.398479 -29.563)
(-134.661 0.129083 -29.7307)
(-135.603 -0.115889 -31.2122)
(-135.146 0.415191 -31.0375)
(-134.901 0.411826 -30.9407)
(-134.796 0.161897 -30.8976)
(-134.796 -0.161897 -30.8976)
(-134.901 -0.411826 -30.9407)
(-135.146 -0.415191 -31.0375)
(-135.603 0.115889 -31.2122)
(-136.088 -0.101728 -32.5653)
(-135.618 0.431975 -32.3838)
(-135.365 0.423618 -32.2832)
(-135.256 0.166045 -32.2384)
(-135.256 -0.166045 -32.2384)
(-135.365 -0.423618 -32.2832)
(-135.618 -0.431975 -32.3838)
(-136.088 0.101728 -32.5653)
(-136.148 -0.0869167 -33.785)
(-135.664 0.448336 -33.597)
(-135.405 0.434965 -33.4928)
(-135.292 0.170026 -33.4464)
(-135.292 -0.170026 -33.4464)
(-135.405 -0.434965 -33.4928)
(-135.664 -0.448336 -33.597)
(-136.148 0.0869167 -33.785)
(-135.812 -0.0716905 -34.8678)
(-135.315 0.463961 -34.6735)
(-135.048 0.445607 -34.566)
(-134.933 0.173739 -34.5182)
(-134.933 -0.173739 -34.5182)
(-135.048 -0.445607 -34.566)
(-135.315 -0.463961 -34.6735)
(-135.812 0.0716905 -34.8678)
(-135.107 -0.0562315 -35.8118)
(-134.597 0.478663 -35.6113)
(-134.325 0.455394 -35.5007)
(-134.207 0.177128 -35.4516)
(-134.207 -0.177128 -35.4516)
(-134.325 -0.455394 -35.5007)
(-134.597 -0.478663 -35.6113)
(-135.107 0.0562315 -35.8118)
(-134.062 -0.040685 -36.616)
(-133.54 0.492334 -36.4096)
(-133.261 0.464247 -36.2961)
(-133.141 0.180162 -36.2457)
(-133.141 -0.180162 -36.2457)
(-133.261 -0.464247 -36.2961)
(-133.54 -0.492334 -36.4096)
(-134.062 0.040685 -36.616)
(-132.702 -0.0251715 -37.2809)
(-132.169 0.504919 -37.0689)
(-131.885 0.472132 -36.9526)
(-131.762 0.182829 -36.9011)
(-131.762 -0.182829 -36.9011)
(-131.885 -0.472132 -36.9526)
(-132.169 -0.504919 -37.0689)
(-132.702 0.0251715 -37.2809)
(-131.055 -0.00979445 -37.8078)
(-130.51 0.516391 -37.5905)
(-130.221 0.479041 -37.4716)
(-130.096 0.185126 -37.419)
(-130.096 -0.185126 -37.419)
(-130.221 -0.479041 -37.4716)
(-130.51 -0.516391 -37.5905)
(-131.055 0.00979446 -37.8078)
(-129.142 0.00535547 -38.199)
(-128.588 0.526742 -37.9768)
(-128.294 0.484985 -37.8555)
(-128.168 0.187059 -37.8019)
(-128.168 -0.187059 -37.8019)
(-128.294 -0.484985 -37.8555)
(-128.588 -0.526742 -37.9768)
(-129.142 -0.00535546 -38.199)
(-126.989 0.0201973 -38.4577)
(-126.427 0.535973 -38.231)
(-126.128 0.489979 -38.1074)
(-126 0.188635 -38.053)
(-126 -0.188635 -38.053)
(-126.128 -0.489979 -38.1074)
(-126.427 -0.535973 -38.231)
(-126.989 -0.0201973 -38.4577)
(-124.618 0.0346583 -38.5876)
(-124.048 0.544091 -38.3568)
(-123.746 0.494045 -38.2313)
(-123.615 0.189864 -38.176)
(-123.615 -0.189864 -38.176)
(-123.746 -0.494045 -38.2313)
(-124.048 -0.544091 -38.3568)
(-124.618 -0.0346583 -38.5876)
(-122.049 0.0486732 -38.5931)
(-121.473 0.551104 -38.3587)
(-121.167 0.497204 -38.2315)
(-121.036 0.190754 -38.1755)
(-121.036 -0.190754 -38.1755)
(-121.167 -0.497204 -38.2315)
(-121.473 -0.551104 -38.3587)
(-122.049 -0.0486732 -38.5931)
(-119.304 0.0621835 -38.4793)
(-118.722 0.557023 -38.2417)
(-118.415 0.499479 -38.113)
(-118.282 0.191316 -38.0565)
(-118.282 -0.191316 -38.0565)
(-118.415 -0.499479 -38.113)
(-118.722 -0.557023 -38.2417)
(-119.304 -0.0621835 -38.4793)
(-116.401 0.0751372 -38.2513)
(-115.816 0.561859 -38.0112)
(-115.506 0.500891 -37.8813)
(-115.373 0.19156 -37.8243)
(-115.373 -0.19156 -37.8243)
(-115.506 -0.500891 -37.8813)
(-115.816 -0.561859 -38.0112)
(-116.401 -0.0751372 -38.2513)
(-113.36 0.0874888 -37.9151)
(-112.772 0.565626 -37.6729)
(-112.461 0.501464 -37.5421)
(-112.328 0.191494 -37.4848)
(-112.328 -0.191494 -37.4848)
(-112.461 -0.501464 -37.5421)
(-112.772 -0.565626 -37.6729)
(-113.36 -0.0874888 -37.9151)
(-110.198 0.0991992 -37.4766)
(-109.608 0.568337 -37.2328)
(-109.297 0.501218 -37.1014)
(-109.164 0.191128 -37.0439)
(-109.164 -0.191129 -37.0439)
(-109.297 -0.501218 -37.1014)
(-109.608 -0.568337 -37.2328)
(-110.198 -0.0991992 -37.4766)
(-106.931 0.110235 -36.9421)
(-106.342 0.57001 -36.6974)
(-106.031 0.500177 -36.5656)
(-105.897 0.190472 -36.508)
(-105.897 -0.190472 -36.508)
(-106.031 -0.500177 -36.5656)
(-106.342 -0.570011 -36.6974)
(-106.931 -0.110235 -36.9421)
(-103.576 0.120569 -36.3181)
(-102.988 0.570663 -36.0729)
(-102.678 0.498362 -35.9412)
(-102.544 0.189534 -35.8836)
(-102.544 -0.189534 -35.8836)
(-102.678 -0.498362 -35.9412)
(-102.988 -0.570663 -36.0729)
(-103.576 -0.120569 -36.3181)
(-100.147 0.130178 -35.6111)
(-99.5613 0.570315 -35.3661)
(-99.2529 0.495797 -35.2346)
(-99.1203 0.188324 -35.1772)
(-99.1203 -0.188324 -35.1772)
(-99.2529 -0.495797 -35.2346)
(-99.5613 -0.570315 -35.3661)
(-100.147 -0.130178 -35.6111)
(-96.6586 0.139045 -34.8278)
(-96.0768 0.568987 -34.5835)
(-95.7706 0.492504 -34.4526)
(-95.639 0.186851 -34.3955)
(-95.639 -0.186852 -34.3955)
(-95.7706 -0.492504 -34.4526)
(-96.0768 -0.568987 -34.5835)
(-96.6586 -0.139045 -34.8278)
(-93.1244 0.147159 -33.9749)
(-92.5475 0.566703 -33.7318)
(-92.2442 0.488509 -33.6018)
(-92.1138 0.185125 -33.5451)
(-92.1138 -0.185125 -33.5451)
(-92.2442 -0.488509 -33.6018)
(-92.5475 -0.566703 -33.7318)
(-93.1244 -0.147159 -33.9749)
(-89.557 0.154511 -33.059)
(-88.9862 0.563488 -32.8177)
(-88.6863 0.483834 -32.6888)
(-88.5574 0.183154 -32.6327)
(-88.5574 -0.183155 -32.6327)
(-88.6863 -0.483834 -32.6888)
(-88.9862 -0.563488 -32.8177)
(-89.557 -0.154511 -33.059)
(-85.9683 0.161098 -32.0867)
(-85.4046 0.559368 -31.8477)
(-85.1087 0.478505 -31.7202)
(-84.9816 0.180949 -31.6648)
(-84.9816 -0.180949 -31.6648)
(-85.1087 -0.478505 -31.7202)
(-85.4046 -0.559368 -31.8477)
(-85.9683 -0.161099 -32.0867)
(-82.3696 0.166921 -31.0646)
(-81.8141 0.55437 -30.8284)
(-81.5227 0.472547 -30.7026)
(-81.3976 0.178519 -30.648)
(-81.3976 -0.178519 -30.648)
(-81.5227 -0.472547 -30.7026)
(-81.8141 -0.55437 -30.8284)
(-82.3696 -0.166921 -31.0646)
(-78.7716 0.171982 -29.9992)
(-78.2252 0.548525 -29.7662)
(-77.9388 0.465985 -29.6424)
(-77.8159 0.175874 -29.5886)
(-77.8159 -0.175874 -29.5886)
(-77.9388 -0.465985 -29.6424)
(-78.2252 -0.548525 -29.7662)
(-78.7716 -0.171982 -29.9992)
(-75.1842 0.17629 -28.8966)
(-74.6478 0.54186 -28.6674)
(-74.3669 0.458844 -28.5457)
(-74.2464 0.173023 -28.4929)
(-74.2464 -0.173023 -28.4929)
(-74.3669 -0.458844 -28.5457)
(-74.6478 -0.54186 -28.6674)
(-75.1842 -0.17629 -28.8966)
(-71.6168 0.179853 -27.7631)
(-71.0912 0.534406 -27.538)
(-70.8163 0.45115 -27.4187)
(-70.6983 0.169975 -27.367)
(-70.6983 -0.169975 -27.367)
(-70.8163 -0.45115 -27.4187)
(-71.0912 -0.534406 -27.538)
(-71.6168 -0.179853 -27.7631)
(-68.0782 0.182684 -26.6046)
(-67.5641 0.526195 -26.384)
(-67.2955 0.442928 -26.2673)
(-67.1804 0.166741 -26.2168)
(-67.1804 -0.166741 -26.2168)
(-67.2955 -0.442929 -26.2673)
(-67.5641 -0.526195 -26.384)
(-68.0782 -0.182684 -26.6046)
(-64.5766 0.184798 -25.4269)
(-64.0747 0.517258 -25.2112)
(-63.8129 0.434205 -25.0973)
(-63.7006 0.16333 -25.048)
(-63.7006 -0.16333 -25.048)
(-63.8129 -0.434205 -25.0973)
(-64.0747 -0.517258 -25.2112)
(-64.5766 -0.184798 -25.4269)
(-61.1198 0.186211 -24.2355)
(-60.6307 0.507627 -24.025)
(-60.3759 0.425005 -23.914)
(-60.2667 0.15975 -23.8661)
(-60.2667 -0.15975 -23.8661)
(-60.3759 -0.425005 -23.914)
(-60.6307 -0.507627 -24.025)
(-61.1198 -0.186211 -24.2355)
(-57.7148 0.186943 -23.0358)
(-57.2392 0.497334 -22.8308)
(-56.9916 0.415353 -22.7229)
(-56.8856 0.156012 -22.6763)
(-56.8856 -0.156012 -22.6763)
(-56.9916 -0.415353 -22.7229)
(-57.2392 -0.497334 -22.8308)
(-57.7148 -0.186943 -23.0358)
(-54.3686 0.187013 -21.8328)
(-53.9067 0.486411 -21.6336)
(-53.6667 0.405274 -21.5289)
(-53.564 0.152125 -21.4837)
(-53.564 -0.152125 -21.4837)
(-53.6667 -0.405274 -21.5289)
(-53.9067 -0.486411 -21.6336)
(-54.3686 -0.187013 -21.8328)
(-51.0872 0.186443 -20.6315)
(-50.6396 0.474891 -20.4382)
(-50.4073 0.394793 -20.3369)
(-50.3079 0.148096 -20.2932)
(-50.3079 -0.148096 -20.2932)
(-50.4073 -0.394793 -20.3369)
(-50.6396 -0.474891 -20.4382)
(-51.0872 -0.186443 -20.6315)
(-47.8765 0.185256 -19.4365)
(-47.4434 0.462804 -19.2493)
(-47.219 0.383933 -19.1514)
(-47.1232 0.143936 -19.1093)
(-47.1232 -0.143936 -19.1093)
(-47.219 -0.383933 -19.1514)
(-47.4434 -0.462804 -19.2493)
(-47.8765 -0.185256 -19.4365)
(-44.7419 0.183475 -18.252)
(-44.3236 0.450183 -18.0712)
(-44.1072 0.372718 -17.9768)
(-44.0149 0.139652 -17.9362)
(-44.0149 -0.139652 -17.9362)
(-44.1072 -0.372718 -17.9768)
(-44.3236 -0.450183 -18.0712)
(-44.7419 -0.183475 -18.252)
(-41.6884 0.181126 -17.0824)
(-41.2851 0.437059 -16.908)
(-41.0768 0.361171 -16.8171)
(-40.988 0.135253 -16.7781)
(-40.988 -0.135253 -16.7781)
(-41.0768 -0.361171 -16.8171)
(-41.2851 -0.437059 -16.908)
(-41.6884 -0.181126 -17.0824)
(-38.7205 0.178232 -15.9313)
(-38.3323 0.423463 -15.7635)
(-38.1322 0.349315 -15.6762)
(-38.0469 0.130747 -15.6388)
(-38.0469 -0.130747 -15.6388)
(-38.1322 -0.349315 -15.6762)
(-38.3323 -0.423463 -15.7635)
(-38.7205 -0.178232 -15.9313)
(-35.8425 0.17482 -14.8026)
(-35.4694 0.409426 -14.6413)
(-35.2775 0.337172 -14.5576)
(-35.1958 0.126141 -14.5219)
(-35.1958 -0.126141 -14.5219)
(-35.2775 -0.337172 -14.5576)
(-35.4694 -0.409426 -14.6413)
(-35.8425 -0.17482 -14.8026)
(-33.0583 0.170916 -13.6995)
(-32.7003 0.394977 -13.5447)
(-32.5166 0.324763 -13.4647)
(-32.4384 0.121445 -13.4306)
(-32.4384 -0.121445 -13.4306)
(-32.5166 -0.324763 -13.4647)
(-32.7003 -0.394977 -13.5447)
(-33.0583 -0.170916 -13.6995)
(-30.3714 0.166545 -12.6251)
(-30.0285 0.380146 -12.477)
(-29.8528 0.312108 -12.4006)
(-29.7783 0.116664 -12.368)
(-29.7783 -0.116664 -12.368)
(-29.8528 -0.312108 -12.4006)
(-30.0285 -0.380146 -12.477)
(-30.3714 -0.166545 -12.6251)
(-27.7851 0.161734 -11.5824)
(-27.4571 0.36496 -11.4408)
(-27.2895 0.299228 -11.368)
(-27.2184 0.111806 -11.337)
(-27.2184 -0.111806 -11.337)
(-27.2895 -0.299228 -11.368)
(-27.4571 -0.36496 -11.4408)
(-27.7851 -0.161734 -11.5824)
(-25.3022 0.156509 -10.574)
(-24.989 0.349446 -10.4389)
(-24.8293 0.286142 -10.3696)
(-24.7617 0.106878 -10.3401)
(-24.7617 -0.106878 -10.3401)
(-24.8293 -0.286142 -10.3696)
(-24.989 -0.349446 -10.4389)
(-25.3022 -0.156509 -10.574)
(-22.9255 0.150898 -9.60231)
(-22.6267 0.333634 -9.47355)
(-22.4748 0.272868 -9.40773)
(-22.4107 0.101887 -9.37981)
(-22.4107 -0.101887 -9.37981)
(-22.4748 -0.272868 -9.40773)
(-22.6267 -0.333634 -9.47355)
(-22.9255 -0.150898 -9.60231)
(-20.6573 0.144925 -8.66954)
(-20.3728 0.317551 -8.54704)
(-20.2285 0.259427 -8.48461)
(-20.1676 0.0968381 -8.45818)
(-20.1676 -0.0968382 -8.45818)
(-20.2285 -0.259427 -8.48461)
(-20.3728 -0.317551 -8.54704)
(-20.6573 -0.144925 -8.66954)
(-18.4997 0.138614 -7.77769)
(-18.2291 0.301214 -7.6613)
(-18.0923 0.245831 -7.60217)
(-18.0347 0.0917377 -7.5772)
(-18.0347 -0.0917378 -7.5772)
(-18.0923 -0.245831 -7.60217)
(-18.2291 -0.301214 -7.6613)
(-18.4997 -0.138614 -7.77769)
(-16.4548 0.131986 -6.92851)
(-16.1977 0.284642 -6.81805)
(-16.0681 0.232089 -6.76215)
(-16.0136 0.0865877 -6.7386)
(-16.0136 -0.0865878 -6.7386)
(-16.0681 -0.232089 -6.76215)
(-16.1977 -0.284642 -6.81806)
(-16.4548 -0.131986 -6.92851)
(-14.524 0.125063 -6.12356)
(-14.28 0.267851 -6.01886)
(-14.1574 0.21821 -5.96607)
(-14.106 0.0813901 -5.94391)
(-14.106 -0.0813902 -5.94391)
(-14.1574 -0.21821 -5.96607)
(-14.28 -0.267851 -6.01886)
(-14.524 -0.125063 -6.12356)
(-12.7088 0.117865 -5.36422)
(-12.4774 0.250849 -5.26509)
(-12.3616 0.204193 -5.21531)
(-12.3133 0.0761444 -5.19448)
(-12.3133 -0.0761445 -5.19448)
(-12.3616 -0.204193 -5.21531)
(-12.4774 -0.250849 -5.26508)
(-12.7088 -0.117865 -5.36422)
(-11.0104 0.110405 -4.65168)
(-10.7913 0.233633 -4.5579)
(-10.6821 0.19003 -4.51104)
(-10.6367 0.0708469 -4.49151)
(-10.6367 -0.070847 -4.49151)
(-10.6821 -0.19003 -4.51104)
(-10.7913 -0.233633 -4.5579)
(-11.0104 -0.110405 -4.65168)
(-9.42992 0.102687 -3.98696)
(-9.2225 0.216179 -3.89833)
(-9.11973 0.175697 -3.8543)
(-9.0772 0.0654882 -3.83605)
(-9.0772 -0.0654883 -3.83605)
(-9.11973 -0.175698 -3.8543)
(-9.2225 -0.216179 -3.89833)
(-9.42992 -0.102687 -3.98696)
(-7.96809 0.0947038 -3.37091)
(-7.77201 0.19844 -3.28724)
(-7.67554 0.161149 -3.24598)
(-7.6359 0.060049 -3.229)
(-7.6359 -0.060049 -3.229)
(-7.67554 -0.161149 -3.24598)
(-7.77201 -0.19844 -3.28724)
(-7.96809 -0.0947038 -3.37091)
(-6.6256 0.0864297 -2.80424)
(-6.44054 0.180332 -2.72537)
(-6.35039 0.146309 -2.68687)
(-6.31371 0.0545009 -2.67118)
(-6.31371 -0.0545009 -2.67118)
(-6.35039 -0.146309 -2.68687)
(-6.44054 -0.180332 -2.72537)
(-6.6256 -0.0864297 -2.80423)
(-5.40297 0.0778164 -2.28749)
(-5.22878 0.161727 -2.21335)
(-5.14513 0.131073 -2.17769)
(-5.11158 0.0488051 -2.16336)
(-5.11158 -0.0488052 -2.16336)
(-5.14513 -0.131073 -2.17769)
(-5.22878 -0.161727 -2.21335)
(-5.40297 -0.0778164 -2.28749)
(-4.3006 0.0687866 -1.82114)
(-4.13744 0.142446 -1.75177)
(-4.06074 0.115305 -1.71911)
(-4.03061 0.0429145 -1.70627)
(-4.03061 -0.0429146 -1.70627)
(-4.06074 -0.115305 -1.71911)
(-4.13744 -0.142446 -1.75177)
(-4.3006 -0.0687866 -1.82114)
(-3.3189 0.059234 -1.40555)
(-3.16742 0.122277 -1.34122)
(-3.09843 0.0988607 -1.31188)
(-3.07215 0.0367836 -1.30069)
(-3.07215 -0.0367837 -1.30069)
(-3.09842 -0.0988607 -1.31188)
(-3.16742 -0.122277 -1.34122)
(-3.3189 -0.059234 -1.40555)
(-2.45854 0.049034 -1.04119)
(-2.32009 0.101017 -0.98244)
(-2.25992 0.0816442 -0.956882)
(-2.23802 0.030392 -0.947568)
(-2.23802 -0.030392 -0.947568)
(-2.25992 -0.0816442 -0.956882)
(-2.32009 -0.101017 -0.982439)
(-2.45854 -0.049034 -1.04119)
(-1.72084 0.0380848 -0.728709)
(-1.59773 0.0785983 -0.676516)
(-1.54776 0.0637174 -0.65531)
(-1.53073 0.0237872 -0.648078)
(-1.53073 -0.023787 -0.648078)
(-1.54776 -0.0637173 -0.655309)
(-1.59773 -0.0785983 -0.676516)
(-1.72084 -0.0380849 -0.728709)
(-1.10844 0.0264209 -0.469309)
(-1.00411 0.0553436 -0.425108)
(-0.965624 0.0454942 -0.408791)
(-0.953752 0.0171486 -0.403752)
(-0.95375 -0.0171481 -0.403752)
(-0.965622 -0.0454941 -0.40879)
(-1.00411 -0.0553439 -0.425108)
(-1.10844 -0.0264212 -0.469311)
(-0.626053 0.0144438 -0.265013)
(-0.544891 0.032394 -0.230648)
(-0.518566 0.0279942 -0.219495)
(-0.51163 0.010858 -0.216554)
(-0.511631 -0.010857 -0.216554)
(-0.518567 -0.0279944 -0.219495)
(-0.544894 -0.0323948 -0.230649)
(-0.626057 -0.0144443 -0.265015)
(-0.280192 0.00322964 -0.118579)
(-0.226576 0.0120827 -0.0958872)
(-0.212236 0.012979 -0.0898162)
(-0.209458 0.00551859 -0.0886389)
(-0.209465 -0.00551849 -0.0886416)
(-0.212243 -0.0129795 -0.0898193)
(-0.226581 -0.0120832 -0.0958896)
(-0.28019 -0.00322973 -0.118578)
(-0.0710362 -0.0047833 -0.0300565)
(-0.0485558 -0.00168194 -0.0205454)
(-0.0456061 0.00272585 -0.0192974)
(-0.0459816 0.00182785 -0.0194559)
(-0.0459896 -0.00183046 -0.0194593)
(-0.0456144 -0.0027254 -0.019301)
(-0.0485551 0.00168255 -0.0205451)
(-0.0710347 0.00478345 -0.0300558)
(0.0162974 -0.00543641 0.00689251)
(0.00898419 -0.00318537 0.00379531)
(0.00522157 -0.000368994 0.0022034)
(0.00291082 0.000273647 0.00122583)
(0.00291595 -0.000275404 0.00122798)
(0.00522744 0.000369464 0.00220587)
(0.00898748 0.00318595 0.00379672)
(0.0163042 0.00543665 0.0068954)
)
;
    }
    bottom
    {
        type            calculated;
        value           nonuniform List<vector> 
640
(
(-63.8522 -6.19208 0.968043)
(-75.8882 -8.724 -0.556985)
(-86.0313 -5.82022 -1.83961)
(-90.784 -1.92971 -2.46763)
(-90.784 1.92971 -2.46763)
(-86.0313 5.82022 -1.83961)
(-75.8882 8.724 -0.556985)
(-63.8522 6.19208 0.968043)
(-39.1161 -1.78541 2.62961)
(-42.6993 -3.02706 2.38406)
(-44.0943 -2.3368 2.26663)
(-44.8516 -0.819956 2.20354)
(-44.8516 0.819956 2.20354)
(-44.0943 2.3368 2.26663)
(-42.6993 3.02706 2.38406)
(-39.1161 1.78541 2.62961)
(-45.8966 -0.856334 2.04791)
(-48.4285 -1.60519 1.8854)
(-48.5611 -1.34887 1.8817)
(-48.6373 -0.505777 1.8751)
(-48.6373 0.505777 1.8751)
(-48.5611 1.34887 1.8817)
(-48.4285 1.60519 1.8854)
(-45.8966 0.856334 2.04791)
(-58.9107 -0.432695 0.713151)
(-61.3443 -0.886385 0.525215)
(-61.9249 -0.814183 0.49061)
(-62.0852 -0.324328 0.47977)
(-62.0852 0.324328 0.47977)
(-61.9249 0.814183 0.49061)
(-61.3443 0.886385 0.525215)
(-58.9107 0.432695 0.713151)
(-72.0504 -0.123883 -1.01429)
(-73.9098 -0.35325 -1.17883)
(-74.741 -0.387545 -1.24721)
(-75.0326 -0.16738 -1.27217)
(-75.0326 0.16738 -1.27217)
(-74.741 0.387545 -1.24721)
(-73.9098 0.35325 -1.17883)
(-72.0504 0.123883 -1.01429)
(-84.2271 0.0985941 -3.00274)
(-85.4672 0.00785817 -3.12017)
(-86.2354 -0.0844813 -3.19389)
(-86.558 -0.0509131 -3.22608)
(-86.558 0.0509131 -3.22608)
(-86.2354 0.0844813 -3.19389)
(-85.4672 -0.00785817 -3.12017)
(-84.2271 -0.0985941 -3.00274)
(-95.206 0.255972 -5.17145)
(-95.9251 0.243592 -5.23679)
(-96.4982 0.117153 -5.29589)
(-96.7743 0.0281725 -5.32616)
(-96.7743 -0.0281725 -5.32616)
(-96.4982 -0.117153 -5.29589)
(-95.9251 -0.243592 -5.23679)
(-95.206 -0.255972 -5.17145)
(-104.956 0.366678 -7.45697)
(-105.267 0.397527 -7.47161)
(-105.623 0.248479 -7.50655)
(-105.817 0.0799747 -7.5283)
(-105.817 -0.0799747 -7.5283)
(-105.623 -0.248479 -7.50655)
(-105.267 -0.397527 -7.47161)
(-104.956 -0.366678 -7.45697)
(-113.514 0.445167 -9.80721)
(-113.526 0.500528 -9.77682)
(-113.692 0.334949 -9.78525)
(-113.801 0.113934 -9.79539)
(-113.801 -0.113934 -9.79539)
(-113.692 -0.334949 -9.78525)
(-113.526 -0.500528 -9.77682)
(-113.514 -0.445167 -9.80721)
(-120.945 0.502129 -12.1785)
(-120.753 0.572932 -12.111)
(-120.77 0.394329 -12.0949)
(-120.806 0.136986 -12.093)
(-120.806 -0.136986 -12.093)
(-120.77 -0.394329 -12.0949)
(-120.753 -0.572932 -12.111)
(-120.945 -0.502129 -12.1785)
(-127.322 0.544799 -14.5346)
(-127.001 0.627277 -14.4384)
(-126.912 0.437894 -14.4015)
(-126.892 0.153645 -14.3889)
(-126.892 -0.153645 -14.3889)
(-126.912 -0.437894 -14.4015)
(-127.001 -0.627277 -14.4384)
(-127.322 -0.544799 -14.5346)
(-132.722 0.577757 -16.8451)
(-132.329 0.670818 -16.7281)
(-132.172 0.472279 -16.675)
(-132.112 0.166612 -16.6536)
(-132.112 -0.166612 -16.6536)
(-132.172 -0.472279 -16.675)
(-132.329 -0.670818 -16.7281)
(-132.722 -0.577757 -16.8451)
(-137.221 0.603798 -19.0852)
(-136.796 0.707518 -18.9542)
(-136.599 0.50114 -18.8893)
(-136.514 0.177394 -18.8613)
(-136.514 -0.177394 -18.8612)
(-136.599 -0.50114 -18.8893)
(-136.796 -0.707518 -18.9542)
(-137.221 -0.603798 -19.0852)
(-140.889 0.624608 -21.2341)
(-140.459 0.73943 -21.0948)
(-140.244 0.526366 -21.0221)
(-140.146 0.186778 -20.9893)
(-140.146 -0.186778 -20.9893)
(-140.244 -0.526366 -21.0221)
(-140.459 -0.73943 -21.0948)
(-140.889 -0.624608 -21.2341)
(-143.79 0.641219 -23.2747)
(-143.377 0.767571 -23.1317)
(-143.158 0.548872 -23.0544)
(-143.055 0.195151 -23.0186)
(-143.055 -0.195151 -23.0186)
(-143.158 -0.548872 -23.0544)
(-143.377 -0.767571 -23.1317)
(-143.79 -0.641219 -23.2747)
(-145.987 0.654292 -25.193)
(-145.601 0.792439 -25.0501)
(-145.389 0.569074 -24.9708)
(-145.286 0.202688 -24.9334)
(-145.286 -0.202688 -24.9334)
(-145.389 -0.569075 -24.9708)
(-145.601 -0.792439 -25.0501)
(-145.987 -0.654292 -25.193)
(-147.534 0.664284 -26.9779)
(-147.183 0.814296 -26.8379)
(-146.984 0.587165 -26.7586)
(-146.886 0.209468 -26.7207)
(-146.886 -0.209468 -26.7207)
(-146.984 -0.587165 -26.7586)
(-147.183 -0.814296 -26.8379)
(-147.534 -0.664284 -26.9779)
(-148.483 0.671534 -28.6205)
(-148.173 0.833309 -28.4857)
(-147.991 0.603244 -28.4081)
(-147.9 0.215529 -28.3705)
(-147.9 -0.215529 -28.3705)
(-147.991 -0.603244 -28.4081)
(-148.173 -0.833309 -28.4857)
(-148.483 -0.671534 -28.6205)
(-148.883 0.676317 -30.1143)
(-148.615 0.849614 -29.9865)
(-148.453 0.617382 -29.9116)
(-148.37 0.220897 -29.8751)
(-148.37 -0.220897 -29.8751)
(-148.453 -0.617382 -29.9116)
(-148.615 -0.849614 -29.9865)
(-148.883 -0.676317 -30.1143)
(-148.779 0.678865 -31.4545)
(-148.554 0.863341 -31.3351)
(-148.413 0.62965 -31.264)
(-148.339 0.225593 -31.229)
(-148.339 -0.225593 -31.229)
(-148.413 -0.62965 -31.264)
(-148.554 -0.863341 -31.3351)
(-148.779 -0.678865 -31.4545)
(-148.211 0.67938 -32.6383)
(-148.03 0.874616 -32.5284)
(-147.911 0.64012 -32.4618)
(-147.846 0.229642 -32.4286)
(-147.846 -0.229642 -32.4286)
(-147.911 -0.64012 -32.4618)
(-148.03 -0.874616 -32.5284)
(-148.211 -0.67938 -32.6383)
(-147.222 0.678043 -33.6644)
(-147.083 0.883565 -33.5649)
(-146.985 0.648868 -33.5033)
(-146.93 0.233069 -33.4722)
(-146.93 -0.233069 -33.4722)
(-146.985 -0.648868 -33.5033)
(-147.083 -0.883565 -33.5649)
(-147.222 -0.678043 -33.6644)
(-145.847 0.675016 -34.533)
(-145.749 0.89031 -34.4445)
(-145.673 0.65597 -34.3883)
(-145.627 0.2359 -34.3596)
(-145.627 -0.2359 -34.3596)
(-145.673 -0.65597 -34.3883)
(-145.749 -0.89031 -34.4445)
(-145.847 -0.675016 -34.533)
(-144.122 0.670449 -35.2455)
(-144.064 0.894969 -35.1685)
(-144.008 0.661502 -35.118)
(-143.972 0.238161 -35.0918)
(-143.972 -0.238161 -35.0918)
(-144.008 -0.661502 -35.118)
(-144.064 -0.894969 -35.1685)
(-144.122 -0.670449 -35.2455)
(-142.08 0.664479 -35.8045)
(-142.061 0.897655 -35.7392)
(-142.024 0.665536 -35.6946)
(-141.997 0.239878 -35.671)
(-141.997 -0.239878 -35.671)
(-142.024 -0.665536 -35.6946)
(-142.061 -0.897655 -35.7392)
(-142.08 -0.664479 -35.8045)
(-139.753 0.657236 -36.2136)
(-139.77 0.898476 -36.1602)
(-139.752 0.668146 -36.1215)
(-139.733 0.241074 -36.1006)
(-139.733 -0.241074 -36.1006)
(-139.752 -0.668146 -36.1215)
(-139.77 -0.898476 -36.1602)
(-139.753 -0.657236 -36.2136)
(-137.171 0.648839 -36.4772)
(-137.222 0.897538 -36.4356)
(-137.221 0.669399 -36.403)
(-137.21 0.241775 -36.3848)
(-137.21 -0.241775 -36.3848)
(-137.221 -0.669399 -36.403)
(-137.222 -0.897538 -36.4356)
(-137.171 -0.648839 -36.4772)
(-134.362 0.639402 -36.6004)
(-134.444 0.894943 -36.5706)
(-134.459 0.669365 -36.5439)
(-134.456 0.242003 -36.5285)
(-134.456 -0.242003 -36.5285)
(-134.459 -0.669365 -36.5439)
(-134.444 -0.894943 -36.5706)
(-134.362 -0.639402 -36.6004)
(-131.351 0.629032 -36.5891)
(-131.462 0.89079 -36.5708)
(-131.493 0.668111 -36.55)
(-131.497 0.241782 -36.5372)
(-131.497 -0.241783 -36.5372)
(-131.493 -0.668111 -36.55)
(-131.462 -0.89079 -36.5708)
(-131.351 -0.629032 -36.5891)
(-128.164 0.617833 -36.4496)
(-128.302 0.885176 -36.4423)
(-128.346 0.665701 -36.4273)
(-128.357 0.241136 -36.4171)
(-128.357 -0.241136 -36.4171)
(-128.346 -0.665701 -36.4273)
(-128.302 -0.885176 -36.4423)
(-128.164 -0.617833 -36.4496)
(-124.823 0.605901 -36.1885)
(-124.985 0.878196 -36.1919)
(-125.043 0.662202 -36.1824)
(-125.059 0.240087 -36.1748)
(-125.059 -0.240087 -36.1748)
(-125.043 -0.662202 -36.1824)
(-124.985 -0.878196 -36.1919)
(-124.823 -0.605901 -36.1885)
(-121.351 0.593328 -35.8127)
(-121.535 0.869943 -35.8264)
(-121.604 0.657677 -35.8222)
(-121.626 0.238656 -35.817)
(-121.626 -0.238656 -35.817)
(-121.604 -0.657677 -35.8222)
(-121.535 -0.869943 -35.8264)
(-121.351 -0.593328 -35.8127)
(-117.768 0.5802 -35.3297)
(-117.971 0.860506 -35.3529)
(-118.05 0.652187 -35.3538)
(-118.078 0.236867 -35.351)
(-118.078 -0.236867 -35.351)
(-118.05 -0.652187 -35.3538)
(-117.971 -0.860506 -35.3529)
(-117.768 -0.5802 -35.3297)
(-114.093 0.566598 -34.7468)
(-114.313 0.849971 -34.779)
(-114.401 0.645795 -34.7845)
(-114.433 0.234741 -34.784)
(-114.433 -0.234741 -34.784)
(-114.401 -0.645795 -34.7845)
(-114.313 -0.849971 -34.779)
(-114.093 -0.566598 -34.7468)
(-110.344 0.552598 -34.0714)
(-110.578 0.838422 -34.1119)
(-110.674 0.638559 -34.1219)
(-110.71 0.232299 -34.1234)
(-110.71 -0.232299 -34.1234)
(-110.674 -0.638559 -34.1219)
(-110.578 -0.838422 -34.1119)
(-110.344 -0.552598 -34.0714)
(-106.536 0.538272 -33.3111)
(-106.783 0.825938 -33.3592)
(-106.886 0.630536 -33.3733)
(-106.925 0.22956 -33.3768)
(-106.925 -0.22956 -33.3768)
(-106.886 -0.630536 -33.3733)
(-106.783 -0.825938 -33.3592)
(-106.536 -0.538272 -33.3111)
(-102.687 0.523686 -32.4735)
(-102.944 0.812597 -32.5285)
(-103.053 0.621781 -32.5463)
(-103.095 0.226546 -32.5515)
(-103.095 -0.226546 -32.5515)
(-103.053 -0.621781 -32.5463)
(-102.944 -0.812597 -32.5285)
(-102.687 -0.523686 -32.4735)
(-98.8094 0.508902 -31.566)
(-99.0742 0.79847 -31.6271)
(-99.1877 0.612348 -31.6482)
(-99.2324 0.223275 -31.6551)
(-99.2324 -0.223275 -31.6551)
(-99.1877 -0.612348 -31.6482)
(-99.0742 -0.79847 -31.6271)
(-98.8094 -0.508902 -31.566)
(-94.9174 0.493975 -30.5959)
(-95.1881 0.783628 -30.6623)
(-95.3052 0.602287 -30.6865)
(-95.3519 0.219764 -30.6948)
(-95.3519 -0.219765 -30.6948)
(-95.3052 -0.602287 -30.6865)
(-95.1881 -0.783628 -30.6623)
(-94.9174 -0.493975 -30.5959)
(-91.0232 0.478957 -29.5706)
(-91.2978 0.768135 -29.6415)
(-91.4176 0.591647 -29.6683)
(-91.4659 0.216033 -29.6779)
(-91.4659 -0.216033 -29.6779)
(-91.4176 -0.591647 -29.6683)
(-91.2978 -0.768135 -29.6415)
(-91.0232 -0.478957 -29.5706)
(-87.1383 0.463895 -28.4969)
(-87.4149 0.752053 -28.5717)
(-87.5365 0.580472 -28.6007)
(-87.5859 0.212096 -28.6115)
(-87.5859 -0.212096 -28.6115)
(-87.5365 -0.580472 -28.6007)
(-87.4149 -0.752053 -28.5717)
(-87.1383 -0.463895 -28.4969)
(-83.2732 0.448832 -27.3818)
(-83.5502 0.73544 -27.4596)
(-83.6726 0.568807 -27.4905)
(-83.7228 0.207971 -27.5023)
(-83.7228 -0.207971 -27.5023)
(-83.6726 -0.568807 -27.4905)
(-83.5502 -0.73544 -27.4596)
(-83.2732 -0.448832 -27.3818)
(-79.4379 0.433807 -26.232)
(-79.7134 0.718351 -26.3121)
(-79.8359 0.556693 -26.3445)
(-79.8865 0.203671 -26.3571)
(-79.8865 -0.203671 -26.3571)
(-79.8359 -0.556693 -26.3445)
(-79.7134 -0.718351 -26.3121)
(-79.4379 -0.433807 -26.232)
(-75.6412 0.418855 -25.0538)
(-75.9139 0.700836 -25.1355)
(-76.0357 0.544169 -25.169)
(-76.0863 0.199212 -25.1823)
(-76.0863 -0.199212 -25.1823)
(-76.0357 -0.544169 -25.169)
(-75.9139 -0.700836 -25.1355)
(-75.6412 -0.418855 -25.0538)
(-71.8916 0.404007 -23.8533)
(-72.1599 0.682944 -23.936)
(-72.2802 0.531272 -23.9703)
(-72.3306 0.194606 -23.9841)
(-72.3306 -0.194606 -23.9841)
(-72.2802 -0.531272 -23.9703)
(-72.1599 -0.682944 -23.936)
(-71.8916 -0.404007 -23.8533)
(-68.1966 0.389289 -22.6366)
(-68.4592 0.664719 -22.7195)
(-68.5775 0.518037 -22.7543)
(-68.6272 0.189868 -22.7684)
(-68.6272 -0.189868 -22.7684)
(-68.5775 -0.518037 -22.7543)
(-68.4592 -0.664719 -22.7195)
(-68.1966 -0.389289 -22.6366)
(-64.5634 0.374726 -21.4092)
(-64.819 0.646204 -21.4916)
(-64.9345 0.504498 -21.5266)
(-64.9834 0.185008 -21.541)
(-64.9834 -0.185008 -21.541)
(-64.9345 -0.504498 -21.5266)
(-64.819 -0.646204 -21.4916)
(-64.5634 -0.374726 -21.4092)
(-60.9982 0.360339 -20.1764)
(-61.2458 0.627436 -20.2579)
(-61.358 0.490683 -20.2927)
(-61.4058 0.180038 -20.3071)
(-61.4058 -0.180039 -20.3071)
(-61.358 -0.490684 -20.2927)
(-61.2458 -0.627436 -20.2579)
(-60.9982 -0.360339 -20.1764)
(-57.5071 0.346145 -18.9434)
(-57.7456 0.608452 -19.0233)
(-57.854 0.476624 -19.0577)
(-57.9004 0.17497 -19.0721)
(-57.9004 -0.17497 -19.0721)
(-57.854 -0.476624 -19.0577)
(-57.7456 -0.608452 -19.0233)
(-57.5071 -0.346145 -18.9434)
(-54.0953 0.33216 -17.7149)
(-54.3237 0.589285 -17.7927)
(-54.4279 0.462347 -17.8265)
(-54.4727 0.169813 -17.8407)
(-54.4727 -0.169813 -17.8407)
(-54.4279 -0.462347 -17.8265)
(-54.3237 -0.589285 -17.7927)
(-54.0953 -0.33216 -17.7149)
(-50.7677 0.318395 -16.4955)
(-50.9853 0.569966 -16.5707)
(-51.0849 0.447876 -16.6035)
(-51.1278 0.164576 -16.6174)
(-51.1278 -0.164576 -16.6174)
(-51.0849 -0.447877 -16.6035)
(-50.9853 -0.569966 -16.5707)
(-50.7677 -0.318395 -16.4955)
(-47.5288 0.304859 -15.2893)
(-47.7348 0.550522 -15.3614)
(-47.8293 0.433237 -15.3931)
(-47.8703 0.159269 -15.4067)
(-47.8703 -0.159269 -15.4067)
(-47.8293 -0.433237 -15.3931)
(-47.7348 -0.550522 -15.3614)
(-47.5288 -0.304859 -15.2893)
(-44.3824 0.29156 -14.1003)
(-44.5763 0.530979 -14.169)
(-44.6655 0.41845 -14.1993)
(-44.7044 0.153899 -14.2124)
(-44.7043 -0.153899 -14.2124)
(-44.6655 -0.41845 -14.1993)
(-44.5763 -0.530979 -14.169)
(-44.3824 -0.29156 -14.1003)
(-41.3323 0.278503 -12.9321)
(-41.5135 0.511362 -12.9971)
(-41.597 0.403537 -13.0259)
(-41.6337 0.148475 -13.0384)
(-41.6337 -0.148475 -13.0384)
(-41.597 -0.403537 -13.0259)
(-41.5135 -0.511362 -12.9971)
(-41.3323 -0.278503 -12.9321)
(-38.3816 0.265692 -11.7883)
(-38.5497 0.491691 -11.8491)
(-38.6274 0.388515 -11.8762)
(-38.6616 0.143004 -11.888)
(-38.6616 -0.143004 -11.888)
(-38.6274 -0.388515 -11.8762)
(-38.5497 -0.491691 -11.8491)
(-38.3816 -0.265692 -11.7883)
(-35.5333 0.253126 -10.6718)
(-35.6879 0.471986 -10.7283)
(-35.7595 0.373404 -10.7535)
(-35.7913 0.137492 -10.7646)
(-35.7913 -0.137492 -10.7646)
(-35.7595 -0.373404 -10.7535)
(-35.6879 -0.471986 -10.7283)
(-35.5333 -0.253126 -10.6718)
(-32.7898 0.240807 -9.58568)
(-32.9307 0.452266 -9.63748)
(-32.9961 0.35822 -9.66076)
(-33.0254 0.131947 -9.67111)
(-33.0254 -0.131947 -9.67111)
(-32.9961 -0.35822 -9.66076)
(-32.9307 -0.452266 -9.63748)
(-32.7898 -0.240807 -9.58568)
(-30.1535 0.228731 -8.53245)
(-30.2805 0.432544 -8.57943)
(-30.3396 0.342976 -8.60062)
(-30.3663 0.126373 -8.61014)
(-30.3663 -0.126373 -8.61014)
(-30.3396 -0.342976 -8.60062)
(-30.2805 -0.432544 -8.57943)
(-30.1535 -0.228731 -8.53245)
(-27.6264 0.216895 -7.51455)
(-27.7393 0.412837 -7.55654)
(-27.792 0.327688 -7.57556)
(-27.8161 0.120776 -7.58421)
(-27.8161 -0.120776 -7.58421)
(-27.792 -0.327688 -7.57556)
(-27.7393 -0.412837 -7.55654)
(-27.6264 -0.216895 -7.51455)
(-25.2102 0.205294 -6.53414)
(-25.309 0.393155 -6.57102)
(-25.3553 0.312366 -6.58778)
(-25.3767 0.11516 -6.59553)
(-25.3767 -0.11516 -6.59553)
(-25.3553 -0.312366 -6.58778)
(-25.309 -0.393155 -6.57102)
(-25.2102 -0.205294 -6.53413)
(-22.9063 0.193922 -5.59316)
(-22.9911 0.373511 -5.62485)
(-23.0309 0.297023 -5.6393)
(-23.0497 0.109531 -5.64611)
(-23.0497 -0.109531 -5.64611)
(-23.0309 -0.297023 -5.6393)
(-22.9911 -0.373511 -5.62485)
(-22.9063 -0.193922 -5.59316)
(-20.7162 0.182771 -4.69334)
(-20.787 0.353911 -4.71978)
(-20.8204 0.281667 -4.7319)
(-20.8365 0.103891 -4.73775)
(-20.8365 -0.103891 -4.73775)
(-20.8204 -0.281667 -4.7319)
(-20.787 -0.353911 -4.71978)
(-20.7162 -0.182771 -4.69334)
(-18.6408 0.171832 -3.83623)
(-18.6977 0.33436 -3.8574)
(-18.7248 0.266305 -3.86715)
(-18.7382 0.098244 -3.87203)
(-18.7382 -0.098244 -3.87203)
(-18.7248 -0.266305 -3.86715)
(-18.6977 -0.33436 -3.8574)
(-18.6408 -0.171832 -3.83623)
(-16.681 0.161092 -3.02316)
(-16.7243 0.314862 -3.03906)
(-16.7451 0.250941 -3.04644)
(-16.7559 0.0925908 -3.05035)
(-16.7559 -0.0925908 -3.05035)
(-16.7451 -0.250941 -3.04644)
(-16.7243 -0.314862 -3.03906)
(-16.681 -0.161092 -3.02316)
(-14.8375 0.150541 -2.25529)
(-14.8675 0.295414 -2.26596)
(-14.8821 0.235573 -2.27099)
(-14.8904 0.0869308 -2.27392)
(-14.8904 -0.0869308 -2.27392)
(-14.8821 -0.235573 -2.27099)
(-14.8675 -0.295413 -2.26596)
(-14.8375 -0.150541 -2.25529)
(-13.111 0.140162 -1.53361)
(-13.1279 0.276005 -1.53912)
(-13.1365 0.220193 -1.54182)
(-13.1423 0.081261 -1.5438)
(-13.1423 -0.081261 -1.5438)
(-13.1365 -0.220193 -1.54182)
(-13.1279 -0.276005 -1.53912)
(-13.111 -0.140162 -1.53361)
(-11.5017 0.129933 -0.858958)
(-11.5059 0.256614 -0.859411)
(-11.5088 0.204786 -0.859846)
(-11.5122 0.075575 -0.860898)
(-11.5122 -0.075575 -0.860898)
(-11.5088 -0.204785 -0.859846)
(-11.5059 -0.256614 -0.85941)
(-11.5017 -0.129933 -0.858958)
(-10.01 0.119822 -0.232013)
(-10.002 0.237199 -0.227541)
(-9.99932 0.189316 -0.2258)
(-10.0005 0.0698599 -0.225977)
(-10.0005 -0.0698598 -0.225977)
(-9.99932 -0.189316 -0.2258)
(-10.002 -0.237199 -0.22754)
(-10.01 -0.119823 -0.232013)
(-8.63603 0.10979 0.346684)
(-8.61621 0.217695 0.355898)
(-8.60846 0.173729 0.359678)
(-8.60756 0.0640949 0.360299)
(-8.60756 -0.0640948 0.3603)
(-8.60846 -0.173729 0.359678)
(-8.61621 -0.217695 0.355898)
(-8.63602 -0.10979 0.346684)
(-7.3797 0.0997774 0.876723)
(-7.34885 0.198001 0.890428)
(-7.33651 0.157944 0.896043)
(-7.33387 0.0582494 0.897348)
(-7.33387 -0.0582493 0.897348)
(-7.33651 -0.157944 0.896043)
(-7.34885 -0.198001 0.890428)
(-7.3797 -0.0997775 0.876723)
(-6.24097 0.0897018 1.35781)
(-6.19999 0.17797 1.37565)
(-6.18381 0.141845 1.3828)
(-6.17985 0.0522815 1.38463)
(-6.17985 -0.0522814 1.38463)
(-6.18381 -0.141845 1.3828)
(-6.2 -0.17797 1.37565)
(-6.24097 -0.0897018 1.35781)
(-5.21972 0.0794519 1.78972)
(-5.16989 0.157405 1.81119)
(-5.15089 0.125283 1.81946)
(-5.14616 0.0461396 1.82157)
(-5.14616 -0.0461396 1.82157)
(-5.15089 -0.125283 1.81946)
(-5.16989 -0.157405 1.81119)
(-5.21972 -0.0794518 1.78972)
(-4.31595 0.0688844 2.17225)
(-4.25903 0.136066 2.19661)
(-4.23859 0.108101 2.20544)
(-4.23379 0.0397728 2.20755)
(-4.23379 -0.0397729 2.20755)
(-4.2386 -0.108101 2.20543)
(-4.25904 -0.136065 2.19661)
(-4.31595 -0.0688843 2.17225)
(-3.53004 0.0578357 2.50507)
(-3.46853 0.113725 2.53131)
(-3.44838 0.0901841 2.53995)
(-3.44429 0.0331543 2.54174)
(-3.44429 -0.0331546 2.54174)
(-3.44838 -0.0901842 2.53995)
(-3.46853 -0.113725 2.53131)
(-3.53004 -0.0578357 2.50507)
(-2.86328 0.0461703 2.78754)
(-2.80055 0.0903025 2.81422)
(-2.78265 0.071582 2.82188)
(-2.78004 0.0263254 2.82303)
(-2.78004 -0.0263256 2.82303)
(-2.78265 -0.0715821 2.82188)
(-2.80055 -0.0903026 2.81422)
(-2.86328 -0.0461703 2.78754)
(-2.31874 0.0339173 3.01828)
(-2.25905 0.0661439 3.04362)
(-2.24516 0.0527113 3.04956)
(-2.2445 0.0194631 3.04986)
(-2.2445 -0.0194632 3.04986)
(-2.24516 -0.0527112 3.04956)
(-2.25905 -0.066144 3.04362)
(-2.31874 -0.0339174 3.01828)
(-1.90284 0.0215839 3.19453)
(-1.85063 0.0425059 3.21667)
(-1.84172 0.0346227 3.22048)
(-1.84293 0.0129523 3.21998)
(-1.84293 -0.0129523 3.21998)
(-1.84172 -0.0346225 3.22048)
(-1.85063 -0.0425061 3.21667)
(-1.90284 -0.021584 3.19454)
(-1.62541 0.0105675 3.31213)
(-1.58476 0.0220226 3.32936)
(-1.58088 0.0190836 3.33101)
(-1.58333 0.00737759 3.32998)
(-1.58333 -0.0073774 3.32998)
(-1.58088 -0.0190834 3.33101)
(-1.58476 -0.0220228 3.32936)
(-1.62541 -0.0105676 3.31213)
(-1.49568 0.00253794 3.36717)
(-1.46972 0.00775706 3.37816)
(-1.46997 0.00795055 3.37806)
(-1.4725 0.00330933 3.37699)
(-1.4725 -0.00330885 3.377)
(-1.46997 -0.0079505 3.37806)
(-1.46972 -0.00775723 3.37816)
(-1.49568 -0.00253813 3.36717)
(-1.49659 -0.00148015 3.36684)
(-1.48385 0.00125014 3.37224)
(-1.48345 0.0019902 3.37241)
(-1.48384 0.000919392 3.37225)
(-1.48384 -0.000919142 3.37225)
(-1.48345 -0.00199019 3.37241)
(-1.48385 -0.00125019 3.37224)
(-1.49659 0.00148007 3.36684)
)
;
    }
}


// ************************************************************************* //
