# Vertical displacement dz of the membrane roof centre, x = (50, 50, 5) m in
# the reference coordinates, versus time, from Fig. 6.7 of
#
#   M. von Scheven, Effiziente Algorithmen fuer die Fluid-Struktur-
#   Wechselwirkung, PhD thesis, Institut fuer Baustatik und Baudynamik,
#   Universitaet Stuttgart, 2009.
#
# The same simulation is Sect. 5.1 of von Scheven and Ramm (2011), IJNME 87,
# 214-231, which does not plot this history. The points were read from the
# vector paths of the thesis PDF, so they reproduce the plotted curve exactly.
# The reference is a single run on one mesh and time step (dt = 0.02 s).
#
# Time [s]  dz [m]
0.0000 -0.00002
0.0391 -0.00002
0.0596 -0.00038
0.0800 -0.00108
0.1006 -0.00245
0.1191 -0.00418
0.1397 -0.00622
0.1602 -0.00935
0.1808 -0.01312
0.1993 -0.01795
0.2199 -0.02348
0.2404 -0.03003
0.2609 -0.03760
0.2795 -0.04655
0.2999 -0.05725
0.3205 -0.07000
0.3390 -0.08515
0.3595 -0.10375
0.3801 -0.12548
0.4007 -0.14925
0.4192 -0.17235
0.4397 -0.19268
0.4603 -0.21265
0.4807 -0.23850
0.4992 -0.27330
0.5198 -0.31810
0.5404 -0.37188
0.5609 -0.43115
0.5794 -0.47800
0.6000 -0.48698
0.6206 -0.45630
0.6391 -0.40907
0.6596 -0.36568
0.6800 -0.32982
0.7006 -0.29848
0.7191 -0.26882
0.7397 -0.24160
0.7602 -0.21955
0.7808 -0.20335
0.7993 -0.18852
0.8199 -0.17545
0.8404 -0.17095
0.8610 -0.17750
0.8795 -0.18750
0.8999 -0.19645
0.9205 -0.20578
0.9390 -0.21543
0.9595 -0.22783
0.9801 -0.24850
1.0007 -0.28400
1.0192 -0.32912
1.0397 -0.36980
1.0603 -0.39463
1.0807 -0.40770
1.0994 -0.42390
1.1198 -0.44940
1.1403 -0.47423
1.1609 -0.48628
1.1794 -0.48835
1.2000 -0.48318
1.2206 -0.46042
1.2390 -0.41872
1.2596 -0.37428
1.2802 -0.34223
1.3006 -0.31915
1.3191 -0.29468
1.3602 -0.23815
1.3808 -0.21645
1.3993 -0.20645
1.4199 -0.20888
1.4404 -0.21782
1.4610 -0.23300
1.4795 -0.25643
1.4999 -0.28468
1.5205 -0.31535
1.5390 -0.35807
1.5595 -0.41805
1.5801 -0.48318
1.6007 -0.53005
1.6192 -0.54107
1.6397 -0.52143
1.6603 -0.49283
1.6809 -0.46697
1.6994 -0.44112
1.7198 -0.41633
1.7609 -0.37843
1.7794 -0.35430
1.8000 -0.33085
1.8205 -0.31155
1.8390 -0.29538
1.8596 -0.28847
1.8802 -0.29570
1.9006 -0.30778
1.9191 -0.31672
1.9397 -0.32570
1.9602 -0.33673
1.9808 -0.35085
1.9993 -0.37392
2.0198 -0.40393
2.0404 -0.43493
2.0610 -0.47250
2.0795 -0.51903
2.1000 -0.55312
2.1205 -0.55348
2.1389 -0.52315
2.1595 -0.47525
2.1801 -0.42597
2.2007 -0.38840
2.2191 -0.35878
2.2397 -0.32982
2.2603 -0.30535
2.2809 -0.28710
2.2994 -0.27640
2.3198 -0.27847
2.3403 -0.28710
2.3609 -0.29228
2.3794 -0.29778
2.4000 -0.31190
2.4205 -0.33603
2.4390 -0.37325
2.4596 -0.42013
2.4802 -0.46422
2.5006 -0.49800
2.5192 -0.51695
2.5396 -0.51935
2.5602 -0.50867
2.5808 -0.48973
2.5993 -0.47285
2.6198 -0.46010
2.6404 -0.44183
2.6610 -0.41390
2.6795 -0.38153
2.7000 -0.35120
2.7205 -0.32810
2.7389 -0.30985
2.7595 -0.29055
2.7801 -0.27608
2.8007 -0.27263
2.8191 -0.28090
2.8397 -0.29468
2.8603 -0.30570
2.8809 -0.31500
2.8994 -0.33225
2.9199 -0.36050
2.9403 -0.39875
2.9609 -0.44457
2.9794 -0.49628
3.0000 -0.54315
3.0205 -0.55280
3.0390 -0.51660
3.0596 -0.46870
3.0802 -0.42700
3.1007 -0.38635
3.1192 -0.35293
3.1396 -0.32775
3.1602 -0.30778
3.1808 -0.29433
3.1993 -0.28295
3.2198 -0.27400
3.2404 -0.27470
3.2610 -0.28228
3.2795 -0.28605
3.3000 -0.28502
3.3205 -0.28883
3.3391 -0.30362
3.3595 -0.32570
3.3801 -0.35120
3.4007 -0.37875
3.4191 -0.39977
3.4397 -0.41703
3.4603 -0.44253
3.4809 -0.46732
3.4993 -0.48043
3.5199 -0.48420
3.5403 -0.47870
3.5609 -0.46010
3.5794 -0.42978
3.6000 -0.39048
3.6205 -0.34603
3.6390 -0.30330
3.6596 -0.26745
3.6801 -0.24093
3.7007 -0.21818
3.7192 -0.19785
3.7398 -0.18440
3.7602 -0.17887
3.7808 -0.17855
3.7992 -0.18577
3.8198 -0.20127
3.8404 -0.21748
3.8610 -0.23230
3.8795 -0.24677
3.9206 -0.27435
3.9391 -0.29640
3.9595 -0.33327
3.9801 -0.37772
4.0006 -0.41563
4.0191 -0.44045
4.0397 -0.44838
4.0603 -0.43460
4.0808 -0.40840
4.0993 -0.38188
4.1199 -0.35120
4.1403 -0.31707
4.1609 -0.29020
4.1794 -0.26917
4.1999 -0.24885
4.2205 -0.23403
4.2390 -0.22540
4.2596 -0.21575
4.2801 -0.20405
4.3007 -0.19335
4.3192 -0.18440
4.3398 -0.17303
4.3808 -0.14203
4.3992 -0.13132
4.4198 -0.12273
4.4404 -0.11238
4.4610 -0.10237
4.4794 -0.09582
4.5000 -0.08962
4.5206 -0.07965
4.5391 -0.06793
4.5597 -0.06138
4.5801 -0.06067
4.6006 -0.06035
4.6191 -0.05863
4.6603 -0.06067
4.6808 -0.05208
4.6993 -0.03795
4.7199 -0.02862
4.7405 -0.02348
4.7609 -0.01555
4.7794 -0.00900
4.7999 -0.01038
4.8205 -0.01587
4.8390 -0.01932
4.8596 -0.02175
4.8801 -0.02760
4.9007 -0.03313
4.9192 -0.03313
4.9602 -0.02760
4.9807 -0.02242
4.9992 -0.01277
5.0198 -0.00485
5.0404 0.00445
5.0610 0.02270
5.0794 0.04752
5.1000 0.07440
5.1206 0.10645
5.1391 0.14403
5.1596 0.18365
5.1800 0.22120
5.2006 0.25325
5.2191 0.28290
5.2397 0.31425
5.2603 0.34732
5.2808 0.37627
5.2993 0.38698
5.3199 0.37490
5.3405 0.35285
5.3609 0.32562
5.3795 0.29185
5.3999 0.25497
5.4205 0.21605
5.4390 0.17710
5.4596 0.14815
5.4801 0.12815
5.5007 0.10852
5.5192 0.09370
5.5398 0.08507
5.5603 0.07715
5.5807 0.07095
5.5992 0.06820
5.6198 0.06440
5.6404 0.05717
5.6609 0.04510
5.6794 0.02925
5.7000 0.01030
5.7206 -0.01348
5.7391 -0.03933
5.7596 -0.05690
5.7801 -0.06550
5.8006 -0.07240
5.8191 -0.08103
5.8397 -0.09378
5.8602 -0.11135
5.8808 -0.12583
5.8993 -0.13305
5.9199 -0.13548
5.9405 -0.13270
5.9610 -0.13305
5.9795 -0.14235
5.9999 -0.14960
6.0205 -0.14478
6.0390 -0.13305
6.0595 -0.11582
6.0801 -0.09240
6.1007 -0.06965
6.1192 -0.05243
6.1398 -0.03345
6.1603 -0.01003
6.1807 0.01618
6.1994 0.04717
6.2198 0.08197
6.2404 0.11472
6.2609 0.14435
6.2794 0.17710
6.3000 0.21535
6.3206 0.25945
6.3391 0.31012
6.3596 0.36007
6.3802 0.39247
6.4006 0.39490
6.4191 0.37180
6.4397 0.33425
6.4602 0.29392
6.4808 0.25705
6.4993 0.22120
6.5199 0.18777
6.5404 0.16160
6.5610 0.13575
6.5795 0.10508
6.5999 0.07750
6.6205 0.05717
6.6390 0.03717
6.6595 0.01583
6.6801 -0.00002
6.7007 -0.01830
6.7192 -0.04278
6.7397 -0.06035
6.7603 -0.06895
6.7809 -0.07515
6.7994 -0.06793
6.8198 -0.04965
6.8404 -0.04000
6.8609 -0.03278
6.8794 -0.01520
6.9000 0.00202
6.9206 0.01340
6.9390 0.02858
6.9596 0.04200
6.9802 0.04270
7.0006 0.04027
7.0193 0.04270
7.0397 0.04097
7.0602 0.03305
7.0808 0.02787
7.0993 0.02202
7.1199 0.00928
7.1404 -0.00590
7.1610 -0.01760
7.1795 -0.02968
7.2001 -0.03968
7.2205 -0.04070
7.2390 -0.03140
7.2595 -0.01450
7.2801 0.00618
7.3007 0.02548
7.3192 0.04270
7.3397 0.06580
7.3603 0.09955
7.3809 0.14403
7.3994 0.19365
7.4198 0.24050
7.4403 0.27360
7.4609 0.29460
7.4794 0.30875
7.5000 0.31527
7.5206 0.31943
7.5390 0.32355
7.5596 0.31805
7.5802 0.30495
7.6008 0.29357
7.6192 0.27945
7.6396 0.25945
7.6602 0.23222
7.6808 0.19330
7.6993 0.15572
7.7199 0.12782
7.7404 0.09782
7.7610 0.06235
7.7795 0.02132
7.8001 -0.02658
7.8205 -0.04965
7.8391 -0.07032
7.8595 -0.09068
7.8801 -0.11135
7.9007 -0.13030
7.9192 -0.14925
7.9397 -0.17200
7.9603 -0.19715
7.9809 -0.21853
7.9994 -0.23300
8.0199 -0.24195
8.0403 -0.24505
8.0609 -0.23988
8.0794 -0.22783
8.1000 -0.21543
8.1205 -0.20440
8.1390 -0.19303
8.1802 -0.17028
8.2007 -0.15478
8.2192 -0.13580
8.2602 -0.09790
8.2808 -0.07515
8.2993 -0.05070
8.3404 -0.00312
8.3610 0.01893
8.3795 0.03615
8.4001 0.04992
8.4206 0.06475
8.4391 0.08060
8.4595 0.09232
8.4801 0.09955
8.5007 0.10782
8.5191 0.11885
8.5397 0.13022
8.5603 0.14022
8.5809 0.15125
8.5993 0.16192
8.6199 0.16745
8.6403 0.16985
8.6609 0.17608
8.6794 0.18467
8.7000 0.18848
8.7205 0.18915
8.7390 0.19225
8.7802 0.20052
8.8007 0.21088
8.8192 0.22912
8.8398 0.24293
8.8602 0.24602
8.8808 0.24532
8.8993 0.24532
8.9198 0.24360
8.9404 0.24430
8.9610 0.25290
8.9795 0.26290
9.0000 0.26395
9.0206 0.25670
9.0391 0.24948
9.0595 0.24497
9.0801 0.23810
9.1006 0.23190
9.1191 0.23603
9.1397 0.24807
9.1603 0.25670
9.1809 0.26255
9.1993 0.27153
9.2199 0.27980
9.2403 0.28322
9.2609 0.28427
9.2794 0.27945
9.3000 0.26050
9.3205 0.23567
9.3390 0.21673
9.3596 0.19915
9.3802 0.17538
9.4007 0.14952
9.4192 0.12505
9.4398 0.09990
9.4602 0.07338
9.4808 0.04855
9.4993 0.02752
9.5198 0.00857
9.5404 -0.00795
9.5610 -0.01932
9.5795 -0.02862
9.6000 -0.04450
9.6206 -0.06620
9.6391 -0.08585
9.6597 -0.09927
9.6801 -0.11167
9.7006 -0.12548
9.7191 -0.13995
9.7397 -0.15478
9.7603 -0.17063
9.7808 -0.18543
9.7993 -0.20095
9.8199 -0.21920
9.8405 -0.23610
9.8609 -0.24403
9.8794 -0.24230
9.9000 -0.23885
9.9205 -0.23955
9.9390 -0.23955
9.9596 -0.23023
9.9802 -0.21370
10.0007 -0.19990
10.0192 -0.18785
10.0398 -0.16545
10.0602 -0.13478
10.0808 -0.11202
10.0992 -0.09617
10.1198 -0.07310
10.1404 -0.04000
10.1610 -0.00830
10.1794 0.01960
10.2000 0.04890
10.2206 0.08440
10.2391 0.12022
10.2597 0.14540
10.2801 0.16055
10.3006 0.17985
10.3191 0.21052
10.3397 0.24395
10.3603 0.27117
10.3808 0.29322
10.3993 0.31460
10.4199 0.33457
10.4405 0.35077
10.4609 0.36317
10.4795 0.37078
10.4999 0.37525
10.5205 0.38388
10.5390 0.39937
10.5596 0.41280
10.5801 0.41420
10.6007 0.40040
10.6192 0.37560
10.6398 0.34767
10.6603 0.32115
10.6808 0.29357
10.6992 0.26427
10.7198 0.23638
10.7404 0.20982
10.7610 0.17812
10.7794 0.14058
10.8000 0.10920
10.8206 0.09370
10.8391 0.09025
10.8597 0.09025
10.8801 0.09232
10.9006 0.09782
10.9191 0.10232
10.9397 0.09817
10.9603 0.09130
10.9808 0.08887
10.9993 0.08648
11.0199 0.07577
11.0405 0.05890
11.0610 0.03995
11.0795 0.02167
11.0999 0.00445
11.1205 -0.01105
11.1390 -0.01968
11.1596 -0.01693
11.1801 -0.01140
11.2007 -0.01587
11.2192 -0.02725
11.2398 -0.04172
11.2603 -0.06518
11.2807 -0.08930
11.2994 -0.09723
11.3198 -0.09170
11.3404 -0.08962
11.3610 -0.09790
11.3794 -0.11375
11.4000 -0.12960
11.4206 -0.14478
11.4391 -0.16062
11.4596 -0.17095
11.4802 -0.16922
11.5006 -0.16098
11.5191 -0.15855
11.5397 -0.16753
11.5602 -0.18165
11.5808 -0.18750
11.5993 -0.17545
11.6199 -0.15133
11.6404 -0.12685
11.6610 -0.10688
11.6795 -0.08275
11.6999 -0.05243
11.7205 -0.02520
11.7390 -0.00002
11.7596 0.03685
11.7801 0.08303
11.8007 0.12367
11.8192 0.15607
11.8398 0.18605
11.8603 0.21535
11.8809 0.24187
11.8994 0.26910
11.9198 0.30425
11.9404 0.34250
11.9609 0.37352
11.9794 0.39663
12.0000 0.41660
