0.0001 9.88435e-08 219
0.0002 9.81674e-08 182
0.0003 9.96367e-08 178
0.0004 9.76799e-08 177
0.0005 9.73389e-08 162
0.0006 9.88718e-08 127
0.0007 9.89623e-08 146
0.0008 9.66392e-08 150
0.0009 9.89832e-08 145
0.001 9.68872e-08 134
0.0011 9.67943e-08 115
0.0012 9.57932e-08 104
0.0013 9.69405e-08 107
0.0014 9.76544e-08 106
0.0015 9.9524e-08 100
0.0016 9.91604e-08 96
0.0017 9.76504e-08 100
0.0018 9.86436e-08 101
0.0019 9.66364e-08 101
0.002 9.68698e-08 99
0.0021 9.74568e-08 96
0.0022 9.99014e-08 92
0.0023 9.86235e-08 89
0.0024 9.83049e-08 86
0.0025 9.64438e-08 84
0.0026 9.99455e-08 81
0.0027 9.79369e-08 80
0.0028 9.95207e-08 79
0.0029 9.66307e-08 79
0.003 9.87247e-08 77
0.0031 9.93071e-08 75
0.0032 9.72574e-08 74
0.0033 9.90484e-08 72
0.0034 9.96565e-08 70
0.0035 9.90955e-08 68
0.0036 9.92731e-08 67
0.0037 9.7674e-08 66
0.0038 9.85929e-08 64
0.0039 9.67931e-08 64
0.004 9.88314e-08 62
0.0041 9.89527e-08 61
0.0042 9.93602e-08 60
0.0043 9.7189e-08 59
0.0044 9.86042e-08 58
0.0045 9.71798e-08 57
0.0046 9.79585e-08 56
0.0047 9.74407e-08 55
0.0048 9.79222e-08 54
0.0049 9.81627e-08 53
0.005 9.85724e-08 52
0.0051 9.93266e-08 51
0.0052 9.97726e-08 50
0.0053 9.68886e-08 50
0.0054 9.64108e-08 49
0.0055 9.75555e-08 48
0.0056 9.54199e-08 49
0.0057 9.57397e-08 50
0.0058 9.45512e-08 51
0.0059 9.86898e-08 51
0.006 9.50799e-08 52
0.0061 9.65847e-08 52
0.0062 9.73218e-08 52
0.0063 9.69276e-08 52
0.0064 9.55173e-08 52
0.0065 9.31992e-08 52
0.0066 9.66765e-08 51
0.0067 9.97789e-08 50
0.0068 9.50861e-08 50
0.0069 9.60199e-08 49
0.007 9.65915e-08 48
0.0071 9.63153e-08 47
0.0072 9.51468e-08 46
0.0073 9.31146e-08 45
0.0074 9.68095e-08 43
0.0075 9.99641e-08 41
0.0076 9.46883e-08 40
0.0077 9.57302e-08 38
0.0078 9.84444e-08 37
0.0079 9.73761e-08 36
0.008 9.7959e-08 35
0.0081 9.63389e-08 34
0.0082 9.63813e-08 33
0.0083 9.90949e-08 32
0.0084 9.61271e-08 32
0.0085 9.74822e-08 31
0.0086 9.57199e-08 32
0.0087 9.91614e-08 34
0.0088 9.68612e-08 37
0.0089 9.95533e-08 40
0.009 9.81421e-08 41
0.0091 9.34352e-08 41
0.0092 9.37355e-08 41
0.0093 9.45757e-08 42
0.0094 9.53525e-08 42
0.0095 9.67424e-08 45
0.0096 9.44952e-08 44
0.0097 9.89915e-08 43
0.0098 9.50712e-08 44
0.0099 9.71585e-08 44
0.01 9.97047e-08 44
0.0101 9.67158e-08 67
0.0102 9.6308e-08 50
0.0103 9.74523e-08 47
0.0104 9.67529e-08 51
0.0105 9.74689e-08 48
0.0106 9.70485e-08 46
0.0107 9.4342e-08 49
0.0108 9.5745e-08 51
0.0109 9.45532e-08 50
0.011 9.84448e-08 48
0.0111 9.59834e-08 47
0.0112 9.35648e-08 47
0.0113 9.79747e-08 47
0.0114 9.45534e-08 48
0.0115 9.32768e-08 48
0.0116 9.69472e-08 47
0.0117 9.40216e-08 47
0.0118 9.61459e-08 47
0.0119 9.77861e-08 47
0.012 9.86279e-08 47
0.0121 9.87105e-08 47
0.0122 9.82977e-08 47
0.0123 9.77195e-08 47
0.0124 9.7242e-08 47
0.0125 9.70033e-08 47
0.0126 9.70114e-08 47
0.0127 9.7184e-08 47
0.0128 9.74016e-08 47
0.0129 9.75546e-08 47
0.013 9.75727e-08 47
0.0131 9.74329e-08 47
0.0132 9.7151e-08 47
0.0133 9.67652e-08 47
0.0134 9.63178e-08 47
0.0135 9.58437e-08 47
0.0136 9.53648e-08 47
0.0137 9.48915e-08 47
0.0138 9.44279e-08 47
0.0139 9.39788e-08 47
0.014 9.35555e-08 47
0.0141 9.31786e-08 47
0.0142 9.28816e-08 47
0.0143 9.99402e-08 46
0.0144 9.30552e-08 47
0.0145 9.27946e-08 47
0.0146 9.32693e-08 47
0.0147 9.39876e-08 47
0.0148 9.49734e-08 47
0.0149 9.62201e-08 47
0.015 9.77068e-08 47
0.0151 9.93995e-08 47
0.0152 9.39173e-08 48
0.0153 9.53747e-08 48
0.0154 9.72774e-08 48
0.0155 9.90994e-08 48
0.0156 9.35231e-08 49
0.0157 9.45986e-08 49
0.0158 9.58737e-08 49
0.0159 9.68665e-08 49
0.016 9.75704e-08 49
0.0161 9.79737e-08 49
0.0162 9.80725e-08 49
0.0163 9.78728e-08 49
0.0164 9.73881e-08 49
0.0165 9.66372e-08 49
0.0166 9.56465e-08 49
0.0167 9.44359e-08 49
0.0168 9.30298e-08 49
0.0169 9.85474e-08 48
0.017 9.70645e-08 48
0.0171 9.50226e-08 48
0.0172 9.29252e-08 48
0.0173 9.78518e-08 47
0.0174 9.58713e-08 47
0.0175 9.34139e-08 47
0.0176 9.80868e-08 46
0.0177 9.5891e-08 46
0.0178 9.32406e-08 46
0.0179 9.77631e-08 45
0.018 9.5478e-08 45
0.0181 9.27385e-08 45
0.0182 9.717e-08 44
0.0183 9.48696e-08 44
0.0184 9.93311e-08 43
0.0185 9.69646e-08 43
0.0186 9.41024e-08 43
0.0187 9.85711e-08 42
0.0188 9.62765e-08 42
0.0189 9.34425e-08 42
0.019 9.78928e-08 41
0.0191 9.56458e-08 41
0.0192 9.28132e-08 41
0.0193 9.72212e-08 40
0.0194 9.50005e-08 40
0.0195 9.94271e-08 39
0.0196 9.71179e-08 39
0.0197 9.41218e-08 39
0.0198 9.84837e-08 38
0.0199 9.61893e-08 38
0.02 9.31341e-08 38
0.0201 9.73401e-08 37
0.0202 9.49793e-08 37
0.0203 9.90945e-08 36
0.0204 9.65565e-08 36
0.0205 9.31457e-08 36
0.0206 9.70074e-08 35
0.0207 9.43974e-08 35
0.0208 9.8103e-08 34
0.0209 9.52732e-08 34
0.021 9.87753e-08 33
0.0211 9.57443e-08 33
0.0212 9.90266e-08 32
0.0213 9.57979e-08 32
0.0214 9.88272e-08 31
0.0215 9.53873e-08 31
0.0216 9.81183e-08 30
0.0217 9.44549e-08 30
0.0218 9.68387e-08 29
0.0219 9.2936e-08 29
0.022 9.49228e-08 28
0.0221 9.82711e-08 27
0.0222 9.38004e-08 27
0.0223 9.54742e-08 26
0.0224 9.8848e-08 25
0.0225 9.37335e-08 25
0.0226 9.47023e-08 24
0.0227 9.73775e-08 23
0.0228 9.13677e-08 23
0.0229 9.11943e-08 22
0.023 9.26626e-08 21
0.0231 9.40841e-08 20
0.0232 9.49344e-08 19
0.0233 9.51045e-08 18
0.0234 9.46309e-08 17
0.0235 9.35714e-08 16
0.0236 9.19053e-08 15
0.0237 8.94069e-08 14
0.0238 8.5556e-08 13
0.0239 7.98307e-08 12
0.024 8.62613e-08 11
0.0241 8.89705e-08 11
0.0242 8.52016e-08 12
0.0243 9.1375e-08 13
0.0244 9.27785e-08 14
0.0245 9.11663e-08 15
0.0246 8.87956e-08 16
0.0247 9.81436e-08 16
0.0248 9.76893e-08 17
0.0249 9.48353e-08 18
0.025 9.09649e-08 19
0.0251 9.60356e-08 19
0.0252 9.36992e-08 20
0.0253 9.79349e-08 20
0.0254 9.43366e-08 21
0.0255 9.7197e-08 21
0.0256 9.28425e-08 22
0.0257 9.49005e-08 22
0.0258 9.86935e-08 22
0.0259 9.36188e-08 23
0.026 9.45774e-08 23
0.0261 9.73244e-08 23
0.0262 9.20402e-08 24
0.0263 9.25234e-08 24
0.0264 9.4671e-08 24
0.0265 9.69334e-08 24
0.0266 9.89916e-08 24
0.0267 9.2926e-08 25
0.0268 9.27883e-08 25
0.0269 9.44868e-08 25
0.027 9.64262e-08 25
0.0271 9.82904e-08 25
0.0272 9.23087e-08 26
0.0273 9.23024e-08 26
0.0274 9.40865e-08 26
0.0275 9.60967e-08 26
0.0276 9.80469e-08 26
0.0277 9.9981e-08 26
0.0278 9.4193e-08 27
0.0279 9.47444e-08 27
0.028 9.71026e-08 27
0.0281 9.9689e-08 27
0.0282 9.44396e-08 28
0.0283 9.52326e-08 28
0.0284 9.76428e-08 28
0.0285 9.26438e-08 29
0.0286 9.35468e-08 29
0.0287 9.58775e-08 29
0.0288 9.82464e-08 29
0.0289 9.30121e-08 30
0.029 9.37317e-08 30
0.0291 9.58124e-08 30
0.0292 9.78974e-08 30
0.0293 9.98416e-08 30
0.0294 9.41707e-08 31
0.0295 9.45574e-08 31
0.0296 9.62301e-08 31
0.0297 9.78707e-08 31
0.0298 9.93354e-08 31
0.0299 9.32988e-08 32
0.03 9.32673e-08 32
0.0301 9.44255e-08 32
0.0302 9.55042e-08 32
0.0303 9.63991e-08 32
0.0304 9.71232e-08 32
0.0305 9.77214e-08 32
0.0306 9.8208e-08 32
0.0307 9.85841e-08 32
0.0308 9.88313e-08 32
0.0309 9.89555e-08 32
0.031 9.90998e-08 32
0.0311 9.91549e-08 32
0.0312 9.9057e-08 32
0.0313 9.88467e-08 32
0.0314 9.85387e-08 32
0.0315 9.81361e-08 32
0.0316 9.76307e-08 32
0.0317 9.70688e-08 32
0.0318 9.64028e-08 32
0.0319 9.56455e-08 32
0.032 9.48211e-08 32
0.0321 9.39301e-08 32
0.0322 9.29685e-08 32
0.0323 9.90594e-08 31
0.0324 9.91207e-08 31
0.0325 9.77121e-08 31
0.0326 9.62082e-08 31
0.0327 9.4756e-08 31
0.0328 9.33296e-08 31
0.0329 9.90608e-08 30
0.033 9.88009e-08 30
0.0331 9.70033e-08 30
0.0332 9.51056e-08 30
0.0333 9.32849e-08 30
0.0334 9.87206e-08 29
0.0335 9.82332e-08 29
0.0336 9.61576e-08 29
0.0337 9.39774e-08 29
0.0338 9.92054e-08 28
0.0339 9.85387e-08 28
0.034 9.62302e-08 28
0.0341 9.3814e-08 28
0.0342 9.8889e-08 27
0.0343 9.81014e-08 27
0.0344 9.5599e-08 27
0.0345 9.29642e-08 27
0.0346 9.78539e-08 26
0.0347 9.69469e-08 26
0.0348 9.42652e-08 26
0.0349 9.90111e-08 25
0.035 9.79026e-08 25
0.0351 9.49722e-08 25
0.0352 9.96462e-08 24
0.0353 9.84259e-08 24
0.0354 9.52994e-08 24
0.0355 9.99068e-08 23
0.0356 9.85523e-08 23
0.0357 9.52063e-08 23
0.0358 9.97228e-08 22
0.0359 9.81945e-08 22
0.036 9.46069e-08 22
0.0361 9.90216e-08 21
0.0362 9.72763e-08 21
0.0363 9.34217e-08 21
0.0364 9.7724e-08 20
0.0365 9.57086e-08 20
0.0366 9.15634e-08 20
0.0367 9.57406e-08 19
0.0368 9.33979e-08 19
0.0369 9.84091e-08 18
0.037 9.56573e-08 18
0.0371 9.05793e-08 18
0.0372 9.46101e-08 17
0.0373 9.14037e-08 17
0.0374 9.64961e-08 16
0.0375 9.33502e-08 16
0.0376 9.93482e-08 15
0.0377 9.55322e-08 15
0.0378 8.92209e-08 15
0.0379 9.45615e-08 14
0.038 9.03871e-08 14
0.0381 9.79506e-08 13
0.0382 9.34065e-08 13
0.0383 8.63871e-08 13
0.0384 9.25475e-08 12
0.0385 8.68863e-08 12
0.0386 9.56933e-08 11
0.0387 8.98143e-08 11
0.0388 8.21203e-08 11
0.0389 9.20477e-08 10
0.039 8.53479e-08 10
0.0391 7.79686e-08 10
0.0392 9.67294e-08 9
0.0393 7.57936e-08 10
0.0394 7.54256e-08 10
0.0395 7.54423e-08 10
0.0396 7.56204e-08 10
0.0397 7.60856e-08 10
0.0398 7.8451e-08 10
0.0399 8.08866e-08 10
0.04 8.33014e-08 10
0.0401 8.56151e-08 10
0.0402 8.77737e-08 10
0.0403 8.97584e-08 10
0.0404 9.15838e-08 10
0.0405 9.32824e-08 10
0.0406 9.50657e-08 10
0.0407 9.78201e-08 10
0.0408 8.11204e-08 11
0.0409 7.97722e-08 11
0.041 8.00451e-08 11
0.0411 8.0823e-08 11
0.0412 8.19746e-08 11
0.0413 8.32837e-08 11
0.0414 8.51643e-08 11
0.0415 8.70686e-08 11
0.0416 8.88899e-08 11
0.0417 9.0673e-08 11
0.0418 9.24513e-08 11
0.0419 9.42437e-08 11
0.042 9.60491e-08 11
0.0421 9.78612e-08 11
0.0422 9.96632e-08 11
0.0423 7.98503e-08 12
0.0424 7.93867e-08 12
0.0425 7.99956e-08 12
0.0426 8.13011e-08 12
0.0427 8.29159e-08 12
0.0428 8.44969e-08 12
0.0429 8.58706e-08 12
0.043 8.70162e-08 12
0.0431 8.79965e-08 12
0.0432 8.88696e-08 12
0.0433 8.9667e-08 12
0.0434 9.03743e-08 12
0.0435 9.09711e-08 12
0.0436 9.14349e-08 12
0.0437 9.17376e-08 12
0.0438 9.18754e-08 12
0.0439 9.18406e-08 12
0.044 9.16433e-08 12
0.0441 9.12686e-08 12
0.0442 9.07131e-08 12
0.0443 8.99667e-08 12
0.0444 8.90283e-08 12
0.0445 8.78833e-08 12
0.0446 8.65331e-08 12
0.0447 8.49813e-08 12
0.0448 8.32282e-08 12
0.0449 8.12651e-08 12
0.045 7.91115e-08 12
0.0451 9.82827e-08 11
0.0452 9.71375e-08 11
0.0453 9.46107e-08 11
0.0454 9.10963e-08 11
0.0455 8.69761e-08 11
0.0456 8.26052e-08 11
0.0457 7.8193e-08 11
0.0458 9.9904e-08 10
0.0459 9.6219e-08 10
0.046 9.14699e-08 10
0.0461 8.71244e-08 10
0.0462 8.56087e-08 10
0.0463 8.38416e-08 10
0.0464 8.19971e-08 10
0.0465 8.02093e-08 10
0.0466 9.64707e-08 9
0.0467 9.74527e-08 9
0.0468 7.93954e-08 10
0.0469 7.79306e-08 10
0.047 8.33698e-08 10
0.0471 8.95315e-08 10
0.0472 9.63052e-08 10
0.0473 8.347e-08 11
0.0474 8.71871e-08 11
0.0475 9.2245e-08 11
0.0476 9.84101e-08 11
0.0477 8.81607e-08 12
0.0478 9.10045e-08 12
0.0479 9.54204e-08 12
0.048 8.60851e-08 13
0.0481 8.81287e-08 13
0.0482 9.20994e-08 13
0.0483 9.71533e-08 13
0.0484 8.84297e-08 14
0.0485 8.96664e-08 14
0.0486 9.28665e-08 14
0.0487 9.71568e-08 14
0.0488 8.99937e-08 15
0.0489 9.12122e-08 15
0.049 9.41961e-08 15
0.0491 9.81026e-08 15
0.0492 9.10977e-08 16
0.0493 9.17368e-08 16
0.0494 9.42869e-08 16
0.0495 9.78634e-08 16
0.0496 9.11246e-08 17
0.0497 9.14529e-08 17
0.0498 9.37842e-08 17
0.0499 9.6967e-08 17
0.05 9.04395e-08 18
0.0501 9.05277e-08 18
0.0502 9.26469e-08 18
0.0503 9.55625e-08 18
0.0504 9.84596e-08 18
0.0505 9.21776e-08 19
0.0506 9.16618e-08 19
0.0507 9.34708e-08 19
0.0508 9.58443e-08 19
0.0509 9.82962e-08 19
0.051 9.17143e-08 20
0.0511 9.99757e-08 19
0.0512 9.51578e-08 20
0.0513 9.5127e-08 20
0.0514 9.66281e-08 20
0.0515 9.86531e-08 20
0.0516 9.2246e-08 21
0.0517 9.99755e-08 20
0.0518 9.5328e-08 21
0.0519 9.50447e-08 21
0.052 9.63336e-08 21
0.0521 9.79071e-08 21
0.0522 9.96072e-08 21
0.0523 9.30162e-08 22
0.0524 9.20035e-08 22
0.0525 9.30522e-08 22
0.0526 9.44697e-08 22
0.0527 9.60917e-08 22
0.0528 9.74155e-08 22
0.0529 9.83786e-08 22
0.053 9.92351e-08 22
0.0531 9.23029e-08 23
0.0532 9.85227e-08 22
0.0533 9.36836e-08 23
0.0534 9.2718e-08 23
0.0535 9.32223e-08 23
0.0536 9.40953e-08 23
0.0537 9.49112e-08 23
0.0538 9.55852e-08 23
0.0539 9.61507e-08 23
0.054 9.66555e-08 23
0.0541 9.7129e-08 23
0.0542 9.75813e-08 23
0.0543 9.80117e-08 23
0.0544 9.84166e-08 23
0.0545 9.87931e-08 23
0.0546 9.91394e-08 23
0.0547 9.94523e-08 23
0.0548 9.97344e-08 23
0.0549 9.26732e-08 24
0.055 9.80009e-08 23
0.0551 9.30362e-08 24
0.0552 9.88599e-08 23
0.0553 9.37201e-08 24
0.0554 9.93319e-08 23
0.0555 9.40251e-08 24
0.0556 9.95741e-08 23
0.0557 9.42343e-08 24
0.0558 9.9783e-08 23
0.0559 9.44249e-08 24
0.056 9.99682e-08 23
0.0561 9.45837e-08 24
0.0562 9.27924e-08 24
0.0563 9.99332e-08 23
0.0564 9.50012e-08 24
0.0565 9.32311e-08 24
0.0566 9.29747e-08 24
0.0567 9.32114e-08 24
0.0568 9.34533e-08 24
0.0569 9.35294e-08 24
0.057 9.3429e-08 24
0.0571 9.32467e-08 24
0.0572 9.30525e-08 24
0.0573 9.28718e-08 24
0.0574 9.27043e-08 24
0.0575 9.98599e-08 23
0.0576 9.44974e-08 24
0.0577 9.95642e-08 23
0.0578 9.37617e-08 24
0.0579 9.88864e-08 23
0.058 9.32359e-08 24
0.0581 9.84941e-08 23
0.0582 9.29374e-08 24
0.0583 9.80824e-08 23
0.0584 9.97902e-08 23
0.0585 9.98397e-08 23
0.0586 9.93588e-08 23
0.0587 9.88691e-08 23
0.0588 9.84916e-08 23
0.0589 9.81861e-08 23
0.059 9.7893e-08 23
0.0591 9.75833e-08 23
0.0592 9.72533e-08 23
0.0593 9.69084e-08 23
0.0594 9.65533e-08 23
0.0595 9.61895e-08 23
0.0596 9.58163e-08 23
0.0597 9.54238e-08 23
0.0598 9.48299e-08 23
0.0599 9.46251e-08 23
0.06 9.42512e-08 23
0.0601 9.3849e-08 23
0.0602 9.34369e-08 23
0.0603 9.30176e-08 23
0.0604 9.2595e-08 23
0.0605 9.97852e-08 22
0.0606 9.39584e-08 23
0.0607 9.9025e-08 22
0.0608 9.26748e-08 23
0.0609 9.77969e-08 22
0.061 9.93044e-08 22
0.0611 9.92481e-08 22
0.0612 9.85944e-08 22
0.0613 9.78477e-08 22
0.0614 9.71499e-08 22
0.0615 9.65103e-08 22
0.0616 9.58944e-08 22
0.0617 9.5277e-08 22
0.0618 9.46488e-08 22
0.0619 9.40088e-08 22
0.062 9.33584e-08 22
0.0621 9.2698e-08 22
0.0622 9.20259e-08 22
0.0623 9.94044e-08 21
0.0624 9.29233e-08 22
0.0625 9.80746e-08 21
0.0626 9.90165e-08 21
0.0627 9.84667e-08 21
0.0628 9.73817e-08 21
0.0629 9.62659e-08 21
0.063 9.52649e-08 21
0.0631 9.43462e-08 21
0.0632 9.34601e-08 21
0.0633 9.25712e-08 21
0.0634 9.16691e-08 21
0.0635 9.91537e-08 20
0.0636 9.22158e-08 21
0.0637 9.73944e-08 20
0.0638 9.8198e-08 20
0.0639 9.75336e-08 20
0.064 9.63307e-08 20
0.0641 9.51061e-08 20
0.0642 9.40232e-08 20
0.0643 9.30667e-08 20
0.0644 9.21748e-08 20
0.0645 9.13017e-08 20
0.0646 9.92425e-08 19
0.0647 9.20518e-08 20
0.0648 9.76456e-08 19
0.0649 9.85648e-08 19
0.065 9.80055e-08 19
0.0651 9.68712e-08 19
0.0652 9.57019e-08 19
0.0653 9.46829e-08 19
0.0654 9.38065e-08 19
0.0655 9.3008e-08 19
0.0656 9.23991e-08 19
0.0657 9.17886e-08 19
0.0658 9.12304e-08 19
0.0659 9.99265e-08 18
0.066 9.29443e-08 19
0.0661 9.91389e-08 18
0.0662 9.14194e-08 19
0.0663 9.75855e-08 18
0.0664 9.9415e-08 18
0.0665 9.95976e-08 18
0.0666 9.89772e-08 18
0.0667 9.8186e-08 18
0.0668 9.75278e-08 18
0.0669 9.70279e-08 18
0.067 9.66353e-08 18
0.0671 9.62817e-08 18
0.0672 9.59257e-08 18
0.0673 9.55623e-08 18
0.0674 9.52059e-08 18
0.0675 9.48708e-08 18
0.0676 9.45643e-08 18
0.0677 9.42614e-08 18
0.0678 9.39717e-08 18
0.0679 9.36978e-08 18
0.068 9.34421e-08 18
0.0681 9.32387e-08 18
0.0682 9.30212e-08 18
0.0683 9.28177e-08 18
0.0684 9.26344e-08 18
0.0685 9.2471e-08 18
0.0686 9.23274e-08 18
0.0687 9.22055e-08 18
0.0688 9.21015e-08 18
0.0689 9.19233e-08 18
0.069 9.17184e-08 18
0.0691 9.18937e-08 18
0.0692 9.18989e-08 18
0.0693 9.18869e-08 18
0.0694 9.1897e-08 18
0.0695 9.19301e-08 18
0.0696 9.19817e-08 18
0.0697 9.20458e-08 18
0.0698 9.21143e-08 18
0.0699 9.21926e-08 18
0.07 9.22836e-08 18
0.0701 9.23804e-08 18
0.0702 9.24866e-08 18
0.0703 9.26188e-08 18
0.0704 9.27929e-08 18
0.0705 9.3e-08 18
0.0706 9.32194e-08 18
0.0707 9.34415e-08 18
0.0708 9.36666e-08 18
0.0709 9.38951e-08 18
0.071 9.41265e-08 18
0.0711 9.43527e-08 18
0.0712 9.45809e-08 18
0.0713 9.48094e-08 18
0.0714 9.50463e-08 18
0.0715 9.52702e-08 18
0.0716 9.54679e-08 18
0.0717 9.56548e-08 18
0.0718 9.5887e-08 18
0.0719 9.62098e-08 18
0.072 9.65765e-08 18
0.0721 9.69055e-08 18
0.0722 9.72553e-08 18
0.0723 9.76003e-08 18
0.0724 9.7943e-08 18
0.0725 9.82841e-08 18
0.0726 9.86244e-08 18
0.0727 9.89658e-08 18
0.0728 9.93117e-08 18
0.0729 9.96629e-08 18
0.073 9.11105e-08 19
0.0731 9.73441e-08 18
0.0732 9.13554e-08 19
0.0733 9.86378e-08 18
0.0734 9.25996e-08 19
0.0735 9.96148e-08 18
0.0736 9.32648e-08 19
0.0737 9.12543e-08 19
0.0738 9.99513e-08 18
0.0739 9.4409e-08 19
0.074 9.25866e-08 19
0.0741 9.22329e-08 19
0.0742 9.2635e-08 19
0.0743 9.32377e-08 19
0.0744 9.37638e-08 19
0.0745 9.41511e-08 19
0.0746 9.44594e-08 19
0.0747 9.47474e-08 19
0.0748 9.50513e-08 19
0.0749 9.5377e-08 19
0.075 9.57127e-08 19
0.0751 9.60425e-08 19
0.0752 9.6364e-08 19
0.0753 9.66787e-08 19
0.0754 9.69885e-08 19
0.0755 9.72957e-08 19
0.0756 9.76367e-08 19
0.0757 9.80304e-08 19
0.0758 9.84215e-08 19
0.0759 9.88109e-08 19
0.076 9.91991e-08 19
0.0761 9.95932e-08 19
0.0762 9.99878e-08 19
0.0763 9.21841e-08 20
0.0764 9.78784e-08 19
0.0765 9.25947e-08 20
0.0766 9.92664e-08 19
0.0767 9.38096e-08 20
0.0768 9.19416e-08 20
0.0769 9.17652e-08 20
0.077 9.22898e-08 20
0.0771 9.29232e-08 20
0.0772 9.34275e-08 20
0.0773 9.3788e-08 20
0.0774 9.4074e-08 20
0.0775 9.4361e-08 20
0.0776 9.46691e-08 20
0.0777 9.49919e-08 20
0.0778 9.53188e-08 20
0.0779 9.56391e-08 20
0.078 9.59496e-08 20
0.0781 9.62481e-08 20
0.0782 9.65384e-08 20
0.0783 9.68251e-08 20
0.0784 9.71095e-08 20
0.0785 9.73915e-08 20
0.0786 9.7671e-08 20
0.0787 9.79647e-08 20
0.0788 9.82633e-08 20
0.0789 9.85594e-08 20
0.079 9.88509e-08 20
0.0791 9.91348e-08 20
0.0792 9.94087e-08 20
0.0793 9.96728e-08 20
0.0794 9.99279e-08 20
0.0795 9.21636e-08 21
0.0796 9.76643e-08 20
0.0797 9.2381e-08 21
0.0798 9.87012e-08 20
0.0799 9.32846e-08 21
0.08 9.93164e-08 20
0.0801 9.36516e-08 21
0.0802 9.96326e-08 20
0.0803 9.39709e-08 21
0.0804 9.19945e-08 21
0.0805 9.97763e-08 20
0.0806 9.47704e-08 21
0.0807 9.2821e-08 21
0.0808 9.24108e-08 21
0.0809 9.26724e-08 21
0.081 9.30603e-08 21
0.0811 9.33494e-08 21
0.0812 9.35148e-08 21
0.0813 9.36123e-08 21
0.0814 9.36971e-08 21
0.0815 9.37942e-08 21
0.0816 9.39031e-08 21
0.0817 9.4013e-08 21
0.0818 9.41161e-08 21
0.0819 9.42089e-08 21
0.082 9.42918e-08 21
0.0821 9.43677e-08 21
0.0822 9.44382e-08 21
0.0823 9.45035e-08 21
0.0824 9.45636e-08 21
0.0825 9.46181e-08 21
0.0826 9.46667e-08 21
0.0827 9.47095e-08 21
0.0828 9.47465e-08 21
0.0829 9.47763e-08 21
0.083 9.48022e-08 21
0.0831 9.48219e-08 21
0.0832 9.48358e-08 21
0.0833 9.48411e-08 21
0.0834 9.48298e-08 21
0.0835 9.48485e-08 21
0.0836 9.48406e-08 21
0.0837 9.48266e-08 21
0.0838 9.48073e-08 21
0.0839 9.47825e-08 21
0.084 9.47526e-08 21
0.0841 9.47179e-08 21
0.0842 9.46782e-08 21
0.0843 9.46338e-08 21
0.0844 9.45847e-08 21
0.0845 9.45311e-08 21
0.0846 9.44732e-08 21
0.0847 9.44109e-08 21
0.0848 9.43443e-08 21
0.0849 9.42735e-08 21
0.085 9.41986e-08 21
0.0851 9.41197e-08 21
0.0852 9.4037e-08 21
0.0853 9.3951e-08 21
0.0854 9.38609e-08 21
0.0855 9.37672e-08 21
0.0856 9.36699e-08 21
0.0857 9.35763e-08 21
0.0858 9.34773e-08 21
0.0859 9.33688e-08 21
0.086 9.3257e-08 21
0.0861 9.31436e-08 21
0.0862 9.30399e-08 21
0.0863 9.29202e-08 21
0.0864 9.2799e-08 21
0.0865 9.26762e-08 21
0.0866 9.25508e-08 21
0.0867 9.24228e-08 21
0.0868 9.22924e-08 21
0.0869 9.21601e-08 21
0.087 9.20263e-08 21
0.0871 9.18909e-08 21
0.0872 9.98525e-08 20
0.0873 9.4185e-08 21
0.0874 9.97268e-08 20
0.0875 9.33471e-08 21
0.0876 9.8946e-08 20
0.0877 9.28958e-08 21
0.0878 9.8684e-08 20
0.0879 9.27011e-08 21
0.088 9.84399e-08 20
0.0881 9.24191e-08 21
0.0882 9.81099e-08 20
0.0883 9.21022e-08 21
0.0884 9.77842e-08 20
0.0885 9.98835e-08 20
0.0886 9.21208e-08 21
0.0887 9.70638e-08 20
0.0888 9.90754e-08 20
0.0889 9.95756e-08 20
0.089 9.93327e-08 20
0.0891 9.89122e-08 20
0.0892 9.85783e-08 20
0.0893 9.83766e-08 20
0.0894 9.82538e-08 20
0.0895 9.81436e-08 20
0.0896 9.80178e-08 20
0.0897 9.7871e-08 20
0.0898 9.77141e-08 20
0.0899 9.75579e-08 20
0.09 9.74074e-08 20
0.0901 9.72617e-08 20
0.0902 9.71206e-08 20
0.0903 9.69807e-08 20
0.0904 9.68417e-08 20
0.0905 9.67034e-08 20
0.0906 9.65671e-08 20
0.0907 9.64322e-08 20
0.0908 9.62991e-08 20
0.0909 9.61352e-08 20
0.091 9.60637e-08 20
0.0911 9.59441e-08 20
0.0912 9.58045e-08 20
0.0913 9.56667e-08 20
0.0914 9.55381e-08 20
0.0915 9.5417e-08 20
0.0916 9.52995e-08 20
0.0917 9.51832e-08 20
0.0918 9.50674e-08 20
0.0919 9.49525e-08 20
0.092 9.4839e-08 20
0.0921 9.47273e-08 20
0.0922 9.46172e-08 20
0.0923 9.45088e-08 20
0.0924 9.4402e-08 20
0.0925 9.42965e-08 20
0.0926 9.41925e-08 20
0.0927 9.40899e-08 20
0.0928 9.39886e-08 20
0.0929 9.38885e-08 20
0.093 9.37897e-08 20
0.0931 9.3692e-08 20
0.0932 9.35954e-08 20
0.0933 9.34998e-08 20
0.0934 9.3405e-08 20
0.0935 9.33109e-08 20
0.0936 9.32174e-08 20
0.0937 9.31244e-08 20
0.0938 9.30315e-08 20
0.0939 9.29388e-08 20
0.094 9.28458e-08 20
0.0941 9.27523e-08 20
0.0942 9.2658e-08 20
0.0943 9.25627e-08 20
0.0944 9.2466e-08 20
0.0945 9.23677e-08 20
0.0946 9.22676e-08 20
0.0947 9.21657e-08 20
0.0948 9.20622e-08 20
0.0949 9.19574e-08 20
0.095 9.18521e-08 20
0.0951 9.1787e-08 20
0.0952 9.17618e-08 20
0.0953 9.17483e-08 20
0.0954 9.17348e-08 20
0.0955 9.17158e-08 20
0.0956 9.16927e-08 20
0.0957 9.16652e-08 20
0.0958 9.16358e-08 20
0.0959 9.1605e-08 20
0.096 9.15727e-08 20
0.0961 9.15389e-08 20
0.0962 9.15037e-08 20
0.0963 9.14675e-08 20
0.0964 9.14305e-08 20
0.0965 9.1393e-08 20
0.0966 9.99788e-08 19
0.0967 9.40468e-08 20
0.0968 9.15043e-08 20
0.0969 9.93175e-08 19
0.097 9.34241e-08 20
0.0971 9.98077e-08 19
0.0972 9.33319e-08 20
0.0973 9.95009e-08 19
0.0974 9.31069e-08 20
0.0975 9.93595e-08 19
0.0976 9.30554e-08 20
0.0977 9.93078e-08 19
0.0978 9.30161e-08 20
0.0979 9.92286e-08 19
0.098 9.29524e-08 20
0.0981 9.91398e-08 19
0.0982 9.28951e-08 20
0.0983 9.90535e-08 19
0.0984 9.28473e-08 20
0.0985 9.89896e-08 19
0.0986 9.28074e-08 20
0.0987 9.8926e-08 19
0.0988 9.27735e-08 20
0.0989 9.88887e-08 19
0.099 9.28066e-08 20
0.0991 9.89526e-08 19
0.0992 9.28288e-08 20
0.0993 9.8979e-08 19
0.0994 9.28488e-08 20
0.0995 9.90218e-08 19
0.0996 9.28915e-08 20
0.0997 9.90807e-08 19
0.0998 9.29409e-08 20
0.0999 9.92734e-08 19
0.1 9.29869e-08 20
0.1001 9.9703e-08 19
0.1002 9.32886e-08 20
0.1003 9.1377e-08 20
0.1004 9.98767e-08 19
0.1005 9.39574e-08 20
0.1006 9.2099e-08 20
0.1007 9.17685e-08 20
0.1008 9.19996e-08 20
0.1009 9.23258e-08 20
0.101 9.2593e-08 20
0.1011 9.27865e-08 20
0.1012 9.29328e-08 20
0.1013 9.30584e-08 20
0.1014 9.3179e-08 20
0.1015 9.33015e-08 20
0.1016 9.34269e-08 20
0.1017 9.35535e-08 20
0.1018 9.36794e-08 20
0.1019 9.38026e-08 20
0.102 9.39237e-08 20
0.1021 9.40428e-08 20
0.1022 9.41589e-08 20
0.1023 9.42729e-08 20
0.1024 9.43849e-08 20
0.1025 9.44952e-08 20
0.1026 9.46143e-08 20
0.1027 9.47359e-08 20
0.1028 9.4853e-08 20
0.1029 9.49668e-08 20
0.103 9.50788e-08 20
0.1031 9.51897e-08 20
0.1032 9.53004e-08 20
0.1033 9.54097e-08 20
0.1034 9.55172e-08 20
0.1035 9.5623e-08 20
0.1036 9.57209e-08 20
0.1037 9.58237e-08 20
0.1038 9.59245e-08 20
0.1039 9.60237e-08 20
0.104 9.61212e-08 20
0.1041 9.6217e-08 20
0.1042 9.63113e-08 20
0.1043 9.6404e-08 20
0.1044 9.64952e-08 20
0.1045 9.65844e-08 20
0.1046 9.667e-08 20
0.1047 9.6755e-08 20
0.1048 9.68391e-08 20
0.1049 9.69267e-08 20
0.105 9.70144e-08 20
0.1051 9.71019e-08 20
0.1052 9.71867e-08 20
0.1053 9.72694e-08 20
0.1054 9.73502e-08 20
0.1055 9.74292e-08 20
0.1056 9.75068e-08 20
0.1057 9.75828e-08 20
0.1058 9.76572e-08 20
0.1059 9.77302e-08 20
0.106 9.78016e-08 20
0.1061 9.78714e-08 20
0.1062 9.79393e-08 20
0.1063 9.80059e-08 20
0.1064 9.80709e-08 20
0.1065 9.81343e-08 20
0.1066 9.81961e-08 20
0.1067 9.82563e-08 20
0.1068 9.83147e-08 20
0.1069 9.83715e-08 20
0.107 9.84265e-08 20
0.1071 9.84798e-08 20
0.1072 9.85314e-08 20
0.1073 9.85812e-08 20
0.1074 9.86291e-08 20
0.1075 9.86753e-08 20
0.1076 9.87207e-08 20
0.1077 9.87636e-08 20
0.1078 9.88052e-08 20
0.1079 9.88453e-08 20
0.108 9.88841e-08 20
0.1081 9.8921e-08 20
0.1082 9.89572e-08 20
0.1083 9.89924e-08 20
0.1084 9.90543e-08 20
0.1085 9.91069e-08 20
0.1086 9.91513e-08 20
0.1087 9.91949e-08 20
0.1088 9.92401e-08 20
0.1089 9.92874e-08 20
0.109 9.93321e-08 20
0.1091 9.93789e-08 20
0.1092 9.94231e-08 20
0.1093 9.9465e-08 20
0.1094 9.95049e-08 20
0.1095 9.95434e-08 20
0.1096 9.95806e-08 20
0.1097 9.96164e-08 20
0.1098 9.96524e-08 20
0.1099 9.96864e-08 20
0.11 9.97187e-08 20
0.1101 9.97496e-08 20
0.1102 9.97795e-08 20
0.1103 9.98084e-08 20
0.1104 9.98363e-08 20
0.1105 9.98616e-08 20
0.1106 9.9887e-08 20
0.1107 9.9912e-08 20
0.1108 9.99364e-08 20
0.1109 9.99597e-08 20
0.111 9.99874e-08 20
0.1111 9.16222e-08 21
0.1112 9.75209e-08 20
0.1113 9.9786e-08 20
0.1114 9.20507e-08 21
0.1115 9.79421e-08 20
0.1116 9.16452e-08 21
0.1117 9.80526e-08 20
0.1118 9.18317e-08 21
0.1119 9.81857e-08 20
0.112 9.18985e-08 21
0.1121 9.82127e-08 20
0.1122 9.19136e-08 21
0.1123 9.82243e-08 20
0.1124 9.19314e-08 21
0.1125 9.82446e-08 20
0.1126 9.19562e-08 21
0.1127 9.82687e-08 20
0.1128 9.19794e-08 21
0.1129 9.82905e-08 20
0.113 9.20002e-08 21
0.1131 9.83094e-08 20
0.1132 9.20184e-08 21
0.1133 9.83258e-08 20
0.1134 9.20344e-08 21
0.1135 9.83397e-08 20
0.1136 9.20484e-08 21
0.1137 9.83514e-08 20
0.1138 9.20605e-08 21
0.1139 9.8361e-08 20
0.114 9.20705e-08 21
0.1141 9.83684e-08 20
0.1142 9.20787e-08 21
0.1143 9.83738e-08 20
0.1144 9.20852e-08 21
0.1145 9.83773e-08 20
0.1146 9.209e-08 21
0.1147 9.83792e-08 20
0.1148 9.20935e-08 21
0.1149 9.83793e-08 20
0.115 9.20954e-08 21
0.1151 9.83779e-08 20
0.1152 9.20961e-08 21
0.1153 9.83751e-08 20
0.1154 9.20956e-08 21
0.1155 9.83711e-08 20
0.1156 9.2094e-08 21
0.1157 9.83659e-08 20
0.1158 9.20913e-08 21
0.1159 9.83594e-08 20
0.116 9.20879e-08 21
0.1161 9.83519e-08 20
0.1162 9.20832e-08 21
0.1163 9.83431e-08 20
0.1164 9.20778e-08 21
0.1165 9.83338e-08 20
0.1166 9.2072e-08 21
0.1167 9.83239e-08 20
0.1168 9.20658e-08 21
0.1169 9.83136e-08 20
0.117 9.20593e-08 21
0.1171 9.83031e-08 20
0.1172 9.20527e-08 21
0.1173 9.82923e-08 20
0.1174 9.20459e-08 21
0.1175 9.82813e-08 20
0.1176 9.20391e-08 21
0.1177 9.827e-08 20
0.1178 9.2032e-08 21
0.1179 9.82588e-08 20
0.118 9.20253e-08 21
0.1181 9.82477e-08 20
0.1182 9.20186e-08 21
0.1183 9.82364e-08 20
0.1184 9.20119e-08 21
0.1185 9.82251e-08 20
0.1186 9.20051e-08 21
0.1187 9.8214e-08 20
0.1188 9.19987e-08 21
0.1189 9.82021e-08 20
0.119 9.19916e-08 21
0.1191 9.81898e-08 20
0.1192 9.19841e-08 21
0.1193 9.81768e-08 20
0.1194 9.19763e-08 21
0.1195 9.81633e-08 20
0.1196 9.19678e-08 21
0.1197 9.81488e-08 20
0.1198 9.19586e-08 21
0.1199 9.81335e-08 20
0.12 9.19486e-08 21
0.1201 9.81168e-08 20
0.1202 9.19359e-08 21
0.1203 9.80965e-08 20
0.1204 9.19207e-08 21
0.1205 9.80768e-08 20
0.1206 9.19074e-08 21
0.1207 9.80584e-08 20
0.1208 9.18942e-08 21
0.1209 9.80495e-08 20
0.121 9.18924e-08 21
0.1211 9.80674e-08 20
0.1212 9.19408e-08 21
0.1213 9.81347e-08 20
0.1214 9.20081e-08 21
0.1215 9.82079e-08 20
0.1216 9.2072e-08 21
0.1217 9.82758e-08 20
0.1218 9.21329e-08 21
0.1219 9.83428e-08 20
0.122 9.21932e-08 21
0.1221 9.84072e-08 20
0.1222 9.22508e-08 21
0.1223 9.84693e-08 20
0.1224 9.23069e-08 21
0.1225 9.85298e-08 20
0.1226 9.23619e-08 21
0.1227 9.85889e-08 20
0.1228 9.24156e-08 21
0.1229 9.86465e-08 20
0.123 9.24681e-08 21
0.1231 9.87026e-08 20
0.1232 9.25197e-08 21
0.1233 9.87577e-08 20
0.1234 9.25705e-08 21
0.1235 9.88119e-08 20
0.1236 9.26207e-08 21
0.1237 9.88654e-08 20
0.1238 9.26705e-08 21
0.1239 9.89183e-08 20
0.124 9.272e-08 21
0.1241 9.89709e-08 20
0.1242 9.27694e-08 21
0.1243 9.90233e-08 20
0.1244 9.28187e-08 21
0.1245 9.90755e-08 20
0.1246 9.2868e-08 21
0.1247 9.91276e-08 20
0.1248 9.29174e-08 21
0.1249 9.91798e-08 20
0.125 9.29669e-08 21
0.1251 9.9232e-08 20
0.1252 9.30165e-08 21
0.1253 9.92843e-08 20
0.1254 9.30665e-08 21
0.1255 9.93368e-08 20
0.1256 9.31164e-08 21
0.1257 9.93893e-08 20
0.1258 9.31665e-08 21
0.1259 9.94418e-08 20
0.126 9.32167e-08 21
0.1261 9.94943e-08 20
0.1262 9.32671e-08 21
0.1263 9.9547e-08 20
0.1264 9.33175e-08 21
0.1265 9.95997e-08 20
0.1266 9.33681e-08 21
0.1267 9.96525e-08 20
0.1268 9.34187e-08 21
0.1269 9.97054e-08 20
0.127 9.34695e-08 21
0.1271 9.97581e-08 20
0.1272 9.35203e-08 21
0.1273 9.98109e-08 20
0.1274 9.35712e-08 21
0.1275 9.98637e-08 20
0.1276 9.3622e-08 21
0.1277 9.99164e-08 20
0.1278 9.36729e-08 21
0.1279 9.99691e-08 20
0.128 9.37237e-08 21
0.1281 9.17446e-08 21
0.1282 9.96319e-08 20
0.1283 9.39569e-08 21
0.1284 9.20401e-08 21
0.1285 9.98525e-08 20
0.1286 9.40811e-08 21
0.1287 9.21113e-08 21
0.1288 9.99089e-08 20
0.1289 9.41391e-08 21
0.129 9.21759e-08 21
0.1291 9.99834e-08 20
0.1292 9.42155e-08 21
0.1293 9.22517e-08 21
0.1294 9.17885e-08 21
0.1295 9.18966e-08 21
0.1296 9.21041e-08 21
0.1297 9.22514e-08 21
0.1298 9.23239e-08 21
0.1299 9.23513e-08 21
0.13 9.2362e-08 21
0.1301 9.2372e-08 21
0.1302 9.23874e-08 21
0.1303 9.24081e-08 21
0.1304 9.24321e-08 21
0.1305 9.24572e-08 21
0.1306 9.24821e-08 21
0.1307 9.25065e-08 21
0.1308 9.25302e-08 21
0.1309 9.25536e-08 21
0.131 9.25766e-08 21
0.1311 9.25996e-08 21
0.1312 9.26226e-08 21
0.1313 9.26455e-08 21
0.1314 9.26684e-08 21
0.1315 9.26912e-08 21
0.1316 9.27139e-08 21
0.1317 9.27364e-08 21
0.1318 9.27588e-08 21
0.1319 9.27811e-08 21
0.132 9.28032e-08 21
0.1321 9.28252e-08 21
0.1322 9.28472e-08 21
0.1323 9.28689e-08 21
0.1324 9.28906e-08 21
0.1325 9.29121e-08 21
0.1326 9.29335e-08 21
0.1327 9.29547e-08 21
0.1328 9.29758e-08 21
0.1329 9.29967e-08 21
0.133 9.30175e-08 21
0.1331 9.30382e-08 21
0.1332 9.30633e-08 21
0.1333 9.30882e-08 21
0.1334 9.31129e-08 21
0.1335 9.31381e-08 21
0.1336 9.31625e-08 21
0.1337 9.31867e-08 21
0.1338 9.32096e-08 21
0.1339 9.32323e-08 21
0.134 9.32548e-08 21
0.1341 9.32771e-08 21
0.1342 9.32992e-08 21
0.1343 9.33212e-08 21
0.1344 9.33429e-08 21
0.1345 9.33644e-08 21
0.1346 9.33858e-08 21
0.1347 9.34069e-08 21
0.1348 9.34277e-08 21
0.1349 9.34484e-08 21
0.135 9.34689e-08 21
0.1351 9.34892e-08 21
0.1352 9.35093e-08 21
0.1353 9.35292e-08 21
0.1354 9.35489e-08 21
0.1355 9.35683e-08 21
0.1356 9.35876e-08 21
0.1357 9.36067e-08 21
0.1358 9.36255e-08 21
0.1359 9.36442e-08 21
0.136 9.36626e-08 21
0.1361 9.36808e-08 21
0.1362 9.36988e-08 21
0.1363 9.37167e-08 21
0.1364 9.37343e-08 21
0.1365 9.37517e-08 21
0.1366 9.37689e-08 21
0.1367 9.37859e-08 21
0.1368 9.38027e-08 21
0.1369 9.38193e-08 21
0.137 9.38356e-08 21
0.1371 9.38518e-08 21
0.1372 9.38677e-08 21
0.1373 9.38836e-08 21
0.1374 9.38992e-08 21
0.1375 9.39146e-08 21
0.1376 9.39299e-08 21
0.1377 9.39449e-08 21
0.1378 9.39598e-08 21
0.1379 9.39745e-08 21
0.138 9.3989e-08 21
0.1381 9.40034e-08 21
0.1382 9.40175e-08 21
0.1383 9.40315e-08 21
0.1384 9.40454e-08 21
0.1385 9.4059e-08 21
0.1386 9.40726e-08 21
0.1387 9.40881e-08 21
0.1388 9.41018e-08 21
0.1389 9.41151e-08 21
0.139 9.4128e-08 21
0.1391 9.41406e-08 21
0.1392 9.41531e-08 21
0.1393 9.41656e-08 21
0.1394 9.41779e-08 21
0.1395 9.41902e-08 21
0.1396 9.42023e-08 21
0.1397 9.42143e-08 21
0.1398 9.42262e-08 21
0.1399 9.42379e-08 21
0.14 9.42495e-08 21
0.1401 9.4261e-08 21
0.1402 9.42724e-08 21
0.1403 9.42837e-08 21
0.1404 9.42949e-08 21
0.1405 9.4306e-08 21
0.1406 9.43077e-08 21
0.1407 9.43191e-08 21
0.1408 9.433e-08 21
0.1409 9.43408e-08 21
0.141 9.43514e-08 21
0.1411 9.4362e-08 21
0.1412 9.43725e-08 21
0.1413 9.4383e-08 21
0.1414 9.43935e-08 21
0.1415 9.44038e-08 21
0.1416 9.44235e-08 21
0.1417 9.44333e-08 21
0.1418 9.44434e-08 21
0.1419 9.44536e-08 21
0.142 9.44638e-08 21
0.1421 9.44739e-08 21
0.1422 9.4484e-08 21
0.1423 9.4494e-08 21
0.1424 9.45039e-08 21
0.1425 9.45139e-08 21
0.1426 9.45238e-08 21
0.1427 9.45337e-08 21
0.1428 9.45436e-08 21
0.1429 9.45535e-08 21
0.143 9.45614e-08 21
0.1431 9.45709e-08 21
0.1432 9.45806e-08 21
0.1433 9.45905e-08 21
0.1434 9.46004e-08 21
0.1435 9.46102e-08 21
0.1436 9.46201e-08 21
0.1437 9.46299e-08 21
0.1438 9.46396e-08 21
0.1439 9.46494e-08 21
0.144 9.46593e-08 21
0.1441 9.46691e-08 21
0.1442 9.46789e-08 21
0.1443 9.46895e-08 21
0.1444 9.47026e-08 21
0.1445 9.47161e-08 21
0.1446 9.47298e-08 21
0.1447 9.47433e-08 21
0.1448 9.47568e-08 21
0.1449 9.47702e-08 21
0.145 9.47836e-08 21
0.1451 9.4797e-08 21
0.1452 9.48104e-08 21
0.1453 9.48238e-08 21
0.1454 9.48373e-08 21
0.1455 9.48448e-08 21
0.1456 9.48475e-08 21
0.1457 9.48579e-08 21
0.1458 9.48725e-08 21
0.1459 9.48879e-08 21
0.146 9.49026e-08 21
0.1461 9.49167e-08 21
0.1462 9.49302e-08 21
0.1463 9.49436e-08 21
0.1464 9.49579e-08 21
0.1465 9.49717e-08 21
0.1466 9.49854e-08 21
0.1467 9.49991e-08 21
0.1468 9.50127e-08 21
0.1469 9.50264e-08 21
0.147 9.50401e-08 21
0.1471 9.50539e-08 21
0.1472 9.50677e-08 21
0.1473 9.50814e-08 21
0.1474 9.50952e-08 21
0.1475 9.51091e-08 21
0.1476 9.51229e-08 21
0.1477 9.51368e-08 21
0.1478 9.51507e-08 21
0.1479 9.51646e-08 21
0.148 9.51785e-08 21
0.1481 9.51924e-08 21
0.1482 9.52063e-08 21
0.1483 9.52202e-08 21
0.1484 9.52342e-08 21
0.1485 9.52482e-08 21
0.1486 9.52622e-08 21
0.1487 9.52762e-08 21
0.1488 9.52901e-08 21
0.1489 9.53035e-08 21
0.149 9.53168e-08 21
0.1491 9.53301e-08 21
0.1492 9.53435e-08 21
0.1493 9.53569e-08 21
0.1494 9.53703e-08 21
0.1495 9.53839e-08 21
0.1496 9.53974e-08 21
0.1497 9.54109e-08 21
0.1498 9.54245e-08 21
0.1499 9.54381e-08 21
0.15 9.54517e-08 21
0.1501 9.54654e-08 21
0.1502 9.54791e-08 21
0.1503 9.54928e-08 21
0.1504 9.55065e-08 21
0.1505 9.55203e-08 21
0.1506 9.5534e-08 21
0.1507 9.55478e-08 21
0.1508 9.55617e-08 21
0.1509 9.55756e-08 21
0.151 9.55894e-08 21
0.1511 9.56033e-08 21
0.1512 9.56173e-08 21
0.1513 9.56312e-08 21
0.1514 9.56452e-08 21
0.1515 9.56592e-08 21
0.1516 9.56732e-08 21
0.1517 9.56873e-08 21
0.1518 9.57014e-08 21
0.1519 9.57154e-08 21
0.152 9.57295e-08 21
0.1521 9.57436e-08 21
0.1522 9.57577e-08 21
0.1523 9.57718e-08 21
0.1524 9.57859e-08 21
0.1525 9.58001e-08 21
0.1526 9.58142e-08 21
0.1527 9.58284e-08 21
0.1528 9.58425e-08 21
0.1529 9.58567e-08 21
0.153 9.58709e-08 21
0.1531 9.58851e-08 21
0.1532 9.58992e-08 21
0.1533 9.59134e-08 21
0.1534 9.59276e-08 21
0.1535 9.59418e-08 21
0.1536 9.5956e-08 21
0.1537 9.59702e-08 21
0.1538 9.59843e-08 21
0.1539 9.59985e-08 21
0.154 9.60127e-08 21
0.1541 9.60269e-08 21
0.1542 9.6041e-08 21
0.1543 9.60529e-08 21
0.1544 9.6074e-08 21
0.1545 9.60966e-08 21
0.1546 9.61125e-08 21
0.1547 9.61255e-08 21
0.1548 9.61381e-08 21
0.1549 9.61511e-08 21
0.155 9.61648e-08 21
0.1551 9.61789e-08 21
0.1552 9.61887e-08 21
0.1553 9.62042e-08 21
0.1554 9.62181e-08 21
0.1555 9.62317e-08 21
0.1556 9.62454e-08 21
0.1557 9.62592e-08 21
0.1558 9.62731e-08 21
0.1559 9.6287e-08 21
0.156 9.63007e-08 21
0.1561 9.63144e-08 21
0.1562 9.63281e-08 21
0.1563 9.63418e-08 21
0.1564 9.63554e-08 21
0.1565 9.6369e-08 21
0.1566 9.63825e-08 21
0.1567 9.63961e-08 21
0.1568 9.64095e-08 21
0.1569 9.6423e-08 21
0.157 9.64363e-08 21
0.1571 9.64497e-08 21
0.1572 9.6463e-08 21
0.1573 9.64763e-08 21
0.1574 9.64895e-08 21
0.1575 9.65027e-08 21
0.1576 9.65158e-08 21
0.1577 9.65289e-08 21
0.1578 9.65419e-08 21
0.1579 9.65549e-08 21
0.158 9.65678e-08 21
0.1581 9.65807e-08 21
0.1582 9.65936e-08 21
0.1583 9.66064e-08 21
0.1584 9.66191e-08 21
0.1585 9.66318e-08 21
0.1586 9.66445e-08 21
0.1587 9.66571e-08 21
0.1588 9.66696e-08 21
0.1589 9.66821e-08 21
0.159 9.66941e-08 21
0.1591 9.67069e-08 21
0.1592 9.67193e-08 21
0.1593 9.67316e-08 21
0.1594 9.67438e-08 21
0.1595 9.67559e-08 21
0.1596 9.67679e-08 21
0.1597 9.67799e-08 21
0.1598 9.67922e-08 21
0.1599 9.6804e-08 21
0.16 9.68151e-08 21
0.1601 9.68262e-08 21
0.1602 9.68372e-08 21
0.1603 9.68482e-08 21
0.1604 9.68591e-08 21
0.1605 9.68699e-08 21
0.1606 9.68806e-08 21
0.1607 9.68913e-08 21
0.1608 9.69019e-08 21
0.1609 9.69124e-08 21
0.161 9.69223e-08 21
0.1611 9.69327e-08 21
0.1612 9.6943e-08 21
0.1613 9.69533e-08 21
0.1614 9.69634e-08 21
0.1615 9.69735e-08 21
0.1616 9.69834e-08 21
0.1617 9.69933e-08 21
0.1618 9.70031e-08 21
0.1619 9.70129e-08 21
0.162 9.70226e-08 21
0.1621 9.70322e-08 21
0.1622 9.70417e-08 21
0.1623 9.70511e-08 21
0.1624 9.70605e-08 21
0.1625 9.70699e-08 21
0.1626 9.70791e-08 21
0.1627 9.70882e-08 21
0.1628 9.70972e-08 21
0.1629 9.71062e-08 21
0.163 9.71151e-08 21
0.1631 9.71239e-08 21
0.1632 9.71332e-08 21
0.1633 9.71419e-08 21
0.1634 9.71499e-08 21
0.1635 9.71583e-08 21
0.1636 9.71666e-08 21
0.1637 9.71748e-08 21
0.1638 9.71831e-08 21
0.1639 9.71912e-08 21
0.164 9.71993e-08 21
0.1641 9.72073e-08 21
0.1642 9.72152e-08 21
0.1643 9.7223e-08 21
0.1644 9.72307e-08 21
0.1645 9.72384e-08 21
0.1646 9.7246e-08 21
0.1647 9.72535e-08 21
0.1648 9.72609e-08 21
0.1649 9.72683e-08 21
0.165 9.72756e-08 21
0.1651 9.72828e-08 21
0.1652 9.72899e-08 21
0.1653 9.7297e-08 21
0.1654 9.73041e-08 21
0.1655 9.73107e-08 21
0.1656 9.73179e-08 21
0.1657 9.73248e-08 21
0.1658 9.73316e-08 21
0.1659 9.73384e-08 21
0.166 9.73452e-08 21
0.1661 9.7352e-08 21
0.1662 9.73584e-08 21
0.1663 9.73652e-08 21
0.1664 9.7372e-08 21
0.1665 9.73787e-08 21
0.1666 9.73854e-08 21
0.1667 9.73922e-08 21
0.1668 9.7399e-08 21
0.1669 9.74059e-08 21
0.167 9.74129e-08 21
0.1671 9.74199e-08 21
0.1672 9.7427e-08 21
0.1673 9.74341e-08 21
0.1674 9.74414e-08 21
0.1675 9.74487e-08 21
0.1676 9.74554e-08 21
0.1677 9.74629e-08 21
0.1678 9.74718e-08 21
0.1679 9.74792e-08 21
0.168 9.74718e-08 21
0.1681 9.75422e-08 21
0.1682 9.75559e-08 21
0.1683 9.75527e-08 21
0.1684 9.75243e-08 21
0.1685 9.74857e-08 21
0.1686 9.75568e-08 21
0.1687 9.75701e-08 21
0.1688 9.75666e-08 21
0.1689 9.75655e-08 21
0.169 9.75705e-08 21
0.1691 9.75796e-08 21
0.1692 9.75901e-08 21
0.1693 9.76006e-08 21
0.1694 9.76106e-08 21
0.1695 9.76202e-08 21
0.1696 9.76296e-08 21
0.1697 9.76391e-08 21
0.1698 9.76486e-08 21
0.1699 9.76582e-08 21
0.17 9.76678e-08 21
0.1701 9.76775e-08 21
0.1702 9.76873e-08 21
0.1703 9.76969e-08 21
0.1704 9.77066e-08 21
0.1705 9.77163e-08 21
0.1706 9.77259e-08 21
0.1707 9.77355e-08 21
0.1708 9.77451e-08 21
0.1709 9.77546e-08 21
0.171 9.77642e-08 21
0.1711 9.77736e-08 21
0.1712 9.77831e-08 21
0.1713 9.77925e-08 21
0.1714 9.78018e-08 21
0.1715 9.78111e-08 21
0.1716 9.78203e-08 21
0.1717 9.78295e-08 21
0.1718 9.78387e-08 21
0.1719 9.78478e-08 21
0.172 9.78569e-08 21
0.1721 9.78659e-08 21
0.1722 9.78748e-08 21
0.1723 9.78836e-08 21
0.1724 9.78925e-08 21
0.1725 9.79013e-08 21
0.1726 9.791e-08 21
0.1727 9.79187e-08 21
0.1728 9.79273e-08 21
0.1729 9.79359e-08 21
0.173 9.79445e-08 21
0.1731 9.7953e-08 21
0.1732 9.79614e-08 21
0.1733 9.79698e-08 21
0.1734 9.79782e-08 21
0.1735 9.79865e-08 21
0.1736 9.79948e-08 21
0.1737 9.80031e-08 21
0.1738 9.80113e-08 21
0.1739 9.80195e-08 21
0.174 9.80277e-08 21
0.1741 9.80358e-08 21
0.1742 9.80439e-08 21
0.1743 9.8051e-08 21
0.1744 9.80575e-08 21
0.1745 9.80639e-08 21
0.1746 9.80704e-08 21
0.1747 9.80769e-08 21
0.1748 9.80834e-08 21
0.1749 9.80899e-08 21
0.175 9.80964e-08 21
0.1751 9.8103e-08 21
0.1752 9.81095e-08 21
0.1753 9.81161e-08 21
0.1754 9.81227e-08 21
0.1755 9.81293e-08 21
0.1756 9.81359e-08 21
0.1757 9.81425e-08 21
0.1758 9.81491e-08 21
0.1759 9.81557e-08 21
0.176 9.81624e-08 21
0.1761 9.8169e-08 21
0.1762 9.81757e-08 21
0.1763 9.81823e-08 21
0.1764 9.81889e-08 21
0.1765 9.81956e-08 21
0.1766 9.82022e-08 21
0.1767 9.82089e-08 21
0.1768 9.82156e-08 21
0.1769 9.82222e-08 21
0.177 9.82289e-08 21
0.1771 9.82356e-08 21
0.1772 9.82422e-08 21
0.1773 9.82489e-08 21
0.1774 9.82555e-08 21
0.1775 9.82622e-08 21
0.1776 9.82731e-08 21
0.1777 9.82742e-08 21
0.1778 9.82822e-08 21
0.1779 9.82892e-08 21
0.178 9.82957e-08 21
0.1781 9.83021e-08 21
0.1782 9.83086e-08 21
0.1783 9.83153e-08 21
0.1784 9.8322e-08 21
0.1785 9.83286e-08 21
0.1786 9.83352e-08 21
0.1787 9.83418e-08 21
0.1788 9.83484e-08 21
0.1789 9.8355e-08 21
0.179 9.83616e-08 21
0.1791 9.83681e-08 21
0.1792 9.83747e-08 21
0.1793 9.83813e-08 21
0.1794 9.83879e-08 21
0.1795 9.83944e-08 21
0.1796 9.84009e-08 21
0.1797 9.84074e-08 21
0.1798 9.84135e-08 21
0.1799 9.84199e-08 21
0.18 9.84264e-08 21
0.1801 9.84328e-08 21
0.1802 9.84392e-08 21
0.1803 9.84457e-08 21
0.1804 9.84521e-08 21
0.1805 9.84585e-08 21
0.1806 9.84648e-08 21
0.1807 9.84712e-08 21
0.1808 9.84775e-08 21
0.1809 9.84839e-08 21
0.181 9.849e-08 21
0.1811 9.8494e-08 21
0.1812 9.84956e-08 21
0.1813 9.84968e-08 21
0.1814 9.84981e-08 21
0.1815 9.84995e-08 21
0.1816 9.8501e-08 21
0.1817 9.85025e-08 21
0.1818 9.85039e-08 21
0.1819 9.85054e-08 21
0.182 9.85068e-08 21
0.1821 9.85082e-08 21
0.1822 9.8511e-08 21
0.1823 9.85126e-08 21
0.1824 9.8514e-08 21
0.1825 9.85154e-08 21
0.1826 9.85167e-08 21
0.1827 9.85181e-08 21
0.1828 9.85194e-08 21
0.1829 9.85208e-08 21
0.183 9.85222e-08 21
0.1831 9.85235e-08 21
0.1832 9.85248e-08 21
0.1833 9.85261e-08 21
0.1834 9.85274e-08 21
0.1835 9.85287e-08 21
0.1836 9.853e-08 21
0.1837 9.85313e-08 21
0.1838 9.85325e-08 21
0.1839 9.85338e-08 21
0.184 9.8535e-08 21
0.1841 9.85363e-08 21
0.1842 9.85375e-08 21
0.1843 9.85388e-08 21
0.1844 9.854e-08 21
0.1845 9.85412e-08 21
0.1846 9.85424e-08 21
0.1847 9.85436e-08 21
0.1848 9.85448e-08 21
0.1849 9.85459e-08 21
0.185 9.85471e-08 21
0.1851 9.85482e-08 21
0.1852 9.85493e-08 21
0.1853 9.85504e-08 21
0.1854 9.85515e-08 21
0.1855 9.85525e-08 21
0.1856 9.85536e-08 21
0.1857 9.85546e-08 21
0.1858 9.85548e-08 21
0.1859 9.85561e-08 21
0.186 9.85572e-08 21
0.1861 9.85581e-08 21
0.1862 9.85591e-08 21
0.1863 9.856e-08 21
0.1864 9.85618e-08 21
0.1865 9.8563e-08 21
0.1866 9.8564e-08 21
0.1867 9.85649e-08 21
0.1868 9.85658e-08 21
0.1869 9.85667e-08 21
0.187 9.85676e-08 21
0.1871 9.85685e-08 21
0.1872 9.85695e-08 21
0.1873 9.85696e-08 21
0.1874 9.85702e-08 21
0.1875 9.8571e-08 21
0.1876 9.85719e-08 21
0.1877 9.85728e-08 21
0.1878 9.85736e-08 21
0.1879 9.85744e-08 21
0.188 9.85752e-08 21
0.1881 9.8576e-08 21
0.1882 9.85768e-08 21
0.1883 9.85776e-08 21
0.1884 9.85785e-08 21
0.1885 9.85792e-08 21
0.1886 9.858e-08 21
0.1887 9.85807e-08 21
0.1888 9.85815e-08 21
0.1889 9.85822e-08 21
0.189 9.85829e-08 21
0.1891 9.85835e-08 21
0.1892 9.85842e-08 21
0.1893 9.85849e-08 21
0.1894 9.85855e-08 21
0.1895 9.85862e-08 21
0.1896 9.85868e-08 21
0.1897 9.85875e-08 21
0.1898 9.85881e-08 21
0.1899 9.85887e-08 21
0.19 9.85893e-08 21
0.1901 9.85899e-08 21
0.1902 9.85905e-08 21
0.1903 9.85911e-08 21
0.1904 9.85916e-08 21
0.1905 9.85922e-08 21
0.1906 9.85864e-08 21
0.1907 9.85868e-08 21
0.1908 9.85873e-08 21
0.1909 9.85878e-08 21
0.191 9.85883e-08 21
0.1911 9.85889e-08 21
0.1912 9.85894e-08 21
0.1913 9.85899e-08 21
0.1914 9.85904e-08 21
0.1915 9.85909e-08 21
0.1916 9.85913e-08 21
0.1917 9.85918e-08 21
0.1918 9.85923e-08 21
0.1919 9.85927e-08 21
0.192 9.85932e-08 21
0.1921 9.85936e-08 21
0.1922 9.8594e-08 21
0.1923 9.85945e-08 21
0.1924 9.85949e-08 21
0.1925 9.85953e-08 21
0.1926 9.85957e-08 21
0.1927 9.85961e-08 21
0.1928 9.85965e-08 21
0.1929 9.85969e-08 21
0.193 9.85973e-08 21
0.1931 9.85976e-08 21
0.1932 9.85945e-08 21
0.1933 9.85944e-08 21
0.1934 9.85945e-08 21
0.1935 9.8595e-08 21
0.1936 9.85954e-08 21
0.1937 9.85959e-08 21
0.1938 9.85962e-08 21
0.1939 9.85966e-08 21
0.194 9.85969e-08 21
0.1941 9.85972e-08 21
0.1942 9.85975e-08 21
0.1943 9.85978e-08 21
0.1944 9.85981e-08 21
0.1945 9.85984e-08 21
0.1946 9.85988e-08 21
0.1947 9.8599e-08 21
0.1948 9.85993e-08 21
0.1949 9.85996e-08 21
0.195 9.86e-08 21
0.1951 9.86003e-08 21
0.1952 9.86005e-08 21
0.1953 9.86008e-08 21
0.1954 9.86011e-08 21
0.1955 9.86005e-08 21
0.1956 9.86027e-08 21
0.1957 9.86021e-08 21
0.1958 9.86021e-08 21
0.1959 9.86025e-08 21
0.196 9.86029e-08 21
0.1961 9.86033e-08 21
0.1962 9.86036e-08 21
0.1963 9.86039e-08 21
0.1964 9.86041e-08 21
0.1965 9.86043e-08 21
0.1966 9.86045e-08 21
0.1967 9.86048e-08 21
0.1968 9.86051e-08 21
0.1969 9.86053e-08 21
0.197 9.86056e-08 21
0.1971 9.86058e-08 21
0.1972 9.8606e-08 21
0.1973 9.86062e-08 21
0.1974 9.86064e-08 21
0.1975 9.86066e-08 21
0.1976 9.86069e-08 21
0.1977 9.86071e-08 21
0.1978 9.86074e-08 21
0.1979 9.86076e-08 21
0.198 9.86078e-08 21
0.1981 9.86081e-08 21
0.1982 9.86083e-08 21
0.1983 9.86085e-08 21
0.1984 9.86088e-08 21
0.1985 9.86089e-08 21
0.1986 9.86745e-08 21
0.1987 9.86815e-08 21
0.1988 9.86696e-08 21
0.1989 9.86593e-08 21
0.199 9.86554e-08 21
0.1991 9.86556e-08 21
0.1992 9.86571e-08 21
0.1993 9.86583e-08 21
0.1994 9.8659e-08 21
0.1995 9.86594e-08 21
0.1996 9.86596e-08 21
0.1997 9.86597e-08 21
0.1998 9.86599e-08 21
0.1999 9.866e-08 21
0.2 9.86602e-08 21
