0.5157722902893105, 0.3020093315698871
1.193707791138197, 0.30920770877944326
1.932783598738458, 0.3152673904144099
2.8768672559019257, 0.32498388687770224
3.763989179513017, 0.33460842045597683
4.197661011365508, 0.3400428265524625
4.674395697355926, 0.34637417941675397
5.158574831847204, 0.3539206263097024
5.6910950504810724, 0.3616224493009195
6.02083111287671, 0.3670196183398413
6.39433371767419, 0.37408993576017124
6.883392059823285, 0.3824950045231252
7.396639762806787, 0.3920770877944325
7.724594533291823, 0.4005969866533337
8.053039038049745, 0.4119914346895075
8.2550461174422, 0.4203672421859536
8.585443927818204, 0.4309260454717219
8.864955280003617, 0.43942341604736107
9.13465656399275, 0.4486081370449679
9.398750004037193, 0.4570663811563169
9.67840408111853, 0.46667700592014105
9.957999743369044, 0.47583199500356893
10.293279525613572, 0.48586723768736617
10.491986205205192, 0.4949705149725843
10.796931089599404, 0.5044229661886168
10.964335004097174, 0.5127995496913968
11.451902487234392, 0.5231263383297644
11.863657133775378, 0.5329743460553387
12.29521401013255, 0.5428679816412647
12.701363446156751, 0.5520100532182894
13.110607807609949, 0.5610278372591007
13.49406323914291, 0.5709753012554059
14.426704190364994, 0.5846678580425747
15.370666778900656, 0.5934400192089684
15.870926572325523, 0.5962936138052652
16.846895074946467, 0.6040685224839402
17.74535611683316, 0.6072852374354454
18.302510422566474, 0.6097064692141214
18.859728782050546, 0.6126273202487147
20.27776057076819, 0.6173929193051564
21.23996616024107, 0.62039063484066
21.849201120079066, 0.6220556745182013
22.793029825173356, 0.6254636919007432
23.569399059656806, 0.626731956165764
24.430242052159958, 0.6288072976903435
24.999048076270917, 0.6309920233123723
