/*--------------------------------*- C++ -*----------------------------------*\
| =========                 |                                                 |
| \\      /  F ield         | OpenFOAM: The Open Source CFD Toolbox           |
|  \\    /   O peration     | Version:  2412                                  |
|   \\  /    A nd           | Website:  www.openfoam.com                      |
|    \\/     M anipulation  |                                                 |
\*---------------------------------------------------------------------------*/
FoamFile
{
    version     2.0;
    format      ascii;
    arch        "LSB;label=32;scalar=64";
    note        "nPoints:3694  nCells:1688  nFaces:6910  nInternalFaces:3218";
    class       labelList;
    location    "constant/fluid/polyMesh";
    object      neighbour;
}
// * * * * * * * * * * * * * * * * * * * * * * * * * * * * * * * * * * * * * //


3218
(
1
17
2
18
3
19
4
20
5
21
6
22
7
23
8
24
9
25
10
26
11
27
12
28
13
29
14
30
15
31
16
32
33
170
18
34
19
35
20
36
21
37
22
38
23
39
24
40
25
41
26
42
27
43
28
44
29
45
30
46
31
47
32
48
33
49
50
173
35
51
36
52
37
53
38
54
39
55
40
56
41
57
42
58
43
59
44
60
45
61
46
62
47
63
48
64
49
65
50
66
67
1376
52
68
53
69
54
70
55
71
56
72
57
73
58
74
59
75
60
76
61
77
62
78
63
79
64
80
65
81
66
82
67
83
84
1379
69
85
70
86
71
87
72
88
73
89
74
90
75
91
76
92
77
93
78
94
79
95
80
96
81
97
82
98
83
99
84
100
101
1382
86
102
87
103
88
104
89
105
90
106
91
107
92
108
93
109
94
110
95
111
96
112
97
113
98
114
99
115
100
116
101
117
118
1385
103
119
104
120
105
121
106
122
107
123
108
124
109
125
110
126
111
127
112
128
113
129
114
130
115
131
116
132
117
133
118
134
135
1388
120
136
121
137
122
138
123
139
124
140
125
141
126
142
127
143
128
144
129
145
130
146
131
147
132
148
133
149
134
150
135
151
152
1391
137
153
138
154
139
155
140
156
141
157
142
158
143
159
144
160
145
161
146
162
147
163
148
164
149
165
150
166
151
167
152
168
169
1394
154
155
156
157
158
159
160
161
162
163
164
165
166
167
168
169
1397
171
173
172
174
175
442
174
1376
175
1377
445
1378
177
178
179
190
179
180
181
226
181
182
183
262
183
184
185
298
185
186
187
334
187
188
189
370
189
444
406
447
191
226
192
227
193
228
194
229
195
230
196
231
197
232
198
233
199
234
200
235
201
236
202
237
203
238
204
239
205
240
206
241
207
242
208
243
209
244
210
245
211
246
212
247
213
248
214
249
215
250
216
251
217
252
218
253
219
254
220
255
221
256
222
257
223
258
224
259
225
260
261
562
227
262
228
263
229
264
230
265
231
266
232
267
233
268
234
269
235
270
236
271
237
272
238
273
239
274
240
275
241
276
242
277
243
278
244
279
245
280
246
281
247
282
248
283
249
284
250
285
251
286
252
287
253
288
254
289
255
290
256
291
257
292
258
293
259
294
260
295
261
296
297
564
263
298
264
299
265
300
266
301
267
302
268
303
269
304
270
305
271
306
272
307
273
308
274
309
275
310
276
311
277
312
278
313
279
314
280
315
281
316
282
317
283
318
284
319
285
320
286
321
287
322
288
323
289
324
290
325
291
326
292
327
293
328
294
329
295
330
296
331
297
332
333
566
299
334
300
335
301
336
302
337
303
338
304
339
305
340
306
341
307
342
308
343
309
344
310
345
311
346
312
347
313
348
314
349
315
350
316
351
317
352
318
353
319
354
320
355
321
356
322
357
323
358
324
359
325
360
326
361
327
362
328
363
329
364
330
365
331
366
332
367
333
368
369
568
335
370
336
371
337
372
338
373
339
374
340
375
341
376
342
377
343
378
344
379
345
380
346
381
347
382
348
383
349
384
350
385
351
386
352
387
353
388
354
389
355
390
356
391
357
392
358
393
359
394
360
395
361
396
362
397
363
398
364
399
365
400
366
401
367
402
368
403
369
404
405
570
371
406
372
407
373
408
374
409
375
410
376
411
377
412
378
413
379
414
380
415
381
416
382
417
383
418
384
419
385
420
386
421
387
422
388
423
389
424
390
425
391
426
392
427
393
428
394
429
395
430
396
431
397
432
398
433
399
434
400
435
401
436
402
437
403
438
404
439
405
440
441
572
407
448
408
449
409
450
410
451
411
452
412
453
413
454
414
455
415
456
416
457
417
458
418
459
419
460
420
461
421
462
422
463
423
464
424
465
425
466
426
467
427
468
428
469
429
470
430
471
431
472
432
473
433
474
434
475
435
476
436
477
437
478
438
479
439
480
440
481
441
482
483
574
443
445
444
446
447
446
520
447
484
448
449
484
450
485
451
486
452
487
453
488
454
489
455
490
456
491
457
492
458
493
459
494
460
495
461
496
462
497
463
498
464
499
465
500
466
501
467
502
468
503
469
504
470
505
471
506
472
507
473
508
474
509
475
510
476
511
477
512
478
513
479
514
480
515
481
516
482
517
483
518
519
556
485
520
486
521
487
522
488
523
489
524
490
525
491
526
492
527
493
528
494
529
495
530
496
531
497
532
498
533
499
534
500
535
501
536
502
537
503
538
504
539
505
540
506
541
507
542
508
543
509
544
510
545
511
546
512
547
513
548
514
549
515
550
516
551
517
552
518
553
519
554
555
558
521
1400
522
1401
523
1402
524
1403
525
1404
526
1405
527
1406
528
1407
529
1408
530
1409
531
1410
532
1411
533
1412
534
1413
535
1414
536
1415
537
1416
538
1417
539
1418
540
1419
541
1420
542
1421
543
1422
544
1423
545
1424
546
1425
547
1426
548
1427
549
1428
550
1429
551
1430
552
1431
553
1432
554
1433
555
1434
560
1435
557
558
574
559
575
559
560
561
561
1349
1346
563
564
565
565
566
567
567
568
569
569
570
571
571
572
573
573
574
575
575
577
653
1348
578
654
579
655
580
656
581
657
582
658
583
659
584
660
585
661
586
662
587
663
588
664
589
665
590
666
591
667
592
668
593
669
594
670
595
671
596
672
597
673
598
674
599
675
600
676
601
677
602
678
603
679
604
680
605
681
606
682
607
683
608
684
609
685
610
686
611
687
612
688
613
689
614
690
615
691
616
692
617
693
618
694
619
695
620
696
621
697
622
698
623
699
624
700
625
701
626
702
627
703
628
704
629
705
630
706
631
707
632
708
633
709
634
710
635
711
636
712
637
713
638
714
639
715
640
716
641
717
642
718
643
719
644
720
645
721
646
722
647
723
648
724
649
725
650
726
651
727
652
728
729
654
730
1351
655
731
656
732
657
733
658
734
659
735
660
736
661
737
662
738
663
739
664
740
665
741
666
742
667
743
668
744
669
745
670
746
671
747
672
748
673
749
674
750
675
751
676
752
677
753
678
754
679
755
680
756
681
757
682
758
683
759
684
760
685
761
686
762
687
763
688
764
689
765
690
766
691
767
692
768
693
769
694
770
695
771
696
772
697
773
698
774
699
775
700
776
701
777
702
778
703
779
704
780
705
781
706
782
707
783
708
784
709
785
710
786
711
787
712
788
713
789
714
790
715
791
716
792
717
793
718
794
719
795
720
796
721
797
722
798
723
799
724
800
725
801
726
802
727
803
728
804
729
805
806
731
807
1354
732
808
733
809
734
810
735
811
736
812
737
813
738
814
739
815
740
816
741
817
742
818
743
819
744
820
745
821
746
822
747
823
748
824
749
825
750
826
751
827
752
828
753
829
754
830
755
831
756
832
757
833
758
834
759
835
760
836
761
837
762
838
763
839
764
840
765
841
766
842
767
843
768
844
769
845
770
846
771
847
772
848
773
849
774
850
775
851
776
852
777
853
778
854
779
855
780
856
781
857
782
858
783
859
784
860
785
861
786
862
787
863
788
864
789
865
790
866
791
867
792
868
793
869
794
870
795
871
796
872
797
873
798
874
799
875
800
876
801
877
802
878
803
879
804
880
805
881
806
882
883
808
884
1357
809
885
810
886
811
887
812
888
813
889
814
890
815
891
816
892
817
893
818
894
819
895
820
896
821
897
822
898
823
899
824
900
825
901
826
902
827
903
828
904
829
905
830
906
831
907
832
908
833
909
834
910
835
911
836
912
837
913
838
914
839
915
840
916
841
917
842
918
843
919
844
920
845
921
846
922
847
923
848
924
849
925
850
926
851
927
852
928
853
929
854
930
855
931
856
932
857
933
858
934
859
935
860
936
861
937
862
938
863
939
864
940
865
941
866
942
867
943
868
944
869
945
870
946
871
947
872
948
873
949
874
950
875
951
876
952
877
953
878
954
879
955
880
956
881
957
882
958
883
959
960
885
961
1360
886
962
887
963
888
964
889
965
890
966
891
967
892
968
893
969
894
970
895
971
896
972
897
973
898
974
899
975
900
976
901
977
902
978
903
979
904
980
905
981
906
982
907
983
908
984
909
985
910
986
911
987
912
988
913
989
914
990
915
991
916
992
917
993
918
994
919
995
920
996
921
997
922
998
923
999
924
1000
925
1001
926
1002
927
1003
928
1004
929
1005
930
1006
931
1007
932
1008
933
1009
934
1010
935
1011
936
1012
937
1013
938
1014
939
1015
940
1016
941
1017
942
1018
943
1019
944
1020
945
1021
946
1022
947
1023
948
1024
949
1025
950
1026
951
1027
952
1028
953
1029
954
1030
955
1031
956
1032
957
1033
958
1034
959
1035
960
1036
1037
962
1038
1363
963
1039
964
1040
965
1041
966
1042
967
1043
968
1044
969
1045
970
1046
971
1047
972
1048
973
1049
974
1050
975
1051
976
1052
977
1053
978
1054
979
1055
980
1056
981
1057
982
1058
983
1059
984
1060
985
1061
986
1062
987
1063
988
1064
989
1065
990
1066
991
1067
992
1068
993
1069
994
1070
995
1071
996
1072
997
1073
998
1074
999
1075
1000
1076
1001
1077
1002
1078
1003
1079
1004
1080
1005
1081
1006
1082
1007
1083
1008
1084
1009
1085
1010
1086
1011
1087
1012
1088
1013
1089
1014
1090
1015
1091
1016
1092
1017
1093
1018
1094
1019
1095
1020
1096
1021
1097
1022
1098
1023
1099
1024
1100
1025
1101
1026
1102
1027
1103
1028
1104
1029
1105
1030
1106
1031
1107
1032
1108
1033
1109
1034
1110
1035
1111
1036
1112
1037
1113
1114
1039
1115
1366
1040
1116
1041
1117
1042
1118
1043
1119
1044
1120
1045
1121
1046
1122
1047
1123
1048
1124
1049
1125
1050
1126
1051
1127
1052
1128
1053
1129
1054
1130
1055
1131
1056
1132
1057
1133
1058
1134
1059
1135
1060
1136
1061
1137
1062
1138
1063
1139
1064
1140
1065
1141
1066
1142
1067
1143
1068
1144
1069
1145
1070
1146
1071
1147
1072
1148
1073
1149
1074
1150
1075
1151
1076
1152
1077
1153
1078
1154
1079
1155
1080
1156
1081
1157
1082
1158
1083
1159
1084
1160
1085
1161
1086
1162
1087
1163
1088
1164
1089
1165
1090
1166
1091
1167
1092
1168
1093
1169
1094
1170
1095
1171
1096
1172
1097
1173
1098
1174
1099
1175
1100
1176
1101
1177
1102
1178
1103
1179
1104
1180
1105
1181
1106
1182
1107
1183
1108
1184
1109
1185
1110
1186
1111
1187
1112
1188
1113
1189
1114
1190
1191
1116
1192
1369
1117
1193
1118
1194
1119
1195
1120
1196
1121
1197
1122
1198
1123
1199
1124
1200
1125
1201
1126
1202
1127
1203
1128
1204
1129
1205
1130
1206
1131
1207
1132
1208
1133
1209
1134
1210
1135
1211
1136
1212
1137
1213
1138
1214
1139
1215
1140
1216
1141
1217
1142
1218
1143
1219
1144
1220
1145
1221
1146
1222
1147
1223
1148
1224
1149
1225
1150
1226
1151
1227
1152
1228
1153
1229
1154
1230
1155
1231
1156
1232
1157
1233
1158
1234
1159
1235
1160
1236
1161
1237
1162
1238
1163
1239
1164
1240
1165
1241
1166
1242
1167
1243
1168
1244
1169
1245
1170
1246
1171
1247
1172
1248
1173
1249
1174
1250
1175
1251
1176
1252
1177
1253
1178
1254
1179
1255
1180
1256
1181
1257
1182
1258
1183
1259
1184
1260
1185
1261
1186
1262
1187
1263
1188
1264
1189
1265
1190
1266
1191
1267
1268
1193
1269
1372
1194
1270
1195
1271
1196
1272
1197
1273
1198
1274
1199
1275
1200
1276
1201
1277
1202
1278
1203
1279
1204
1280
1205
1281
1206
1282
1207
1283
1208
1284
1209
1285
1210
1286
1211
1287
1212
1288
1213
1289
1214
1290
1215
1291
1216
1292
1217
1293
1218
1294
1219
1295
1220
1296
1221
1297
1222
1298
1223
1299
1224
1300
1225
1301
1226
1302
1227
1303
1228
1304
1229
1305
1230
1306
1231
1307
1232
1308
1233
1309
1234
1310
1235
1311
1236
1312
1237
1313
1238
1314
1239
1315
1240
1316
1241
1317
1242
1318
1243
1319
1244
1320
1245
1321
1246
1322
1247
1323
1248
1324
1249
1325
1250
1326
1251
1327
1252
1328
1253
1329
1254
1330
1255
1331
1256
1332
1257
1333
1258
1334
1259
1335
1260
1336
1261
1337
1262
1338
1263
1339
1264
1340
1265
1341
1266
1342
1267
1343
1268
1344
1345
1270
1375
1271
1272
1273
1274
1275
1276
1277
1278
1279
1280
1281
1282
1283
1284
1285
1286
1287
1288
1289
1290
1291
1292
1293
1294
1295
1296
1297
1298
1299
1300
1301
1302
1303
1304
1305
1306
1307
1308
1309
1310
1311
1312
1313
1314
1315
1316
1317
1318
1319
1320
1321
1322
1323
1324
1325
1326
1327
1328
1329
1330
1331
1332
1333
1334
1335
1336
1337
1338
1339
1340
1341
1342
1343
1344
1345
1347
1349
1348
1350
1351
1350
1352
1351
1353
1354
1353
1355
1435
1354
1356
1357
1356
1358
1471
1357
1359
1360
1359
1361
1507
1360
1362
1363
1362
1364
1543
1363
1365
1366
1365
1367
1579
1366
1368
1369
1368
1370
1615
1369
1371
1372
1371
1373
1651
1372
1374
1375
1374
1687
1375
1377
1379
1378
1380
1381
1400
1380
1382
1381
1383
1384
1436
1383
1385
1384
1386
1387
1472
1386
1388
1387
1389
1390
1508
1389
1391
1390
1392
1393
1544
1392
1394
1393
1395
1396
1580
1395
1397
1396
1398
1399
1616
1398
1399
1652
1401
1436
1402
1437
1403
1438
1404
1439
1405
1440
1406
1441
1407
1442
1408
1443
1409
1444
1410
1445
1411
1446
1412
1447
1413
1448
1414
1449
1415
1450
1416
1451
1417
1452
1418
1453
1419
1454
1420
1455
1421
1456
1422
1457
1423
1458
1424
1459
1425
1460
1426
1461
1427
1462
1428
1463
1429
1464
1430
1465
1431
1466
1432
1467
1433
1468
1434
1469
1435
1470
1471
1437
1472
1438
1473
1439
1474
1440
1475
1441
1476
1442
1477
1443
1478
1444
1479
1445
1480
1446
1481
1447
1482
1448
1483
1449
1484
1450
1485
1451
1486
1452
1487
1453
1488
1454
1489
1455
1490
1456
1491
1457
1492
1458
1493
1459
1494
1460
1495
1461
1496
1462
1497
1463
1498
1464
1499
1465
1500
1466
1501
1467
1502
1468
1503
1469
1504
1470
1505
1471
1506
1507
1473
1508
1474
1509
1475
1510
1476
1511
1477
1512
1478
1513
1479
1514
1480
1515
1481
1516
1482
1517
1483
1518
1484
1519
1485
1520
1486
1521
1487
1522
1488
1523
1489
1524
1490
1525
1491
1526
1492
1527
1493
1528
1494
1529
1495
1530
1496
1531
1497
1532
1498
1533
1499
1534
1500
1535
1501
1536
1502
1537
1503
1538
1504
1539
1505
1540
1506
1541
1507
1542
1543
1509
1544
1510
1545
1511
1546
1512
1547
1513
1548
1514
1549
1515
1550
1516
1551
1517
1552
1518
1553
1519
1554
1520
1555
1521
1556
1522
1557
1523
1558
1524
1559
1525
1560
1526
1561
1527
1562
1528
1563
1529
1564
1530
1565
1531
1566
1532
1567
1533
1568
1534
1569
1535
1570
1536
1571
1537
1572
1538
1573
1539
1574
1540
1575
1541
1576
1542
1577
1543
1578
1579
1545
1580
1546
1581
1547
1582
1548
1583
1549
1584
1550
1585
1551
1586
1552
1587
1553
1588
1554
1589
1555
1590
1556
1591
1557
1592
1558
1593
1559
1594
1560
1595
1561
1596
1562
1597
1563
1598
1564
1599
1565
1600
1566
1601
1567
1602
1568
1603
1569
1604
1570
1605
1571
1606
1572
1607
1573
1608
1574
1609
1575
1610
1576
1611
1577
1612
1578
1613
1579
1614
1615
1581
1616
1582
1617
1583
1618
1584
1619
1585
1620
1586
1621
1587
1622
1588
1623
1589
1624
1590
1625
1591
1626
1592
1627
1593
1628
1594
1629
1595
1630
1596
1631
1597
1632
1598
1633
1599
1634
1600
1635
1601
1636
1602
1637
1603
1638
1604
1639
1605
1640
1606
1641
1607
1642
1608
1643
1609
1644
1610
1645
1611
1646
1612
1647
1613
1648
1614
1649
1615
1650
1651
1617
1652
1618
1653
1619
1654
1620
1655
1621
1656
1622
1657
1623
1658
1624
1659
1625
1660
1626
1661
1627
1662
1628
1663
1629
1664
1630
1665
1631
1666
1632
1667
1633
1668
1634
1669
1635
1670
1636
1671
1637
1672
1638
1673
1639
1674
1640
1675
1641
1676
1642
1677
1643
1678
1644
1679
1645
1680
1646
1681
1647
1682
1648
1683
1649
1684
1650
1685
1651
1686
1687
1653
1654
1655
1656
1657
1658
1659
1660
1661
1662
1663
1664
1665
1666
1667
1668
1669
1670
1671
1672
1673
1674
1675
1676
1677
1678
1679
1680
1681
1682
1683
1684
1685
1686
1687
)


// ************************************************************************* //
