/*--------------------------------*- C++ -*----------------------------------*\
| =========                 |                                                 |
| \\      /  F ield         | OpenFOAM: The Open Source CFD Toolbox           |
|  \\    /   O peration     | Version:  2412                                  |
|   \\  /    A nd           | Website:  www.openfoam.com                      |
|    \\/     M anipulation  |                                                 |
\*---------------------------------------------------------------------------*/
FoamFile
{
    version     2.0;
    format      ascii;
    arch        "LSB;label=32;scalar=64";
    note        "nPoints:3694  nCells:1688  nFaces:6910  nInternalFaces:3218";
    class       labelList;
    location    "constant/fluid/polyMesh";
    object      owner;
}
// * * * * * * * * * * * * * * * * * * * * * * * * * * * * * * * * * * * * * //


6910
(
0
0
1
1
2
2
3
3
4
4
5
5
6
6
7
7
8
8
9
9
10
10
11
11
12
12
13
13
14
14
15
15
16
16
17
17
18
18
19
19
20
20
21
21
22
22
23
23
24
24
25
25
26
26
27
27
28
28
29
29
30
30
31
31
32
32
33
33
34
34
35
35
36
36
37
37
38
38
39
39
40
40
41
41
42
42
43
43
44
44
45
45
46
46
47
47
48
48
49
49
50
50
51
51
52
52
53
53
54
54
55
55
56
56
57
57
58
58
59
59
60
60
61
61
62
62
63
63
64
64
65
65
66
66
67
67
68
68
69
69
70
70
71
71
72
72
73
73
74
74
75
75
76
76
77
77
78
78
79
79
80
80
81
81
82
82
83
83
84
84
85
85
86
86
87
87
88
88
89
89
90
90
91
91
92
92
93
93
94
94
95
95
96
96
97
97
98
98
99
99
100
100
101
101
102
102
103
103
104
104
105
105
106
106
107
107
108
108
109
109
110
110
111
111
112
112
113
113
114
114
115
115
116
116
117
117
118
118
119
119
120
120
121
121
122
122
123
123
124
124
125
125
126
126
127
127
128
128
129
129
130
130
131
131
132
132
133
133
134
134
135
135
136
136
137
137
138
138
139
139
140
140
141
141
142
142
143
143
144
144
145
145
146
146
147
147
148
148
149
149
150
150
151
151
152
152
153
154
155
156
157
158
159
160
161
162
163
164
165
166
167
168
169
170
170
171
171
172
172
173
173
174
174
175
175
176
176
177
177
178
178
179
179
180
180
181
181
182
182
183
183
184
184
185
185
186
186
187
187
188
188
189
189
190
190
191
191
192
192
193
193
194
194
195
195
196
196
197
197
198
198
199
199
200
200
201
201
202
202
203
203
204
204
205
205
206
206
207
207
208
208
209
209
210
210
211
211
212
212
213
213
214
214
215
215
216
216
217
217
218
218
219
219
220
220
221
221
222
222
223
223
224
224
225
225
226
226
227
227
228
228
229
229
230
230
231
231
232
232
233
233
234
234
235
235
236
236
237
237
238
238
239
239
240
240
241
241
242
242
243
243
244
244
245
245
246
246
247
247
248
248
249
249
250
250
251
251
252
252
253
253
254
254
255
255
256
256
257
257
258
258
259
259
260
260
261
261
262
262
263
263
264
264
265
265
266
266
267
267
268
268
269
269
270
270
271
271
272
272
273
273
274
274
275
275
276
276
277
277
278
278
279
279
280
280
281
281
282
282
283
283
284
284
285
285
286
286
287
287
288
288
289
289
290
290
291
291
292
292
293
293
294
294
295
295
296
296
297
297
298
298
299
299
300
300
301
301
302
302
303
303
304
304
305
305
306
306
307
307
308
308
309
309
310
310
311
311
312
312
313
313
314
314
315
315
316
316
317
317
318
318
319
319
320
320
321
321
322
322
323
323
324
324
325
325
326
326
327
327
328
328
329
329
330
330
331
331
332
332
333
333
334
334
335
335
336
336
337
337
338
338
339
339
340
340
341
341
342
342
343
343
344
344
345
345
346
346
347
347
348
348
349
349
350
350
351
351
352
352
353
353
354
354
355
355
356
356
357
357
358
358
359
359
360
360
361
361
362
362
363
363
364
364
365
365
366
366
367
367
368
368
369
369
370
370
371
371
372
372
373
373
374
374
375
375
376
376
377
377
378
378
379
379
380
380
381
381
382
382
383
383
384
384
385
385
386
386
387
387
388
388
389
389
390
390
391
391
392
392
393
393
394
394
395
395
396
396
397
397
398
398
399
399
400
400
401
401
402
402
403
403
404
404
405
405
406
406
407
407
408
408
409
409
410
410
411
411
412
412
413
413
414
414
415
415
416
416
417
417
418
418
419
419
420
420
421
421
422
422
423
423
424
424
425
425
426
426
427
427
428
428
429
429
430
430
431
431
432
432
433
433
434
434
435
435
436
436
437
437
438
438
439
439
440
440
441
441
442
442
443
443
444
445
445
446
446
447
448
448
449
449
450
450
451
451
452
452
453
453
454
454
455
455
456
456
457
457
458
458
459
459
460
460
461
461
462
462
463
463
464
464
465
465
466
466
467
467
468
468
469
469
470
470
471
471
472
472
473
473
474
474
475
475
476
476
477
477
478
478
479
479
480
480
481
481
482
482
483
483
484
484
485
485
486
486
487
487
488
488
489
489
490
490
491
491
492
492
493
493
494
494
495
495
496
496
497
497
498
498
499
499
500
500
501
501
502
502
503
503
504
504
505
505
506
506
507
507
508
508
509
509
510
510
511
511
512
512
513
513
514
514
515
515
516
516
517
517
518
518
519
519
520
520
521
521
522
522
523
523
524
524
525
525
526
526
527
527
528
528
529
529
530
530
531
531
532
532
533
533
534
534
535
535
536
536
537
537
538
538
539
539
540
540
541
541
542
542
543
543
544
544
545
545
546
546
547
547
548
548
549
549
550
550
551
551
552
552
553
553
554
554
555
555
556
556
556
557
557
558
558
559
560
560
561
562
562
563
564
564
565
566
566
567
568
568
569
570
570
571
572
572
573
574
576
576
576
577
577
578
578
579
579
580
580
581
581
582
582
583
583
584
584
585
585
586
586
587
587
588
588
589
589
590
590
591
591
592
592
593
593
594
594
595
595
596
596
597
597
598
598
599
599
600
600
601
601
602
602
603
603
604
604
605
605
606
606
607
607
608
608
609
609
610
610
611
611
612
612
613
613
614
614
615
615
616
616
617
617
618
618
619
619
620
620
621
621
622
622
623
623
624
624
625
625
626
626
627
627
628
628
629
629
630
630
631
631
632
632
633
633
634
634
635
635
636
636
637
637
638
638
639
639
640
640
641
641
642
642
643
643
644
644
645
645
646
646
647
647
648
648
649
649
650
650
651
651
652
653
653
653
654
654
655
655
656
656
657
657
658
658
659
659
660
660
661
661
662
662
663
663
664
664
665
665
666
666
667
667
668
668
669
669
670
670
671
671
672
672
673
673
674
674
675
675
676
676
677
677
678
678
679
679
680
680
681
681
682
682
683
683
684
684
685
685
686
686
687
687
688
688
689
689
690
690
691
691
692
692
693
693
694
694
695
695
696
696
697
697
698
698
699
699
700
700
701
701
702
702
703
703
704
704
705
705
706
706
707
707
708
708
709
709
710
710
711
711
712
712
713
713
714
714
715
715
716
716
717
717
718
718
719
719
720
720
721
721
722
722
723
723
724
724
725
725
726
726
727
727
728
728
729
730
730
730
731
731
732
732
733
733
734
734
735
735
736
736
737
737
738
738
739
739
740
740
741
741
742
742
743
743
744
744
745
745
746
746
747
747
748
748
749
749
750
750
751
751
752
752
753
753
754
754
755
755
756
756
757
757
758
758
759
759
760
760
761
761
762
762
763
763
764
764
765
765
766
766
767
767
768
768
769
769
770
770
771
771
772
772
773
773
774
774
775
775
776
776
777
777
778
778
779
779
780
780
781
781
782
782
783
783
784
784
785
785
786
786
787
787
788
788
789
789
790
790
791
791
792
792
793
793
794
794
795
795
796
796
797
797
798
798
799
799
800
800
801
801
802
802
803
803
804
804
805
805
806
807
807
807
808
808
809
809
810
810
811
811
812
812
813
813
814
814
815
815
816
816
817
817
818
818
819
819
820
820
821
821
822
822
823
823
824
824
825
825
826
826
827
827
828
828
829
829
830
830
831
831
832
832
833
833
834
834
835
835
836
836
837
837
838
838
839
839
840
840
841
841
842
842
843
843
844
844
845
845
846
846
847
847
848
848
849
849
850
850
851
851
852
852
853
853
854
854
855
855
856
856
857
857
858
858
859
859
860
860
861
861
862
862
863
863
864
864
865
865
866
866
867
867
868
868
869
869
870
870
871
871
872
872
873
873
874
874
875
875
876
876
877
877
878
878
879
879
880
880
881
881
882
882
883
884
884
884
885
885
886
886
887
887
888
888
889
889
890
890
891
891
892
892
893
893
894
894
895
895
896
896
897
897
898
898
899
899
900
900
901
901
902
902
903
903
904
904
905
905
906
906
907
907
908
908
909
909
910
910
911
911
912
912
913
913
914
914
915
915
916
916
917
917
918
918
919
919
920
920
921
921
922
922
923
923
924
924
925
925
926
926
927
927
928
928
929
929
930
930
931
931
932
932
933
933
934
934
935
935
936
936
937
937
938
938
939
939
940
940
941
941
942
942
943
943
944
944
945
945
946
946
947
947
948
948
949
949
950
950
951
951
952
952
953
953
954
954
955
955
956
956
957
957
958
958
959
959
960
961
961
961
962
962
963
963
964
964
965
965
966
966
967
967
968
968
969
969
970
970
971
971
972
972
973
973
974
974
975
975
976
976
977
977
978
978
979
979
980
980
981
981
982
982
983
983
984
984
985
985
986
986
987
987
988
988
989
989
990
990
991
991
992
992
993
993
994
994
995
995
996
996
997
997
998
998
999
999
1000
1000
1001
1001
1002
1002
1003
1003
1004
1004
1005
1005
1006
1006
1007
1007
1008
1008
1009
1009
1010
1010
1011
1011
1012
1012
1013
1013
1014
1014
1015
1015
1016
1016
1017
1017
1018
1018
1019
1019
1020
1020
1021
1021
1022
1022
1023
1023
1024
1024
1025
1025
1026
1026
1027
1027
1028
1028
1029
1029
1030
1030
1031
1031
1032
1032
1033
1033
1034
1034
1035
1035
1036
1036
1037
1038
1038
1038
1039
1039
1040
1040
1041
1041
1042
1042
1043
1043
1044
1044
1045
1045
1046
1046
1047
1047
1048
1048
1049
1049
1050
1050
1051
1051
1052
1052
1053
1053
1054
1054
1055
1055
1056
1056
1057
1057
1058
1058
1059
1059
1060
1060
1061
1061
1062
1062
1063
1063
1064
1064
1065
1065
1066
1066
1067
1067
1068
1068
1069
1069
1070
1070
1071
1071
1072
1072
1073
1073
1074
1074
1075
1075
1076
1076
1077
1077
1078
1078
1079
1079
1080
1080
1081
1081
1082
1082
1083
1083
1084
1084
1085
1085
1086
1086
1087
1087
1088
1088
1089
1089
1090
1090
1091
1091
1092
1092
1093
1093
1094
1094
1095
1095
1096
1096
1097
1097
1098
1098
1099
1099
1100
1100
1101
1101
1102
1102
1103
1103
1104
1104
1105
1105
1106
1106
1107
1107
1108
1108
1109
1109
1110
1110
1111
1111
1112
1112
1113
1113
1114
1115
1115
1115
1116
1116
1117
1117
1118
1118
1119
1119
1120
1120
1121
1121
1122
1122
1123
1123
1124
1124
1125
1125
1126
1126
1127
1127
1128
1128
1129
1129
1130
1130
1131
1131
1132
1132
1133
1133
1134
1134
1135
1135
1136
1136
1137
1137
1138
1138
1139
1139
1140
1140
1141
1141
1142
1142
1143
1143
1144
1144
1145
1145
1146
1146
1147
1147
1148
1148
1149
1149
1150
1150
1151
1151
1152
1152
1153
1153
1154
1154
1155
1155
1156
1156
1157
1157
1158
1158
1159
1159
1160
1160
1161
1161
1162
1162
1163
1163
1164
1164
1165
1165
1166
1166
1167
1167
1168
1168
1169
1169
1170
1170
1171
1171
1172
1172
1173
1173
1174
1174
1175
1175
1176
1176
1177
1177
1178
1178
1179
1179
1180
1180
1181
1181
1182
1182
1183
1183
1184
1184
1185
1185
1186
1186
1187
1187
1188
1188
1189
1189
1190
1190
1191
1192
1192
1192
1193
1193
1194
1194
1195
1195
1196
1196
1197
1197
1198
1198
1199
1199
1200
1200
1201
1201
1202
1202
1203
1203
1204
1204
1205
1205
1206
1206
1207
1207
1208
1208
1209
1209
1210
1210
1211
1211
1212
1212
1213
1213
1214
1214
1215
1215
1216
1216
1217
1217
1218
1218
1219
1219
1220
1220
1221
1221
1222
1222
1223
1223
1224
1224
1225
1225
1226
1226
1227
1227
1228
1228
1229
1229
1230
1230
1231
1231
1232
1232
1233
1233
1234
1234
1235
1235
1236
1236
1237
1237
1238
1238
1239
1239
1240
1240
1241
1241
1242
1242
1243
1243
1244
1244
1245
1245
1246
1246
1247
1247
1248
1248
1249
1249
1250
1250
1251
1251
1252
1252
1253
1253
1254
1254
1255
1255
1256
1256
1257
1257
1258
1258
1259
1259
1260
1260
1261
1261
1262
1262
1263
1263
1264
1264
1265
1265
1266
1266
1267
1267
1268
1269
1269
1270
1271
1272
1273
1274
1275
1276
1277
1278
1279
1280
1281
1282
1283
1284
1285
1286
1287
1288
1289
1290
1291
1292
1293
1294
1295
1296
1297
1298
1299
1300
1301
1302
1303
1304
1305
1306
1307
1308
1309
1310
1311
1312
1313
1314
1315
1316
1317
1318
1319
1320
1321
1322
1323
1324
1325
1326
1327
1328
1329
1330
1331
1332
1333
1334
1335
1336
1337
1338
1339
1340
1341
1342
1343
1344
1346
1346
1347
1347
1348
1349
1349
1350
1350
1351
1352
1352
1352
1353
1353
1354
1355
1355
1355
1356
1356
1357
1358
1358
1358
1359
1359
1360
1361
1361
1361
1362
1362
1363
1364
1364
1364
1365
1365
1366
1367
1367
1367
1368
1368
1369
1370
1370
1370
1371
1371
1372
1373
1373
1374
1376
1376
1377
1377
1378
1378
1379
1379
1380
1380
1381
1381
1382
1382
1383
1383
1384
1384
1385
1385
1386
1386
1387
1387
1388
1388
1389
1389
1390
1390
1391
1391
1392
1392
1393
1393
1394
1394
1395
1395
1396
1396
1397
1398
1399
1400
1400
1401
1401
1402
1402
1403
1403
1404
1404
1405
1405
1406
1406
1407
1407
1408
1408
1409
1409
1410
1410
1411
1411
1412
1412
1413
1413
1414
1414
1415
1415
1416
1416
1417
1417
1418
1418
1419
1419
1420
1420
1421
1421
1422
1422
1423
1423
1424
1424
1425
1425
1426
1426
1427
1427
1428
1428
1429
1429
1430
1430
1431
1431
1432
1432
1433
1433
1434
1434
1435
1436
1436
1437
1437
1438
1438
1439
1439
1440
1440
1441
1441
1442
1442
1443
1443
1444
1444
1445
1445
1446
1446
1447
1447
1448
1448
1449
1449
1450
1450
1451
1451
1452
1452
1453
1453
1454
1454
1455
1455
1456
1456
1457
1457
1458
1458
1459
1459
1460
1460
1461
1461
1462
1462
1463
1463
1464
1464
1465
1465
1466
1466
1467
1467
1468
1468
1469
1469
1470
1470
1471
1472
1472
1473
1473
1474
1474
1475
1475
1476
1476
1477
1477
1478
1478
1479
1479
1480
1480
1481
1481
1482
1482
1483
1483
1484
1484
1485
1485
1486
1486
1487
1487
1488
1488
1489
1489
1490
1490
1491
1491
1492
1492
1493
1493
1494
1494
1495
1495
1496
1496
1497
1497
1498
1498
1499
1499
1500
1500
1501
1501
1502
1502
1503
1503
1504
1504
1505
1505
1506
1506
1507
1508
1508
1509
1509
1510
1510
1511
1511
1512
1512
1513
1513
1514
1514
1515
1515
1516
1516
1517
1517
1518
1518
1519
1519
1520
1520
1521
1521
1522
1522
1523
1523
1524
1524
1525
1525
1526
1526
1527
1527
1528
1528
1529
1529
1530
1530
1531
1531
1532
1532
1533
1533
1534
1534
1535
1535
1536
1536
1537
1537
1538
1538
1539
1539
1540
1540
1541
1541
1542
1542
1543
1544
1544
1545
1545
1546
1546
1547
1547
1548
1548
1549
1549
1550
1550
1551
1551
1552
1552
1553
1553
1554
1554
1555
1555
1556
1556
1557
1557
1558
1558
1559
1559
1560
1560
1561
1561
1562
1562
1563
1563
1564
1564
1565
1565
1566
1566
1567
1567
1568
1568
1569
1569
1570
1570
1571
1571
1572
1572
1573
1573
1574
1574
1575
1575
1576
1576
1577
1577
1578
1578
1579
1580
1580
1581
1581
1582
1582
1583
1583
1584
1584
1585
1585
1586
1586
1587
1587
1588
1588
1589
1589
1590
1590
1591
1591
1592
1592
1593
1593
1594
1594
1595
1595
1596
1596
1597
1597
1598
1598
1599
1599
1600
1600
1601
1601
1602
1602
1603
1603
1604
1604
1605
1605
1606
1606
1607
1607
1608
1608
1609
1609
1610
1610
1611
1611
1612
1612
1613
1613
1614
1614
1615
1616
1616
1617
1617
1618
1618
1619
1619
1620
1620
1621
1621
1622
1622
1623
1623
1624
1624
1625
1625
1626
1626
1627
1627
1628
1628
1629
1629
1630
1630
1631
1631
1632
1632
1633
1633
1634
1634
1635
1635
1636
1636
1637
1637
1638
1638
1639
1639
1640
1640
1641
1641
1642
1642
1643
1643
1644
1644
1645
1645
1646
1646
1647
1647
1648
1648
1649
1649
1650
1650
1651
1652
1653
1654
1655
1656
1657
1658
1659
1660
1661
1662
1663
1664
1665
1666
1667
1668
1669
1670
1671
1672
1673
1674
1675
1676
1677
1678
1679
1680
1681
1682
1683
1684
1685
1686
0
17
34
51
68
85
102
119
136
153
806
883
960
1037
1114
1191
1268
1345
652
729
176
177
190
191
192
193
194
195
196
197
198
199
200
201
202
203
204
205
206
207
208
209
210
211
212
213
214
215
216
217
218
219
220
221
222
223
224
225
562
563
0
1
2
3
4
5
6
7
8
9
10
11
12
13
14
15
16
170
171
172
442
443
444
176
178
180
182
184
186
188
563
565
567
569
571
573
575
557
559
561
1346
1347
1348
576
577
578
579
580
581
582
583
584
585
586
587
588
589
590
591
592
593
594
595
596
597
598
599
600
601
602
603
604
605
606
607
608
609
610
611
612
613
614
615
616
617
618
619
620
621
622
623
624
625
626
627
628
629
630
631
632
633
634
635
636
637
638
639
640
641
642
643
644
645
646
647
648
649
650
651
652
153
154
155
156
157
158
159
160
161
162
163
164
165
166
167
168
169
1397
1398
1399
1652
1653
1654
1655
1656
1657
1658
1659
1660
1661
1662
1663
1664
1665
1666
1667
1668
1669
1670
1671
1672
1673
1674
1675
1676
1677
1678
1679
1680
1681
1682
1683
1684
1685
1686
1687
1373
1374
1375
1269
1270
1271
1272
1273
1274
1275
1276
1277
1278
1279
1280
1281
1282
1283
1284
1285
1286
1287
1288
1289
1290
1291
1292
1293
1294
1295
1296
1297
1298
1299
1300
1301
1302
1303
1304
1305
1306
1307
1308
1309
1310
1311
1312
1313
1314
1315
1316
1317
1318
1319
1320
1321
1322
1323
1324
1325
1326
1327
1328
1329
1330
1331
1332
1333
1334
1335
1336
1337
1338
1339
1340
1341
1342
1343
1344
1345
0
17
1
18
2
19
3
20
4
21
5
22
6
23
7
24
8
25
9
26
10
27
11
28
12
29
13
30
14
31
15
32
16
33
34
51
68
85
102
119
136
153
35
52
69
86
103
120
137
154
36
53
70
87
104
121
138
155
37
54
71
88
105
122
139
156
38
55
72
89
106
123
140
157
39
56
73
90
107
124
141
158
40
57
74
91
108
125
142
159
41
58
75
92
109
126
143
160
42
59
76
93
110
127
144
161
43
60
77
94
111
128
145
162
44
61
78
95
112
129
146
163
45
62
79
96
113
130
147
164
46
63
80
97
114
131
148
165
47
64
81
98
115
132
149
166
48
65
82
99
116
133
150
167
49
66
83
100
117
134
151
168
50
67
84
101
118
135
152
169
170
173
171
174
172
175
1376
1379
1382
1385
1388
1391
1394
1397
1377
1380
1383
1386
1389
1392
1395
1398
1378
1381
1384
1387
1390
1393
1396
1399
176
178
180
182
184
186
188
177
179
181
183
185
187
189
190
226
262
298
334
370
406
191
227
263
299
335
371
407
192
228
264
300
336
372
408
193
229
265
301
337
373
409
194
230
266
302
338
374
410
195
231
267
303
339
375
411
196
232
268
304
340
376
412
197
233
269
305
341
377
413
198
234
270
306
342
378
414
199
235
271
307
343
379
415
200
236
272
308
344
380
416
201
237
273
309
345
381
417
202
238
274
310
346
382
418
203
239
275
311
347
383
419
204
240
276
312
348
384
420
205
241
277
313
349
385
421
206
242
278
314
350
386
422
207
243
279
315
351
387
423
208
244
280
316
352
388
424
209
245
281
317
353
389
425
210
246
282
318
354
390
426
211
247
283
319
355
391
427
212
248
284
320
356
392
428
213
249
285
321
357
393
429
214
250
286
322
358
394
430
215
251
287
323
359
395
431
216
252
288
324
360
396
432
217
253
289
325
361
397
433
218
254
290
326
362
398
434
219
255
291
327
363
399
435
220
256
292
328
364
400
436
221
257
293
329
365
401
437
222
258
294
330
366
402
438
223
259
295
331
367
403
439
224
260
296
332
368
404
440
225
261
297
333
369
405
441
562
564
566
568
570
572
574
563
565
567
569
571
573
575
556
558
560
557
559
561
1346
1349
1347
1350
1348
1351
576
653
577
654
578
655
579
656
580
657
581
658
582
659
583
660
584
661
585
662
586
663
587
664
588
665
589
666
590
667
591
668
592
669
593
670
594
671
595
672
596
673
597
674
598
675
599
676
600
677
601
678
602
679
603
680
604
681
605
682
606
683
607
684
608
685
609
686
610
687
611
688
612
689
613
690
614
691
615
692
616
693
617
694
618
695
619
696
620
697
621
698
622
699
623
700
624
701
625
702
626
703
627
704
628
705
629
706
630
707
631
708
632
709
633
710
634
711
635
712
636
713
637
714
638
715
639
716
640
717
641
718
642
719
643
720
644
721
645
722
646
723
647
724
648
725
649
726
650
727
651
728
652
729
730
807
884
961
1038
1115
1192
1269
731
808
885
962
1039
1116
1193
1270
732
809
886
963
1040
1117
1194
1271
733
810
887
964
1041
1118
1195
1272
734
811
888
965
1042
1119
1196
1273
735
812
889
966
1043
1120
1197
1274
736
813
890
967
1044
1121
1198
1275
737
814
891
968
1045
1122
1199
1276
738
815
892
969
1046
1123
1200
1277
739
816
893
970
1047
1124
1201
1278
740
817
894
971
1048
1125
1202
1279
741
818
895
972
1049
1126
1203
1280
742
819
896
973
1050
1127
1204
1281
743
820
897
974
1051
1128
1205
1282
744
821
898
975
1052
1129
1206
1283
745
822
899
976
1053
1130
1207
1284
746
823
900
977
1054
1131
1208
1285
747
824
901
978
1055
1132
1209
1286
748
825
902
979
1056
1133
1210
1287
749
826
903
980
1057
1134
1211
1288
750
827
904
981
1058
1135
1212
1289
751
828
905
982
1059
1136
1213
1290
752
829
906
983
1060
1137
1214
1291
753
830
907
984
1061
1138
1215
1292
754
831
908
985
1062
1139
1216
1293
755
832
909
986
1063
1140
1217
1294
756
833
910
987
1064
1141
1218
1295
757
834
911
988
1065
1142
1219
1296
758
835
912
989
1066
1143
1220
1297
759
836
913
990
1067
1144
1221
1298
760
837
914
991
1068
1145
1222
1299
761
838
915
992
1069
1146
1223
1300
762
839
916
993
1070
1147
1224
1301
763
840
917
994
1071
1148
1225
1302
764
841
918
995
1072
1149
1226
1303
765
842
919
996
1073
1150
1227
1304
766
843
920
997
1074
1151
1228
1305
767
844
921
998
1075
1152
1229
1306
768
845
922
999
1076
1153
1230
1307
769
846
923
1000
1077
1154
1231
1308
770
847
924
1001
1078
1155
1232
1309
771
848
925
1002
1079
1156
1233
1310
772
849
926
1003
1080
1157
1234
1311
773
850
927
1004
1081
1158
1235
1312
774
851
928
1005
1082
1159
1236
1313
775
852
929
1006
1083
1160
1237
1314
776
853
930
1007
1084
1161
1238
1315
777
854
931
1008
1085
1162
1239
1316
778
855
932
1009
1086
1163
1240
1317
779
856
933
1010
1087
1164
1241
1318
780
857
934
1011
1088
1165
1242
1319
781
858
935
1012
1089
1166
1243
1320
782
859
936
1013
1090
1167
1244
1321
783
860
937
1014
1091
1168
1245
1322
784
861
938
1015
1092
1169
1246
1323
785
862
939
1016
1093
1170
1247
1324
786
863
940
1017
1094
1171
1248
1325
787
864
941
1018
1095
1172
1249
1326
788
865
942
1019
1096
1173
1250
1327
789
866
943
1020
1097
1174
1251
1328
790
867
944
1021
1098
1175
1252
1329
791
868
945
1022
1099
1176
1253
1330
792
869
946
1023
1100
1177
1254
1331
793
870
947
1024
1101
1178
1255
1332
794
871
948
1025
1102
1179
1256
1333
795
872
949
1026
1103
1180
1257
1334
796
873
950
1027
1104
1181
1258
1335
797
874
951
1028
1105
1182
1259
1336
798
875
952
1029
1106
1183
1260
1337
799
876
953
1030
1107
1184
1261
1338
800
877
954
1031
1108
1185
1262
1339
801
878
955
1032
1109
1186
1263
1340
802
879
956
1033
1110
1187
1264
1341
803
880
957
1034
1111
1188
1265
1342
804
881
958
1035
1112
1189
1266
1343
805
882
959
1036
1113
1190
1267
1344
806
883
960
1037
1114
1191
1268
1345
1352
1355
1358
1361
1364
1367
1370
1373
1353
1356
1359
1362
1365
1368
1371
1374
1354
1357
1360
1363
1366
1369
1372
1375
442
445
443
446
444
447
448
484
520
449
485
521
450
486
522
451
487
523
452
488
524
453
489
525
454
490
526
455
491
527
456
492
528
457
493
529
458
494
530
459
495
531
460
496
532
461
497
533
462
498
534
463
499
535
464
500
536
465
501
537
466
502
538
467
503
539
468
504
540
469
505
541
470
506
542
471
507
543
472
508
544
473
509
545
474
510
546
475
511
547
476
512
548
477
513
549
478
514
550
479
515
551
480
516
552
481
517
553
482
518
554
483
519
555
1400
1436
1472
1508
1544
1580
1616
1652
1401
1437
1473
1509
1545
1581
1617
1653
1402
1438
1474
1510
1546
1582
1618
1654
1403
1439
1475
1511
1547
1583
1619
1655
1404
1440
1476
1512
1548
1584
1620
1656
1405
1441
1477
1513
1549
1585
1621
1657
1406
1442
1478
1514
1550
1586
1622
1658
1407
1443
1479
1515
1551
1587
1623
1659
1408
1444
1480
1516
1552
1588
1624
1660
1409
1445
1481
1517
1553
1589
1625
1661
1410
1446
1482
1518
1554
1590
1626
1662
1411
1447
1483
1519
1555
1591
1627
1663
1412
1448
1484
1520
1556
1592
1628
1664
1413
1449
1485
1521
1557
1593
1629
1665
1414
1450
1486
1522
1558
1594
1630
1666
1415
1451
1487
1523
1559
1595
1631
1667
1416
1452
1488
1524
1560
1596
1632
1668
1417
1453
1489
1525
1561
1597
1633
1669
1418
1454
1490
1526
1562
1598
1634
1670
1419
1455
1491
1527
1563
1599
1635
1671
1420
1456
1492
1528
1564
1600
1636
1672
1421
1457
1493
1529
1565
1601
1637
1673
1422
1458
1494
1530
1566
1602
1638
1674
1423
1459
1495
1531
1567
1603
1639
1675
1424
1460
1496
1532
1568
1604
1640
1676
1425
1461
1497
1533
1569
1605
1641
1677
1426
1462
1498
1534
1570
1606
1642
1678
1427
1463
1499
1535
1571
1607
1643
1679
1428
1464
1500
1536
1572
1608
1644
1680
1429
1465
1501
1537
1573
1609
1645
1681
1430
1466
1502
1538
1574
1610
1646
1682
1431
1467
1503
1539
1575
1611
1647
1683
1432
1468
1504
1540
1576
1612
1648
1684
1433
1469
1505
1541
1577
1613
1649
1685
1434
1470
1506
1542
1578
1614
1650
1686
1435
1471
1507
1543
1579
1615
1651
1687
34
51
68
85
102
119
136
153
35
52
69
86
103
120
137
154
36
53
70
87
104
121
138
155
37
54
71
88
105
122
139
156
38
55
72
89
106
123
140
157
39
56
73
90
107
124
141
158
40
57
74
91
108
125
142
159
41
58
75
92
109
126
143
160
42
59
76
93
110
127
144
161
43
60
77
94
111
128
145
162
44
61
78
95
112
129
146
163
45
62
79
96
113
130
147
164
46
63
80
97
114
131
148
165
47
64
81
98
115
132
149
166
48
65
82
99
116
133
150
167
49
66
83
100
117
134
151
168
50
67
84
101
118
135
152
169
0
17
1
18
2
19
3
20
4
21
5
22
6
23
7
24
8
25
9
26
10
27
11
28
12
29
13
30
14
31
15
32
16
33
170
173
171
174
172
175
1376
1379
1382
1385
1388
1391
1394
1397
1377
1380
1383
1386
1389
1392
1395
1398
1378
1381
1384
1387
1390
1393
1396
1399
1400
1436
1472
1508
1544
1580
1616
1652
1401
1437
1473
1509
1545
1581
1617
1653
1402
1438
1474
1510
1546
1582
1618
1654
1403
1439
1475
1511
1547
1583
1619
1655
1404
1440
1476
1512
1548
1584
1620
1656
1405
1441
1477
1513
1549
1585
1621
1657
1406
1442
1478
1514
1550
1586
1622
1658
1407
1443
1479
1515
1551
1587
1623
1659
1408
1444
1480
1516
1552
1588
1624
1660
1409
1445
1481
1517
1553
1589
1625
1661
1410
1446
1482
1518
1554
1590
1626
1662
1411
1447
1483
1519
1555
1591
1627
1663
1412
1448
1484
1520
1556
1592
1628
1664
1413
1449
1485
1521
1557
1593
1629
1665
1414
1450
1486
1522
1558
1594
1630
1666
1415
1451
1487
1523
1559
1595
1631
1667
1416
1452
1488
1524
1560
1596
1632
1668
1417
1453
1489
1525
1561
1597
1633
1669
1418
1454
1490
1526
1562
1598
1634
1670
1419
1455
1491
1527
1563
1599
1635
1671
1420
1456
1492
1528
1564
1600
1636
1672
1421
1457
1493
1529
1565
1601
1637
1673
1422
1458
1494
1530
1566
1602
1638
1674
1423
1459
1495
1531
1567
1603
1639
1675
1424
1460
1496
1532
1568
1604
1640
1676
1425
1461
1497
1533
1569
1605
1641
1677
1426
1462
1498
1534
1570
1606
1642
1678
1427
1463
1499
1535
1571
1607
1643
1679
1428
1464
1500
1536
1572
1608
1644
1680
1429
1465
1501
1537
1573
1609
1645
1681
1430
1466
1502
1538
1574
1610
1646
1682
1431
1467
1503
1539
1575
1611
1647
1683
1432
1468
1504
1540
1576
1612
1648
1684
1433
1469
1505
1541
1577
1613
1649
1685
1434
1470
1506
1542
1578
1614
1650
1686
1435
1471
1507
1543
1579
1615
1651
1687
1352
1355
1358
1361
1364
1367
1370
1373
1353
1356
1359
1362
1365
1368
1371
1374
1354
1357
1360
1363
1366
1369
1372
1375
730
807
884
961
1038
1115
1192
1269
731
808
885
962
1039
1116
1193
1270
732
809
886
963
1040
1117
1194
1271
733
810
887
964
1041
1118
1195
1272
734
811
888
965
1042
1119
1196
1273
735
812
889
966
1043
1120
1197
1274
736
813
890
967
1044
1121
1198
1275
737
814
891
968
1045
1122
1199
1276
738
815
892
969
1046
1123
1200
1277
739
816
893
970
1047
1124
1201
1278
740
817
894
971
1048
1125
1202
1279
741
818
895
972
1049
1126
1203
1280
742
819
896
973
1050
1127
1204
1281
743
820
897
974
1051
1128
1205
1282
744
821
898
975
1052
1129
1206
1283
745
822
899
976
1053
1130
1207
1284
746
823
900
977
1054
1131
1208
1285
747
824
901
978
1055
1132
1209
1286
748
825
902
979
1056
1133
1210
1287
749
826
903
980
1057
1134
1211
1288
750
827
904
981
1058
1135
1212
1289
751
828
905
982
1059
1136
1213
1290
752
829
906
983
1060
1137
1214
1291
753
830
907
984
1061
1138
1215
1292
754
831
908
985
1062
1139
1216
1293
755
832
909
986
1063
1140
1217
1294
756
833
910
987
1064
1141
1218
1295
757
834
911
988
1065
1142
1219
1296
758
835
912
989
1066
1143
1220
1297
759
836
913
990
1067
1144
1221
1298
760
837
914
991
1068
1145
1222
1299
761
838
915
992
1069
1146
1223
1300
762
839
916
993
1070
1147
1224
1301
763
840
917
994
1071
1148
1225
1302
764
841
918
995
1072
1149
1226
1303
765
842
919
996
1073
1150
1227
1304
766
843
920
997
1074
1151
1228
1305
767
844
921
998
1075
1152
1229
1306
768
845
922
999
1076
1153
1230
1307
769
846
923
1000
1077
1154
1231
1308
770
847
924
1001
1078
1155
1232
1309
771
848
925
1002
1079
1156
1233
1310
772
849
926
1003
1080
1157
1234
1311
773
850
927
1004
1081
1158
1235
1312
774
851
928
1005
1082
1159
1236
1313
775
852
929
1006
1083
1160
1237
1314
776
853
930
1007
1084
1161
1238
1315
777
854
931
1008
1085
1162
1239
1316
778
855
932
1009
1086
1163
1240
1317
779
856
933
1010
1087
1164
1241
1318
780
857
934
1011
1088
1165
1242
1319
781
858
935
1012
1089
1166
1243
1320
782
859
936
1013
1090
1167
1244
1321
783
860
937
1014
1091
1168
1245
1322
784
861
938
1015
1092
1169
1246
1323
785
862
939
1016
1093
1170
1247
1324
786
863
940
1017
1094
1171
1248
1325
787
864
941
1018
1095
1172
1249
1326
788
865
942
1019
1096
1173
1250
1327
789
866
943
1020
1097
1174
1251
1328
790
867
944
1021
1098
1175
1252
1329
791
868
945
1022
1099
1176
1253
1330
792
869
946
1023
1100
1177
1254
1331
793
870
947
1024
1101
1178
1255
1332
794
871
948
1025
1102
1179
1256
1333
795
872
949
1026
1103
1180
1257
1334
796
873
950
1027
1104
1181
1258
1335
797
874
951
1028
1105
1182
1259
1336
798
875
952
1029
1106
1183
1260
1337
799
876
953
1030
1107
1184
1261
1338
800
877
954
1031
1108
1185
1262
1339
801
878
955
1032
1109
1186
1263
1340
802
879
956
1033
1110
1187
1264
1341
803
880
957
1034
1111
1188
1265
1342
804
881
958
1035
1112
1189
1266
1343
805
882
959
1036
1113
1190
1267
1344
806
883
960
1037
1114
1191
1268
1345
576
653
577
654
578
655
579
656
580
657
581
658
582
659
583
660
584
661
585
662
586
663
587
664
588
665
589
666
590
667
591
668
592
669
593
670
594
671
595
672
596
673
597
674
598
675
599
676
600
677
601
678
602
679
603
680
604
681
605
682
606
683
607
684
608
685
609
686
610
687
611
688
612
689
613
690
614
691
615
692
616
693
617
694
618
695
619
696
620
697
621
698
622
699
623
700
624
701
625
702
626
703
627
704
628
705
629
706
630
707
631
708
632
709
633
710
634
711
635
712
636
713
637
714
638
715
639
716
640
717
641
718
642
719
643
720
644
721
645
722
646
723
647
724
648
725
649
726
650
727
651
728
652
729
1346
1349
1347
1350
1348
1351
176
178
180
182
184
186
188
177
179
181
183
185
187
189
190
226
262
298
334
370
406
191
227
263
299
335
371
407
192
228
264
300
336
372
408
193
229
265
301
337
373
409
194
230
266
302
338
374
410
195
231
267
303
339
375
411
196
232
268
304
340
376
412
197
233
269
305
341
377
413
198
234
270
306
342
378
414
199
235
271
307
343
379
415
200
236
272
308
344
380
416
201
237
273
309
345
381
417
202
238
274
310
346
382
418
203
239
275
311
347
383
419
204
240
276
312
348
384
420
205
241
277
313
349
385
421
206
242
278
314
350
386
422
207
243
279
315
351
387
423
208
244
280
316
352
388
424
209
245
281
317
353
389
425
210
246
282
318
354
390
426
211
247
283
319
355
391
427
212
248
284
320
356
392
428
213
249
285
321
357
393
429
214
250
286
322
358
394
430
215
251
287
323
359
395
431
216
252
288
324
360
396
432
217
253
289
325
361
397
433
218
254
290
326
362
398
434
219
255
291
327
363
399
435
220
256
292
328
364
400
436
221
257
293
329
365
401
437
222
258
294
330
366
402
438
223
259
295
331
367
403
439
224
260
296
332
368
404
440
225
261
297
333
369
405
441
562
564
566
568
570
572
574
563
565
567
569
571
573
575
556
558
560
557
559
561
448
484
520
449
485
521
450
486
522
451
487
523
452
488
524
453
489
525
454
490
526
455
491
527
456
492
528
457
493
529
458
494
530
459
495
531
460
496
532
461
497
533
462
498
534
463
499
535
464
500
536
465
501
537
466
502
538
467
503
539
468
504
540
469
505
541
470
506
542
471
507
543
472
508
544
473
509
545
474
510
546
475
511
547
476
512
548
477
513
549
478
514
550
479
515
551
480
516
552
481
517
553
482
518
554
483
519
555
442
445
443
446
444
447
)


// ************************************************************************* //
