/*--------------------------------*- C++ -*----------------------------------*\
| =========                 |                                                 |
| \\      /  F ield         | OpenFOAM: The Open Source CFD Toolbox           |
|  \\    /   O peration     | Version:  2412                                  |
|   \\  /    A nd           | Website:  www.openfoam.com                      |
|    \\/     M anipulation  |                                                 |
\*---------------------------------------------------------------------------*/
FoamFile
{
    version     2.0;
    format      ascii;
    arch        "LSB;label=32;scalar=64";
    class       vectorField;
    location    "constant/fluid/polyMesh";
    object      points;
}
// * * * * * * * * * * * * * * * * * * * * * * * * * * * * * * * * * * * * * //


3694
(
(0 1 0)
(0.1029411765 1 0)
(0.2058823529 1 0)
(0.3088235294 1 0)
(0.4117647059 1 0)
(0.5147058824 1 0)
(0.6176470588 1 0)
(0.7205882353 1 0)
(0.8235294118 1 0)
(0.9264705882 1 0)
(1.029411765 1 0)
(1.132352941 1 0)
(1.235294118 1 0)
(1.338235294 1 0)
(1.441176471 1 0)
(1.544117647 1 0)
(1.647058824 1 0)
(1.75 1 0)
(0 1.1 0)
(0.1029411765 1.1 0)
(0.2058823529 1.1 0)
(0.3088235294 1.1 0)
(0.4117647059 1.1 0)
(0.5147058824 1.1 0)
(0.6176470588 1.1 0)
(0.7205882353 1.1 0)
(0.8235294118 1.1 0)
(0.9264705882 1.1 0)
(1.029411765 1.1 0)
(1.132352941 1.1 0)
(1.235294118 1.1 0)
(1.338235294 1.1 0)
(1.441176471 1.1 0)
(1.544117647 1.1 0)
(1.647058824 1.1 0)
(1.75 1.1 0)
(0 1.2 0)
(0.1029411765 1.2 0)
(0.2058823529 1.2 0)
(0.3088235294 1.2 0)
(0.4117647059 1.2 0)
(0.5147058824 1.2 0)
(0.6176470588 1.2 0)
(0.7205882353 1.2 0)
(0.8235294118 1.2 0)
(0.9264705882 1.2 0)
(1.029411765 1.2 0)
(1.132352941 1.2 0)
(1.235294118 1.2 0)
(1.338235294 1.2 0)
(1.441176471 1.2 0)
(1.544117647 1.2 0)
(1.647058824 1.2 0)
(1.75 1.2 0)
(0 1 1)
(0.1029411765 1 1)
(0.2058823529 1 1)
(0.3088235294 1 1)
(0.4117647059 1 1)
(0.5147058824 1 1)
(0.6176470588 1 1)
(0.7205882353 1 1)
(0.8235294118 1 1)
(0.9264705882 1 1)
(1.029411765 1 1)
(1.132352941 1 1)
(1.235294118 1 1)
(1.338235294 1 1)
(1.441176471 1 1)
(1.544117647 1 1)
(1.647058824 1 1)
(1.75 1 1)
(0 1.1 1)
(0.1029411765 1.1 1)
(0.2058823529 1.1 1)
(0.3088235294 1.1 1)
(0.4117647059 1.1 1)
(0.5147058824 1.1 1)
(0.6176470588 1.1 1)
(0.7205882353 1.1 1)
(0.8235294118 1.1 1)
(0.9264705882 1.1 1)
(1.029411765 1.1 1)
(1.132352941 1.1 1)
(1.235294118 1.1 1)
(1.338235294 1.1 1)
(1.441176471 1.1 1)
(1.544117647 1.1 1)
(1.647058824 1.1 1)
(1.75 1.1 1)
(0 1.2 1)
(0.1029411765 1.2 1)
(0.2058823529 1.2 1)
(0.3088235294 1.2 1)
(0.4117647059 1.2 1)
(0.5147058824 1.2 1)
(0.6176470588 1.2 1)
(0.7205882353 1.2 1)
(0.8235294118 1.2 1)
(0.9264705882 1.2 1)
(1.029411765 1.2 1)
(1.132352941 1.2 1)
(1.235294118 1.2 1)
(1.338235294 1.2 1)
(1.441176471 1.2 1)
(1.544117647 1.2 1)
(1.647058824 1.2 1)
(1.75 1.2 1)
(0 1.3 0)
(0.1029411765 1.3 0)
(0.2058823529 1.3 0)
(0.3088235294 1.3 0)
(0.4117647059 1.3 0)
(0.5147058824 1.3 0)
(0.6176470588 1.3 0)
(0.7205882353 1.3 0)
(0.8235294118 1.3 0)
(0.9264705882 1.3 0)
(1.029411765 1.3 0)
(1.132352941 1.3 0)
(1.235294118 1.3 0)
(1.338235294 1.3 0)
(1.441176471 1.3 0)
(1.544117647 1.3 0)
(1.647058824 1.3 0)
(1.75 1.3 0)
(0 1.4 0)
(0.1029411765 1.4 0)
(0.2058823529 1.4 0)
(0.3088235294 1.4 0)
(0.4117647059 1.4 0)
(0.5147058824 1.4 0)
(0.6176470588 1.4 0)
(0.7205882353 1.4 0)
(0.8235294118 1.4 0)
(0.9264705882 1.4 0)
(1.029411765 1.4 0)
(1.132352941 1.4 0)
(1.235294118 1.4 0)
(1.338235294 1.4 0)
(1.441176471 1.4 0)
(1.544117647 1.4 0)
(1.647058824 1.4 0)
(1.75 1.4 0)
(0 1.5 0)
(0.1029411765 1.5 0)
(0.2058823529 1.5 0)
(0.3088235294 1.5 0)
(0.4117647059 1.5 0)
(0.5147058824 1.5 0)
(0.6176470588 1.5 0)
(0.7205882353 1.5 0)
(0.8235294118 1.5 0)
(0.9264705882 1.5 0)
(1.029411765 1.5 0)
(1.132352941 1.5 0)
(1.235294118 1.5 0)
(1.338235294 1.5 0)
(1.441176471 1.5 0)
(1.544117647 1.5 0)
(1.647058824 1.5 0)
(1.75 1.5 0)
(0 1.6 0)
(0.1029411765 1.6 0)
(0.2058823529 1.6 0)
(0.3088235294 1.6 0)
(0.4117647059 1.6 0)
(0.5147058824 1.6 0)
(0.6176470588 1.6 0)
(0.7205882353 1.6 0)
(0.8235294118 1.6 0)
(0.9264705882 1.6 0)
(1.029411765 1.6 0)
(1.132352941 1.6 0)
(1.235294118 1.6 0)
(1.338235294 1.6 0)
(1.441176471 1.6 0)
(1.544117647 1.6 0)
(1.647058824 1.6 0)
(1.75 1.6 0)
(0 1.7 0)
(0.1029411765 1.7 0)
(0.2058823529 1.7 0)
(0.3088235294 1.7 0)
(0.4117647059 1.7 0)
(0.5147058824 1.7 0)
(0.6176470588 1.7 0)
(0.7205882353 1.7 0)
(0.8235294118 1.7 0)
(0.9264705882 1.7 0)
(1.029411765 1.7 0)
(1.132352941 1.7 0)
(1.235294118 1.7 0)
(1.338235294 1.7 0)
(1.441176471 1.7 0)
(1.544117647 1.7 0)
(1.647058824 1.7 0)
(1.75 1.7 0)
(0 1.8 0)
(0.1029411765 1.8 0)
(0.2058823529 1.8 0)
(0.3088235294 1.8 0)
(0.4117647059 1.8 0)
(0.5147058824 1.8 0)
(0.6176470588 1.8 0)
(0.7205882353 1.8 0)
(0.8235294118 1.8 0)
(0.9264705882 1.8 0)
(1.029411765 1.8 0)
(1.132352941 1.8 0)
(1.235294118 1.8 0)
(1.338235294 1.8 0)
(1.441176471 1.8 0)
(1.544117647 1.8 0)
(1.647058824 1.8 0)
(1.75 1.8 0)
(0 1.9 0)
(0.1029411765 1.9 0)
(0.2058823529 1.9 0)
(0.3088235294 1.9 0)
(0.4117647059 1.9 0)
(0.5147058824 1.9 0)
(0.6176470588 1.9 0)
(0.7205882353 1.9 0)
(0.8235294118 1.9 0)
(0.9264705882 1.9 0)
(1.029411765 1.9 0)
(1.132352941 1.9 0)
(1.235294118 1.9 0)
(1.338235294 1.9 0)
(1.441176471 1.9 0)
(1.544117647 1.9 0)
(1.647058824 1.9 0)
(1.75 1.9 0)
(0 2 0)
(0.1029411765 2 0)
(0.2058823529 2 0)
(0.3088235294 2 0)
(0.4117647059 2 0)
(0.5147058824 2 0)
(0.6176470588 2 0)
(0.7205882353 2 0)
(0.8235294118 2 0)
(0.9264705882 2 0)
(1.029411765 2 0)
(1.132352941 2 0)
(1.235294118 2 0)
(1.338235294 2 0)
(1.441176471 2 0)
(1.544117647 2 0)
(1.647058824 2 0)
(1.75 2 0)
(0 1.3 1)
(0.1029411765 1.3 1)
(0.2058823529 1.3 1)
(0.3088235294 1.3 1)
(0.4117647059 1.3 1)
(0.5147058824 1.3 1)
(0.6176470588 1.3 1)
(0.7205882353 1.3 1)
(0.8235294118 1.3 1)
(0.9264705882 1.3 1)
(1.029411765 1.3 1)
(1.132352941 1.3 1)
(1.235294118 1.3 1)
(1.338235294 1.3 1)
(1.441176471 1.3 1)
(1.544117647 1.3 1)
(1.647058824 1.3 1)
(1.75 1.3 1)
(0 1.4 1)
(0.1029411765 1.4 1)
(0.2058823529 1.4 1)
(0.3088235294 1.4 1)
(0.4117647059 1.4 1)
(0.5147058824 1.4 1)
(0.6176470588 1.4 1)
(0.7205882353 1.4 1)
(0.8235294118 1.4 1)
(0.9264705882 1.4 1)
(1.029411765 1.4 1)
(1.132352941 1.4 1)
(1.235294118 1.4 1)
(1.338235294 1.4 1)
(1.441176471 1.4 1)
(1.544117647 1.4 1)
(1.647058824 1.4 1)
(1.75 1.4 1)
(0 1.5 1)
(0.1029411765 1.5 1)
(0.2058823529 1.5 1)
(0.3088235294 1.5 1)
(0.4117647059 1.5 1)
(0.5147058824 1.5 1)
(0.6176470588 1.5 1)
(0.7205882353 1.5 1)
(0.8235294118 1.5 1)
(0.9264705882 1.5 1)
(1.029411765 1.5 1)
(1.132352941 1.5 1)
(1.235294118 1.5 1)
(1.338235294 1.5 1)
(1.441176471 1.5 1)
(1.544117647 1.5 1)
(1.647058824 1.5 1)
(1.75 1.5 1)
(0 1.6 1)
(0.1029411765 1.6 1)
(0.2058823529 1.6 1)
(0.3088235294 1.6 1)
(0.4117647059 1.6 1)
(0.5147058824 1.6 1)
(0.6176470588 1.6 1)
(0.7205882353 1.6 1)
(0.8235294118 1.6 1)
(0.9264705882 1.6 1)
(1.029411765 1.6 1)
(1.132352941 1.6 1)
(1.235294118 1.6 1)
(1.338235294 1.6 1)
(1.441176471 1.6 1)
(1.544117647 1.6 1)
(1.647058824 1.6 1)
(1.75 1.6 1)
(0 1.7 1)
(0.1029411765 1.7 1)
(0.2058823529 1.7 1)
(0.3088235294 1.7 1)
(0.4117647059 1.7 1)
(0.5147058824 1.7 1)
(0.6176470588 1.7 1)
(0.7205882353 1.7 1)
(0.8235294118 1.7 1)
(0.9264705882 1.7 1)
(1.029411765 1.7 1)
(1.132352941 1.7 1)
(1.235294118 1.7 1)
(1.338235294 1.7 1)
(1.441176471 1.7 1)
(1.544117647 1.7 1)
(1.647058824 1.7 1)
(1.75 1.7 1)
(0 1.8 1)
(0.1029411765 1.8 1)
(0.2058823529 1.8 1)
(0.3088235294 1.8 1)
(0.4117647059 1.8 1)
(0.5147058824 1.8 1)
(0.6176470588 1.8 1)
(0.7205882353 1.8 1)
(0.8235294118 1.8 1)
(0.9264705882 1.8 1)
(1.029411765 1.8 1)
(1.132352941 1.8 1)
(1.235294118 1.8 1)
(1.338235294 1.8 1)
(1.441176471 1.8 1)
(1.544117647 1.8 1)
(1.647058824 1.8 1)
(1.75 1.8 1)
(0 1.9 1)
(0.1029411765 1.9 1)
(0.2058823529 1.9 1)
(0.3088235294 1.9 1)
(0.4117647059 1.9 1)
(0.5147058824 1.9 1)
(0.6176470588 1.9 1)
(0.7205882353 1.9 1)
(0.8235294118 1.9 1)
(0.9264705882 1.9 1)
(1.029411765 1.9 1)
(1.132352941 1.9 1)
(1.235294118 1.9 1)
(1.338235294 1.9 1)
(1.441176471 1.9 1)
(1.544117647 1.9 1)
(1.647058824 1.9 1)
(1.75 1.9 1)
(0 2 1)
(0.1029411765 2 1)
(0.2058823529 2 1)
(0.3088235294 2 1)
(0.4117647059 2 1)
(0.5147058824 2 1)
(0.6176470588 2 1)
(0.7205882353 2 1)
(0.8235294118 2 1)
(0.9264705882 2 1)
(1.029411765 2 1)
(1.132352941 2 1)
(1.235294118 2 1)
(1.338235294 2 1)
(1.441176471 2 1)
(1.544117647 2 1)
(1.647058824 2 1)
(1.75 2 1)
(1.814704761 0.9914814566 0)
(1.875 0.9665063509 0)
(1.926776695 0.9267766953 0)
(1.84386207 1.086486395 0)
(1.92907582 1.045071245 0)
(1.997487374 0.9798097036 0)
(1.873019379 1.181491332 0)
(1.98315164 1.123636138 0)
(2.068198052 1.032842712 0)
(1.814704761 0.9914814566 1)
(1.875 0.9665063509 1)
(1.926776695 0.9267766953 1)
(1.84386207 1.086486395 1)
(1.92907582 1.045071245 1)
(1.997487374 0.9798097036 1)
(1.873019379 1.181491332 1)
(1.98315164 1.123636138 1)
(2.068198052 1.032842712 1)
(2 0 0)
(2.1 0 0)
(2.2 0 0)
(2 0.1071428571 0)
(2.1 0.1071428571 0)
(2.2 0.1071428571 0)
(2 0.2142857143 0)
(2.1 0.2142857143 0)
(2.2 0.2142857143 0)
(2 0.3214285714 0)
(2.1 0.3214285714 0)
(2.2 0.3214285714 0)
(2 0.4285714286 0)
(2.1 0.4285714286 0)
(2.2 0.4285714286 0)
(2 0.5357142857 0)
(2.1 0.5357142857 0)
(2.2 0.5357142857 0)
(2 0.6428571429 0)
(2.1 0.6428571429 0)
(2.2 0.6428571429 0)
(2 0.75 0)
(2.1 0.75 0)
(2.2 0.75 0)
(2 0 1)
(2.1 0 1)
(2.2 0 1)
(2 0.1071428571 1)
(2.1 0.1071428571 1)
(2.2 0.1071428571 1)
(2 0.2142857143 1)
(2.1 0.2142857143 1)
(2.2 0.2142857143 1)
(2 0.3214285714 1)
(2.1 0.3214285714 1)
(2.2 0.3214285714 1)
(2 0.4285714286 1)
(2.1 0.4285714286 1)
(2.2 0.4285714286 1)
(2 0.5357142857 1)
(2.1 0.5357142857 1)
(2.2 0.5357142857 1)
(2 0.6428571429 1)
(2.1 0.6428571429 1)
(2.2 0.6428571429 1)
(2 0.75 1)
(2.1 0.75 1)
(2.2 0.75 1)
(2.3 0 0)
(2.4 0 0)
(2.5 0 0)
(2.6 0 0)
(2.7 0 0)
(2.8 0 0)
(2.9 0 0)
(3 0 0)
(3.1 0 0)
(3.2 0 0)
(3.3 0 0)
(3.4 0 0)
(3.5 0 0)
(3.6 0 0)
(3.7 0 0)
(3.8 0 0)
(3.9 0 0)
(4 0 0)
(4.1 0 0)
(4.2 0 0)
(4.3 0 0)
(4.4 0 0)
(4.5 0 0)
(4.6 0 0)
(4.7 0 0)
(4.8 0 0)
(4.9 0 0)
(5 0 0)
(5.1 0 0)
(5.2 0 0)
(5.3 0 0)
(5.4 0 0)
(5.5 0 0)
(5.6 0 0)
(5.7 0 0)
(5.8 0 0)
(2.3 0.1071428571 0)
(2.4 0.1071428571 0)
(2.5 0.1071428571 0)
(2.6 0.1071428571 0)
(2.7 0.1071428571 0)
(2.8 0.1071428571 0)
(2.9 0.1071428571 0)
(3 0.1071428571 0)
(3.1 0.1071428571 0)
(3.2 0.1071428571 0)
(3.3 0.1071428571 0)
(3.4 0.1071428571 0)
(3.5 0.1071428571 0)
(3.6 0.1071428571 0)
(3.7 0.1071428571 0)
(3.8 0.1071428571 0)
(3.9 0.1071428571 0)
(4 0.1071428571 0)
(4.1 0.1071428571 0)
(4.2 0.1071428571 0)
(4.3 0.1071428571 0)
(4.4 0.1071428571 0)
(4.5 0.1071428571 0)
(4.6 0.1071428571 0)
(4.7 0.1071428571 0)
(4.8 0.1071428571 0)
(4.9 0.1071428571 0)
(5 0.1071428571 0)
(5.1 0.1071428571 0)
(5.2 0.1071428571 0)
(5.3 0.1071428571 0)
(5.4 0.1071428571 0)
(5.5 0.1071428571 0)
(5.6 0.1071428571 0)
(5.7 0.1071428571 0)
(5.8 0.1071428571 0)
(2.3 0.2142857143 0)
(2.4 0.2142857143 0)
(2.5 0.2142857143 0)
(2.6 0.2142857143 0)
(2.7 0.2142857143 0)
(2.8 0.2142857143 0)
(2.9 0.2142857143 0)
(3 0.2142857143 0)
(3.1 0.2142857143 0)
(3.2 0.2142857143 0)
(3.3 0.2142857143 0)
(3.4 0.2142857143 0)
(3.5 0.2142857143 0)
(3.6 0.2142857143 0)
(3.7 0.2142857143 0)
(3.8 0.2142857143 0)
(3.9 0.2142857143 0)
(4 0.2142857143 0)
(4.1 0.2142857143 0)
(4.2 0.2142857143 0)
(4.3 0.2142857143 0)
(4.4 0.2142857143 0)
(4.5 0.2142857143 0)
(4.6 0.2142857143 0)
(4.7 0.2142857143 0)
(4.8 0.2142857143 0)
(4.9 0.2142857143 0)
(5 0.2142857143 0)
(5.1 0.2142857143 0)
(5.2 0.2142857143 0)
(5.3 0.2142857143 0)
(5.4 0.2142857143 0)
(5.5 0.2142857143 0)
(5.6 0.2142857143 0)
(5.7 0.2142857143 0)
(5.8 0.2142857143 0)
(2.3 0.3214285714 0)
(2.4 0.3214285714 0)
(2.5 0.3214285714 0)
(2.6 0.3214285714 0)
(2.7 0.3214285714 0)
(2.8 0.3214285714 0)
(2.9 0.3214285714 0)
(3 0.3214285714 0)
(3.1 0.3214285714 0)
(3.2 0.3214285714 0)
(3.3 0.3214285714 0)
(3.4 0.3214285714 0)
(3.5 0.3214285714 0)
(3.6 0.3214285714 0)
(3.7 0.3214285714 0)
(3.8 0.3214285714 0)
(3.9 0.3214285714 0)
(4 0.3214285714 0)
(4.1 0.3214285714 0)
(4.2 0.3214285714 0)
(4.3 0.3214285714 0)
(4.4 0.3214285714 0)
(4.5 0.3214285714 0)
(4.6 0.3214285714 0)
(4.7 0.3214285714 0)
(4.8 0.3214285714 0)
(4.9 0.3214285714 0)
(5 0.3214285714 0)
(5.1 0.3214285714 0)
(5.2 0.3214285714 0)
(5.3 0.3214285714 0)
(5.4 0.3214285714 0)
(5.5 0.3214285714 0)
(5.6 0.3214285714 0)
(5.7 0.3214285714 0)
(5.8 0.3214285714 0)
(2.3 0.4285714286 0)
(2.4 0.4285714286 0)
(2.5 0.4285714286 0)
(2.6 0.4285714286 0)
(2.7 0.4285714286 0)
(2.8 0.4285714286 0)
(2.9 0.4285714286 0)
(3 0.4285714286 0)
(3.1 0.4285714286 0)
(3.2 0.4285714286 0)
(3.3 0.4285714286 0)
(3.4 0.4285714286 0)
(3.5 0.4285714286 0)
(3.6 0.4285714286 0)
(3.7 0.4285714286 0)
(3.8 0.4285714286 0)
(3.9 0.4285714286 0)
(4 0.4285714286 0)
(4.1 0.4285714286 0)
(4.2 0.4285714286 0)
(4.3 0.4285714286 0)
(4.4 0.4285714286 0)
(4.5 0.4285714286 0)
(4.6 0.4285714286 0)
(4.7 0.4285714286 0)
(4.8 0.4285714286 0)
(4.9 0.4285714286 0)
(5 0.4285714286 0)
(5.1 0.4285714286 0)
(5.2 0.4285714286 0)
(5.3 0.4285714286 0)
(5.4 0.4285714286 0)
(5.5 0.4285714286 0)
(5.6 0.4285714286 0)
(5.7 0.4285714286 0)
(5.8 0.4285714286 0)
(2.3 0.5357142857 0)
(2.4 0.5357142857 0)
(2.5 0.5357142857 0)
(2.6 0.5357142857 0)
(2.7 0.5357142857 0)
(2.8 0.5357142857 0)
(2.9 0.5357142857 0)
(3 0.5357142857 0)
(3.1 0.5357142857 0)
(3.2 0.5357142857 0)
(3.3 0.5357142857 0)
(3.4 0.5357142857 0)
(3.5 0.5357142857 0)
(3.6 0.5357142857 0)
(3.7 0.5357142857 0)
(3.8 0.5357142857 0)
(3.9 0.5357142857 0)
(4 0.5357142857 0)
(4.1 0.5357142857 0)
(4.2 0.5357142857 0)
(4.3 0.5357142857 0)
(4.4 0.5357142857 0)
(4.5 0.5357142857 0)
(4.6 0.5357142857 0)
(4.7 0.5357142857 0)
(4.8 0.5357142857 0)
(4.9 0.5357142857 0)
(5 0.5357142857 0)
(5.1 0.5357142857 0)
(5.2 0.5357142857 0)
(5.3 0.5357142857 0)
(5.4 0.5357142857 0)
(5.5 0.5357142857 0)
(5.6 0.5357142857 0)
(5.7 0.5357142857 0)
(5.8 0.5357142857 0)
(2.3 0.6428571429 0)
(2.4 0.6428571429 0)
(2.5 0.6428571429 0)
(2.6 0.6428571429 0)
(2.7 0.6428571429 0)
(2.8 0.6428571429 0)
(2.9 0.6428571429 0)
(3 0.6428571429 0)
(3.1 0.6428571429 0)
(3.2 0.6428571429 0)
(3.3 0.6428571429 0)
(3.4 0.6428571429 0)
(3.5 0.6428571429 0)
(3.6 0.6428571429 0)
(3.7 0.6428571429 0)
(3.8 0.6428571429 0)
(3.9 0.6428571429 0)
(4 0.6428571429 0)
(4.1 0.6428571429 0)
(4.2 0.6428571429 0)
(4.3 0.6428571429 0)
(4.4 0.6428571429 0)
(4.5 0.6428571429 0)
(4.6 0.6428571429 0)
(4.7 0.6428571429 0)
(4.8 0.6428571429 0)
(4.9 0.6428571429 0)
(5 0.6428571429 0)
(5.1 0.6428571429 0)
(5.2 0.6428571429 0)
(5.3 0.6428571429 0)
(5.4 0.6428571429 0)
(5.5 0.6428571429 0)
(5.6 0.6428571429 0)
(5.7 0.6428571429 0)
(5.8 0.6428571429 0)
(2.3 0.75 0)
(2.4 0.75 0)
(2.5 0.75 0)
(2.6 0.75 0)
(2.7 0.75 0)
(2.8 0.75 0)
(2.9 0.75 0)
(3 0.75 0)
(3.1 0.75 0)
(3.2 0.75 0)
(3.3 0.75 0)
(3.4 0.75 0)
(3.5 0.75 0)
(3.6 0.75 0)
(3.7 0.75 0)
(3.8 0.75 0)
(3.9 0.75 0)
(4 0.75 0)
(4.1 0.75 0)
(4.2 0.75 0)
(4.3 0.75 0)
(4.4 0.75 0)
(4.5 0.75 0)
(4.6 0.75 0)
(4.7 0.75 0)
(4.8 0.75 0)
(4.9 0.75 0)
(5 0.75 0)
(5.1 0.75 0)
(5.2 0.75 0)
(5.3 0.75 0)
(5.4 0.75 0)
(5.5 0.75 0)
(5.6 0.75 0)
(5.7 0.75 0)
(5.8 0.75 0)
(2.3 0 1)
(2.4 0 1)
(2.5 0 1)
(2.6 0 1)
(2.7 0 1)
(2.8 0 1)
(2.9 0 1)
(3 0 1)
(3.1 0 1)
(3.2 0 1)
(3.3 0 1)
(3.4 0 1)
(3.5 0 1)
(3.6 0 1)
(3.7 0 1)
(3.8 0 1)
(3.9 0 1)
(4 0 1)
(4.1 0 1)
(4.2 0 1)
(4.3 0 1)
(4.4 0 1)
(4.5 0 1)
(4.6 0 1)
(4.7 0 1)
(4.8 0 1)
(4.9 0 1)
(5 0 1)
(5.1 0 1)
(5.2 0 1)
(5.3 0 1)
(5.4 0 1)
(5.5 0 1)
(5.6 0 1)
(5.7 0 1)
(5.8 0 1)
(2.3 0.1071428571 1)
(2.4 0.1071428571 1)
(2.5 0.1071428571 1)
(2.6 0.1071428571 1)
(2.7 0.1071428571 1)
(2.8 0.1071428571 1)
(2.9 0.1071428571 1)
(3 0.1071428571 1)
(3.1 0.1071428571 1)
(3.2 0.1071428571 1)
(3.3 0.1071428571 1)
(3.4 0.1071428571 1)
(3.5 0.1071428571 1)
(3.6 0.1071428571 1)
(3.7 0.1071428571 1)
(3.8 0.1071428571 1)
(3.9 0.1071428571 1)
(4 0.1071428571 1)
(4.1 0.1071428571 1)
(4.2 0.1071428571 1)
(4.3 0.1071428571 1)
(4.4 0.1071428571 1)
(4.5 0.1071428571 1)
(4.6 0.1071428571 1)
(4.7 0.1071428571 1)
(4.8 0.1071428571 1)
(4.9 0.1071428571 1)
(5 0.1071428571 1)
(5.1 0.1071428571 1)
(5.2 0.1071428571 1)
(5.3 0.1071428571 1)
(5.4 0.1071428571 1)
(5.5 0.1071428571 1)
(5.6 0.1071428571 1)
(5.7 0.1071428571 1)
(5.8 0.1071428571 1)
(2.3 0.2142857143 1)
(2.4 0.2142857143 1)
(2.5 0.2142857143 1)
(2.6 0.2142857143 1)
(2.7 0.2142857143 1)
(2.8 0.2142857143 1)
(2.9 0.2142857143 1)
(3 0.2142857143 1)
(3.1 0.2142857143 1)
(3.2 0.2142857143 1)
(3.3 0.2142857143 1)
(3.4 0.2142857143 1)
(3.5 0.2142857143 1)
(3.6 0.2142857143 1)
(3.7 0.2142857143 1)
(3.8 0.2142857143 1)
(3.9 0.2142857143 1)
(4 0.2142857143 1)
(4.1 0.2142857143 1)
(4.2 0.2142857143 1)
(4.3 0.2142857143 1)
(4.4 0.2142857143 1)
(4.5 0.2142857143 1)
(4.6 0.2142857143 1)
(4.7 0.2142857143 1)
(4.8 0.2142857143 1)
(4.9 0.2142857143 1)
(5 0.2142857143 1)
(5.1 0.2142857143 1)
(5.2 0.2142857143 1)
(5.3 0.2142857143 1)
(5.4 0.2142857143 1)
(5.5 0.2142857143 1)
(5.6 0.2142857143 1)
(5.7 0.2142857143 1)
(5.8 0.2142857143 1)
(2.3 0.3214285714 1)
(2.4 0.3214285714 1)
(2.5 0.3214285714 1)
(2.6 0.3214285714 1)
(2.7 0.3214285714 1)
(2.8 0.3214285714 1)
(2.9 0.3214285714 1)
(3 0.3214285714 1)
(3.1 0.3214285714 1)
(3.2 0.3214285714 1)
(3.3 0.3214285714 1)
(3.4 0.3214285714 1)
(3.5 0.3214285714 1)
(3.6 0.3214285714 1)
(3.7 0.3214285714 1)
(3.8 0.3214285714 1)
(3.9 0.3214285714 1)
(4 0.3214285714 1)
(4.1 0.3214285714 1)
(4.2 0.3214285714 1)
(4.3 0.3214285714 1)
(4.4 0.3214285714 1)
(4.5 0.3214285714 1)
(4.6 0.3214285714 1)
(4.7 0.3214285714 1)
(4.8 0.3214285714 1)
(4.9 0.3214285714 1)
(5 0.3214285714 1)
(5.1 0.3214285714 1)
(5.2 0.3214285714 1)
(5.3 0.3214285714 1)
(5.4 0.3214285714 1)
(5.5 0.3214285714 1)
(5.6 0.3214285714 1)
(5.7 0.3214285714 1)
(5.8 0.3214285714 1)
(2.3 0.4285714286 1)
(2.4 0.4285714286 1)
(2.5 0.4285714286 1)
(2.6 0.4285714286 1)
(2.7 0.4285714286 1)
(2.8 0.4285714286 1)
(2.9 0.4285714286 1)
(3 0.4285714286 1)
(3.1 0.4285714286 1)
(3.2 0.4285714286 1)
(3.3 0.4285714286 1)
(3.4 0.4285714286 1)
(3.5 0.4285714286 1)
(3.6 0.4285714286 1)
(3.7 0.4285714286 1)
(3.8 0.4285714286 1)
(3.9 0.4285714286 1)
(4 0.4285714286 1)
(4.1 0.4285714286 1)
(4.2 0.4285714286 1)
(4.3 0.4285714286 1)
(4.4 0.4285714286 1)
(4.5 0.4285714286 1)
(4.6 0.4285714286 1)
(4.7 0.4285714286 1)
(4.8 0.4285714286 1)
(4.9 0.4285714286 1)
(5 0.4285714286 1)
(5.1 0.4285714286 1)
(5.2 0.4285714286 1)
(5.3 0.4285714286 1)
(5.4 0.4285714286 1)
(5.5 0.4285714286 1)
(5.6 0.4285714286 1)
(5.7 0.4285714286 1)
(5.8 0.4285714286 1)
(2.3 0.5357142857 1)
(2.4 0.5357142857 1)
(2.5 0.5357142857 1)
(2.6 0.5357142857 1)
(2.7 0.5357142857 1)
(2.8 0.5357142857 1)
(2.9 0.5357142857 1)
(3 0.5357142857 1)
(3.1 0.5357142857 1)
(3.2 0.5357142857 1)
(3.3 0.5357142857 1)
(3.4 0.5357142857 1)
(3.5 0.5357142857 1)
(3.6 0.5357142857 1)
(3.7 0.5357142857 1)
(3.8 0.5357142857 1)
(3.9 0.5357142857 1)
(4 0.5357142857 1)
(4.1 0.5357142857 1)
(4.2 0.5357142857 1)
(4.3 0.5357142857 1)
(4.4 0.5357142857 1)
(4.5 0.5357142857 1)
(4.6 0.5357142857 1)
(4.7 0.5357142857 1)
(4.8 0.5357142857 1)
(4.9 0.5357142857 1)
(5 0.5357142857 1)
(5.1 0.5357142857 1)
(5.2 0.5357142857 1)
(5.3 0.5357142857 1)
(5.4 0.5357142857 1)
(5.5 0.5357142857 1)
(5.6 0.5357142857 1)
(5.7 0.5357142857 1)
(5.8 0.5357142857 1)
(2.3 0.6428571429 1)
(2.4 0.6428571429 1)
(2.5 0.6428571429 1)
(2.6 0.6428571429 1)
(2.7 0.6428571429 1)
(2.8 0.6428571429 1)
(2.9 0.6428571429 1)
(3 0.6428571429 1)
(3.1 0.6428571429 1)
(3.2 0.6428571429 1)
(3.3 0.6428571429 1)
(3.4 0.6428571429 1)
(3.5 0.6428571429 1)
(3.6 0.6428571429 1)
(3.7 0.6428571429 1)
(3.8 0.6428571429 1)
(3.9 0.6428571429 1)
(4 0.6428571429 1)
(4.1 0.6428571429 1)
(4.2 0.6428571429 1)
(4.3 0.6428571429 1)
(4.4 0.6428571429 1)
(4.5 0.6428571429 1)
(4.6 0.6428571429 1)
(4.7 0.6428571429 1)
(4.8 0.6428571429 1)
(4.9 0.6428571429 1)
(5 0.6428571429 1)
(5.1 0.6428571429 1)
(5.2 0.6428571429 1)
(5.3 0.6428571429 1)
(5.4 0.6428571429 1)
(5.5 0.6428571429 1)
(5.6 0.6428571429 1)
(5.7 0.6428571429 1)
(5.8 0.6428571429 1)
(2.3 0.75 1)
(2.4 0.75 1)
(2.5 0.75 1)
(2.6 0.75 1)
(2.7 0.75 1)
(2.8 0.75 1)
(2.9 0.75 1)
(3 0.75 1)
(3.1 0.75 1)
(3.2 0.75 1)
(3.3 0.75 1)
(3.4 0.75 1)
(3.5 0.75 1)
(3.6 0.75 1)
(3.7 0.75 1)
(3.8 0.75 1)
(3.9 0.75 1)
(4 0.75 1)
(4.1 0.75 1)
(4.2 0.75 1)
(4.3 0.75 1)
(4.4 0.75 1)
(4.5 0.75 1)
(4.6 0.75 1)
(4.7 0.75 1)
(4.8 0.75 1)
(4.9 0.75 1)
(5 0.75 1)
(5.1 0.75 1)
(5.2 0.75 1)
(5.3 0.75 1)
(5.4 0.75 1)
(5.5 0.75 1)
(5.6 0.75 1)
(5.7 0.75 1)
(5.8 0.75 1)
(1.966506351 0.8749999999 0)
(1.991481456 0.8147047612 0)
(2.053680108 0.9143972709 0)
(2.088842413 0.8355903689 0)
(2.140853866 0.9537945418 0)
(2.18620337 0.8564759765 0)
(1.966506351 0.8749999999 1)
(1.991481456 0.8147047612 1)
(2.053680108 0.9143972709 1)
(2.088842413 0.8355903689 1)
(2.140853866 0.9537945418 1)
(2.18620337 0.8564759765 1)
(2.286879941 0.8565066625 0)
(2.387556513 0.8565373484 0)
(2.488233085 0.8565680344 0)
(2.588909657 0.8565987204 0)
(2.689586229 0.8566294063 0)
(2.7902628 0.8566600923 0)
(2.890939372 0.8566907782 0)
(2.991615944 0.8567214642 0)
(3.092292516 0.8567521502 0)
(3.192969087 0.8567828361 0)
(3.293645659 0.8568135221 0)
(3.394322231 0.856844208 0)
(3.494998803 0.856874894 0)
(3.595675374 0.85690558 0)
(3.696351946 0.8569362659 0)
(3.797028518 0.8569669519 0)
(3.89770509 0.8569976378 0)
(3.998381662 0.8570283238 0)
(4.099058233 0.8570590098 0)
(4.199734805 0.8570896957 0)
(4.300411377 0.8571203817 0)
(4.401087949 0.8571510677 0)
(4.50176452 0.8571817536 0)
(4.602441092 0.8572124396 0)
(4.703117664 0.8572431255 0)
(4.803794236 0.8572738115 0)
(4.904470808 0.8573044975 0)
(5.005147379 0.8573351834 0)
(5.105823951 0.8573658694 0)
(5.206500523 0.8573965553 0)
(5.307177095 0.8574272413 0)
(5.407853666 0.8574579273 0)
(5.508530238 0.8574886132 0)
(5.60920681 0.8575192992 0)
(5.709883382 0.8575499851 0)
(5.810559953 0.8575806711 0)
(2.244058439 0.9538436481 0)
(2.347263011 0.9538927544 0)
(2.450467583 0.9539418608 0)
(2.553672156 0.9539909671 0)
(2.656876728 0.9540400734 0)
(2.7600813 0.9540891798 0)
(2.863285873 0.9541382861 0)
(2.966490445 0.9541873924 0)
(3.069695017 0.9542364987 0)
(3.17289959 0.9542856051 0)
(3.276104162 0.9543347114 0)
(3.379308734 0.9543838177 0)
(3.482513307 0.9544329241 0)
(3.585717879 0.9544820304 0)
(3.688922451 0.9545311367 0)
(3.792127024 0.954580243 0)
(3.895331596 0.9546293494 0)
(3.998536168 0.9546784557 0)
(4.101740741 0.954727562 0)
(4.204945313 0.9547766684 0)
(4.308149885 0.9548257747 0)
(4.411354458 0.954874881 0)
(4.51455903 0.9549239874 0)
(4.617763602 0.9549730937 0)
(4.720968175 0.9550222 0)
(4.824172747 0.9550713063 0)
(4.927377319 0.9551204127 0)
(5.030581892 0.955169519 0)
(5.133786464 0.9552186253 0)
(5.236991036 0.9552677317 0)
(5.340195609 0.955316838 0)
(5.443400181 0.9553659443 0)
(5.546604753 0.9554150506 0)
(5.649809326 0.955464157 0)
(5.753013898 0.9555132633 0)
(5.85621847 0.9555623696 0)
(2.175520382 1.032842712 0)
(2.282842713 1.032842712 0)
(2.390165043 1.032842712 0)
(2.497487374 1.032842712 0)
(2.604809704 1.032842712 0)
(2.712132035 1.032842712 0)
(2.819454365 1.032842712 0)
(2.926776696 1.032842712 0)
(3.034099026 1.032842712 0)
(3.141421356 1.032842712 0)
(3.248743687 1.032842712 0)
(3.356066017 1.032842712 0)
(3.463388348 1.032842712 0)
(3.570710678 1.032842712 0)
(3.678033009 1.032842712 0)
(3.785355339 1.032842712 0)
(3.89267767 1.032842712 0)
(4 1.032842712 0)
(4.10732233 1.032842712 0)
(4.214644661 1.032842712 0)
(4.321966991 1.032842712 0)
(4.429289322 1.032842712 0)
(4.536611652 1.032842712 0)
(4.643933983 1.032842712 0)
(4.751256313 1.032842712 0)
(4.858578644 1.032842712 0)
(4.965900974 1.032842712 0)
(5.073223304 1.032842712 0)
(5.180545635 1.032842712 0)
(5.287867965 1.032842712 0)
(5.395190296 1.032842712 0)
(5.502512626 1.032842712 0)
(5.609834957 1.032842712 0)
(5.717157287 1.032842712 0)
(5.824479618 1.032842712 0)
(5.931801948 1.032842712 0)
(2.286879941 0.8565066625 1)
(2.387556513 0.8565373484 1)
(2.488233085 0.8565680344 1)
(2.588909657 0.8565987204 1)
(2.689586229 0.8566294063 1)
(2.7902628 0.8566600923 1)
(2.890939372 0.8566907782 1)
(2.991615944 0.8567214642 1)
(3.092292516 0.8567521502 1)
(3.192969087 0.8567828361 1)
(3.293645659 0.8568135221 1)
(3.394322231 0.856844208 1)
(3.494998803 0.856874894 1)
(3.595675374 0.85690558 1)
(3.696351946 0.8569362659 1)
(3.797028518 0.8569669519 1)
(3.89770509 0.8569976378 1)
(3.998381662 0.8570283238 1)
(4.099058233 0.8570590098 1)
(4.199734805 0.8570896957 1)
(4.300411377 0.8571203817 1)
(4.401087949 0.8571510677 1)
(4.50176452 0.8571817536 1)
(4.602441092 0.8572124396 1)
(4.703117664 0.8572431255 1)
(4.803794236 0.8572738115 1)
(4.904470808 0.8573044975 1)
(5.005147379 0.8573351834 1)
(5.105823951 0.8573658694 1)
(5.206500523 0.8573965553 1)
(5.307177095 0.8574272413 1)
(5.407853666 0.8574579273 1)
(5.508530238 0.8574886132 1)
(5.60920681 0.8575192992 1)
(5.709883382 0.8575499851 1)
(5.810559953 0.8575806711 1)
(2.244058439 0.9538436481 1)
(2.347263011 0.9538927544 1)
(2.450467583 0.9539418608 1)
(2.553672156 0.9539909671 1)
(2.656876728 0.9540400734 1)
(2.7600813 0.9540891798 1)
(2.863285873 0.9541382861 1)
(2.966490445 0.9541873924 1)
(3.069695017 0.9542364987 1)
(3.17289959 0.9542856051 1)
(3.276104162 0.9543347114 1)
(3.379308734 0.9543838177 1)
(3.482513307 0.9544329241 1)
(3.585717879 0.9544820304 1)
(3.688922451 0.9545311367 1)
(3.792127024 0.954580243 1)
(3.895331596 0.9546293494 1)
(3.998536168 0.9546784557 1)
(4.101740741 0.954727562 1)
(4.204945313 0.9547766684 1)
(4.308149885 0.9548257747 1)
(4.411354458 0.954874881 1)
(4.51455903 0.9549239874 1)
(4.617763602 0.9549730937 1)
(4.720968175 0.9550222 1)
(4.824172747 0.9550713063 1)
(4.927377319 0.9551204127 1)
(5.030581892 0.955169519 1)
(5.133786464 0.9552186253 1)
(5.236991036 0.9552677317 1)
(5.340195609 0.955316838 1)
(5.443400181 0.9553659443 1)
(5.546604753 0.9554150506 1)
(5.649809326 0.955464157 1)
(5.753013898 0.9555132633 1)
(5.85621847 0.9555623696 1)
(2.175520382 1.032842712 1)
(2.282842713 1.032842712 1)
(2.390165043 1.032842712 1)
(2.497487374 1.032842712 1)
(2.604809704 1.032842712 1)
(2.712132035 1.032842712 1)
(2.819454365 1.032842712 1)
(2.926776696 1.032842712 1)
(3.034099026 1.032842712 1)
(3.141421356 1.032842712 1)
(3.248743687 1.032842712 1)
(3.356066017 1.032842712 1)
(3.463388348 1.032842712 1)
(3.570710678 1.032842712 1)
(3.678033009 1.032842712 1)
(3.785355339 1.032842712 1)
(3.89267767 1.032842712 1)
(4 1.032842712 1)
(4.10732233 1.032842712 1)
(4.214644661 1.032842712 1)
(4.321966991 1.032842712 1)
(4.429289322 1.032842712 1)
(4.536611652 1.032842712 1)
(4.643933983 1.032842712 1)
(4.751256313 1.032842712 1)
(4.858578644 1.032842712 1)
(4.965900974 1.032842712 1)
(5.073223304 1.032842712 1)
(5.180545635 1.032842712 1)
(5.287867965 1.032842712 1)
(5.395190296 1.032842712 1)
(5.502512626 1.032842712 1)
(5.609834957 1.032842712 1)
(5.717157287 1.032842712 1)
(5.824479618 1.032842712 1)
(5.931801948 1.032842712 1)
(5.9 0.75 0)
(6 0.75 0)
(5.909539249 0.8361427162 0)
(6.008518544 0.8147047613 0)
(5.94485606 0.9152811848 0)
(6.033493649 0.875 0)
(6.002512626 0.9798097036 0)
(6.073223305 0.9267766953 0)
(5.9 0.75 1)
(6 0.75 1)
(5.909539249 0.8361427162 1)
(6.008518544 0.8147047613 1)
(5.94485606 0.9152811848 1)
(6.033493649 0.875 1)
(6.002512626 0.9798097036 1)
(6.073223305 0.9267766953 1)
(5.9 0 0)
(6 0 0)
(5.9 0.1071428571 0)
(6 0.1071428571 0)
(5.9 0.2142857143 0)
(6 0.2142857143 0)
(5.9 0.3214285714 0)
(6 0.3214285714 0)
(5.9 0.4285714286 0)
(6 0.4285714286 0)
(5.9 0.5357142857 0)
(6 0.5357142857 0)
(5.9 0.6428571429 0)
(6 0.6428571429 0)
(5.9 0 1)
(6 0 1)
(5.9 0.1071428571 1)
(6 0.1071428571 1)
(5.9 0.2142857143 1)
(6 0.2142857143 1)
(5.9 0.3214285714 1)
(6 0.3214285714 1)
(5.9 0.4285714286 1)
(6 0.4285714286 1)
(5.9 0.5357142857 1)
(6 0.5357142857 1)
(5.9 0.6428571429 1)
(6 0.6428571429 1)
(6.25 1 0)
(6.350649351 1 0)
(6.451298701 1 0)
(6.551948052 1 0)
(6.652597403 1 0)
(6.753246753 1 0)
(6.853896104 1 0)
(6.954545455 1 0)
(7.055194805 1 0)
(7.155844156 1 0)
(7.256493506 1 0)
(7.357142857 1 0)
(7.457792208 1 0)
(7.558441558 1 0)
(7.659090909 1 0)
(7.75974026 1 0)
(7.86038961 1 0)
(7.961038961 1 0)
(8.061688312 1 0)
(8.162337662 1 0)
(8.262987013 1 0)
(8.363636364 1 0)
(8.464285714 1 0)
(8.564935065 1 0)
(8.665584416 1 0)
(8.766233766 1 0)
(8.866883117 1 0)
(8.967532468 1 0)
(9.068181818 1 0)
(9.168831169 1 0)
(9.269480519 1 0)
(9.37012987 1 0)
(9.470779221 1 0)
(9.571428571 1 0)
(9.672077922 1 0)
(9.772727273 1 0)
(9.873376623 1 0)
(9.974025974 1 0)
(10.07467532 1 0)
(10.17532468 1 0)
(10.27597403 1 0)
(10.37662338 1 0)
(10.47727273 1 0)
(10.57792208 1 0)
(10.67857143 1 0)
(10.77922078 1 0)
(10.87987013 1 0)
(10.98051948 1 0)
(11.08116883 1 0)
(11.18181818 1 0)
(11.28246753 1 0)
(11.38311688 1 0)
(11.48376623 1 0)
(11.58441558 1 0)
(11.68506494 1 0)
(11.78571429 1 0)
(11.88636364 1 0)
(11.98701299 1 0)
(12.08766234 1 0)
(12.18831169 1 0)
(12.28896104 1 0)
(12.38961039 1 0)
(12.49025974 1 0)
(12.59090909 1 0)
(12.69155844 1 0)
(12.79220779 1 0)
(12.89285714 1 0)
(12.99350649 1 0)
(13.09415584 1 0)
(13.19480519 1 0)
(13.29545455 1 0)
(13.3961039 1 0)
(13.49675325 1 0)
(13.5974026 1 0)
(13.69805195 1 0)
(13.7987013 1 0)
(13.89935065 1 0)
(14 1 0)
(6.25 1.1 0)
(6.350649351 1.1 0)
(6.451298701 1.1 0)
(6.551948052 1.1 0)
(6.652597403 1.1 0)
(6.753246753 1.1 0)
(6.853896104 1.1 0)
(6.954545455 1.1 0)
(7.055194805 1.1 0)
(7.155844156 1.1 0)
(7.256493506 1.1 0)
(7.357142857 1.1 0)
(7.457792208 1.1 0)
(7.558441558 1.1 0)
(7.659090909 1.1 0)
(7.75974026 1.1 0)
(7.86038961 1.1 0)
(7.961038961 1.1 0)
(8.061688312 1.1 0)
(8.162337662 1.1 0)
(8.262987013 1.1 0)
(8.363636364 1.1 0)
(8.464285714 1.1 0)
(8.564935065 1.1 0)
(8.665584416 1.1 0)
(8.766233766 1.1 0)
(8.866883117 1.1 0)
(8.967532468 1.1 0)
(9.068181818 1.1 0)
(9.168831169 1.1 0)
(9.269480519 1.1 0)
(9.37012987 1.1 0)
(9.470779221 1.1 0)
(9.571428571 1.1 0)
(9.672077922 1.1 0)
(9.772727273 1.1 0)
(9.873376623 1.1 0)
(9.974025974 1.1 0)
(10.07467532 1.1 0)
(10.17532468 1.1 0)
(10.27597403 1.1 0)
(10.37662338 1.1 0)
(10.47727273 1.1 0)
(10.57792208 1.1 0)
(10.67857143 1.1 0)
(10.77922078 1.1 0)
(10.87987013 1.1 0)
(10.98051948 1.1 0)
(11.08116883 1.1 0)
(11.18181818 1.1 0)
(11.28246753 1.1 0)
(11.38311688 1.1 0)
(11.48376623 1.1 0)
(11.58441558 1.1 0)
(11.68506494 1.1 0)
(11.78571429 1.1 0)
(11.88636364 1.1 0)
(11.98701299 1.1 0)
(12.08766234 1.1 0)
(12.18831169 1.1 0)
(12.28896104 1.1 0)
(12.38961039 1.1 0)
(12.49025974 1.1 0)
(12.59090909 1.1 0)
(12.69155844 1.1 0)
(12.79220779 1.1 0)
(12.89285714 1.1 0)
(12.99350649 1.1 0)
(13.09415584 1.1 0)
(13.19480519 1.1 0)
(13.29545455 1.1 0)
(13.3961039 1.1 0)
(13.49675325 1.1 0)
(13.5974026 1.1 0)
(13.69805195 1.1 0)
(13.7987013 1.1 0)
(13.89935065 1.1 0)
(14 1.1 0)
(6.25 1.2 0)
(6.350649351 1.2 0)
(6.451298701 1.2 0)
(6.551948052 1.2 0)
(6.652597403 1.2 0)
(6.753246753 1.2 0)
(6.853896104 1.2 0)
(6.954545455 1.2 0)
(7.055194805 1.2 0)
(7.155844156 1.2 0)
(7.256493506 1.2 0)
(7.357142857 1.2 0)
(7.457792208 1.2 0)
(7.558441558 1.2 0)
(7.659090909 1.2 0)
(7.75974026 1.2 0)
(7.86038961 1.2 0)
(7.961038961 1.2 0)
(8.061688312 1.2 0)
(8.162337662 1.2 0)
(8.262987013 1.2 0)
(8.363636364 1.2 0)
(8.464285714 1.2 0)
(8.564935065 1.2 0)
(8.665584416 1.2 0)
(8.766233766 1.2 0)
(8.866883117 1.2 0)
(8.967532468 1.2 0)
(9.068181818 1.2 0)
(9.168831169 1.2 0)
(9.269480519 1.2 0)
(9.37012987 1.2 0)
(9.470779221 1.2 0)
(9.571428571 1.2 0)
(9.672077922 1.2 0)
(9.772727273 1.2 0)
(9.873376623 1.2 0)
(9.974025974 1.2 0)
(10.07467532 1.2 0)
(10.17532468 1.2 0)
(10.27597403 1.2 0)
(10.37662338 1.2 0)
(10.47727273 1.2 0)
(10.57792208 1.2 0)
(10.67857143 1.2 0)
(10.77922078 1.2 0)
(10.87987013 1.2 0)
(10.98051948 1.2 0)
(11.08116883 1.2 0)
(11.18181818 1.2 0)
(11.28246753 1.2 0)
(11.38311688 1.2 0)
(11.48376623 1.2 0)
(11.58441558 1.2 0)
(11.68506494 1.2 0)
(11.78571429 1.2 0)
(11.88636364 1.2 0)
(11.98701299 1.2 0)
(12.08766234 1.2 0)
(12.18831169 1.2 0)
(12.28896104 1.2 0)
(12.38961039 1.2 0)
(12.49025974 1.2 0)
(12.59090909 1.2 0)
(12.69155844 1.2 0)
(12.79220779 1.2 0)
(12.89285714 1.2 0)
(12.99350649 1.2 0)
(13.09415584 1.2 0)
(13.19480519 1.2 0)
(13.29545455 1.2 0)
(13.3961039 1.2 0)
(13.49675325 1.2 0)
(13.5974026 1.2 0)
(13.69805195 1.2 0)
(13.7987013 1.2 0)
(13.89935065 1.2 0)
(14 1.2 0)
(6.25 1 1)
(6.350649351 1 1)
(6.451298701 1 1)
(6.551948052 1 1)
(6.652597403 1 1)
(6.753246753 1 1)
(6.853896104 1 1)
(6.954545455 1 1)
(7.055194805 1 1)
(7.155844156 1 1)
(7.256493506 1 1)
(7.357142857 1 1)
(7.457792208 1 1)
(7.558441558 1 1)
(7.659090909 1 1)
(7.75974026 1 1)
(7.86038961 1 1)
(7.961038961 1 1)
(8.061688312 1 1)
(8.162337662 1 1)
(8.262987013 1 1)
(8.363636364 1 1)
(8.464285714 1 1)
(8.564935065 1 1)
(8.665584416 1 1)
(8.766233766 1 1)
(8.866883117 1 1)
(8.967532468 1 1)
(9.068181818 1 1)
(9.168831169 1 1)
(9.269480519 1 1)
(9.37012987 1 1)
(9.470779221 1 1)
(9.571428571 1 1)
(9.672077922 1 1)
(9.772727273 1 1)
(9.873376623 1 1)
(9.974025974 1 1)
(10.07467532 1 1)
(10.17532468 1 1)
(10.27597403 1 1)
(10.37662338 1 1)
(10.47727273 1 1)
(10.57792208 1 1)
(10.67857143 1 1)
(10.77922078 1 1)
(10.87987013 1 1)
(10.98051948 1 1)
(11.08116883 1 1)
(11.18181818 1 1)
(11.28246753 1 1)
(11.38311688 1 1)
(11.48376623 1 1)
(11.58441558 1 1)
(11.68506494 1 1)
(11.78571429 1 1)
(11.88636364 1 1)
(11.98701299 1 1)
(12.08766234 1 1)
(12.18831169 1 1)
(12.28896104 1 1)
(12.38961039 1 1)
(12.49025974 1 1)
(12.59090909 1 1)
(12.69155844 1 1)
(12.79220779 1 1)
(12.89285714 1 1)
(12.99350649 1 1)
(13.09415584 1 1)
(13.19480519 1 1)
(13.29545455 1 1)
(13.3961039 1 1)
(13.49675325 1 1)
(13.5974026 1 1)
(13.69805195 1 1)
(13.7987013 1 1)
(13.89935065 1 1)
(14 1 1)
(6.25 1.1 1)
(6.350649351 1.1 1)
(6.451298701 1.1 1)
(6.551948052 1.1 1)
(6.652597403 1.1 1)
(6.753246753 1.1 1)
(6.853896104 1.1 1)
(6.954545455 1.1 1)
(7.055194805 1.1 1)
(7.155844156 1.1 1)
(7.256493506 1.1 1)
(7.357142857 1.1 1)
(7.457792208 1.1 1)
(7.558441558 1.1 1)
(7.659090909 1.1 1)
(7.75974026 1.1 1)
(7.86038961 1.1 1)
(7.961038961 1.1 1)
(8.061688312 1.1 1)
(8.162337662 1.1 1)
(8.262987013 1.1 1)
(8.363636364 1.1 1)
(8.464285714 1.1 1)
(8.564935065 1.1 1)
(8.665584416 1.1 1)
(8.766233766 1.1 1)
(8.866883117 1.1 1)
(8.967532468 1.1 1)
(9.068181818 1.1 1)
(9.168831169 1.1 1)
(9.269480519 1.1 1)
(9.37012987 1.1 1)
(9.470779221 1.1 1)
(9.571428571 1.1 1)
(9.672077922 1.1 1)
(9.772727273 1.1 1)
(9.873376623 1.1 1)
(9.974025974 1.1 1)
(10.07467532 1.1 1)
(10.17532468 1.1 1)
(10.27597403 1.1 1)
(10.37662338 1.1 1)
(10.47727273 1.1 1)
(10.57792208 1.1 1)
(10.67857143 1.1 1)
(10.77922078 1.1 1)
(10.87987013 1.1 1)
(10.98051948 1.1 1)
(11.08116883 1.1 1)
(11.18181818 1.1 1)
(11.28246753 1.1 1)
(11.38311688 1.1 1)
(11.48376623 1.1 1)
(11.58441558 1.1 1)
(11.68506494 1.1 1)
(11.78571429 1.1 1)
(11.88636364 1.1 1)
(11.98701299 1.1 1)
(12.08766234 1.1 1)
(12.18831169 1.1 1)
(12.28896104 1.1 1)
(12.38961039 1.1 1)
(12.49025974 1.1 1)
(12.59090909 1.1 1)
(12.69155844 1.1 1)
(12.79220779 1.1 1)
(12.89285714 1.1 1)
(12.99350649 1.1 1)
(13.09415584 1.1 1)
(13.19480519 1.1 1)
(13.29545455 1.1 1)
(13.3961039 1.1 1)
(13.49675325 1.1 1)
(13.5974026 1.1 1)
(13.69805195 1.1 1)
(13.7987013 1.1 1)
(13.89935065 1.1 1)
(14 1.1 1)
(6.25 1.2 1)
(6.350649351 1.2 1)
(6.451298701 1.2 1)
(6.551948052 1.2 1)
(6.652597403 1.2 1)
(6.753246753 1.2 1)
(6.853896104 1.2 1)
(6.954545455 1.2 1)
(7.055194805 1.2 1)
(7.155844156 1.2 1)
(7.256493506 1.2 1)
(7.357142857 1.2 1)
(7.457792208 1.2 1)
(7.558441558 1.2 1)
(7.659090909 1.2 1)
(7.75974026 1.2 1)
(7.86038961 1.2 1)
(7.961038961 1.2 1)
(8.061688312 1.2 1)
(8.162337662 1.2 1)
(8.262987013 1.2 1)
(8.363636364 1.2 1)
(8.464285714 1.2 1)
(8.564935065 1.2 1)
(8.665584416 1.2 1)
(8.766233766 1.2 1)
(8.866883117 1.2 1)
(8.967532468 1.2 1)
(9.068181818 1.2 1)
(9.168831169 1.2 1)
(9.269480519 1.2 1)
(9.37012987 1.2 1)
(9.470779221 1.2 1)
(9.571428571 1.2 1)
(9.672077922 1.2 1)
(9.772727273 1.2 1)
(9.873376623 1.2 1)
(9.974025974 1.2 1)
(10.07467532 1.2 1)
(10.17532468 1.2 1)
(10.27597403 1.2 1)
(10.37662338 1.2 1)
(10.47727273 1.2 1)
(10.57792208 1.2 1)
(10.67857143 1.2 1)
(10.77922078 1.2 1)
(10.87987013 1.2 1)
(10.98051948 1.2 1)
(11.08116883 1.2 1)
(11.18181818 1.2 1)
(11.28246753 1.2 1)
(11.38311688 1.2 1)
(11.48376623 1.2 1)
(11.58441558 1.2 1)
(11.68506494 1.2 1)
(11.78571429 1.2 1)
(11.88636364 1.2 1)
(11.98701299 1.2 1)
(12.08766234 1.2 1)
(12.18831169 1.2 1)
(12.28896104 1.2 1)
(12.38961039 1.2 1)
(12.49025974 1.2 1)
(12.59090909 1.2 1)
(12.69155844 1.2 1)
(12.79220779 1.2 1)
(12.89285714 1.2 1)
(12.99350649 1.2 1)
(13.09415584 1.2 1)
(13.19480519 1.2 1)
(13.29545455 1.2 1)
(13.3961039 1.2 1)
(13.49675325 1.2 1)
(13.5974026 1.2 1)
(13.69805195 1.2 1)
(13.7987013 1.2 1)
(13.89935065 1.2 1)
(14 1.2 1)
(6.25 1.3 0)
(6.350649351 1.3 0)
(6.451298701 1.3 0)
(6.551948052 1.3 0)
(6.652597403 1.3 0)
(6.753246753 1.3 0)
(6.853896104 1.3 0)
(6.954545455 1.3 0)
(7.055194805 1.3 0)
(7.155844156 1.3 0)
(7.256493506 1.3 0)
(7.357142857 1.3 0)
(7.457792208 1.3 0)
(7.558441558 1.3 0)
(7.659090909 1.3 0)
(7.75974026 1.3 0)
(7.86038961 1.3 0)
(7.961038961 1.3 0)
(8.061688312 1.3 0)
(8.162337662 1.3 0)
(8.262987013 1.3 0)
(8.363636364 1.3 0)
(8.464285714 1.3 0)
(8.564935065 1.3 0)
(8.665584416 1.3 0)
(8.766233766 1.3 0)
(8.866883117 1.3 0)
(8.967532468 1.3 0)
(9.068181818 1.3 0)
(9.168831169 1.3 0)
(9.269480519 1.3 0)
(9.37012987 1.3 0)
(9.470779221 1.3 0)
(9.571428571 1.3 0)
(9.672077922 1.3 0)
(9.772727273 1.3 0)
(9.873376623 1.3 0)
(9.974025974 1.3 0)
(10.07467532 1.3 0)
(10.17532468 1.3 0)
(10.27597403 1.3 0)
(10.37662338 1.3 0)
(10.47727273 1.3 0)
(10.57792208 1.3 0)
(10.67857143 1.3 0)
(10.77922078 1.3 0)
(10.87987013 1.3 0)
(10.98051948 1.3 0)
(11.08116883 1.3 0)
(11.18181818 1.3 0)
(11.28246753 1.3 0)
(11.38311688 1.3 0)
(11.48376623 1.3 0)
(11.58441558 1.3 0)
(11.68506494 1.3 0)
(11.78571429 1.3 0)
(11.88636364 1.3 0)
(11.98701299 1.3 0)
(12.08766234 1.3 0)
(12.18831169 1.3 0)
(12.28896104 1.3 0)
(12.38961039 1.3 0)
(12.49025974 1.3 0)
(12.59090909 1.3 0)
(12.69155844 1.3 0)
(12.79220779 1.3 0)
(12.89285714 1.3 0)
(12.99350649 1.3 0)
(13.09415584 1.3 0)
(13.19480519 1.3 0)
(13.29545455 1.3 0)
(13.3961039 1.3 0)
(13.49675325 1.3 0)
(13.5974026 1.3 0)
(13.69805195 1.3 0)
(13.7987013 1.3 0)
(13.89935065 1.3 0)
(14 1.3 0)
(6.25 1.4 0)
(6.350649351 1.4 0)
(6.451298701 1.4 0)
(6.551948052 1.4 0)
(6.652597403 1.4 0)
(6.753246753 1.4 0)
(6.853896104 1.4 0)
(6.954545455 1.4 0)
(7.055194805 1.4 0)
(7.155844156 1.4 0)
(7.256493506 1.4 0)
(7.357142857 1.4 0)
(7.457792208 1.4 0)
(7.558441558 1.4 0)
(7.659090909 1.4 0)
(7.75974026 1.4 0)
(7.86038961 1.4 0)
(7.961038961 1.4 0)
(8.061688312 1.4 0)
(8.162337662 1.4 0)
(8.262987013 1.4 0)
(8.363636364 1.4 0)
(8.464285714 1.4 0)
(8.564935065 1.4 0)
(8.665584416 1.4 0)
(8.766233766 1.4 0)
(8.866883117 1.4 0)
(8.967532468 1.4 0)
(9.068181818 1.4 0)
(9.168831169 1.4 0)
(9.269480519 1.4 0)
(9.37012987 1.4 0)
(9.470779221 1.4 0)
(9.571428571 1.4 0)
(9.672077922 1.4 0)
(9.772727273 1.4 0)
(9.873376623 1.4 0)
(9.974025974 1.4 0)
(10.07467532 1.4 0)
(10.17532468 1.4 0)
(10.27597403 1.4 0)
(10.37662338 1.4 0)
(10.47727273 1.4 0)
(10.57792208 1.4 0)
(10.67857143 1.4 0)
(10.77922078 1.4 0)
(10.87987013 1.4 0)
(10.98051948 1.4 0)
(11.08116883 1.4 0)
(11.18181818 1.4 0)
(11.28246753 1.4 0)
(11.38311688 1.4 0)
(11.48376623 1.4 0)
(11.58441558 1.4 0)
(11.68506494 1.4 0)
(11.78571429 1.4 0)
(11.88636364 1.4 0)
(11.98701299 1.4 0)
(12.08766234 1.4 0)
(12.18831169 1.4 0)
(12.28896104 1.4 0)
(12.38961039 1.4 0)
(12.49025974 1.4 0)
(12.59090909 1.4 0)
(12.69155844 1.4 0)
(12.79220779 1.4 0)
(12.89285714 1.4 0)
(12.99350649 1.4 0)
(13.09415584 1.4 0)
(13.19480519 1.4 0)
(13.29545455 1.4 0)
(13.3961039 1.4 0)
(13.49675325 1.4 0)
(13.5974026 1.4 0)
(13.69805195 1.4 0)
(13.7987013 1.4 0)
(13.89935065 1.4 0)
(14 1.4 0)
(6.25 1.5 0)
(6.350649351 1.5 0)
(6.451298701 1.5 0)
(6.551948052 1.5 0)
(6.652597403 1.5 0)
(6.753246753 1.5 0)
(6.853896104 1.5 0)
(6.954545455 1.5 0)
(7.055194805 1.5 0)
(7.155844156 1.5 0)
(7.256493506 1.5 0)
(7.357142857 1.5 0)
(7.457792208 1.5 0)
(7.558441558 1.5 0)
(7.659090909 1.5 0)
(7.75974026 1.5 0)
(7.86038961 1.5 0)
(7.961038961 1.5 0)
(8.061688312 1.5 0)
(8.162337662 1.5 0)
(8.262987013 1.5 0)
(8.363636364 1.5 0)
(8.464285714 1.5 0)
(8.564935065 1.5 0)
(8.665584416 1.5 0)
(8.766233766 1.5 0)
(8.866883117 1.5 0)
(8.967532468 1.5 0)
(9.068181818 1.5 0)
(9.168831169 1.5 0)
(9.269480519 1.5 0)
(9.37012987 1.5 0)
(9.470779221 1.5 0)
(9.571428571 1.5 0)
(9.672077922 1.5 0)
(9.772727273 1.5 0)
(9.873376623 1.5 0)
(9.974025974 1.5 0)
(10.07467532 1.5 0)
(10.17532468 1.5 0)
(10.27597403 1.5 0)
(10.37662338 1.5 0)
(10.47727273 1.5 0)
(10.57792208 1.5 0)
(10.67857143 1.5 0)
(10.77922078 1.5 0)
(10.87987013 1.5 0)
(10.98051948 1.5 0)
(11.08116883 1.5 0)
(11.18181818 1.5 0)
(11.28246753 1.5 0)
(11.38311688 1.5 0)
(11.48376623 1.5 0)
(11.58441558 1.5 0)
(11.68506494 1.5 0)
(11.78571429 1.5 0)
(11.88636364 1.5 0)
(11.98701299 1.5 0)
(12.08766234 1.5 0)
(12.18831169 1.5 0)
(12.28896104 1.5 0)
(12.38961039 1.5 0)
(12.49025974 1.5 0)
(12.59090909 1.5 0)
(12.69155844 1.5 0)
(12.79220779 1.5 0)
(12.89285714 1.5 0)
(12.99350649 1.5 0)
(13.09415584 1.5 0)
(13.19480519 1.5 0)
(13.29545455 1.5 0)
(13.3961039 1.5 0)
(13.49675325 1.5 0)
(13.5974026 1.5 0)
(13.69805195 1.5 0)
(13.7987013 1.5 0)
(13.89935065 1.5 0)
(14 1.5 0)
(6.25 1.6 0)
(6.350649351 1.6 0)
(6.451298701 1.6 0)
(6.551948052 1.6 0)
(6.652597403 1.6 0)
(6.753246753 1.6 0)
(6.853896104 1.6 0)
(6.954545455 1.6 0)
(7.055194805 1.6 0)
(7.155844156 1.6 0)
(7.256493506 1.6 0)
(7.357142857 1.6 0)
(7.457792208 1.6 0)
(7.558441558 1.6 0)
(7.659090909 1.6 0)
(7.75974026 1.6 0)
(7.86038961 1.6 0)
(7.961038961 1.6 0)
(8.061688312 1.6 0)
(8.162337662 1.6 0)
(8.262987013 1.6 0)
(8.363636364 1.6 0)
(8.464285714 1.6 0)
(8.564935065 1.6 0)
(8.665584416 1.6 0)
(8.766233766 1.6 0)
(8.866883117 1.6 0)
(8.967532468 1.6 0)
(9.068181818 1.6 0)
(9.168831169 1.6 0)
(9.269480519 1.6 0)
(9.37012987 1.6 0)
(9.470779221 1.6 0)
(9.571428571 1.6 0)
(9.672077922 1.6 0)
(9.772727273 1.6 0)
(9.873376623 1.6 0)
(9.974025974 1.6 0)
(10.07467532 1.6 0)
(10.17532468 1.6 0)
(10.27597403 1.6 0)
(10.37662338 1.6 0)
(10.47727273 1.6 0)
(10.57792208 1.6 0)
(10.67857143 1.6 0)
(10.77922078 1.6 0)
(10.87987013 1.6 0)
(10.98051948 1.6 0)
(11.08116883 1.6 0)
(11.18181818 1.6 0)
(11.28246753 1.6 0)
(11.38311688 1.6 0)
(11.48376623 1.6 0)
(11.58441558 1.6 0)
(11.68506494 1.6 0)
(11.78571429 1.6 0)
(11.88636364 1.6 0)
(11.98701299 1.6 0)
(12.08766234 1.6 0)
(12.18831169 1.6 0)
(12.28896104 1.6 0)
(12.38961039 1.6 0)
(12.49025974 1.6 0)
(12.59090909 1.6 0)
(12.69155844 1.6 0)
(12.79220779 1.6 0)
(12.89285714 1.6 0)
(12.99350649 1.6 0)
(13.09415584 1.6 0)
(13.19480519 1.6 0)
(13.29545455 1.6 0)
(13.3961039 1.6 0)
(13.49675325 1.6 0)
(13.5974026 1.6 0)
(13.69805195 1.6 0)
(13.7987013 1.6 0)
(13.89935065 1.6 0)
(14 1.6 0)
(6.25 1.7 0)
(6.350649351 1.7 0)
(6.451298701 1.7 0)
(6.551948052 1.7 0)
(6.652597403 1.7 0)
(6.753246753 1.7 0)
(6.853896104 1.7 0)
(6.954545455 1.7 0)
(7.055194805 1.7 0)
(7.155844156 1.7 0)
(7.256493506 1.7 0)
(7.357142857 1.7 0)
(7.457792208 1.7 0)
(7.558441558 1.7 0)
(7.659090909 1.7 0)
(7.75974026 1.7 0)
(7.86038961 1.7 0)
(7.961038961 1.7 0)
(8.061688312 1.7 0)
(8.162337662 1.7 0)
(8.262987013 1.7 0)
(8.363636364 1.7 0)
(8.464285714 1.7 0)
(8.564935065 1.7 0)
(8.665584416 1.7 0)
(8.766233766 1.7 0)
(8.866883117 1.7 0)
(8.967532468 1.7 0)
(9.068181818 1.7 0)
(9.168831169 1.7 0)
(9.269480519 1.7 0)
(9.37012987 1.7 0)
(9.470779221 1.7 0)
(9.571428571 1.7 0)
(9.672077922 1.7 0)
(9.772727273 1.7 0)
(9.873376623 1.7 0)
(9.974025974 1.7 0)
(10.07467532 1.7 0)
(10.17532468 1.7 0)
(10.27597403 1.7 0)
(10.37662338 1.7 0)
(10.47727273 1.7 0)
(10.57792208 1.7 0)
(10.67857143 1.7 0)
(10.77922078 1.7 0)
(10.87987013 1.7 0)
(10.98051948 1.7 0)
(11.08116883 1.7 0)
(11.18181818 1.7 0)
(11.28246753 1.7 0)
(11.38311688 1.7 0)
(11.48376623 1.7 0)
(11.58441558 1.7 0)
(11.68506494 1.7 0)
(11.78571429 1.7 0)
(11.88636364 1.7 0)
(11.98701299 1.7 0)
(12.08766234 1.7 0)
(12.18831169 1.7 0)
(12.28896104 1.7 0)
(12.38961039 1.7 0)
(12.49025974 1.7 0)
(12.59090909 1.7 0)
(12.69155844 1.7 0)
(12.79220779 1.7 0)
(12.89285714 1.7 0)
(12.99350649 1.7 0)
(13.09415584 1.7 0)
(13.19480519 1.7 0)
(13.29545455 1.7 0)
(13.3961039 1.7 0)
(13.49675325 1.7 0)
(13.5974026 1.7 0)
(13.69805195 1.7 0)
(13.7987013 1.7 0)
(13.89935065 1.7 0)
(14 1.7 0)
(6.25 1.8 0)
(6.350649351 1.8 0)
(6.451298701 1.8 0)
(6.551948052 1.8 0)
(6.652597403 1.8 0)
(6.753246753 1.8 0)
(6.853896104 1.8 0)
(6.954545455 1.8 0)
(7.055194805 1.8 0)
(7.155844156 1.8 0)
(7.256493506 1.8 0)
(7.357142857 1.8 0)
(7.457792208 1.8 0)
(7.558441558 1.8 0)
(7.659090909 1.8 0)
(7.75974026 1.8 0)
(7.86038961 1.8 0)
(7.961038961 1.8 0)
(8.061688312 1.8 0)
(8.162337662 1.8 0)
(8.262987013 1.8 0)
(8.363636364 1.8 0)
(8.464285714 1.8 0)
(8.564935065 1.8 0)
(8.665584416 1.8 0)
(8.766233766 1.8 0)
(8.866883117 1.8 0)
(8.967532468 1.8 0)
(9.068181818 1.8 0)
(9.168831169 1.8 0)
(9.269480519 1.8 0)
(9.37012987 1.8 0)
(9.470779221 1.8 0)
(9.571428571 1.8 0)
(9.672077922 1.8 0)
(9.772727273 1.8 0)
(9.873376623 1.8 0)
(9.974025974 1.8 0)
(10.07467532 1.8 0)
(10.17532468 1.8 0)
(10.27597403 1.8 0)
(10.37662338 1.8 0)
(10.47727273 1.8 0)
(10.57792208 1.8 0)
(10.67857143 1.8 0)
(10.77922078 1.8 0)
(10.87987013 1.8 0)
(10.98051948 1.8 0)
(11.08116883 1.8 0)
(11.18181818 1.8 0)
(11.28246753 1.8 0)
(11.38311688 1.8 0)
(11.48376623 1.8 0)
(11.58441558 1.8 0)
(11.68506494 1.8 0)
(11.78571429 1.8 0)
(11.88636364 1.8 0)
(11.98701299 1.8 0)
(12.08766234 1.8 0)
(12.18831169 1.8 0)
(12.28896104 1.8 0)
(12.38961039 1.8 0)
(12.49025974 1.8 0)
(12.59090909 1.8 0)
(12.69155844 1.8 0)
(12.79220779 1.8 0)
(12.89285714 1.8 0)
(12.99350649 1.8 0)
(13.09415584 1.8 0)
(13.19480519 1.8 0)
(13.29545455 1.8 0)
(13.3961039 1.8 0)
(13.49675325 1.8 0)
(13.5974026 1.8 0)
(13.69805195 1.8 0)
(13.7987013 1.8 0)
(13.89935065 1.8 0)
(14 1.8 0)
(6.25 1.9 0)
(6.350649351 1.9 0)
(6.451298701 1.9 0)
(6.551948052 1.9 0)
(6.652597403 1.9 0)
(6.753246753 1.9 0)
(6.853896104 1.9 0)
(6.954545455 1.9 0)
(7.055194805 1.9 0)
(7.155844156 1.9 0)
(7.256493506 1.9 0)
(7.357142857 1.9 0)
(7.457792208 1.9 0)
(7.558441558 1.9 0)
(7.659090909 1.9 0)
(7.75974026 1.9 0)
(7.86038961 1.9 0)
(7.961038961 1.9 0)
(8.061688312 1.9 0)
(8.162337662 1.9 0)
(8.262987013 1.9 0)
(8.363636364 1.9 0)
(8.464285714 1.9 0)
(8.564935065 1.9 0)
(8.665584416 1.9 0)
(8.766233766 1.9 0)
(8.866883117 1.9 0)
(8.967532468 1.9 0)
(9.068181818 1.9 0)
(9.168831169 1.9 0)
(9.269480519 1.9 0)
(9.37012987 1.9 0)
(9.470779221 1.9 0)
(9.571428571 1.9 0)
(9.672077922 1.9 0)
(9.772727273 1.9 0)
(9.873376623 1.9 0)
(9.974025974 1.9 0)
(10.07467532 1.9 0)
(10.17532468 1.9 0)
(10.27597403 1.9 0)
(10.37662338 1.9 0)
(10.47727273 1.9 0)
(10.57792208 1.9 0)
(10.67857143 1.9 0)
(10.77922078 1.9 0)
(10.87987013 1.9 0)
(10.98051948 1.9 0)
(11.08116883 1.9 0)
(11.18181818 1.9 0)
(11.28246753 1.9 0)
(11.38311688 1.9 0)
(11.48376623 1.9 0)
(11.58441558 1.9 0)
(11.68506494 1.9 0)
(11.78571429 1.9 0)
(11.88636364 1.9 0)
(11.98701299 1.9 0)
(12.08766234 1.9 0)
(12.18831169 1.9 0)
(12.28896104 1.9 0)
(12.38961039 1.9 0)
(12.49025974 1.9 0)
(12.59090909 1.9 0)
(12.69155844 1.9 0)
(12.79220779 1.9 0)
(12.89285714 1.9 0)
(12.99350649 1.9 0)
(13.09415584 1.9 0)
(13.19480519 1.9 0)
(13.29545455 1.9 0)
(13.3961039 1.9 0)
(13.49675325 1.9 0)
(13.5974026 1.9 0)
(13.69805195 1.9 0)
(13.7987013 1.9 0)
(13.89935065 1.9 0)
(14 1.9 0)
(6.25 2 0)
(6.350649351 2 0)
(6.451298701 2 0)
(6.551948052 2 0)
(6.652597403 2 0)
(6.753246753 2 0)
(6.853896104 2 0)
(6.954545455 2 0)
(7.055194805 2 0)
(7.155844156 2 0)
(7.256493506 2 0)
(7.357142857 2 0)
(7.457792208 2 0)
(7.558441558 2 0)
(7.659090909 2 0)
(7.75974026 2 0)
(7.86038961 2 0)
(7.961038961 2 0)
(8.061688312 2 0)
(8.162337662 2 0)
(8.262987013 2 0)
(8.363636364 2 0)
(8.464285714 2 0)
(8.564935065 2 0)
(8.665584416 2 0)
(8.766233766 2 0)
(8.866883117 2 0)
(8.967532468 2 0)
(9.068181818 2 0)
(9.168831169 2 0)
(9.269480519 2 0)
(9.37012987 2 0)
(9.470779221 2 0)
(9.571428571 2 0)
(9.672077922 2 0)
(9.772727273 2 0)
(9.873376623 2 0)
(9.974025974 2 0)
(10.07467532 2 0)
(10.17532468 2 0)
(10.27597403 2 0)
(10.37662338 2 0)
(10.47727273 2 0)
(10.57792208 2 0)
(10.67857143 2 0)
(10.77922078 2 0)
(10.87987013 2 0)
(10.98051948 2 0)
(11.08116883 2 0)
(11.18181818 2 0)
(11.28246753 2 0)
(11.38311688 2 0)
(11.48376623 2 0)
(11.58441558 2 0)
(11.68506494 2 0)
(11.78571429 2 0)
(11.88636364 2 0)
(11.98701299 2 0)
(12.08766234 2 0)
(12.18831169 2 0)
(12.28896104 2 0)
(12.38961039 2 0)
(12.49025974 2 0)
(12.59090909 2 0)
(12.69155844 2 0)
(12.79220779 2 0)
(12.89285714 2 0)
(12.99350649 2 0)
(13.09415584 2 0)
(13.19480519 2 0)
(13.29545455 2 0)
(13.3961039 2 0)
(13.49675325 2 0)
(13.5974026 2 0)
(13.69805195 2 0)
(13.7987013 2 0)
(13.89935065 2 0)
(14 2 0)
(6.25 1.3 1)
(6.350649351 1.3 1)
(6.451298701 1.3 1)
(6.551948052 1.3 1)
(6.652597403 1.3 1)
(6.753246753 1.3 1)
(6.853896104 1.3 1)
(6.954545455 1.3 1)
(7.055194805 1.3 1)
(7.155844156 1.3 1)
(7.256493506 1.3 1)
(7.357142857 1.3 1)
(7.457792208 1.3 1)
(7.558441558 1.3 1)
(7.659090909 1.3 1)
(7.75974026 1.3 1)
(7.86038961 1.3 1)
(7.961038961 1.3 1)
(8.061688312 1.3 1)
(8.162337662 1.3 1)
(8.262987013 1.3 1)
(8.363636364 1.3 1)
(8.464285714 1.3 1)
(8.564935065 1.3 1)
(8.665584416 1.3 1)
(8.766233766 1.3 1)
(8.866883117 1.3 1)
(8.967532468 1.3 1)
(9.068181818 1.3 1)
(9.168831169 1.3 1)
(9.269480519 1.3 1)
(9.37012987 1.3 1)
(9.470779221 1.3 1)
(9.571428571 1.3 1)
(9.672077922 1.3 1)
(9.772727273 1.3 1)
(9.873376623 1.3 1)
(9.974025974 1.3 1)
(10.07467532 1.3 1)
(10.17532468 1.3 1)
(10.27597403 1.3 1)
(10.37662338 1.3 1)
(10.47727273 1.3 1)
(10.57792208 1.3 1)
(10.67857143 1.3 1)
(10.77922078 1.3 1)
(10.87987013 1.3 1)
(10.98051948 1.3 1)
(11.08116883 1.3 1)
(11.18181818 1.3 1)
(11.28246753 1.3 1)
(11.38311688 1.3 1)
(11.48376623 1.3 1)
(11.58441558 1.3 1)
(11.68506494 1.3 1)
(11.78571429 1.3 1)
(11.88636364 1.3 1)
(11.98701299 1.3 1)
(12.08766234 1.3 1)
(12.18831169 1.3 1)
(12.28896104 1.3 1)
(12.38961039 1.3 1)
(12.49025974 1.3 1)
(12.59090909 1.3 1)
(12.69155844 1.3 1)
(12.79220779 1.3 1)
(12.89285714 1.3 1)
(12.99350649 1.3 1)
(13.09415584 1.3 1)
(13.19480519 1.3 1)
(13.29545455 1.3 1)
(13.3961039 1.3 1)
(13.49675325 1.3 1)
(13.5974026 1.3 1)
(13.69805195 1.3 1)
(13.7987013 1.3 1)
(13.89935065 1.3 1)
(14 1.3 1)
(6.25 1.4 1)
(6.350649351 1.4 1)
(6.451298701 1.4 1)
(6.551948052 1.4 1)
(6.652597403 1.4 1)
(6.753246753 1.4 1)
(6.853896104 1.4 1)
(6.954545455 1.4 1)
(7.055194805 1.4 1)
(7.155844156 1.4 1)
(7.256493506 1.4 1)
(7.357142857 1.4 1)
(7.457792208 1.4 1)
(7.558441558 1.4 1)
(7.659090909 1.4 1)
(7.75974026 1.4 1)
(7.86038961 1.4 1)
(7.961038961 1.4 1)
(8.061688312 1.4 1)
(8.162337662 1.4 1)
(8.262987013 1.4 1)
(8.363636364 1.4 1)
(8.464285714 1.4 1)
(8.564935065 1.4 1)
(8.665584416 1.4 1)
(8.766233766 1.4 1)
(8.866883117 1.4 1)
(8.967532468 1.4 1)
(9.068181818 1.4 1)
(9.168831169 1.4 1)
(9.269480519 1.4 1)
(9.37012987 1.4 1)
(9.470779221 1.4 1)
(9.571428571 1.4 1)
(9.672077922 1.4 1)
(9.772727273 1.4 1)
(9.873376623 1.4 1)
(9.974025974 1.4 1)
(10.07467532 1.4 1)
(10.17532468 1.4 1)
(10.27597403 1.4 1)
(10.37662338 1.4 1)
(10.47727273 1.4 1)
(10.57792208 1.4 1)
(10.67857143 1.4 1)
(10.77922078 1.4 1)
(10.87987013 1.4 1)
(10.98051948 1.4 1)
(11.08116883 1.4 1)
(11.18181818 1.4 1)
(11.28246753 1.4 1)
(11.38311688 1.4 1)
(11.48376623 1.4 1)
(11.58441558 1.4 1)
(11.68506494 1.4 1)
(11.78571429 1.4 1)
(11.88636364 1.4 1)
(11.98701299 1.4 1)
(12.08766234 1.4 1)
(12.18831169 1.4 1)
(12.28896104 1.4 1)
(12.38961039 1.4 1)
(12.49025974 1.4 1)
(12.59090909 1.4 1)
(12.69155844 1.4 1)
(12.79220779 1.4 1)
(12.89285714 1.4 1)
(12.99350649 1.4 1)
(13.09415584 1.4 1)
(13.19480519 1.4 1)
(13.29545455 1.4 1)
(13.3961039 1.4 1)
(13.49675325 1.4 1)
(13.5974026 1.4 1)
(13.69805195 1.4 1)
(13.7987013 1.4 1)
(13.89935065 1.4 1)
(14 1.4 1)
(6.25 1.5 1)
(6.350649351 1.5 1)
(6.451298701 1.5 1)
(6.551948052 1.5 1)
(6.652597403 1.5 1)
(6.753246753 1.5 1)
(6.853896104 1.5 1)
(6.954545455 1.5 1)
(7.055194805 1.5 1)
(7.155844156 1.5 1)
(7.256493506 1.5 1)
(7.357142857 1.5 1)
(7.457792208 1.5 1)
(7.558441558 1.5 1)
(7.659090909 1.5 1)
(7.75974026 1.5 1)
(7.86038961 1.5 1)
(7.961038961 1.5 1)
(8.061688312 1.5 1)
(8.162337662 1.5 1)
(8.262987013 1.5 1)
(8.363636364 1.5 1)
(8.464285714 1.5 1)
(8.564935065 1.5 1)
(8.665584416 1.5 1)
(8.766233766 1.5 1)
(8.866883117 1.5 1)
(8.967532468 1.5 1)
(9.068181818 1.5 1)
(9.168831169 1.5 1)
(9.269480519 1.5 1)
(9.37012987 1.5 1)
(9.470779221 1.5 1)
(9.571428571 1.5 1)
(9.672077922 1.5 1)
(9.772727273 1.5 1)
(9.873376623 1.5 1)
(9.974025974 1.5 1)
(10.07467532 1.5 1)
(10.17532468 1.5 1)
(10.27597403 1.5 1)
(10.37662338 1.5 1)
(10.47727273 1.5 1)
(10.57792208 1.5 1)
(10.67857143 1.5 1)
(10.77922078 1.5 1)
(10.87987013 1.5 1)
(10.98051948 1.5 1)
(11.08116883 1.5 1)
(11.18181818 1.5 1)
(11.28246753 1.5 1)
(11.38311688 1.5 1)
(11.48376623 1.5 1)
(11.58441558 1.5 1)
(11.68506494 1.5 1)
(11.78571429 1.5 1)
(11.88636364 1.5 1)
(11.98701299 1.5 1)
(12.08766234 1.5 1)
(12.18831169 1.5 1)
(12.28896104 1.5 1)
(12.38961039 1.5 1)
(12.49025974 1.5 1)
(12.59090909 1.5 1)
(12.69155844 1.5 1)
(12.79220779 1.5 1)
(12.89285714 1.5 1)
(12.99350649 1.5 1)
(13.09415584 1.5 1)
(13.19480519 1.5 1)
(13.29545455 1.5 1)
(13.3961039 1.5 1)
(13.49675325 1.5 1)
(13.5974026 1.5 1)
(13.69805195 1.5 1)
(13.7987013 1.5 1)
(13.89935065 1.5 1)
(14 1.5 1)
(6.25 1.6 1)
(6.350649351 1.6 1)
(6.451298701 1.6 1)
(6.551948052 1.6 1)
(6.652597403 1.6 1)
(6.753246753 1.6 1)
(6.853896104 1.6 1)
(6.954545455 1.6 1)
(7.055194805 1.6 1)
(7.155844156 1.6 1)
(7.256493506 1.6 1)
(7.357142857 1.6 1)
(7.457792208 1.6 1)
(7.558441558 1.6 1)
(7.659090909 1.6 1)
(7.75974026 1.6 1)
(7.86038961 1.6 1)
(7.961038961 1.6 1)
(8.061688312 1.6 1)
(8.162337662 1.6 1)
(8.262987013 1.6 1)
(8.363636364 1.6 1)
(8.464285714 1.6 1)
(8.564935065 1.6 1)
(8.665584416 1.6 1)
(8.766233766 1.6 1)
(8.866883117 1.6 1)
(8.967532468 1.6 1)
(9.068181818 1.6 1)
(9.168831169 1.6 1)
(9.269480519 1.6 1)
(9.37012987 1.6 1)
(9.470779221 1.6 1)
(9.571428571 1.6 1)
(9.672077922 1.6 1)
(9.772727273 1.6 1)
(9.873376623 1.6 1)
(9.974025974 1.6 1)
(10.07467532 1.6 1)
(10.17532468 1.6 1)
(10.27597403 1.6 1)
(10.37662338 1.6 1)
(10.47727273 1.6 1)
(10.57792208 1.6 1)
(10.67857143 1.6 1)
(10.77922078 1.6 1)
(10.87987013 1.6 1)
(10.98051948 1.6 1)
(11.08116883 1.6 1)
(11.18181818 1.6 1)
(11.28246753 1.6 1)
(11.38311688 1.6 1)
(11.48376623 1.6 1)
(11.58441558 1.6 1)
(11.68506494 1.6 1)
(11.78571429 1.6 1)
(11.88636364 1.6 1)
(11.98701299 1.6 1)
(12.08766234 1.6 1)
(12.18831169 1.6 1)
(12.28896104 1.6 1)
(12.38961039 1.6 1)
(12.49025974 1.6 1)
(12.59090909 1.6 1)
(12.69155844 1.6 1)
(12.79220779 1.6 1)
(12.89285714 1.6 1)
(12.99350649 1.6 1)
(13.09415584 1.6 1)
(13.19480519 1.6 1)
(13.29545455 1.6 1)
(13.3961039 1.6 1)
(13.49675325 1.6 1)
(13.5974026 1.6 1)
(13.69805195 1.6 1)
(13.7987013 1.6 1)
(13.89935065 1.6 1)
(14 1.6 1)
(6.25 1.7 1)
(6.350649351 1.7 1)
(6.451298701 1.7 1)
(6.551948052 1.7 1)
(6.652597403 1.7 1)
(6.753246753 1.7 1)
(6.853896104 1.7 1)
(6.954545455 1.7 1)
(7.055194805 1.7 1)
(7.155844156 1.7 1)
(7.256493506 1.7 1)
(7.357142857 1.7 1)
(7.457792208 1.7 1)
(7.558441558 1.7 1)
(7.659090909 1.7 1)
(7.75974026 1.7 1)
(7.86038961 1.7 1)
(7.961038961 1.7 1)
(8.061688312 1.7 1)
(8.162337662 1.7 1)
(8.262987013 1.7 1)
(8.363636364 1.7 1)
(8.464285714 1.7 1)
(8.564935065 1.7 1)
(8.665584416 1.7 1)
(8.766233766 1.7 1)
(8.866883117 1.7 1)
(8.967532468 1.7 1)
(9.068181818 1.7 1)
(9.168831169 1.7 1)
(9.269480519 1.7 1)
(9.37012987 1.7 1)
(9.470779221 1.7 1)
(9.571428571 1.7 1)
(9.672077922 1.7 1)
(9.772727273 1.7 1)
(9.873376623 1.7 1)
(9.974025974 1.7 1)
(10.07467532 1.7 1)
(10.17532468 1.7 1)
(10.27597403 1.7 1)
(10.37662338 1.7 1)
(10.47727273 1.7 1)
(10.57792208 1.7 1)
(10.67857143 1.7 1)
(10.77922078 1.7 1)
(10.87987013 1.7 1)
(10.98051948 1.7 1)
(11.08116883 1.7 1)
(11.18181818 1.7 1)
(11.28246753 1.7 1)
(11.38311688 1.7 1)
(11.48376623 1.7 1)
(11.58441558 1.7 1)
(11.68506494 1.7 1)
(11.78571429 1.7 1)
(11.88636364 1.7 1)
(11.98701299 1.7 1)
(12.08766234 1.7 1)
(12.18831169 1.7 1)
(12.28896104 1.7 1)
(12.38961039 1.7 1)
(12.49025974 1.7 1)
(12.59090909 1.7 1)
(12.69155844 1.7 1)
(12.79220779 1.7 1)
(12.89285714 1.7 1)
(12.99350649 1.7 1)
(13.09415584 1.7 1)
(13.19480519 1.7 1)
(13.29545455 1.7 1)
(13.3961039 1.7 1)
(13.49675325 1.7 1)
(13.5974026 1.7 1)
(13.69805195 1.7 1)
(13.7987013 1.7 1)
(13.89935065 1.7 1)
(14 1.7 1)
(6.25 1.8 1)
(6.350649351 1.8 1)
(6.451298701 1.8 1)
(6.551948052 1.8 1)
(6.652597403 1.8 1)
(6.753246753 1.8 1)
(6.853896104 1.8 1)
(6.954545455 1.8 1)
(7.055194805 1.8 1)
(7.155844156 1.8 1)
(7.256493506 1.8 1)
(7.357142857 1.8 1)
(7.457792208 1.8 1)
(7.558441558 1.8 1)
(7.659090909 1.8 1)
(7.75974026 1.8 1)
(7.86038961 1.8 1)
(7.961038961 1.8 1)
(8.061688312 1.8 1)
(8.162337662 1.8 1)
(8.262987013 1.8 1)
(8.363636364 1.8 1)
(8.464285714 1.8 1)
(8.564935065 1.8 1)
(8.665584416 1.8 1)
(8.766233766 1.8 1)
(8.866883117 1.8 1)
(8.967532468 1.8 1)
(9.068181818 1.8 1)
(9.168831169 1.8 1)
(9.269480519 1.8 1)
(9.37012987 1.8 1)
(9.470779221 1.8 1)
(9.571428571 1.8 1)
(9.672077922 1.8 1)
(9.772727273 1.8 1)
(9.873376623 1.8 1)
(9.974025974 1.8 1)
(10.07467532 1.8 1)
(10.17532468 1.8 1)
(10.27597403 1.8 1)
(10.37662338 1.8 1)
(10.47727273 1.8 1)
(10.57792208 1.8 1)
(10.67857143 1.8 1)
(10.77922078 1.8 1)
(10.87987013 1.8 1)
(10.98051948 1.8 1)
(11.08116883 1.8 1)
(11.18181818 1.8 1)
(11.28246753 1.8 1)
(11.38311688 1.8 1)
(11.48376623 1.8 1)
(11.58441558 1.8 1)
(11.68506494 1.8 1)
(11.78571429 1.8 1)
(11.88636364 1.8 1)
(11.98701299 1.8 1)
(12.08766234 1.8 1)
(12.18831169 1.8 1)
(12.28896104 1.8 1)
(12.38961039 1.8 1)
(12.49025974 1.8 1)
(12.59090909 1.8 1)
(12.69155844 1.8 1)
(12.79220779 1.8 1)
(12.89285714 1.8 1)
(12.99350649 1.8 1)
(13.09415584 1.8 1)
(13.19480519 1.8 1)
(13.29545455 1.8 1)
(13.3961039 1.8 1)
(13.49675325 1.8 1)
(13.5974026 1.8 1)
(13.69805195 1.8 1)
(13.7987013 1.8 1)
(13.89935065 1.8 1)
(14 1.8 1)
(6.25 1.9 1)
(6.350649351 1.9 1)
(6.451298701 1.9 1)
(6.551948052 1.9 1)
(6.652597403 1.9 1)
(6.753246753 1.9 1)
(6.853896104 1.9 1)
(6.954545455 1.9 1)
(7.055194805 1.9 1)
(7.155844156 1.9 1)
(7.256493506 1.9 1)
(7.357142857 1.9 1)
(7.457792208 1.9 1)
(7.558441558 1.9 1)
(7.659090909 1.9 1)
(7.75974026 1.9 1)
(7.86038961 1.9 1)
(7.961038961 1.9 1)
(8.061688312 1.9 1)
(8.162337662 1.9 1)
(8.262987013 1.9 1)
(8.363636364 1.9 1)
(8.464285714 1.9 1)
(8.564935065 1.9 1)
(8.665584416 1.9 1)
(8.766233766 1.9 1)
(8.866883117 1.9 1)
(8.967532468 1.9 1)
(9.068181818 1.9 1)
(9.168831169 1.9 1)
(9.269480519 1.9 1)
(9.37012987 1.9 1)
(9.470779221 1.9 1)
(9.571428571 1.9 1)
(9.672077922 1.9 1)
(9.772727273 1.9 1)
(9.873376623 1.9 1)
(9.974025974 1.9 1)
(10.07467532 1.9 1)
(10.17532468 1.9 1)
(10.27597403 1.9 1)
(10.37662338 1.9 1)
(10.47727273 1.9 1)
(10.57792208 1.9 1)
(10.67857143 1.9 1)
(10.77922078 1.9 1)
(10.87987013 1.9 1)
(10.98051948 1.9 1)
(11.08116883 1.9 1)
(11.18181818 1.9 1)
(11.28246753 1.9 1)
(11.38311688 1.9 1)
(11.48376623 1.9 1)
(11.58441558 1.9 1)
(11.68506494 1.9 1)
(11.78571429 1.9 1)
(11.88636364 1.9 1)
(11.98701299 1.9 1)
(12.08766234 1.9 1)
(12.18831169 1.9 1)
(12.28896104 1.9 1)
(12.38961039 1.9 1)
(12.49025974 1.9 1)
(12.59090909 1.9 1)
(12.69155844 1.9 1)
(12.79220779 1.9 1)
(12.89285714 1.9 1)
(12.99350649 1.9 1)
(13.09415584 1.9 1)
(13.19480519 1.9 1)
(13.29545455 1.9 1)
(13.3961039 1.9 1)
(13.49675325 1.9 1)
(13.5974026 1.9 1)
(13.69805195 1.9 1)
(13.7987013 1.9 1)
(13.89935065 1.9 1)
(14 1.9 1)
(6.25 2 1)
(6.350649351 2 1)
(6.451298701 2 1)
(6.551948052 2 1)
(6.652597403 2 1)
(6.753246753 2 1)
(6.853896104 2 1)
(6.954545455 2 1)
(7.055194805 2 1)
(7.155844156 2 1)
(7.256493506 2 1)
(7.357142857 2 1)
(7.457792208 2 1)
(7.558441558 2 1)
(7.659090909 2 1)
(7.75974026 2 1)
(7.86038961 2 1)
(7.961038961 2 1)
(8.061688312 2 1)
(8.162337662 2 1)
(8.262987013 2 1)
(8.363636364 2 1)
(8.464285714 2 1)
(8.564935065 2 1)
(8.665584416 2 1)
(8.766233766 2 1)
(8.866883117 2 1)
(8.967532468 2 1)
(9.068181818 2 1)
(9.168831169 2 1)
(9.269480519 2 1)
(9.37012987 2 1)
(9.470779221 2 1)
(9.571428571 2 1)
(9.672077922 2 1)
(9.772727273 2 1)
(9.873376623 2 1)
(9.974025974 2 1)
(10.07467532 2 1)
(10.17532468 2 1)
(10.27597403 2 1)
(10.37662338 2 1)
(10.47727273 2 1)
(10.57792208 2 1)
(10.67857143 2 1)
(10.77922078 2 1)
(10.87987013 2 1)
(10.98051948 2 1)
(11.08116883 2 1)
(11.18181818 2 1)
(11.28246753 2 1)
(11.38311688 2 1)
(11.48376623 2 1)
(11.58441558 2 1)
(11.68506494 2 1)
(11.78571429 2 1)
(11.88636364 2 1)
(11.98701299 2 1)
(12.08766234 2 1)
(12.18831169 2 1)
(12.28896104 2 1)
(12.38961039 2 1)
(12.49025974 2 1)
(12.59090909 2 1)
(12.69155844 2 1)
(12.79220779 2 1)
(12.89285714 2 1)
(12.99350649 2 1)
(13.09415584 2 1)
(13.19480519 2 1)
(13.29545455 2 1)
(13.3961039 2 1)
(13.49675325 2 1)
(13.5974026 2 1)
(13.69805195 2 1)
(13.7987013 2 1)
(13.89935065 2 1)
(14 2 1)
(6.125 0.966506351 0)
(6.185295239 0.9914814567 0)
(6.07020981 1.046120031 0)
(6.155679706 1.08766974 0)
(6.01541962 1.125733711 0)
(6.126064172 1.183858024 0)
(6.125 0.966506351 1)
(6.185295239 0.9914814567 1)
(6.07020981 1.046120031 1)
(6.155679706 1.08766974 1)
(6.01541962 1.125733711 1)
(6.126064172 1.183858024 1)
(5.927826705 1.153737373 0)
(6.015575501 1.235016997 0)
(6.126972818 1.285875771 0)
(5.923851461 1.274632034 0)
(6.015731382 1.344300283 0)
(6.127881463 1.387893518 0)
(5.919876218 1.395526695 0)
(6.015887263 1.453583569 0)
(6.128790108 1.489911265 0)
(5.915900974 1.516421356 0)
(6.016043143 1.562866855 0)
(6.129698753 1.591929012 0)
(5.91192573 1.637316017 0)
(6.016199024 1.672150141 0)
(6.130607398 1.693946759 0)
(5.907950487 1.758210678 0)
(6.016354905 1.781433428 0)
(6.131516043 1.795964506 0)
(5.903975244 1.879105339 0)
(6.016510786 1.890716714 0)
(6.132424688 1.897982253 0)
(5.9 2 0)
(6.016666667 2 0)
(6.133333333 2 0)
(5.927826705 1.153737373 1)
(6.015575501 1.235016997 1)
(6.126972818 1.285875771 1)
(5.923851461 1.274632034 1)
(6.015731382 1.344300283 1)
(6.127881463 1.387893518 1)
(5.919876218 1.395526695 1)
(6.015887263 1.453583569 1)
(6.128790108 1.489911265 1)
(5.915900974 1.516421356 1)
(6.016043143 1.562866855 1)
(6.129698753 1.591929012 1)
(5.91192573 1.637316017 1)
(6.016199024 1.672150141 1)
(6.130607398 1.693946759 1)
(5.907950487 1.758210678 1)
(6.016354905 1.781433428 1)
(6.131516043 1.795964506 1)
(5.903975244 1.879105339 1)
(6.016510786 1.890716714 1)
(6.132424688 1.897982253 1)
(5.9 2 1)
(6.016666667 2 1)
(6.133333333 2 1)
(1.87222529 1.283804916 0)
(1.983174352 1.233181621 0)
(2.072173295 1.153737373 0)
(1.871431201 1.386118499 0)
(1.983197063 1.342727104 0)
(2.076148539 1.274632034 0)
(1.870637112 1.488432083 0)
(1.983219775 1.452272586 0)
(2.080123782 1.395526695 0)
(1.869843023 1.590745666 0)
(1.983242487 1.561818069 0)
(2.084099026 1.516421356 0)
(1.869048934 1.69305925 0)
(1.983265198 1.671363552 0)
(2.088074269 1.637316017 0)
(1.868254845 1.795372833 0)
(1.98328791 1.780909035 0)
(2.092049513 1.758210678 0)
(1.867460756 1.897686417 0)
(1.983310622 1.890454517 0)
(2.096024757 1.879105339 0)
(1.866666667 2 0)
(1.983333333 2 0)
(2.1 2 0)
(1.87222529 1.283804916 1)
(1.983174352 1.233181621 1)
(2.072173295 1.153737373 1)
(1.871431201 1.386118499 1)
(1.983197063 1.342727104 1)
(2.076148539 1.274632034 1)
(1.870637112 1.488432083 1)
(1.983219775 1.452272586 1)
(2.080123782 1.395526695 1)
(1.869843023 1.590745666 1)
(1.983242487 1.561818069 1)
(2.084099026 1.516421356 1)
(1.869048934 1.69305925 1)
(1.983265198 1.671363552 1)
(2.088074269 1.637316017 1)
(1.868254845 1.795372833 1)
(1.98328791 1.780909035 1)
(2.092049513 1.758210678 1)
(1.867460756 1.897686417 1)
(1.983310622 1.890454517 1)
(2.096024757 1.879105339 1)
(1.866666667 2 1)
(1.983333333 2 1)
(2.1 2 1)
(2.179274779 1.153737373 0)
(2.286376263 1.153737373 0)
(2.393477746 1.153737373 0)
(2.50057923 1.153737373 0)
(2.607680713 1.153737373 0)
(2.714782197 1.153737373 0)
(2.821883681 1.153737373 0)
(2.928985164 1.153737373 0)
(3.036086648 1.153737373 0)
(3.143188131 1.153737373 0)
(3.250289615 1.153737373 0)
(3.357391099 1.153737373 0)
(3.464492582 1.153737373 0)
(3.571594066 1.153737373 0)
(3.678695549 1.153737373 0)
(3.785797033 1.153737373 0)
(3.892898516 1.153737373 0)
(4 1.153737373 0)
(4.107101484 1.153737373 0)
(4.214202967 1.153737373 0)
(4.321304451 1.153737373 0)
(4.428405934 1.153737373 0)
(4.535507418 1.153737373 0)
(4.642608902 1.153737373 0)
(4.749710385 1.153737373 0)
(4.856811869 1.153737373 0)
(4.963913352 1.153737373 0)
(5.071014836 1.153737373 0)
(5.178116319 1.153737373 0)
(5.285217803 1.153737373 0)
(5.392319287 1.153737373 0)
(5.49942077 1.153737373 0)
(5.606522254 1.153737373 0)
(5.713623737 1.153737373 0)
(5.820725221 1.153737373 0)
(2.183029176 1.274632034 0)
(2.289909812 1.274632034 0)
(2.396790449 1.274632034 0)
(2.503671086 1.274632034 0)
(2.610551723 1.274632034 0)
(2.717432359 1.274632034 0)
(2.824312996 1.274632034 0)
(2.931193633 1.274632034 0)
(3.03807427 1.274632034 0)
(3.144954906 1.274632034 0)
(3.251835543 1.274632034 0)
(3.35871618 1.274632034 0)
(3.465596816 1.274632034 0)
(3.572477453 1.274632034 0)
(3.67935809 1.274632034 0)
(3.786238727 1.274632034 0)
(3.893119363 1.274632034 0)
(4 1.274632034 0)
(4.106880637 1.274632034 0)
(4.213761273 1.274632034 0)
(4.32064191 1.274632034 0)
(4.427522547 1.274632034 0)
(4.534403184 1.274632034 0)
(4.64128382 1.274632034 0)
(4.748164457 1.274632034 0)
(4.855045094 1.274632034 0)
(4.96192573 1.274632034 0)
(5.068806367 1.274632034 0)
(5.175687004 1.274632034 0)
(5.282567641 1.274632034 0)
(5.389448277 1.274632034 0)
(5.496328914 1.274632034 0)
(5.603209551 1.274632034 0)
(5.710090188 1.274632034 0)
(5.816970824 1.274632034 0)
(2.186783572 1.395526695 0)
(2.293443362 1.395526695 0)
(2.400103152 1.395526695 0)
(2.506762942 1.395526695 0)
(2.613422732 1.395526695 0)
(2.720082522 1.395526695 0)
(2.826742312 1.395526695 0)
(2.933402101 1.395526695 0)
(3.040061891 1.395526695 0)
(3.146721681 1.395526695 0)
(3.253381471 1.395526695 0)
(3.360041261 1.395526695 0)
(3.466701051 1.395526695 0)
(3.573360841 1.395526695 0)
(3.68002063 1.395526695 0)
(3.78668042 1.395526695 0)
(3.89334021 1.395526695 0)
(4 1.395526695 0)
(4.10665979 1.395526695 0)
(4.21331958 1.395526695 0)
(4.31997937 1.395526695 0)
(4.426639159 1.395526695 0)
(4.533298949 1.395526695 0)
(4.639958739 1.395526695 0)
(4.746618529 1.395526695 0)
(4.853278319 1.395526695 0)
(4.959938109 1.395526695 0)
(5.066597899 1.395526695 0)
(5.173257688 1.395526695 0)
(5.279917478 1.395526695 0)
(5.386577268 1.395526695 0)
(5.493237058 1.395526695 0)
(5.599896848 1.395526695 0)
(5.706556638 1.395526695 0)
(5.813216428 1.395526695 0)
(2.190537969 1.516421356 0)
(2.296976912 1.516421356 0)
(2.403415855 1.516421356 0)
(2.509854798 1.516421356 0)
(2.616293741 1.516421356 0)
(2.722732684 1.516421356 0)
(2.829171627 1.516421356 0)
(2.93561057 1.516421356 0)
(3.042049513 1.516421356 0)
(3.148488456 1.516421356 0)
(3.254927399 1.516421356 0)
(3.361366342 1.516421356 0)
(3.467805285 1.516421356 0)
(3.574244228 1.516421356 0)
(3.680683171 1.516421356 0)
(3.787122114 1.516421356 0)
(3.893561057 1.516421356 0)
(4 1.516421356 0)
(4.106438943 1.516421356 0)
(4.212877886 1.516421356 0)
(4.319316829 1.516421356 0)
(4.425755772 1.516421356 0)
(4.532194715 1.516421356 0)
(4.638633658 1.516421356 0)
(4.745072601 1.516421356 0)
(4.851511544 1.516421356 0)
(4.957950487 1.516421356 0)
(5.06438943 1.516421356 0)
(5.170828373 1.516421356 0)
(5.277267316 1.516421356 0)
(5.383706259 1.516421356 0)
(5.490145202 1.516421356 0)
(5.596584145 1.516421356 0)
(5.703023088 1.516421356 0)
(5.809462031 1.516421356 0)
(2.194292366 1.637316017 0)
(2.300510462 1.637316017 0)
(2.406728558 1.637316017 0)
(2.512946654 1.637316017 0)
(2.61916475 1.637316017 0)
(2.725382846 1.637316017 0)
(2.831600942 1.637316017 0)
(2.937819039 1.637316017 0)
(3.044037135 1.637316017 0)
(3.150255231 1.637316017 0)
(3.256473327 1.637316017 0)
(3.362691423 1.637316017 0)
(3.468909519 1.637316017 0)
(3.575127615 1.637316017 0)
(3.681345712 1.637316017 0)
(3.787563808 1.637316017 0)
(3.893781904 1.637316017 0)
(4 1.637316017 0)
(4.106218096 1.637316017 0)
(4.212436192 1.637316017 0)
(4.318654288 1.637316017 0)
(4.424872385 1.637316017 0)
(4.531090481 1.637316017 0)
(4.637308577 1.637316017 0)
(4.743526673 1.637316017 0)
(4.849744769 1.637316017 0)
(4.955962865 1.637316017 0)
(5.062180961 1.637316017 0)
(5.168399058 1.637316017 0)
(5.274617154 1.637316017 0)
(5.38083525 1.637316017 0)
(5.487053346 1.637316017 0)
(5.593271442 1.637316017 0)
(5.699489538 1.637316017 0)
(5.805707634 1.637316017 0)
(2.198046762 1.758210678 0)
(2.304044012 1.758210678 0)
(2.410041261 1.758210678 0)
(2.51603851 1.758210678 0)
(2.622035759 1.758210678 0)
(2.728033009 1.758210678 0)
(2.834030258 1.758210678 0)
(2.940027507 1.758210678 0)
(3.046024757 1.758210678 0)
(3.152022006 1.758210678 0)
(3.258019255 1.758210678 0)
(3.364016504 1.758210678 0)
(3.470013754 1.758210678 0)
(3.576011003 1.758210678 0)
(3.682008252 1.758210678 0)
(3.788005501 1.758210678 0)
(3.894002751 1.758210678 0)
(4 1.758210678 0)
(4.105997249 1.758210678 0)
(4.211994499 1.758210678 0)
(4.317991748 1.758210678 0)
(4.423988997 1.758210678 0)
(4.529986246 1.758210678 0)
(4.635983496 1.758210678 0)
(4.741980745 1.758210678 0)
(4.847977994 1.758210678 0)
(4.953975244 1.758210678 0)
(5.059972493 1.758210678 0)
(5.165969742 1.758210678 0)
(5.271966991 1.758210678 0)
(5.377964241 1.758210678 0)
(5.48396149 1.758210678 0)
(5.589958739 1.758210678 0)
(5.695955988 1.758210678 0)
(5.801953238 1.758210678 0)
(2.201801159 1.879105339 0)
(2.307577561 1.879105339 0)
(2.413353964 1.879105339 0)
(2.519130366 1.879105339 0)
(2.624906769 1.879105339 0)
(2.730683171 1.879105339 0)
(2.836459573 1.879105339 0)
(2.942235976 1.879105339 0)
(3.048012378 1.879105339 0)
(3.153788781 1.879105339 0)
(3.259565183 1.879105339 0)
(3.365341585 1.879105339 0)
(3.471117988 1.879105339 0)
(3.57689439 1.879105339 0)
(3.682670793 1.879105339 0)
(3.788447195 1.879105339 0)
(3.894223598 1.879105339 0)
(4 1.879105339 0)
(4.105776402 1.879105339 0)
(4.211552805 1.879105339 0)
(4.317329207 1.879105339 0)
(4.42310561 1.879105339 0)
(4.528882012 1.879105339 0)
(4.634658415 1.879105339 0)
(4.740434817 1.879105339 0)
(4.846211219 1.879105339 0)
(4.951987622 1.879105339 0)
(5.057764024 1.879105339 0)
(5.163540427 1.879105339 0)
(5.269316829 1.879105339 0)
(5.375093231 1.879105339 0)
(5.480869634 1.879105339 0)
(5.586646036 1.879105339 0)
(5.692422439 1.879105339 0)
(5.798198841 1.879105339 0)
(2.205555556 2 0)
(2.311111111 2 0)
(2.416666667 2 0)
(2.522222222 2 0)
(2.627777778 2 0)
(2.733333333 2 0)
(2.838888889 2 0)
(2.944444444 2 0)
(3.05 2 0)
(3.155555556 2 0)
(3.261111111 2 0)
(3.366666667 2 0)
(3.472222222 2 0)
(3.577777778 2 0)
(3.683333333 2 0)
(3.788888889 2 0)
(3.894444444 2 0)
(4 2 0)
(4.105555556 2 0)
(4.211111111 2 0)
(4.316666667 2 0)
(4.422222222 2 0)
(4.527777778 2 0)
(4.633333333 2 0)
(4.738888889 2 0)
(4.844444444 2 0)
(4.95 2 0)
(5.055555556 2 0)
(5.161111111 2 0)
(5.266666667 2 0)
(5.372222222 2 0)
(5.477777778 2 0)
(5.583333333 2 0)
(5.688888889 2 0)
(5.794444444 2 0)
(2.179274779 1.153737373 1)
(2.286376263 1.153737373 1)
(2.393477746 1.153737373 1)
(2.50057923 1.153737373 1)
(2.607680713 1.153737373 1)
(2.714782197 1.153737373 1)
(2.821883681 1.153737373 1)
(2.928985164 1.153737373 1)
(3.036086648 1.153737373 1)
(3.143188131 1.153737373 1)
(3.250289615 1.153737373 1)
(3.357391099 1.153737373 1)
(3.464492582 1.153737373 1)
(3.571594066 1.153737373 1)
(3.678695549 1.153737373 1)
(3.785797033 1.153737373 1)
(3.892898516 1.153737373 1)
(4 1.153737373 1)
(4.107101484 1.153737373 1)
(4.214202967 1.153737373 1)
(4.321304451 1.153737373 1)
(4.428405934 1.153737373 1)
(4.535507418 1.153737373 1)
(4.642608902 1.153737373 1)
(4.749710385 1.153737373 1)
(4.856811869 1.153737373 1)
(4.963913352 1.153737373 1)
(5.071014836 1.153737373 1)
(5.178116319 1.153737373 1)
(5.285217803 1.153737373 1)
(5.392319287 1.153737373 1)
(5.49942077 1.153737373 1)
(5.606522254 1.153737373 1)
(5.713623737 1.153737373 1)
(5.820725221 1.153737373 1)
(2.183029176 1.274632034 1)
(2.289909812 1.274632034 1)
(2.396790449 1.274632034 1)
(2.503671086 1.274632034 1)
(2.610551723 1.274632034 1)
(2.717432359 1.274632034 1)
(2.824312996 1.274632034 1)
(2.931193633 1.274632034 1)
(3.03807427 1.274632034 1)
(3.144954906 1.274632034 1)
(3.251835543 1.274632034 1)
(3.35871618 1.274632034 1)
(3.465596816 1.274632034 1)
(3.572477453 1.274632034 1)
(3.67935809 1.274632034 1)
(3.786238727 1.274632034 1)
(3.893119363 1.274632034 1)
(4 1.274632034 1)
(4.106880637 1.274632034 1)
(4.213761273 1.274632034 1)
(4.32064191 1.274632034 1)
(4.427522547 1.274632034 1)
(4.534403184 1.274632034 1)
(4.64128382 1.274632034 1)
(4.748164457 1.274632034 1)
(4.855045094 1.274632034 1)
(4.961925731 1.274632034 1)
(5.068806367 1.274632034 1)
(5.175687004 1.274632034 1)
(5.282567641 1.274632034 1)
(5.389448277 1.274632034 1)
(5.496328914 1.274632034 1)
(5.603209551 1.274632034 1)
(5.710090188 1.274632034 1)
(5.816970824 1.274632034 1)
(2.186783572 1.395526695 1)
(2.293443362 1.395526695 1)
(2.400103152 1.395526695 1)
(2.506762942 1.395526695 1)
(2.613422732 1.395526695 1)
(2.720082522 1.395526695 1)
(2.826742312 1.395526695 1)
(2.933402101 1.395526695 1)
(3.040061891 1.395526695 1)
(3.146721681 1.395526695 1)
(3.253381471 1.395526695 1)
(3.360041261 1.395526695 1)
(3.466701051 1.395526695 1)
(3.573360841 1.395526695 1)
(3.68002063 1.395526695 1)
(3.78668042 1.395526695 1)
(3.89334021 1.395526695 1)
(4 1.395526695 1)
(4.10665979 1.395526695 1)
(4.21331958 1.395526695 1)
(4.31997937 1.395526695 1)
(4.426639159 1.395526695 1)
(4.533298949 1.395526695 1)
(4.639958739 1.395526695 1)
(4.746618529 1.395526695 1)
(4.853278319 1.395526695 1)
(4.959938109 1.395526695 1)
(5.066597899 1.395526695 1)
(5.173257688 1.395526695 1)
(5.279917478 1.395526695 1)
(5.386577268 1.395526695 1)
(5.493237058 1.395526695 1)
(5.599896848 1.395526695 1)
(5.706556638 1.395526695 1)
(5.813216428 1.395526695 1)
(2.190537969 1.516421356 1)
(2.296976912 1.516421356 1)
(2.403415855 1.516421356 1)
(2.509854798 1.516421356 1)
(2.616293741 1.516421356 1)
(2.722732684 1.516421356 1)
(2.829171627 1.516421356 1)
(2.93561057 1.516421356 1)
(3.042049513 1.516421356 1)
(3.148488456 1.516421356 1)
(3.254927399 1.516421356 1)
(3.361366342 1.516421356 1)
(3.467805285 1.516421356 1)
(3.574244228 1.516421356 1)
(3.680683171 1.516421356 1)
(3.787122114 1.516421356 1)
(3.893561057 1.516421356 1)
(4 1.516421356 1)
(4.106438943 1.516421356 1)
(4.212877886 1.516421356 1)
(4.319316829 1.516421356 1)
(4.425755772 1.516421356 1)
(4.532194715 1.516421356 1)
(4.638633658 1.516421356 1)
(4.745072601 1.516421356 1)
(4.851511544 1.516421356 1)
(4.957950487 1.516421356 1)
(5.06438943 1.516421356 1)
(5.170828373 1.516421356 1)
(5.277267316 1.516421356 1)
(5.383706259 1.516421356 1)
(5.490145202 1.516421356 1)
(5.596584145 1.516421356 1)
(5.703023088 1.516421356 1)
(5.809462031 1.516421356 1)
(2.194292366 1.637316017 1)
(2.300510462 1.637316017 1)
(2.406728558 1.637316017 1)
(2.512946654 1.637316017 1)
(2.61916475 1.637316017 1)
(2.725382846 1.637316017 1)
(2.831600942 1.637316017 1)
(2.937819039 1.637316017 1)
(3.044037135 1.637316017 1)
(3.150255231 1.637316017 1)
(3.256473327 1.637316017 1)
(3.362691423 1.637316017 1)
(3.468909519 1.637316017 1)
(3.575127615 1.637316017 1)
(3.681345712 1.637316017 1)
(3.787563808 1.637316017 1)
(3.893781904 1.637316017 1)
(4 1.637316017 1)
(4.106218096 1.637316017 1)
(4.212436192 1.637316017 1)
(4.318654288 1.637316017 1)
(4.424872385 1.637316017 1)
(4.531090481 1.637316017 1)
(4.637308577 1.637316017 1)
(4.743526673 1.637316017 1)
(4.849744769 1.637316017 1)
(4.955962865 1.637316017 1)
(5.062180961 1.637316017 1)
(5.168399058 1.637316017 1)
(5.274617154 1.637316017 1)
(5.38083525 1.637316017 1)
(5.487053346 1.637316017 1)
(5.593271442 1.637316017 1)
(5.699489538 1.637316017 1)
(5.805707634 1.637316017 1)
(2.198046762 1.758210678 1)
(2.304044012 1.758210678 1)
(2.410041261 1.758210678 1)
(2.51603851 1.758210678 1)
(2.622035759 1.758210678 1)
(2.728033009 1.758210678 1)
(2.834030258 1.758210678 1)
(2.940027507 1.758210678 1)
(3.046024757 1.758210678 1)
(3.152022006 1.758210678 1)
(3.258019255 1.758210678 1)
(3.364016504 1.758210678 1)
(3.470013754 1.758210678 1)
(3.576011003 1.758210678 1)
(3.682008252 1.758210678 1)
(3.788005501 1.758210678 1)
(3.894002751 1.758210678 1)
(4 1.758210678 1)
(4.105997249 1.758210678 1)
(4.211994499 1.758210678 1)
(4.317991748 1.758210678 1)
(4.423988997 1.758210678 1)
(4.529986246 1.758210678 1)
(4.635983496 1.758210678 1)
(4.741980745 1.758210678 1)
(4.847977994 1.758210678 1)
(4.953975244 1.758210678 1)
(5.059972493 1.758210678 1)
(5.165969742 1.758210678 1)
(5.271966991 1.758210678 1)
(5.377964241 1.758210678 1)
(5.48396149 1.758210678 1)
(5.589958739 1.758210678 1)
(5.695955988 1.758210678 1)
(5.801953238 1.758210678 1)
(2.201801159 1.879105339 1)
(2.307577561 1.879105339 1)
(2.413353964 1.879105339 1)
(2.519130366 1.879105339 1)
(2.624906769 1.879105339 1)
(2.730683171 1.879105339 1)
(2.836459573 1.879105339 1)
(2.942235976 1.879105339 1)
(3.048012378 1.879105339 1)
(3.153788781 1.879105339 1)
(3.259565183 1.879105339 1)
(3.365341585 1.879105339 1)
(3.471117988 1.879105339 1)
(3.57689439 1.879105339 1)
(3.682670793 1.879105339 1)
(3.788447195 1.879105339 1)
(3.894223598 1.879105339 1)
(4 1.879105339 1)
(4.105776402 1.879105339 1)
(4.211552805 1.879105339 1)
(4.317329207 1.879105339 1)
(4.42310561 1.879105339 1)
(4.528882012 1.879105339 1)
(4.634658415 1.879105339 1)
(4.740434817 1.879105339 1)
(4.846211219 1.879105339 1)
(4.951987622 1.879105339 1)
(5.057764024 1.879105339 1)
(5.163540427 1.879105339 1)
(5.269316829 1.879105339 1)
(5.375093231 1.879105339 1)
(5.480869634 1.879105339 1)
(5.586646036 1.879105339 1)
(5.692422439 1.879105339 1)
(5.798198841 1.879105339 1)
(2.205555556 2 1)
(2.311111111 2 1)
(2.416666667 2 1)
(2.522222222 2 1)
(2.627777778 2 1)
(2.733333333 2 1)
(2.838888889 2 1)
(2.944444444 2 1)
(3.05 2 1)
(3.155555556 2 1)
(3.261111111 2 1)
(3.366666667 2 1)
(3.472222222 2 1)
(3.577777778 2 1)
(3.683333333 2 1)
(3.788888889 2 1)
(3.894444444 2 1)
(4 2 1)
(4.105555556 2 1)
(4.211111111 2 1)
(4.316666667 2 1)
(4.422222222 2 1)
(4.527777778 2 1)
(4.633333333 2 1)
(4.738888889 2 1)
(4.844444444 2 1)
(4.95 2 1)
(5.055555556 2 1)
(5.161111111 2 1)
(5.266666667 2 1)
(5.372222222 2 1)
(5.477777778 2 1)
(5.583333333 2 1)
(5.688888889 2 1)
(5.794444444 2 1)
)


// ************************************************************************* //
