/*--------------------------------*- C++ -*----------------------------------*\
| solids4foam: solid mechanics and fluid-solid interaction simulations        |
| Version:     v2.3                                                           |
| Web:         https://solids4foam.github.io                                  |
| Disclaimer:  This offering is not approved or endorsed by OpenCFD Limited,  |
|              producer and distributor of the OpenFOAM software via          |
|              www.openfoam.com, and owner of the OPENFOAM® and OpenCFD®      |
|              trade marks.                                                   |
\*---------------------------------------------------------------------------*/
FoamFile
{
    version     2.0;
    format      ascii;
    class       dictionary;
    object      blockMeshDict;
}
// * * * * * * * * * * * * * * * * * * * * * * * * * * * * * * * * * * * * * //

scale 1;

vertices
(
    (0 0 -50)                     // 0
    (45 0 -50)                    // 1
    (45 5 -50)                    // 2
    (0 5 -50)                     // 3
    (0 5 -5)                      // 4
    (45 5 -5)                     // 5
    (45 0 -5)                     // 6
    (0 0 -5)                      // 7
    (0 0 5)                       // 8
    (0 5 5)                       // 9
    (45 0 5)                      // 10
    (45 5 5)                      // 11
    (0 0 50)                      // 12
    (0 5 50)                      // 13
    (45 0 50)                     // 14
    (45 5 50)                     // 15
    (55 0 50)                     // 16
    (55 5 50)                     // 17
    (55 0 5)                      // 18
    (55 5 5)                      // 19
    (55 0 -5)                     // 20
    (55 5 -5)                     // 21
    (55 0 -50)                    // 22
    (55 5 -50)                    // 23
    (150 0 50)                    // 24
    (150 5 50)                    // 25
    (150 0 5)                     // 26
    (150 5 5)                     // 27
    (150 0 -5)                    // 28
    (150 5 -5)                    // 29
    (150 0 -50)                   // 30
    (150 5 -50)                   // 31
    (0 80 -50)                    // 32
    (0 80 -5)                     // 33
    (0 80 5)                      // 34
    (0 80 50)                     // 35
    (45 80 -50)                   // 36
    (45 80 -5)                    // 37
    (45 80 5)                     // 38
    (45 80 50)                    // 39
    (55 80 -50)                   // 40
    (55 80 -5)                    // 41
    (55 80 5)                     // 42
    (55 80 50)                    // 43
    (150 80 -50)                  // 44
    (150 80 -5)                   // 45
    (150 80 5)                    // 46
    (150 80 50)                   // 47
);

blocks
(
    hex (0 1 2 3 7 6 5 4) (10 4 10) simpleGrading (0.1 1 0.1)
    hex (7 6 5 4 8 10 11 9) (10 4 8) simpleGrading (0.1 1 1)
    hex (8 10 11 9 12 14 15 13) (10 4 10) simpleGrading (0.1 1 10)
    hex (3 2 36 32 4 5 37 33) (10 15 10) simpleGrading (0.1 8 0.1)
    hex (4 5 37 33 9 11 38 34) (10 15 8) simpleGrading (0.1 8 1)
    hex (9 11 38 34 13 15 39 35) (10 15 10) simpleGrading (0.1 8 10)
    hex (1 22 23 2 6 20 21 5) (8 4 10) simpleGrading (1 1 0.1)
    hex (2 23 40 36 5 21 41 37) (8 15 10) simpleGrading (1 8 0.1)
    hex (10 18 19 11 14 16 17 15) (8 4 10) simpleGrading (1 1 10)
    hex (11 19 42 38 15 17 43 39) (8 15 10) simpleGrading (1 8 10)
    hex (5 21 41 37 11 19 42 38) (8 15 8) simpleGrading (1 8 1)
    hex (22 30 31 23 20 28 29 21) (20 4 10) simpleGrading (10 1 0.1)
    hex (23 31 44 40 21 29 45 41) (20 15 10) simpleGrading (10 8 0.1)
    hex (20 28 29 21 18 26 27 19) (20 4 8) simpleGrading (10 1 1)
    hex (21 29 45 41 19 27 46 42) (20 15 8) simpleGrading (10 8 1)
    hex (18 26 27 19 16 24 25 17) (20 4 10) simpleGrading (10 1 10)
    hex (19 27 46 42 17 25 47 43) (20 15 10) simpleGrading (10 8 10)
);

edges
(
);

boundary
(
    inlet
    {
        type patch;
        faces
        (
            (0 7 4 3)
            (3 4 33 32)
            (7 8 9 4)
            (4 9 34 33)
            (8 12 13 9)
            (9 13 35 34)
        );
    }

    outlet
    {
        type patch;
        faces
        (
            (27 46 47 25)
            (26 27 25 24)
            (26 28 29 27)
            (27 29 45 46)
            (28 30 31 29)
            (29 31 44 45)
        );
    }

    membrane-fluid
    {
        type patch;
        faces
        (
            (11 5 21 19)
        );
    }

    building
    {
        type wall;
        faces
        (
            (6 5 11 10)
            (11 19 18 10)
            (18 19 21 20)
            (20 21 5 6)

        );
    }

    bottom
    {
        type wall;
        faces
        (
            (12 8 10 14)
            (8 7 6 10)
            (7 0 1 6)
            (14 10 18 16)
            (1 22 20 6)
            (20 22 30 28)
            (18 20 28 26)
            (16 18 26 24)
        );
    }

    frontAndBack
    {
        type patch;
        faces
        (
            (12 14 15 13)
            (13 15 39 35)
            (14 16 17 15)
            (15 17 43 39)
            (16 24 25 17)
            (17 25 47 43)
            (0 3 2 1)
            (3 32 36 2)
            (1 2 23 22)
            (2 36 40 23)
            (22 23 30 31)
            (23 40 44 31)
        );
    }

    top
    {
        type patch;
        faces
        (
            (35 39 38 34)
            (34 38 37 33)
            (33 37 36 32)
            (39 43 42 38)
            (38 42 41 37)
            (37 41 40 36)
            (43 47 46 42)
            (42 46 45 41)
            (41 45 44 40)
        );
    }
);

mergePatchPairs
(
);

// ************************************************************************* //
