/*--------------------------------*- C++ -*----------------------------------*\
| =========                 |                                                 |
| \\      /  F ield         | foam-extend: Open Source CFD                    |
|  \\    /   O peration     | Version:     4.1                                |
|   \\  /    A nd           | Web:         http://www.foam-extend.org         |
|    \\/     M anipulation  |                                                 |
\*---------------------------------------------------------------------------*/
FoamFile
{
    version     2.0;
    format      ascii;
    class       volScalarField;
    location    "0.2";
    object      Dp;
}
// * * * * * * * * * * * * * * * * * * * * * * * * * * * * * * * * * * * * * //

dimensions      [1 -1 -2 0 0 0 0];

internalField   nonuniform List<scalar> 
5120
(
-0.045568
-0.0361677
-0.0349434
-0.0344628
-0.0341144
-0.0337668
-0.0333602
-0.0328839
-0.0323463
-0.0317603
-0.0311381
-0.0304904
-0.0298256
-0.02915
-0.0284683
-0.0277839
-0.0270992
-0.0264158
-0.0257349
-0.0250575
-0.0243841
-0.0237152
-0.0230512
-0.0223925
-0.0217391
-0.0210915
-0.0204499
-0.0198143
-0.0191851
-0.0185624
-0.0179464
-0.0173373
-0.0167352
-0.0161403
-0.0155528
-0.0149729
-0.0144007
-0.0138364
-0.0132802
-0.0127322
-0.0121926
-0.0116616
-0.0111395
-0.0106262
-0.0101222
-0.00962742
-0.00914223
-0.00866678
-0.00820127
-0.00774591
-0.00730091
-0.00686649
-0.00644286
-0.00603026
-0.0056289
-0.00523901
-0.00486085
-0.00449463
-0.00414062
-0.00379904
-0.00347017
-0.00315424
-0.00285152
-0.00256228
-0.00228676
-0.00202524
-0.00177799
-0.00154526
-0.00132733
-0.00112444
-0.000936839
-0.000764767
-0.000608447
-0.000468111
-0.000344028
-0.000236606
-0.000146423
-7.56246e-05
-2.15907e-05
9.67778e-06
-0.0471772
-0.0377421
-0.0361797
-0.0353867
-0.0346515
-0.0340046
-0.0333918
-0.032778
-0.0321524
-0.031513
-0.0308607
-0.0301983
-0.0295285
-0.0288541
-0.0281774
-0.0275001
-0.0268237
-0.0261492
-0.0254775
-0.0248091
-0.0241446
-0.0234844
-0.0228287
-0.0221779
-0.0215322
-0.0208919
-0.0202572
-0.0196284
-0.0190055
-0.0183889
-0.0177787
-0.0171752
-0.0165785
-0.0159888
-0.0154062
-0.0148311
-0.0142635
-0.0137037
-0.0131518
-0.012608
-0.0120725
-0.0115455
-0.0110271
-0.0105176
-0.0100172
-0.00952605
-0.00904433
-0.00857227
-0.00811006
-0.00765793
-0.00721608
-0.00678473
-0.0063641
-0.00595442
-0.00555591
-0.00516881
-0.00479336
-0.00442979
-0.00407835
-0.00373928
-0.00341284
-0.00309929
-0.00279887
-0.00251186
-0.00223852
-0.00197911
-0.0017339
-0.00150317
-0.00128718
-0.0010862
-0.000900513
-0.000730408
-0.000576201
-0.000438268
-0.000317092
-0.000213362
-0.00012807
-6.3708e-05
-1.55867e-05
1.24564e-05
-0.0490943
-0.0384034
-0.0368267
-0.0359997
-0.0351529
-0.0343772
-0.0336521
-0.0329504
-0.0322605
-0.0315763
-0.0308942
-0.0302124
-0.0295306
-0.0288491
-0.0281685
-0.0274894
-0.0268125
-0.0261383
-0.0254674
-0.0248
-0.0241367
-0.0234776
-0.0228231
-0.0221735
-0.0215289
-0.0208896
-0.0202559
-0.0196279
-0.0190059
-0.01839
-0.0177804
-0.0171775
-0.0165813
-0.015992
-0.0154098
-0.014835
-0.0142677
-0.013708
-0.0131562
-0.0126125
-0.0120771
-0.0115501
-0.0110317
-0.0105221
-0.0100216
-0.00953028
-0.00904838
-0.0085761
-0.00811364
-0.00766124
-0.00721908
-0.0067874
-0.00636642
-0.00595636
-0.00555746
-0.00516994
-0.00479405
-0.00443002
-0.0040781
-0.00373855
-0.00341161
-0.00309753
-0.00279659
-0.00250903
-0.00223514
-0.00197517
-0.00172939
-0.00149809
-0.00128155
-0.00108005
-0.000893891
-0.00072341
-0.000568981
-0.00043106
-0.000310221
-0.000207251
-0.000123261
-6.05249e-05
-1.38232e-05
1.37927e-05
-0.0500072
-0.0386292
-0.0370464
-0.0362302
-0.0353624
-0.0345471
-0.0337791
-0.0330391
-0.0323186
-0.0316116
-0.0309134
-0.0302209
-0.0295321
-0.0288463
-0.0281632
-0.0274829
-0.0268054
-0.0261312
-0.0254605
-0.0247936
-0.0241307
-0.0234722
-0.0228183
-0.0221692
-0.0215252
-0.0208864
-0.0202531
-0.0196255
-0.0190039
-0.0183884
-0.0177792
-0.0171765
-0.0165805
-0.0159915
-0.0154095
-0.0148349
-0.0142677
-0.0137082
-0.0131565
-0.0126129
-0.0120775
-0.0115506
-0.0110322
-0.0105227
-0.0100221
-0.00953078
-0.00904884
-0.00857652
-0.008114
-0.00766152
-0.00721928
-0.00678751
-0.00636642
-0.00595624
-0.00555721
-0.00516955
-0.00479351
-0.00442933
-0.00407724
-0.00373752
-0.00341039
-0.00309613
-0.00279499
-0.00250723
-0.00223313
-0.00197294
-0.00172696
-0.00149544
-0.00127869
-0.001077
-0.000890693
-0.000720112
-0.000565664
-0.000427837
-0.000307232
-0.000204649
-0.000121201
-5.90124e-05
-1.2614e-05
1.50307e-05
-0.0500072
-0.0386292
-0.0370464
-0.0362302
-0.0353624
-0.0345471
-0.0337791
-0.0330391
-0.0323186
-0.0316116
-0.0309134
-0.0302209
-0.0295321
-0.0288463
-0.0281632
-0.0274829
-0.0268054
-0.0261312
-0.0254605
-0.0247936
-0.0241307
-0.0234722
-0.0228183
-0.0221692
-0.0215252
-0.0208864
-0.0202531
-0.0196255
-0.0190039
-0.0183884
-0.0177792
-0.0171765
-0.0165805
-0.0159915
-0.0154095
-0.0148349
-0.0142677
-0.0137082
-0.0131565
-0.0126129
-0.0120775
-0.0115506
-0.0110322
-0.0105227
-0.0100221
-0.00953078
-0.00904884
-0.00857652
-0.008114
-0.00766152
-0.00721928
-0.00678751
-0.00636642
-0.00595624
-0.00555721
-0.00516955
-0.00479351
-0.00442933
-0.00407725
-0.00373752
-0.00341039
-0.00309613
-0.00279499
-0.00250723
-0.00223313
-0.00197294
-0.00172696
-0.00149544
-0.00127869
-0.001077
-0.000890693
-0.000720113
-0.000565664
-0.000427837
-0.000307232
-0.000204649
-0.000121202
-5.90129e-05
-1.26136e-05
1.50306e-05
-0.0490943
-0.0384034
-0.0368267
-0.0359997
-0.0351529
-0.0343772
-0.0336521
-0.0329504
-0.0322605
-0.0315763
-0.0308942
-0.0302124
-0.0295306
-0.0288491
-0.0281685
-0.0274894
-0.0268125
-0.0261383
-0.0254674
-0.0248
-0.0241367
-0.0234776
-0.0228231
-0.0221735
-0.0215289
-0.0208896
-0.0202559
-0.0196279
-0.0190059
-0.01839
-0.0177804
-0.0171775
-0.0165813
-0.015992
-0.0154098
-0.014835
-0.0142677
-0.013708
-0.0131562
-0.0126125
-0.0120771
-0.0115501
-0.0110317
-0.0105221
-0.0100216
-0.00953028
-0.00904838
-0.0085761
-0.00811364
-0.00766124
-0.00721908
-0.0067874
-0.00636642
-0.00595636
-0.00555746
-0.00516994
-0.00479405
-0.00443002
-0.0040781
-0.00373855
-0.00341161
-0.00309753
-0.00279659
-0.00250903
-0.00223514
-0.00197517
-0.00172939
-0.0014981
-0.00128155
-0.00108005
-0.000893891
-0.00072341
-0.000568981
-0.00043106
-0.000310222
-0.000207252
-0.000123261
-6.05251e-05
-1.38234e-05
1.3795e-05
-0.0471772
-0.0377421
-0.0361797
-0.0353867
-0.0346515
-0.0340046
-0.0333918
-0.032778
-0.0321524
-0.031513
-0.0308607
-0.0301983
-0.0295285
-0.0288541
-0.0281774
-0.0275001
-0.0268237
-0.0261492
-0.0254775
-0.0248091
-0.0241446
-0.0234844
-0.0228287
-0.0221779
-0.0215322
-0.0208919
-0.0202572
-0.0196284
-0.0190055
-0.0183889
-0.0177787
-0.0171752
-0.0165785
-0.0159888
-0.0154062
-0.0148311
-0.0142635
-0.0137037
-0.0131518
-0.012608
-0.0120725
-0.0115455
-0.0110271
-0.0105176
-0.0100172
-0.00952605
-0.00904433
-0.00857227
-0.00811006
-0.00765793
-0.00721608
-0.00678473
-0.0063641
-0.00595442
-0.00555591
-0.00516881
-0.00479336
-0.00442979
-0.00407835
-0.00373928
-0.00341284
-0.00309929
-0.00279887
-0.00251186
-0.00223852
-0.00197911
-0.0017339
-0.00150317
-0.00128718
-0.0010862
-0.000900513
-0.000730408
-0.000576201
-0.000438268
-0.000317093
-0.000213363
-0.000128071
-6.37083e-05
-1.55871e-05
1.2457e-05
-0.045568
-0.0361677
-0.0349434
-0.0344628
-0.0341144
-0.0337668
-0.0333602
-0.0328839
-0.0323463
-0.0317603
-0.0311381
-0.0304904
-0.0298256
-0.02915
-0.0284683
-0.0277839
-0.0270992
-0.0264158
-0.0257349
-0.0250575
-0.0243841
-0.0237152
-0.0230512
-0.0223925
-0.0217391
-0.0210915
-0.0204499
-0.0198143
-0.0191851
-0.0185624
-0.0179464
-0.0173373
-0.0167352
-0.0161403
-0.0155528
-0.0149729
-0.0144007
-0.0138364
-0.0132802
-0.0127322
-0.0121926
-0.0116616
-0.0111395
-0.0106262
-0.0101222
-0.00962742
-0.00914223
-0.00866678
-0.00820127
-0.00774591
-0.00730091
-0.00686649
-0.00644286
-0.00603026
-0.0056289
-0.00523901
-0.00486085
-0.00449463
-0.00414062
-0.00379904
-0.00347017
-0.00315424
-0.00285152
-0.00256228
-0.00228676
-0.00202524
-0.00177799
-0.00154526
-0.00132733
-0.00112444
-0.00093684
-0.000764767
-0.000608447
-0.000468111
-0.000344027
-0.000236607
-0.000146424
-7.5625e-05
-2.15906e-05
9.67989e-06
-0.029177
-0.0225311
-0.0217641
-0.0215632
-0.0212991
-0.0210501
-0.020797
-0.0205211
-0.02022
-0.0198963
-0.0195534
-0.0191953
-0.0188256
-0.018447
-0.0180618
-0.0176717
-0.017278
-0.0168817
-0.0164836
-0.0160843
-0.0156844
-0.0152842
-0.0148841
-0.0144845
-0.0140857
-0.0136881
-0.0132917
-0.0128971
-0.0125043
-0.0121137
-0.0117254
-0.0113397
-0.0109569
-0.0105771
-0.0102006
-0.00982763
-0.00945832
-0.00909294
-0.00873167
-0.00837474
-0.00802235
-0.0076747
-0.007332
-0.00699445
-0.00666225
-0.00633561
-0.00601473
-0.00569981
-0.00539106
-0.00508867
-0.00479286
-0.00450383
-0.00422179
-0.00394693
-0.00367947
-0.00341962
-0.00316758
-0.00292356
-0.00268778
-0.00246044
-0.00224177
-0.00203196
-0.00183125
-0.00163984
-0.00145794
-0.00128578
-0.00112358
-0.000971532
-0.000829859
-0.000698757
-0.000578412
-0.00046899
-0.000370626
-0.00028341
-0.000207365
-0.000142384
-8.8376e-05
-4.61402e-05
-1.1741e-05
3.08078e-05
-0.0347967
-0.0243541
-0.0221022
-0.021547
-0.0209706
-0.0205074
-0.0201307
-0.0197848
-0.0194485
-0.0191131
-0.018774
-0.0184295
-0.0180793
-0.0177239
-0.0173638
-0.0169997
-0.0166323
-0.016262
-0.0158895
-0.0155152
-0.0151394
-0.0147626
-0.0143851
-0.0140072
-0.0136292
-0.0132514
-0.0128742
-0.0124978
-0.0121224
-0.0117485
-0.0113761
-0.0110056
-0.0106372
-0.0102713
-0.00990794
-0.00954748
-0.00919014
-0.00883615
-0.00848575
-0.00813917
-0.00779664
-0.00745841
-0.00712468
-0.00679569
-0.00647166
-0.00615282
-0.00583939
-0.0055316
-0.00522966
-0.00493381
-0.00464425
-0.00436122
-0.00408493
-0.00381562
-0.00355349
-0.00329877
-0.00305169
-0.00281247
-0.00258134
-0.00235851
-0.00214421
-0.00193867
-0.00174211
-0.00155476
-0.00137685
-0.00120859
-0.00105022
-0.000901958
-0.000764027
-0.000636646
-0.000520033
-0.000414401
-0.000319961
-0.000236929
-0.000165494
-0.000105738
-5.80873e-05
-2.3884e-05
5.0901e-06
3.97509e-05
-0.0376499
-0.0258153
-0.0227388
-0.021878
-0.0211122
-0.0205116
-0.0200425
-0.019636
-0.0192616
-0.018904
-0.0185541
-0.0182063
-0.0178578
-0.0175073
-0.0171541
-0.0167981
-0.0164394
-0.0160782
-0.0157148
-0.0153494
-0.0149825
-0.0146142
-0.0142449
-0.0138749
-0.0135045
-0.013134
-0.0127637
-0.0123938
-0.0120247
-0.0116566
-0.0112898
-0.0109246
-0.0105611
-0.0101998
-0.00984083
-0.00948445
-0.00913092
-0.0087805
-0.00843342
-0.00808994
-0.00775029
-0.00741472
-0.00708346
-0.00675675
-0.00643482
-0.00611792
-0.00580627
-0.00550011
-0.00519966
-0.00490517
-0.00461685
-0.00433495
-0.00405969
-0.00379131
-0.00353002
-0.00327607
-0.00302969
-0.00279109
-0.00256052
-0.00233821
-0.00212438
-0.00191927
-0.00172311
-0.00153612
-0.00135855
-0.00119062
-0.00103256
-0.000884599
-0.000746978
-0.000619926
-0.000503685
-0.000398498
-0.000304628
-0.00022236
-0.000151972
-9.36682e-05
-4.80924e-05
-1.6335e-05
1.07144e-05
4.04507e-05
-0.0386641
-0.026257
-0.0229558
-0.0220148
-0.0211802
-0.0205201
-0.0200073
-0.0195701
-0.0191752
-0.0188051
-0.0184483
-0.0180978
-0.0177494
-0.0174008
-0.0170506
-0.0166984
-0.0163439
-0.0159871
-0.0156282
-0.0152673
-0.0149047
-0.0145407
-0.0141755
-0.0138095
-0.0134429
-0.0130761
-0.0127092
-0.0123427
-0.0119767
-0.0116116
-0.0112476
-0.010885
-0.0105241
-0.0101651
-0.00980838
-0.00945409
-0.00910251
-0.00875391
-0.00840854
-0.00806664
-0.00772847
-0.00739426
-0.00706427
-0.00673874
-0.0064179
-0.00610199
-0.00579126
-0.00548594
-0.00518626
-0.00489247
-0.00460479
-0.00432347
-0.00404874
-0.00378083
-0.00351997
-0.00326641
-0.00302037
-0.00278208
-0.00255179
-0.00232973
-0.00211612
-0.00191121
-0.00171523
-0.0015284
-0.00135097
-0.00118318
-0.00102524
-0.000877408
-0.000739914
-0.000613003
-0.000496926
-0.000391947
-0.000298348
-0.000216443
-0.000146532
-8.88486e-05
-4.40931e-05
-1.32116e-05
1.3176e-05
4.13632e-05
-0.0386641
-0.026257
-0.0229558
-0.0220148
-0.0211802
-0.0205201
-0.0200073
-0.0195701
-0.0191752
-0.0188051
-0.0184483
-0.0180978
-0.0177494
-0.0174008
-0.0170506
-0.0166984
-0.0163439
-0.0159871
-0.0156282
-0.0152673
-0.0149047
-0.0145407
-0.0141755
-0.0138095
-0.0134429
-0.0130761
-0.0127092
-0.0123427
-0.0119767
-0.0116116
-0.0112476
-0.010885
-0.0105241
-0.0101651
-0.00980838
-0.00945409
-0.00910251
-0.00875391
-0.00840854
-0.00806664
-0.00772847
-0.00739426
-0.00706427
-0.00673874
-0.0064179
-0.00610199
-0.00579126
-0.00548594
-0.00518626
-0.00489247
-0.00460479
-0.00432347
-0.00404874
-0.00378083
-0.00351997
-0.00326641
-0.00302037
-0.00278208
-0.00255179
-0.00232973
-0.00211612
-0.00191121
-0.00171523
-0.0015284
-0.00135097
-0.00118318
-0.00102524
-0.000877408
-0.000739914
-0.000613003
-0.000496926
-0.000391947
-0.000298349
-0.000216443
-0.000146532
-8.88485e-05
-4.40931e-05
-1.32116e-05
1.3176e-05
4.1363e-05
-0.0376499
-0.0258153
-0.0227388
-0.021878
-0.0211122
-0.0205116
-0.0200425
-0.019636
-0.0192616
-0.018904
-0.0185541
-0.0182063
-0.0178578
-0.0175073
-0.0171541
-0.0167981
-0.0164394
-0.0160782
-0.0157148
-0.0153494
-0.0149825
-0.0146142
-0.0142449
-0.0138749
-0.0135045
-0.013134
-0.0127637
-0.0123938
-0.0120247
-0.0116566
-0.0112898
-0.0109246
-0.0105611
-0.0101998
-0.00984083
-0.00948445
-0.00913092
-0.0087805
-0.00843342
-0.00808994
-0.00775029
-0.00741472
-0.00708346
-0.00675675
-0.00643482
-0.00611792
-0.00580627
-0.00550011
-0.00519966
-0.00490517
-0.00461685
-0.00433495
-0.00405969
-0.00379131
-0.00353002
-0.00327607
-0.00302969
-0.00279109
-0.00256052
-0.00233821
-0.00212438
-0.00191927
-0.00172311
-0.00153612
-0.00135855
-0.00119062
-0.00103256
-0.000884599
-0.000746977
-0.000619926
-0.000503685
-0.000398499
-0.000304628
-0.00022236
-0.000151972
-9.36682e-05
-4.80923e-05
-1.63349e-05
1.07141e-05
4.04503e-05
-0.0347967
-0.0243541
-0.0221022
-0.021547
-0.0209706
-0.0205074
-0.0201307
-0.0197848
-0.0194485
-0.0191131
-0.018774
-0.0184295
-0.0180793
-0.0177239
-0.0173638
-0.0169997
-0.0166323
-0.016262
-0.0158895
-0.0155152
-0.0151394
-0.0147626
-0.0143851
-0.0140072
-0.0136292
-0.0132514
-0.0128742
-0.0124978
-0.0121224
-0.0117485
-0.0113761
-0.0110056
-0.0106372
-0.0102713
-0.00990794
-0.00954748
-0.00919014
-0.00883615
-0.00848575
-0.00813917
-0.00779664
-0.00745841
-0.00712468
-0.00679569
-0.00647166
-0.00615282
-0.00583939
-0.0055316
-0.00522966
-0.00493381
-0.00464425
-0.00436122
-0.00408493
-0.00381562
-0.00355349
-0.00329877
-0.00305169
-0.00281247
-0.00258134
-0.00235851
-0.00214421
-0.00193867
-0.00174211
-0.00155476
-0.00137685
-0.00120859
-0.00105022
-0.000901958
-0.000764027
-0.000636646
-0.000520033
-0.000414401
-0.000319961
-0.000236929
-0.000165494
-0.000105738
-5.80871e-05
-2.38839e-05
5.08998e-06
3.97506e-05
-0.029177
-0.0225311
-0.0217641
-0.0215632
-0.0212991
-0.0210501
-0.020797
-0.0205211
-0.02022
-0.0198963
-0.0195534
-0.0191953
-0.0188256
-0.018447
-0.0180618
-0.0176717
-0.017278
-0.0168817
-0.0164836
-0.0160843
-0.0156844
-0.0152842
-0.0148841
-0.0144845
-0.0140857
-0.0136881
-0.0132917
-0.0128971
-0.0125043
-0.0121137
-0.0117254
-0.0113397
-0.0109569
-0.0105771
-0.0102006
-0.00982763
-0.00945832
-0.00909294
-0.00873167
-0.00837474
-0.00802235
-0.0076747
-0.007332
-0.00699445
-0.00666225
-0.00633561
-0.00601473
-0.00569981
-0.00539106
-0.00508867
-0.00479286
-0.00450383
-0.00422179
-0.00394693
-0.00367947
-0.00341962
-0.00316758
-0.00292356
-0.00268778
-0.00246044
-0.00224177
-0.00203196
-0.00183125
-0.00163984
-0.00145794
-0.00128578
-0.00112358
-0.000971532
-0.000829859
-0.000698757
-0.000578412
-0.00046899
-0.000370626
-0.00028341
-0.000207365
-0.000142384
-8.8376e-05
-4.61403e-05
-1.17412e-05
3.08078e-05
-0.0145192
-0.0110781
-0.0109351
-0.011029
-0.0109708
-0.0108772
-0.0107723
-0.0106573
-0.0105341
-0.010404
-0.0102676
-0.0101253
-0.00997752
-0.00982466
-0.00966702
-0.00950489
-0.00933858
-0.0091684
-0.00899463
-0.00881757
-0.00863752
-0.00845475
-0.00826952
-0.00808208
-0.00789268
-0.00770153
-0.00750887
-0.0073149
-0.00711982
-0.00692385
-0.00672717
-0.00652998
-0.00633247
-0.00613483
-0.00593726
-0.00573993
-0.00554304
-0.00534676
-0.00515129
-0.00495681
-0.0047635
-0.00457155
-0.00438113
-0.00419244
-0.00400564
-0.00382093
-0.00363848
-0.00345847
-0.00328109
-0.00310651
-0.00293491
-0.00276647
-0.00260137
-0.00243978
-0.00228189
-0.00212786
-0.00197787
-0.0018321
-0.00169072
-0.00155391
-0.00142183
-0.00129466
-0.00117257
-0.00105572
-0.00094429
-0.000838438
-0.000738328
-0.000644119
-0.000555965
-0.000474005
-0.000398366
-0.000329144
-0.000266392
-0.000210098
-0.000160142
-0.000116221
-7.8163e-05
-4.69968e-05
-1.65417e-05
4.22406e-05
-0.0187253
-0.012435
-0.0109632
-0.0106513
-0.010341
-0.0101133
-0.00995294
-0.00982147
-0.00970334
-0.00959087
-0.00947915
-0.00936533
-0.00924788
-0.00912599
-0.00899933
-0.0088678
-0.00873148
-0.00859055
-0.0084452
-0.00829568
-0.00814224
-0.00798511
-0.00782456
-0.00766082
-0.00749414
-0.00732474
-0.00715287
-0.00697874
-0.0068026
-0.00662465
-0.00644513
-0.00626424
-0.00608222
-0.00589927
-0.00571562
-0.00553147
-0.00534704
-0.00516255
-0.0049782
-0.0047942
-0.00461077
-0.00442811
-0.00424644
-0.00406595
-0.00388686
-0.00370938
-0.00353369
-0.00336002
-0.00318855
-0.0030195
-0.00285306
-0.00268943
-0.00252881
-0.0023714
-0.00221739
-0.00206698
-0.00192037
-0.00177774
-0.00163928
-0.00150519
-0.00137566
-0.00125086
-0.00113099
-0.00101623
-0.000906756
-0.000802751
-0.000704391
-0.000611847
-0.000525286
-0.000444869
-0.000370747
-0.000303056
-0.000241912
-0.0001874
-0.000139517
-9.80581e-05
-6.33141e-05
-3.60773e-05
-2.69157e-06
4.87828e-05
-0.021135
-0.0137125
-0.0113774
-0.010715
-0.0102263
-0.00989312
-0.00967313
-0.00950922
-0.00937545
-0.00925825
-0.00914882
-0.00904171
-0.0089337
-0.00882288
-0.0087082
-0.00858911
-0.00846539
-0.00833702
-0.00820407
-0.00806669
-0.00792507
-0.00777941
-0.00762994
-0.00747687
-0.00732045
-0.00716089
-0.00699843
-0.0068333
-0.00666573
-0.00649596
-0.00632421
-0.00615072
-0.0059757
-0.00579939
-0.00562202
-0.00544381
-0.00526499
-0.00508578
-0.00490641
-0.00472709
-0.00454805
-0.00436951
-0.00419169
-0.00401481
-0.00383908
-0.00366473
-0.00349196
-0.00332099
-0.00315203
-0.0029853
-0.00282101
-0.00265936
-0.00250057
-0.00234484
-0.00219237
-0.00204338
-0.00189806
-0.00175662
-0.00161924
-0.00148615
-0.00135751
-0.00123355
-0.00111443
-0.00100036
-0.000891526
-0.000788107
-0.000690289
-0.000598252
-0.000512172
-0.000432221
-0.000358567
-0.000291371
-0.000230784
-0.00017695
-0.000129935
-8.9659e-05
-5.65966e-05
-3.0774e-05
2.57189e-06
4.65868e-05
-0.0219792
-0.0141253
-0.0115339
-0.0107583
-0.0101923
-0.00980429
-0.00954965
-0.00936497
-0.00921972
-0.0090974
-0.00898712
-0.00888197
-0.00877769
-0.00867172
-0.00856255
-0.00844934
-0.00833167
-0.00820939
-0.0080825
-0.00795107
-0.00781526
-0.00767526
-0.00753126
-0.00738347
-0.00723213
-0.00707745
-0.00691968
-0.00675903
-0.00659575
-0.00643006
-0.0062622
-0.0060924
-0.0059209
-0.00574794
-0.00557373
-0.00539852
-0.00522253
-0.00504599
-0.00486914
-0.0046922
-0.0045154
-0.00433897
-0.00416312
-0.00398809
-0.00381409
-0.00364135
-0.00347009
-0.00330053
-0.00313288
-0.00296737
-0.0028042
-0.0026436
-0.00248578
-0.00233094
-0.0021793
-0.00203107
-0.00188645
-0.00174565
-0.00160888
-0.00147633
-0.0013482
-0.00122469
-0.001106
-0.000992328
-0.000883855
-0.000780775
-0.000683273
-0.000591535
-0.000505741
-0.000426072
-0.000352702
-0.000285805
-0.000225549
-0.000172098
-0.000125537
-8.58236e-05
-5.35001e-05
-2.83087e-05
4.73727e-06
4.62546e-05
-0.0219792
-0.0141253
-0.0115339
-0.0107583
-0.0101923
-0.00980429
-0.00954965
-0.00936497
-0.00921972
-0.0090974
-0.00898712
-0.00888197
-0.00877769
-0.00867172
-0.00856255
-0.00844934
-0.00833167
-0.00820939
-0.0080825
-0.00795107
-0.00781526
-0.00767526
-0.00753126
-0.00738347
-0.00723213
-0.00707745
-0.00691968
-0.00675903
-0.00659575
-0.00643006
-0.0062622
-0.0060924
-0.0059209
-0.00574794
-0.00557373
-0.00539852
-0.00522253
-0.00504599
-0.00486914
-0.0046922
-0.0045154
-0.00433897
-0.00416312
-0.00398809
-0.00381409
-0.00364135
-0.00347009
-0.00330053
-0.00313288
-0.00296737
-0.0028042
-0.0026436
-0.00248578
-0.00233094
-0.0021793
-0.00203107
-0.00188645
-0.00174565
-0.00160888
-0.00147633
-0.0013482
-0.00122469
-0.001106
-0.000992327
-0.000883855
-0.000780775
-0.000683273
-0.000591535
-0.000505741
-0.000426072
-0.000352702
-0.000285805
-0.000225549
-0.000172098
-0.000125537
-8.58236e-05
-5.35001e-05
-2.83086e-05
4.73726e-06
4.62545e-05
-0.021135
-0.0137125
-0.0113774
-0.010715
-0.0102263
-0.00989312
-0.00967313
-0.00950922
-0.00937545
-0.00925825
-0.00914882
-0.00904171
-0.0089337
-0.00882288
-0.0087082
-0.00858911
-0.00846539
-0.00833702
-0.00820407
-0.00806669
-0.00792507
-0.00777941
-0.00762994
-0.00747687
-0.00732045
-0.00716089
-0.00699843
-0.0068333
-0.00666573
-0.00649596
-0.00632421
-0.00615072
-0.0059757
-0.00579939
-0.00562202
-0.00544381
-0.00526499
-0.00508578
-0.00490641
-0.00472709
-0.00454805
-0.00436951
-0.00419169
-0.00401481
-0.00383908
-0.00366473
-0.00349196
-0.00332099
-0.00315203
-0.0029853
-0.00282101
-0.00265936
-0.00250057
-0.00234484
-0.00219237
-0.00204338
-0.00189806
-0.00175662
-0.00161924
-0.00148615
-0.00135751
-0.00123355
-0.00111443
-0.00100036
-0.000891526
-0.000788107
-0.000690289
-0.000598252
-0.000512172
-0.000432221
-0.000358567
-0.000291371
-0.000230784
-0.00017695
-0.000129935
-8.9659e-05
-5.65966e-05
-3.0774e-05
2.57186e-06
4.65867e-05
-0.0187253
-0.012435
-0.0109632
-0.0106513
-0.010341
-0.0101133
-0.00995294
-0.00982147
-0.00970334
-0.00959087
-0.00947915
-0.00936533
-0.00924788
-0.00912599
-0.00899933
-0.0088678
-0.00873148
-0.00859055
-0.0084452
-0.00829568
-0.00814224
-0.00798511
-0.00782456
-0.00766082
-0.00749414
-0.00732474
-0.00715287
-0.00697874
-0.0068026
-0.00662465
-0.00644513
-0.00626424
-0.00608222
-0.00589927
-0.00571562
-0.00553147
-0.00534704
-0.00516255
-0.0049782
-0.0047942
-0.00461077
-0.00442811
-0.00424644
-0.00406595
-0.00388686
-0.00370938
-0.00353369
-0.00336002
-0.00318855
-0.0030195
-0.00285306
-0.00268943
-0.00252881
-0.0023714
-0.00221739
-0.00206698
-0.00192037
-0.00177774
-0.00163928
-0.00150519
-0.00137566
-0.00125086
-0.00113099
-0.00101623
-0.000906755
-0.000802751
-0.000704391
-0.000611847
-0.000525286
-0.000444869
-0.000370747
-0.000303056
-0.000241912
-0.0001874
-0.000139517
-9.8058e-05
-6.3314e-05
-3.60772e-05
-2.69151e-06
4.87829e-05
-0.0145192
-0.0110781
-0.0109351
-0.011029
-0.0109708
-0.0108772
-0.0107723
-0.0106573
-0.0105341
-0.010404
-0.0102676
-0.0101253
-0.00997752
-0.00982466
-0.00966702
-0.00950489
-0.00933858
-0.0091684
-0.00899463
-0.00881757
-0.00863752
-0.00845475
-0.00826952
-0.00808208
-0.00789268
-0.00770153
-0.00750887
-0.0073149
-0.00711982
-0.00692385
-0.00672717
-0.00652998
-0.00633247
-0.00613483
-0.00593726
-0.00573993
-0.00554304
-0.00534676
-0.00515129
-0.00495681
-0.0047635
-0.00457155
-0.00438113
-0.00419244
-0.00400564
-0.00382093
-0.00363848
-0.00345847
-0.00328109
-0.00310651
-0.00293491
-0.00276647
-0.00260137
-0.00243978
-0.00228189
-0.00212786
-0.00197787
-0.0018321
-0.00169072
-0.00155391
-0.00142183
-0.00129466
-0.00117257
-0.00105572
-0.00094429
-0.000838438
-0.000738328
-0.00064412
-0.000555965
-0.000474005
-0.000398366
-0.000329144
-0.000266392
-0.000210098
-0.000160142
-0.000116221
-7.81629e-05
-4.69967e-05
-1.6542e-05
4.224e-05
-0.00140607
-0.00128772
-0.0014961
-0.00168494
-0.00176512
-0.0017916
-0.00179878
-0.00180158
-0.00180702
-0.0018173
-0.00183198
-0.00184961
-0.00186852
-0.00188721
-0.00190452
-0.0019196
-0.0019319
-0.0019411
-0.00194706
-0.00194972
-0.00194913
-0.00194535
-0.00193849
-0.00192865
-0.00191596
-0.00190051
-0.00188244
-0.00186183
-0.00183882
-0.00181349
-0.00178596
-0.00175634
-0.00172473
-0.00169124
-0.00165597
-0.00161904
-0.00158056
-0.00154063
-0.00149938
-0.0014569
-0.00141332
-0.00136874
-0.00132329
-0.00127707
-0.00123019
-0.00118278
-0.00113495
-0.00108681
-0.00103847
-0.000990051
-0.00094166
-0.000893409
-0.000845411
-0.000797775
-0.000750611
-0.000704027
-0.00065813
-0.000613026
-0.00056882
-0.000525614
-0.00048351
-0.000442608
-0.000403007
-0.000364802
-0.000328088
-0.000292958
-0.000259503
-0.000227809
-0.000197961
-0.000170039
-0.000144113
-0.000120244
-9.8475e-05
-7.88264e-05
-6.12747e-05
-4.57126e-05
-3.23538e-05
-2.29369e-05
-1.08056e-05
3.91443e-05
-0.00294921
-0.00137262
-0.000898198
-0.000829379
-0.000794469
-0.000786983
-0.000804713
-0.00083808
-0.00088203
-0.000932985
-0.000987784
-0.0010439
-0.00109941
-0.00115297
-0.0012036
-0.00125071
-0.00129389
-0.00133296
-0.00136783
-0.00139848
-0.00142496
-0.00144736
-0.00146575
-0.00148026
-0.00149099
-0.00149806
-0.00150159
-0.00150171
-0.00149852
-0.00149216
-0.00148275
-0.00147043
-0.0014553
-0.00143752
-0.0014172
-0.00139448
-0.00136949
-0.00134236
-0.00131324
-0.00128226
-0.00124954
-0.00121524
-0.00117948
-0.00114241
-0.00110416
-0.00106486
-0.00102466
-0.00098368
-0.000942068
-0.000899955
-0.000857474
-0.000814757
-0.000771937
-0.000729143
-0.000686505
-0.00064415
-0.000602204
-0.000560792
-0.000520035
-0.000480056
-0.000440971
-0.000402898
-0.000365951
-0.00033024
-0.000295877
-0.000262966
-0.000231612
-0.000201914
-0.00017397
-0.000147872
-0.000123706
-0.000101551
-8.14764e-05
-6.35451e-05
-4.77557e-05
-3.39817e-05
-2.28681e-05
-1.57601e-05
2.1934e-06
3.91551e-05
-0.003828
-0.00169929
-0.00081937
-0.000562108
-0.000429365
-0.000373442
-0.00037304
-0.000405025
-0.000456532
-0.000519685
-0.000588901
-0.00066033
-0.000731403
-0.000800428
-0.000866313
-0.000928379
-0.000986219
-0.00103961
-0.00108844
-0.00113269
-0.00117239
-0.00120758
-0.00123837
-0.00126483
-0.00128707
-0.00130522
-0.00131938
-0.00132969
-0.00133626
-0.00133923
-0.00133873
-0.0013349
-0.00132787
-0.00131779
-0.00130479
-0.00128902
-0.00127063
-0.00124976
-0.00122655
-0.00120115
-0.00117371
-0.00114438
-0.00111331
-0.00108065
-0.00104654
-0.00101113
-0.000974565
-0.000937
-0.000898577
-0.000859442
-0.00081974
-0.000779612
-0.000739203
-0.000698651
-0.000658097
-0.000617678
-0.000577529
-0.000537784
-0.000498575
-0.000460032
-0.000422282
-0.000385449
-0.000349656
-0.000315022
-0.000281665
-0.000249697
-0.000219229
-0.000190369
-0.00016322
-0.000137881
-0.000114448
-9.30105e-05
-7.36549e-05
-5.64667e-05
-4.1472e-05
-2.86214e-05
-1.86997e-05
-1.2148e-05
6.51333e-06
3.2949e-05
-0.00415932
-0.00184943
-0.000815425
-0.000471146
-0.000281962
-0.000191889
-0.000173994
-0.000199065
-0.000250066
-0.0003165
-0.000391128
-0.000469096
-0.000547254
-0.000623584
-0.000696822
-0.000766188
-0.000831223
-0.00089167
-0.000947406
-0.000998387
-0.00104463
-0.00108618
-0.00112311
-0.00115551
-0.00118348
-0.00120714
-0.00122661
-0.001242
-0.00125344
-0.00126108
-0.00126504
-0.00126547
-0.0012625
-0.00125628
-0.00124697
-0.0012347
-0.00121963
-0.0012019
-0.00118168
-0.00115911
-0.00113434
-0.00110754
-0.00107884
-0.00104842
-0.00101642
-0.000982993
-0.000948295
-0.000912478
-0.000875693
-0.000838091
-0.000799823
-0.000761035
-0.000721876
-0.000682491
-0.000643025
-0.000603619
-0.000564414
-0.000525549
-0.000487159
-0.000449379
-0.00041234
-0.000376172
-0.000341
-0.000306948
-0.000274136
-0.000242682
-0.0002127
-0.0001843
-0.00015759
-0.000132673
-0.000109649
-8.8613e-05
-6.96595e-05
-5.2883e-05
-3.83162e-05
-2.59418e-05
-1.66177e-05
-1.04564e-05
8.07893e-06
3.1146e-05
-0.00415932
-0.00184943
-0.000815425
-0.000471146
-0.000281962
-0.000191889
-0.000173994
-0.000199065
-0.000250066
-0.0003165
-0.000391128
-0.000469096
-0.000547254
-0.000623584
-0.000696822
-0.000766188
-0.000831223
-0.00089167
-0.000947406
-0.000998387
-0.00104463
-0.00108618
-0.00112311
-0.00115551
-0.00118348
-0.00120714
-0.00122661
-0.001242
-0.00125344
-0.00126108
-0.00126504
-0.00126547
-0.0012625
-0.00125628
-0.00124697
-0.0012347
-0.00121963
-0.0012019
-0.00118168
-0.00115911
-0.00113434
-0.00110754
-0.00107884
-0.00104842
-0.00101642
-0.000982993
-0.000948295
-0.000912478
-0.000875693
-0.000838091
-0.000799823
-0.000761035
-0.000721876
-0.000682491
-0.000643025
-0.000603619
-0.000564414
-0.000525549
-0.000487159
-0.000449379
-0.00041234
-0.000376172
-0.000341
-0.000306948
-0.000274136
-0.000242682
-0.0002127
-0.0001843
-0.00015759
-0.000132673
-0.000109649
-8.8613e-05
-6.96596e-05
-5.2883e-05
-3.83162e-05
-2.59419e-05
-1.66177e-05
-1.04565e-05
8.07894e-06
3.11461e-05
-0.003828
-0.00169929
-0.00081937
-0.000562108
-0.000429365
-0.000373442
-0.00037304
-0.000405025
-0.000456532
-0.000519685
-0.000588901
-0.00066033
-0.000731403
-0.000800428
-0.000866313
-0.000928379
-0.000986219
-0.00103961
-0.00108844
-0.00113269
-0.00117239
-0.00120758
-0.00123837
-0.00126483
-0.00128707
-0.00130522
-0.00131938
-0.00132969
-0.00133626
-0.00133923
-0.00133873
-0.0013349
-0.00132787
-0.00131779
-0.00130479
-0.00128902
-0.00127063
-0.00124976
-0.00122655
-0.00120115
-0.00117371
-0.00114438
-0.00111331
-0.00108065
-0.00104654
-0.00101113
-0.000974565
-0.000937
-0.000898577
-0.000859442
-0.00081974
-0.000779612
-0.000739203
-0.000698651
-0.000658097
-0.000617678
-0.000577529
-0.000537784
-0.000498575
-0.000460032
-0.000422282
-0.000385449
-0.000349656
-0.000315022
-0.000281665
-0.000249697
-0.000219229
-0.000190369
-0.00016322
-0.000137881
-0.000114448
-9.30105e-05
-7.36549e-05
-5.64667e-05
-4.1472e-05
-2.86214e-05
-1.86997e-05
-1.2148e-05
6.51342e-06
3.29492e-05
-0.00294921
-0.00137262
-0.000898198
-0.000829379
-0.000794469
-0.000786983
-0.000804713
-0.00083808
-0.00088203
-0.000932985
-0.000987784
-0.0010439
-0.00109941
-0.00115297
-0.0012036
-0.00125071
-0.00129389
-0.00133296
-0.00136783
-0.00139848
-0.00142496
-0.00144736
-0.00146575
-0.00148026
-0.00149099
-0.00149806
-0.00150159
-0.00150171
-0.00149852
-0.00149216
-0.00148275
-0.00147043
-0.0014553
-0.00143752
-0.0014172
-0.00139448
-0.00136949
-0.00134236
-0.00131324
-0.00128226
-0.00124954
-0.00121524
-0.00117948
-0.00114241
-0.00110416
-0.00106486
-0.00102466
-0.00098368
-0.000942068
-0.000899955
-0.000857474
-0.000814757
-0.000771937
-0.000729143
-0.000686505
-0.00064415
-0.000602204
-0.000560792
-0.000520035
-0.000480056
-0.000440971
-0.000402898
-0.000365951
-0.000330241
-0.000295877
-0.000262966
-0.000231612
-0.000201914
-0.00017397
-0.000147872
-0.000123706
-0.000101551
-8.14765e-05
-6.35451e-05
-4.77558e-05
-3.39817e-05
-2.2868e-05
-1.576e-05
2.19358e-06
3.91553e-05
-0.00140607
-0.00128772
-0.0014961
-0.00168494
-0.00176512
-0.0017916
-0.00179878
-0.00180158
-0.00180702
-0.0018173
-0.00183198
-0.00184961
-0.00186852
-0.00188721
-0.00190452
-0.0019196
-0.0019319
-0.0019411
-0.00194706
-0.00194972
-0.00194913
-0.00194535
-0.00193849
-0.00192865
-0.00191596
-0.00190051
-0.00188244
-0.00186183
-0.00183882
-0.00181349
-0.00178596
-0.00175634
-0.00172473
-0.00169124
-0.00165597
-0.00161904
-0.00158056
-0.00154063
-0.00149938
-0.0014569
-0.00141332
-0.00136874
-0.00132329
-0.00127707
-0.00123019
-0.00118278
-0.00113495
-0.00108681
-0.00103847
-0.000990051
-0.00094166
-0.000893409
-0.000845411
-0.000797775
-0.000750611
-0.000704027
-0.00065813
-0.000613026
-0.00056882
-0.000525614
-0.00048351
-0.000442608
-0.000403007
-0.000364802
-0.000328088
-0.000292959
-0.000259503
-0.000227809
-0.000197961
-0.000170039
-0.000144113
-0.000120244
-9.84752e-05
-7.88265e-05
-6.12749e-05
-4.57129e-05
-3.23539e-05
-2.29368e-05
-1.08057e-05
3.91437e-05
0.00986575
0.00690142
0.0065328
0.00641775
0.00629117
0.00620312
0.00612646
0.00604063
0.0059387
0.00582022
0.00568777
0.00554497
0.00539528
0.00524159
0.00508611
0.00493041
0.00477557
0.00462227
0.00447095
0.00432189
0.00417523
0.00403105
0.00388941
0.00375034
0.00361386
0.00347998
0.00334871
0.00322008
0.00309408
0.00297073
0.00285005
0.00273203
0.00261668
0.002504
0.002394
0.00228667
0.002182
0.00207999
0.00198063
0.00188391
0.00178981
0.00169833
0.00160943
0.00152312
0.00143936
0.00135815
0.00127946
0.00120328
0.00112958
0.00105835
0.00098956
0.000923203
0.000859255
0.000797699
0.000738519
0.000681699
0.000627222
0.000575077
0.000525249
0.000477728
0.000432505
0.000389571
0.00034892
0.000310546
0.000274448
0.000240621
0.000209065
0.000179778
0.000152756
0.000127992
0.00010547
8.51616e-05
6.70127e-05
5.09291e-05
3.67683e-05
2.43479e-05
1.30707e-05
9.18451e-07
-6.65438e-06
2.10802e-05
0.0110238
0.00800283
0.00765884
0.00761506
0.00744906
0.00729106
0.00714075
0.00698379
0.00681793
0.00664413
0.00646427
0.0062805
0.00609476
0.00590861
0.00572322
0.00553944
0.00535784
0.00517882
0.00500263
0.00482946
0.0046594
0.00449252
0.00432888
0.00416852
0.00401144
0.00385768
0.00370724
0.00356014
0.00341638
0.00327596
0.00313888
0.00300513
0.00287471
0.0027476
0.00262379
0.00250326
0.00238599
0.00227195
0.00216112
0.00205347
0.00194898
0.0018476
0.00174932
0.00165409
0.00156188
0.00147266
0.00138638
0.00130303
0.00122254
0.00114491
0.00107007
0.000998014
0.00092869
0.000862069
0.000798118
0.000736805
0.000678099
0.000621971
0.000568394
0.00051734
0.000468785
0.000422708
0.000379088
0.000337905
0.000299145
0.000262792
0.000228834
0.000197259
0.000168058
0.000141217
0.000116722
9.45538e-05
7.46762e-05
5.70275e-05
4.15469e-05
2.81838e-05
1.59998e-05
3.26639e-06
2.12857e-06
1.34838e-05
0.0121404
0.0088548
0.00825226
0.00816143
0.00798618
0.00780783
0.00763053
0.00744493
0.00725172
0.00705317
0.00685134
0.00664805
0.00644477
0.00624255
0.00604216
0.00584416
0.00564893
0.00545674
0.00526778
0.00508219
0.00490007
0.00472149
0.0045465
0.00437514
0.00420745
0.00404344
0.00388314
0.00372654
0.00357366
0.00342448
0.00327901
0.00313723
0.00299912
0.00286467
0.00273385
0.00260663
0.00248298
0.00236288
0.00224628
0.00213316
0.00202346
0.00191716
0.00181421
0.00171456
0.00161818
0.00152501
0.00143502
0.00134816
0.00126439
0.00118365
0.0011059
0.00103111
0.000959219
0.000890193
0.00082399
0.000760568
0.000699887
0.000641911
0.000586603
0.000533929
0.000483857
0.000436356
0.000391399
0.00034896
0.000309015
0.000271545
0.00023653
0.000203955
0.000173806
0.000146069
0.000120732
9.77785e-05
7.71839e-05
5.89028e-05
4.2904e-05
2.91275e-05
1.65479e-05
4.15948e-06
3.91081e-06
3.79054e-06
0.0124651
0.00904449
0.00842397
0.00836878
0.00821611
0.00804343
0.00786292
0.00766955
0.00746661
0.00725789
0.00704622
0.00683372
0.00662185
0.00641163
0.00620371
0.00599855
0.00579646
0.00559765
0.00540227
0.00521046
0.00502229
0.00483784
0.00465716
0.00448029
0.00430728
0.00413813
0.00397287
0.00381151
0.00365404
0.00350047
0.00335078
0.00320495
0.00306297
0.00292482
0.00279046
0.00265987
0.00253301
0.00240984
0.00229033
0.00217443
0.00206211
0.00195331
0.00184799
0.00174611
0.0016476
0.00155244
0.00146056
0.00137191
0.00128645
0.00120413
0.0011249
0.0010487
0.000975499
0.000905239
0.000837877
0.000773367
0.000711667
0.000652735
0.00059653
0.000543014
0.000492151
0.000443907
0.00039825
0.000355151
0.000314585
0.000276526
0.000240955
0.000207852
0.000177203
0.000148993
0.00012321
9.98413e-05
7.88639e-05
6.02376e-05
4.39398e-05
2.98915e-05
1.70048e-05
4.55416e-06
4.2995e-06
5.7991e-07
0.0124651
0.00904449
0.00842397
0.00836878
0.00821611
0.00804343
0.00786292
0.00766955
0.00746661
0.00725789
0.00704622
0.00683372
0.00662185
0.00641163
0.00620371
0.00599855
0.00579646
0.00559765
0.00540227
0.00521046
0.00502229
0.00483784
0.00465716
0.00448029
0.00430728
0.00413813
0.00397287
0.00381151
0.00365404
0.00350047
0.00335078
0.00320495
0.00306297
0.00292482
0.00279046
0.00265987
0.00253301
0.00240984
0.00229033
0.00217443
0.00206211
0.00195331
0.00184799
0.00174611
0.0016476
0.00155244
0.00146056
0.00137191
0.00128645
0.00120413
0.0011249
0.0010487
0.000975499
0.000905239
0.000837877
0.000773367
0.000711667
0.000652735
0.00059653
0.000543014
0.000492151
0.000443907
0.00039825
0.000355151
0.000314585
0.000276526
0.000240955
0.000207852
0.000177203
0.000148993
0.00012321
9.98413e-05
7.88639e-05
6.02376e-05
4.39398e-05
2.98915e-05
1.70048e-05
4.55412e-06
4.2995e-06
5.8004e-07
0.0121404
0.0088548
0.00825226
0.00816143
0.00798618
0.00780783
0.00763053
0.00744493
0.00725172
0.00705317
0.00685134
0.00664805
0.00644477
0.00624255
0.00604216
0.00584416
0.00564893
0.00545674
0.00526778
0.00508219
0.00490007
0.00472149
0.0045465
0.00437514
0.00420745
0.00404344
0.00388314
0.00372654
0.00357366
0.00342448
0.00327901
0.00313723
0.00299912
0.00286467
0.00273385
0.00260663
0.00248298
0.00236288
0.00224628
0.00213316
0.00202346
0.00191716
0.00181421
0.00171456
0.00161818
0.00152501
0.00143502
0.00134816
0.00126439
0.00118365
0.0011059
0.00103111
0.000959219
0.000890193
0.00082399
0.000760568
0.000699887
0.000641911
0.000586603
0.000533929
0.000483857
0.000436356
0.000391399
0.00034896
0.000309015
0.000271545
0.00023653
0.000203955
0.000173806
0.000146069
0.000120732
9.77785e-05
7.71839e-05
5.89028e-05
4.29041e-05
2.91276e-05
1.65479e-05
4.1594e-06
3.91073e-06
3.79061e-06
0.0110238
0.00800283
0.00765884
0.00761506
0.00744906
0.00729106
0.00714075
0.00698379
0.00681793
0.00664413
0.00646427
0.0062805
0.00609476
0.00590861
0.00572322
0.00553944
0.00535784
0.00517882
0.00500263
0.00482946
0.0046594
0.00449252
0.00432888
0.00416852
0.00401144
0.00385768
0.00370724
0.00356014
0.00341638
0.00327596
0.00313888
0.00300513
0.00287471
0.0027476
0.00262379
0.00250326
0.00238599
0.00227195
0.00216112
0.00205347
0.00194898
0.0018476
0.00174932
0.00165409
0.00156188
0.00147266
0.00138638
0.00130303
0.00122254
0.00114491
0.00107007
0.000998014
0.00092869
0.000862069
0.000798118
0.000736805
0.000678099
0.000621971
0.000568394
0.00051734
0.000468785
0.000422708
0.000379088
0.000337905
0.000299145
0.000262792
0.000228834
0.000197259
0.000168058
0.000141217
0.000116722
9.45539e-05
7.46762e-05
5.70275e-05
4.15469e-05
2.81838e-05
1.59998e-05
3.2663e-06
2.12859e-06
1.3484e-05
0.00986575
0.00690142
0.0065328
0.00641775
0.00629117
0.00620312
0.00612646
0.00604063
0.0059387
0.00582022
0.00568777
0.00554497
0.00539528
0.00524159
0.00508611
0.00493041
0.00477557
0.00462227
0.00447095
0.00432189
0.00417523
0.00403105
0.00388941
0.00375034
0.00361386
0.00347998
0.00334871
0.00322008
0.00309408
0.00297073
0.00285005
0.00273203
0.00261668
0.002504
0.002394
0.00228667
0.002182
0.00207999
0.00198063
0.00188391
0.00178981
0.00169833
0.00160943
0.00152312
0.00143936
0.00135815
0.00127946
0.00120328
0.00112958
0.00105835
0.000989561
0.000923203
0.000859255
0.000797699
0.000738519
0.000681699
0.000627222
0.000575077
0.000525249
0.000477729
0.000432505
0.000389571
0.00034892
0.000310547
0.000274448
0.000240621
0.000209065
0.000179778
0.000152756
0.000127992
0.000105471
8.51619e-05
6.70129e-05
5.09292e-05
3.67685e-05
2.43481e-05
1.30708e-05
9.18178e-07
-6.65446e-06
2.10802e-05
0.0192211
0.014005
0.0136023
0.0136147
0.0134947
0.0133935
0.0132827
0.0131388
0.0129601
0.0127517
0.0125205
0.012273
0.0120143
0.0117485
0.0114784
0.011206
0.0109325
0.0106589
0.0103855
0.010113
0.00984136
0.00957097
0.00930195
0.00903445
0.00876861
0.00850459
0.00824251
0.00798252
0.00772475
0.00746933
0.00721639
0.00696606
0.00671846
0.00647371
0.00623193
0.00599323
0.00575772
0.0055255
0.0052967
0.00507139
0.00484969
0.00463169
0.00441749
0.00420719
0.00400087
0.00379864
0.00360058
0.00340678
0.00321733
0.00303234
0.00285187
0.00267604
0.00250493
0.00233862
0.00217722
0.00202082
0.00186951
0.00172338
0.00158253
0.00144706
0.00131706
0.00119264
0.0010739
0.000960938
0.000853856
0.000752759
0.000657749
0.000568928
0.00048639
0.00041022
0.000340484
0.000277219
0.000220411
0.000169963
0.000125663
8.71594e-05
5.36767e-05
2.33985e-05
-6.14892e-07
-8.7217e-07
0.0222131
0.0158508
0.015142
0.0150792
0.0147637
0.0144866
0.0142389
0.0139863
0.0137234
0.0134508
0.0131702
0.0128839
0.0125937
0.0123011
0.0120074
0.0117132
0.0114192
0.0111258
0.0108334
0.0105422
0.0102525
0.00996431
0.00967796
0.00939357
0.0091113
0.00883131
0.00855373
0.00827872
0.00800641
0.00773693
0.00747041
0.00720697
0.00694673
0.0066898
0.0064363
0.00618633
0.00593999
0.00569738
0.0054586
0.00522374
0.00499288
0.00476613
0.00454356
0.00432526
0.00411132
0.00390181
0.00369681
0.00349642
0.0033007
0.00310973
0.0029236
0.00274239
0.00256617
0.00239502
0.00222903
0.00206827
0.00191283
0.00176279
0.00161823
0.00147925
0.00134591
0.00121832
0.00109656
0.000980727
0.000870907
0.000767195
0.000669686
0.000578473
0.00049365
0.000415304
0.000343518
0.000278357
0.000219865
0.000168035
0.000122812
8.40545e-05
5.08017e-05
2.13478e-05
2.65609e-06
-1.22993e-05
0.0250434
0.0177174
0.0161856
0.0158625
0.0154242
0.0150506
0.0147275
0.0144163
0.0141083
0.0138013
0.0134941
0.0131869
0.0128796
0.0125726
0.0122661
0.0119602
0.0116553
0.0113514
0.0110489
0.0107478
0.0104484
0.0101509
0.00985545
0.00956222
0.00927137
0.00898306
0.00869745
0.00841469
0.0081349
0.00785822
0.00758478
0.00731469
0.00704807
0.00678503
0.00652568
0.0062701
0.00601841
0.00577069
0.00552704
0.00528753
0.00505226
0.00482131
0.00459476
0.00437268
0.00415515
0.00394225
0.00373405
0.00353062
0.00333204
0.00313838
0.00294972
0.00276612
0.00258765
0.0024144
0.00224642
0.00208381
0.00192662
0.00177495
0.00162886
0.00148843
0.00135374
0.00122488
0.00110192
0.000984958
0.000874073
0.000769354
0.000670891
0.000578777
0.000493103
0.000413963
0.000341449
0.000275647
0.00021663
0.000164443
0.000119107
8.05309e-05
4.77294e-05
1.9381e-05
1.61665e-06
-2.24055e-05
0.0259128
0.0182097
0.0165122
0.0161716
0.0157149
0.0153141
0.0149651
0.0146311
0.0143037
0.0139805
0.0136603
0.0133422
0.013026
0.0127114
0.012398
0.012086
0.0117753
0.011466
0.0111583
0.0108521
0.0105479
0.0102456
0.0099455
0.00964777
0.00935257
0.00906006
0.00877038
0.00848369
0.00820012
0.0079198
0.00764285
0.0073694
0.00709956
0.00683343
0.00657112
0.00631272
0.00605833
0.00580803
0.00556192
0.00532008
0.00508259
0.00484953
0.00462097
0.00439699
0.00417766
0.00396306
0.00375325
0.0035483
0.00334829
0.00315328
0.00296334
0.00277855
0.00259896
0.00242465
0.00225568
0.00209214
0.00193408
0.00178159
0.00163473
0.00149358
0.00135822
0.00122872
0.00110516
0.000987635
0.000876217
0.000770995
0.000672058
0.000579496
0.000493404
0.000413876
0.000341009
0.0002749
0.000215635
0.000163272
0.000117854
7.92872e-05
4.65435e-05
1.8475e-05
8.50967e-07
-2.60508e-05
0.0259128
0.0182097
0.0165122
0.0161716
0.0157149
0.0153141
0.0149651
0.0146311
0.0143037
0.0139805
0.0136603
0.0133422
0.013026
0.0127114
0.012398
0.012086
0.0117753
0.011466
0.0111583
0.0108521
0.0105479
0.0102456
0.0099455
0.00964777
0.00935257
0.00906006
0.00877038
0.00848369
0.00820012
0.0079198
0.00764285
0.0073694
0.00709956
0.00683343
0.00657112
0.00631272
0.00605833
0.00580803
0.00556192
0.00532008
0.00508259
0.00484953
0.00462097
0.00439699
0.00417766
0.00396306
0.00375325
0.0035483
0.00334829
0.00315328
0.00296334
0.00277855
0.00259896
0.00242465
0.00225568
0.00209214
0.00193408
0.00178159
0.00163473
0.00149358
0.00135822
0.00122872
0.00110516
0.000987635
0.000876217
0.000770995
0.000672058
0.000579496
0.000493404
0.000413876
0.000341009
0.0002749
0.000215635
0.000163272
0.000117854
7.92872e-05
4.65434e-05
1.8475e-05
8.50842e-07
-2.60507e-05
0.0250434
0.0177174
0.0161856
0.0158625
0.0154242
0.0150506
0.0147275
0.0144163
0.0141083
0.0138013
0.0134941
0.0131869
0.0128796
0.0125726
0.0122661
0.0119602
0.0116553
0.0113514
0.0110489
0.0107478
0.0104484
0.0101509
0.00985545
0.00956222
0.00927137
0.00898306
0.00869745
0.00841469
0.0081349
0.00785822
0.00758478
0.00731469
0.00704807
0.00678503
0.00652568
0.0062701
0.00601841
0.00577069
0.00552704
0.00528753
0.00505226
0.00482131
0.00459476
0.00437268
0.00415515
0.00394225
0.00373405
0.00353062
0.00333204
0.00313838
0.00294972
0.00276612
0.00258765
0.0024144
0.00224642
0.00208381
0.00192662
0.00177495
0.00162886
0.00148843
0.00135374
0.00122488
0.00110192
0.000984958
0.000874073
0.000769354
0.000670891
0.000578777
0.000493103
0.000413963
0.000341449
0.000275647
0.00021663
0.000164443
0.000119107
8.05308e-05
4.77294e-05
1.93809e-05
1.61647e-06
-2.24053e-05
0.0222131
0.0158508
0.015142
0.0150792
0.0147637
0.0144866
0.0142389
0.0139863
0.0137234
0.0134508
0.0131702
0.0128839
0.0125937
0.0123011
0.0120074
0.0117132
0.0114192
0.0111258
0.0108334
0.0105422
0.0102525
0.00996431
0.00967796
0.00939357
0.0091113
0.00883131
0.00855373
0.00827872
0.00800641
0.00773693
0.00747041
0.00720697
0.00694673
0.0066898
0.0064363
0.00618633
0.00593999
0.00569738
0.0054586
0.00522374
0.00499288
0.00476613
0.00454356
0.00432526
0.00411132
0.00390181
0.00369681
0.00349642
0.0033007
0.00310973
0.0029236
0.00274239
0.00256617
0.00239502
0.00222903
0.00206827
0.00191283
0.00176279
0.00161823
0.00147925
0.00134591
0.00121832
0.00109656
0.000980727
0.000870907
0.000767195
0.000669686
0.000578473
0.00049365
0.000415304
0.000343518
0.000278358
0.000219865
0.000168035
0.000122812
8.40544e-05
5.08016e-05
2.13477e-05
2.65605e-06
-1.22988e-05
0.0192211
0.014005
0.0136023
0.0136147
0.0134947
0.0133935
0.0132827
0.0131388
0.0129601
0.0127517
0.0125205
0.012273
0.0120143
0.0117485
0.0114784
0.011206
0.0109325
0.0106589
0.0103855
0.010113
0.00984136
0.00957097
0.00930195
0.00903445
0.00876861
0.00850459
0.00824251
0.00798252
0.00772475
0.00746933
0.00721639
0.00696606
0.00671846
0.00647371
0.00623193
0.00599323
0.00575772
0.0055255
0.0052967
0.00507139
0.00484969
0.00463169
0.00441749
0.00420719
0.00400087
0.00379864
0.00360058
0.00340678
0.00321733
0.00303233
0.00285187
0.00267604
0.00250493
0.00233862
0.00217722
0.00202082
0.00186951
0.00172338
0.00158253
0.00144706
0.00131706
0.00119264
0.0010739
0.000960938
0.000853856
0.000752759
0.00065775
0.000568928
0.00048639
0.00041022
0.000340484
0.00027722
0.000220412
0.000169963
0.000125663
8.71598e-05
5.36773e-05
2.33993e-05
-6.14561e-07
-8.7279e-07
0.0256259
0.0196474
0.0198335
0.0201797
0.0201388
0.0200565
0.0199283
0.0197387
0.0194969
0.0192156
0.018906
0.0185768
0.0182344
0.0178831
0.0175256
0.0171638
0.016799
0.0164318
0.0160629
0.0156925
0.0153209
0.0149485
0.0145754
0.014202
0.0138284
0.0134548
0.0130816
0.012709
0.0123371
0.0119663
0.0115968
0.0112288
0.0108626
0.0104984
0.0101365
0.00977705
0.00942032
0.00906656
0.008716
0.00836887
0.00802542
0.00768588
0.00735048
0.00701946
0.00669306
0.00637151
0.00605505
0.00574392
0.00543835
0.00513858
0.00484485
0.00455739
0.00427644
0.00400224
0.00373504
0.00347506
0.00322254
0.00297774
0.00274087
0.00251219
0.00229193
0.00208033
0.00187764
0.00168408
0.0014999
0.00132533
0.00116061
0.00100596
0.000861617
0.00072778
0.000604641
0.000492363
0.000391061
0.00030078
0.000221471
0.000152975
9.48778e-05
4.62716e-05
8.20294e-06
-1.86158e-05
0.0282664
0.0210951
0.0214629
0.0217959
0.0214396
0.0210855
0.0207666
0.0204421
0.0201072
0.0197632
0.0194117
0.0190544
0.0186926
0.0183271
0.0179585
0.0175874
0.017214
0.0168387
0.0164618
0.0160834
0.0157039
0.0153234
0.0149423
0.0145607
0.0141789
0.0137972
0.0134158
0.0130349
0.0126549
0.0122759
0.0118981
0.0115219
0.0111475
0.0107751
0.010405
0.0100373
0.00967245
0.00931054
0.00895185
0.00859663
0.00824511
0.00789755
0.00755418
0.00721524
0.00688098
0.00655164
0.00622746
0.00590868
0.00559555
0.00528831
0.00498719
0.00469246
0.00440433
0.00412307
0.0038489
0.00358208
0.00332284
0.00307142
0.00282807
0.00259302
0.00236652
0.0021488
0.00194011
0.00174067
0.00155073
0.00137053
0.00120028
0.00104024
0.00089062
0.000751647
0.000623536
0.000506489
0.000400698
0.000306325
0.000223515
0.000152387
9.26232e-05
4.33637e-05
7.03161e-06
-2.7431e-05
0.0314866
0.0231429
0.0226901
0.0227411
0.0221726
0.0216442
0.0212013
0.0207903
0.0203955
0.0200103
0.0196307
0.019254
0.0188784
0.0185027
0.0181261
0.0177482
0.0173689
0.016988
0.0166057
0.0162221
0.0158374
0.0154518
0.0150657
0.0146792
0.0142926
0.0139061
0.01352
0.0131346
0.0127502
0.0123668
0.0119849
0.0116045
0.0112261
0.0108498
0.0104759
0.0101046
0.00973611
0.00937074
0.0090087
0.00865023
0.00829557
0.00794497
0.00759866
0.00725688
0.00691989
0.00658791
0.00626118
0.00593996
0.00562447
0.00531497
0.00501168
0.00471485
0.00442473
0.00414154
0.00386553
0.00359694
0.003336
0.00308296
0.00283805
0.0026015
0.00237356
0.00215446
0.00194444
0.00174372
0.00155255
0.00137116
0.00119977
0.00103862
0.000887951
0.000747982
0.000618949
0.000501087
0.000394632
0.00029982
0.000216898
0.000146099
8.71773e-05
3.94323e-05
4.59667e-06
-3.28347e-05
0.0324001
0.0236343
0.0230709
0.0231213
0.0225015
0.0219106
0.0214177
0.0209687
0.0205452
0.0201391
0.0197443
0.0193565
0.0189727
0.0185908
0.0182093
0.0178274
0.0174445
0.0170604
0.016675
0.0162885
0.015901
0.0155127
0.0151239
0.0147348
0.0143456
0.0139567
0.0135682
0.0131804
0.0127936
0.0124081
0.012024
0.0116416
0.0112611
0.0108829
0.0105071
0.0101339
0.00976372
0.00939666
0.009033
0.00867297
0.00831682
0.00796478
0.00761709
0.007274
0.00693574
0.00660256
0.00627468
0.00595236
0.00563582
0.00532531
0.00502107
0.00472334
0.00443235
0.00414834
0.00387155
0.00360222
0.00334057
0.00308686
0.00284131
0.00260416
0.00237564
0.00215599
0.00194544
0.00174422
0.00155257
0.00137071
0.00119889
0.00103733
0.000886262
0.000745934
0.000616582
0.000498457
0.000391815
0.000296916
0.00021404
0.000143436
8.48562e-05
3.77029e-05
3.39096e-06
-3.51036e-05
0.0324001
0.0236343
0.0230709
0.0231213
0.0225015
0.0219106
0.0214177
0.0209687
0.0205452
0.0201391
0.0197443
0.0193565
0.0189727
0.0185908
0.0182093
0.0178274
0.0174445
0.0170604
0.016675
0.0162885
0.015901
0.0155127
0.0151239
0.0147348
0.0143456
0.0139567
0.0135682
0.0131804
0.0127936
0.0124081
0.012024
0.0116416
0.0112611
0.0108829
0.0105071
0.0101339
0.00976372
0.00939666
0.009033
0.00867297
0.00831682
0.00796478
0.00761709
0.007274
0.00693574
0.00660256
0.00627468
0.00595236
0.00563582
0.00532531
0.00502107
0.00472334
0.00443235
0.00414834
0.00387155
0.00360222
0.00334057
0.00308686
0.00284131
0.00260416
0.00237564
0.00215599
0.00194544
0.00174422
0.00155257
0.00137071
0.00119889
0.00103733
0.000886262
0.000745934
0.000616582
0.000498457
0.000391815
0.000296916
0.00021404
0.000143436
8.48563e-05
3.77027e-05
3.38943e-06
-3.51042e-05
0.0314866
0.0231429
0.0226901
0.0227411
0.0221726
0.0216442
0.0212013
0.0207903
0.0203955
0.0200103
0.0196307
0.019254
0.0188784
0.0185027
0.0181261
0.0177482
0.0173689
0.016988
0.0166057
0.0162221
0.0158374
0.0154518
0.0150657
0.0146792
0.0142926
0.0139061
0.01352
0.0131346
0.0127502
0.0123668
0.0119849
0.0116045
0.0112261
0.0108498
0.0104759
0.0101046
0.00973611
0.00937074
0.0090087
0.00865023
0.00829557
0.00794497
0.00759866
0.00725688
0.00691989
0.00658791
0.00626118
0.00593996
0.00562447
0.00531497
0.00501168
0.00471485
0.00442473
0.00414154
0.00386553
0.00359694
0.003336
0.00308296
0.00283805
0.0026015
0.00237356
0.00215446
0.00194444
0.00174372
0.00155255
0.00137116
0.00119977
0.00103862
0.000887951
0.000747982
0.000618949
0.000501087
0.000394632
0.00029982
0.000216898
0.000146099
8.71774e-05
3.94319e-05
4.59492e-06
-3.28361e-05
0.0282664
0.0210951
0.0214629
0.0217959
0.0214396
0.0210855
0.0207666
0.0204421
0.0201072
0.0197632
0.0194117
0.0190544
0.0186926
0.0183271
0.0179585
0.0175874
0.017214
0.0168387
0.0164618
0.0160834
0.0157039
0.0153234
0.0149423
0.0145607
0.0141789
0.0137972
0.0134158
0.0130349
0.0126549
0.0122759
0.0118981
0.0115219
0.0111475
0.0107751
0.010405
0.0100373
0.00967245
0.00931054
0.00895185
0.00859663
0.00824511
0.00789755
0.00755418
0.00721524
0.00688098
0.00655164
0.00622746
0.00590868
0.00559555
0.00528831
0.00498719
0.00469246
0.00440433
0.00412307
0.0038489
0.00358208
0.00332284
0.00307142
0.00282807
0.00259302
0.00236652
0.0021488
0.00194011
0.00174067
0.00155073
0.00137053
0.00120028
0.00104024
0.00089062
0.000751647
0.000623535
0.000506489
0.000400698
0.000306325
0.000223515
0.000152387
9.26232e-05
4.33633e-05
7.03037e-06
-2.74312e-05
0.0256259
0.0196474
0.0198335
0.0201797
0.0201388
0.0200565
0.0199283
0.0197387
0.0194969
0.0192156
0.018906
0.0185768
0.0182344
0.0178831
0.0175256
0.0171638
0.016799
0.0164318
0.0160629
0.0156925
0.0153209
0.0149485
0.0145754
0.014202
0.0138284
0.0134548
0.0130816
0.012709
0.0123371
0.0119663
0.0115968
0.0112288
0.0108626
0.0104984
0.0101365
0.00977705
0.00942032
0.00906656
0.008716
0.00836887
0.00802542
0.00768588
0.00735048
0.00701946
0.00669306
0.00637151
0.00605505
0.00574392
0.00543835
0.00513858
0.00484485
0.00455739
0.00427644
0.00400224
0.00373504
0.00347506
0.00322254
0.00297774
0.00274087
0.00251219
0.00229193
0.00208033
0.00187764
0.00168408
0.0014999
0.00132533
0.00116061
0.00100596
0.000861617
0.00072778
0.000604641
0.000492363
0.000391061
0.00030078
0.000221471
0.000152975
9.48784e-05
4.6273e-05
8.20367e-06
-1.86178e-05
0.0301568
0.0251148
0.0257103
0.0263074
0.0263184
0.0261535
0.0258975
0.0255737
0.0252011
0.0247949
0.024366
0.0239218
0.0234672
0.0230052
0.0225378
0.0220664
0.0215917
0.0211144
0.0206351
0.020154
0.0196716
0.0191882
0.0187041
0.0182197
0.0177352
0.0172509
0.0167671
0.0162843
0.0158025
0.0153223
0.0148438
0.0143673
0.0138932
0.0134218
0.0129533
0.012488
0.0120263
0.0115684
0.0111146
0.0106653
0.0102207
0.00978111
0.00934684
0.0089182
0.00849549
0.00807902
0.0076691
0.00726603
0.00687014
0.00648173
0.00610113
0.00572867
0.00536466
0.00500943
0.00466333
0.00432667
0.00399979
0.00368304
0.00337676
0.00308128
0.00279695
0.00252413
0.00226315
0.00201437
0.00177814
0.00155481
0.00134473
0.00114824
0.00096571
0.000797469
0.000643868
0.000505256
0.000382003
0.000274517
0.000183313
0.000109127
5.29874e-05
1.59474e-05
5.98789e-07
-2.62199e-06
0.0324284
0.0266564
0.0273672
0.0277591
0.0274051
0.0269437
0.0264741
0.0260017
0.0255301
0.0250598
0.0245902
0.0241205
0.0236496
0.0231769
0.0227019
0.0222246
0.021745
0.0212631
0.0207794
0.020294
0.0198073
0.0193197
0.0188313
0.0183427
0.017854
0.0173657
0.016878
0.0163912
0.0159057
0.0154218
0.0149396
0.0144597
0.0139821
0.0135073
0.0130355
0.0125671
0.0121022
0.0116413
0.0111845
0.0107322
0.0102847
0.00984226
0.00940521
0.00897383
0.00854843
0.00812932
0.0077168
0.00731118
0.00691278
0.0065219
0.00613888
0.00576402
0.00539766
0.00504012
0.00469173
0.00435282
0.00402373
0.0037048
0.00339637
0.00309877
0.00281235
0.00253746
0.00227444
0.00202364
0.00178542
0.00156011
0.00134808
0.00114966
0.000965229
0.000795131
0.000639741
0.000499456
0.000374713
0.000266024
0.000174039
9.96553e-05
4.39112e-05
7.56963e-06
-5.92042e-06
-1.63262e-06
0.0357121
0.0286574
0.028654
0.0287379
0.0281183
0.027436
0.0268046
0.0262194
0.0256715
0.0251509
0.0246487
0.0241582
0.0236742
0.0231931
0.0227127
0.0222316
0.0217492
0.0212651
0.0207794
0.0202922
0.0198037
0.0193143
0.0188244
0.0183342
0.017844
0.0173542
0.0168651
0.0163771
0.0158904
0.0154053
0.0149221
0.0144412
0.0139628
0.0134872
0.0130148
0.0125457
0.0120803
0.0116188
0.0111617
0.0107091
0.0102613
0.00981868
0.0093815
0.00895005
0.00852463
0.00810554
0.00769309
0.00728759
0.00688935
0.00649867
0.00611588
0.00574129
0.00537522
0.00501799
0.00466994
0.0043314
0.00400269
0.00368414
0.00337611
0.00307892
0.00279292
0.00251845
0.00225586
0.00200548
0.00176767
0.00154278
0.00133116
0.00113316
0.000949158
0.000779517
0.000624638
0.000484956
0.000360961
0.000253234
0.000162495
8.96936e-05
3.58643e-05
1.74278e-06
-9.06877e-06
-1.73565e-06
0.0367506
0.0292183
0.0291062
0.0291609
0.0284555
0.0276808
0.0269753
0.026335
0.0257478
0.0252
0.0246796
0.024177
0.0236851
0.023199
0.0227153
0.0222321
0.0217482
0.0212631
0.0207765
0.0202886
0.0197995
0.0193095
0.018819
0.0183282
0.0178375
0.0173472
0.0168576
0.0163691
0.015882
0.0153965
0.014913
0.0144318
0.0139531
0.0134772
0.0130045
0.0125353
0.0120697
0.0116081
0.0111509
0.0106982
0.0102504
0.00980772
0.00937053
0.00893909
0.00851371
0.00809467
0.0076823
0.00727688
0.00687874
0.00648818
0.00610551
0.00573105
0.00536513
0.00500806
0.00466018
0.0043218
0.00399327
0.0036749
0.00336705
0.00307005
0.00278424
0.00250995
0.00224754
0.00199735
0.00175972
0.00153501
0.00132358
0.00112577
0.00094197
0.000772552
0.000617933
0.000478568
0.00035497
0.000247745
0.000157628
8.55598e-05
3.25568e-05
-6.43923e-07
-1.0566e-05
-2.49762e-06
0.0367506
0.0292183
0.0291062
0.0291609
0.0284555
0.0276808
0.0269753
0.026335
0.0257478
0.0252
0.0246796
0.024177
0.0236851
0.023199
0.0227153
0.0222321
0.0217482
0.0212631
0.0207765
0.0202886
0.0197995
0.0193095
0.018819
0.0183282
0.0178375
0.0173472
0.0168576
0.0163691
0.015882
0.0153965
0.014913
0.0144318
0.0139531
0.0134772
0.0130045
0.0125353
0.0120697
0.0116081
0.0111509
0.0106982
0.0102504
0.00980772
0.00937053
0.00893909
0.00851371
0.00809467
0.0076823
0.00727688
0.00687874
0.00648818
0.00610551
0.00573105
0.00536513
0.00500806
0.00466018
0.0043218
0.00399327
0.0036749
0.00336705
0.00307005
0.00278424
0.00250995
0.00224754
0.00199735
0.00175972
0.00153501
0.00132358
0.00112577
0.00094197
0.000772552
0.000617933
0.000478568
0.000354971
0.000247745
0.000157628
8.556e-05
3.25572e-05
-6.45193e-07
-1.05694e-05
-2.48465e-06
0.0357121
0.0286574
0.028654
0.0287379
0.0281183
0.027436
0.0268046
0.0262194
0.0256715
0.0251509
0.0246487
0.0241582
0.0236742
0.0231931
0.0227127
0.0222316
0.0217492
0.0212651
0.0207794
0.0202922
0.0198037
0.0193143
0.0188244
0.0183342
0.017844
0.0173542
0.0168651
0.0163771
0.0158904
0.0154053
0.0149221
0.0144412
0.0139628
0.0134872
0.0130148
0.0125457
0.0120803
0.0116188
0.0111617
0.0107091
0.0102613
0.00981868
0.0093815
0.00895005
0.00852463
0.00810554
0.00769309
0.00728759
0.00688935
0.00649867
0.00611588
0.00574129
0.00537522
0.00501799
0.00466994
0.0043314
0.00400269
0.00368414
0.00337611
0.00307892
0.00279292
0.00251845
0.00225586
0.00200548
0.00176767
0.00154278
0.00133116
0.00113316
0.000949158
0.000779517
0.000624638
0.000484956
0.000360961
0.000253234
0.000162495
8.96937e-05
3.58639e-05
1.7404e-06
-9.07007e-06
-1.72405e-06
0.0324284
0.0266564
0.0273672
0.0277591
0.0274051
0.0269437
0.0264741
0.0260017
0.0255301
0.0250598
0.0245902
0.0241205
0.0236496
0.0231769
0.0227019
0.0222246
0.021745
0.0212631
0.0207794
0.020294
0.0198073
0.0193197
0.0188313
0.0183427
0.017854
0.0173657
0.016878
0.0163912
0.0159057
0.0154218
0.0149396
0.0144597
0.0139821
0.0135073
0.0130355
0.0125671
0.0121022
0.0116413
0.0111845
0.0107322
0.0102847
0.00984226
0.00940521
0.00897383
0.00854843
0.00812932
0.0077168
0.00731118
0.00691278
0.0065219
0.00613888
0.00576402
0.00539766
0.00504012
0.00469173
0.00435282
0.00402373
0.0037048
0.00339637
0.00309877
0.00281235
0.00253746
0.00227444
0.00202364
0.00178542
0.00156011
0.00134808
0.00114967
0.00096523
0.000795131
0.000639741
0.000499456
0.000374713
0.000266024
0.00017404
9.96551e-05
4.391e-05
7.5675e-06
-5.92048e-06
-1.62288e-06
0.0301568
0.0251148
0.0257103
0.0263074
0.0263184
0.0261535
0.0258975
0.0255737
0.0252011
0.0247949
0.024366
0.0239218
0.0234672
0.0230052
0.0225378
0.0220664
0.0215917
0.0211144
0.0206351
0.020154
0.0196716
0.0191882
0.0187041
0.0182197
0.0177352
0.0172509
0.0167671
0.0162843
0.0158025
0.0153223
0.0148438
0.0143673
0.0138932
0.0134218
0.0129533
0.012488
0.0120263
0.0115684
0.0111146
0.0106653
0.0102207
0.00978111
0.00934684
0.0089182
0.0084955
0.00807902
0.0076691
0.00726603
0.00687014
0.00648173
0.00610113
0.00572867
0.00536466
0.00500943
0.00466333
0.00432667
0.00399979
0.00368304
0.00337676
0.00308128
0.00279695
0.00252413
0.00226315
0.00201437
0.00177814
0.00155481
0.00134473
0.00114824
0.00096571
0.000797469
0.000643868
0.000505256
0.000382003
0.000274518
0.000183313
0.000109127
5.29877e-05
1.59483e-05
5.98908e-07
-2.62214e-06
)
;

boundaryField
{
    left
    {
        type            zeroGradient;
    }
    right
    {
        type            pressureTraction;
        value           nonuniform List<scalar> 
64
(
2.18495e-05
2.41512e-05
2.42814e-05
2.53254e-05
2.5325e-05
2.428e-05
2.41511e-05
2.1847e-05
-7.96637e-07
1.93133e-05
2.17912e-05
2.37929e-05
2.37936e-05
2.17925e-05
1.93141e-05
-7.97877e-07
-4.28549e-05
-1.0755e-05
-8.44138e-06
-6.55493e-06
-6.55474e-06
-8.44096e-06
-1.07546e-05
-4.28564e-05
-9.00257e-05
-5.87367e-05
-5.99827e-05
-5.93542e-05
-5.93546e-05
-5.99835e-05
-5.87369e-05
-9.00259e-05
-0.000117921
-0.00010029
-0.000105636
-0.000106621
-0.000106622
-0.000105637
-0.00010029
-0.00011792
-0.000112952
-0.000114643
-0.000121575
-0.000123432
-0.000123432
-0.000121576
-0.000114642
-0.000112951
-7.32784e-05
-9.09748e-05
-9.38938e-05
-9.44877e-05
-9.44898e-05
-9.38989e-05
-9.09775e-05
-7.32792e-05
-6.02587e-06
-1.60846e-05
-1.50559e-05
-1.57573e-05
-1.5765e-05
-1.50651e-05
-1.60953e-05
-6.02326e-06
)
;
    }
    back
    {
        type            pressureTraction;
        value           nonuniform List<scalar> 
640
(
-0.0428469
-0.025269
-0.0119475
-0.000559096
0.00995071
0.0201625
0.0296595
0.0390131
-0.0355316
-0.0215977
-0.0101899
-0.000898465
0.00667467
0.0132503
0.018956
0.0242981
-0.0343206
-0.0214302
-0.0107128
-0.00153259
0.00622807
0.0130511
0.0192147
0.0249581
-0.033987
-0.0213785
-0.0110261
-0.00189904
0.0060262
0.0130709
0.0195348
0.0256102
-0.0338286
-0.0212606
-0.0111041
-0.002066
0.00588664
0.0130234
0.0196291
0.0257854
-0.0336302
-0.0211215
-0.0110911
-0.00213216
0.00580842
0.0129872
0.019663
0.0257617
-0.0333276
-0.0209387
-0.0110282
-0.00215204
0.00574922
0.0129259
0.0196128
0.0256068
-0.0329216
-0.0207083
-0.0109347
-0.00215403
0.00568398
0.0128216
0.0194765
0.0253522
-0.0324297
-0.0204356
-0.0108208
-0.00215202
0.00560238
0.0126738
0.0192703
0.0250254
-0.0318719
-0.0201277
-0.0106921
-0.00215167
0.00550243
0.0124891
0.0190119
0.0246488
-0.0312661
-0.0197924
-0.0105522
-0.00215435
0.00538643
0.012276
0.0187167
0.0242389
-0.0306269
-0.0194361
-0.0104034
-0.00215954
0.00525817
0.0120427
0.0183965
0.0238069
-0.0299655
-0.0190646
-0.0102474
-0.00216602
0.00512152
0.0117955
0.0180596
0.0233604
-0.0292901
-0.0186818
-0.0100851
-0.00217248
0.00497973
0.0115394
0.0177117
0.0229041
-0.0286067
-0.018291
-0.00991757
-0.00217781
0.00483533
0.0112779
0.0173566
0.0224411
-0.0279193
-0.0178945
-0.00974526
-0.0021812
0.00469011
0.0110134
0.0169966
0.0219732
-0.027231
-0.017494
-0.00956872
-0.00218209
0.0045453
0.0107473
0.0166333
0.0215017
-0.0265436
-0.0170906
-0.00938838
-0.00218018
0.0044017
0.0104808
0.0162676
0.0210274
-0.0258587
-0.0166854
-0.00920463
-0.00217531
0.0042598
0.0102144
0.0159002
0.0205509
-0.0251771
-0.016279
-0.00901782
-0.00216745
0.00411987
0.00994853
0.0155315
0.0200728
-0.0244997
-0.0158722
-0.00882829
-0.00215664
0.0039821
0.00968354
0.0151617
0.0195932
-0.0238268
-0.0154652
-0.00863632
-0.00214298
0.00384655
0.00941961
0.0147912
0.0191126
-0.0231589
-0.0150586
-0.00844221
-0.00212656
0.00371329
0.0091569
0.0144202
0.0186312
-0.0224964
-0.0146528
-0.00824622
-0.0021075
0.00358233
0.00889555
0.0140489
0.0181495
-0.0218395
-0.014248
-0.00804858
-0.00208593
0.0034537
0.0086357
0.0136776
0.0176676
-0.0211884
-0.0138445
-0.00784954
-0.00206194
0.0033274
0.0083775
0.0133064
0.0171859
-0.0205435
-0.0134426
-0.00764931
-0.00203565
0.00320345
0.00812108
0.0129357
0.0167047
-0.0199047
-0.0130426
-0.00744809
-0.00200718
0.00308186
0.00786657
0.0125656
0.0162243
-0.0192725
-0.0126447
-0.00724609
-0.00197662
0.00296266
0.0076141
0.0121964
0.015745
-0.0186469
-0.0122491
-0.0070435
-0.00194407
0.00284585
0.00736382
0.0118283
0.015267
-0.018028
-0.0118562
-0.00684051
-0.00190963
0.00273144
0.00711585
0.0114616
0.0147908
-0.0174162
-0.011466
-0.00663731
-0.00187341
0.00261946
0.00687032
0.0110965
0.0143165
-0.0168115
-0.0110789
-0.00643408
-0.00183549
0.0025099
0.00662737
0.0107332
0.0138446
-0.0162141
-0.010695
-0.006231
-0.00179598
0.00240278
0.0063871
0.0103721
0.0133752
-0.0156242
-0.0103146
-0.00602824
-0.00175498
0.00229811
0.00614964
0.0100132
0.0129087
-0.0150419
-0.00993779
-0.005826
-0.00171259
0.00219589
0.00591511
0.00965692
0.0124454
-0.0144675
-0.00956486
-0.00562444
-0.00166891
0.00209611
0.00568362
0.00930339
0.0119856
-0.013901
-0.00919599
-0.00542374
-0.00162404
0.00199878
0.00545528
0.00895288
0.0115296
-0.0133426
-0.00883138
-0.00522407
-0.00157808
0.0019039
0.0052302
0.00860562
0.0110776
-0.0127925
-0.00847123
-0.00502562
-0.00153114
0.00181146
0.00500848
0.00826184
0.0106301
-0.0122509
-0.00811574
-0.00482855
-0.00148332
0.00172145
0.00479024
0.00792176
0.0101872
-0.011718
-0.0077651
-0.00463304
-0.00143473
0.00163387
0.00457556
0.00758562
0.00974927
-0.0111939
-0.00741952
-0.00443927
-0.00138547
0.0015487
0.00436456
0.00725365
0.00931663
-0.0106788
-0.00707918
-0.0042474
-0.00133564
0.00146594
0.00415732
0.00692608
0.00888958
-0.0101729
-0.00674429
-0.00405762
-0.00128536
0.00138558
0.00395395
0.00660313
0.00846842
-0.00967645
-0.00641504
-0.00387008
-0.00123472
0.00130759
0.00375454
0.00628505
0.00805346
-0.00918954
-0.00609163
-0.00368497
-0.00118384
0.00123198
0.00355919
0.00597206
0.00764501
-0.00871241
-0.00577426
-0.00350247
-0.00113281
0.00115872
0.00336799
0.00566439
0.00724337
-0.00824527
-0.00546312
-0.00332273
-0.00108175
0.00108781
0.00318105
0.00536228
0.00684888
-0.00778831
-0.00515841
-0.00314593
-0.00103076
0.00101922
0.00299844
0.00506595
0.00646184
-0.00734176
-0.00486033
-0.00297224
-0.000979949
0.000952953
0.00282027
0.00477564
0.00608258
-0.00690582
-0.00456909
-0.00280184
-0.000929414
0.000888987
0.00264663
0.00449159
0.00571142
-0.00648072
-0.00428488
-0.0026349
-0.000879261
0.000827313
0.00247762
0.00421402
0.00534868
-0.00606667
-0.0040079
-0.00247158
-0.000829595
0.000767917
0.00231334
0.00394317
0.0049947
-0.00566391
-0.00373836
-0.00231206
-0.000780517
0.000710788
0.00215387
0.00367928
0.00464981
-0.00527266
-0.00347647
-0.0021565
-0.000732128
0.000655917
0.00199931
0.00342258
0.00431434
-0.00489317
-0.00322242
-0.00200507
-0.00068453
0.000603292
0.00184977
0.0031733
0.00398862
-0.00452566
-0.00297643
-0.00185795
-0.00063782
0.000552907
0.00170534
0.00293169
0.00367301
-0.00417039
-0.0027387
-0.00171529
-0.000592098
0.000504753
0.00156612
0.00269797
0.00336784
-0.00382759
-0.00250944
-0.00157728
-0.00054746
0.000458825
0.00143221
0.0024724
0.00307346
-0.00349753
-0.00228887
-0.00144406
-0.000504002
0.000415118
0.00130371
0.00225519
0.00279021
-0.00318045
-0.00207719
-0.00131582
-0.000461817
0.000373629
0.00118073
0.0020466
0.00251843
-0.00287661
-0.00187461
-0.00119271
-0.000420998
0.000334356
0.00106338
0.00184686
0.00225849
-0.00258628
-0.00168135
-0.0010749
-0.000381637
0.000297299
0.000951745
0.0016562
0.00201073
-0.0023097
-0.00149763
-0.000962546
-0.000343822
0.00026246
0.000845947
0.00147487
0.0017755
-0.00204716
-0.00132366
-0.000855818
-0.000307641
0.000229841
0.000746088
0.0013031
0.00155316
-0.00179892
-0.00115964
-0.00075487
-0.00027318
0.000199442
0.000652275
0.00114112
0.00134405
-0.00156523
-0.0010058
-0.000659856
-0.000240521
0.000171267
0.000564608
0.00098916
0.00114853
-0.00134635
-0.000862324
-0.000570923
-0.000209745
0.000145314
0.000483182
0.000847442
0.000966945
-0.00114253
-0.000729418
-0.000488204
-0.000180925
0.000121575
0.00040808
0.000716167
0.000799625
-0.000953999
-0.000607252
-0.000411812
-0.000154128
0.000100034
0.00033936
0.000595515
0.000646909
-0.000780964
-0.000495967
-0.000341827
-0.000129405
8.06566e-05
0.000277043
0.000485624
0.000509126
-0.000623604
-0.000395664
-0.000278272
-0.000106788
6.33801e-05
0.000221088
0.000386576
0.000386612
-0.000482073
-0.000306374
-0.000221088
-8.62781e-05
4.80929e-05
0.000171353
0.000298359
0.000279729
-0.000356529
-0.000228041
-0.000170101
-6.78422e-05
3.46103e-05
0.000127547
0.000220832
0.000188931
-0.000247244
-0.000160472
-0.000124959
-5.13836e-05
2.26799e-05
8.92083e-05
0.000153709
0.000114909
-0.000154593
-0.000103335
-8.52542e-05
-3.6903e-05
1.186e-05
5.56286e-05
9.65289e-05
5.87363e-05
-8.06984e-05
-5.72935e-05
-5.21943e-05
-2.63851e-05
-7.38636e-08
2.48596e-05
4.8299e-05
2.16549e-05
-2.35741e-05
-2.01656e-05
-2.31133e-05
-1.71121e-05
-1.08756e-05
-1.89303e-06
9.38245e-06
5.81232e-06
1.02799e-05
2.83143e-05
3.99071e-05
3.94304e-05
2.47662e-05
4.315e-06
-1.55838e-05
-2.27132e-06
)
;
    }
    front
    {
        type            pressureTraction;
        value           nonuniform List<scalar> 
640
(
-0.0428469
-0.025269
-0.0119475
-0.000559096
0.00995071
0.0201625
0.0296595
0.0390131
-0.0355316
-0.0215977
-0.0101899
-0.000898465
0.00667467
0.0132503
0.018956
0.0242981
-0.0343206
-0.0214302
-0.0107128
-0.00153259
0.00622807
0.0130511
0.0192147
0.0249581
-0.033987
-0.0213785
-0.0110261
-0.00189904
0.0060262
0.0130709
0.0195348
0.0256102
-0.0338286
-0.0212606
-0.0111041
-0.002066
0.00588664
0.0130234
0.0196291
0.0257854
-0.0336302
-0.0211215
-0.0110911
-0.00213216
0.00580842
0.0129872
0.019663
0.0257617
-0.0333276
-0.0209387
-0.0110282
-0.00215204
0.00574922
0.0129259
0.0196128
0.0256068
-0.0329216
-0.0207083
-0.0109347
-0.00215403
0.00568398
0.0128216
0.0194765
0.0253522
-0.0324297
-0.0204356
-0.0108208
-0.00215202
0.00560238
0.0126738
0.0192703
0.0250254
-0.0318719
-0.0201277
-0.0106921
-0.00215167
0.00550243
0.0124891
0.0190119
0.0246488
-0.0312661
-0.0197924
-0.0105522
-0.00215435
0.00538643
0.012276
0.0187167
0.0242389
-0.0306269
-0.0194361
-0.0104034
-0.00215954
0.00525817
0.0120427
0.0183965
0.0238069
-0.0299655
-0.0190646
-0.0102474
-0.00216602
0.00512152
0.0117955
0.0180596
0.0233604
-0.0292901
-0.0186818
-0.0100851
-0.00217248
0.00497973
0.0115394
0.0177117
0.0229041
-0.0286067
-0.018291
-0.00991757
-0.00217781
0.00483533
0.0112779
0.0173566
0.0224411
-0.0279193
-0.0178945
-0.00974526
-0.0021812
0.00469011
0.0110134
0.0169966
0.0219732
-0.027231
-0.017494
-0.00956872
-0.00218209
0.0045453
0.0107473
0.0166333
0.0215017
-0.0265436
-0.0170906
-0.00938838
-0.00218018
0.0044017
0.0104808
0.0162676
0.0210274
-0.0258587
-0.0166854
-0.00920463
-0.00217531
0.0042598
0.0102144
0.0159002
0.0205509
-0.0251771
-0.016279
-0.00901782
-0.00216745
0.00411987
0.00994853
0.0155315
0.0200728
-0.0244997
-0.0158722
-0.00882829
-0.00215664
0.0039821
0.00968354
0.0151617
0.0195932
-0.0238268
-0.0154652
-0.00863632
-0.00214298
0.00384655
0.00941961
0.0147912
0.0191126
-0.0231589
-0.0150586
-0.00844221
-0.00212656
0.00371329
0.0091569
0.0144202
0.0186312
-0.0224964
-0.0146528
-0.00824622
-0.0021075
0.00358233
0.00889555
0.0140489
0.0181495
-0.0218395
-0.014248
-0.00804858
-0.00208593
0.0034537
0.0086357
0.0136776
0.0176676
-0.0211884
-0.0138445
-0.00784954
-0.00206194
0.0033274
0.0083775
0.0133064
0.0171859
-0.0205435
-0.0134426
-0.00764931
-0.00203566
0.00320345
0.00812108
0.0129357
0.0167047
-0.0199047
-0.0130426
-0.00744809
-0.00200718
0.00308186
0.00786657
0.0125656
0.0162243
-0.0192725
-0.0126447
-0.00724609
-0.00197662
0.00296266
0.0076141
0.0121964
0.015745
-0.0186469
-0.0122491
-0.0070435
-0.00194407
0.00284585
0.00736382
0.0118283
0.015267
-0.018028
-0.0118562
-0.00684051
-0.00190963
0.00273144
0.00711585
0.0114616
0.0147908
-0.0174162
-0.011466
-0.00663731
-0.00187341
0.00261946
0.00687032
0.0110965
0.0143165
-0.0168115
-0.0110789
-0.00643408
-0.00183549
0.0025099
0.00662737
0.0107332
0.0138446
-0.0162141
-0.010695
-0.006231
-0.00179598
0.00240278
0.0063871
0.0103721
0.0133752
-0.0156242
-0.0103146
-0.00602824
-0.00175498
0.00229811
0.00614964
0.0100132
0.0129087
-0.0150419
-0.00993779
-0.005826
-0.00171259
0.00219589
0.00591511
0.00965692
0.0124454
-0.0144675
-0.00956486
-0.00562444
-0.00166891
0.00209611
0.00568362
0.00930339
0.0119856
-0.013901
-0.00919599
-0.00542374
-0.00162404
0.00199878
0.00545528
0.00895288
0.0115296
-0.0133426
-0.00883138
-0.00522407
-0.00157808
0.0019039
0.0052302
0.00860562
0.0110776
-0.0127925
-0.00847123
-0.00502562
-0.00153114
0.00181146
0.00500848
0.00826184
0.0106301
-0.0122509
-0.00811574
-0.00482855
-0.00148333
0.00172145
0.00479024
0.00792176
0.0101872
-0.011718
-0.0077651
-0.00463304
-0.00143473
0.00163387
0.00457556
0.00758562
0.00974927
-0.0111939
-0.00741952
-0.00443927
-0.00138547
0.0015487
0.00436456
0.00725365
0.00931663
-0.0106788
-0.00707918
-0.0042474
-0.00133564
0.00146594
0.00415732
0.00692608
0.00888958
-0.0101729
-0.00674429
-0.00405761
-0.00128536
0.00138558
0.00395395
0.00660313
0.00846842
-0.00967645
-0.00641504
-0.00387008
-0.00123472
0.00130759
0.00375454
0.00628505
0.00805346
-0.00918954
-0.00609163
-0.00368497
-0.00118384
0.00123198
0.00355919
0.00597206
0.00764501
-0.00871241
-0.00577426
-0.00350246
-0.00113281
0.00115872
0.00336799
0.00566439
0.00724337
-0.00824527
-0.00546312
-0.00332273
-0.00108175
0.00108781
0.00318105
0.00536228
0.00684888
-0.00778831
-0.00515841
-0.00314593
-0.00103076
0.00101922
0.00299844
0.00506595
0.00646184
-0.00734176
-0.00486033
-0.00297224
-0.000979949
0.000952953
0.00282027
0.00477564
0.00608258
-0.00690582
-0.00456909
-0.00280184
-0.000929414
0.000888987
0.00264663
0.00449159
0.00571142
-0.00648072
-0.00428488
-0.0026349
-0.000879262
0.000827313
0.00247762
0.00421402
0.00534868
-0.00606667
-0.0040079
-0.00247158
-0.000829595
0.000767917
0.00231334
0.00394317
0.0049947
-0.00566391
-0.00373836
-0.00231206
-0.000780517
0.000710788
0.00215387
0.00367928
0.00464981
-0.00527266
-0.00347647
-0.0021565
-0.000732128
0.000655917
0.00199931
0.00342258
0.00431434
-0.00489317
-0.00322242
-0.00200507
-0.000684529
0.000603293
0.00184977
0.0031733
0.00398862
-0.00452566
-0.00297643
-0.00185795
-0.00063782
0.000552907
0.00170534
0.00293169
0.00367301
-0.00417039
-0.0027387
-0.00171529
-0.000592098
0.000504754
0.00156612
0.00269797
0.00336784
-0.00382759
-0.00250944
-0.00157728
-0.00054746
0.000458825
0.00143221
0.0024724
0.00307346
-0.00349753
-0.00228887
-0.00144406
-0.000504002
0.000415118
0.00130371
0.00225519
0.00279021
-0.00318045
-0.00207719
-0.00131582
-0.000461817
0.000373629
0.00118073
0.0020466
0.00251843
-0.00287661
-0.00187461
-0.00119271
-0.000420998
0.000334356
0.00106338
0.00184686
0.00225849
-0.00258628
-0.00168135
-0.0010749
-0.000381637
0.0002973
0.000951745
0.0016562
0.00201073
-0.0023097
-0.00149763
-0.000962547
-0.000343822
0.000262461
0.000845947
0.00147487
0.0017755
-0.00204716
-0.00132366
-0.000855819
-0.000307641
0.000229841
0.000746089
0.0013031
0.00155316
-0.00179892
-0.00115964
-0.000754871
-0.00027318
0.000199443
0.000652275
0.00114112
0.00134405
-0.00156523
-0.0010058
-0.000659857
-0.000240522
0.000171267
0.000564608
0.00098916
0.00114853
-0.00134635
-0.000862324
-0.000570923
-0.000209746
0.000145314
0.000483182
0.000847442
0.000966945
-0.00114253
-0.000729418
-0.000488204
-0.000180926
0.000121575
0.00040808
0.000716167
0.000799625
-0.000953997
-0.000607251
-0.000411812
-0.000154129
0.000100034
0.00033936
0.000595515
0.000646909
-0.000780962
-0.000495967
-0.000341827
-0.000129406
8.06569e-05
0.000277044
0.000485624
0.000509126
-0.000623601
-0.000395663
-0.000278272
-0.000106788
6.33802e-05
0.000221089
0.000386576
0.000386612
-0.000482071
-0.000306373
-0.000221088
-8.62783e-05
4.80929e-05
0.000171354
0.000298359
0.000279729
-0.000356532
-0.000228041
-0.000170101
-6.78426e-05
3.46105e-05
0.000127548
0.000220832
0.000188931
-0.000247243
-0.000160473
-0.000124959
-5.13842e-05
2.26801e-05
8.92089e-05
0.000153709
0.00011491
-0.000154591
-0.000103336
-8.52541e-05
-3.69033e-05
1.18601e-05
5.56297e-05
9.65296e-05
5.87367e-05
-8.06974e-05
-5.72941e-05
-5.21944e-05
-2.63852e-05
-7.44528e-08
2.48607e-05
4.83008e-05
2.16567e-05
-2.35739e-05
-2.0166e-05
-2.31143e-05
-1.71126e-05
-1.08759e-05
-1.89306e-06
9.38303e-06
5.81759e-06
1.02775e-05
2.83138e-05
3.99047e-05
3.94289e-05
2.47665e-05
4.31359e-06
-1.5587e-05
-2.26903e-06
)
;
    }
    top
    {
        type            pressureTraction;
        value           nonuniform List<scalar> 
640
(
0.0335887
0.0377375
0.0429462
0.0452589
0.0452589
0.0429462
0.0377375
0.0335887
0.0273866
0.029031
0.0307927
0.0313127
0.0313127
0.0307927
0.029031
0.0273866
0.0285443
0.0302407
0.0315182
0.0319986
0.0319986
0.0315182
0.0302407
0.0285443
0.0294883
0.0308064
0.0318003
0.0322518
0.0322518
0.0318003
0.0308064
0.0294883
0.0297128
0.030594
0.031298
0.0316506
0.0316506
0.031298
0.030594
0.0297128
0.0296924
0.0302321
0.0306829
0.0309242
0.0309242
0.0306829
0.0302321
0.0296924
0.0295426
0.0298334
0.0300918
0.0302402
0.0302402
0.0300918
0.0298334
0.0295426
0.0292991
0.0294174
0.0295378
0.0296156
0.0296156
0.0295378
0.0294174
0.0292991
0.0289908
0.0289944
0.0290192
0.0290456
0.0290456
0.0290192
0.0289944
0.0289908
0.0286399
0.0285682
0.0285282
0.0285184
0.0285184
0.0285282
0.0285682
0.0286399
0.0282615
0.0281403
0.0280568
0.028022
0.028022
0.0280568
0.0281403
0.0282615
0.0278651
0.0277102
0.0275976
0.0275458
0.0275458
0.0275976
0.0277102
0.0278651
0.0274557
0.0272769
0.0271447
0.0270815
0.0270815
0.0271447
0.0272769
0.0274557
0.0270364
0.0268393
0.0266936
0.0266228
0.0266228
0.0266936
0.0268393
0.0270364
0.0266086
0.0263966
0.0262413
0.0261653
0.0261653
0.0262413
0.0263966
0.0266086
0.026173
0.0259481
0.0257855
0.0257059
0.0257059
0.0257855
0.0259481
0.026173
0.0257301
0.0254935
0.025325
0.0252428
0.0252428
0.025325
0.0254935
0.0257301
0.0252801
0.0250325
0.0248592
0.024775
0.024775
0.0248592
0.0250325
0.0252801
0.0248231
0.0245653
0.0243877
0.024302
0.024302
0.0243877
0.0245653
0.0248231
0.0243594
0.0240918
0.0239104
0.0238234
0.0238234
0.0239104
0.0240918
0.0243594
0.023889
0.0236123
0.0234274
0.0233393
0.0233393
0.0234274
0.0236123
0.023889
0.0234124
0.0231271
0.022939
0.0228499
0.0228499
0.022939
0.0231271
0.0234124
0.0229297
0.0226363
0.0224454
0.0223555
0.0223555
0.0224454
0.0226363
0.0229297
0.0224412
0.0221405
0.021947
0.0218564
0.0218564
0.021947
0.0221405
0.0224412
0.0219473
0.0216397
0.021444
0.0213528
0.0213528
0.021444
0.0216397
0.0219473
0.0214482
0.0211345
0.0209369
0.0208452
0.0208452
0.0209369
0.0211345
0.0214482
0.0209443
0.0206252
0.0204259
0.0203339
0.0203339
0.0204259
0.0206252
0.0209443
0.020436
0.0201121
0.0199116
0.0198193
0.0198193
0.0199116
0.0201121
0.020436
0.0199237
0.0195957
0.0193941
0.0193018
0.0193018
0.0193941
0.0195957
0.0199237
0.0194077
0.0190762
0.0188741
0.0187818
0.0187818
0.0188741
0.0190762
0.0194077
0.0188884
0.0185542
0.0183518
0.0182597
0.0182597
0.0183518
0.0185542
0.0188884
0.0183663
0.01803
0.0178277
0.0177359
0.0177359
0.0178277
0.01803
0.0183663
0.0178419
0.0175041
0.0173021
0.0172108
0.0172108
0.0173021
0.0175041
0.0178419
0.0173154
0.0169769
0.0167756
0.0166848
0.0166848
0.0167756
0.0169769
0.0173154
0.0167875
0.0164487
0.0162485
0.0161584
0.0161584
0.0162485
0.0164487
0.0167875
0.0162585
0.0159202
0.0157213
0.015632
0.015632
0.0157213
0.0159202
0.0162585
0.0157289
0.0153917
0.0151944
0.0151061
0.0151061
0.0151944
0.0153917
0.0157289
0.0151992
0.0148638
0.0146684
0.0145811
0.0145811
0.0146684
0.0148638
0.0151992
0.01467
0.0143368
0.0141436
0.0140575
0.0140575
0.0141436
0.0143368
0.01467
0.0141417
0.0138113
0.0136206
0.0135358
0.0135358
0.0136206
0.0138113
0.0141417
0.0136148
0.0132878
0.0130998
0.0130164
0.0130164
0.0130998
0.0132878
0.0136148
0.0130898
0.0127667
0.0125818
0.0124998
0.0124998
0.0125818
0.0127667
0.0130898
0.0125674
0.0122486
0.012067
0.0119866
0.0119866
0.012067
0.0122486
0.0125674
0.0120479
0.0117341
0.0115559
0.0114771
0.0114771
0.0115559
0.0117341
0.0120479
0.0115321
0.0112235
0.011049
0.010972
0.010972
0.011049
0.0112235
0.0115321
0.0110203
0.0107175
0.0105468
0.0104716
0.0104716
0.0105468
0.0107175
0.0110203
0.0105132
0.0102165
0.0100499
0.00997659
0.00997659
0.0100499
0.0102165
0.0105132
0.0100113
0.00972118
0.00955876
0.00948739
0.00948739
0.00955876
0.00972118
0.0100113
0.00951524
0.00923195
0.00907389
0.00900452
0.00900452
0.00907389
0.00923195
0.00951524
0.00902549
0.00874938
0.00859583
0.00852851
0.00852851
0.00859583
0.00874938
0.00902549
0.00854264
0.00827401
0.00812509
0.00805986
0.00805986
0.00812509
0.00827401
0.00854264
0.00806727
0.00780638
0.00766219
0.0075991
0.0075991
0.00766219
0.00780638
0.00806727
0.00759993
0.00734702
0.00720766
0.00714674
0.00714674
0.00720766
0.00734702
0.00759993
0.00714119
0.00689647
0.00676202
0.00670329
0.00670329
0.00676202
0.00689647
0.00714119
0.00669161
0.00645527
0.00632579
0.00626928
0.00626928
0.00632579
0.00645527
0.00669161
0.00625175
0.00602395
0.0058995
0.00584521
0.00584521
0.0058995
0.00602395
0.00625175
0.00582216
0.00560304
0.00548365
0.00543161
0.00543161
0.00548365
0.00560304
0.00582216
0.00540341
0.00519308
0.00507878
0.00502898
0.00502898
0.00507878
0.00519308
0.00540341
0.00499603
0.00479458
0.00468539
0.00463784
0.00463784
0.00468539
0.00479458
0.00499603
0.00460058
0.00440808
0.00430399
0.00425868
0.00425868
0.00430399
0.00440808
0.00460058
0.00421759
0.00403409
0.00393509
0.00389202
0.00389202
0.00393509
0.00403409
0.00421759
0.0038476
0.00367312
0.0035792
0.00353834
0.00353834
0.0035792
0.00367312
0.0038476
0.00349115
0.00332568
0.00323681
0.00319815
0.00319815
0.00323681
0.00332568
0.00349115
0.00314874
0.00299228
0.00290841
0.00287194
0.00287194
0.00290841
0.00299228
0.00314874
0.0028209
0.00267342
0.00259451
0.0025602
0.0025602
0.00259451
0.00267342
0.0028209
0.00250813
0.00236957
0.00229557
0.0022634
0.0022634
0.00229557
0.00236957
0.00250813
0.00221092
0.00208124
0.00201209
0.00198202
0.00198202
0.00201209
0.00208124
0.00221092
0.00192978
0.00180889
0.00174454
0.00171655
0.00171655
0.00174454
0.00180889
0.00192978
0.00166516
0.00155301
0.00149339
0.00146747
0.00146747
0.00149339
0.00155301
0.00166516
0.00141754
0.00131406
0.00125914
0.00123528
0.00123528
0.00125914
0.00131406
0.00141754
0.00118735
0.00109251
0.00104228
0.00102047
0.00102047
0.00104228
0.00109251
0.00118735
0.000975031
0.00088887
0.00084334
0.000823626
0.000823625
0.00084334
0.00088887
0.000975031
0.000781001
0.000703655
0.000662925
0.000645354
0.000645354
0.000662925
0.000703655
0.000781
0.000605695
0.000537489
0.000501743
0.000486405
0.000486405
0.000501743
0.000537488
0.000605695
0.000449588
0.000391149
0.000360698
0.000347723
0.000347723
0.000360699
0.000391148
0.000449587
0.000313223
0.0002657
0.000241022
0.000230578
0.000230577
0.000241022
0.000265701
0.000313224
0.00019722
0.000162519
0.000144269
0.000136525
0.000136524
0.00014427
0.000162522
0.000197222
0.00010225
8.31681e-05
7.2224e-05
6.73622e-05
6.73635e-05
7.22261e-05
8.31703e-05
0.000102253
2.89068e-05
2.85107e-05
2.58603e-05
2.42935e-05
2.42975e-05
2.58571e-05
2.85059e-05
2.89136e-05
-3.0654e-05
-1.44788e-05
-8.15523e-06
-6.45482e-06
-6.46849e-06
-8.17045e-06
-1.449e-05
-3.06566e-05
)
;
    }
    bottom
    {
        type            pressureTraction;
        value           nonuniform List<scalar> 
640
(
-0.0526401
-0.0516434
-0.0520007
-0.0522923
-0.0522923
-0.0520007
-0.0516434
-0.0526401
-0.0433352
-0.0447453
-0.0452212
-0.0453728
-0.0453728
-0.0452212
-0.0447453
-0.0433352
-0.0415625
-0.0431118
-0.0438138
-0.0440407
-0.0440407
-0.0438138
-0.0431118
-0.0415625
-0.0407436
-0.0420716
-0.042818
-0.0430897
-0.0430897
-0.042818
-0.0420716
-0.0407436
-0.0401977
-0.0411803
-0.041838
-0.0421059
-0.0421059
-0.041838
-0.0411803
-0.0401977
-0.0396476
-0.0403506
-0.0408872
-0.0411247
-0.0411247
-0.0408872
-0.0403506
-0.0396476
-0.0390153
-0.0395218
-0.0399483
-0.0401472
-0.0401472
-0.0399483
-0.0395218
-0.0390153
-0.0382988
-0.038677
-0.039018
-0.0391814
-0.0391814
-0.039018
-0.038677
-0.0382988
-0.0375144
-0.0378142
-0.0380945
-0.0382296
-0.0382296
-0.0380945
-0.0378142
-0.0375144
-0.0366801
-0.036936
-0.0371757
-0.0372903
-0.0372903
-0.0371757
-0.036936
-0.0366801
-0.0358121
-0.0360467
-0.0362607
-0.0363614
-0.0363614
-0.0362607
-0.0360467
-0.0358121
-0.0349231
-0.0351508
-0.0353495
-0.0354413
-0.0354413
-0.0353495
-0.0351508
-0.0349231
-0.0340229
-0.0342525
-0.0344427
-0.0345291
-0.0345291
-0.0344427
-0.0342525
-0.0340229
-0.0331186
-0.0333552
-0.0335414
-0.0336248
-0.0336248
-0.0335414
-0.0333552
-0.0331186
-0.0322151
-0.0324617
-0.0326466
-0.0327284
-0.0327284
-0.0326466
-0.0324617
-0.0322151
-0.031316
-0.0315739
-0.0317591
-0.0318403
-0.0318403
-0.0317591
-0.0315739
-0.031316
-0.0304235
-0.0306933
-0.0308796
-0.0309608
-0.0309608
-0.0308796
-0.0306933
-0.0304235
-0.0295392
-0.0298209
-0.0300088
-0.0300902
-0.0300902
-0.0300088
-0.0298209
-0.0295392
-0.0286641
-0.0289575
-0.0291471
-0.0292289
-0.0292289
-0.0291471
-0.0289575
-0.0286641
-0.027799
-0.0281034
-0.0282947
-0.028377
-0.028377
-0.0282947
-0.0281034
-0.027799
-0.0269443
-0.0272592
-0.0274521
-0.0275348
-0.0275348
-0.0274521
-0.0272592
-0.0269443
-0.0261004
-0.026425
-0.0266194
-0.0267025
-0.0267025
-0.0266194
-0.026425
-0.0261004
-0.0252676
-0.0256011
-0.0257968
-0.0258802
-0.0258802
-0.0257968
-0.0256011
-0.0252676
-0.0244461
-0.0247878
-0.0249844
-0.0250681
-0.0250681
-0.0249844
-0.0247878
-0.0244461
-0.0236361
-0.023985
-0.0241824
-0.0242662
-0.0242662
-0.0241824
-0.023985
-0.0236361
-0.0228376
-0.0231931
-0.023391
-0.0234748
-0.0234748
-0.023391
-0.0231931
-0.0228376
-0.022051
-0.0224121
-0.0226102
-0.0226939
-0.0226939
-0.0226102
-0.0224121
-0.022051
-0.0212763
-0.0216422
-0.0218402
-0.0219237
-0.0219237
-0.0218402
-0.0216422
-0.0212763
-0.0205137
-0.0208835
-0.0210811
-0.0211643
-0.0211643
-0.0210811
-0.0208835
-0.0205137
-0.0197631
-0.0201361
-0.020333
-0.0204159
-0.0204159
-0.020333
-0.0201361
-0.0197631
-0.0190249
-0.0194001
-0.0195961
-0.0196785
-0.0196785
-0.0195961
-0.0194001
-0.0190249
-0.018299
-0.0186756
-0.0188704
-0.0189522
-0.0189522
-0.0188704
-0.0186756
-0.018299
-0.0175855
-0.0179628
-0.0181562
-0.0182372
-0.0182372
-0.0181562
-0.0179628
-0.0175855
-0.0168845
-0.0172617
-0.0174534
-0.0175336
-0.0175336
-0.0174534
-0.0172617
-0.0168845
-0.0161962
-0.0165725
-0.0167622
-0.0168415
-0.0168415
-0.0167622
-0.0165725
-0.0161962
-0.0155205
-0.0158952
-0.0160827
-0.0161611
-0.0161611
-0.0160827
-0.0158952
-0.0155205
-0.0148576
-0.01523
-0.015415
-0.0154923
-0.0154923
-0.015415
-0.01523
-0.0148576
-0.0142075
-0.0145768
-0.0147592
-0.0148353
-0.0148353
-0.0147592
-0.0145768
-0.0142075
-0.0135703
-0.013936
-0.0141155
-0.0141903
-0.0141903
-0.0141155
-0.013936
-0.0135703
-0.012946
-0.0133074
-0.0134839
-0.0135574
-0.0135574
-0.0134839
-0.0133074
-0.012946
-0.0123349
-0.0126913
-0.0128645
-0.0129366
-0.0129366
-0.0128645
-0.0126913
-0.0123349
-0.0117368
-0.0120877
-0.0122574
-0.0123281
-0.0123281
-0.0122574
-0.0120877
-0.0117368
-0.011152
-0.0114968
-0.0116629
-0.011732
-0.011732
-0.0116629
-0.0114968
-0.011152
-0.0105804
-0.0109186
-0.0110809
-0.0111484
-0.0111484
-0.0110809
-0.0109186
-0.0105804
-0.0100221
-0.0103533
-0.0105116
-0.0105774
-0.0105774
-0.0105116
-0.0103533
-0.0100221
-0.00947734
-0.009801
-0.00995519
-0.0100193
-0.0100193
-0.00995519
-0.00980099
-0.00947734
-0.00894607
-0.00926176
-0.00941171
-0.00947399
-0.00947399
-0.00941171
-0.00926176
-0.00894607
-0.00842843
-0.00873574
-0.00888133
-0.00894178
-0.00894178
-0.00888133
-0.00873574
-0.00842843
-0.0079245
-0.00822307
-0.00836418
-0.00842275
-0.00842275
-0.00836418
-0.00822307
-0.0079245
-0.00743439
-0.00772388
-0.00786041
-0.00791706
-0.00791706
-0.0078604
-0.00772388
-0.00743439
-0.00695821
-0.00723832
-0.00737016
-0.00742486
-0.00742486
-0.00737016
-0.00723832
-0.00695821
-0.00649607
-0.00676651
-0.00689359
-0.0069463
-0.0069463
-0.00689359
-0.00676651
-0.00649607
-0.00604809
-0.00630862
-0.00643085
-0.00648155
-0.00648155
-0.00643085
-0.00630862
-0.00604809
-0.0056144
-0.0058648
-0.00598212
-0.00603078
-0.00603078
-0.00598212
-0.0058648
-0.0056144
-0.00519513
-0.00543521
-0.00554757
-0.00559416
-0.00559416
-0.00554757
-0.00543521
-0.00519513
-0.00479041
-0.00502001
-0.00512736
-0.00517187
-0.00517187
-0.00512736
-0.00502001
-0.00479041
-0.00440041
-0.00461939
-0.00472168
-0.00476409
-0.00476409
-0.00472168
-0.00461939
-0.00440041
-0.00402526
-0.00423352
-0.00433073
-0.00437102
-0.00437102
-0.00433073
-0.00423352
-0.00402526
-0.00366514
-0.00386258
-0.00395469
-0.00399286
-0.00399286
-0.00395469
-0.00386258
-0.00366515
-0.00332022
-0.00350678
-0.00359377
-0.00362981
-0.00362981
-0.00359377
-0.00350678
-0.00332022
-0.00299067
-0.00316632
-0.00324817
-0.00328208
-0.00328208
-0.00324817
-0.00316632
-0.00299067
-0.00267668
-0.0028414
-0.00291812
-0.00294989
-0.00294989
-0.00291812
-0.0028414
-0.00267668
-0.00237845
-0.00253223
-0.00260383
-0.00263346
-0.00263346
-0.00260383
-0.00253223
-0.00237845
-0.00209618
-0.00223904
-0.00230552
-0.00233303
-0.00233303
-0.00230552
-0.00223904
-0.00209618
-0.00183007
-0.00196206
-0.00202344
-0.00204883
-0.00204883
-0.00202344
-0.00196206
-0.00183007
-0.00158035
-0.00170152
-0.00175782
-0.0017811
-0.0017811
-0.00175782
-0.00170152
-0.00158035
-0.00134725
-0.00145765
-0.00150892
-0.00153009
-0.00153009
-0.00150892
-0.00145765
-0.00134725
-0.00113099
-0.00123072
-0.00127699
-0.00129609
-0.00129609
-0.00127699
-0.00123072
-0.00113099
-0.000931809
-0.00102097
-0.0010623
-0.00107936
-0.00107936
-0.0010623
-0.00102097
-0.000931809
-0.000749964
-0.000828672
-0.000865153
-0.000880213
-0.000880213
-0.000865153
-0.000828672
-0.000749963
-0.000585709
-0.000654122
-0.000685868
-0.000698999
-0.000698999
-0.000685869
-0.000654123
-0.000585707
-0.000439336
-0.000497657
-0.000524832
-0.000536128
-0.000536127
-0.000524833
-0.000497657
-0.000439334
-0.000311203
-0.000359696
-0.000382528
-0.000392109
-0.000392108
-0.000382529
-0.000359696
-0.000311201
-0.000201809
-0.000240824
-0.000259608
-0.000267619
-0.000267619
-0.000259608
-0.000240824
-0.00020181
-0.000111944
-0.000141928
-0.000157014
-0.000163603
-0.000163604
-0.000157013
-0.000141927
-0.000111948
-4.28477e-05
-6.43242e-05
-7.60666e-05
-8.13469e-05
-8.13471e-05
-7.60653e-05
-6.43227e-05
-4.28464e-05
3.10827e-06
-1.03981e-05
-1.90903e-05
-2.31044e-05
-2.3103e-05
-1.90895e-05
-1.0397e-05
3.11188e-06
2.3126e-05
1.62651e-05
1.02373e-05
7.50004e-06
7.50082e-06
1.02374e-05
1.62657e-05
2.31286e-05
1.19526e-05
1.07761e-05
7.72697e-06
6.58876e-06
6.58749e-06
7.7267e-06
1.07763e-05
1.19528e-05
-2.50033e-05
-2.41728e-05
-2.30637e-05
-2.18567e-05
-2.18565e-05
-2.30657e-05
-2.41739e-05
-2.50058e-05
)
;
    }
}


// ************************************************************************* //
