/*--------------------------------*- C++ -*----------------------------------*\
| =========                 |                                                 |
| \\      /  F ield         | foam-extend: Open Source CFD                    |
|  \\    /   O peration     | Version:     4.1                                |
|   \\  /    A nd           | Web:         http://www.foam-extend.org         |
|    \\/     M anipulation  |                                                 |
\*---------------------------------------------------------------------------*/
FoamFile
{
    version     2.0;
    format      ascii;
    class       volScalarField;
    location    "0.2";
    object      p;
}
// * * * * * * * * * * * * * * * * * * * * * * * * * * * * * * * * * * * * * //

dimensions      [1 -1 -2 0 0 0 0];

internalField   nonuniform List<scalar> 
5120
(
-412.585
-322.473
-310.236
-304.284
-298.767
-293.111
-286.976
-280.352
-273.349
-266.088
-258.674
-251.193
-243.707
-236.261
-228.887
-221.607
-214.433
-207.375
-200.438
-193.626
-186.94
-180.381
-173.95
-167.646
-161.468
-155.418
-149.493
-143.694
-138.019
-132.468
-127.04
-121.734
-116.55
-111.487
-106.545
-101.721
-97.0169
-92.4305
-87.9615
-83.6091
-79.3727
-75.2515
-71.245
-67.3524
-63.5731
-59.9065
-56.352
-52.9089
-49.5767
-46.3547
-43.2425
-40.2395
-37.3451
-34.5589
-31.8802
-29.3087
-26.8438
-24.4851
-22.232
-20.0843
-18.0413
-16.1028
-14.2682
-12.5373
-10.9096
-9.38464
-7.96214
-6.64167
-5.42281
-4.30513
-3.28817
-2.37142
-1.55438
-0.836689
-0.218315
0.29993
0.715786
1.02225
1.22737
1.30749
-429.839
-339.653
-324.014
-314.907
-305.669
-297.179
-289.087
-281.147
-273.288
-265.492
-257.758
-250.096
-242.517
-235.035
-227.658
-220.395
-213.249
-206.226
-199.327
-192.554
-185.906
-179.386
-172.992
-166.723
-160.581
-154.563
-148.67
-142.901
-137.256
-131.733
-126.332
-121.052
-115.893
-110.854
-105.934
-101.133
-96.4498
-91.884
-87.4348
-83.1016
-78.8837
-74.7805
-70.7913
-66.9154
-63.1523
-59.5014
-55.9621
-52.5337
-49.2157
-46.0075
-42.9086
-39.9184
-37.0365
-34.2622
-31.5951
-29.0348
-26.5807
-24.2324
-21.9893
-19.8512
-17.8175
-15.8879
-14.0618
-12.339
-10.7191
-9.20163
-7.78623
-6.47255
-5.26023
-4.14892
-3.13831
-2.22819
-1.41853
-0.709667
-0.102628
0.400484
0.795879
1.07509
1.25185
1.32024
-450.168
-349.47
-332.185
-321.989
-311.177
-301.15
-291.815
-282.947
-274.432
-266.189
-258.16
-250.308
-242.611
-235.057
-227.638
-220.351
-213.194
-206.166
-199.266
-192.494
-185.85
-179.333
-172.942
-166.678
-160.538
-154.524
-148.634
-142.868
-137.224
-131.703
-126.304
-121.025
-115.867
-110.829
-105.91
-101.109
-96.4266
-91.8608
-87.4115
-83.078
-78.8597
-74.7559
-70.766
-66.8894
-63.1254
-59.4736
-55.9332
-52.5036
-49.1845
-45.9751
-42.8749
-39.8834
-37.0001
-34.2245
-31.5561
-28.9943
-26.5388
-24.1891
-21.9447
-19.8051
-17.7701
-15.839
-14.0117
-12.2875
-10.6663
-9.14757
-7.73098
-6.4162
-5.20291
-4.09088
-3.07994
-2.1701
-1.36165
-0.655359
-0.0527338
0.443653
0.829619
1.09695
1.26127
1.32326
-459.109
-352.528
-335.001
-324.798
-313.61
-303.053
-293.206
-283.911
-275.07
-266.593
-258.403
-250.444
-242.678
-235.08
-227.635
-220.332
-213.167
-206.135
-199.234
-192.462
-185.819
-179.303
-172.914
-166.652
-160.514
-154.501
-148.613
-142.848
-137.205
-131.685
-126.287
-121.009
-115.852
-110.814
-105.896
-101.095
-96.4127
-91.847
-87.3978
-83.0643
-78.8459
-74.742
-70.7519
-66.875
-63.1108
-59.4586
-55.9178
-52.4879
-49.1683
-45.9584
-42.8578
-39.8658
-36.982
-34.2059
-31.5369
-28.9746
-26.5185
-24.1682
-21.9232
-19.7831
-17.7475
-15.8159
-13.988
-12.2633
-10.6416
-9.12233
-7.70527
-6.39007
-5.17647
-4.06426
-3.05338
-2.14395
-1.3364
-0.631649
-0.0313479
0.461894
0.843947
1.10697
1.26739
1.32799
-459.109
-352.528
-335.001
-324.798
-313.61
-303.053
-293.206
-283.911
-275.07
-266.593
-258.403
-250.444
-242.678
-235.08
-227.635
-220.332
-213.167
-206.135
-199.234
-192.462
-185.819
-179.303
-172.914
-166.652
-160.514
-154.501
-148.613
-142.848
-137.205
-131.685
-126.287
-121.009
-115.852
-110.814
-105.896
-101.095
-96.4127
-91.847
-87.3978
-83.0643
-78.8459
-74.742
-70.7519
-66.875
-63.1108
-59.4586
-55.9178
-52.4879
-49.1683
-45.9584
-42.8578
-39.8658
-36.982
-34.2059
-31.5369
-28.9746
-26.5185
-24.1682
-21.9232
-19.7831
-17.7475
-15.8159
-13.988
-12.2633
-10.6416
-9.12233
-7.70527
-6.39007
-5.17647
-4.06426
-3.05338
-2.14395
-1.3364
-0.631648
-0.0313471
0.461894
0.843947
1.10697
1.26739
1.32799
-450.168
-349.47
-332.185
-321.989
-311.177
-301.15
-291.815
-282.947
-274.432
-266.189
-258.16
-250.308
-242.611
-235.057
-227.638
-220.351
-213.194
-206.166
-199.266
-192.494
-185.85
-179.333
-172.942
-166.678
-160.538
-154.524
-148.634
-142.868
-137.224
-131.703
-126.304
-121.025
-115.867
-110.829
-105.91
-101.109
-96.4266
-91.8608
-87.4115
-83.078
-78.8597
-74.7559
-70.766
-66.8894
-63.1254
-59.4736
-55.9332
-52.5037
-49.1845
-45.9751
-42.8749
-39.8834
-37.0001
-34.2245
-31.5561
-28.9943
-26.5388
-24.1891
-21.9447
-19.8051
-17.7701
-15.839
-14.0117
-12.2875
-10.6663
-9.14757
-7.73098
-6.4162
-5.20292
-4.09088
-3.07994
-2.1701
-1.36165
-0.655359
-0.0527352
0.443652
0.829619
1.09695
1.26127
1.32327
-429.839
-339.653
-324.014
-314.907
-305.669
-297.179
-289.087
-281.147
-273.288
-265.492
-257.758
-250.096
-242.517
-235.035
-227.658
-220.395
-213.249
-206.226
-199.327
-192.554
-185.906
-179.386
-172.992
-166.723
-160.581
-154.563
-148.67
-142.901
-137.256
-131.733
-126.332
-121.052
-115.893
-110.854
-105.934
-101.133
-96.4498
-91.884
-87.4348
-83.1016
-78.8837
-74.7805
-70.7913
-66.9154
-63.1523
-59.5014
-55.9621
-52.5337
-49.2157
-46.0075
-42.9086
-39.9184
-37.0365
-34.2622
-31.5951
-29.0348
-26.5807
-24.2324
-21.9893
-19.8512
-17.8175
-15.8879
-14.0618
-12.339
-10.7191
-9.20163
-7.78623
-6.47256
-5.26023
-4.14892
-3.13831
-2.22819
-1.41853
-0.709668
-0.102629
0.400482
0.795878
1.07509
1.25185
1.32024
-412.585
-322.473
-310.236
-304.284
-298.767
-293.111
-286.976
-280.352
-273.349
-266.088
-258.674
-251.193
-243.707
-236.261
-228.887
-221.607
-214.433
-207.375
-200.438
-193.626
-186.94
-180.381
-173.95
-167.646
-161.468
-155.418
-149.493
-143.694
-138.019
-132.468
-127.04
-121.734
-116.55
-111.487
-106.545
-101.721
-97.0169
-92.4305
-87.9615
-83.6091
-79.3727
-75.2515
-71.245
-67.3524
-63.5731
-59.9065
-56.352
-52.9089
-49.5767
-46.3547
-43.2425
-40.2395
-37.3451
-34.5589
-31.8802
-29.3087
-26.8438
-24.4851
-22.232
-20.0843
-18.0413
-16.1028
-14.2682
-12.5373
-10.9096
-9.38464
-7.96214
-6.64167
-5.42281
-4.30513
-3.28817
-2.37142
-1.55438
-0.836688
-0.218315
0.299928
0.715784
1.02225
1.22737
1.30749
-285.076
-215.463
-206.982
-203.588
-199.368
-195.321
-191.231
-186.938
-182.446
-177.799
-173.048
-168.239
-163.41
-158.591
-153.802
-149.058
-144.371
-139.746
-135.188
-130.701
-126.286
-121.946
-117.68
-113.491
-109.378
-105.342
-101.382
-97.5
-93.6951
-89.9674
-86.3171
-82.7441
-79.2484
-75.8299
-72.4885
-69.2241
-66.0367
-62.9261
-59.892
-56.9345
-54.0533
-51.2482
-48.519
-45.8656
-43.2878
-40.7853
-38.3579
-36.0055
-33.7279
-31.5247
-29.3958
-27.341
-25.3601
-23.4528
-21.6189
-19.8582
-18.1705
-16.5556
-15.0133
-13.5433
-12.1455
-10.8196
-9.5655
-8.38291
-7.27166
-6.23153
-5.26232
-4.36381
-3.53573
-2.77777
-2.08953
-1.4705
-0.919945
-0.436876
-0.0198818
0.333098
0.6245
0.854854
1.03587
1.22369
-334.204
-234.738
-215.051
-208.826
-201.573
-195.339
-189.886
-184.731
-179.716
-174.78
-169.894
-165.051
-160.251
-155.5
-150.801
-146.161
-141.582
-137.068
-132.621
-128.242
-123.933
-119.695
-115.528
-111.434
-107.412
-103.463
-99.5872
-95.785
-92.0567
-88.4024
-84.8221
-81.3162
-77.8846
-74.5274
-71.2446
-68.0363
-64.9025
-61.8431
-58.8581
-55.9475
-53.1112
-50.349
-47.661
-45.0469
-42.5067
-40.0403
-37.6475
-35.3282
-33.0822
-30.9094
-28.8096
-26.7826
-24.8284
-22.9467
-21.1373
-19.4002
-17.735
-16.1417
-14.62
-13.1699
-11.791
-10.4834
-9.24663
-8.08069
-6.98538
-5.96049
-5.00587
-4.12131
-3.30661
-2.56156
-1.8859
-1.27938
-0.741673
-0.272425
0.128847
0.4631
0.731038
0.93094
1.08733
1.28175
-363.64
-251.216
-223.28
-213.987
-204.782
-197.105
-190.657
-184.829
-179.37
-174.154
-169.103
-164.171
-159.332
-154.575
-149.89
-145.275
-140.729
-136.251
-131.842
-127.501
-123.23
-119.028
-114.897
-110.836
-106.846
-102.928
-99.0816
-95.307
-91.6048
-87.9751
-84.4182
-80.9341
-77.5232
-74.1854
-70.9209
-67.7298
-64.6121
-61.5678
-58.597
-55.6996
-52.8757
-50.1251
-47.4479
-44.844
-42.3133
-39.8557
-37.4712
-35.1595
-32.9207
-30.7546
-28.661
-26.6399
-24.6911
-22.8144
-21.0097
-19.277
-17.6159
-16.0264
-14.5084
-13.0616
-11.6859
-10.3811
-9.14716
-7.98384
-6.89098
-5.86843
-4.91603
-4.03361
-3.22103
-2.47814
-1.80481
-1.20094
-0.666484
-0.201467
0.194091
0.520516
0.777728
0.964386
1.10886
1.29172
-373.839
-255.961
-226.016
-216.085
-206.249
-197.99
-191.096
-184.943
-179.258
-173.892
-168.747
-163.762
-158.897
-154.131
-149.45
-144.846
-140.315
-135.855
-131.464
-127.142
-122.89
-118.706
-114.593
-110.549
-106.575
-102.673
-98.8406
-95.08
-91.3909
-87.7736
-84.2284
-80.7554
-77.3548
-74.0267
-70.7713
-67.5888
-64.4791
-61.4423
-58.4785
-55.5877
-52.7699
-50.025
-47.3531
-44.7542
-42.228
-39.7747
-37.3941
-35.0862
-32.8507
-30.6877
-28.5971
-26.5787
-24.6323
-22.758
-20.9555
-19.2246
-17.5654
-15.9776
-14.4611
-13.0157
-11.6414
-10.3379
-9.10505
-7.94279
-6.85093
-5.82932
-4.87781
-3.99628
-3.18459
-2.44264
-1.77037
-1.16777
-0.634897
-0.171926
0.220989
0.544054
0.797049
0.978949
1.1193
1.29814
-373.839
-255.961
-226.016
-216.085
-206.249
-197.99
-191.096
-184.943
-179.258
-173.892
-168.747
-163.762
-158.897
-154.131
-149.45
-144.846
-140.315
-135.855
-131.464
-127.142
-122.89
-118.706
-114.593
-110.549
-106.575
-102.673
-98.8406
-95.08
-91.3909
-87.7736
-84.2284
-80.7554
-77.3548
-74.0267
-70.7713
-67.5888
-64.4791
-61.4423
-58.4785
-55.5877
-52.7699
-50.025
-47.3531
-44.7542
-42.228
-39.7747
-37.3941
-35.0862
-32.8507
-30.6877
-28.5971
-26.5787
-24.6323
-22.758
-20.9555
-19.2246
-17.5654
-15.9776
-14.4611
-13.0157
-11.6414
-10.3379
-9.10505
-7.94279
-6.85093
-5.82932
-4.87781
-3.99628
-3.18459
-2.44264
-1.77037
-1.16777
-0.634897
-0.171926
0.220989
0.544054
0.797049
0.978949
1.1193
1.29814
-363.64
-251.216
-223.28
-213.987
-204.782
-197.105
-190.657
-184.829
-179.37
-174.154
-169.103
-164.171
-159.332
-154.575
-149.89
-145.275
-140.729
-136.251
-131.842
-127.501
-123.23
-119.028
-114.897
-110.836
-106.846
-102.928
-99.0816
-95.307
-91.6048
-87.9751
-84.4182
-80.9341
-77.5232
-74.1854
-70.9209
-67.7298
-64.6121
-61.5678
-58.597
-55.6996
-52.8757
-50.1251
-47.4479
-44.844
-42.3133
-39.8557
-37.4712
-35.1595
-32.9207
-30.7546
-28.661
-26.6399
-24.6911
-22.8144
-21.0097
-19.277
-17.6159
-16.0264
-14.5084
-13.0616
-11.6859
-10.3811
-9.14716
-7.98384
-6.89098
-5.86843
-4.91603
-4.03361
-3.22103
-2.47814
-1.80481
-1.20094
-0.666484
-0.201468
0.194091
0.520517
0.777728
0.964386
1.10886
1.29172
-334.204
-234.738
-215.051
-208.826
-201.573
-195.339
-189.886
-184.731
-179.716
-174.78
-169.894
-165.051
-160.251
-155.5
-150.801
-146.161
-141.582
-137.068
-132.621
-128.242
-123.933
-119.695
-115.528
-111.434
-107.412
-103.463
-99.5872
-95.785
-92.0567
-88.4024
-84.8221
-81.3162
-77.8846
-74.5274
-71.2446
-68.0363
-64.9025
-61.8431
-58.8581
-55.9475
-53.1112
-50.349
-47.661
-45.0469
-42.5067
-40.0403
-37.6475
-35.3282
-33.0822
-30.9094
-28.8096
-26.7826
-24.8284
-22.9467
-21.1373
-19.4002
-17.735
-16.1417
-14.62
-13.1699
-11.791
-10.4834
-9.24662
-8.08069
-6.98538
-5.96049
-5.00587
-4.12131
-3.30661
-2.56156
-1.8859
-1.27938
-0.741673
-0.272425
0.128847
0.463101
0.731039
0.93094
1.08733
1.28175
-285.076
-215.463
-206.982
-203.588
-199.368
-195.321
-191.231
-186.938
-182.446
-177.799
-173.048
-168.239
-163.41
-158.591
-153.802
-149.058
-144.371
-139.746
-135.188
-130.701
-126.286
-121.946
-117.68
-113.491
-109.378
-105.342
-101.382
-97.5
-93.6951
-89.9674
-86.3171
-82.7441
-79.2484
-75.8299
-72.4885
-69.2241
-66.0367
-62.9261
-59.892
-56.9345
-54.0533
-51.2482
-48.519
-45.8656
-43.2878
-40.7853
-38.3579
-36.0055
-33.7279
-31.5247
-29.3958
-27.341
-25.3601
-23.4528
-21.6189
-19.8582
-18.1705
-16.5556
-15.0133
-13.5433
-12.1455
-10.8196
-9.5655
-8.38291
-7.27166
-6.23153
-5.26232
-4.36381
-3.53573
-2.77777
-2.08953
-1.4705
-0.919944
-0.436876
-0.0198821
0.333097
0.6245
0.854854
1.03587
1.22369
-158.186
-117.497
-113.976
-113.182
-111.132
-108.954
-106.745
-104.455
-102.092
-99.667
-97.198
-94.701
-92.1904
-89.6774
-87.1708
-84.6768
-82.2002
-79.7447
-77.3128
-74.9068
-72.5283
-70.1788
-67.8595
-65.5714
-63.3154
-61.0923
-58.9029
-56.7476
-54.6273
-52.5423
-50.4932
-48.4804
-46.5044
-44.5656
-42.6644
-40.801
-38.976
-37.1895
-35.4419
-33.7334
-32.0644
-30.4351
-28.8457
-27.2965
-25.7876
-24.3193
-22.8917
-21.505
-20.1594
-18.855
-17.5919
-16.3703
-15.1904
-14.0521
-12.9556
-11.901
-10.8883
-9.91771
-8.98918
-8.1028
-7.25861
-6.45664
-5.69693
-4.9795
-4.30435
-3.6715
-3.0809
-2.53254
-2.02631
-1.56207
-1.1396
-0.758489
-0.418079
-0.117335
0.145351
0.372454
0.566774
0.728829
0.873371
1.07422
-197.465
-133.718
-119.082
-114.899
-110.499
-106.936
-104.006
-101.336
-98.7955
-96.3238
-93.8888
-91.4748
-89.0759
-86.6904
-84.3185
-81.9616
-79.6213
-77.2994
-74.9972
-72.7165
-70.4584
-68.2243
-66.0152
-63.8322
-61.6763
-59.5483
-57.4492
-55.3796
-53.3404
-51.3322
-49.3557
-47.4116
-45.5004
-43.6227
-41.7791
-39.9701
-38.1962
-36.4578
-34.7554
-33.0895
-31.4604
-29.8685
-28.3143
-26.7979
-25.3198
-23.8803
-22.4797
-21.1182
-19.7961
-18.5136
-17.271
-16.0685
-14.9063
-13.7846
-12.7035
-11.6633
-10.664
-9.70577
-8.78879
-7.91315
-7.07894
-6.28626
-5.53519
-4.8258
-4.15814
-3.53225
-2.94816
-2.40588
-1.9054
-1.44665
-1.02953
-0.653834
-0.319251
-0.0252589
0.229064
0.445504
0.625784
0.771021
0.914978
1.13085
-222.621
-148.315
-125.15
-117.608
-111.549
-106.977
-103.431
-100.383
-97.6161
-95.022
-92.5335
-90.1111
-87.7323
-85.3845
-83.0608
-80.7578
-78.4741
-76.2095
-73.9643
-71.7393
-69.5352
-67.3532
-65.1941
-63.0589
-60.9485
-58.8639
-56.8059
-54.7753
-52.773
-50.7997
-48.8562
-46.9432
-45.0613
-43.2113
-41.3936
-39.609
-37.858
-36.1412
-34.4589
-32.8119
-31.2004
-29.625
-28.0861
-26.5841
-25.1194
-23.6923
-22.3032
-20.9524
-19.6403
-18.367
-17.133
-15.9383
-14.7834
-13.6684
-12.5936
-11.559
-10.565
-9.61163
-8.6991
-7.82756
-6.99712
-6.2079
-5.46002
-4.75356
-4.08859
-3.4652
-2.88342
-2.3433
-1.84487
-1.38811
-0.973018
-0.599518
-0.267491
0.0232837
0.273326
0.48388
0.656161
0.793185
0.933476
1.13827
-231.3
-152.816
-127.29
-118.819
-112.129
-107.089
-103.228
-99.9746
-97.0775
-94.4072
-91.8802
-89.4447
-87.0697
-84.7364
-82.4338
-80.1558
-77.8991
-75.6623
-73.445
-71.2475
-69.0703
-66.9141
-64.7799
-62.6686
-60.581
-58.5181
-56.4807
-54.4697
-52.486
-50.5303
-48.6034
-46.7061
-44.839
-43.0029
-41.1985
-39.4262
-37.6868
-35.9809
-34.3089
-32.6714
-31.069
-29.502
-27.9709
-26.4763
-25.0184
-23.5977
-22.2145
-20.8693
-19.5622
-18.2938
-17.0641
-15.8736
-14.7225
-13.611
-12.5393
-11.5078
-10.5165
-9.5657
-8.65552
-7.78613
-6.95768
-6.1703
-5.4241
-4.71919
-4.05567
-3.4336
-2.85307
-2.31412
-1.81681
-1.36116
-0.947203
-0.57493
-0.244306
0.0447874
0.292761
0.500739
0.669814
0.803684
0.942107
1.14285
-231.3
-152.816
-127.29
-118.819
-112.129
-107.089
-103.228
-99.9746
-97.0775
-94.4072
-91.8802
-89.4447
-87.0697
-84.7364
-82.4338
-80.1558
-77.8991
-75.6623
-73.445
-71.2475
-69.0703
-66.9141
-64.7799
-62.6686
-60.581
-58.5181
-56.4807
-54.4697
-52.486
-50.5303
-48.6034
-46.7061
-44.839
-43.0029
-41.1985
-39.4262
-37.6868
-35.9809
-34.3089
-32.6714
-31.069
-29.502
-27.9709
-26.4763
-25.0184
-23.5977
-22.2145
-20.8693
-19.5622
-18.2938
-17.0641
-15.8736
-14.7225
-13.611
-12.5393
-11.5078
-10.5165
-9.5657
-8.65552
-7.78613
-6.95768
-6.1703
-5.4241
-4.71919
-4.05567
-3.4336
-2.85307
-2.31412
-1.81681
-1.36116
-0.947203
-0.574931
-0.244306
0.0447874
0.292761
0.500739
0.669814
0.803684
0.942107
1.14285
-222.621
-148.315
-125.15
-117.608
-111.549
-106.977
-103.431
-100.383
-97.6161
-95.022
-92.5335
-90.1111
-87.7323
-85.3845
-83.0608
-80.7578
-78.4741
-76.2095
-73.9643
-71.7393
-69.5352
-67.3532
-65.1941
-63.0589
-60.9485
-58.8639
-56.8059
-54.7753
-52.773
-50.7997
-48.8562
-46.9432
-45.0613
-43.2113
-41.3936
-39.609
-37.858
-36.1412
-34.4589
-32.8119
-31.2004
-29.625
-28.0861
-26.5841
-25.1194
-23.6923
-22.3032
-20.9524
-19.6403
-18.367
-17.133
-15.9383
-14.7834
-13.6684
-12.5936
-11.559
-10.565
-9.61163
-8.6991
-7.82756
-6.99712
-6.2079
-5.46002
-4.75356
-4.08859
-3.4652
-2.88342
-2.3433
-1.84487
-1.38811
-0.973018
-0.599518
-0.267491
0.0232837
0.273326
0.48388
0.656161
0.793185
0.933475
1.13827
-197.465
-133.718
-119.082
-114.899
-110.499
-106.936
-104.006
-101.336
-98.7955
-96.3238
-93.8888
-91.4748
-89.0759
-86.6904
-84.3185
-81.9616
-79.6213
-77.2994
-74.9972
-72.7165
-70.4584
-68.2243
-66.0152
-63.8322
-61.6763
-59.5483
-57.4492
-55.3796
-53.3404
-51.3322
-49.3557
-47.4116
-45.5004
-43.6227
-41.7791
-39.9701
-38.1962
-36.4578
-34.7554
-33.0895
-31.4604
-29.8685
-28.3143
-26.7979
-25.3198
-23.8803
-22.4797
-21.1182
-19.7961
-18.5136
-17.271
-16.0685
-14.9063
-13.7846
-12.7035
-11.6633
-10.664
-9.70577
-8.78879
-7.91315
-7.07894
-6.28626
-5.53519
-4.8258
-4.15814
-3.53225
-2.94816
-2.40589
-1.9054
-1.44665
-1.02953
-0.653834
-0.319251
-0.025259
0.229064
0.445504
0.625784
0.771022
0.914978
1.13085
-158.186
-117.497
-113.976
-113.182
-111.132
-108.954
-106.745
-104.455
-102.092
-99.667
-97.198
-94.701
-92.1904
-89.6774
-87.1708
-84.6768
-82.2002
-79.7447
-77.3128
-74.9068
-72.5283
-70.1788
-67.8595
-65.5714
-63.3154
-61.0923
-58.9029
-56.7476
-54.6273
-52.5423
-50.4932
-48.4804
-46.5044
-44.5656
-42.6644
-40.801
-38.976
-37.1895
-35.4419
-33.7334
-32.0644
-30.4351
-28.8457
-27.2965
-25.7876
-24.3193
-22.8917
-21.505
-20.1594
-18.855
-17.5919
-16.3703
-15.1904
-14.0521
-12.9556
-11.901
-10.8883
-9.91771
-8.98918
-8.1028
-7.25861
-6.45664
-5.69693
-4.9795
-4.30435
-3.6715
-3.0809
-2.53253
-2.02631
-1.56207
-1.1396
-0.758488
-0.418078
-0.117335
0.145351
0.372455
0.566774
0.728828
0.87337
1.07422
-35.227
-26.6465
-26.9933
-27.7054
-27.5906
-27.1849
-26.6867
-26.1611
-25.6408
-25.1365
-24.6477
-24.17
-23.6981
-23.2273
-22.754
-22.2757
-21.7911
-21.2997
-20.8016
-20.2971
-19.7871
-19.2722
-18.7534
-18.2315
-17.7072
-17.1815
-16.6549
-16.1283
-15.6023
-15.0774
-14.5543
-14.0336
-13.5157
-13.0013
-12.4909
-11.9849
-11.4838
-10.9882
-10.4983
-10.0148
-9.53797
-9.06829
-8.60613
-8.15189
-7.70594
-7.26864
-6.84034
-6.42136
-6.01204
-5.61269
-5.22359
-4.84504
-4.4773
-4.12063
-3.77529
-3.4415
-3.1195
-2.80949
-2.51167
-2.22624
-1.95337
-1.69324
-1.44599
-1.21177
-0.990717
-0.782954
-0.588586
-0.407696
-0.240349
-0.0865876
0.0535946
0.180283
0.293673
0.394109
0.482157
0.558726
0.624355
0.676674
0.728204
0.851984
-49.9781
-30.5017
-25.7294
-24.7217
-23.71
-22.9376
-22.3822
-21.9398
-21.567
-21.2378
-20.9324
-20.6368
-20.3417
-20.041
-19.7308
-19.409
-19.0746
-18.7275
-18.3679
-17.9964
-17.6138
-17.221
-16.819
-16.4085
-15.9906
-15.5661
-15.1359
-14.7008
-14.2617
-13.8192
-13.3743
-12.9275
-12.4797
-12.0314
-11.5834
-11.1364
-10.691
-10.2477
-9.80724
-9.37014
-8.93697
-8.50829
-8.08462
-7.66647
-7.25435
-6.84871
-6.45003
-6.05875
-5.6753
-5.30008
-4.93349
-4.57591
-4.22771
-3.88922
-3.56077
-3.24269
-2.93528
-2.63881
-2.35357
-2.0798
-1.81775
-1.56765
-1.3297
-1.10411
-0.891052
-0.690706
-0.503224
-0.328744
-0.16738
-0.0192214
0.115676
0.237304
0.345717
0.44106
0.523692
0.594418
0.653109
0.698346
0.75889
0.875942
-59.2571
-35.0674
-26.6993
-24.2092
-22.4808
-21.3316
-20.6016
-20.0973
-19.7259
-19.4343
-19.1865
-18.9587
-18.736
-18.5093
-18.2729
-18.0238
-17.7606
-17.4826
-17.1899
-16.883
-16.5626
-16.2296
-15.8847
-15.529
-15.1633
-14.7886
-14.4057
-14.0156
-13.6191
-13.2171
-12.8105
-12.3999
-11.9863
-11.5704
-11.1529
-10.7346
-10.3162
-9.89836
-9.4818
-9.06715
-8.65505
-8.24611
-7.84093
-7.44007
-7.0441
-6.65355
-6.26894
-5.89077
-5.51952
-5.15565
-4.7996
-4.45181
-4.11267
-3.78259
-3.46193
-3.15105
-2.85029
-2.55997
-2.2804
-2.01187
-1.75465
-1.509
-1.27516
-1.05336
-0.843809
-0.646698
-0.46221
-0.290504
-0.131723
0.0140125
0.146602
0.265981
0.372119
0.465044
0.54496
0.612419
0.667043
0.70933
0.769765
0.867515
-62.5728
-36.6862
-27.1421
-24.1037
-22.0236
-20.6485
-19.7927
-19.2275
-18.8356
-18.5487
-18.3205
-18.1209
-17.931
-17.7392
-17.5386
-17.3252
-17.0971
-16.8534
-16.5941
-16.3194
-16.0301
-15.7269
-15.4107
-15.0824
-14.7429
-14.3931
-14.034
-13.6665
-13.2915
-12.9099
-12.5225
-12.1302
-11.7339
-11.3343
-10.9322
-10.5285
-10.1238
-9.71888
-9.31447
-8.91125
-8.50987
-8.11099
-7.71524
-7.32322
-6.93552
-6.55271
-6.17532
-5.80389
-5.43892
-5.0809
-4.73031
-4.38758
-4.05315
-3.72744
-3.41083
-3.10371
-2.80643
-2.51933
-2.24275
-1.97697
-1.72231
-1.47902
-1.24736
-1.02757
-0.819886
-0.624504
-0.441619
-0.271405
-0.114019
0.0303991
0.16173
0.27988
0.384787
0.476434
0.554986
0.62092
0.67374
0.714616
0.774351
0.866105
-62.5728
-36.6862
-27.1421
-24.1037
-22.0236
-20.6485
-19.7927
-19.2275
-18.8356
-18.5487
-18.3205
-18.1209
-17.931
-17.7392
-17.5386
-17.3252
-17.0971
-16.8534
-16.5941
-16.3194
-16.0301
-15.7269
-15.4107
-15.0824
-14.7429
-14.3931
-14.034
-13.6665
-13.2915
-12.9099
-12.5225
-12.1302
-11.7339
-11.3343
-10.9322
-10.5285
-10.1238
-9.71888
-9.31447
-8.91125
-8.50987
-8.11099
-7.71524
-7.32322
-6.93552
-6.55271
-6.17532
-5.80389
-5.43892
-5.0809
-4.73031
-4.38758
-4.05315
-3.72744
-3.41083
-3.10371
-2.80643
-2.51933
-2.24275
-1.97697
-1.72231
-1.47902
-1.24736
-1.02757
-0.819886
-0.624504
-0.441619
-0.271405
-0.114019
0.030399
0.16173
0.27988
0.384787
0.476434
0.554986
0.620919
0.67374
0.714616
0.774351
0.866105
-59.2571
-35.0674
-26.6993
-24.2092
-22.4808
-21.3316
-20.6016
-20.0973
-19.7259
-19.4343
-19.1865
-18.9587
-18.736
-18.5093
-18.2729
-18.0238
-17.7606
-17.4826
-17.1899
-16.883
-16.5626
-16.2296
-15.8847
-15.529
-15.1633
-14.7886
-14.4057
-14.0156
-13.6191
-13.2171
-12.8105
-12.3999
-11.9863
-11.5704
-11.1529
-10.7346
-10.3162
-9.89836
-9.4818
-9.06715
-8.65505
-8.24611
-7.84093
-7.44007
-7.0441
-6.65355
-6.26894
-5.89077
-5.51952
-5.15565
-4.7996
-4.45181
-4.11267
-3.78259
-3.46193
-3.15105
-2.85029
-2.55997
-2.2804
-2.01187
-1.75465
-1.509
-1.27516
-1.05336
-0.843809
-0.646698
-0.46221
-0.290504
-0.131723
0.0140126
0.146602
0.265981
0.372119
0.465044
0.54496
0.612419
0.667043
0.70933
0.769765
0.867515
-49.9781
-30.5017
-25.7294
-24.7217
-23.71
-22.9376
-22.3822
-21.9398
-21.567
-21.2378
-20.9324
-20.6368
-20.3417
-20.041
-19.7308
-19.409
-19.0746
-18.7275
-18.3679
-17.9964
-17.6138
-17.221
-16.819
-16.4085
-15.9906
-15.5661
-15.1359
-14.7008
-14.2617
-13.8192
-13.3743
-12.9275
-12.4797
-12.0314
-11.5834
-11.1364
-10.691
-10.2477
-9.80724
-9.37014
-8.93697
-8.50829
-8.08462
-7.66647
-7.25435
-6.84871
-6.45003
-6.05875
-5.6753
-5.30008
-4.93349
-4.57591
-4.22771
-3.88921
-3.56077
-3.24269
-2.93528
-2.63881
-2.35357
-2.0798
-1.81775
-1.56765
-1.3297
-1.10411
-0.891052
-0.690707
-0.503224
-0.328744
-0.16738
-0.0192215
0.115676
0.237304
0.345717
0.441059
0.523692
0.594418
0.653109
0.698346
0.75889
0.875942
-35.227
-26.6465
-26.9933
-27.7054
-27.5906
-27.1849
-26.6867
-26.1611
-25.6408
-25.1365
-24.6477
-24.17
-23.6981
-23.2273
-22.754
-22.2757
-21.7911
-21.2997
-20.8016
-20.2971
-19.7871
-19.2722
-18.7534
-18.2315
-17.7072
-17.1815
-16.6549
-16.1283
-15.6023
-15.0774
-14.5543
-14.0336
-13.5157
-13.0013
-12.4909
-11.9849
-11.4838
-10.9882
-10.4983
-10.0148
-9.53797
-9.06829
-8.60613
-8.15189
-7.70594
-7.26864
-6.84034
-6.42136
-6.01204
-5.61269
-5.22359
-4.84504
-4.4773
-4.12063
-3.77529
-3.4415
-3.1195
-2.80949
-2.51167
-2.22624
-1.95337
-1.69323
-1.44598
-1.21177
-0.990715
-0.782953
-0.588586
-0.407696
-0.240349
-0.0865878
0.0535941
0.180283
0.293673
0.394109
0.482156
0.558725
0.624354
0.676674
0.728203
0.851983
79.4967
55.6725
52.786
51.8409
50.6326
49.5986
48.6136
47.566
46.4234
45.1892
43.8833
42.5305
41.154
39.7723
38.3994
37.0447
35.7146
34.4127
33.1413
31.9011
30.6926
29.5156
28.3697
27.2544
26.1693
25.1136
24.0871
23.089
22.119
21.1765
20.261
19.3722
18.5095
17.6725
16.8608
16.0739
15.3114
14.5728
13.8578
13.1659
12.4967
11.8498
11.2247
10.6212
10.0388
9.47717
8.93588
8.41461
7.913
7.4307
6.96738
6.52273
6.09642
5.68816
5.29764
4.92458
4.56871
4.22976
3.90748
3.60162
3.31195
3.03824
2.78028
2.53787
2.31081
2.09891
1.90199
1.71987
1.55234
1.39922
1.26026
1.13516
1.02349
0.92465
0.837768
0.76165
0.694203
0.630916
0.578563
0.585771
91.6592
64.8095
60.2297
58.9974
57.1041
55.3846
53.8079
52.2462
50.6701
49.0778
47.4767
45.8778
44.2915
42.7264
41.1888
39.683
38.2117
36.7764
35.378
34.0164
32.6916
31.4031
30.1505
28.933
27.7501
26.6012
25.4856
24.4028
23.352
22.3327
21.3443
20.3862
19.4578
18.5585
17.6878
16.845
16.0297
15.2412
14.479
13.7426
13.0314
12.345
11.6828
11.0443
10.429
9.83648
9.26624
8.71784
8.19082
7.68475
7.19922
6.73381
6.28814
5.86181
5.45447
5.06575
4.69532
4.34283
4.00797
3.69043
3.38993
3.10617
2.83891
2.58787
2.35283
2.13354
1.92978
1.74134
1.568
1.40955
1.26576
1.13638
1.02109
0.919475
0.831009
0.754996
0.689177
0.629399
0.589885
0.566823
102.339
72.4167
64.7987
62.5918
60.2943
58.2466
56.3812
54.5682
52.779
51.0094
49.2614
47.5394
45.8478
44.1905
42.5701
40.9881
39.4456
37.943
36.4804
35.0574
33.6737
32.3288
31.022
29.7528
28.5205
27.3244
26.1639
25.0382
23.9468
22.8889
21.8638
20.871
19.9097
18.9793
18.0791
17.2086
16.367
15.5538
14.7684
14.0101
13.2783
12.5725
11.8922
11.2367
10.6055
9.99805
9.41389
8.85247
8.31332
7.79596
7.2999
6.82472
6.36996
5.93521
5.52006
5.1241
4.74697
4.38829
4.04772
3.72491
3.41954
3.1313
2.8599
2.60505
2.36649
2.14397
1.93723
1.74605
1.57021
1.40949
1.26368
1.13255
1.01584
0.913237
0.824351
0.748601
0.683739
0.626666
0.588719
0.539553
105.71
74.3544
66.1858
63.9777
61.6772
59.5661
57.6153
55.7115
53.8349
51.9863
50.1688
48.3861
46.6415
44.9371
43.2741
41.6532
40.0743
38.5374
37.0422
35.5882
34.1748
32.8014
31.4674
30.1721
28.9148
27.6949
26.5117
25.3645
24.2525
23.175
22.1314
21.121
20.143
19.1969
18.2818
17.3971
16.5423
15.7165
14.9192
14.1498
13.4075
12.6919
12.0023
11.3381
10.6987
10.0836
9.49233
8.92424
8.37885
7.85566
7.35419
6.87395
6.41449
5.97537
5.55616
5.15644
4.77581
4.4139
4.07033
3.74475
3.43682
3.14622
2.87263
2.61577
2.37535
2.15111
1.94279
1.75017
1.573
1.41109
1.26421
1.13216
1.0147
0.911535
0.822329
0.746483
0.681668
0.625194
0.587401
0.53077
105.71
74.3544
66.1858
63.9777
61.6772
59.5661
57.6153
55.7115
53.8349
51.9863
50.1688
48.3861
46.6415
44.9371
43.2741
41.6532
40.0743
38.5374
37.0422
35.5882
34.1748
32.8014
31.4674
30.1721
28.9148
27.6949
26.5117
25.3645
24.2525
23.175
22.1314
21.121
20.143
19.1969
18.2818
17.3971
16.5423
15.7165
14.9192
14.1498
13.4075
12.6919
12.0023
11.3381
10.6987
10.0836
9.49233
8.92424
8.37885
7.85566
7.35419
6.87395
6.41449
5.97537
5.55616
5.15644
4.77581
4.4139
4.07033
3.74475
3.43682
3.14622
2.87263
2.61577
2.37535
2.15111
1.94279
1.75017
1.573
1.41109
1.26421
1.13216
1.0147
0.911535
0.822329
0.746483
0.681668
0.625194
0.587401
0.53077
102.339
72.4167
64.7987
62.5918
60.2943
58.2466
56.3812
54.5682
52.779
51.0094
49.2614
47.5394
45.8478
44.1905
42.5701
40.9881
39.4456
37.943
36.4804
35.0574
33.6737
32.3288
31.022
29.7528
28.5205
27.3244
26.1639
25.0382
23.9468
22.8889
21.8638
20.871
19.9097
18.9793
18.0791
17.2086
16.367
15.5538
14.7684
14.0101
13.2783
12.5725
11.8922
11.2367
10.6055
9.99805
9.41389
8.85247
8.31332
7.79596
7.2999
6.82472
6.36996
5.93521
5.52006
5.1241
4.74697
4.38829
4.04772
3.72491
3.41954
3.1313
2.8599
2.60505
2.36649
2.14397
1.93723
1.74605
1.57021
1.40949
1.26368
1.13255
1.01584
0.913237
0.824351
0.748601
0.683739
0.626666
0.588719
0.539553
91.6592
64.8095
60.2297
58.9974
57.1041
55.3846
53.8079
52.2462
50.6701
49.0778
47.4767
45.8778
44.2915
42.7264
41.1888
39.683
38.2117
36.7764
35.378
34.0164
32.6916
31.4031
30.1505
28.933
27.7501
26.6012
25.4856
24.4028
23.352
22.3327
21.3443
20.3862
19.4578
18.5585
17.6878
16.845
16.0297
15.2412
14.479
13.7426
13.0314
12.345
11.6828
11.0443
10.429
9.83648
9.26624
8.71784
8.19082
7.68475
7.19922
6.73381
6.28814
5.86181
5.45447
5.06575
4.69532
4.34283
4.00797
3.69043
3.38993
3.10617
2.83891
2.58787
2.35283
2.13354
1.92978
1.74134
1.568
1.40955
1.26576
1.13638
1.02109
0.919475
0.831009
0.754996
0.689176
0.629399
0.589885
0.566823
79.4967
55.6725
52.786
51.8409
50.6326
49.5986
48.6136
47.566
46.4234
45.1892
43.8833
42.5305
41.154
39.7723
38.3994
37.0447
35.7146
34.4127
33.1413
31.9011
30.6926
29.5156
28.3697
27.2544
26.1693
25.1136
24.0871
23.089
22.119
21.1765
20.261
19.3722
18.5095
17.6725
16.8608
16.0739
15.3114
14.5728
13.8578
13.1659
12.4967
11.8498
11.2247
10.6212
10.0388
9.47717
8.93588
8.41461
7.91299
7.4307
6.96738
6.52273
6.09642
5.68816
5.29764
4.92458
4.56871
4.22976
3.90748
3.60162
3.31195
3.03824
2.78028
2.53787
2.31081
2.09891
1.90199
1.71987
1.55234
1.39922
1.26026
1.13516
1.02349
0.92465
0.837768
0.76165
0.694202
0.630916
0.578563
0.58577
183.683
133.216
128.117
126.851
124.506
122.301
120.051
117.591
114.914
112.058
109.076
106.018
102.924
99.8249
96.7433
93.6934
90.6843
87.7219
84.8096
81.9492
79.1416
76.3873
73.6864
71.0388
68.4443
65.9028
63.414
60.9779
58.5941
56.2624
53.9828
51.7548
49.5784
47.4533
45.3792
43.3558
41.383
39.4604
37.5878
35.765
33.9915
32.2672
30.5917
28.9648
27.3861
25.8555
24.3725
22.937
21.5486
20.2071
18.9121
17.6634
16.4608
15.304
14.1926
13.1266
12.1055
11.1293
10.1975
9.31008
8.46674
7.66726
6.91143
6.19905
5.52992
4.90384
4.32061
3.77999
3.28174
2.82559
2.41114
2.03785
1.70492
1.41115
1.15471
0.932973
0.742067
0.576423
0.435491
0.329754
216.343
152.046
140.846
137.657
133.098
129.172
125.69
122.307
118.943
115.583
112.228
108.889
105.578
102.304
99.0751
95.895
92.7677
89.6952
86.6787
83.7188
80.8159
77.9699
75.1808
72.4485
69.7728
67.1533
64.59
62.0826
59.6306
57.234
54.8923
52.6053
50.3726
48.194
46.069
43.9974
41.9787
40.0127
38.0989
36.237
34.4266
32.6675
30.959
29.3011
27.6931
26.1349
24.626
23.1661
21.7548
20.3917
19.0766
17.809
16.5888
15.4154
14.2886
13.2081
12.1737
11.1849
10.2415
9.34319
8.48975
7.6809
6.91637
6.19592
5.5193
4.88628
4.29662
3.75009
3.24644
2.78542
2.3667
1.98992
1.65459
1.35999
1.10508
0.888214
0.705929
0.552665
0.426042
0.281734
243.902
170.022
150.303
144.023
137.964
132.987
128.744
124.802
121.027
117.368
113.795
110.295
106.862
103.491
100.182
96.9335
93.7449
90.616
87.5465
84.5364
81.5855
78.6936
75.8605
73.086
70.37
67.712
65.1119
62.5694
60.0841
57.6557
55.2839
52.9683
50.7086
48.5043
46.355
44.2605
42.2202
40.2338
38.3008
36.4209
34.5935
32.8184
31.095
29.423
27.802
26.2315
24.7112
23.2405
21.8193
20.447
19.1233
17.8478
16.6201
15.4399
14.3069
13.2206
12.1807
11.187
10.2391
9.3366
8.47934
7.66697
6.89922
6.17582
5.49649
4.86099
4.26908
3.7205
3.21503
2.75243
2.33246
1.95485
1.61926
1.32528
1.07224
0.858905
0.682107
0.536455
0.413606
0.245921
252.83
175.049
153.367
146.576
140.138
134.796
130.253
126.07
122.105
118.3
114.615
111.03
107.53
104.106
100.754
97.4682
94.2468
91.0882
87.9912
84.9552
81.9797
79.0644
76.2089
73.413
70.6764
67.9988
65.3801
62.8197
60.3175
57.873
55.4859
53.1558
50.8823
48.665
46.5035
44.3973
42.3461
40.3493
38.4066
36.5175
34.6815
32.8983
31.1673
29.4882
27.8605
26.2838
24.7577
23.2817
21.8554
20.4784
19.1503
17.8707
16.6393
15.4557
14.3194
13.2301
12.1875
11.1913
10.241
9.33641
8.47719
7.66302
6.89361
6.16869
5.48798
4.85122
4.25816
3.70857
3.2022
2.73885
2.3183
1.94033
1.60469
1.31103
1.05881
0.846834
0.671904
0.528744
0.407157
0.233247
252.83
175.049
153.367
146.576
140.138
134.796
130.253
126.07
122.105
118.3
114.615
111.03
107.53
104.106
100.754
97.4682
94.2468
91.0882
87.9912
84.9552
81.9797
79.0644
76.2089
73.413
70.6764
67.9988
65.3801
62.8197
60.3175
57.873
55.4859
53.1558
50.8823
48.665
46.5035
44.3973
42.3461
40.3493
38.4066
36.5175
34.6815
32.8983
31.1673
29.4882
27.8605
26.2838
24.7577
23.2817
21.8554
20.4784
19.1503
17.8707
16.6393
15.4557
14.3194
13.2301
12.1875
11.1913
10.241
9.33641
8.47719
7.66302
6.89361
6.16869
5.48798
4.85122
4.25816
3.70857
3.2022
2.73885
2.3183
1.94033
1.60469
1.31103
1.05881
0.846834
0.671904
0.528744
0.407156
0.233247
243.902
170.022
150.303
144.023
137.964
132.987
128.744
124.802
121.027
117.368
113.795
110.295
106.862
103.491
100.182
96.9335
93.7449
90.616
87.5465
84.5364
81.5855
78.6936
75.8605
73.086
70.37
67.712
65.1119
62.5694
60.0841
57.6557
55.2839
52.9683
50.7086
48.5043
46.355
44.2605
42.2202
40.2338
38.3008
36.4209
34.5935
32.8184
31.095
29.423
27.802
26.2315
24.7112
23.2406
21.8193
20.447
19.1233
17.8478
16.6201
15.4399
14.3069
13.2206
12.1807
11.187
10.2391
9.3366
8.47934
7.66697
6.89922
6.17582
5.49649
4.86099
4.26908
3.7205
3.21503
2.75243
2.33246
1.95485
1.61926
1.32528
1.07224
0.858905
0.682107
0.536455
0.413606
0.245921
216.343
152.046
140.846
137.657
133.098
129.172
125.69
122.307
118.943
115.583
112.228
108.889
105.578
102.304
99.0751
95.895
92.7677
89.6952
86.6787
83.7188
80.8159
77.9699
75.1808
72.4485
69.7728
67.1533
64.59
62.0826
59.6306
57.234
54.8923
52.6053
50.3726
48.194
46.069
43.9974
41.9787
40.0127
38.0989
36.237
34.4266
32.6675
30.959
29.3011
27.6931
26.1349
24.626
23.1661
21.7548
20.3917
19.0766
17.809
16.5888
15.4154
14.2886
13.2081
12.1737
11.1849
10.2415
9.34319
8.48976
7.6809
6.91637
6.19592
5.5193
4.88628
4.29662
3.75009
3.24644
2.78542
2.3667
1.98992
1.65459
1.35999
1.10508
0.888214
0.705928
0.552665
0.426041
0.281733
183.683
133.216
128.117
126.851
124.506
122.301
120.051
117.591
114.914
112.058
109.076
106.018
102.924
99.8249
96.7433
93.6934
90.6843
87.7219
84.8096
81.9492
79.1416
76.3873
73.6864
71.0388
68.4443
65.9028
63.414
60.9779
58.5941
56.2624
53.9828
51.7548
49.5784
47.4533
45.3792
43.3558
41.383
39.4604
37.5878
35.765
33.9915
32.2672
30.5917
28.9648
27.3861
25.8555
24.3725
22.937
21.5486
20.2071
18.9121
17.6634
16.4608
15.304
14.1926
13.1266
12.1055
11.1293
10.1975
9.31008
8.46673
7.66725
6.91143
6.19905
5.52992
4.90384
4.32061
3.77999
3.28174
2.82559
2.41114
2.03785
1.70492
1.41115
1.15471
0.932974
0.742068
0.576424
0.435492
0.329754
269.488
202.454
198.707
198.194
195.284
192.224
188.869
185.09
180.958
176.572
172.024
167.387
162.716
158.048
153.407
148.81
144.267
139.785
135.366
131.013
126.728
122.511
118.363
114.284
110.275
106.336
102.468
98.6694
94.942
91.2856
87.7005
84.187
80.7451
77.375
74.077
70.851
67.6974
64.6161
61.6072
58.6708
55.807
53.0158
50.2972
47.6513
45.0781
42.5775
40.1496
37.7943
35.5117
33.3016
31.1641
29.0992
27.1066
25.1865
23.3386
21.5631
19.8597
18.2284
16.6691
15.1818
13.7663
12.4226
11.1505
9.94997
8.82082
7.76297
6.77629
5.86061
5.01575
4.24144
3.53733
2.90294
2.33753
1.84009
1.4091
1.04245
0.737261
0.489815
0.294693
0.128997
302.851
219.873
213.252
211.464
205.395
199.761
194.623
189.593
184.6
179.635
174.699
169.802
164.952
160.155
155.417
150.74
146.128
141.582
137.104
132.693
128.351
124.078
119.875
115.743
111.681
107.689
103.769
99.9208
96.144
92.4393
88.8068
85.2467
81.7593
78.3446
75.0029
71.7343
68.5388
65.4166
62.3678
59.3923
56.4904
53.662
50.9071
48.2258
45.6181
43.084
40.6235
38.2366
35.9232
33.6833
31.5169
29.424
27.4043
25.4581
23.585
21.7851
20.0583
18.4046
16.8237
15.3156
13.8803
12.5175
11.2273
10.0094
8.86382
7.79035
6.78887
5.85921
5.00122
4.2147
3.49942
2.85512
2.28148
1.77807
1.34435
0.979491
0.681911
0.448508
0.268536
0.0869828
334.408
239.649
224.649
219.773
211.542
204.208
197.86
191.985
186.41
181.049
175.848
170.773
165.801
160.92
156.12
151.396
146.745
142.165
137.655
133.215
128.846
124.547
120.318
116.16
112.074
108.06
104.117
100.247
96.4498
92.7252
89.0736
85.4952
81.9903
78.5588
75.2011
71.9171
68.7069
65.5707
62.5085
59.5204
56.6063
53.7663
51.0005
48.3088
45.6912
43.1477
40.6783
38.2829
35.9615
33.7141
31.5406
29.4409
27.415
25.4628
23.5841
21.779
20.0472
18.3888
16.8036
15.2915
13.8523
12.4861
11.1925
9.97156
8.82306
7.74689
6.74291
5.81096
4.95091
4.16261
3.44595
2.8008
2.2271
1.72478
1.2938
0.93392
0.644168
0.42169
0.251184
0.0645008
344.226
244.727
228.26
223.111
214.308
206.348
199.495
193.236
187.376
181.811
176.465
171.288
166.246
161.314
156.476
151.724
147.05
142.45
137.923
133.468
129.083
124.77
120.528
116.358
112.259
108.233
104.279
100.398
96.59
92.8554
89.1942
85.6068
82.0931
78.6535
75.2878
71.9964
68.7792
65.6363
62.5677
59.5735
56.6538
53.8084
51.0375
48.341
45.7189
43.1712
40.6978
38.2987
35.9738
33.7231
31.5465
29.444
27.4154
25.4606
23.5797
21.7724
20.0386
18.3783
16.7914
15.2777
13.837
12.4694
11.1745
9.95241
8.80284
7.72568
6.72081
5.78807
4.92736
4.13856
3.42159
2.77643
2.20311
1.70169
1.27229
0.914745
0.628147
0.409734
0.242844
0.0555442
344.226
244.727
228.26
223.111
214.308
206.348
199.495
193.236
187.376
181.811
176.465
171.288
166.246
161.314
156.476
151.724
147.05
142.45
137.923
133.468
129.083
124.77
120.528
116.358
112.259
108.233
104.279
100.398
96.59
92.8554
89.1942
85.6068
82.0931
78.6535
75.2878
71.9964
68.7792
65.6363
62.5677
59.5735
56.6538
53.8084
51.0375
48.341
45.7189
43.1712
40.6978
38.2987
35.9738
33.7231
31.5465
29.444
27.4154
25.4606
23.5797
21.7724
20.0386
18.3783
16.7914
15.2777
13.837
12.4694
11.1745
9.95241
8.80284
7.72568
6.72081
5.78807
4.92736
4.13856
3.42159
2.77643
2.20311
1.70169
1.27229
0.914745
0.628147
0.409735
0.242842
0.0555434
334.408
239.649
224.649
219.773
211.542
204.208
197.86
191.985
186.41
181.049
175.848
170.773
165.801
160.92
156.12
151.396
146.745
142.165
137.655
133.215
128.846
124.547
120.318
116.16
112.074
108.06
104.117
100.247
96.4498
92.7252
89.0736
85.4952
81.9903
78.5588
75.2011
71.9171
68.7069
65.5707
62.5085
59.5204
56.6063
53.7663
51.0005
48.3088
45.6912
43.1477
40.6783
38.2829
35.9615
33.7141
31.5406
29.4409
27.415
25.4628
23.5841
21.779
20.0472
18.3888
16.8036
15.2915
13.8523
12.4861
11.1925
9.97156
8.82306
7.74689
6.74291
5.81096
4.95091
4.16261
3.44595
2.8008
2.22709
1.72477
1.2938
0.93392
0.64417
0.421691
0.251182
0.0644992
302.851
219.873
213.252
211.464
205.395
199.761
194.623
189.593
184.6
179.635
174.699
169.802
164.952
160.155
155.417
150.74
146.128
141.582
137.104
132.693
128.351
124.078
119.875
115.743
111.681
107.689
103.769
99.9208
96.144
92.4393
88.8068
85.2467
81.7593
78.3446
75.0029
71.7343
68.5388
65.4166
62.3678
59.3923
56.4904
53.662
50.9071
48.2258
45.6181
43.084
40.6235
38.2366
35.9232
33.6833
31.5169
29.424
27.4043
25.4581
23.585
21.7851
20.0583
18.4046
16.8237
15.3156
13.8803
12.5175
11.2273
10.0094
8.86383
7.79035
6.78887
5.85921
5.00122
4.2147
3.49942
2.85512
2.28148
1.77806
1.34435
0.979491
0.681912
0.448508
0.268536
0.0869801
269.488
202.454
198.707
198.194
195.284
192.224
188.869
185.09
180.958
176.572
172.024
167.387
162.716
158.048
153.407
148.81
144.267
139.785
135.366
131.013
126.728
122.511
118.363
114.284
110.275
106.336
102.468
98.6694
94.942
91.2856
87.7005
84.187
80.7451
77.375
74.077
70.851
67.6974
64.6161
61.6072
58.6708
55.807
53.0158
50.2972
47.6513
45.0781
42.5775
40.1496
37.7943
35.5117
33.3016
31.1641
29.0992
27.1066
25.1865
23.3386
21.5631
19.8597
18.2284
16.6691
15.1818
13.7663
12.4226
11.1505
9.94997
8.82082
7.76297
6.77629
5.86061
5.01575
4.24144
3.53733
2.90294
2.33753
1.84009
1.4091
1.04245
0.737261
0.489815
0.294695
0.128998
338.444
270.022
266.811
266.423
262.985
258.517
253.382
247.746
241.772
235.591
229.304
222.979
216.663
210.388
204.171
198.026
191.959
185.976
180.08
174.272
168.555
162.928
157.393
151.95
146.599
141.342
136.178
131.109
126.133
121.253
116.467
111.776
107.181
102.682
98.2778
93.9702
89.7587
85.6435
81.6247
77.7024
73.8767
70.1477
66.5154
62.9799
59.5411
56.1992
52.9541
49.8058
46.7544
43.7998
40.9421
38.1811
35.5169
32.9495
30.4788
28.1048
25.8274
23.6466
21.5623
19.5746
17.6832
15.8883
14.1897
12.5873
11.081
9.67087
8.35669
7.13837
6.01577
4.9887
4.05696
3.22034
2.47863
1.83184
1.28037
0.825625
0.47081
0.219684
0.0782264
0.0534637
357.76
287.176
282.729
279.583
272.469
265.12
257.939
250.891
243.98
237.195
230.526
223.964
217.501
211.131
204.853
198.664
192.563
186.552
180.63
174.797
169.056
163.405
157.847
152.381
147.009
141.73
136.546
131.456
126.461
121.561
116.757
112.049
107.436
102.92
98.5004
94.1772
89.9508
85.8211
81.7884
77.8526
74.0139
70.2724
66.6279
63.0807
59.6306
56.2778
53.0222
49.8639
46.8027
43.8387
40.9719
38.2023
35.5298
32.9543
30.4759
28.0945
25.8101
23.6225
21.5318
19.5378
17.6406
15.84
14.136
12.5285
11.0174
9.60267
8.28415
7.06174
5.93536
4.9049
3.97031
3.13162
2.38906
1.74325
1.19549
0.748225
0.405574
0.171186
0.0504561
0.0512139
384.837
304.029
294.265
288.547
279.025
269.64
260.941
252.822
245.18
237.913
230.932
224.173
217.588
211.144
204.82
198.604
192.486
186.463
180.533
174.694
168.947
163.292
157.729
152.26
146.883
141.601
136.413
131.321
126.323
121.421
116.616
111.906
107.292
102.776
98.3554
94.0321
89.8058
85.6766
81.6445
77.7096
73.872
70.1317
66.4887
62.9431
59.4948
56.1439
52.8903
49.7341
46.6751
43.7134
40.849
38.0818
35.4117
32.8387
30.3628
27.9839
25.7019
23.5168
21.4285
19.437
17.5422
15.744
14.0422
12.437
10.928
9.51539
8.19892
6.97855
5.85424
4.82596
3.8938
3.058
2.3191
1.67809
1.13669
0.697735
0.365603
0.143911
0.037152
0.0500119
394.368
308.846
298.292
292.338
282.098
271.906
262.525
253.885
245.867
238.338
231.182
224.308
217.648
211.158
204.806
198.572
192.444
186.414
180.479
174.638
168.889
163.232
157.667
152.196
146.819
141.535
136.347
131.253
126.255
121.353
116.546
111.836
107.223
102.706
98.2856
93.9626
89.7366
85.6078
81.5762
77.6419
73.805
70.0655
66.4233
62.8786
59.4313
56.0813
52.8288
49.6736
46.6158
43.6552
40.7919
38.0259
35.357
32.7852
30.3104
27.9327
25.6519
23.468
21.3808
19.3904
17.4967
15.6996
13.999
12.3947
10.8868
9.47513
8.15965
6.94027
5.81699
4.78985
3.85899
3.02479
2.28791
1.64948
1.11132
0.676271
0.34863
0.13197
0.0303681
0.0460913
394.368
308.846
298.292
292.338
282.098
271.906
262.525
253.885
245.867
238.338
231.182
224.308
217.648
211.158
204.806
198.572
192.444
186.414
180.479
174.638
168.889
163.232
157.667
152.196
146.819
141.535
136.347
131.253
126.255
121.353
116.546
111.836
107.223
102.706
98.2856
93.9626
89.7366
85.6078
81.5762
77.6419
73.805
70.0655
66.4233
62.8786
59.4313
56.0813
52.8288
49.6736
46.6158
43.6552
40.7919
38.0259
35.357
32.7852
30.3104
27.9327
25.6519
23.468
21.3808
19.3904
17.4967
15.6996
13.999
12.3947
10.8868
9.47513
8.15965
6.94027
5.81699
4.78985
3.85899
3.02479
2.28791
1.64948
1.11132
0.676272
0.34863
0.131965
0.0303589
0.0461087
384.837
304.029
294.265
288.547
279.025
269.64
260.941
252.822
245.18
237.913
230.932
224.173
217.588
211.144
204.82
198.604
192.486
186.463
180.533
174.694
168.947
163.292
157.729
152.26
146.883
141.601
136.413
131.321
126.323
121.421
116.616
111.906
107.292
102.776
98.3554
94.0321
89.8058
85.6766
81.6445
77.7096
73.872
70.1317
66.4887
62.9431
59.4948
56.1439
52.8903
49.7341
46.6751
43.7134
40.849
38.0818
35.4117
32.8387
30.3628
27.9839
25.7019
23.5168
21.4285
19.437
17.5422
15.744
14.0422
12.437
10.928
9.51539
8.19891
6.97855
5.85424
4.82596
3.8938
3.058
2.3191
1.6781
1.13669
0.697737
0.365603
0.143906
0.0371443
0.0500279
357.76
287.176
282.729
279.583
272.469
265.12
257.939
250.891
243.98
237.195
230.526
223.964
217.501
211.131
204.853
198.664
192.563
186.552
180.63
174.797
169.056
163.405
157.847
152.381
147.009
141.73
136.546
131.456
126.461
121.561
116.757
112.049
107.436
102.92
98.5004
94.1772
89.9508
85.8211
81.7884
77.8526
74.0139
70.2724
66.6279
63.0807
59.6306
56.2778
53.0222
49.8639
46.8027
43.8387
40.9719
38.2023
35.5298
32.9543
30.4759
28.0945
25.8101
23.6225
21.5318
19.5378
17.6406
15.84
14.136
12.5285
11.0174
9.60267
8.28415
7.06174
5.93536
4.9049
3.97031
3.13162
2.38906
1.74325
1.19549
0.748226
0.405573
0.171182
0.0504584
0.0512052
338.444
270.022
266.811
266.423
262.985
258.517
253.382
247.746
241.772
235.591
229.304
222.979
216.663
210.388
204.171
198.026
191.959
185.976
180.08
174.272
168.555
162.928
157.393
151.95
146.599
141.342
136.178
131.109
126.133
121.253
116.467
111.776
107.181
102.682
98.2778
93.9702
89.7587
85.6435
81.6247
77.7024
73.8767
70.1477
66.5154
62.9799
59.5411
56.1992
52.9541
49.8058
46.7544
43.7998
40.9421
38.1811
35.5169
32.9495
30.4788
28.1048
25.8274
23.6466
21.5623
19.5746
17.6832
15.8883
14.1897
12.5873
11.081
9.67087
8.35669
7.13837
6.01577
4.9887
4.05696
3.22034
2.47863
1.83184
1.28037
0.825624
0.470809
0.219685
0.0782281
0.0534756
)
;

boundaryField
{
    left
    {
        type            calculated;
        value           nonuniform List<scalar> 
64
(
-412.585
-429.839
-450.168
-459.109
-459.109
-450.168
-429.839
-412.585
-285.076
-334.204
-363.64
-373.839
-373.839
-363.64
-334.204
-285.076
-158.186
-197.465
-222.621
-231.3
-231.3
-222.621
-197.465
-158.186
-35.227
-49.9781
-59.2571
-62.5728
-62.5728
-59.2571
-49.9781
-35.227
79.4967
91.6592
102.339
105.71
105.71
102.339
91.6592
79.4967
183.683
216.343
243.902
252.83
252.83
243.902
216.343
183.683
269.488
302.851
334.408
344.226
344.226
334.408
302.851
269.488
338.444
357.76
384.837
394.368
394.368
384.837
357.76
338.444
)
;
    }
    right
    {
        type            calculated;
        value           nonuniform List<scalar> 
64
(
1.37522
1.37547
1.3741
1.37886
1.37886
1.37409
1.37546
1.37523
1.26568
1.34479
1.35882
1.36805
1.36806
1.35883
1.34479
1.26568
1.01746
1.12141
1.1391
1.14865
1.14865
1.1391
1.12141
1.01746
0.684682
0.764778
0.765076
0.768534
0.768533
0.765075
0.764778
0.684678
0.364143
0.386372
0.362844
0.357544
0.357544
0.362843
0.386371
0.364142
0.129872
0.0930721
0.0565592
0.0459693
0.0459704
0.0565604
0.0930719
0.129875
0.0387164
-0.0211678
-0.04277
-0.0494706
-0.0494721
-0.0427725
-0.0211665
0.038719
-0.00179645
-0.00763097
-0.00249313
-0.00445072
-0.00446116
-0.0024996
-0.00761463
-0.00180154
)
;
    }
    back
    {
        type            calculated;
        value           nonuniform List<scalar> 
640
(
-390.877
-252.965
-135.214
-27.338
75.9465
177.382
274.632
368.667
-314.583
-205.743
-108.399
-23.0111
52.7408
124.667
193.886
261.1
-303.294
-202.142
-110.398
-26.3234
50.3557
122.825
192.357
259.143
-298.913
-200.082
-111.394
-28.1466
49.2947
122.379
192.36
259.955
-295.257
-197.368
-110.589
-28.637
48.2611
121.021
190.932
258.286
-291.023
-194.453
-109.186
-28.5371
47.4392
119.563
189.066
255.232
-285.873
-191.101
-107.417
-28.1644
46.6486
117.833
186.518
251.099
-279.916
-187.298
-105.389
-27.6745
45.7791
115.759
183.294
246.15
-273.348
-183.123
-103.176
-27.143
44.7912
113.366
179.536
240.629
-266.36
-178.672
-100.827
-26.6022
43.6869
110.716
175.396
234.74
-259.112
-174.032
-98.3857
-26.064
42.489
107.884
171.007
228.638
-251.724
-169.28
-95.8852
-25.5307
41.2269
104.935
166.472
222.43
-244.287
-164.473
-93.3518
-25.0008
39.9278
101.925
161.867
216.189
-236.861
-159.653
-90.8044
-24.4716
38.6141
98.8927
157.243
209.962
-229.49
-154.849
-88.2566
-23.9405
37.3024
95.866
152.633
203.778
-222.202
-150.083
-85.7181
-23.4056
36.0041
92.8637
148.06
197.658
-215.014
-145.367
-83.1955
-22.8659
34.7268
89.8976
143.537
191.611
-207.94
-140.712
-80.6936
-22.321
33.475
86.9751
139.072
185.646
-200.985
-136.123
-78.216
-21.7711
32.2515
84.1006
134.671
179.766
-194.153
-131.604
-75.7653
-21.2166
31.0573
81.2762
130.335
173.973
-187.448
-127.158
-73.3434
-20.6584
29.893
78.5033
126.066
168.27
-180.871
-122.786
-70.9521
-20.0972
28.7584
75.7824
121.866
162.658
-174.421
-118.491
-68.5926
-19.534
27.6533
73.1137
117.736
157.137
-168.1
-114.272
-66.2661
-18.9695
26.5771
70.497
113.674
151.707
-161.906
-110.131
-63.9733
-18.4046
25.5294
67.9323
109.683
146.37
-155.839
-106.067
-61.715
-17.8401
24.5097
65.4194
105.761
141.126
-149.898
-102.081
-59.4921
-17.2765
23.5174
62.958
101.91
135.974
-144.084
-98.1737
-57.305
-16.7147
22.552
60.5482
98.1296
130.917
-138.394
-94.3442
-55.1544
-16.1551
21.6132
58.1896
94.4198
125.953
-132.829
-90.5928
-53.0406
-15.5983
20.7005
55.882
90.7811
121.083
-127.388
-86.9197
-50.9642
-15.0449
19.8134
53.6254
87.2137
116.308
-122.07
-83.3246
-48.9255
-14.4954
18.9516
51.4194
83.7176
111.628
-116.874
-79.8077
-46.9249
-13.9503
18.1146
49.264
80.2932
107.043
-111.799
-76.3687
-44.9628
-13.4101
17.3021
47.1589
76.9405
102.553
-106.845
-73.0075
-43.0395
-12.8751
16.5135
45.1039
73.6597
98.1581
-102.011
-69.7241
-41.1553
-12.3459
15.7487
43.0988
70.4509
93.8592
-97.2956
-66.5181
-39.3105
-11.8229
15.0071
41.1433
67.3143
89.6562
-92.699
-63.3896
-37.5053
-11.3065
14.2884
39.2373
64.2498
85.5491
-88.2202
-60.3383
-35.7401
-10.797
13.5922
37.3804
61.2575
81.5381
-83.8583
-57.364
-34.0149
-10.2949
12.9181
35.5725
58.3376
77.6234
-79.6128
-54.4666
-32.3302
-9.80061
12.2658
33.8133
55.49
73.8049
-75.4828
-51.6458
-30.686
-9.3144
11.6348
32.1025
52.7149
70.0828
-71.4678
-48.9015
-29.0826
-8.83666
11.0249
30.4398
50.0121
66.4571
-67.5669
-46.2333
-27.5202
-8.36773
10.4357
28.8251
47.3817
62.9279
-63.7797
-43.6412
-25.9988
-7.90794
9.86678
27.258
44.8237
59.4953
-60.1054
-41.1249
-24.5188
-7.45762
9.31786
25.7383
42.3381
56.1592
-56.5434
-38.6841
-23.0801
-7.01705
8.7886
24.2658
39.9249
52.9197
-53.0932
-36.3186
-21.683
-6.58655
8.27867
22.8401
37.584
49.7768
-49.754
-34.0283
-20.3277
-6.1664
7.78775
21.461
35.3154
46.7305
-46.5254
-31.8128
-19.0141
-5.75686
7.31552
20.1282
33.1191
43.7809
-43.4067
-29.672
-17.7424
-5.3582
6.86169
18.8416
30.995
40.9278
-40.3975
-27.6057
-16.5127
-4.97067
6.42595
17.6008
28.943
38.1713
-37.497
-25.6135
-15.325
-4.59451
6.00802
16.4056
26.9632
35.5115
-34.7049
-23.6953
-14.1796
-4.22994
5.60763
15.2558
25.0553
32.9481
-32.0207
-21.8508
-13.0764
-3.87719
5.2245
14.151
23.2194
30.4813
-29.4437
-20.0799
-12.0154
-3.53647
4.85837
13.0912
21.4554
28.111
-26.9736
-18.3823
-10.9969
-3.20797
4.509
12.076
19.7632
25.8372
-24.6098
-16.7578
-10.0207
-2.89187
4.17614
11.1052
18.1428
23.6598
-22.352
-15.2061
-9.08691
-2.58835
3.85957
10.1786
16.5939
21.5788
-20.1995
-13.7271
-8.19562
-2.29759
3.55906
9.29606
15.1166
19.5941
-18.1521
-12.3205
-7.34682
-2.01973
3.27439
8.45726
13.7107
17.7057
-16.2093
-10.9861
-6.54053
-1.75491
3.00536
7.66205
12.3761
15.9134
-14.3706
-9.72383
-5.77676
-1.50329
2.75178
6.91023
11.1128
14.2174
-12.6357
-8.53333
-5.05551
-1.26498
2.51346
6.20162
9.92071
12.6175
-11.0042
-7.41447
-4.37678
-1.0401
2.29023
5.53603
8.79965
11.1136
-9.4757
-6.36702
-3.74056
-0.828744
2.0819
4.91326
7.74952
9.70568
-8.04976
-5.39076
-3.1468
-0.631012
1.88831
4.33312
6.77017
8.39362
-6.726
-4.48544
-2.59545
-0.446991
1.70929
3.79542
5.86143
7.17729
-5.50398
-3.65079
-2.08641
-0.276734
1.54468
3.29991
5.0231
6.05652
-4.38321
-2.88646
-1.61949
-0.120239
1.39424
2.84624
4.25489
5.03111
-3.36315
-2.19199
-1.19438
0.0225502
1.25773
2.43398
3.55638
4.10076
-2.44315
-1.56673
-0.810568
0.151755
1.1348
2.0625
2.92698
3.26515
-1.62249
-1.00978
-0.467265
0.267621
1.02501
1.73088
2.36577
2.52387
-0.90039
-0.519821
-0.163186
0.370588
0.927627
1.43765
1.87143
1.87662
-0.276322
-0.0950012
0.103623
0.461332
0.841612
1.18061
1.44201
1.32345
0.249542
0.267262
0.335985
0.540803
0.765499
0.956614
1.07477
0.865335
0.675642
0.570285
0.537287
0.60984
0.69727
0.761536
0.766152
0.505275
0.995019
0.815202
0.707806
0.665805
0.632237
0.589713
0.512205
0.247642
1.2141
1.00822
0.853136
0.713316
0.573179
0.440936
0.310114
0.0977846
1.30642
1.20376
1.04957
0.840666
0.593547
0.348518
0.138257
0.0514172
)
;
    }
    front
    {
        type            calculated;
        value           nonuniform List<scalar> 
640
(
-390.877
-252.965
-135.214
-27.338
75.9465
177.382
274.632
368.667
-314.583
-205.743
-108.399
-23.0111
52.7408
124.667
193.886
261.1
-303.294
-202.142
-110.398
-26.3234
50.3557
122.825
192.357
259.143
-298.913
-200.082
-111.394
-28.1466
49.2947
122.379
192.36
259.955
-295.257
-197.368
-110.589
-28.637
48.2611
121.021
190.932
258.286
-291.023
-194.453
-109.186
-28.5371
47.4392
119.563
189.066
255.232
-285.873
-191.101
-107.417
-28.1644
46.6486
117.833
186.518
251.099
-279.916
-187.298
-105.389
-27.6745
45.7791
115.759
183.294
246.15
-273.348
-183.123
-103.176
-27.143
44.7912
113.366
179.536
240.629
-266.36
-178.672
-100.827
-26.6022
43.6869
110.716
175.396
234.74
-259.112
-174.032
-98.3857
-26.064
42.489
107.884
171.007
228.638
-251.724
-169.28
-95.8852
-25.5307
41.2269
104.935
166.472
222.43
-244.287
-164.473
-93.3518
-25.0008
39.9278
101.925
161.867
216.189
-236.861
-159.653
-90.8044
-24.4716
38.6141
98.8927
157.243
209.962
-229.49
-154.849
-88.2566
-23.9405
37.3024
95.866
152.633
203.778
-222.202
-150.083
-85.7181
-23.4056
36.0041
92.8637
148.06
197.658
-215.014
-145.367
-83.1955
-22.8659
34.7268
89.8976
143.537
191.611
-207.94
-140.712
-80.6936
-22.321
33.475
86.9751
139.072
185.646
-200.985
-136.123
-78.216
-21.7711
32.2515
84.1006
134.671
179.766
-194.153
-131.604
-75.7653
-21.2166
31.0573
81.2762
130.335
173.973
-187.448
-127.158
-73.3434
-20.6584
29.893
78.5033
126.066
168.27
-180.871
-122.786
-70.9521
-20.0972
28.7584
75.7824
121.866
162.658
-174.421
-118.491
-68.5927
-19.534
27.6533
73.1137
117.736
157.137
-168.1
-114.272
-66.2661
-18.9695
26.5771
70.497
113.674
151.707
-161.906
-110.131
-63.9733
-18.4046
25.5294
67.9323
109.683
146.37
-155.839
-106.067
-61.715
-17.8401
24.5097
65.4194
105.761
141.126
-149.898
-102.081
-59.4921
-17.2765
23.5174
62.958
101.91
135.974
-144.084
-98.1737
-57.305
-16.7147
22.552
60.5482
98.1296
130.917
-138.394
-94.3442
-55.1544
-16.1551
21.6132
58.1896
94.4198
125.953
-132.829
-90.5928
-53.0406
-15.5983
20.7005
55.882
90.7811
121.083
-127.388
-86.9197
-50.9642
-15.0449
19.8134
53.6254
87.2137
116.308
-122.07
-83.3246
-48.9255
-14.4954
18.9516
51.4194
83.7176
111.628
-116.874
-79.8077
-46.9249
-13.9503
18.1146
49.264
80.2932
107.043
-111.799
-76.3687
-44.9628
-13.4101
17.3021
47.1589
76.9405
102.553
-106.845
-73.0075
-43.0395
-12.8751
16.5135
45.1039
73.6597
98.1581
-102.011
-69.7241
-41.1553
-12.3459
15.7487
43.0988
70.4509
93.8592
-97.2956
-66.5181
-39.3105
-11.8229
15.0071
41.1433
67.3143
89.6562
-92.699
-63.3896
-37.5053
-11.3065
14.2884
39.2373
64.2498
85.5491
-88.2202
-60.3383
-35.74
-10.797
13.5922
37.3804
61.2575
81.5381
-83.8583
-57.364
-34.0149
-10.2949
12.9181
35.5725
58.3376
77.6234
-79.6128
-54.4666
-32.3302
-9.8006
12.2658
33.8133
55.49
73.8049
-75.4828
-51.6458
-30.686
-9.3144
11.6348
32.1025
52.7149
70.0828
-71.4678
-48.9015
-29.0826
-8.83666
11.0249
30.4398
50.0121
66.4571
-67.5669
-46.2333
-27.5202
-8.36773
10.4357
28.8251
47.3817
62.9279
-63.7797
-43.6412
-25.9988
-7.90794
9.86678
27.258
44.8237
59.4953
-60.1054
-41.1249
-24.5188
-7.45762
9.31786
25.7383
42.3381
56.1592
-56.5434
-38.6841
-23.0801
-7.01705
8.7886
24.2658
39.9249
52.9197
-53.0932
-36.3186
-21.683
-6.58655
8.27867
22.8401
37.584
49.7768
-49.754
-34.0283
-20.3277
-6.1664
7.78774
21.461
35.3154
46.7305
-46.5254
-31.8128
-19.0141
-5.75686
7.31552
20.1282
33.1191
43.7809
-43.4067
-29.672
-17.7424
-5.3582
6.86168
18.8416
30.995
40.9278
-40.3975
-27.6057
-16.5127
-4.97067
6.42594
17.6008
28.943
38.1713
-37.497
-25.6135
-15.325
-4.59451
6.00802
16.4056
26.9632
35.5115
-34.7049
-23.6953
-14.1796
-4.22994
5.60762
15.2558
25.0553
32.9481
-32.0207
-21.8508
-13.0764
-3.8772
5.22449
14.151
23.2194
30.4813
-29.4437
-20.0799
-12.0154
-3.53647
4.85837
13.0912
21.4554
28.111
-26.9736
-18.3823
-10.9969
-3.20797
4.509
12.076
19.7632
25.8372
-24.6098
-16.7578
-10.0207
-2.89187
4.17614
11.1052
18.1428
23.6598
-22.352
-15.2061
-9.08691
-2.58835
3.85956
10.1786
16.5939
21.5788
-20.1995
-13.7271
-8.19562
-2.29758
3.55905
9.29606
15.1166
19.5941
-18.1521
-12.3205
-7.34682
-2.01972
3.27439
8.45726
13.7107
17.7057
-16.2093
-10.9861
-6.54053
-1.75491
3.00536
7.66204
12.3761
15.9134
-14.3706
-9.72383
-5.77676
-1.50329
2.75178
6.91023
11.1128
14.2174
-12.6357
-8.53334
-5.05551
-1.26498
2.51346
6.20162
9.92071
12.6175
-11.0042
-7.41447
-4.37678
-1.0401
2.29023
5.53603
8.79965
11.1136
-9.4757
-6.36702
-3.74056
-0.828742
2.0819
4.91326
7.74952
9.70568
-8.04976
-5.39076
-3.1468
-0.631011
1.88831
4.33312
6.77017
8.39362
-6.726
-4.48544
-2.59545
-0.446991
1.7093
3.79542
5.86143
7.17729
-5.50398
-3.65079
-2.08641
-0.276734
1.54468
3.29991
5.0231
6.05652
-4.38321
-2.88646
-1.61949
-0.120239
1.39425
2.84624
4.25489
5.03111
-3.36315
-2.19199
-1.19438
0.0225496
1.25773
2.43398
3.55638
4.10076
-2.44315
-1.56673
-0.810566
0.151754
1.1348
2.0625
2.92698
3.26515
-1.62249
-1.00978
-0.467264
0.267621
1.02501
1.73088
2.36577
2.52387
-0.900393
-0.519821
-0.163186
0.370587
0.927627
1.43765
1.87143
1.87662
-0.276326
-0.0950019
0.103623
0.461331
0.841613
1.18061
1.44201
1.32345
0.249541
0.267261
0.335985
0.540801
0.765499
0.956616
1.07477
0.865337
0.675645
0.570283
0.537286
0.609838
0.697271
0.761538
0.766152
0.505275
0.99502
0.8152
0.707804
0.665804
0.632237
0.589716
0.512207
0.247632
1.2141
1.00822
0.853134
0.713313
0.573179
0.440939
0.310121
0.0977868
1.30642
1.20377
1.04957
0.84066
0.593544
0.348521
0.138267
0.0514046
)
;
    }
    top
    {
        type            calculated;
        value           nonuniform List<scalar> 
640
(
379.563
401.194
434.667
449.439
449.439
434.667
401.194
379.563
301.7
319.069
333.358
337.703
337.703
333.358
319.069
301.7
300.9
317.678
329.042
333.226
333.226
329.042
317.678
300.9
301.862
314.724
323.978
328.015
328.015
323.978
314.724
301.862
299.183
307.825
314.566
317.834
317.834
314.566
307.825
299.183
294.984
300.394
304.884
307.237
307.237
304.884
300.394
294.984
289.834
292.921
295.675
297.225
297.225
295.675
292.921
289.834
284.02
285.509
287.011
287.935
287.935
287.011
285.509
284.02
277.77
278.204
278.841
279.308
279.308
278.841
278.204
277.77
271.259
271.014
271.072
271.218
271.218
271.072
271.014
271.259
264.61
263.934
263.613
263.541
263.541
263.613
263.934
264.61
257.905
256.955
256.391
256.176
256.176
256.391
256.955
257.905
251.193
250.069
249.35
249.042
249.042
249.35
250.069
251.193
244.505
243.266
242.451
242.085
242.085
242.451
243.266
244.505
237.858
236.541
235.667
235.265
235.265
235.667
236.541
237.858
231.265
229.892
228.981
228.557
228.557
228.981
229.892
231.265
224.732
223.315
222.382
221.946
221.946
222.382
223.315
224.732
218.263
216.811
215.864
215.421
215.421
215.864
216.811
218.263
211.86
210.38
209.424
208.978
208.978
209.424
210.38
211.86
205.527
204.023
203.061
202.614
202.614
203.061
204.023
205.527
199.265
197.74
196.776
196.33
196.33
196.776
197.74
199.265
193.075
191.534
190.569
190.124
190.124
190.569
191.534
193.075
186.959
185.405
184.442
183.999
183.999
184.442
185.405
186.959
180.919
179.356
178.395
177.954
177.954
178.395
179.356
180.919
174.956
173.387
172.43
171.993
171.993
172.43
173.387
174.956
169.073
167.5
166.548
166.115
166.115
166.548
167.5
169.073
163.269
161.696
160.752
160.323
160.323
160.752
161.696
163.269
157.547
155.978
155.041
154.617
154.617
155.041
155.978
157.547
151.908
150.345
149.418
148.999
148.999
149.418
150.345
151.908
146.354
144.8
143.883
143.471
143.471
143.883
144.8
146.354
140.886
139.344
138.439
138.033
138.033
138.439
139.344
140.886
135.505
133.978
133.086
132.686
132.686
133.086
133.978
135.505
130.213
128.703
127.825
127.432
127.432
127.825
128.703
130.213
125.012
123.521
122.658
122.272
122.272
122.658
123.521
125.012
119.901
118.432
117.585
117.207
117.207
117.585
118.432
119.901
114.884
113.438
112.608
112.239
112.239
112.608
113.438
114.884
109.96
108.54
107.728
107.367
107.367
107.728
108.54
109.96
105.132
103.74
102.946
102.593
102.593
102.946
103.74
105.132
100.4
99.0369
98.262
97.9185
97.9185
98.262
99.0369
100.4
95.7654
94.4334
93.6782
93.3439
93.3439
93.6782
94.4334
95.7654
91.2299
89.9301
89.1952
88.8703
88.8703
89.1952
89.9301
91.2299
86.7944
85.5279
84.8139
84.4985
84.4985
84.8139
85.5279
86.7944
82.4598
81.228
80.5352
80.2295
80.2295
80.5352
81.228
82.4598
78.2274
77.031
76.3599
76.064
76.064
76.3599
77.031
78.2274
74.0981
72.9381
72.2889
72.0029
72.0029
72.2889
72.9381
74.0981
70.073
68.9501
68.323
68.0469
68.0469
68.323
68.9501
70.073
66.1529
65.0677
64.463
64.1968
64.1968
64.463
65.0677
66.1529
62.3389
61.2918
60.7095
60.4534
60.4534
60.7095
61.2918
62.3389
58.6318
57.6232
57.0634
56.8172
56.8172
57.0634
57.6232
58.6318
55.0325
54.0627
53.5252
53.289
53.289
53.5252
54.0627
55.0325
51.5418
50.6108
50.0957
49.8695
49.8695
50.0957
50.6108
51.5418
48.1606
47.2683
46.7755
46.5591
46.5591
46.7755
47.2683
48.1606
44.8894
44.0359
43.5651
43.3584
43.3584
43.5651
44.0359
44.8894
41.7292
40.9141
40.4652
40.2681
40.2681
40.4652
40.9141
41.7292
38.6804
37.9036
37.4762
37.2885
37.2885
37.4762
37.9036
38.6804
35.7439
35.0048
34.5986
34.4202
34.4202
34.5986
35.0048
35.7439
32.9201
32.2182
31.8329
31.6637
31.6637
31.8329
32.2182
32.9201
30.2096
29.5444
29.1795
29.0192
29.0192
29.1795
29.5444
30.2096
27.6129
26.9837
26.6388
26.4872
26.4872
26.6388
26.9837
27.6129
25.1305
24.5365
24.2111
24.0681
24.0681
24.2111
24.5365
25.1305
22.7629
22.2032
21.8968
21.762
21.762
21.8968
22.2032
22.7629
20.5103
19.9842
19.6961
19.5694
19.5694
19.6961
19.9842
20.5103
18.3733
17.8797
17.6095
17.4904
17.4904
17.6095
17.8797
18.3733
16.3522
15.89
15.637
15.5254
15.5254
15.637
15.89
16.3522
14.4471
14.0152
13.7788
13.6745
13.6745
13.7788
14.0152
14.4471
12.6582
12.2557
12.0352
11.9378
11.9378
12.0352
12.2557
12.6582
10.9859
10.6114
10.4062
10.3155
10.3155
10.4062
10.6114
10.9859
9.43014
9.08257
8.89203
8.80771
8.80771
8.89203
9.08257
9.43013
7.99109
7.66927
7.49278
7.41465
7.41465
7.49278
7.66927
7.99109
6.66881
6.37161
6.20865
6.13655
6.13655
6.20865
6.37161
6.66881
5.46329
5.18973
5.03995
4.97379
4.97379
5.03995
5.18973
5.46328
4.37451
4.12389
3.98714
3.92698
3.92698
3.98713
4.12389
4.37451
3.40257
3.17463
3.05109
2.99712
2.99712
3.05109
3.17462
3.40256
2.54779
2.34304
2.23334
2.18593
2.18593
2.23334
2.34304
2.54779
1.81118
1.63128
1.53656
1.49621
1.49621
1.53655
1.63127
1.81118
1.1949
1.04322
0.965141
0.932439
0.932437
0.965138
1.04322
1.19491
0.70285
0.585018
0.525685
0.501161
0.501162
0.525687
0.585023
0.702857
0.341174
0.265075
0.227547
0.211669
0.21168
0.22756
0.265084
0.341168
0.109309
0.0885609
0.0778363
0.0711351
0.0711504
0.0778515
0.0885581
0.109307
-0.021831
0.0179209
0.033628
0.0356885
0.0356718
0.0336119
0.0179217
-0.0218481
)
;
    }
    bottom
    {
        type            calculated;
        value           nonuniform List<scalar> 
640
(
-469.632
-466.47
-476.192
-481.226
-481.226
-476.192
-466.47
-469.632
-377.558
-393.436
-401.012
-403.422
-403.422
-401.012
-393.436
-377.558
-361.527
-377.6
-386.01
-388.908
-388.908
-386.01
-377.6
-361.527
-353.134
-366.275
-374.314
-377.459
-377.459
-374.314
-366.275
-353.134
-346.074
-355.537
-362.131
-364.998
-364.998
-362.131
-355.537
-346.074
-338.754
-345.359
-350.399
-352.764
-352.764
-350.399
-345.359
-338.754
-330.785
-335.377
-339.117
-340.962
-340.962
-339.117
-335.377
-330.785
-322.258
-325.502
-328.27
-329.673
-329.673
-328.27
-325.502
-322.258
-313.341
-315.725
-317.81
-318.876
-318.876
-317.81
-315.725
-313.341
-304.19
-306.048
-307.675
-308.501
-308.501
-307.675
-306.048
-304.19
-294.932
-296.484
-297.814
-298.476
-298.476
-297.814
-296.484
-294.932
-285.662
-287.048
-288.191
-288.746
-288.746
-288.191
-287.048
-285.662
-276.448
-277.756
-278.784
-279.27
-279.27
-278.784
-277.756
-276.448
-267.339
-268.62
-269.579
-270.022
-270.022
-269.579
-268.62
-267.339
-258.366
-259.648
-260.568
-260.984
-260.984
-260.568
-259.648
-258.366
-249.547
-250.848
-251.745
-252.145
-252.145
-251.745
-250.848
-249.547
-240.897
-242.223
-243.107
-243.497
-243.497
-243.107
-242.223
-240.897
-232.421
-233.775
-234.652
-235.036
-235.036
-234.652
-233.775
-232.421
-224.124
-225.506
-226.377
-226.757
-226.757
-226.377
-225.506
-224.124
-216.006
-217.413
-218.281
-218.657
-218.657
-218.281
-217.413
-216.006
-208.068
-209.497
-210.361
-210.734
-210.734
-210.361
-209.497
-208.068
-200.308
-201.757
-202.616
-202.986
-202.986
-202.616
-201.757
-200.308
-192.726
-194.19
-195.044
-195.41
-195.41
-195.044
-194.19
-192.726
-185.319
-186.795
-187.642
-188.005
-188.005
-187.642
-186.795
-185.319
-178.086
-179.569
-180.41
-180.768
-180.768
-180.41
-179.569
-178.086
-171.025
-172.512
-173.344
-173.698
-173.698
-173.344
-172.512
-171.025
-164.133
-165.621
-166.443
-166.793
-166.793
-166.443
-165.621
-164.133
-157.41
-158.895
-159.706
-160.05
-160.05
-159.706
-158.895
-157.41
-150.853
-152.331
-153.13
-153.469
-153.469
-153.13
-152.331
-150.853
-144.46
-145.928
-146.714
-147.047
-147.047
-146.714
-145.928
-144.46
-138.228
-139.684
-140.456
-140.782
-140.782
-140.456
-139.684
-138.228
-132.157
-133.597
-134.354
-134.674
-134.674
-134.354
-133.597
-132.157
-126.245
-127.666
-128.407
-128.72
-128.72
-128.407
-127.666
-126.245
-120.488
-121.888
-122.613
-122.918
-122.918
-122.613
-121.888
-120.488
-114.886
-116.262
-116.97
-117.267
-117.267
-116.97
-116.262
-114.886
-109.437
-110.787
-111.477
-111.766
-111.766
-111.477
-110.787
-109.437
-104.139
-105.46
-106.131
-106.412
-106.412
-106.131
-105.46
-104.139
-98.989
-100.28
-100.932
-101.205
-101.205
-100.932
-100.28
-98.989
-93.9867
-95.2459
-95.878
-96.1422
-96.1422
-95.878
-95.2459
-93.9867
-89.1298
-90.3554
-90.9672
-91.2227
-91.2227
-90.9672
-90.3554
-89.1298
-84.4167
-85.607
-86.1982
-86.4448
-86.4448
-86.1982
-85.607
-84.4167
-79.8456
-80.9993
-81.5696
-81.8072
-81.8072
-81.5696
-80.9993
-79.8456
-75.415
-76.5308
-77.0798
-77.3083
-77.3083
-77.0798
-76.5308
-75.415
-71.1231
-72.2
-72.7275
-72.9468
-72.9468
-72.7275
-72.2
-71.1231
-66.9684
-68.0054
-68.5113
-68.7214
-68.7214
-68.5113
-68.0054
-66.9684
-62.9493
-63.9458
-64.4298
-64.6306
-64.6306
-64.4298
-63.9458
-62.9493
-59.0644
-60.0196
-60.4817
-60.6733
-60.6733
-60.4817
-60.0196
-59.0644
-55.3122
-56.2255
-56.6657
-56.848
-56.848
-56.6657
-56.2255
-55.3122
-51.6912
-52.5623
-52.9806
-53.1537
-53.1537
-52.9806
-52.5623
-51.6912
-48.2
-49.0287
-49.4251
-49.589
-49.589
-49.4251
-49.0287
-48.2
-44.8372
-45.6234
-45.9981
-46.1528
-46.1528
-45.9981
-45.6234
-44.8372
-41.6017
-42.3453
-42.6984
-42.844
-42.844
-42.6984
-42.3453
-41.6017
-38.492
-39.1931
-39.5248
-39.6614
-39.6614
-39.5248
-39.1931
-38.492
-35.5069
-36.1657
-36.4762
-36.604
-36.604
-36.4762
-36.1657
-35.5069
-32.6452
-33.2621
-33.5517
-33.6707
-33.6707
-33.5517
-33.2621
-32.6452
-29.9059
-30.4812
-30.7502
-30.8605
-30.8605
-30.7502
-30.4812
-29.9059
-27.2876
-27.8219
-28.0706
-28.1725
-28.1725
-28.0706
-27.8219
-27.2876
-24.7895
-25.2833
-25.5121
-25.6056
-25.6056
-25.5121
-25.2833
-24.7895
-22.4104
-22.8644
-23.0737
-23.1591
-23.1591
-23.0737
-22.8644
-22.4104
-20.1493
-20.5642
-20.7546
-20.832
-20.832
-20.7546
-20.5642
-20.1493
-18.0053
-18.382
-18.5538
-18.6234
-18.6234
-18.5538
-18.382
-18.0053
-15.9775
-16.3169
-16.4705
-16.5325
-16.5325
-16.4705
-16.3169
-15.9775
-14.0649
-14.368
-14.504
-14.5587
-14.5587
-14.504
-14.368
-14.0649
-12.2668
-12.5345
-12.6535
-12.701
-12.701
-12.6535
-12.5345
-12.2668
-10.5823
-10.8157
-10.9181
-10.9588
-10.9588
-10.9181
-10.8157
-10.5823
-9.01071
-9.21093
-9.2974
-9.33142
-9.33142
-9.2974
-9.21093
-9.01071
-7.55121
-7.71941
-7.79055
-7.8182
-7.8182
-7.79055
-7.71941
-7.5512
-6.20311
-6.34053
-6.397
-6.41859
-6.41859
-6.397
-6.34052
-6.20311
-4.96572
-5.07365
-5.1162
-5.13208
-5.13208
-5.1162
-5.07365
-4.96572
-3.83839
-3.91824
-3.94771
-3.95832
-3.95832
-3.94771
-3.91824
-3.83838
-2.82045
-2.87383
-2.89127
-2.89713
-2.89712
-2.89127
-2.87384
-2.82045
-1.91141
-1.94021
-1.9469
-1.94866
-1.94866
-1.9469
-1.94021
-1.91141
-1.11099
-1.11753
-1.11508
-1.11356
-1.11356
-1.11508
-1.11753
-1.11099
-0.419449
-0.406681
-0.397113
-0.393264
-0.393265
-0.397112
-0.40668
-0.419454
0.161862
0.190118
0.204362
0.209485
0.209484
0.204365
0.190121
0.161859
0.629588
0.668491
0.684701
0.690108
0.690107
0.684704
0.668495
0.629592
0.976188
1.02002
1.03546
1.0404
1.0404
1.03547
1.02003
0.976196
1.19144
1.23233
1.24398
1.24795
1.24795
1.24398
1.23233
1.19145
1.25757
1.28679
1.2925
1.29592
1.29592
1.2925
1.28679
1.25757
1.22853
1.22869
1.22898
1.23375
1.23375
1.22898
1.22869
1.22853
)
;
    }
}


// ************************************************************************* //
