/*--------------------------------*- C++ -*----------------------------------*\
| =========                 |                                                 |
| \\      /  F ield         | foam-extend: Open Source CFD                    |
|  \\    /   O peration     | Version:     4.1                                |
|   \\  /    A nd           | Web:         http://www.foam-extend.org         |
|    \\/     M anipulation  |                                                 |
\*---------------------------------------------------------------------------*/
FoamFile
{
    version     2.0;
    format      ascii;
    class       volScalarField;
    location    "0.2";
    object      sigmaEq;
}
// * * * * * * * * * * * * * * * * * * * * * * * * * * * * * * * * * * * * * //

dimensions      [1 -1 -2 0 0 0 0];

internalField   nonuniform List<scalar> 
5120
(
1093.21
961.828
940.484
920.905
904.034
886.688
867.658
847.086
825.368
802.899
780.014
756.974
733.968
711.131
688.555
666.299
644.404
622.892
601.779
581.07
560.771
540.883
521.404
502.333
483.667
465.406
447.545
430.081
413.012
396.335
380.046
364.143
348.622
333.48
318.714
304.322
290.299
276.643
263.352
250.421
237.849
225.632
213.767
202.252
191.084
180.261
169.779
159.636
149.831
140.36
131.22
122.411
113.929
105.773
97.9403
90.4289
83.2369
76.3625
69.8041
63.5598
57.6282
52.0077
46.697
41.6949
37.0002
32.6122
28.5302
24.7537
21.283
18.1184
15.2613
12.7142
10.4811
8.56825
6.9845
5.73969
4.8393
4.27449
4.02625
4.03564
992.44
969.928
964.978
941.092
917.711
894.935
871.786
848.321
824.696
801.042
777.471
754.076
730.928
708.081
685.574
663.433
641.675
620.312
599.349
578.791
558.638
538.889
519.544
500.599
482.053
463.904
446.148
428.783
411.806
395.215
379.006
363.177
347.725
332.647
317.94
303.601
289.628
276.018
262.768
249.876
237.338
225.152
213.316
201.826
190.681
179.878
169.415
159.288
149.497
140.038
130.909
122.109
113.635
105.485
97.6576
90.1504
82.9618
76.09
69.5334
63.2904
57.3596
51.7395
46.4288
41.4265
36.7315
32.3432
28.2609
24.4846
21.0146
17.8519
14.9986
12.4582
10.2365
8.34181
6.78537
5.57837
4.72372
4.20628
3.9995
4.04313
966.771
949.796
961.984
945.149
922.835
898.974
874.222
849.288
824.531
800.086
776.008
752.318
729.025
706.132
683.643
661.558
639.878
618.605
597.738
577.276
557.217
537.559
518.301
499.44
480.974
462.899
445.214
427.915
411.001
394.467
378.313
362.534
347.129
332.094
317.428
303.127
289.188
275.61
262.389
249.524
237.01
224.847
213.031
201.56
190.432
179.644
169.194
159.08
149.299
139.85
130.73
121.937
113.47
105.325
97.5026
89.9995
82.8143
75.9454
69.3912
63.1501
57.2207
51.6017
46.2919
41.2901
36.5956
32.2076
28.1257
24.35
20.8811
17.7205
14.8706
12.3358
10.1225
8.23983
6.69919
5.51069
4.67494
4.1751
3.98201
4.02912
960.679
940.371
957.939
944.515
923.729
900.184
875.144
849.733
824.519
799.716
775.388
751.541
728.162
705.235
682.745
660.68
639.035
617.802
596.979
576.562
556.548
536.934
517.718
498.897
480.469
462.43
444.779
427.512
410.628
394.123
377.994
362.24
346.858
331.844
317.197
302.914
288.993
275.43
262.223
249.37
236.869
224.716
212.91
201.448
190.328
179.547
169.103
158.995
149.219
139.774
130.658
121.869
113.404
105.263
97.4419
89.9406
82.7569
75.8891
69.3357
63.0953
57.1663
51.5476
46.2379
41.2362
36.5416
32.1535
28.0716
24.296
20.8276
17.6678
14.8197
12.2878
10.0788
8.20188
6.66817
5.48685
4.65732
4.16211
3.97123
4.01599
960.679
940.371
957.939
944.515
923.729
900.184
875.144
849.733
824.519
799.716
775.388
751.541
728.162
705.235
682.745
660.68
639.035
617.802
596.979
576.562
556.548
536.934
517.718
498.897
480.469
462.43
444.779
427.512
410.628
394.123
377.994
362.24
346.858
331.844
317.197
302.914
288.993
275.43
262.223
249.37
236.869
224.716
212.91
201.448
190.328
179.547
169.103
158.995
149.219
139.774
130.658
121.869
113.404
105.263
97.4419
89.9406
82.7569
75.8891
69.3357
63.0953
57.1663
51.5476
46.2379
41.2362
36.5416
32.1535
28.0716
24.296
20.8276
17.6678
14.8197
12.2878
10.0788
8.20188
6.66817
5.48685
4.65732
4.16211
3.97123
4.01599
966.771
949.796
961.984
945.149
922.835
898.974
874.222
849.288
824.531
800.086
776.008
752.318
729.025
706.132
683.643
661.558
639.878
618.605
597.738
577.276
557.217
537.559
518.301
499.44
480.974
462.899
445.214
427.915
411.001
394.467
378.313
362.534
347.129
332.094
317.428
303.127
289.188
275.61
262.389
249.524
237.01
224.847
213.031
201.56
190.432
179.644
169.194
159.08
149.299
139.85
130.73
121.937
113.47
105.325
97.5026
89.9995
82.8143
75.9454
69.3912
63.1501
57.2207
51.6017
46.2919
41.2901
36.5956
32.2076
28.1257
24.35
20.8811
17.7205
14.8706
12.3358
10.1225
8.23983
6.69919
5.51068
4.67494
4.1751
3.98201
4.02912
992.44
969.928
964.978
941.092
917.711
894.935
871.786
848.321
824.696
801.042
777.471
754.076
730.928
708.081
685.574
663.433
641.675
620.312
599.349
578.791
558.638
538.889
519.544
500.599
482.053
463.904
446.148
428.783
411.806
395.215
379.006
363.177
347.725
332.647
317.94
303.601
289.628
276.018
262.768
249.876
237.338
225.152
213.316
201.826
190.681
179.878
169.415
159.288
149.497
140.038
130.909
122.109
113.635
105.485
97.6576
90.1504
82.9618
76.09
69.5334
63.2904
57.3596
51.7395
46.4288
41.4265
36.7315
32.3432
28.2609
24.4846
21.0146
17.8519
14.9986
12.4582
10.2365
8.34181
6.78537
5.57837
4.72372
4.20628
3.9995
4.04313
1093.21
961.828
940.484
920.905
904.034
886.688
867.658
847.086
825.368
802.899
780.014
756.974
733.968
711.131
688.555
666.299
644.404
622.892
601.779
581.07
560.771
540.883
521.404
502.333
483.667
465.406
447.545
430.081
413.012
396.335
380.046
364.143
348.622
333.48
318.714
304.322
290.299
276.643
263.352
250.421
237.849
225.632
213.767
202.252
191.084
180.261
169.779
159.636
149.831
140.36
131.22
122.411
113.929
105.773
97.9403
90.4289
83.2369
76.3625
69.8041
63.5598
57.6282
52.0077
46.697
41.6949
37.0002
32.6122
28.5302
24.7537
21.283
18.1184
15.2613
12.7142
10.4811
8.56825
6.9845
5.73969
4.8393
4.27448
4.02625
4.03564
644.247
653.244
657.897
643.376
629.676
616.91
603.719
589.873
575.429
560.526
545.328
529.984
514.613
499.306
484.128
469.122
454.318
439.736
425.389
411.285
397.429
383.824
370.472
357.373
344.529
331.94
319.605
307.524
295.697
284.122
272.799
261.728
250.907
240.335
230.012
219.936
210.106
200.522
191.181
182.084
173.228
164.613
156.237
148.1
140.199
132.535
125.105
117.909
110.946
104.214
97.7116
91.4385
85.3934
79.575
73.9824
68.6143
63.4697
58.5474
53.8465
49.3657
45.104
41.0602
37.2331
33.6216
30.2242
27.0397
24.0665
21.3027
18.7464
16.395
14.2457
12.2944
10.5366
8.96635
7.57715
6.36336
5.32453
4.48082
3.91061
3.74503
558.134
674.184
684.832
660.811
640.161
622.734
606.155
589.954
573.961
558.092
542.331
526.693
511.205
495.89
480.771
465.864
451.18
436.729
422.517
408.547
394.822
381.344
368.114
355.132
342.399
329.914
317.678
305.691
293.951
282.459
271.213
260.214
249.461
238.952
228.688
218.666
208.888
199.35
190.053
180.996
172.178
163.597
155.253
147.145
139.271
131.632
124.225
117.049
110.105
103.39
96.9035
90.6451
84.6133
78.8073
73.226
67.8686
62.734
57.8214
53.1297
48.658
44.4053
40.3708
36.5534
32.9521
29.566
26.3938
23.4345
20.6868
18.1492
15.82
13.6972
11.7781
10.0597
8.53796
7.20868
6.06837
5.11644
4.36786
3.88724
3.77609
527.367
665.591
690.466
668.827
646.456
626.884
608.4
590.683
573.583
556.953
540.7
524.771
509.13
493.757
478.641
463.776
449.158
434.785
420.657
406.774
393.136
379.743
366.595
353.693
341.035
328.622
316.454
304.531
292.852
281.416
270.224
259.276
248.569
238.104
227.881
217.898
208.154
198.65
189.384
180.355
171.563
163.007
154.685
146.597
138.743
131.121
123.729
116.569
109.638
102.935
96.4599
90.2116
84.1891
78.3916
72.8182
67.468
62.3401
57.4337
52.7478
48.2817
44.0344
40.0052
36.1932
32.5975
29.2171
26.0514
23.0992
20.3596
17.8315
15.5137
13.4046
11.5026
9.80502
8.30893
7.01065
5.9068
4.99591
4.29087
3.84752
3.74768
517.445
661.374
691.238
671.046
648.698
628.671
609.553
591.215
573.601
556.587
540.068
523.969
508.23
492.811
477.683
462.828
448.235
433.895
419.805
405.962
392.365
379.011
365.902
353.037
340.415
328.036
315.901
304.008
292.357
280.949
269.783
258.858
248.174
237.73
227.525
217.56
207.834
198.345
189.093
180.078
171.298
162.753
154.442
146.364
138.518
130.904
123.52
116.366
109.441
102.743
96.2734
90.0295
84.0111
78.2173
72.6471
67.2999
62.1747
57.2707
52.5871
48.1232
43.878
39.8507
36.0406
32.4469
29.0688
25.9054
22.9559
20.2194
17.6951
15.3819
13.2787
11.3838
9.69523
8.21005
6.92479
5.83594
4.94151
4.25329
3.82304
3.7259
517.445
661.374
691.238
671.046
648.698
628.671
609.553
591.215
573.601
556.587
540.068
523.969
508.23
492.811
477.683
462.828
448.235
433.895
419.805
405.962
392.365
379.011
365.902
353.037
340.415
328.036
315.901
304.008
292.357
280.949
269.783
258.858
248.174
237.73
227.525
217.56
207.834
198.345
189.093
180.078
171.298
162.753
154.442
146.364
138.518
130.904
123.52
116.366
109.441
102.743
96.2734
90.0295
84.0111
78.2173
72.6471
67.2999
62.1747
57.2707
52.5871
48.1232
43.878
39.8507
36.0406
32.4469
29.0688
25.9054
22.9559
20.2194
17.6951
15.3819
13.2787
11.3838
9.69523
8.21005
6.92479
5.83594
4.94151
4.25329
3.82304
3.7259
527.367
665.591
690.466
668.827
646.456
626.884
608.4
590.683
573.583
556.953
540.7
524.771
509.13
493.757
478.641
463.776
449.158
434.785
420.657
406.774
393.136
379.743
366.595
353.693
341.035
328.622
316.454
304.531
292.852
281.416
270.224
259.276
248.569
238.104
227.881
217.898
208.154
198.65
189.384
180.355
171.563
163.007
154.685
146.597
138.743
131.121
123.729
116.569
109.638
102.935
96.4599
90.2116
84.1891
78.3916
72.8182
67.468
62.3401
57.4337
52.7478
48.2817
44.0344
40.0052
36.1932
32.5975
29.2171
26.0514
23.0992
20.3596
17.8315
15.5137
13.4046
11.5026
9.80502
8.30893
7.01065
5.9068
4.99591
4.29087
3.84752
3.74768
558.134
674.184
684.832
660.811
640.161
622.734
606.155
589.954
573.961
558.092
542.331
526.693
511.205
495.89
480.771
465.864
451.18
436.729
422.517
408.547
394.822
381.344
368.114
355.132
342.399
329.914
317.678
305.691
293.951
282.459
271.213
260.214
249.461
238.952
228.688
218.666
208.888
199.35
190.053
180.996
172.178
163.597
155.253
147.145
139.271
131.632
124.225
117.049
110.105
103.39
96.9035
90.6451
84.6133
78.8073
73.226
67.8686
62.734
57.8214
53.1297
48.658
44.4053
40.3708
36.5534
32.9521
29.566
26.3938
23.4345
20.6868
18.1492
15.82
13.6972
11.7781
10.0597
8.53796
7.20868
6.06837
5.11644
4.36786
3.88724
3.77609
644.247
653.244
657.897
643.376
629.676
616.91
603.719
589.873
575.429
560.526
545.328
529.984
514.613
499.306
484.128
469.122
454.318
439.736
425.389
411.285
397.429
383.824
370.472
357.373
344.529
331.94
319.605
307.524
295.697
284.122
272.799
261.728
250.907
240.335
230.012
219.936
210.106
200.522
191.181
182.084
173.228
164.613
156.237
148.1
140.199
132.535
125.105
117.909
110.946
104.214
97.7116
91.4385
85.3934
79.575
73.9824
68.6143
63.4697
58.5474
53.8465
49.3657
45.104
41.0602
37.2331
33.6216
30.2242
27.0397
24.0665
21.3027
18.7464
16.395
14.2457
12.2944
10.5366
8.96635
7.57715
6.36336
5.32453
4.48083
3.91061
3.74503
334.815
358.66
379.577
379.082
373.724
367
359.475
351.478
343.165
334.63
325.959
317.225
308.488
299.791
291.164
282.628
274.197
265.879
257.681
249.606
241.658
233.84
226.152
218.596
211.174
203.886
196.733
189.716
182.834
176.089
169.481
163.009
156.675
150.477
144.416
138.491
132.703
127.052
121.536
116.157
110.913
105.804
100.83
95.9897
91.2836
86.7109
82.2711
77.9634
73.7875
69.7425
65.8278
62.0426
58.3861
54.8575
51.4559
48.1802
45.0293
42.002
39.0972
36.3133
33.6488
31.102
28.671
26.3538
24.1482
22.0516
20.0612
18.1742
16.3873
14.6971
13.1
11.5925
10.1711
8.83306
7.57701
6.4046
5.32396
4.36308
3.61228
3.18397
283.909
380.71
400.231
390.2
378.808
368.535
358.697
349.199
339.951
330.865
321.9
313.041
304.286
295.636
287.097
278.671
270.361
262.17
254.1
246.153
238.33
230.631
223.06
215.615
208.3
201.113
194.056
187.13
180.335
173.672
167.141
160.743
154.477
148.344
142.344
136.477
130.743
125.143
119.675
114.341
109.14
104.071
99.135
94.3312
89.6595
85.1195
80.7109
76.4332
72.2861
68.2691
64.3816
60.6232
56.9932
53.4908
50.1155
46.8664
43.7427
40.7433
37.8672
35.1133
32.4802
29.9665
27.5707
25.2908
23.1249
21.0709
19.1262
17.2881
15.5537
13.9198
12.3831
10.9399
9.58712
8.32192
7.1431
6.05256
5.05843
4.19069
3.5426
3.22558
261.267
381.619
409.498
398.82
384.279
371.312
359.541
348.714
338.583
328.932
319.624
310.576
301.735
293.068
284.555
276.182
267.941
259.828
251.841
243.977
236.236
228.619
221.126
213.757
206.514
199.396
192.405
185.542
178.806
172.199
165.721
159.372
153.153
147.064
141.105
135.277
129.58
124.014
118.579
113.275
108.102
103.06
98.1487
93.3685
88.7189
84.1998
79.8109
75.5521
71.4229
67.423
63.552
59.8095
56.1951
52.708
49.3479
46.1139
43.0054
40.0216
37.1614
34.424
31.8081
29.3125
26.9358
24.6762
22.5321
20.5015
18.5819
16.7709
15.0658
13.4634
11.9605
10.5538
9.23976
8.01578
6.88061
5.83629
4.89177
4.07933
3.48654
3.2004
253.089
381.874
412.951
402.366
386.883
372.898
360.261
348.768
338.16
328.184
318.667
309.493
300.585
291.892
283.379
275.023
266.811
258.732
250.782
242.957
235.256
227.677
220.222
212.89
205.681
198.597
191.638
184.805
178.098
171.518
165.065
158.741
152.544
146.476
140.538
134.729
129.049
123.5
118.08
112.79
107.631
102.601
97.7022
92.9331
88.294
83.7847
79.4051
75.1549
71.034
67.042
63.1785
59.4433
55.8358
52.3556
49.0022
45.775
42.6732
39.6961
36.8429
34.1127
31.5043
29.0165
26.6481
24.3974
22.2628
20.2423
18.3338
16.5348
14.8426
13.2542
11.7664
10.3759
9.07924
7.87373
6.75818
5.73482
4.81291
4.02505
3.45457
3.17847
253.089
381.874
412.951
402.366
386.883
372.898
360.261
348.768
338.16
328.184
318.667
309.493
300.585
291.892
283.379
275.023
266.811
258.732
250.782
242.957
235.256
227.677
220.222
212.89
205.681
198.597
191.638
184.805
178.098
171.518
165.065
158.741
152.544
146.476
140.538
134.729
129.049
123.5
118.08
112.79
107.631
102.601
97.7022
92.9331
88.294
83.7847
79.4051
75.1549
71.034
67.042
63.1785
59.4433
55.8358
52.3556
49.0022
45.775
42.6732
39.6961
36.8429
34.1127
31.5043
29.0165
26.6481
24.3974
22.2628
20.2423
18.3338
16.5348
14.8426
13.2542
11.7664
10.3759
9.07924
7.87373
6.75818
5.73482
4.81291
4.02505
3.45457
3.17847
261.267
381.619
409.498
398.82
384.279
371.312
359.541
348.714
338.583
328.932
319.624
310.576
301.735
293.068
284.555
276.182
267.941
259.828
251.841
243.977
236.236
228.619
221.126
213.757
206.514
199.396
192.405
185.542
178.806
172.199
165.721
159.372
153.153
147.064
141.105
135.277
129.58
124.014
118.579
113.275
108.102
103.06
98.1487
93.3685
88.7189
84.1998
79.8109
75.5521
71.4229
67.423
63.552
59.8095
56.1951
52.708
49.3479
46.1139
43.0054
40.0216
37.1614
34.424
31.8081
29.3125
26.9358
24.6762
22.5321
20.5015
18.5819
16.7709
15.0658
13.4634
11.9605
10.5538
9.23976
8.01578
6.88061
5.83629
4.89177
4.07933
3.48654
3.2004
283.909
380.71
400.231
390.2
378.808
368.535
358.697
349.199
339.951
330.865
321.9
313.041
304.286
295.636
287.097
278.671
270.361
262.17
254.1
246.153
238.33
230.631
223.06
215.615
208.3
201.113
194.056
187.13
180.335
173.672
167.141
160.743
154.477
148.344
142.344
136.477
130.743
125.143
119.675
114.341
109.14
104.071
99.135
94.3312
89.6595
85.1195
80.7109
76.4332
72.2861
68.2691
64.3816
60.6232
56.9932
53.4908
50.1155
46.8664
43.7427
40.7433
37.8672
35.1133
32.4802
29.9665
27.5707
25.2908
23.1249
21.0709
19.1262
17.2881
15.5537
13.9198
12.3831
10.9399
9.58712
8.32192
7.1431
6.05256
5.05843
4.19069
3.5426
3.22558
334.815
358.66
379.577
379.082
373.724
367
359.475
351.478
343.165
334.63
325.959
317.225
308.488
299.791
291.164
282.628
274.197
265.879
257.681
249.606
241.658
233.84
226.152
218.596
211.174
203.886
196.733
189.716
182.834
176.089
169.481
163.009
156.675
150.477
144.416
138.491
132.703
127.052
121.536
116.157
110.913
105.804
100.83
95.9897
91.2836
86.7109
82.2711
77.9634
73.7875
69.7425
65.8278
62.0426
58.3861
54.8575
51.4559
48.1802
45.0293
42.002
39.0972
36.3133
33.6488
31.102
28.671
26.3538
24.1482
22.0516
20.0612
18.1742
16.3873
14.6971
13.1
11.5925
10.1711
8.83306
7.57701
6.4046
5.32396
4.36308
3.61228
3.18397
89.7828
106.218
129.043
138.363
142.262
143.306
142.773
141.348
139.381
137.07
134.545
131.893
129.17
126.415
123.65
120.89
118.143
115.415
112.708
110.025
107.367
104.735
102.131
99.5556
97.0091
94.4924
92.0061
89.5508
87.1268
84.7345
82.3741
80.0458
77.7498
75.4862
73.255
71.0563
68.8899
66.756
64.6542
62.5846
60.5469
58.5409
56.5664
54.6232
52.7109
50.8293
48.9779
47.1563
45.3643
43.6013
41.8668
40.1605
38.4816
36.8298
35.2043
33.6048
32.0304
30.4806
28.9547
27.4521
25.972
24.5139
23.0768
21.6603
20.2636
18.8861
17.5272
16.1865
14.8638
13.559
12.2729
11.0068
9.7633
8.54692
7.36453
6.22591
5.14321
4.13229
3.23159
2.4566
73.0089
139.02
149.735
148.082
145.656
142.937
140.082
137.237
134.418
131.621
128.842
126.083
123.346
120.632
117.943
115.279
112.639
110.024
107.433
104.866
102.324
99.8077
97.3166
94.8516
92.4133
90.0024
87.6193
85.2647
82.9388
80.6423
78.3753
76.1383
73.9315
71.7551
69.6093
67.4944
65.4103
63.3572
61.3351
59.3439
57.3838
55.4545
53.556
51.6881
49.8507
48.0436
46.2665
44.5191
42.8011
41.1122
39.452
37.8201
36.2161
34.6394
33.0896
31.5662
30.0685
28.5961
27.1482
25.7242
24.3236
22.9455
21.5894
20.2546
18.9404
17.6462
16.3714
15.1156
13.8784
12.6599
11.4604
10.2809
9.12353
7.99168
6.89098
5.82986
4.82031
3.88556
3.08269
2.47241
69.134
158.798
168.138
159.992
152.118
145.665
140.365
135.945
132.127
128.708
125.558
122.594
119.759
117.018
114.345
111.724
109.145
106.599
104.083
101.594
99.1309
96.6922
94.278
91.8885
89.5241
87.185
84.8719
82.5853
80.3255
78.093
75.8884
73.7119
71.564
69.445
67.3551
65.2946
63.2638
61.2627
59.2916
57.3505
55.4395
53.5586
51.7079
49.8872
48.0964
46.3356
44.6044
42.9027
41.2303
39.5869
37.9722
36.3858
34.8274
33.2966
31.7929
30.3157
28.8647
27.4393
26.0388
24.6627
23.3104
21.9812
20.6744
19.3894
18.1255
16.8822
15.6587
14.4547
13.2697
12.1036
10.9566
9.82932
8.72353
7.64226
6.59091
5.5785
4.61971
3.74392
3.00872
2.4543
67.685
167.246
176.822
166.295
156.041
147.728
141.091
135.754
131.325
127.511
124.115
121.004
118.092
115.317
112.639
110.032
107.477
104.963
102.482
100.031
97.6056
95.2053
92.8291
90.4769
88.1489
85.8454
83.5669
81.3137
79.0863
76.8854
74.7112
72.5643
70.4451
68.3539
66.291
64.2569
62.2517
60.2756
58.3289
56.4118
54.5242
52.6664
50.8382
49.0399
47.2712
45.5322
43.8226
42.1424
40.4914
38.8693
37.2759
35.7108
34.1738
32.6643
31.1821
29.7266
28.2974
26.8939
25.5156
24.1619
22.8322
21.5258
20.2421
18.9805
17.7402
16.5207
15.3214
14.1416
12.9811
11.8395
10.7169
9.61401
8.53224
7.47459
6.44662
5.45789
4.52448
3.67768
2.9727
2.43907
67.685
167.246
176.822
166.295
156.041
147.728
141.091
135.754
131.325
127.511
124.115
121.004
118.092
115.317
112.639
110.032
107.477
104.963
102.482
100.031
97.6056
95.2053
92.8291
90.4769
88.1489
85.8454
83.5669
81.3137
79.0863
76.8854
74.7112
72.5643
70.4451
68.3539
66.291
64.2569
62.2517
60.2756
58.3289
56.4118
54.5242
52.6664
50.8382
49.0399
47.2712
45.5322
43.8226
42.1424
40.4914
38.8693
37.2759
35.7108
34.1738
32.6643
31.1821
29.7266
28.2974
26.8939
25.5156
24.1619
22.8322
21.5258
20.2421
18.9805
17.7402
16.5207
15.3214
14.1416
12.9811
11.8395
10.7169
9.61401
8.53224
7.47459
6.44662
5.45789
4.52448
3.67768
2.9727
2.43907
69.134
158.798
168.138
159.992
152.118
145.665
140.365
135.945
132.127
128.708
125.558
122.594
119.759
117.018
114.345
111.724
109.145
106.599
104.083
101.594
99.1309
96.6922
94.278
91.8885
89.5241
87.185
84.8719
82.5853
80.3255
78.093
75.8884
73.7119
71.564
69.445
67.3551
65.2946
63.2638
61.2627
59.2916
57.3505
55.4395
53.5586
51.7079
49.8872
48.0964
46.3356
44.6044
42.9027
41.2303
39.5869
37.9722
36.3858
34.8274
33.2966
31.7929
30.3157
28.8647
27.4393
26.0388
24.6627
23.3104
21.9812
20.6744
19.3894
18.1255
16.8822
15.6587
14.4547
13.2697
12.1036
10.9566
9.82932
8.72353
7.64226
6.59091
5.5785
4.61971
3.74392
3.00872
2.4543
73.0089
139.02
149.735
148.082
145.656
142.937
140.082
137.237
134.418
131.621
128.842
126.083
123.346
120.632
117.943
115.279
112.639
110.024
107.433
104.866
102.324
99.8077
97.3166
94.8516
92.4133
90.0024
87.6193
85.2647
82.9388
80.6423
78.3753
76.1383
73.9315
71.7551
69.6093
67.4944
65.4103
63.3572
61.3351
59.3439
57.3838
55.4545
53.556
51.6881
49.8507
48.0436
46.2665
44.5191
42.8011
41.1122
39.452
37.8201
36.2161
34.6394
33.0896
31.5662
30.0685
28.5961
27.1482
25.7242
24.3236
22.9455
21.5894
20.2546
18.9404
17.6462
16.3714
15.1156
13.8784
12.6599
11.4604
10.2809
9.12353
7.99168
6.89098
5.82986
4.82031
3.88556
3.08269
2.4724
89.7828
106.218
129.043
138.363
142.262
143.306
142.773
141.348
139.381
137.07
134.545
131.893
129.17
126.415
123.65
120.89
118.143
115.415
112.708
110.025
107.367
104.735
102.131
99.5556
97.0091
94.4924
92.0061
89.5508
87.1268
84.7345
82.3741
80.0458
77.7498
75.4862
73.255
71.0563
68.8899
66.756
64.6542
62.5846
60.5469
58.5409
56.5664
54.6232
52.7109
50.8293
48.9779
47.1563
45.3643
43.6013
41.8668
40.1605
38.4816
36.8298
35.2043
33.6048
32.0304
30.4806
28.9547
27.4521
25.972
24.5139
23.0768
21.6603
20.2636
18.8861
17.5272
16.1865
14.8638
13.559
12.2729
11.0068
9.7633
8.54692
7.36453
6.22591
5.14321
4.13229
3.2316
2.4566
166.539
142.654
144.449
142.6
142.097
142.262
142.313
141.92
140.95
139.415
137.402
135.025
132.39
129.588
126.685
123.733
120.765
117.804
114.865
111.955
109.081
106.246
103.45
100.695
97.9816
95.3089
92.6772
90.0865
87.5365
85.027
82.558
80.1291
77.7401
75.3908
73.0809
70.8101
68.578
66.3843
64.2286
62.1105
60.0295
57.9852
55.9771
54.0047
52.0674
50.1647
48.296
46.4606
44.6581
42.8876
41.1486
39.4404
37.7623
36.1134
34.4932
32.9007
31.3354
29.7962
28.2825
26.7934
25.328
23.8855
22.4651
21.0659
19.6869
18.3274
16.9865
15.6635
14.3579
13.0692
11.7975
10.5437
9.3098
8.09942
6.91885
5.77723
4.68572
3.65353
2.68032
1.68427
127.935
171.956
172.957
163.867
157.445
152.903
149.29
146.172
143.243
140.332
137.367
134.334
131.243
128.117
124.977
121.843
118.729
115.646
112.6
109.596
106.637
103.724
100.86
98.0425
95.2732
92.5516
89.8776
87.2507
84.6707
82.1371
79.6497
77.2079
74.8114
72.4596
70.1522
67.8885
65.6681
63.4904
61.3549
59.261
57.2081
55.1954
53.2225
51.2886
49.3931
47.5352
45.7143
43.9295
42.1802
40.4656
38.785
37.1374
35.5221
33.9383
32.3851
30.8616
29.3671
27.9005
26.461
25.0477
23.6597
22.296
20.9557
19.6378
18.3414
17.0657
15.8096
14.5725
13.3536
12.1525
10.9689
9.80333
8.65691
7.5322
6.43359
5.36787
4.34468
3.37869
2.48766
1.65983
110.15
184.455
190.584
179.159
169.104
161.397
155.284
150.246
145.872
141.892
138.15
134.557
131.066
127.65
124.298
121.003
117.764
114.578
111.446
108.368
105.343
102.371
99.4524
96.5866
93.7734
91.0124
88.3031
85.6452
83.0382
80.4817
77.975
75.5178
73.1093
70.7491
68.4364
66.1708
63.9516
61.778
59.6494
57.5651
55.5244
53.5266
51.5708
49.6565
47.7827
45.9486
44.1536
42.3967
40.6771
38.994
37.3465
35.7338
34.1549
32.609
31.0951
29.6124
28.1598
26.7365
25.3414
23.9737
22.6322
21.3162
20.0244
18.756
17.51
16.2855
15.0813
13.8968
12.731
11.5834
10.4535
9.34131
8.24762
7.17434
6.12541
5.10785
4.13382
3.22435
2.40281
1.65406
103.052
190.161
198.372
186.103
174.668
165.641
158.404
152.456
147.369
142.844
138.694
134.8
131.089
127.513
124.043
120.66
117.352
114.112
110.935
107.819
104.761
101.759
98.8137
95.9237
93.0886
90.3078
87.5808
84.9071
82.2863
79.7178
77.2009
74.7353
72.3201
69.9549
67.6388
65.3713
63.1516
60.979
58.8528
56.7722
54.7365
52.7449
50.7965
48.8906
47.0264
45.203
43.4195
41.6752
39.9691
38.3003
36.6681
35.0713
33.5092
31.9808
30.4852
29.0214
27.5883
26.1852
24.8109
23.4645
22.1449
20.8512
19.5823
18.3372
17.115
15.9145
14.7349
13.5751
12.4344
11.312
10.2073
9.12012
8.0511
7.00197
5.97667
4.98275
4.03386
3.15366
2.366
1.65056
103.052
190.161
198.372
186.103
174.668
165.641
158.404
152.456
147.369
142.844
138.694
134.8
131.089
127.513
124.043
120.66
117.352
114.112
110.935
107.819
104.761
101.759
98.8137
95.9237
93.0886
90.3078
87.5808
84.9071
82.2863
79.7178
77.2009
74.7353
72.3201
69.9549
67.6388
65.3713
63.1516
60.979
58.8528
56.7722
54.7365
52.7449
50.7965
48.8906
47.0264
45.203
43.4195
41.6752
39.9691
38.3003
36.6681
35.0713
33.5092
31.9808
30.4852
29.0214
27.5883
26.1852
24.8109
23.4645
22.1449
20.8512
19.5823
18.3372
17.115
15.9145
14.7349
13.5751
12.4344
11.312
10.2073
9.12012
8.0511
7.00197
5.97667
4.98275
4.03386
3.15366
2.366
1.65056
110.15
184.455
190.584
179.159
169.104
161.397
155.284
150.246
145.872
141.892
138.15
134.557
131.066
127.65
124.298
121.003
117.764
114.578
111.446
108.368
105.343
102.371
99.4524
96.5866
93.7734
91.0124
88.3031
85.6452
83.0382
80.4817
77.975
75.5178
73.1093
70.7491
68.4364
66.1708
63.9516
61.778
59.6494
57.5651
55.5244
53.5266
51.5708
49.6565
47.7827
45.9486
44.1536
42.3967
40.6771
38.994
37.3465
35.7338
34.1549
32.609
31.0951
29.6124
28.1598
26.7365
25.3414
23.9737
22.6322
21.3162
20.0244
18.756
17.51
16.2855
15.0813
13.8968
12.731
11.5834
10.4535
9.34131
8.24762
7.17434
6.12541
5.10785
4.13382
3.22435
2.40281
1.65406
127.935
171.956
172.957
163.867
157.445
152.903
149.29
146.172
143.243
140.332
137.367
134.334
131.243
128.117
124.977
121.843
118.729
115.646
112.6
109.596
106.637
103.724
100.86
98.0425
95.2732
92.5516
89.8776
87.2507
84.6707
82.1371
79.6497
77.2079
74.8114
72.4596
70.1522
67.8885
65.6681
63.4904
61.3549
59.261
57.2081
55.1954
53.2225
51.2886
49.3931
47.5352
45.7143
43.9295
42.1802
40.4656
38.785
37.1374
35.5221
33.9383
32.3851
30.8616
29.3671
27.9005
26.461
25.0477
23.6597
22.296
20.9557
19.6378
18.3414
17.0657
15.8096
14.5725
13.3536
12.1525
10.9689
9.80333
8.65691
7.5322
6.43359
5.36787
4.34468
3.37869
2.48766
1.65983
166.539
142.654
144.449
142.6
142.097
142.262
142.313
141.92
140.95
139.415
137.402
135.025
132.39
129.588
126.685
123.733
120.765
117.804
114.865
111.955
109.081
106.246
103.45
100.695
97.9816
95.3089
92.6772
90.0865
87.5365
85.027
82.558
80.1291
77.7401
75.3908
73.0809
70.8101
68.578
66.3843
64.2286
62.1105
60.0295
57.9852
55.9771
54.0047
52.0674
50.1647
48.296
46.4606
44.6581
42.8876
41.1486
39.4404
37.7623
36.1134
34.4932
32.9007
31.3354
29.7962
28.2825
26.7934
25.328
23.8855
22.4651
21.0659
19.6869
18.3274
16.9865
15.6635
14.3579
13.0692
11.7975
10.5437
9.3098
8.09942
6.91885
5.77723
4.68572
3.65353
2.68032
1.68427
392.852
369.785
370.117
360.306
352.666
346.904
341.403
335.56
329.167
322.217
314.809
307.072
299.126
291.07
282.979
274.907
266.889
258.951
251.108
243.369
235.741
228.227
220.83
213.552
206.393
199.355
192.438
185.643
178.972
172.424
166
159.7
153.526
147.478
141.556
135.761
130.092
124.551
119.137
113.851
108.692
103.661
98.7582
93.9832
89.3361
84.8168
80.4251
76.161
72.0242
68.0144
64.1313
60.3746
56.7439
53.2385
49.858
46.6018
43.469
40.4588
37.5703
34.8024
32.1538
29.6232
27.2088
24.9089
22.7213
20.6435
18.6729
16.8061
15.0396
13.3691
11.7901
10.2973
8.88527
7.54841
6.28185
5.08277
3.95302
2.90161
1.93417
0.973266
321.504
397.527
402.684
385.458
371.732
361.202
351.844
343.049
334.502
326.03
317.565
309.1
300.649
292.235
283.881
275.604
267.42
259.337
251.365
243.506
235.766
228.147
220.649
213.276
206.027
198.903
191.906
185.036
178.294
171.68
165.195
158.838
152.612
146.515
140.548
134.712
129.006
123.43
117.986
112.672
107.49
102.438
97.5164
92.7258
88.0658
83.5361
79.1365
74.8669
70.7268
66.7161
62.8343
59.0811
55.456
51.9584
48.5879
45.3438
42.2253
39.2318
36.3622
33.6157
30.991
28.4869
26.1019
23.8344
21.6823
19.6436
17.7156
15.8954
14.1797
12.5644
11.0452
9.61693
8.2741
7.01079
5.82124
4.70083
3.64853
2.67059
1.77366
0.934462
287.852
395.45
414.731
400.049
384.37
371.323
359.703
349.03
339.002
329.403
320.105
311.033
302.145
293.415
284.827
276.373
268.048
259.85
251.777
243.829
236.008
228.312
220.744
213.302
205.99
198.806
191.752
184.829
178.036
171.375
164.846
158.449
152.184
146.051
140.052
134.186
128.452
122.852
117.384
112.05
106.848
101.78
96.8436
92.0401
87.3689
82.8298
78.4224
74.1466
70.0018
65.9879
62.1043
58.3507
54.7266
51.2314
47.8645
44.6254
41.5134
38.5276
35.6672
32.9313
30.3187
27.8284
25.4588
23.2085
21.0757
19.0582
17.1537
15.3595
13.6723
12.0883
10.6033
9.21206
7.90901
6.68785
5.54216
4.46663
3.4601
2.53116
1.69363
0.946662
275.653
394.581
418.776
405.512
389.687
375.975
363.538
352.076
341.367
331.217
321.492
312.099
302.973
294.068
285.35
276.797
268.396
260.136
252.011
244.018
236.156
228.422
220.819
213.345
206.001
198.788
191.706
184.757
177.94
171.255
164.705
158.287
152.004
145.854
139.838
133.957
128.21
122.597
117.118
111.773
106.563
101.486
96.5423
91.7323
87.0555
82.5115
78.1001
73.8209
69.6736
65.6578
61.773
58.0189
54.3948
50.9004
47.5349
44.2978
41.1883
38.2057
35.3492
32.6179
30.0106
27.5262
25.1634
22.9207
20.7963
18.7883
16.8943
15.1117
13.4373
11.8675
10.3979
9.02354
7.73853
6.53646
5.41068
4.35575
3.37096
2.46663
1.66007
0.956795
275.653
394.581
418.776
405.512
389.687
375.975
363.538
352.076
341.367
331.217
321.492
312.099
302.973
294.068
285.35
276.797
268.396
260.136
252.011
244.018
236.156
228.422
220.819
213.345
206.001
198.788
191.706
184.757
177.94
171.255
164.705
158.287
152.004
145.854
139.838
133.957
128.21
122.597
117.118
111.773
106.563
101.486
96.5423
91.7323
87.0555
82.5115
78.1001
73.8209
69.6736
65.6578
61.773
58.0189
54.3948
50.9004
47.5349
44.2978
41.1883
38.2057
35.3492
32.6179
30.0106
27.5262
25.1634
22.9207
20.7963
18.7883
16.8943
15.1117
13.4373
11.8675
10.3979
9.02354
7.73853
6.53646
5.41068
4.35575
3.37096
2.46663
1.66007
0.956795
287.852
395.45
414.731
400.049
384.37
371.323
359.703
349.03
339.002
329.403
320.105
311.033
302.145
293.415
284.827
276.373
268.048
259.85
251.777
243.829
236.008
228.312
220.744
213.302
205.99
198.806
191.752
184.829
178.036
171.375
164.846
158.449
152.184
146.051
140.052
134.186
128.452
122.852
117.384
112.05
106.848
101.78
96.8436
92.0401
87.3689
82.8298
78.4224
74.1466
70.0018
65.9879
62.1044
58.3507
54.7266
51.2314
47.8645
44.6254
41.5134
38.5276
35.6672
32.9313
30.3187
27.8284
25.4588
23.2085
21.0757
19.0582
17.1537
15.3595
13.6723
12.0883
10.6033
9.21206
7.90901
6.68785
5.54216
4.46663
3.4601
2.53116
1.69363
0.946663
321.504
397.527
402.684
385.458
371.732
361.202
351.844
343.049
334.502
326.03
317.565
309.1
300.649
292.235
283.881
275.604
267.42
259.337
251.365
243.506
235.766
228.147
220.649
213.276
206.027
198.903
191.906
185.036
178.294
171.68
165.195
158.838
152.612
146.515
140.548
134.712
129.006
123.43
117.986
112.672
107.49
102.438
97.5164
92.7258
88.0658
83.5361
79.1365
74.8669
70.7268
66.7161
62.8343
59.0811
55.456
51.9584
48.5879
45.3438
42.2253
39.2318
36.3622
33.6157
30.991
28.4869
26.1019
23.8344
21.6823
19.6436
17.7156
15.8954
14.1797
12.5644
11.0452
9.61693
8.2741
7.01079
5.82124
4.70083
3.64853
2.67059
1.77366
0.934462
392.852
369.785
370.117
360.306
352.666
346.904
341.403
335.56
329.167
322.217
314.809
307.072
299.126
291.07
282.979
274.907
266.889
258.951
251.108
243.369
235.741
228.227
220.83
213.552
206.393
199.355
192.438
185.643
178.972
172.424
166
159.7
153.526
147.478
141.556
135.761
130.092
124.551
119.137
113.851
108.692
103.661
98.7582
93.9832
89.3361
84.8168
80.4251
76.161
72.0242
68.0144
64.1313
60.3746
56.7439
53.2385
49.858
46.6018
43.469
40.4588
37.5703
34.8024
32.1538
29.6232
27.2088
24.9089
22.7213
20.6435
18.6729
16.8061
15.0396
13.3691
11.7901
10.2973
8.88527
7.54841
6.28185
5.08277
3.95302
2.90161
1.93417
0.973265
641.503
605.922
593.633
576.987
566.58
558.066
548.754
538.299
526.848
514.64
501.918
488.887
475.705
462.485
449.306
436.219
423.259
410.447
397.796
385.315
373.01
360.885
348.941
337.183
325.611
314.227
303.033
292.031
281.221
270.607
260.188
249.966
239.943
230.119
220.496
211.075
201.856
192.841
184.03
175.424
167.024
158.83
150.843
143.063
135.492
128.129
120.975
114.031
107.295
100.77
94.4548
88.3498
82.4553
76.7713
71.298
66.0354
60.9834
56.1421
51.5114
47.091
42.8807
38.8804
35.0895
31.5076
28.1341
24.9681
22.0086
19.2542
16.7029
14.3522
12.1986
10.2369
8.46045
6.85974
5.42228
4.13285
2.97701
1.95123
1.08054
0.398596
547.976
640.817
633.799
607.468
589.637
575.326
561.321
547.324
533.343
519.385
505.477
491.65
477.93
464.339
450.893
437.604
424.481
411.529
398.754
386.158
373.745
361.517
349.476
337.625
325.964
314.497
303.223
292.146
281.267
270.586
260.105
249.825
239.748
229.874
220.204
210.739
201.481
192.428
183.583
174.946
166.518
158.298
150.288
142.487
134.897
127.518
120.349
113.391
106.645
100.11
93.7865
87.6749
81.7752
76.0873
70.6113
65.3471
60.2948
55.4541
50.8251
46.4074
42.201
38.2054
34.4204
30.8456
27.4804
24.3242
21.3762
18.6353
16.1002
13.7688
11.6387
9.70606
7.96587
6.41072
5.03039
3.81144
2.7387
1.80077
1.00289
0.382963
512.583
634.136
644.492
622.431
603.497
586.936
570.557
554.449
538.764
523.51
508.65
494.139
479.935
466
452.306
438.834
425.568
412.501
399.628
386.945
374.453
362.151
350.041
338.124
326.401
314.874
303.545
292.414
281.484
270.756
260.231
249.909
239.793
229.882
220.178
210.681
201.393
192.313
183.442
174.782
166.331
158.092
150.063
142.246
134.641
127.248
120.067
113.098
106.342
99.7982
93.4672
87.349
81.4436
75.7509
70.2709
65.0036
59.9488
55.1065
50.4764
46.0583
41.8521
37.8574
34.074
30.5014
27.1392
23.9868
21.0437
18.3088
15.7813
13.4595
11.3415
9.42447
7.70397
6.17349
4.82324
3.63925
2.60427
1.70383
0.946741
0.403441
501.865
631.053
646.942
627.214
608.893
592.069
574.98
558.044
541.598
525.713
510.364
495.488
481.016
466.887
453.052
439.475
426.13
413.001
400.075
387.347
374.815
362.476
350.331
338.381
326.627
315.071
303.715
292.558
281.603
270.852
260.305
249.963
239.827
229.898
220.177
210.665
201.362
192.269
183.386
174.714
166.253
158.004
149.967
142.142
134.529
127.13
119.943
112.969
106.208
99.66
93.3255
87.2042
81.2962
75.6013
70.1196
64.8509
59.795
54.9519
50.3214
45.9033
41.6972
37.7031
33.9204
30.3489
26.9881
23.8375
20.8965
18.1645
15.6405
13.3232
11.2109
9.30107
7.58959
6.07016
4.73297
3.56365
2.54418
1.65994
0.924157
0.420123
501.865
631.053
646.942
627.214
608.893
592.069
574.98
558.044
541.598
525.713
510.364
495.488
481.016
466.887
453.052
439.475
426.13
413.001
400.075
387.347
374.815
362.476
350.331
338.381
326.627
315.071
303.715
292.558
281.603
270.852
260.305
249.963
239.827
229.898
220.177
210.665
201.362
192.269
183.386
174.714
166.253
158.004
149.967
142.142
134.529
127.13
119.943
112.969
106.208
99.66
93.3255
87.2042
81.2962
75.6013
70.1196
64.8509
59.795
54.9519
50.3214
45.9033
41.6972
37.7031
33.9204
30.3489
26.9881
23.8375
20.8965
18.1645
15.6405
13.3232
11.2109
9.30107
7.58959
6.07016
4.73297
3.56365
2.54418
1.65994
0.924155
0.420121
512.583
634.136
644.492
622.431
603.497
586.936
570.557
554.449
538.764
523.51
508.65
494.139
479.935
466
452.306
438.834
425.568
412.501
399.628
386.945
374.453
362.151
350.041
338.124
326.401
314.874
303.545
292.414
281.484
270.756
260.231
249.909
239.793
229.882
220.178
210.681
201.393
192.313
183.442
174.782
166.331
158.092
150.063
142.246
134.641
127.248
120.067
113.098
106.342
99.7982
93.4672
87.349
81.4436
75.7509
70.2709
65.0036
59.9488
55.1065
50.4764
46.0583
41.8521
37.8574
34.074
30.5014
27.1392
23.9868
21.0437
18.3088
15.7813
13.4595
11.3415
9.42447
7.70397
6.17349
4.82324
3.63925
2.60427
1.70383
0.946739
0.403438
547.976
640.817
633.799
607.468
589.637
575.326
561.321
547.324
533.343
519.385
505.477
491.65
477.93
464.339
450.893
437.604
424.481
411.529
398.754
386.158
373.745
361.517
349.476
337.625
325.964
314.497
303.223
292.146
281.267
270.586
260.105
249.825
239.748
229.874
220.204
210.739
201.481
192.428
183.583
174.946
166.518
158.298
150.288
142.487
134.897
127.518
120.349
113.391
106.645
100.11
93.7865
87.6749
81.7752
76.0873
70.6113
65.3471
60.2948
55.4541
50.8251
46.4074
42.201
38.2054
34.4204
30.8456
27.4804
24.3242
21.3762
18.6353
16.1002
13.7688
11.6387
9.70606
7.96587
6.41072
5.03039
3.81144
2.7387
1.80077
1.00289
0.382963
641.503
605.922
593.633
576.987
566.58
558.066
548.754
538.299
526.848
514.64
501.918
488.887
475.705
462.485
449.306
436.219
423.259
410.447
397.796
385.315
373.01
360.885
348.941
337.183
325.611
314.227
303.033
292.031
281.221
270.607
260.188
249.966
239.943
230.119
220.496
211.075
201.856
192.841
184.03
175.424
167.024
158.83
150.843
143.063
135.492
128.129
120.975
114.031
107.295
100.77
94.4548
88.3498
82.4553
76.7713
71.298
66.0354
60.9834
56.1421
51.5114
47.091
42.8807
38.8804
35.0895
31.5076
28.1341
24.9681
22.0086
19.2542
16.7029
14.3522
12.1986
10.2369
8.46045
6.85974
5.42228
4.13285
2.97701
1.95123
1.08054
0.398591
951.776
815.387
803.572
794.023
783.917
772.048
757.916
742.057
725.042
707.318
689.206
670.929
652.633
634.414
616.331
598.421
580.708
563.207
545.927
528.876
512.057
495.474
479.132
463.032
447.178
431.572
416.217
401.114
386.267
371.678
357.348
343.281
329.477
315.939
302.668
289.667
276.937
264.479
252.295
240.387
228.756
217.404
206.331
195.539
185.029
174.802
164.859
155.202
145.83
136.746
127.95
119.442
111.224
103.295
95.658
88.3119
81.2577
74.4959
68.0269
61.8511
55.9689
50.3806
45.0865
40.0867
35.3814
30.9707
26.8546
23.033
19.5057
16.2725
13.3327
10.6858
8.33089
6.26724
4.49453
3.01347
1.82695
0.940256
0.362571
0.09895
859.914
847.549
844.695
826.84
808.99
790.758
771.481
751.756
732.003
712.407
693.044
673.936
655.086
636.489
618.138
600.026
582.152
564.513
547.111
529.946
513.02
496.337
479.898
463.707
447.766
432.078
416.645
401.47
386.554
371.9
357.511
343.387
329.531
315.945
302.63
289.588
276.82
264.328
252.113
240.176
228.52
217.144
206.05
195.24
184.713
174.472
164.517
154.849
145.469
136.377
127.575
119.063
110.841
102.91
95.2718
87.9254
80.8716
74.111
67.6439
61.4706
55.5913
50.0064
44.7159
39.7201
35.019
30.6127
26.5012
22.6845
19.1626
15.9354
13.0031
10.3658
8.02407
5.97932
4.23401
2.79229
1.65985
0.839988
0.324542
0.0712637
838.065
829.631
849.275
840.24
822.99
802.849
781.18
759.256
737.71
716.746
696.381
676.561
657.212
638.263
619.662
601.368
583.354
565.603
548.105
530.856
513.854
497.1
480.594
464.339
448.337
432.591
417.103
401.876
386.912
372.212
357.78
343.616
329.722
316.101
302.753
289.68
276.884
264.366
252.127
240.168
228.491
217.097
205.987
195.161
184.621
174.368
164.402
154.724
145.335
136.236
127.428
118.91
110.683
102.749
95.1074
87.7585
80.703
73.9411
67.4732
61.2995
55.4203
49.8357
44.546
39.5511
34.8512
30.4464
26.3368
22.5223
19.0033
15.7801
12.8531
10.2234
7.89248
5.86247
4.13648
2.71808
1.61024
0.810797
0.305326
0.0629919
834.142
820.505
847.833
843.62
828.135
808.083
785.779
763.021
740.684
719.061
698.184
677.983
658.357
639.21
620.467
602.068
583.976
566.163
548.615
531.322
514.281
497.49
480.951
464.664
448.632
432.858
417.343
402.09
387.101
372.379
357.925
343.741
329.828
316.189
302.825
289.737
276.927
264.396
252.145
240.176
228.489
217.086
205.967
195.134
184.587
174.327
164.356
154.674
145.281
136.178
127.366
118.846
110.617
102.681
95.0375
87.6875
80.6311
73.8686
67.4004
61.2265
55.3474
49.763
44.4736
39.4793
34.7801
30.3761
26.2674
22.4543
18.937
15.7162
12.7925
10.1673
7.84253
5.82054
4.1043
2.69658
1.59857
0.805712
0.302082
0.0614697
834.142
820.505
847.833
843.62
828.135
808.083
785.779
763.021
740.684
719.061
698.184
677.983
658.357
639.21
620.467
602.068
583.976
566.163
548.615
531.322
514.281
497.49
480.951
464.664
448.632
432.858
417.343
402.09
387.101
372.379
357.925
343.741
329.828
316.189
302.825
289.737
276.927
264.396
252.145
240.176
228.489
217.086
205.967
195.134
184.587
174.327
164.356
154.674
145.281
136.178
127.366
118.846
110.617
102.681
95.0375
87.6875
80.6311
73.8686
67.4004
61.2265
55.3474
49.763
44.4736
39.4793
34.7801
30.3761
26.2674
22.4543
18.937
15.7162
12.7925
10.1673
7.84253
5.82054
4.1043
2.69658
1.59857
0.805716
0.302083
0.0614764
838.065
829.631
849.275
840.24
822.99
802.849
781.18
759.256
737.71
716.746
696.381
676.561
657.212
638.263
619.662
601.368
583.354
565.603
548.105
530.856
513.854
497.1
480.594
464.339
448.337
432.591
417.103
401.876
386.912
372.212
357.78
343.616
329.722
316.101
302.753
289.68
276.884
264.366
252.127
240.168
228.491
217.097
205.987
195.161
184.621
174.368
164.402
154.724
145.335
136.236
127.428
118.91
110.683
102.749
95.1074
87.7585
80.703
73.9411
67.4732
61.2995
55.4203
49.8357
44.546
39.5511
34.8512
30.4464
26.3368
22.5223
19.0033
15.7801
12.8531
10.2234
7.89248
5.86247
4.13648
2.71808
1.61024
0.8108
0.305327
0.0629954
859.914
847.549
844.695
826.84
808.99
790.758
771.481
751.756
732.003
712.407
693.044
673.936
655.086
636.489
618.138
600.026
582.152
564.513
547.111
529.946
513.02
496.337
479.898
463.707
447.766
432.078
416.645
401.47
386.554
371.9
357.511
343.387
329.531
315.945
302.63
289.588
276.82
264.328
252.113
240.176
228.52
217.144
206.05
195.24
184.713
174.472
164.517
154.849
145.469
136.377
127.575
119.063
110.841
102.91
95.2718
87.9254
80.8716
74.111
67.6439
61.4706
55.5913
50.0064
44.7159
39.7201
35.019
30.6127
26.5012
22.6845
19.1626
15.9354
13.0031
10.3658
8.02407
5.97932
4.23401
2.79229
1.65985
0.839991
0.324543
0.0712653
951.776
815.387
803.572
794.023
783.917
772.048
757.916
742.057
725.042
707.318
689.206
670.929
652.633
634.414
616.331
598.421
580.708
563.207
545.927
528.876
512.057
495.474
479.132
463.032
447.178
431.572
416.217
401.114
386.267
371.678
357.348
343.281
329.477
315.939
302.668
289.667
276.937
264.479
252.295
240.387
228.756
217.404
206.331
195.539
185.029
174.802
164.859
155.202
145.83
136.746
127.95
119.442
111.224
103.295
95.658
88.3119
81.2577
74.4959
68.0269
61.8511
55.9689
50.3806
45.0865
40.0867
35.3814
30.9707
26.8546
23.033
19.5057
16.2725
13.3327
10.6858
8.33089
6.26724
4.49453
3.01347
1.82695
0.940257
0.362569
0.0989571
)
;

boundaryField
{
    left
    {
        type            calculated;
        value           nonuniform List<scalar> 
64
(
1238.38
1042.52
1026.55
1029.31
1029.31
1026.55
1042.52
1238.38
668.018
487.512
439.959
426.825
426.825
439.959
487.512
668.018
350.648
234.443
189.486
173.123
173.123
189.486
234.443
350.648
124.732
77.2505
70.4928
68.9489
68.9489
70.4928
77.2505
124.732
207.312
125.492
95.5893
83.2994
83.2994
95.5893
125.492
207.312
430.189
280.422
216.874
192.201
192.201
216.874
280.422
430.189
682.725
490.388
434.494
419.548
419.548
434.494
490.388
682.725
1073.4
889.241
874.881
879.82
879.82
874.881
889.241
1073.4
)
;
    }
    right
    {
        type            calculated;
        value           nonuniform List<scalar> 
64
(
4.07685
4.09826
4.08348
4.06865
4.06865
4.08348
4.09826
4.07685
3.76822
3.81584
3.78391
3.76032
3.76032
3.78392
3.81584
3.76821
3.16045
3.23287
3.20482
3.18084
3.18084
3.20482
3.23287
3.16045
2.32593
2.39239
2.37635
2.36087
2.36087
2.37635
2.39239
2.32593
1.4469
1.48459
1.4936
1.49559
1.49559
1.4936
1.48459
1.4469
0.69754
0.713657
0.762492
0.788577
0.788578
0.762492
0.713657
0.69754
0.201117
0.208163
0.27379
0.308567
0.308565
0.273787
0.208162
0.20111
0.0769835
0.0131313
0.0154902
0.00909955
0.00910473
0.0154753
0.0131117
0.0769989
)
;
    }
    back
    {
        type            calculated;
        value           nonuniform List<scalar> 
640
(
1151.26
694.888
365.399
108.293
193.055
434.396
694.971
1004.13
956.231
641.016
348.066
97.4611
132.791
354.13
583.383
792.248
926.528
643.139
369.142
121.183
130.927
352.458
570.828
779.241
909.864
634.121
373.609
134.56
131.967
347.196
560.747
776.182
896.626
624.132
371.262
141.045
134.279
342.838
554.601
770.77
882.199
613.807
366.294
143.712
136.819
339.568
549.229
762.426
865.347
602.378
359.931
144.235
138.761
336.068
542.396
751.046
846.293
589.754
352.7
143.488
139.779
331.747
533.78
737.212
825.575
576.114
344.87
141.94
139.82
326.457
523.627
721.61
803.729
561.715
336.624
139.875
138.99
320.283
512.306
704.835
781.209
546.811
328.108
137.481
137.464
313.41
500.179
687.35
758.362
531.622
319.442
134.884
135.419
306.039
487.544
669.483
735.439
516.315
310.716
132.17
133.015
298.346
474.628
651.458
712.617
501.016
301.995
129.393
130.374
290.468
461.591
633.42
690.015
485.81
293.324
126.589
127.591
282.509
448.543
615.465
667.709
470.757
284.732
123.779
124.73
274.539
435.555
597.65
645.751
455.895
276.237
120.977
121.834
266.606
422.675
580.013
624.171
441.249
267.854
118.19
118.934
258.74
409.931
562.577
602.987
426.836
259.589
115.422
116.047
250.963
397.342
545.355
582.209
412.665
251.449
112.679
113.184
243.284
384.918
528.356
561.841
398.744
243.437
109.96
110.352
235.713
372.666
511.588
541.887
385.076
235.556
107.269
107.553
228.253
360.591
495.053
522.345
371.664
227.807
104.606
104.791
220.907
348.696
478.757
503.214
358.508
220.194
101.973
102.066
213.677
336.983
462.7
484.492
345.61
212.716
99.3698
99.3788
206.564
325.455
446.888
466.177
332.968
205.375
96.7982
96.7291
199.569
314.113
431.321
448.266
320.585
198.172
94.2583
94.1173
192.693
302.958
416.003
430.756
308.458
191.107
91.7506
91.5431
185.937
291.993
400.936
413.643
296.587
184.18
89.2756
89.0067
179.301
281.219
386.122
396.925
284.972
177.392
86.8336
86.5078
172.787
270.637
371.563
380.598
273.611
170.743
84.4246
84.0465
166.395
260.249
357.263
364.659
262.504
164.233
82.0489
81.6226
160.125
250.056
343.222
349.105
251.65
157.861
79.7065
79.2359
153.978
240.06
329.443
333.932
241.047
151.629
77.3975
76.8864
147.955
230.261
315.929
319.138
230.695
145.535
75.1219
74.5738
142.056
220.661
302.68
304.719
220.592
139.58
72.8795
72.298
136.282
211.262
289.699
290.672
210.737
133.763
70.6704
70.0586
130.633
202.063
276.987
276.994
201.129
128.084
68.4943
67.8555
125.11
193.066
264.546
263.682
191.767
122.543
66.351
65.6884
119.712
184.272
252.378
250.733
182.65
117.138
64.2405
63.5568
114.44
175.681
240.485
238.143
173.775
111.871
62.1624
61.4606
109.294
167.295
228.867
225.91
165.143
106.74
60.1165
59.3992
104.275
159.114
217.526
214.031
156.752
101.744
58.1024
57.3722
99.3819
151.139
206.463
202.503
148.6
96.8843
56.12
55.3793
94.6154
143.37
195.681
191.323
140.686
92.159
54.1687
53.42
89.9755
135.808
185.179
180.489
133.009
87.5679
52.2483
51.4938
85.4621
128.453
174.96
169.998
125.568
83.1104
50.3583
49.6001
81.0751
121.307
165.024
159.847
118.362
78.7857
48.4983
47.7384
76.8144
114.368
155.372
150.033
111.389
74.5932
46.6678
45.9083
72.6797
107.639
146.005
140.555
104.648
70.5321
44.8663
44.1089
68.6709
101.118
136.925
131.41
98.1379
66.6016
43.0933
42.3399
64.7877
94.8069
128.132
122.595
91.8575
62.801
41.3484
40.6005
61.0296
88.7052
119.627
114.109
85.8055
59.1291
39.6309
38.8901
57.3964
82.8132
111.411
105.948
79.9807
55.5852
37.9402
37.208
53.8874
77.1311
103.485
98.1118
74.3821
52.1682
36.2758
35.5535
50.5021
71.659
95.8487
90.5971
69.0084
48.877
34.637
33.9259
47.2399
66.397
88.5034
83.4024
63.8584
45.7103
33.0231
32.3244
44.1
61.3452
81.4495
76.5256
58.931
42.6669
31.4336
30.7484
41.0815
56.5033
74.6877
69.9651
54.225
39.7453
29.8678
29.197
38.1834
51.8715
68.2184
63.7191
49.7392
36.9442
28.3249
27.6695
35.4046
47.4495
62.0421
57.7859
45.4724
34.2617
26.8042
26.165
32.7437
43.237
56.159
52.1641
41.4234
31.696
25.3051
24.6828
30.1994
39.2339
50.5696
46.8522
37.5908
29.2452
23.8269
23.2219
27.7698
35.4396
45.2742
41.849
33.9734
26.9071
22.3688
21.7817
25.4532
31.8538
40.273
37.1534
30.5696
24.6794
20.9302
20.3611
23.2472
28.4756
35.5662
32.7643
27.378
22.5592
19.5104
18.9595
21.1493
25.3041
31.1538
28.6811
24.3967
20.5439
18.109
17.576
19.1566
22.3382
27.0359
24.9034
21.6238
18.6304
16.7254
16.21
17.2659
19.5762
23.2123
21.4309
19.0569
16.8153
15.3594
14.8609
15.4733
17.016
19.6828
18.264
16.6931
15.0951
14.0112
13.5284
13.7746
14.6546
16.4469
15.4036
14.5291
13.4662
12.6814
12.2127
12.1652
12.4881
13.5038
12.8516
12.5603
11.9249
11.3717
10.9149
10.6397
10.5108
10.8525
10.611
10.7813
10.4679
10.0851
9.63726
9.19278
8.71514
8.49121
8.68712
9.18541
9.09244
8.8263
8.38418
7.81903
7.09063
6.41825
7.08745
7.76492
7.79697
7.60306
7.16278
6.51397
5.6237
4.63174
5.82131
6.51322
6.58313
6.42587
5.98341
5.27561
4.29823
3.13063
4.89592
5.42989
5.45908
5.30698
4.85795
4.10715
3.10007
1.91627
4.30602
4.53712
4.45116
4.25817
3.79282
3.01912
2.0298
0.994843
4.0365
3.91901
3.64669
3.30849
2.78014
2.01882
1.12422
0.384422
4.02907
3.72832
3.16329
2.45314
1.70559
1.00473
0.418509
0.120253
)
;
    }
    front
    {
        type            calculated;
        value           nonuniform List<scalar> 
640
(
1151.26
694.888
365.399
108.293
193.055
434.396
694.971
1004.13
956.231
641.016
348.066
97.4611
132.791
354.13
583.383
792.248
926.528
643.139
369.142
121.183
130.927
352.458
570.828
779.241
909.864
634.121
373.609
134.56
131.967
347.196
560.747
776.182
896.626
624.132
371.262
141.045
134.279
342.838
554.601
770.77
882.199
613.807
366.294
143.712
136.819
339.568
549.229
762.426
865.347
602.378
359.931
144.235
138.761
336.068
542.396
751.046
846.293
589.754
352.7
143.488
139.779
331.747
533.78
737.212
825.574
576.114
344.87
141.94
139.82
326.457
523.627
721.61
803.729
561.715
336.624
139.875
138.99
320.283
512.306
704.835
781.209
546.811
328.108
137.481
137.464
313.41
500.179
687.35
758.362
531.622
319.442
134.884
135.419
306.039
487.544
669.483
735.439
516.315
310.716
132.17
133.015
298.346
474.628
651.458
712.617
501.016
301.995
129.393
130.374
290.468
461.591
633.42
690.015
485.81
293.324
126.589
127.591
282.509
448.543
615.465
667.709
470.757
284.732
123.779
124.73
274.539
435.555
597.65
645.751
455.895
276.237
120.977
121.834
266.606
422.675
580.013
624.171
441.249
267.854
118.19
118.934
258.74
409.931
562.577
602.987
426.836
259.589
115.422
116.047
250.963
397.342
545.355
582.209
412.665
251.449
112.679
113.184
243.284
384.918
528.356
561.841
398.744
243.437
109.96
110.352
235.713
372.666
511.588
541.887
385.076
235.556
107.269
107.553
228.253
360.591
495.053
522.345
371.664
227.807
104.606
104.791
220.907
348.696
478.757
503.214
358.508
220.194
101.973
102.066
213.677
336.983
462.7
484.492
345.61
212.716
99.3698
99.3788
206.564
325.455
446.888
466.177
332.968
205.375
96.7982
96.7291
199.569
314.113
431.321
448.266
320.585
198.172
94.2583
94.1173
192.693
302.958
416.003
430.756
308.458
191.107
91.7506
91.5431
185.937
291.993
400.936
413.643
296.587
184.18
89.2756
89.0067
179.301
281.219
386.122
396.925
284.972
177.392
86.8336
86.5078
172.787
270.637
371.563
380.598
273.611
170.743
84.4246
84.0465
166.395
260.249
357.263
364.659
262.504
164.233
82.0489
81.6226
160.125
250.056
343.222
349.105
251.65
157.861
79.7065
79.2359
153.978
240.06
329.443
333.932
241.047
151.629
77.3975
76.8864
147.955
230.261
315.929
319.138
230.695
145.535
75.1219
74.5738
142.056
220.661
302.68
304.719
220.592
139.58
72.8795
72.298
136.282
211.262
289.699
290.672
210.737
133.763
70.6704
70.0586
130.633
202.063
276.987
276.994
201.129
128.084
68.4943
67.8555
125.11
193.066
264.546
263.682
191.767
122.543
66.351
65.6884
119.712
184.272
252.378
250.733
182.65
117.138
64.2405
63.5568
114.44
175.681
240.485
238.143
173.775
111.871
62.1624
61.4606
109.294
167.295
228.867
225.91
165.143
106.74
60.1165
59.3992
104.275
159.114
217.526
214.031
156.752
101.744
58.1024
57.3722
99.3819
151.139
206.463
202.503
148.6
96.8843
56.12
55.3793
94.6154
143.37
195.681
191.323
140.686
92.159
54.1687
53.42
89.9755
135.808
185.179
180.489
133.009
87.5679
52.2483
51.4938
85.4621
128.453
174.96
169.998
125.568
83.1104
50.3583
49.6001
81.0751
121.307
165.024
159.847
118.362
78.7857
48.4983
47.7384
76.8144
114.368
155.372
150.033
111.389
74.5932
46.6678
45.9083
72.6797
107.639
146.005
140.555
104.648
70.5321
44.8663
44.1089
68.6709
101.118
136.925
131.41
98.1379
66.6016
43.0933
42.3399
64.7877
94.8069
128.132
122.595
91.8575
62.801
41.3484
40.6005
61.0296
88.7052
119.627
114.109
85.8055
59.1291
39.6309
38.8901
57.3964
82.8132
111.411
105.948
79.9807
55.5852
37.9402
37.2079
53.8874
77.1311
103.485
98.1118
74.3821
52.1682
36.2758
35.5535
50.5021
71.659
95.8487
90.5971
69.0084
48.877
34.637
33.9259
47.2399
66.397
88.5034
83.4024
63.8584
45.7103
33.0231
32.3244
44.1
61.3452
81.4495
76.5256
58.931
42.6669
31.4336
30.7484
41.0815
56.5033
74.6877
69.9651
54.225
39.7453
29.8678
29.197
38.1834
51.8715
68.2184
63.7191
49.7392
36.9442
28.3249
27.6695
35.4045
47.4495
62.0421
57.7859
45.4724
34.2617
26.8042
26.165
32.7437
43.237
56.159
52.1641
41.4234
31.696
25.3051
24.6828
30.1994
39.2339
50.5696
46.8522
37.5908
29.2452
23.8269
23.2219
27.7698
35.4396
45.2742
41.849
33.9734
26.9071
22.3688
21.7817
25.4532
31.8538
40.273
37.1534
30.5696
24.6794
20.9302
20.3611
23.2472
28.4756
35.5662
32.7643
27.378
22.5592
19.5104
18.9595
21.1493
25.3041
31.1538
28.6811
24.3967
20.5439
18.109
17.576
19.1566
22.3382
27.0359
24.9034
21.6238
18.6304
16.7254
16.21
17.2659
19.5762
23.2123
21.4309
19.0569
16.8153
15.3594
14.8609
15.4733
17.016
19.6828
18.264
16.6931
15.0951
14.0112
13.5284
13.7746
14.6546
16.4469
15.4036
14.5291
13.4662
12.6814
12.2127
12.1652
12.4881
13.5038
12.8516
12.5603
11.9249
11.3717
10.9149
10.6397
10.5108
10.8525
10.611
10.7813
10.4679
10.0851
9.63726
9.19278
8.71514
8.49121
8.68712
9.18541
9.09244
8.8263
8.38418
7.81903
7.09063
6.41825
7.08745
7.76492
7.79697
7.60306
7.16278
6.51397
5.6237
4.63174
5.82131
6.51322
6.58313
6.42587
5.98341
5.27561
4.29823
3.13062
4.89593
5.42988
5.45908
5.30698
4.85795
4.10715
3.10007
1.91627
4.30602
4.53712
4.45115
4.25817
3.79282
3.01913
2.0298
0.994843
4.0365
3.91901
3.64668
3.30849
2.78014
2.01883
1.12423
0.384425
4.02907
3.72832
3.16329
2.45314
1.70559
1.00473
0.418518
0.120239
)
;
    }
    top
    {
        type            calculated;
        value           nonuniform List<scalar> 
640
(
1108.19
1020.81
1008.56
1009.17
1009.17
1008.56
1020.81
1108.19
914.283
944.333
919.853
906.948
906.948
919.853
944.333
914.283
905.971
947.391
948.644
944.987
944.987
948.644
947.391
905.971
901.745
935.808
948.543
951.267
951.267
948.543
935.808
901.745
892.163
918.241
932.415
937.518
937.518
932.415
918.241
892.163
878.747
898.065
910.41
915.742
915.742
910.41
898.065
878.747
862.322
876.179
886.045
890.739
890.739
886.045
876.179
862.322
843.876
853.64
861.206
865.03
865.03
861.206
853.64
843.876
824.187
831.064
836.753
839.747
839.747
836.753
831.064
824.187
803.801
808.718
812.976
815.28
815.28
812.976
808.718
803.801
783.085
786.698
789.913
791.681
791.681
789.913
786.698
783.085
762.271
765.024
767.498
768.869
768.869
767.498
765.024
762.271
741.5
743.683
745.64
746.724
746.724
745.64
743.683
741.5
720.859
722.655
724.252
725.131
725.131
724.252
722.655
720.859
700.4
701.922
703.265
703.998
703.998
703.265
701.922
700.4
680.152
681.469
682.627
683.254
683.254
682.627
681.469
680.152
660.134
661.287
662.305
662.854
662.854
662.305
661.287
660.134
640.357
641.372
642.278
642.765
642.765
642.278
641.372
640.357
620.829
621.72
622.532
622.969
622.969
622.532
621.72
620.829
601.555
602.333
603.062
603.455
603.455
603.062
602.333
601.555
582.539
583.211
583.865
584.22
584.22
583.865
583.211
582.539
563.786
564.357
564.942
565.262
565.262
564.942
564.357
563.786
545.298
545.775
546.294
546.581
546.581
546.294
545.775
545.298
527.079
527.466
527.923
528.179
528.179
527.923
527.466
527.079
509.131
509.434
509.833
510.059
510.059
509.833
509.434
509.131
491.459
491.681
492.025
492.224
492.224
492.025
491.681
491.459
474.064
474.212
474.504
474.677
474.677
474.504
474.212
474.064
456.95
457.028
457.271
457.419
457.419
457.271
457.028
456.95
440.119
440.132
440.329
440.454
440.454
440.329
440.132
440.119
423.574
423.527
423.681
423.785
423.785
423.681
423.527
423.574
407.317
407.214
407.329
407.412
407.412
407.329
407.214
407.317
391.351
391.198
391.275
391.34
391.34
391.275
391.198
391.351
375.679
375.479
375.522
375.569
375.569
375.522
375.479
375.679
360.302
360.059
360.071
360.103
360.103
360.071
360.059
360.302
345.224
344.942
344.925
344.942
344.942
344.925
344.942
345.224
330.446
330.129
330.085
330.089
330.089
330.085
330.129
330.446
315.97
315.622
315.554
315.545
315.545
315.554
315.622
315.97
301.798
301.422
301.333
301.313
301.313
301.333
301.422
301.798
287.933
287.533
287.423
287.393
287.393
287.423
287.533
287.933
274.376
273.954
273.827
273.788
273.788
273.827
273.954
274.376
261.129
260.689
260.546
260.499
260.499
260.546
260.689
261.129
248.195
247.739
247.582
247.527
247.527
247.582
247.739
248.195
235.574
235.105
234.936
234.875
234.875
234.936
235.105
235.574
223.269
222.788
222.609
222.543
222.543
222.609
222.788
223.269
211.281
210.792
210.604
210.532
210.532
210.604
210.792
211.281
199.611
199.116
198.92
198.845
198.845
198.92
199.116
199.611
188.262
187.762
187.56
187.481
187.481
187.56
187.762
188.262
177.234
176.732
176.525
176.443
176.443
176.525
176.732
177.234
166.529
166.026
165.816
165.731
165.731
165.816
166.026
166.529
156.149
155.646
155.433
155.347
155.347
155.433
155.646
156.149
146.094
145.593
145.378
145.291
145.291
145.378
145.593
146.094
136.366
135.868
135.653
135.565
135.565
135.653
135.868
136.366
126.966
126.473
126.257
126.168
126.168
126.257
126.473
126.966
117.895
117.407
117.192
117.103
117.103
117.192
117.407
117.895
109.154
108.672
108.459
108.37
108.37
108.459
108.672
109.154
100.744
100.269
100.057
99.9698
99.9698
100.057
100.269
100.744
92.6652
92.1987
91.9894
91.9025
91.9025
91.9894
92.1987
92.6652
84.9196
84.4614
84.255
84.1692
84.1692
84.255
84.4614
84.9196
77.5073
77.058
76.8549
76.7704
76.7704
76.8549
77.058
77.5073
70.4291
69.9891
69.7896
69.7065
69.7065
69.7896
69.9891
70.4291
63.6856
63.2551
63.0595
62.978
62.978
63.0595
63.2551
63.6856
57.2773
56.8566
56.6651
56.5853
56.5853
56.6651
56.8566
57.2773
51.205
50.7941
50.6068
50.5289
50.5289
50.6068
50.7941
51.205
45.4689
45.0679
44.8849
44.8089
44.8089
44.8849
45.0679
45.4689
40.0693
39.6782
39.4997
39.4256
39.4256
39.4997
39.6782
40.0693
35.0066
34.6253
34.4513
34.3794
34.3794
34.4513
34.6253
35.0066
30.2809
29.9093
29.7401
29.6704
29.6704
29.7401
29.9092
30.2809
25.8924
25.5304
25.3663
25.299
25.299
25.3663
25.5304
25.8924
21.841
21.4887
21.3301
21.2657
21.2657
21.3301
21.4887
21.841
18.1268
17.7845
17.6323
17.5714
17.5714
17.6323
17.7845
18.1268
14.7495
14.4181
14.2738
14.2172
14.2172
14.2738
14.4181
14.7495
11.7091
11.3902
11.2559
11.205
11.205
11.2559
11.3902
11.7091
9.00584
8.7024
8.58114
8.53767
8.53767
8.58114
8.7024
9.00584
6.64113
6.35766
6.25341
6.21933
6.21933
6.2534
6.35766
6.64113
4.61843
4.36157
4.27866
4.25581
4.2558
4.27866
4.36157
4.61843
2.94537
2.72375
2.66555
2.65475
2.65475
2.66555
2.72374
2.94537
1.63609
1.45922
1.42573
1.42574
1.42574
1.42573
1.45922
1.6361
0.710345
0.586035
0.570855
0.577049
0.577061
0.570869
0.586046
0.710344
0.178116
0.133476
0.119743
0.115268
0.11529
0.119765
0.133473
0.178113
0.0502952
0.0996414
0.12715
0.12278
0.122754
0.12713
0.0996594
0.050306
)
;
    }
    bottom
    {
        type            calculated;
        value           nonuniform List<scalar> 
640
(
1348.61
1242.08
1221.14
1218.24
1218.24
1221.14
1242.08
1348.61
1125.46
1127.28
1101.1
1088.9
1088.9
1101.1
1127.28
1125.46
1089.05
1113.02
1105.64
1099.04
1099.04
1105.64
1113.02
1089.05
1067.23
1089.67
1092.01
1089.98
1089.98
1092.01
1089.67
1067.23
1048.87
1064.87
1069.75
1070.08
1070.08
1069.75
1064.87
1048.87
1029.11
1039.12
1043.42
1044.47
1044.47
1043.42
1039.12
1029.11
1006.92
1012.31
1015.1
1016.02
1016.02
1015.1
1012.31
1006.92
982.675
984.799
986.098
986.59
986.59
986.098
984.799
982.675
956.967
956.936
957.051
957.098
957.098
957.051
956.936
956.967
930.344
928.972
928.253
927.94
927.94
928.253
928.972
930.344
903.239
901.09
899.836
899.271
899.271
899.836
901.09
903.239
875.979
873.426
871.863
871.14
871.14
871.863
873.426
875.979
848.795
846.077
844.362
843.556
843.556
844.362
846.077
848.795
821.847
819.111
817.349
816.512
816.512
817.349
819.111
821.847
795.242
792.576
790.834
789.999
789.999
790.834
792.576
795.242
769.051
766.503
764.821
764.01
764.01
764.821
766.503
769.051
743.316
740.913
739.313
738.538
738.538
739.313
740.913
743.316
718.064
715.817
714.31
713.579
713.579
714.31
715.817
718.064
693.309
691.221
689.811
689.126
689.126
689.811
691.221
693.309
669.058
667.126
665.814
665.176
665.176
665.814
667.126
669.058
645.314
643.533
642.316
641.724
641.724
642.316
643.533
645.314
622.075
620.438
619.313
618.765
618.765
619.313
620.438
622.075
599.338
597.838
596.801
596.296
596.296
596.801
597.838
599.338
577.101
575.73
574.776
574.311
574.311
574.776
575.73
577.101
555.359
554.108
553.233
552.806
552.806
553.233
554.108
555.359
534.107
532.969
532.167
531.777
531.777
532.167
532.969
534.107
513.341
512.308
511.575
511.218
511.218
511.575
512.308
513.341
493.056
492.12
491.451
491.126
491.126
491.451
492.12
493.056
473.246
472.401
471.792
471.496
471.496
471.792
472.401
473.246
453.907
453.145
452.592
452.324
452.324
452.592
453.145
453.907
435.035
434.35
433.848
433.605
433.605
433.848
434.35
435.035
416.624
416.009
415.555
415.336
415.336
415.555
416.009
416.624
398.67
398.119
397.708
397.511
397.511
397.708
398.119
398.67
381.167
380.676
380.305
380.128
380.128
380.305
380.676
381.167
364.112
363.674
363.34
363.182
363.182
363.34
363.674
364.112
347.5
347.11
346.81
346.668
346.668
346.81
347.11
347.5
331.326
330.98
330.711
330.584
330.584
330.711
330.98
331.326
315.586
315.279
315.038
314.925
314.925
315.038
315.279
315.586
300.276
300.003
299.787
299.687
299.687
299.787
300.003
300.276
285.391
285.149
284.956
284.867
284.867
284.956
285.149
285.391
270.927
270.713
270.54
270.461
270.461
270.54
270.713
270.927
256.88
256.69
256.535
256.466
256.466
256.535
256.69
256.88
243.246
243.077
242.938
242.877
242.877
242.938
243.077
243.246
230.022
229.87
229.746
229.692
229.692
229.746
229.87
230.022
217.203
217.066
216.954
216.907
216.907
216.954
217.066
217.203
204.786
204.661
204.56
204.519
204.519
204.56
204.661
204.786
192.768
192.652
192.561
192.524
192.524
192.561
192.652
192.768
181.144
181.036
180.953
180.92
180.92
180.953
181.036
181.144
169.911
169.809
169.732
169.703
169.703
169.732
169.809
169.911
159.066
158.968
158.897
158.87
158.87
158.897
158.968
159.066
148.607
148.511
148.444
148.419
148.419
148.444
148.511
148.607
138.529
138.434
138.37
138.347
138.347
138.37
138.434
138.529
128.829
128.734
128.673
128.652
128.651
128.673
128.734
128.829
119.506
119.409
119.35
119.329
119.329
119.35
119.409
119.506
110.556
110.456
110.398
110.378
110.378
110.398
110.456
110.556
101.976
101.873
101.815
101.795
101.795
101.815
101.873
101.976
93.764
93.6564
93.5979
93.5782
93.5782
93.5979
93.6564
93.764
85.9174
85.8048
85.7456
85.7255
85.7255
85.7456
85.8048
85.9174
78.4338
78.3157
78.2553
78.2346
78.2346
78.2553
78.3157
78.4338
71.3109
71.187
71.1249
71.1035
71.1035
71.1249
71.187
71.3109
64.5468
64.4166
64.3526
64.3303
64.3303
64.3526
64.4165
64.5468
58.1393
58.0026
57.9366
57.9132
57.9132
57.9366
58.0026
58.1393
52.0867
51.9433
51.875
51.8505
51.8505
51.875
51.9433
52.0867
46.3873
46.2372
46.1664
46.1407
46.1407
46.1664
46.2372
46.3873
41.0395
40.8829
40.8096
40.7826
40.7826
40.8096
40.8829
41.0395
36.0422
35.8791
35.8034
35.7752
35.7752
35.8034
35.8791
36.0422
31.3945
31.2252
31.1472
31.1179
31.1179
31.1471
31.2252
31.3945
27.0958
26.9208
26.8408
26.8106
26.8106
26.8408
26.9208
27.0958
23.1462
22.9662
22.8848
22.8542
22.8542
22.8848
22.9662
23.1462
19.5464
19.3625
19.2808
19.2503
19.2503
19.2808
19.3625
19.5464
16.2985
16.1126
16.0322
16.0027
16.0027
16.0322
16.1126
16.2985
13.4067
13.2216
13.1446
13.1175
13.1175
13.1446
13.2216
13.4067
10.8784
10.6981
10.6276
10.6043
10.6043
10.6276
10.6981
10.8784
8.72606
8.55637
8.49573
8.47772
8.47772
8.49573
8.55637
8.72607
6.96905
6.81743
6.76951
6.75752
6.75752
6.7695
6.81743
6.96905
5.63201
5.50574
5.47112
5.46431
5.46432
5.47111
5.50574
5.632
4.73254
4.63466
4.61063
4.60644
4.60644
4.61062
4.63465
4.73253
4.24923
4.17839
4.16219
4.15822
4.15821
4.16219
4.17839
4.24922
4.11473
4.07019
4.06186
4.057
4.057
4.06186
4.0702
4.11473
4.15732
4.1571
4.15667
4.14942
4.14942
4.15668
4.1571
4.15732
)
;
    }
}


// ************************************************************************* //
