/*--------------------------------*- C++ -*----------------------------------*\
| =========                 |                                                 |
| \\      /  F ield         | foam-extend: Open Source CFD                    |
|  \\    /   O peration     | Version:     4.1                                |
|   \\  /    A nd           | Web:         http://www.foam-extend.org         |
|    \\/     M anipulation  |                                                 |
\*---------------------------------------------------------------------------*/
FoamFile
{
    version     2.0;
    format      ascii;
    class       volVectorField;
    location    "0.2";
    object      traction;
}
// * * * * * * * * * * * * * * * * * * * * * * * * * * * * * * * * * * * * * //

dimensions      [1 -1 -2 0 0 0 0];

internalField   uniform (0 0 0);

boundaryField
{
    left
    {
        type            calculated;
        value           nonuniform List<vector> 
64
(
(-1202.09 -165.423 -125.813)
(-1075.09 -143.088 -164.203)
(-1088.26 -77.7211 -191.193)
(-1099.87 -23.919 -202.897)
(-1099.87 23.919 -202.897)
(-1088.26 77.7211 -191.193)
(-1075.09 143.088 -164.203)
(-1202.09 165.423 -125.813)
(-705.306 -117.349 -48.3776)
(-619.517 -102.652 -86.3954)
(-622.445 -53.7433 -104.349)
(-624.92 -16.0314 -111.836)
(-624.92 16.0314 -111.836)
(-622.445 53.7433 -104.349)
(-619.517 102.652 -86.3954)
(-705.306 117.349 -48.3776)
(-376.282 -67.2231 23.6865)
(-335.504 -62.8141 -5.05737)
(-342.058 -32.9787 -9.79541)
(-344.627 -9.69843 -11.5918)
(-344.627 9.69843 -11.5918)
(-342.058 32.9787 -9.79541)
(-335.504 62.8141 -5.05737)
(-376.282 67.2231 23.6865)
(-82.4365 -13.8109 56.7995)
(-83.1824 -11.8912 29.5748)
(-88.091 -5.76395 30.9777)
(-89.6528 -1.56728 32.0376)
(-89.6528 1.56728 32.0376)
(-88.091 5.76395 30.9777)
(-83.1824 11.8912 29.5748)
(-82.4365 13.8109 56.7995)
(192.448 31.5174 59.3309)
(150.456 41.2214 28.8724)
(149.278 23.3549 28.4183)
(149.212 7.13585 28.6325)
(149.212 -7.13585 28.6325)
(149.278 -23.3549 28.4183)
(150.456 -41.2214 28.8724)
(192.448 -31.5174 59.3309)
(456.1 61.0537 34.0394)
(373.494 87.1398 -4.77317)
(375.405 48.9318 -14.9548)
(376.878 14.8303 -19.3027)
(376.878 -14.8303 -19.3027)
(375.405 -48.9318 -14.9548)
(373.494 -87.1398 -4.77317)
(456.1 -61.0537 34.0394)
(714.619 69.0424 -13.9594)
(590.438 117.409 -65.348)
(591.68 66.2136 -89.3878)
(594.066 20.1613 -99.9362)
(594.066 -20.1613 -99.9362)
(591.68 -66.2136 -89.3878)
(590.438 -117.409 -65.348)
(714.619 -69.0424 -13.9594)
(1051.05 52.7375 -11.2746)
(921.786 138.591 -43.0351)
(945.344 80.1733 -54.6457)
(961.08 24.7367 -58.4005)
(961.08 -24.7367 -58.4005)
(945.344 -80.1733 -54.6457)
(921.786 -138.591 -43.0351)
(1051.05 -52.7375 -11.2746)
)
;
    }
    right
    {
        type            calculated;
        value           nonuniform List<vector> 
64
(
(-0.631881 0.00331698 1.47887)
(-0.634124 -0.00130593 1.48412)
(-0.632389 -0.003782 1.48006)
(-0.631591 -0.00176583 1.47819)
(-0.631591 0.00176576 1.47819)
(-0.632389 0.00378201 1.48006)
(-0.634124 0.00130609 1.48412)
(-0.631881 -0.00331696 1.47887)
(-0.583006 -0.00728193 1.36475)
(-0.599857 -0.0176665 1.40415)
(-0.598582 -0.0169226 1.40115)
(-0.597495 -0.0066329 1.39859)
(-0.597496 0.00663265 1.39859)
(-0.598583 0.0169226 1.40115)
(-0.599859 0.0176667 1.40416)
(-0.583006 0.00728211 1.36475)
(-0.481732 -0.0250473 1.12795)
(-0.504712 -0.0480487 1.18168)
(-0.504729 -0.036575 1.18167)
(-0.503978 -0.0131894 1.1799)
(-0.503978 0.0131893 1.1799)
(-0.504729 0.036575 1.18167)
(-0.504712 0.0480487 1.18168)
(-0.481732 0.0250474 1.12795)
(-0.343635 -0.0372902 0.804727)
(-0.361954 -0.0686874 0.847551)
(-0.361322 -0.0497785 0.846033)
(-0.361206 -0.0175559 0.845744)
(-0.361206 0.0175559 0.845744)
(-0.361322 0.0497785 0.846032)
(-0.361954 0.0686874 0.847551)
(-0.343634 0.0372903 0.804726)
(-0.202672 -0.0366037 0.474619)
(-0.208222 -0.0671546 0.487574)
(-0.206359 -0.0485443 0.483187)
(-0.206898 -0.0171901 0.484438)
(-0.206898 0.0171901 0.484437)
(-0.206359 0.0485443 0.483187)
(-0.208221 0.0671547 0.487573)
(-0.202672 0.0366037 0.474619)
(-0.0890285 -0.022848 0.208455)
(-0.0814844 -0.0435612 0.190782)
(-0.0793305 -0.0330536 0.18573)
(-0.0804564 -0.0121452 0.188361)
(-0.0804567 0.0121452 0.188362)
(-0.0793308 0.0330535 0.185731)
(-0.0814843 0.0435613 0.190781)
(-0.0890291 0.0228481 0.208456)
(-0.0260594 -0.00368583 0.0609997)
(-0.0128261 -0.0118928 0.0300237)
(-0.013284 -0.0127236 0.0310944)
(-0.0151507 -0.00545568 0.0354632)
(-0.0151501 0.00545666 0.0354617)
(-0.013283 0.012723 0.0310923)
(-0.0128264 0.0118925 0.0300243)
(-0.0260592 0.00368588 0.0609993)
(-0.00601626 0.00608809 0.0140725)
(0.00193199 0.00139034 -0.004535)
(0.00167647 -0.00191688 -0.00393599)
(0.00125982 -0.00126501 -0.00296086)
(0.00126 0.00126534 -0.00296134)
(0.00167605 0.00191677 -0.00393506)
(0.00192897 -0.00139054 -0.00452798)
(-0.00601646 -0.00608853 0.014073)
)
;
    }
    back
    {
        type            calculated;
        value           nonuniform List<vector> 
640
(
(-53.8407 2.51626 -2.9022)
(-26.8783 1.01535 -0.753856)
(-9.13809 0.226349 0.74278)
(-1.00988 0.00635307 0.137818)
(-4.28206 -0.103619 -1.45467)
(-18.913 -0.793129 -2.43398)
(-43.3511 -2.58076 -1.77307)
(-80.0108 -6.22323 -2.2097)
(-16.0253 0.268024 -0.74086)
(-5.14046 0.0370129 -0.532613)
(-0.770213 -0.00531089 -0.369926)
(0.240026 -0.0106663 -0.435254)
(-0.732903 -0.0151133 -0.456315)
(-3.51905 -0.0416685 -0.402616)
(-9.00931 -0.138886 -0.246185)
(-17.9811 -0.407475 -0.407835)
(-5.97182 0.0332144 -0.520133)
(-0.91085 -0.0115659 -0.618066)
(0.864874 -0.0126378 -0.519713)
(0.808322 -0.0121254 -0.497385)
(0.307322 -0.00996829 -0.397758)
(-0.452894 -0.00715076 -0.265598)
(-2.20002 -0.0108991 -0.170243)
(-4.6897 -0.0275799 -0.158989)
(-2.48488 0.00116282 -0.376111)
(-0.111853 -0.0147938 -0.587134)
(0.969043 -0.0146044 -0.539414)
(1.01459 -0.0136976 -0.51436)
(0.741407 -0.0116407 -0.439813)
(0.324677 -0.00881007 -0.344075)
(-0.443197 -0.00709523 -0.284292)
(-1.19962 -0.00336375 -0.120005)
(-0.683161 -0.0046809 -0.248175)
(0.450766 -0.0149922 -0.524196)
(1.04226 -0.0151743 -0.519061)
(1.13353 -0.0147359 -0.509419)
(1.02475 -0.0130663 -0.451745)
(0.864079 -0.0107028 -0.36724)
(0.679798 -0.00824757 -0.281812)
(0.590687 -0.00209579 -0.0318593)
(0.368293 -0.00438596 -0.131823)
(0.875941 -0.0137054 -0.440565)
(1.13953 -0.0144081 -0.464252)
(1.20816 -0.0147883 -0.478687)
(1.20676 -0.0138743 -0.438948)
(1.24642 -0.012286 -0.358144)
(1.3966 -0.0105224 -0.245554)
(1.66455 -0.00489892 0.0656407)
(0.97885 -0.00272237 -0.0334848)
(1.14526 -0.0119903 -0.358041)
(1.21296 -0.0130995 -0.398247)
(1.24945 -0.0141464 -0.432281)
(1.30949 -0.0139159 -0.406383)
(1.46702 -0.0130303 -0.327081)
(1.77316 -0.0120467 -0.19935)
(2.20537 -0.00732482 0.147495)
(1.32003 -0.00109676 0.0458585)
(1.29906 -0.0103357 -0.284325)
(1.25392 -0.0116598 -0.332642)
(1.26432 -0.0131166 -0.379047)
(1.35441 -0.0133531 -0.361942)
(1.56827 -0.0129463 -0.283825)
(1.93162 -0.012482 -0.151072)
(2.41071 -0.00836684 0.209845)
(1.49655 0.000161665 0.108353)
(1.37437 -0.00888457 -0.220826)
(1.26639 -0.0102674 -0.271975)
(1.25871 -0.0119221 -0.324861)
(1.35955 -0.0124318 -0.312935)
(1.59212 -0.0123119 -0.236679)
(1.96344 -0.0121519 -0.105632)
(2.43459 -0.00839384 0.255826)
(1.57413 0.00105728 0.157141)
(1.39911 -0.00764891 -0.166792)
(1.25767 -0.00899119 -0.217675)
(1.23811 -0.0107036 -0.273139)
(1.33887 -0.0113545 -0.264275)
(1.56999 -0.0113983 -0.190704)
(1.9274 -0.0114201 -0.0651808)
(2.37078 -0.00790652 0.289684)
(1.59328 0.00167237 0.195229)
(1.39265 -0.00659908 -0.120791)
(1.23453 -0.00784924 -0.169782)
(1.20714 -0.00953869 -0.225566)
(1.30244 -0.0102528 -0.218672)
(1.52272 -0.0103915 -0.148378)
(1.85841 -0.0105342 -0.0301356)
(2.26963 -0.00722697 0.314896)
(1.57828 0.00208645 0.225041)
(1.36737 -0.00570123 -0.0814402)
(1.20202 -0.0068391 -0.12783)
(1.1694 -0.00846417 -0.182757)
(1.25704 -0.00919916 -0.177309)
(1.46307 -0.00939672 -0.110575)
(1.77576 -0.00962966 -0.000104225)
(2.15623 -0.00651885 0.333913)
(1.54352 0.00235905 0.248392)
(1.33093 -0.00492741 -0.0476091)
(1.16365 -0.00595062 -0.0912116)
(1.12749 -0.00749284 -0.144727)
(1.20704 -0.00822681 -0.140465)
(1.39839 -0.00846396 -0.0773262)
(1.68943 -0.00876958 0.025566)
(2.04226 -0.00585294 0.348346)
(1.4975 0.00253136 0.266606)
(1.288 -0.00425614 -0.0184174)
(1.12179 -0.0051711 -0.0593122)
(1.08327 -0.00662424 -0.111191)
(1.15513 -0.00734604 -0.107962)
(1.33264 -0.00761177 -0.0482944)
(1.60419 -0.00797737 0.0475152)
(1.93254 -0.00525304 0.359207)
(1.44526 0.00263127 0.280642)
(1.24147 -0.00367106 0.00681441)
(1.07799 -0.00448768 -0.0315671)
(1.03797 -0.00585157 -0.0817403)
(1.10291 -0.00655535 -0.0794327)
(1.26785 -0.0068424 -0.0230361)
(1.52203 -0.00725711 0.0662746)
(1.82859 -0.00472157 0.367113)
(1.38979 0.0026778 0.291206)
(1.19308 -0.00315945 0.0286163)
(1.03332 -0.00388841 -0.00747829)
(0.992446 -0.00516556 -0.0559446)
(1.05126 -0.00584804 -0.0544592)
(1.20492 -0.00615088 -0.00111733)
(1.44353 -0.00660467 0.0822575)
(1.73042 -0.00425258 0.372446)
(1.33292 0.00268419 0.298829)
(1.14394 -0.0027112 0.0474092)
(0.988471 -0.00336266 0.0133835)
(0.947232 -0.00455664 -0.0333988)
(1.00068 -0.00521573 -0.0326454)
(1.14418 -0.0055297 0.0178443)
(1.36867 -0.00601323 0.0957818)
(1.63756 -0.00383784 0.375462)
(1.27576 0.00265992 0.303919)
(1.09478 -0.00231809 0.0635351)
(0.943923 -0.0029012 0.0313843)
(0.902692 -0.0040159 -0.0137429)
(0.951416 -0.0046501 -0.0136401)
(1.0857 -0.00497112 0.0341725)
(1.29722 -0.00547578 0.107098)
(1.54938 -0.00346945 0.376356)
(1.219 0.00261197 0.306804)
(1.04604 -0.0019733 0.0772779)
(0.899998 -0.00249612 0.0468358)
(0.859059 -0.0035354 0.00333511)
(0.903589 -0.00414362 0.00285894)
(1.02942 -0.00446807 0.0481399)
(1.22887 -0.00498608 0.116413)
(1.46535 -0.00314062 0.375296)
(1.16308 0.00254567 0.307751)
(0.998028 -0.0016711 0.088878)
(0.856918 -0.00214065 0.0600043)
(0.816488 -0.00310827 0.0181031)
(0.857258 -0.00368971 0.0171097)
(0.975267 -0.00401441 0.0599786)
(1.16337 -0.00453886 0.123905)
(1.38507 -0.00284582 0.372448)
(1.10829 0.00246516 0.306987)
(0.950961 -0.00140658 0.0985436)
(0.814835 -0.001829 0.0711194)
(0.775079 -0.0027286 0.0307918)
(0.812445 -0.00328271 0.0293344)
(0.923149 -0.00360489 0.0698905)
(1.10053 -0.00412975 0.129735)
(1.30823 -0.00258064 0.367972)
(1.05481 0.00237376 0.304708)
(0.904975 -0.00117552 0.106458)
(0.773855 -0.00155614 0.0803819)
(0.734898 -0.00239126 0.0416024)
(0.769156 -0.00291772 0.0397267)
(0.873 -0.00323503 0.078055)
(1.04019 -0.00375513 0.134054)
(1.23462 -0.00234147 0.362034)
(1.00274 0.00227421 0.301087)
(0.860168 -0.000974193 0.112784)
(0.734048 -0.00131773 0.0879694)
(0.695986 -0.00209179 0.0507122)
(0.72739 -0.00259052 0.0484584)
(0.824766 -0.00290097 0.0846347)
(0.982252 -0.00341193 0.137002)
(1.16409 -0.00212541 0.354796)
(0.952177 0.00216874 0.296281)
(0.816606 -0.000799338 0.117671)
(0.695461 -0.00110991 0.0940414)
(0.65837 -0.00182625 0.0582804)
(0.68714 -0.00229739 0.0556845)
(0.7784 -0.00259934 0.0897791)
(0.926632 -0.00309752 0.138714)
(1.09652 -0.00192997 0.346417)
(0.90315 0.00205927 0.290431)
(0.774331 -0.00064804 0.121255)
(0.658124 -0.000929287 0.098743)
(0.622063 -0.00159116 0.0644511)
(0.648397 -0.002035 0.0615465)
(0.733868 -0.00232713 0.093627)
(0.873268 -0.00280955 0.139317)
(1.03184 -0.00175306 0.337053)
(0.855688 0.00194741 0.28367)
(0.733373 -0.000517689 0.12366)
(0.622054 -0.000772826 0.102207)
(0.58707 -0.00138339 0.0693567)
(0.611147 -0.00180041 0.0661747)
(0.691135 -0.00208165 0.0963082)
(0.822109 -0.00254594 0.138932)
(0.969971 -0.00159282 0.32685)
(0.809803 0.00183453 0.276117)
(0.693749 -0.000405941 0.125004)
(0.587259 -0.000637802 0.104557)
(0.55339 -0.00120011 0.0731198)
(0.575375 -0.00159092 0.0696904)
(0.65017 -0.00186046 0.097944)
(0.773108 -0.00230479 0.137672)
(0.910847 -0.00144761 0.315948)
(0.765496 0.0017218 0.267887)
(0.655467 -0.000310678 0.125397)
(0.553739 -0.000521761 0.105908)
(0.521014 -0.00103878 0.0758542)
(0.541063 -0.0014041 0.0722064)
(0.610941 -0.00166135 0.098648)
(0.726219 -0.00208433 0.135645)
(0.854402 -0.00131596 0.304476)
(0.722764 0.00161022 0.259085)
(0.618529 -0.000229986 0.124939)
(0.521488 -0.000422492 0.106365)
(0.489932 -0.000897078 0.0776661)
(0.508188 -0.00123772 0.0738283)
(0.573414 -0.00148227 0.0985266)
(0.681397 -0.00188296 0.132951)
(0.800568 -0.00119653 0.292554)
(0.681596 0.00150063 0.249809)
(0.582933 -0.000162138 0.123727)
(0.490497 -0.000338001 0.106029)
(0.460127 -0.000772897 0.0786547)
(0.476727 -0.00108974 0.0746544)
(0.537554 -0.00132136 0.0976791)
(0.638594 -0.00169916 0.129682)
(0.749278 -0.00108813 0.280295)
(0.641979 0.00139374 0.240151)
(0.54867 -0.000105572 0.12185)
(0.460752 -0.000266488 0.104993)
(0.431581 -0.000664328 0.0789127)
(0.446652 -0.000958322 0.0747768)
(0.503324 -0.00117691 0.096198)
(0.597761 -0.00153155 0.125925)
(0.70046 -0.000989661 0.267799)
(0.603896 0.00129014 0.230197)
(0.515731 -5.88779e-05 0.119393)
(0.432237 -0.000206336 0.103344)
(0.404271 -0.000569636 0.0785265)
(0.417935 -0.000841762 0.074281)
(0.470684 -0.00104733 0.0941694)
(0.558847 -0.00137882 0.12176)
(0.654041 -0.000900139 0.255161)
(0.567326 0.00119028 0.220025)
(0.484102 -2.07875e-05 0.116433)
(0.404931 -0.00015609 0.101162)
(0.378175 -0.00048725 0.0775768)
(0.390545 -0.000738521 0.0732468)
(0.439592 -0.000931206 0.0916729)
(0.5218 -0.00123978 0.11726)
(0.609948 -0.000818677 0.242464)
(0.532249 0.00109455 0.209709)
(0.453767 9.83964e-06 0.113044)
(0.378815 -0.000114447 0.0985237)
(0.353267 -0.000415751 0.0761382)
(0.364448 -0.000647194 0.0717479)
(0.410007 -0.00082721 0.088782)
(0.486567 -0.00111329 0.112492)
(0.568105 -0.000744474 0.229785)
(0.498638 0.00100322 0.199316)
(0.424707 3.40248e-05 0.109293)
(0.353866 -8.02415e-05 0.0954983)
(0.32952 -0.000353857 0.0742803)
(0.339611 -0.000566509 0.0698526)
(0.381886 -0.000734145 0.0855646)
(0.453092 -0.000998339 0.107518)
(0.528435 -0.00067681 0.217193)
(0.466468 0.000916507 0.188909)
(0.396901 5.26806e-05 0.105243)
(0.330057 -5.24368e-05 0.0921503)
(0.306905 -0.000300418 0.0720672)
(0.315999 -0.00049531 0.067624)
(0.355184 -0.000650919 0.0820828)
(0.421322 -0.000893956 0.102393)
(0.490865 -0.000615043 0.204749)
(0.435713 0.00083454 0.178544)
(0.370329 6.66216e-05 0.100953)
(0.307365 -3.0111e-05 0.0885393)
(0.285393 -0.000254399 0.069558)
(0.293577 -0.000432556 0.0651198)
(0.329855 -0.00057654 0.0783934)
(0.3912 -0.000799259 0.0971691)
(0.455316 -0.000558597 0.192508)
(0.406343 0.000757393 0.168272)
(0.344966 7.65713e-05 0.0964751)
(0.285762 -1.24482e-05 0.08472)
(0.264954 -0.000214874 0.066807)
(0.272308 -0.000377306 0.0623933)
(0.305857 -0.000510108 0.0745483)
(0.362672 -0.000713433 0.0918913)
(0.421716 -0.000506959 0.180516)
(0.378328 0.000685082 0.158141)
(0.320788 8.31696e-05 0.0918599)
(0.265221 1.27064e-06 0.0807423)
(0.245557 -0.000181018 0.0638641)
(0.252157 -0.000328714 0.0594926)
(0.283143 -0.000450808 0.0705943)
(0.335683 -0.000635723 0.0866008)
(0.389989 -0.000459674 0.168817)
(0.351639 0.000617577 0.148192)
(0.297769 8.69807e-05 0.0871517)
(0.245714 1.16775e-05 0.0766521)
(0.227172 -0.000152097 0.0607745)
(0.233086 -0.000286019 0.056462)
(0.26167 -0.000397904 0.0665738)
(0.310178 -0.000565437 0.0813345)
(0.360064 -0.000416337 0.157445)
(0.326243 0.000554808 0.138461)
(0.275882 8.84998e-05 0.0823914)
(0.227212 1.93249e-05 0.0724906)
(0.209768 -0.000127459 0.0575795)
(0.21506 -0.000248543 0.0533411)
(0.241392 -0.000350733 0.0625251)
(0.286104 -0.000501936 0.0761249)
(0.331867 -0.00037659 0.146432)
(0.302109 0.000496668 0.128983)
(0.2551 8.816e-05 0.0776162)
(0.209686 2.4694e-05 0.0682955)
(0.193312 -0.000106526 0.0543164)
(0.198042 -0.000215678 0.0501659)
(0.222267 -0.000308695 0.058482)
(0.263408 -0.000444633 0.071001)
(0.30533 -0.000340114 0.135804)
(0.279204 0.000443026 0.119785)
(0.235395 8.63378e-05 0.0728593)
(0.193108 2.82016e-05 0.0641003)
(0.177775 -8.87898e-05 0.0510187)
(0.181997 -0.00018688 0.0469686)
(0.20425 -0.000271255 0.0544749)
(0.242037 -0.00039299 0.0659879)
(0.280384 -0.00030663 0.125582)
(0.257495 0.000393722 0.110892)
(0.216738 8.33596e-05 0.0681506)
(0.177448 3.0207e-05 0.0599351)
(0.163125 -7.38037e-05 0.0477165)
(0.166889 -0.000161668 0.0437779)
(0.1873 -0.00023793 0.0505304)
(0.221939 -0.00034651 0.0611075)
(0.256962 -0.000275887 0.115782)
(0.23695 0.000348581 0.102325)
(0.199101 7.95056e-05 0.0635169)
(0.162678 3.10183e-05 0.0558268)
(0.149331 -6.11757e-05 0.0444365)
(0.152683 -0.000139614 0.0406191)
(0.171375 -0.000208287 0.0466718)
(0.203066 -0.000304739 0.0563787)
(0.234998 -0.000247664 0.106417)
(0.217535 0.000307412 0.0941025)
(0.182454 7.50157e-05 0.0589816)
(0.148767 3.08977e-05 0.0517988)
(0.136363 -5.05632e-05 0.0412024)
(0.139345 -0.000120338 0.0375147)
(0.156435 -0.00018194 0.0429192)
(0.185366 -0.00026726 0.0518173)
(0.214431 -0.000221767 0.0974977)
(0.199218 0.00027001 0.0862379)
(0.166768 7.00931e-05 0.0545654)
(0.135688 3.00668e-05 0.0478718)
(0.124191 -4.16685e-05 0.0380348)
(0.126842 -0.000103504 0.0344839)
(0.142438 -0.000158541 0.0392901)
(0.168793 -0.000233691 0.0474364)
(0.195199 -0.000198019 0.089029)
(0.181965 0.000236167 0.0787425)
(0.152014 6.49086e-05 0.0502861)
(0.123412 2.87119e-05 0.0440636)
(0.112785 -3.4233e-05 0.0349517)
(0.11514 -8.88164e-05 0.0315436)
(0.129348 -0.000137782 0.0357988)
(0.1533 -0.00020368 0.0432469)
(0.177241 -0.000176265 0.081014)
(0.165743 0.000205668 0.0716244)
(0.138162 5.96043e-05 0.046159)
(0.111911 2.69875e-05 0.0403893)
(0.102117 -2.80336e-05 0.0319685)
(0.104207 -7.60135e-05 0.0287081)
(0.117124 -0.000119385 0.0324574)
(0.13884 -0.000176905 0.0392571)
(0.160501 -0.000156364 0.0734529)
(0.150518 0.000178297 0.0648893)
(0.125182 5.42969e-05 0.0421969)
(0.101156 2.50208e-05 0.0368616)
(0.0921575 -2.28779e-05 0.0290983)
(0.0940119 -6.48655e-05 0.0259891)
(0.105732 -0.000103104 0.0292756)
(0.125368 -0.000153071 0.0354735)
(0.144923 -0.00013819 0.0663434)
(0.13626 0.000153835 0.0585401)
(0.113044 4.90808e-05 0.0384103)
(0.0911196 2.29151e-05 0.0334909)
(0.0828783 -1.86009e-05 0.0263518)
(0.084523 -5.517e-05 0.0233966)
(0.0951331 -8.87175e-05 0.026261)
(0.112842 -0.000131907 0.0319003)
(0.130451 -0.000121625 0.0596809)
(0.122933 0.000132071 0.0525772)
(0.101721 4.40309e-05 0.0348079)
(0.0817747 2.07532e-05 0.0302856)
(0.074252 -1.50616e-05 0.0237379)
(0.0757104 -4.67496e-05 0.0209382)
(0.085294 -7.60281e-05 0.0234191)
(0.101219 -0.000113165 0.0285404)
(0.117036 -0.000106566 0.0534586)
(0.110506 0.000112794 0.0469992)
(0.0911809 3.92049e-05 0.031396)
(0.0730943 1.86002e-05 0.0272522)
(0.0662514 -1.21401e-05 0.0212633)
(0.0675447 -3.94487e-05 0.0186198)
(0.0761799 -6.48595e-05 0.0207536)
(0.0904577 -9.66169e-05 0.0253947)
(0.104624 -9.29132e-05 0.047668)
(0.0989466 9.58016e-05 0.0418024)
(0.0813958 3.46458e-05 0.0281792)
(0.0650515 1.65061e-05 0.0243952)
(0.05885 -9.73461e-06 0.0189333)
(0.059997 -3.31307e-05 0.0164458)
(0.0677577 -5.50536e-05 0.0182667)
(0.0805177 -8.20543e-05 0.0224628)
(0.0931687 -8.0576e-05 0.0422991)
(0.0882221 8.08956e-05 0.0369813)
(0.0723363 3.03841e-05 0.0251607)
(0.0576202 1.45078e-05 0.0217174)
(0.0520216 -7.75914e-06 0.0167513)
(0.0530393 -2.76757e-05 0.0144187)
(0.059995 -4.64688e-05 0.0159588)
(0.0713602 -6.9285e-05 0.019743)
(0.0826213 -6.94688e-05 0.0373403)
(0.0783006 6.78877e-05 0.0325289)
(0.0639733 2.64393e-05 0.0223416)
(0.0507743 1.26318e-05 0.0192202)
(0.0457408 -6.14141e-06 0.0147193)
(0.0466441 -2.29788e-05 0.0125397)
(0.0528603 -3.89778e-05 0.0138292)
(0.062947 -5.81329e-05 0.0172322)
(0.0729364 -5.95102e-05 0.0327788)
(0.06915 5.65976e-05 0.0284365)
(0.0562781 2.28218e-05 0.0197221)
(0.0444882 1.08955e-05 0.0169037)
(0.0399824 -4.82079e-06 0.0128381)
(0.0407847 -1.89476e-05 0.010809)
(0.046323 -3.24664e-05 0.0118758)
(0.0552411 -4.84363e-05 0.0149264)
(0.0640695 -5.06229e-05 0.0286008)
(0.0607387 4.68546e-05 0.0246939)
(0.049222 1.95344e-05 0.0173006)
(0.0387366 9.30909e-06 0.0147665)
(0.0347218 -3.74663e-06 0.011107)
(0.0354349 -1.5501e-05 0.00922515)
(0.0403531 -2.68311e-05 0.0100954)
(0.0482065 -4.00465e-05 0.0128206)
(0.0559776 -4.27327e-05 0.0247913)
(0.0530349 3.84977e-05 0.0212899)
(0.0427765 1.65734e-05 0.0150747)
(0.0334947 7.87664e-06 0.0128061)
(0.0299348 -2.87671e-06 0.00952438)
(0.0305692 -1.25676e-05 0.00778599)
(0.0349215 -2.19788e-05 0.00848373)
(0.041808 -3.2827e-05 0.010909)
(0.0486189 -3.5768e-05 0.0213348)
(0.0460071 3.13759e-05 0.018212)
(0.0369131 1.393e-05 0.0130405)
(0.0287377 6.59767e-06 0.011019)
(0.0255977 -2.17593e-06 0.00808759)
(0.0261626 -1.00844e-05 0.00648824)
(0.03 -1.78249e-05 0.00703584)
(0.0360113 -2.66527e-05 0.00918493)
(0.0419531 -2.96599e-05 0.0182152)
(0.0396239 2.53486e-05 0.0154468)
(0.0316039 1.15916e-05 0.0111934)
(0.0244414 5.46802e-06 0.00940071)
(0.0216872 -1.61523e-06 0.00679301)
(0.0221906 -7.99573e-06 0.00532786)
(0.0255608 -1.42927e-05 0.00574578)
(0.0307832 -2.14086e-05 0.00764107)
(0.0359412 -2.43416e-05 0.0154159)
(0.033854 2.02852e-05 0.01298)
(0.0268206 9.54185e-06 0.00952764)
(0.0205817 4.48077e-06 0.00794591)
(0.0181804 -1.17048e-06 0.00563624)
(0.0186292 -6.25202e-06 0.00430001)
(0.0215769 -1.13124e-05 0.00460692)
(0.0260911 -1.69891e-05 0.00626946)
(0.0305448 -1.97477e-05 0.0129196)
(0.0286662 1.60655e-05 0.0107965)
(0.0225354 7.76243e-06 0.00803686)
(0.0171347 3.62698e-06 0.0066485)
(0.0150546 -8.21685e-07 0.00461216)
(0.0154551 -4.80932e-06 0.00339918)
(0.0180219 -8.82003e-06 0.00361208)
(0.0219032 -1.32972e-05 0.00506161)
(0.0257267 -1.58148e-05 0.0107089)
(0.0240293 1.25791e-05 0.00888065)
(0.0187207 6.23317e-06 0.00671379)
(0.014077 2.89638e-06 0.00550174)
(0.0122877 -5.52265e-07 0.00371503)
(0.0126452 -3.62838e-06 0.00261931)
(0.0148698 -6.7573e-06 0.00275353)
(0.0181882 -1.02438e-05 0.0040086)
(0.0214504 -1.24813e-05 0.00876596)
(0.0199123 9.7256e-06 0.00721629)
(0.0153488 4.93293e-06 0.0055506)
(0.0113853 2.27794e-06 0.00449827)
(0.00985776 -3.48396e-07 0.00293853)
(0.0101769 -2.67407e-06 0.00195381)
(0.0120954 -5.07078e-06 0.00202312)
(0.0149157 -7.74733e-06 0.0031012)
(0.0176808 -9.68765e-06 0.00707311)
(0.0162841 7.41385e-06 0.00578674)
(0.0123923 3.84001e-06 0.00453883)
(0.00903657 1.76023e-06 0.00363024)
(0.00774328 -1.98505e-07 0.00227588)
(0.00802818 -1.91486e-06 0.00139566)
(0.00967388 -3.71155e-06 0.00141232)
(0.0120559 -5.73339e-06 0.00232987)
(0.0143832 -7.37657e-06 0.00561257)
(0.0131137 5.56181e-06 0.00457496)
(0.00982391 2.93262e-06 0.00366949)
(0.00700785 1.33184e-06 0.00288937)
(0.00592297 -9.28436e-08 0.00171988)
(0.00617714 -1.32239e-06 0.000937492)
(0.00758085 -2.63482e-06 0.000912313)
(0.00957958 -4.13404e-06 0.00168478)
(0.011524 -5.49282e-06 0.00436658)
(0.0103703 4.09612e-06 0.00356371)
(0.00761652 2.18938e-06 0.00293317)
(0.00527658 9.81662e-07 0.00226696)
(0.00437584 -2.31417e-08 0.001263)
(0.00460239 -8.71127e-07 0.000571602)
(0.00579246 -1.79956e-06 0.000513986)
(0.00745809 -2.88748e-06 0.00115588)
(0.00906993 -3.98352e-06 0.00331746)
(0.00802284 2.95173e-06 0.00273551)
(0.00574314 1.58962e-06 0.00232009)
(0.00382028 6.99115e-07 0.00175407)
(0.00308114 1.76763e-08 0.000897376)
(0.00328283 -5.38053e-07 0.000290041)
(0.00428518 -1.1683e-06 0.000208076)
(0.00566334 -1.93769e-06 0.00073297)
(0.00698854 -2.79843e-06 0.00244771)
(0.0060407 2.07142e-06 0.00207285)
(0.00417699 1.11361e-06 0.00182017)
(0.00261665 4.74308e-07 0.00134145)
(0.00201834 3.57475e-08 0.000614883)
(0.00219764 -3.02424e-07 8.46434e-05)
(0.00303589 -7.06912e-07 -1.48525e-05)
(0.00416777 -1.23417e-06 0.000405736)
(0.00524804 -1.89016e-06 0.00174008)
(0.00439334 1.40541e-06 0.00155819)
(0.00289148 7.42843e-07 0.00142309)
(0.00164353 2.98167e-07 0.0010197)
(0.00116704 3.64477e-08 0.000407216)
(0.00132623 -1.45583e-07 -5.29901e-05)
(0.00202185 -3.84448e-07 -0.000164409)
(0.00294435 -7.31585e-07 0.000163783)
(0.00381726 -1.21443e-06 0.00117761)
(0.00305053 9.10798e-07 0.00117402)
(0.00186028 4.60205e-07 0.00111837)
(0.000878854 1.62478e-07 0.000779317)
(0.000506813 2.44898e-08 0.00026588)
(0.000648048 -5.07691e-08 -0.000131488)
(0.00122062 -1.72945e-07 -0.000250341)
(0.00196667 -3.89541e-07 -3.33214e-06)
(0.00266577 -7.30234e-07 0.000743733)
(0.00198245 5.51113e-07 0.000902959)
(0.00105737 2.50052e-07 0.000895451)
(0.000300534 5.9858e-08 0.000610741)
(1.70397e-05 3.98045e-09 0.000182206)
(0.000142448 -2.9974e-09 -0.000159711)
(0.000609963 -4.72748e-08 -0.000282546)
(0.00120892 -1.72273e-07 -0.000106089)
(0.00176387 -4.00027e-07 0.000422331)
(0.00115982 2.95806e-07 0.000727644)
(0.000457109 9.82642e-08 0.000743769)
(-0.000113618 -1.63173e-08 0.000504505)
(-0.000323391 -2.15916e-08 0.000147423)
(-0.000211603 1.10133e-08 -0.00014678)
(0.000167804 1.49882e-08 -0.000271118)
(0.000645958 -4.83522e-08 -0.000155009)
(0.00108265 -1.89777e-07 0.000197752)
(0.000554039 1.19783e-07 0.000630672)
(3.42848e-05 -7.76284e-09 0.000652793)
(-0.000386047 -7.20933e-08 0.000451448)
(-0.00053646 -4.94887e-08 0.000152839)
(-0.000435834 2.83628e-09 -0.000102068)
(-0.000127832 3.36724e-08 -0.000226407)
(0.000253355 9.60099e-09 -0.000160704)
(0.000593848 -6.90034e-08 5.48104e-05)
(0.000137093 2.97653e-09 0.000594233)
(-0.000235965 -7.91311e-08 0.000612027)
(-0.000539675 -1.13237e-07 0.000443222)
(-0.000645432 -7.80824e-08 0.000190452)
(-0.000553013 -1.78463e-08 -3.48854e-05)
(-0.000298908 2.60592e-08 -0.000159051)
(7.42043e-06 2.51932e-08 -0.000134043)
(0.000269631 -1.07879e-08 -2.13419e-05)
(-0.000119501 -7.01214e-08 0.00059946)
(-0.000378601 -1.25396e-07 0.000610983)
(-0.000598172 -1.45729e-07 0.00047327)
(-0.000674914 -1.07702e-07 0.000254554)
(-0.000587011 -4.3924e-08 4.67116e-05)
(-0.000367818 6.63745e-09 -7.98177e-05)
(-0.000115568 1.84161e-08 -8.65952e-05)
(8.14954e-05 8.21359e-09 -4.56746e-05)
(-0.000247479 -1.10777e-07 0.000624274)
(-0.000420517 -1.53759e-07 0.000636442)
(-0.000586046 -1.75154e-07 0.000534906)
(-0.000648058 -1.40743e-07 0.00034172)
(-0.000560053 -7.14394e-08 0.000136786)
(-0.000357682 -1.36761e-08 6.43308e-07)
(-0.000142126 5.08452e-09 -3.12706e-05)
(-2.32745e-06 7.50329e-09 -3.48744e-05)
(-0.000288 -1.2682e-07 0.000646076)
(-0.00039689 -1.67873e-07 0.000671264)
(-0.000528603 -2.04891e-07 0.000622458)
(-0.000577492 -1.8017e-07 0.000455423)
(-0.000483152 -1.0052e-07 0.000238962)
(-0.000290139 -3.03421e-08 7.77255e-05)
(-0.000106267 -5.20188e-09 1.74725e-05)
(-1.97194e-05 1.365e-09 -8.0056e-06)
(-0.000276333 -1.24002e-07 0.000648037)
(-0.000358303 -1.79777e-07 0.000731747)
(-0.000444446 -2.49363e-07 0.000768143)
(-0.000436124 -2.39979e-07 0.000635131)
(-0.000312886 -1.42324e-07 0.000382427)
(-0.000152057 -4.68258e-08 0.000152406)
(-4.30194e-05 -7.24541e-09 3.3339e-05)
(-8.58108e-06 -2.27672e-09 1.30459e-05)
)
;
    }
    front
    {
        type            calculated;
        value           nonuniform List<vector> 
640
(
(-53.8407 -2.51626 -2.9022)
(-26.8783 -1.01535 -0.753856)
(-9.13809 -0.226349 0.74278)
(-1.00988 -0.00635307 0.137818)
(-4.28206 0.103619 -1.45467)
(-18.913 0.793129 -2.43398)
(-43.3511 2.58076 -1.77307)
(-80.0108 6.22323 -2.2097)
(-16.0253 -0.268024 -0.74086)
(-5.14046 -0.0370129 -0.532613)
(-0.770213 0.00531089 -0.369926)
(0.240026 0.0106663 -0.435254)
(-0.732903 0.0151133 -0.456315)
(-3.51905 0.0416685 -0.402616)
(-9.00931 0.138886 -0.246185)
(-17.9811 0.407475 -0.407835)
(-5.97182 -0.0332144 -0.520133)
(-0.91085 0.0115659 -0.618066)
(0.864874 0.0126378 -0.519713)
(0.808322 0.0121254 -0.497385)
(0.307322 0.00996829 -0.397758)
(-0.452894 0.00715076 -0.265598)
(-2.20002 0.0108991 -0.170243)
(-4.6897 0.0275799 -0.158989)
(-2.48488 -0.00116282 -0.37611)
(-0.111853 0.0147938 -0.587134)
(0.969043 0.0146044 -0.539414)
(1.01459 0.0136976 -0.51436)
(0.741407 0.0116407 -0.439813)
(0.324677 0.00881007 -0.344074)
(-0.443197 0.00709523 -0.284292)
(-1.19962 0.00336375 -0.120005)
(-0.683161 0.0046809 -0.248175)
(0.450766 0.0149922 -0.524196)
(1.04226 0.0151743 -0.519061)
(1.13353 0.0147359 -0.509419)
(1.02475 0.0130663 -0.451745)
(0.864079 0.0107028 -0.36724)
(0.679798 0.00824757 -0.281812)
(0.590687 0.00209579 -0.0318593)
(0.368293 0.00438596 -0.131823)
(0.875941 0.0137054 -0.440565)
(1.13953 0.0144081 -0.464252)
(1.20816 0.0147883 -0.478687)
(1.20676 0.0138743 -0.438948)
(1.24642 0.0122859 -0.358144)
(1.3966 0.0105224 -0.245554)
(1.66455 0.00489892 0.0656407)
(0.97885 0.00272237 -0.0334848)
(1.14526 0.0119903 -0.358041)
(1.21296 0.0130995 -0.398247)
(1.24945 0.0141464 -0.432281)
(1.30949 0.0139159 -0.406383)
(1.46702 0.0130303 -0.327081)
(1.77316 0.0120467 -0.19935)
(2.20537 0.00732482 0.147495)
(1.32003 0.00109676 0.0458585)
(1.29906 0.0103357 -0.284325)
(1.25392 0.0116598 -0.332642)
(1.26432 0.0131166 -0.379047)
(1.35441 0.0133531 -0.361942)
(1.56827 0.0129463 -0.283825)
(1.93162 0.012482 -0.151072)
(2.41071 0.00836684 0.209845)
(1.49655 -0.000161665 0.108353)
(1.37437 0.00888457 -0.220826)
(1.26639 0.0102674 -0.271975)
(1.25871 0.0119221 -0.324861)
(1.35955 0.0124318 -0.312935)
(1.59212 0.0123119 -0.236679)
(1.96344 0.0121519 -0.105632)
(2.43459 0.00839384 0.255826)
(1.57414 -0.00105728 0.157141)
(1.39911 0.00764892 -0.166792)
(1.25767 0.00899119 -0.217675)
(1.23811 0.0107036 -0.273139)
(1.33887 0.0113545 -0.264275)
(1.56999 0.0113983 -0.190704)
(1.9274 0.0114201 -0.0651808)
(2.37078 0.00790652 0.289684)
(1.59328 -0.00167237 0.195229)
(1.39265 0.00659908 -0.120791)
(1.23453 0.00784924 -0.169782)
(1.20714 0.00953869 -0.225566)
(1.30244 0.0102528 -0.218672)
(1.52272 0.0103915 -0.148378)
(1.85841 0.0105342 -0.0301356)
(2.26963 0.00722697 0.314896)
(1.57828 -0.00208645 0.225041)
(1.36737 0.00570123 -0.0814402)
(1.20202 0.0068391 -0.12783)
(1.1694 0.00846418 -0.182757)
(1.25704 0.00919916 -0.177309)
(1.46307 0.00939672 -0.110575)
(1.77576 0.00962966 -0.000104235)
(2.15623 0.00651885 0.333913)
(1.54352 -0.00235905 0.248392)
(1.33093 0.00492741 -0.0476091)
(1.16365 0.00595062 -0.0912116)
(1.12749 0.00749284 -0.144727)
(1.20704 0.00822681 -0.140465)
(1.39839 0.00846396 -0.0773262)
(1.68943 0.00876958 0.025566)
(2.04226 0.00585294 0.348346)
(1.4975 -0.00253136 0.266606)
(1.288 0.00425614 -0.0184174)
(1.12179 0.0051711 -0.0593121)
(1.08327 0.00662424 -0.111191)
(1.15513 0.00734604 -0.107962)
(1.33264 0.00761177 -0.0482943)
(1.60419 0.00797737 0.0475152)
(1.93254 0.00525304 0.359207)
(1.44526 -0.00263127 0.280642)
(1.24147 0.00367106 0.0068144)
(1.07799 0.00448768 -0.0315671)
(1.03797 0.00585157 -0.0817403)
(1.10291 0.00655535 -0.0794327)
(1.26785 0.0068424 -0.0230361)
(1.52203 0.00725711 0.0662746)
(1.82859 0.00472157 0.367113)
(1.38979 -0.0026778 0.291206)
(1.19308 0.00315945 0.0286163)
(1.03332 0.00388841 -0.00747827)
(0.992446 0.00516556 -0.0559446)
(1.05126 0.00584804 -0.0544592)
(1.20492 0.00615088 -0.00111734)
(1.44353 0.00660467 0.0822575)
(1.73042 0.00425258 0.372446)
(1.33292 -0.00268419 0.298829)
(1.14394 0.0027112 0.0474092)
(0.988471 0.00336266 0.0133835)
(0.947232 0.00455664 -0.0333988)
(1.00068 0.00521573 -0.0326454)
(1.14418 0.0055297 0.0178443)
(1.36867 0.00601323 0.0957818)
(1.63756 0.00383784 0.375462)
(1.27576 -0.00265992 0.303919)
(1.09478 0.00231809 0.0635351)
(0.943923 0.0029012 0.0313843)
(0.902692 0.0040159 -0.0137429)
(0.951416 0.0046501 -0.0136401)
(1.0857 0.00497112 0.0341725)
(1.29722 0.00547578 0.107098)
(1.54938 0.00346945 0.376356)
(1.219 -0.00261197 0.306804)
(1.04604 0.0019733 0.0772779)
(0.899998 0.00249612 0.0468358)
(0.859059 0.0035354 0.0033351)
(0.903589 0.00414362 0.00285894)
(1.02942 0.00446807 0.0481399)
(1.22887 0.00498608 0.116413)
(1.46535 0.00314062 0.375296)
(1.16308 -0.00254567 0.307751)
(0.998028 0.0016711 0.088878)
(0.856918 0.00214065 0.0600043)
(0.816488 0.00310827 0.018103)
(0.857258 0.00368971 0.0171097)
(0.975267 0.00401441 0.0599786)
(1.16337 0.00453886 0.123905)
(1.38507 0.00284582 0.372448)
(1.10829 -0.00246516 0.306987)
(0.950961 0.00140658 0.0985436)
(0.814835 0.001829 0.0711194)
(0.775079 0.0027286 0.0307918)
(0.812445 0.00328271 0.0293344)
(0.923149 0.00360489 0.0698905)
(1.10053 0.00412975 0.129735)
(1.30823 0.00258063 0.367972)
(1.05481 -0.00237377 0.304708)
(0.904975 0.00117552 0.106458)
(0.773855 0.00155614 0.0803819)
(0.734898 0.00239126 0.0416024)
(0.769156 0.00291772 0.0397267)
(0.873 0.00323503 0.078055)
(1.04019 0.00375513 0.134054)
(1.23462 0.00234147 0.362034)
(1.00274 -0.00227421 0.301087)
(0.860168 0.000974193 0.112784)
(0.734048 0.00131773 0.0879694)
(0.695986 0.00209179 0.0507122)
(0.72739 0.00259052 0.0484584)
(0.824766 0.00290097 0.0846347)
(0.982252 0.00341193 0.137002)
(1.16409 0.00212541 0.354796)
(0.952177 -0.00216874 0.296281)
(0.816606 0.000799338 0.117671)
(0.695461 0.00110991 0.0940414)
(0.65837 0.00182625 0.0582804)
(0.68714 0.00229739 0.0556845)
(0.7784 0.00259934 0.0897791)
(0.926632 0.00309752 0.138714)
(1.09652 0.00192997 0.346417)
(0.90315 -0.00205928 0.290431)
(0.774331 0.00064804 0.121255)
(0.658124 0.000929287 0.098743)
(0.622063 0.00159116 0.0644511)
(0.648397 0.002035 0.0615465)
(0.733868 0.00232713 0.093627)
(0.873268 0.00280955 0.139317)
(1.03184 0.00175306 0.337053)
(0.855688 -0.00194741 0.28367)
(0.733373 0.000517689 0.12366)
(0.622054 0.000772826 0.102207)
(0.58707 0.00138339 0.0693567)
(0.611147 0.00180041 0.0661747)
(0.691135 0.00208165 0.0963082)
(0.822109 0.00254594 0.138932)
(0.969971 0.00159282 0.32685)
(0.809803 -0.00183453 0.276117)
(0.693749 0.000405941 0.125005)
(0.587259 0.000637802 0.104557)
(0.55339 0.00120011 0.0731198)
(0.575375 0.00159092 0.0696904)
(0.65017 0.00186046 0.097944)
(0.773108 0.00230479 0.137672)
(0.910847 0.00144761 0.315948)
(0.765496 -0.0017218 0.267887)
(0.655467 0.000310678 0.125397)
(0.553739 0.000521761 0.105908)
(0.521014 0.00103878 0.0758542)
(0.541063 0.0014041 0.0722064)
(0.610941 0.00166135 0.098648)
(0.726219 0.00208433 0.135645)
(0.854402 0.00131596 0.304476)
(0.722764 -0.00161022 0.259085)
(0.618529 0.000229986 0.124939)
(0.521488 0.000422492 0.106365)
(0.489932 0.000897078 0.0776661)
(0.508188 0.00123772 0.0738283)
(0.573414 0.00148227 0.0985266)
(0.681397 0.00188296 0.132951)
(0.800568 0.00119653 0.292554)
(0.681596 -0.00150063 0.249809)
(0.582933 0.000162138 0.123727)
(0.490497 0.000338001 0.106029)
(0.460127 0.000772897 0.0786547)
(0.476727 0.00108974 0.0746544)
(0.537554 0.00132136 0.0976791)
(0.638594 0.00169916 0.129682)
(0.749278 0.00108813 0.280294)
(0.641979 -0.00139374 0.240151)
(0.54867 0.000105572 0.12185)
(0.460752 0.000266488 0.104993)
(0.431581 0.000664328 0.0789127)
(0.446652 0.000958322 0.0747768)
(0.503324 0.00117691 0.0961981)
(0.597761 0.00153155 0.125925)
(0.70046 0.00098966 0.267799)
(0.603896 -0.00129014 0.230197)
(0.515731 5.88778e-05 0.119393)
(0.432237 0.000206336 0.103344)
(0.404271 0.000569636 0.0785265)
(0.417935 0.000841762 0.074281)
(0.470684 0.00104733 0.0941694)
(0.558847 0.00137882 0.12176)
(0.654041 0.000900139 0.255161)
(0.567327 -0.00119028 0.220025)
(0.484102 2.07874e-05 0.116433)
(0.404931 0.00015609 0.101162)
(0.378175 0.00048725 0.0775768)
(0.390545 0.00073852 0.0732468)
(0.439592 0.000931206 0.0916729)
(0.5218 0.00123977 0.11726)
(0.609948 0.000818677 0.242464)
(0.532249 -0.00109455 0.209709)
(0.453767 -9.83969e-06 0.113044)
(0.378815 0.000114447 0.0985237)
(0.353267 0.000415751 0.0761382)
(0.364448 0.000647194 0.0717479)
(0.410007 0.000827209 0.088782)
(0.486567 0.00111329 0.112492)
(0.568105 0.000744474 0.229785)
(0.498638 -0.00100322 0.199316)
(0.424707 -3.40248e-05 0.109293)
(0.353866 8.02417e-05 0.0954983)
(0.32952 0.000353858 0.0742803)
(0.339611 0.000566508 0.0698526)
(0.381886 0.000734145 0.0855646)
(0.453092 0.000998339 0.107518)
(0.528435 0.00067681 0.217193)
(0.466468 -0.000916507 0.188909)
(0.396901 -5.26807e-05 0.105243)
(0.330057 5.2437e-05 0.0921503)
(0.306905 0.000300418 0.0720672)
(0.315999 0.00049531 0.067624)
(0.355183 0.000650919 0.0820828)
(0.421322 0.000893956 0.102393)
(0.490865 0.000615043 0.204749)
(0.435713 -0.00083454 0.178544)
(0.370329 -6.66217e-05 0.100953)
(0.307365 3.01111e-05 0.0885393)
(0.285393 0.000254399 0.069558)
(0.293577 0.000432556 0.0651199)
(0.329855 0.00057654 0.0783934)
(0.3912 0.000799259 0.0971691)
(0.455316 0.000558597 0.192508)
(0.406343 -0.000757393 0.168272)
(0.344966 -7.65713e-05 0.0964751)
(0.285762 1.24484e-05 0.08472)
(0.264954 0.000214874 0.066807)
(0.272308 0.000377306 0.0623933)
(0.305857 0.000510108 0.0745483)
(0.362672 0.000713433 0.0918913)
(0.421716 0.000506959 0.180516)
(0.378329 -0.000685082 0.158141)
(0.320788 -8.31696e-05 0.0918599)
(0.265221 -1.27049e-06 0.0807423)
(0.245557 0.000181018 0.0638641)
(0.252157 0.000328713 0.0594927)
(0.283143 0.000450808 0.0705943)
(0.335683 0.000635723 0.0866008)
(0.389989 0.000459674 0.168817)
(0.351639 -0.000617577 0.148192)
(0.297769 -8.69807e-05 0.0871517)
(0.245714 -1.16773e-05 0.0766521)
(0.227172 0.000152097 0.0607745)
(0.233086 0.000286019 0.056462)
(0.26167 0.000397904 0.0665738)
(0.310178 0.000565437 0.0813345)
(0.360064 0.000416337 0.157445)
(0.326243 -0.000554808 0.138461)
(0.275882 -8.84999e-05 0.0823914)
(0.227212 -1.93247e-05 0.0724906)
(0.209768 0.000127459 0.0575795)
(0.21506 0.000248543 0.0533411)
(0.241392 0.000350732 0.0625251)
(0.286104 0.000501936 0.0761249)
(0.331867 0.00037659 0.146432)
(0.302109 -0.000496668 0.128983)
(0.2551 -8.816e-05 0.0776162)
(0.209686 -2.46938e-05 0.0682954)
(0.193312 0.000106526 0.0543164)
(0.198042 0.000215677 0.050166)
(0.222267 0.000308695 0.058482)
(0.263408 0.000444633 0.071001)
(0.30533 0.000340114 0.135804)
(0.279204 -0.000443026 0.119785)
(0.235395 -8.63379e-05 0.0728593)
(0.193108 -2.82014e-05 0.0641002)
(0.177775 8.87898e-05 0.0510187)
(0.181997 0.00018688 0.0469687)
(0.20425 0.000271255 0.0544749)
(0.242037 0.00039299 0.0659879)
(0.280384 0.00030663 0.125582)
(0.257495 -0.000393722 0.110892)
(0.216738 -8.33596e-05 0.0681506)
(0.177448 -3.02069e-05 0.0599351)
(0.163125 7.38037e-05 0.0477165)
(0.166889 0.000161668 0.0437779)
(0.1873 0.00023793 0.0505304)
(0.221939 0.00034651 0.0611075)
(0.256962 0.000275887 0.115782)
(0.23695 -0.000348581 0.102325)
(0.199101 -7.95057e-05 0.0635169)
(0.162678 -3.10182e-05 0.0558268)
(0.149331 6.11757e-05 0.0444365)
(0.152683 0.000139614 0.0406192)
(0.171375 0.000208287 0.0466718)
(0.203066 0.000304739 0.0563787)
(0.234998 0.000247664 0.106417)
(0.217535 -0.000307412 0.0941025)
(0.182454 -7.50158e-05 0.0589817)
(0.148767 -3.08976e-05 0.0517988)
(0.136363 5.05632e-05 0.0412024)
(0.139345 0.000120338 0.0375147)
(0.156435 0.000181939 0.0429193)
(0.185366 0.00026726 0.0518172)
(0.214431 0.000221767 0.0974977)
(0.199218 -0.00027001 0.0862379)
(0.166768 -7.00931e-05 0.0545654)
(0.135688 -3.00668e-05 0.0478718)
(0.124191 4.16685e-05 0.0380348)
(0.126842 0.000103504 0.0344839)
(0.142438 0.000158541 0.0392901)
(0.168793 0.000233691 0.0474364)
(0.195199 0.000198019 0.089029)
(0.181965 -0.000236168 0.0787425)
(0.152014 -6.49086e-05 0.0502861)
(0.123412 -2.87118e-05 0.0440636)
(0.112785 3.4233e-05 0.0349517)
(0.11514 8.88163e-05 0.0315437)
(0.129348 0.000137782 0.0357988)
(0.1533 0.00020368 0.0432469)
(0.177241 0.000176265 0.081014)
(0.165743 -0.000205668 0.0716245)
(0.138162 -5.96043e-05 0.046159)
(0.111911 -2.69875e-05 0.0403893)
(0.102117 2.80336e-05 0.0319685)
(0.104207 7.60134e-05 0.0287081)
(0.117124 0.000119385 0.0324574)
(0.13884 0.000176905 0.0392571)
(0.160501 0.000156364 0.0734529)
(0.150518 -0.000178297 0.0648893)
(0.125182 -5.4297e-05 0.0421969)
(0.101156 -2.50208e-05 0.0368615)
(0.0921575 2.28779e-05 0.0290983)
(0.0940119 6.48654e-05 0.0259892)
(0.105732 0.000103104 0.0292756)
(0.125368 0.000153071 0.0354734)
(0.144923 0.00013819 0.0663434)
(0.13626 -0.000153835 0.0585401)
(0.113044 -4.90809e-05 0.0384103)
(0.0911196 -2.2915e-05 0.0334909)
(0.0828783 1.86009e-05 0.0263518)
(0.084523 5.51699e-05 0.0233966)
(0.0951331 8.87175e-05 0.026261)
(0.112842 0.000131907 0.0319003)
(0.130451 0.000121625 0.0596809)
(0.122933 -0.000132071 0.0525772)
(0.101721 -4.40309e-05 0.0348079)
(0.0817747 -2.07532e-05 0.0302856)
(0.074252 1.50616e-05 0.0237379)
(0.0757104 4.67495e-05 0.0209382)
(0.085294 7.60281e-05 0.0234191)
(0.101219 0.000113165 0.0285404)
(0.117036 0.000106566 0.0534586)
(0.110506 -0.000112794 0.0469992)
(0.0911809 -3.92049e-05 0.031396)
(0.0730943 -1.86002e-05 0.0272522)
(0.0662514 1.21401e-05 0.0212633)
(0.0675447 3.94487e-05 0.0186198)
(0.0761799 6.48594e-05 0.0207536)
(0.0904577 9.6617e-05 0.0253947)
(0.104624 9.29132e-05 0.047668)
(0.0989466 -9.58016e-05 0.0418024)
(0.0813958 -3.46458e-05 0.0281792)
(0.0650515 -1.65061e-05 0.0243952)
(0.05885 9.73457e-06 0.0189333)
(0.059997 3.31307e-05 0.0164458)
(0.0677577 5.50535e-05 0.0182667)
(0.0805177 8.20543e-05 0.0224628)
(0.0931687 8.0576e-05 0.0422991)
(0.0882221 -8.08956e-05 0.0369813)
(0.0723363 -3.03841e-05 0.0251607)
(0.0576202 -1.45078e-05 0.0217174)
(0.0520216 7.75911e-06 0.0167513)
(0.0530393 2.76757e-05 0.0144187)
(0.059995 4.64687e-05 0.0159588)
(0.0713602 6.9285e-05 0.019743)
(0.0826213 6.94687e-05 0.0373403)
(0.0783006 -6.78877e-05 0.0325289)
(0.0639733 -2.64393e-05 0.0223416)
(0.0507743 -1.26318e-05 0.0192202)
(0.0457408 6.14139e-06 0.0147193)
(0.0466441 2.29788e-05 0.0125398)
(0.0528603 3.89778e-05 0.0138292)
(0.062947 5.81329e-05 0.0172322)
(0.0729364 5.95102e-05 0.0327788)
(0.06915 -5.65976e-05 0.0284365)
(0.0562781 -2.28218e-05 0.0197221)
(0.0444882 -1.08956e-05 0.0169037)
(0.0399824 4.82079e-06 0.0128381)
(0.0407847 1.89475e-05 0.010809)
(0.046323 3.24663e-05 0.0118758)
(0.0552411 4.84363e-05 0.0149264)
(0.0640695 5.06229e-05 0.0286008)
(0.0607387 -4.68546e-05 0.0246939)
(0.049222 -1.95344e-05 0.0173006)
(0.0387367 -9.30909e-06 0.0147665)
(0.0347218 3.74663e-06 0.011107)
(0.0354349 1.55009e-05 0.00922517)
(0.0403531 2.68311e-05 0.0100954)
(0.0482065 4.00465e-05 0.0128206)
(0.0559776 4.27327e-05 0.0247913)
(0.0530349 -3.84977e-05 0.0212899)
(0.0427765 -1.65734e-05 0.0150747)
(0.0334947 -7.87664e-06 0.0128061)
(0.0299348 2.87672e-06 0.00952438)
(0.0305692 1.25676e-05 0.007786)
(0.0349215 2.19787e-05 0.00848374)
(0.041808 3.2827e-05 0.010909)
(0.0486189 3.5768e-05 0.0213348)
(0.0460071 -3.13759e-05 0.018212)
(0.0369131 -1.39301e-05 0.0130405)
(0.0287377 -6.59767e-06 0.011019)
(0.0255977 2.17594e-06 0.00808758)
(0.0261626 1.00844e-05 0.00648825)
(0.03 1.78248e-05 0.00703585)
(0.0360113 2.66527e-05 0.00918492)
(0.0419531 2.96599e-05 0.0182152)
(0.0396239 -2.53486e-05 0.0154468)
(0.0316039 -1.15916e-05 0.0111934)
(0.0244414 -5.46802e-06 0.00940071)
(0.0216872 1.61524e-06 0.006793)
(0.0221906 7.99572e-06 0.00532787)
(0.0255608 1.42927e-05 0.00574578)
(0.0307832 2.14086e-05 0.00764107)
(0.0359412 2.43416e-05 0.0154159)
(0.033854 -2.02852e-05 0.01298)
(0.0268206 -9.54186e-06 0.00952765)
(0.0205817 -4.48077e-06 0.00794591)
(0.0181804 1.17048e-06 0.00563623)
(0.0186292 6.25201e-06 0.00430001)
(0.0215769 1.13124e-05 0.00460693)
(0.0260911 1.69891e-05 0.00626946)
(0.0305448 1.97477e-05 0.0129196)
(0.0286662 -1.60655e-05 0.0107965)
(0.0225354 -7.76244e-06 0.00803686)
(0.0171347 -3.62698e-06 0.0066485)
(0.0150546 8.21692e-07 0.00461216)
(0.0154551 4.80932e-06 0.00339919)
(0.0180219 8.82002e-06 0.00361209)
(0.0219032 1.32972e-05 0.0050616)
(0.0257267 1.58148e-05 0.0107089)
(0.0240293 -1.25791e-05 0.00888065)
(0.0187207 -6.23318e-06 0.0067138)
(0.014077 -2.89639e-06 0.00550174)
(0.0122877 5.52269e-07 0.00371503)
(0.0126452 3.62839e-06 0.00261932)
(0.0148698 6.7573e-06 0.00275354)
(0.0181882 1.02438e-05 0.00400859)
(0.0214504 1.24813e-05 0.00876596)
(0.0199123 -9.7256e-06 0.00721629)
(0.0153488 -4.93294e-06 0.00555061)
(0.0113853 -2.27794e-06 0.00449827)
(0.00985776 3.48396e-07 0.00293853)
(0.0101769 2.67408e-06 0.00195381)
(0.0120954 5.07078e-06 0.00202312)
(0.0149157 7.74733e-06 0.0031012)
(0.0176808 9.68764e-06 0.00707312)
(0.0162841 -7.41385e-06 0.00578673)
(0.0123923 -3.84001e-06 0.00453883)
(0.00903657 -1.76024e-06 0.00363024)
(0.00774328 1.98504e-07 0.00227588)
(0.00802819 1.91486e-06 0.00139566)
(0.00967388 3.71155e-06 0.00141233)
(0.0120559 5.73339e-06 0.00232987)
(0.0143832 7.37657e-06 0.00561257)
(0.0131137 -5.56181e-06 0.00457496)
(0.00982391 -2.93262e-06 0.00366949)
(0.00700785 -1.33184e-06 0.00288937)
(0.00592297 9.28425e-08 0.00171988)
(0.00617715 1.32239e-06 0.000937493)
(0.00758085 2.63482e-06 0.000912314)
(0.00957958 4.13404e-06 0.00168478)
(0.011524 5.49282e-06 0.00436658)
(0.0103703 -4.09612e-06 0.0035637)
(0.00761652 -2.18938e-06 0.00293317)
(0.00527658 -9.81663e-07 0.00226696)
(0.00437584 2.3141e-08 0.00126301)
(0.0046024 8.71128e-07 0.000571602)
(0.00579246 1.79957e-06 0.000513986)
(0.00745809 2.88748e-06 0.00115588)
(0.00906993 3.98352e-06 0.00331746)
(0.00802284 -2.95172e-06 0.00273551)
(0.00574315 -1.58962e-06 0.00232009)
(0.00382028 -6.99116e-07 0.00175407)
(0.00308114 -1.7677e-08 0.000897378)
(0.00328283 5.38053e-07 0.000290041)
(0.00428518 1.1683e-06 0.000208077)
(0.00566334 1.93769e-06 0.00073297)
(0.00698854 2.79843e-06 0.00244771)
(0.0060407 -2.07142e-06 0.00207285)
(0.00417699 -1.11361e-06 0.00182017)
(0.00261665 -4.74309e-07 0.00134145)
(0.00201834 -3.57482e-08 0.000614885)
(0.00219765 3.02425e-07 8.46436e-05)
(0.00303589 7.06913e-07 -1.48522e-05)
(0.00416777 1.23417e-06 0.000405736)
(0.00524804 1.89016e-06 0.00174008)
(0.00439334 -1.40541e-06 0.00155818)
(0.00289148 -7.42843e-07 0.00142309)
(0.00164354 -2.98168e-07 0.0010197)
(0.00116704 -3.64482e-08 0.000407218)
(0.00132623 1.45583e-07 -5.29898e-05)
(0.00202185 3.84449e-07 -0.000164409)
(0.00294435 7.31585e-07 0.000163782)
(0.00381726 1.21443e-06 0.00117761)
(0.00305053 -9.10799e-07 0.00117402)
(0.00186028 -4.60205e-07 0.00111837)
(0.000878857 -1.62478e-07 0.000779318)
(0.000506814 -2.44901e-08 0.000265882)
(0.000648049 5.07692e-08 -0.000131488)
(0.00122062 1.72946e-07 -0.000250341)
(0.00196667 3.89542e-07 -3.33269e-06)
(0.00266577 7.30234e-07 0.000743733)
(0.00198245 -5.51114e-07 0.00090296)
(0.00105737 -2.50053e-07 0.000895449)
(0.000300536 -5.98585e-08 0.000610741)
(1.70408e-05 -3.98057e-09 0.000182208)
(0.000142448 2.99747e-09 -0.000159711)
(0.000609965 4.72751e-08 -0.000282546)
(0.00120892 1.72274e-07 -0.000106089)
(0.00176387 4.00027e-07 0.000422331)
(0.00115982 -2.95806e-07 0.000727647)
(0.000457111 -9.82647e-08 0.000743768)
(-0.000113615 1.63168e-08 0.000504505)
(-0.00032339 2.15915e-08 0.000147424)
(-0.000211603 -1.10132e-08 -0.000146779)
(0.000167805 -1.49881e-08 -0.000271118)
(0.000645958 4.83525e-08 -0.000155009)
(0.00108265 1.89776e-07 0.000197751)
(0.00055404 -1.19783e-07 0.000630674)
(3.42855e-05 7.76267e-09 0.000652794)
(-0.000386045 7.20928e-08 0.000451448)
(-0.000536458 4.94885e-08 0.000152839)
(-0.000435834 -2.83618e-09 -0.000102068)
(-0.000127832 -3.36724e-08 -0.000226406)
(0.000253356 -9.60056e-09 -0.000160703)
(0.000593846 6.9003e-08 5.48103e-05)
(0.000137093 -2.97666e-09 0.000594233)
(-0.000235965 7.91311e-08 0.000612028)
(-0.000539673 1.13237e-07 0.000443221)
(-0.00064543 7.80821e-08 0.000190452)
(-0.000553013 1.78464e-08 -3.48851e-05)
(-0.000298907 -2.60592e-08 -0.000159051)
(7.42127e-06 -2.51926e-08 -0.000134041)
(0.000269629 1.07878e-08 -2.13412e-05)
(-0.000119501 7.01211e-08 0.000599459)
(-0.0003786 1.25395e-07 0.000610982)
(-0.00059817 1.45729e-07 0.000473269)
(-0.000674913 1.07702e-07 0.000254553)
(-0.000587011 4.39242e-08 4.6712e-05)
(-0.000367817 -6.63738e-09 -7.9817e-05)
(-0.000115567 -1.84155e-08 -8.65941e-05)
(8.14954e-05 -8.21369e-09 -4.56746e-05)
(-0.000247478 1.10776e-07 0.000624273)
(-0.000420515 1.53758e-07 0.000636441)
(-0.000586045 1.75153e-07 0.000534904)
(-0.000648058 1.40742e-07 0.000341719)
(-0.000560053 7.14397e-08 0.000136787)
(-0.000357682 1.36763e-08 6.44302e-07)
(-0.000142124 -5.08499e-09 -3.12713e-05)
(-2.32492e-06 -7.5046e-09 -3.48793e-05)
(-0.000287998 1.26819e-07 0.000646072)
(-0.000396888 1.67871e-07 0.000671262)
(-0.0005286 2.0489e-07 0.000622456)
(-0.00057749 1.80169e-07 0.000455422)
(-0.000483152 1.0052e-07 0.000238963)
(-0.000290141 3.03428e-08 7.77271e-05)
(-0.000106267 5.20208e-09 1.74741e-05)
(-1.97184e-05 -1.36502e-09 -8.00535e-06)
(-0.000276333 1.24001e-07 0.000648033)
(-0.000358302 1.79776e-07 0.000731745)
(-0.000444443 2.49361e-07 0.00076814)
(-0.000436121 2.39978e-07 0.000635129)
(-0.000312885 1.42324e-07 0.000382427)
(-0.000152057 4.6826e-08 0.000152407)
(-4.30196e-05 7.24545e-09 3.33408e-05)
(-8.58391e-06 2.27631e-09 1.30427e-05)
)
;
    }
    top
    {
        type            calculated;
        value           nonuniform List<vector> 
640
(
(-55.7818 -0.982606 -2.79159)
(-70.3906 -8.44894 -4.68428)
(-84.2734 -6.6498 -6.55807)
(-91.0487 -2.29231 -7.53978)
(-91.0487 2.29231 -7.53978)
(-84.2734 6.6498 -6.55807)
(-70.3906 8.44894 -4.68428)
(-55.7818 0.982606 -2.79159)
(-26.2659 -0.0985272 -0.755593)
(-31.3853 -1.56453 -1.04379)
(-32.8864 -1.72433 -1.15181)
(-33.5774 -0.66903 -1.20074)
(-33.5774 0.66903 -1.20074)
(-32.8864 1.72433 -1.15181)
(-31.3853 1.56453 -1.04379)
(-26.2659 0.0985272 -0.755593)
(-34.3324 0.0744334 -1.30352)
(-36.937 -0.505702 -1.44059)
(-36.7953 -0.694105 -1.41311)
(-36.6353 -0.303509 -1.39634)
(-36.6353 0.303509 -1.39634)
(-36.7953 0.694105 -1.41311)
(-36.937 0.505702 -1.44059)
(-34.3324 -0.0744334 -1.30352)
(-49.2575 0.0976473 -2.69614)
(-51.4003 -0.0354043 -2.82472)
(-52.0348 -0.206161 -2.84122)
(-52.1912 -0.117942 -2.83991)
(-52.1912 0.117942 -2.83991)
(-52.0348 0.206161 -2.84122)
(-51.4003 0.0354043 -2.82472)
(-49.2575 -0.0976473 -2.69614)
(-62.6944 0.117605 -4.42042)
(-64.3616 0.308438 -4.52596)
(-65.4137 0.153743 -4.59397)
(-65.8589 0.0293453 -4.62324)
(-65.8589 -0.0293453 -4.62324)
(-65.4137 -0.153743 -4.59397)
(-64.3616 -0.308438 -4.52596)
(-62.6944 -0.117605 -4.42042)
(-74.3147 0.092759 -6.3172)
(-75.5193 0.479038 -6.38935)
(-76.5261 0.356902 -6.46886)
(-77.0351 0.117983 -6.51269)
(-77.0351 -0.117983 -6.51269)
(-76.5261 -0.356902 -6.46886)
(-75.5193 -0.479038 -6.38935)
(-74.3147 -0.092759 -6.3172)
(-84.4794 0.0405453 -8.33582)
(-85.2706 0.52864 -8.37111)
(-86.0722 0.444208 -8.43876)
(-86.523 0.160267 -8.48235)
(-86.523 -0.160267 -8.48235)
(-86.0722 -0.444208 -8.43876)
(-85.2706 -0.52864 -8.37111)
(-84.4794 -0.0405453 -8.33582)
(-93.4098 -0.0172925 -10.4374)
(-93.8551 0.513974 -10.4357)
(-94.4268 0.463797 -10.4819)
(-94.7774 0.174219 -10.5172)
(-94.7774 -0.174219 -10.5172)
(-94.4268 -0.463797 -10.4819)
(-93.8551 -0.513974 -10.4357)
(-93.4098 0.0172925 -10.4374)
(-101.256 -0.0688558 -12.5883)
(-101.435 0.47345 -12.5531)
(-101.799 0.450432 -12.5752)
(-102.046 0.173453 -12.5987)
(-102.046 -0.173453 -12.5987)
(-101.799 -0.450432 -12.5752)
(-101.435 -0.47345 -12.5531)
(-101.256 0.0688558 -12.5883)
(-108.137 -0.109357 -14.7606)
(-108.121 0.429685 -14.6968)
(-108.315 0.425962 -14.6955)
(-108.47 0.166783 -14.7065)
(-108.47 -0.166783 -14.7065)
(-108.315 -0.425962 -14.6955)
(-108.121 -0.429685 -14.6968)
(-108.137 0.109357 -14.7606)
(-114.147 -0.138027 -16.93)
(-113.993 0.3938 -16.8427)
(-114.056 0.402343 -16.8204)
(-114.136 0.15925 -16.8196)
(-114.136 -0.15925 -16.8196)
(-114.056 -0.402343 -16.8204)
(-113.993 -0.3938 -16.8427)
(-114.147 0.138027 -16.93)
(-119.361 -0.156003 -19.0752)
(-119.113 0.369711 -18.9686)
(-119.078 0.38494 -18.9284)
(-119.101 0.153299 -18.9174)
(-119.101 -0.153299 -18.9174)
(-119.078 -0.38494 -18.9284)
(-119.113 -0.369711 -18.9686)
(-119.361 0.156003 -19.0752)
(-123.841 -0.165111 -21.1761)
(-123.528 0.357425 -21.054)
(-123.424 0.37522 -20.9992)
(-123.404 0.149792 -20.9797)
(-123.404 -0.149792 -20.9797)
(-123.424 -0.37522 -20.9992)
(-123.528 -0.357425 -21.054)
(-123.841 0.165111 -21.1761)
(-127.638 -0.167245 -23.2149)
(-127.28 0.355154 -23.08)
(-127.128 0.372633 -23.0134)
(-127.078 0.148721 -22.9871)
(-127.078 -0.148721 -22.9871)
(-127.128 -0.372633 -23.0134)
(-127.28 -0.355154 -23.08)
(-127.638 0.167245 -23.2149)
(-130.795 -0.164089 -25.1753)
(-130.406 0.360543 -25.0295)
(-130.22 0.375774 -24.9537)
(-130.149 0.149682 -24.9219)
(-130.149 -0.149682 -24.9219)
(-130.22 -0.375774 -24.9537)
(-130.406 -0.360543 -25.0295)
(-130.795 0.164089 -25.1753)
(-133.351 -0.157021 -27.0429)
(-132.939 0.371307 -26.8877)
(-132.73 0.383045 -26.8044)
(-132.645 0.152144 -26.7685)
(-132.645 -0.152144 -26.7685)
(-132.73 -0.383045 -26.8044)
(-132.939 -0.371307 -26.8877)
(-133.351 0.157021 -27.0429)
(-135.345 -0.147114 -28.8052)
(-134.913 0.385516 -28.6417)
(-134.688 0.392991 -28.5523)
(-134.593 0.155593 -28.5131)
(-134.593 -0.155593 -28.5131)
(-134.688 -0.392991 -28.5523)
(-134.913 -0.385516 -28.6417)
(-135.345 0.147114 -28.8052)
(-136.809 -0.135175 -30.4518)
(-136.362 0.401671 -30.2805)
(-136.124 0.404431 -30.186)
(-136.022 0.159601 -30.1442)
(-136.022 -0.159601 -30.1442)
(-136.124 -0.404431 -30.186)
(-136.362 -0.401671 -30.2805)
(-136.809 0.135175 -30.4518)
(-137.778 -0.121799 -31.9741)
(-137.316 0.418677 -31.7955)
(-137.068 0.416475 -31.6965)
(-136.961 0.163838 -31.6525)
(-136.961 -0.163838 -31.6525)
(-137.068 -0.416475 -31.6965)
(-137.316 -0.418677 -31.7955)
(-137.778 0.121799 -31.9741)
(-138.283 -0.107423 -33.3651)
(-137.806 0.435772 -33.1795)
(-137.55 0.428496 -33.0765)
(-137.44 0.168068 -33.0307)
(-137.44 -0.168068 -33.0307)
(-137.55 -0.428496 -33.0765)
(-137.806 -0.435772 -33.1795)
(-138.283 0.107423 -33.3651)
(-138.356 -0.0923673 -34.6198)
(-137.865 0.452454 -34.4274)
(-137.601 0.440074 -34.3208)
(-137.487 0.172131 -34.2733)
(-137.487 -0.172131 -34.2733)
(-137.601 -0.440074 -34.3208)
(-137.865 -0.452454 -34.4274)
(-138.356 0.0923673 -34.6198)
(-138.025 -0.0768732 -35.7345)
(-137.521 0.468402 -35.5355)
(-137.25 0.450946 -35.4255)
(-137.133 0.175926 -35.3765)
(-137.133 -0.175926 -35.3765)
(-137.25 -0.450946 -35.4255)
(-137.521 -0.468402 -35.5355)
(-138.025 0.0768732 -35.7345)
(-137.32 -0.0611263 -36.7071)
(-136.803 0.483424 -36.5017)
(-136.526 0.460957 -36.3885)
(-136.406 0.179394 -36.3382)
(-136.406 -0.179394 -36.3382)
(-136.526 -0.460957 -36.3885)
(-136.803 -0.483424 -36.5017)
(-137.32 0.0611263 -36.7071)
(-136.269 -0.0452753 -37.5368)
(-135.739 0.49741 -37.3253)
(-135.456 0.470026 -37.2089)
(-135.333 0.182503 -37.1573)
(-135.333 -0.182503 -37.1573)
(-135.456 -0.470026 -37.2089)
(-135.739 -0.49741 -37.3253)
(-136.269 0.0452753 -37.5368)
(-134.898 -0.0294437 -38.2237)
(-134.356 0.510302 -38.0064)
(-134.067 0.478117 -37.8871)
(-133.943 0.185242 -37.8343)
(-133.943 -0.185242 -37.8343)
(-134.067 -0.478117 -37.8871)
(-134.356 -0.510302 -38.0064)
(-134.898 0.0294437 -38.2237)
(-133.234 -0.0137376 -38.7694)
(-132.681 0.522073 -38.5465)
(-132.386 0.485223 -38.4245)
(-132.259 0.187607 -38.3706)
(-132.259 -0.187607 -38.3706)
(-132.386 -0.485223 -38.4245)
(-132.681 -0.522073 -38.5465)
(-133.234 0.0137376 -38.7694)
(-131.301 0.00174971 -39.1761)
(-130.737 0.532713 -38.948)
(-130.438 0.491352 -38.8235)
(-130.309 0.189603 -38.7685)
(-130.309 -0.189603 -38.7685)
(-130.438 -0.491352 -38.8235)
(-130.737 -0.532713 -38.948)
(-131.301 -0.0017497 -39.1761)
(-129.122 0.0169348 -39.4468)
(-128.55 0.542223 -39.214)
(-128.246 0.496521 -39.0872)
(-128.115 0.191238 -39.0313)
(-128.115 -0.191239 -39.0313)
(-128.246 -0.496521 -39.0872)
(-128.55 -0.542223 -39.214)
(-129.122 -0.0169348 -39.4468)
(-126.721 0.0317426 -39.5855)
(-126.141 0.550607 -39.3484)
(-125.833 0.50075 -39.2195)
(-125.701 0.192522 -39.1627)
(-125.701 -0.192522 -39.1627)
(-125.833 -0.50075 -39.2195)
(-126.141 -0.550607 -39.3484)
(-126.721 -0.0317426 -39.5855)
(-124.12 0.0461057 -39.5967)
(-123.532 0.557874 -39.3557)
(-123.221 0.504061 -39.2249)
(-123.087 0.193462 -39.1674)
(-123.087 -0.193462 -39.1674)
(-123.221 -0.504061 -39.2249)
(-123.532 -0.557874 -39.3557)
(-124.12 -0.0461057 -39.5967)
(-121.338 0.0599635 -39.4852)
(-120.745 0.564034 -39.241)
(-120.431 0.506475 -39.1086)
(-120.296 0.19407 -39.0505)
(-120.296 -0.19407 -39.0505)
(-120.431 -0.506475 -39.1086)
(-120.745 -0.564034 -39.241)
(-121.338 -0.0599635 -39.4852)
(-118.396 0.0732621 -39.2567)
(-117.799 0.569096 -39.0096)
(-117.483 0.508015 -38.876)
(-117.347 0.194355 -38.8174)
(-117.347 -0.194355 -38.8174)
(-117.483 -0.508015 -38.876)
(-117.799 -0.569096 -39.0096)
(-118.396 -0.0732621 -39.2567)
(-115.312 0.0859543 -38.9169)
(-114.712 0.573075 -38.6676)
(-114.395 0.508703 -38.533)
(-114.259 0.194325 -38.474)
(-114.259 -0.194326 -38.474)
(-114.395 -0.508703 -38.533)
(-114.712 -0.573075 -38.6676)
(-115.312 -0.0859544 -38.9169)
(-112.105 0.0979993 -38.472)
(-111.504 0.575983 -38.2211)
(-111.186 0.50856 -38.0857)
(-111.049 0.193992 -38.0265)
(-111.049 -0.193992 -38.0265)
(-111.186 -0.50856 -38.0857)
(-111.504 -0.575983 -38.2211)
(-112.105 -0.0979993 -38.472)
(-108.791 0.109362 -37.9285)
(-108.189 0.577836 -37.6764)
(-107.872 0.507608 -37.5407)
(-107.735 0.193362 -37.4814)
(-107.735 -0.193362 -37.4814)
(-107.872 -0.507608 -37.5407)
(-108.189 -0.577836 -37.6764)
(-108.791 -0.109362 -37.9285)
(-105.386 0.120014 -37.2928)
(-104.786 0.578653 -37.0402)
(-104.469 0.505869 -36.9044)
(-104.333 0.192447 -36.8451)
(-104.333 -0.192447 -36.8451)
(-104.469 -0.505869 -36.9044)
(-104.786 -0.578653 -37.0402)
(-105.386 -0.120014 -37.2928)
(-101.907 0.129931 -36.5718)
(-101.308 0.578451 -36.3192)
(-100.993 0.503367 -36.1837)
(-100.858 0.191254 -36.1245)
(-100.858 -0.191254 -36.1245)
(-100.993 -0.503367 -36.1837)
(-101.308 -0.578451 -36.3192)
(-101.907 -0.129931 -36.5718)
(-98.3657 0.139095 -35.7722)
(-97.7712 0.577253 -35.5202)
(-97.4582 0.500125 -35.3852)
(-97.3236 0.189794 -35.3264)
(-97.3236 -0.189794 -35.3264)
(-97.4582 -0.500125 -35.3852)
(-97.7712 -0.577253 -35.5202)
(-98.3657 -0.139096 -35.7722)
(-94.7776 0.147494 -34.9008)
(-94.1879 0.575081 -34.6501)
(-93.8777 0.496166 -34.5159)
(-93.7444 0.188075 -34.4574)
(-93.7444 -0.188075 -34.4574)
(-93.8777 -0.496166 -34.5159)
(-94.1879 -0.575081 -34.6501)
(-94.7776 -0.147494 -34.9008)
(-91.1552 0.155118 -33.9644)
(-90.5715 0.57196 -33.7155)
(-90.2646 0.491515 -33.5824)
(-90.1328 0.186107 -33.5245)
(-90.1328 -0.186107 -33.5245)
(-90.2646 -0.491515 -33.5824)
(-90.5715 -0.57196 -33.7155)
(-91.1552 -0.155118 -33.9644)
(-87.5105 0.161963 -32.97)
(-86.9339 0.567917 -32.7233)
(-86.6311 0.486197 -32.5916)
(-86.5009 0.1839 -32.5344)
(-86.5009 -0.1839 -32.5344)
(-86.6311 -0.486197 -32.5916)
(-86.9339 -0.567917 -32.7233)
(-87.5105 -0.161963 -32.97)
(-83.8551 0.168028 -31.924)
(-83.2866 0.562978 -31.6801)
(-82.9883 0.480236 -31.5502)
(-82.8602 0.181464 -31.4937)
(-82.8602 -0.181464 -31.4937)
(-82.9883 -0.480236 -31.5502)
(-83.2866 -0.562978 -31.6801)
(-83.8551 -0.168028 -31.924)
(-80.1997 0.173318 -30.8332)
(-79.6404 0.557172 -30.5926)
(-79.3472 0.473658 -30.4646)
(-79.2213 0.178807 -30.409)
(-79.2213 -0.178807 -30.409)
(-79.3472 -0.473658 -30.4646)
(-79.6404 -0.557172 -30.5926)
(-80.1997 -0.173318 -30.8332)
(-76.5546 0.177838 -29.7039)
(-76.0053 0.550529 -29.4671)
(-75.7177 0.466488 -29.3413)
(-75.5942 0.17594 -29.2867)
(-75.5942 -0.17594 -29.2867)
(-75.7177 -0.466488 -29.3413)
(-76.0053 -0.550529 -29.4671)
(-76.5546 -0.177838 -29.7039)
(-72.9292 0.181598 -28.5426)
(-72.3909 0.54308 -28.3099)
(-72.1092 0.458752 -28.1865)
(-71.9883 0.172872 -28.1331)
(-71.9883 -0.172872 -28.1331)
(-72.1092 -0.458752 -28.1865)
(-72.3909 -0.54308 -28.3099)
(-72.9292 -0.181598 -28.5426)
(-69.3326 0.184609 -27.3552)
(-68.8059 0.534856 -27.1271)
(-68.5306 0.450476 -27.0064)
(-68.4126 0.169612 -26.9541)
(-68.4126 -0.169612 -26.9541)
(-68.5306 -0.450476 -27.0064)
(-68.8059 -0.534856 -27.1271)
(-69.3326 -0.184609 -27.3552)
(-65.773 0.186888 -26.1477)
(-65.2587 0.525887 -25.9246)
(-64.9902 0.441686 -25.8067)
(-64.8751 0.166171 -25.7557)
(-64.8751 -0.166171 -25.7557)
(-64.9902 -0.441686 -25.8067)
(-65.2587 -0.525887 -25.9246)
(-65.773 -0.186888 -26.1477)
(-62.2584 0.188449 -24.9258)
(-61.7571 0.516207 -24.708)
(-61.4958 0.432407 -24.5931)
(-61.3838 0.162558 -24.5435)
(-61.3838 -0.162558 -24.5435)
(-61.4958 -0.432407 -24.5931)
(-61.7571 -0.516207 -24.708)
(-62.2584 -0.188449 -24.9258)
(-58.7961 0.189312 -23.6951)
(-58.3084 0.505848 -23.4829)
(-58.0544 0.422664 -23.3712)
(-57.9457 0.158782 -23.3229)
(-57.9457 -0.158782 -23.3229)
(-58.0544 -0.422664 -23.3712)
(-58.3084 -0.505848 -23.4829)
(-58.7961 -0.189312 -23.6951)
(-55.3929 0.189497 -22.4607)
(-54.9192 0.494842 -22.2544)
(-54.6729 0.412482 -22.146)
(-54.5675 0.154852 -22.0992)
(-54.5675 -0.154852 -22.0992)
(-54.6729 -0.412482 -22.146)
(-54.9192 -0.494843 -22.2544)
(-55.3929 -0.189497 -22.4607)
(-52.0551 0.189026 -21.2276)
(-51.596 0.483222 -21.0274)
(-51.3576 0.401886 -20.9225)
(-51.2556 0.150777 -20.8772)
(-51.2556 -0.150777 -20.8772)
(-51.3576 -0.401886 -20.9225)
(-51.596 -0.483222 -21.0274)
(-52.0551 -0.189026 -21.2276)
(-48.7889 0.187922 -20.0007)
(-48.3445 0.471019 -19.8068)
(-48.1141 0.3909 -19.7054)
(-48.0157 0.146566 -19.6617)
(-48.0157 -0.146566 -19.6617)
(-48.1141 -0.3909 -19.7054)
(-48.3445 -0.471019 -19.8068)
(-48.7889 -0.187922 -20.0007)
(-45.5995 0.186207 -18.7844)
(-45.1702 0.458266 -18.597)
(-44.948 0.379548 -18.4992)
(-44.8531 0.142228 -18.4571)
(-44.8531 -0.142228 -18.4571)
(-44.948 -0.379548 -18.4992)
(-45.1702 -0.458266 -18.597)
(-45.5995 -0.186207 -18.7844)
(-42.4921 0.183908 -17.583)
(-42.0781 0.444995 -17.4022)
(-41.8642 0.367854 -17.308)
(-41.7729 0.137771 -17.2676)
(-41.7729 -0.137771 -17.2676)
(-41.8642 -0.367854 -17.308)
(-42.0781 -0.444995 -17.4022)
(-42.4921 -0.183908 -17.583)
(-39.4715 0.18105 -16.4004)
(-39.0728 0.431236 -16.2264)
(-38.8673 0.355839 -16.1359)
(-38.7797 0.133203 -16.0971)
(-38.7797 -0.133203 -16.0971)
(-38.8673 -0.355839 -16.1359)
(-39.0728 -0.431236 -16.2264)
(-39.4715 -0.18105 -16.4004)
(-36.5419 0.177658 -15.2405)
(-36.1587 0.417021 -15.0732)
(-35.9615 0.343528 -14.9864)
(-35.8775 0.128532 -14.9493)
(-35.8775 -0.128532 -14.9493)
(-35.9615 -0.343528 -14.9864)
(-36.1587 -0.417021 -15.0732)
(-36.5419 -0.177658 -15.2405)
(-33.7073 0.173759 -14.1067)
(-33.3395 0.40238 -13.9461)
(-33.1507 0.33094 -13.8631)
(-33.0704 0.123767 -13.8277)
(-33.0704 -0.123767 -13.8277)
(-33.1507 -0.33094 -13.8631)
(-33.3395 -0.40238 -13.9461)
(-33.7073 -0.173759 -14.1067)
(-30.9714 0.169379 -13.0022)
(-30.619 0.387342 -12.8484)
(-30.4384 0.318098 -12.7691)
(-30.3618 0.118914 -12.7353)
(-30.3618 -0.118914 -12.7353)
(-30.4385 -0.318098 -12.7691)
(-30.619 -0.387342 -12.8484)
(-30.9714 -0.169379 -13.0022)
(-28.3374 0.164545 -11.93)
(-28.0003 0.371936 -11.783)
(-27.828 0.305022 -11.7074)
(-27.7549 0.113981 -11.6752)
(-27.7549 -0.113981 -11.6752)
(-27.828 -0.305022 -11.7074)
(-28.0003 -0.371936 -11.783)
(-28.3374 -0.164545 -11.93)
(-25.8084 0.159283 -10.8928)
(-25.4864 0.35619 -10.7525)
(-25.3222 0.291729 -10.6806)
(-25.2527 0.108974 -10.65)
(-25.2527 -0.108974 -10.65)
(-25.3222 -0.291729 -10.6806)
(-25.4864 -0.35619 -10.7525)
(-25.8084 -0.159283 -10.8928)
(-23.3872 0.153622 -9.89325)
(-23.08 0.340133 -9.75956)
(-22.9238 0.278242 -9.69119)
(-22.8578 0.103901 -9.66218)
(-22.8578 -0.103901 -9.66218)
(-22.9238 -0.278242 -9.69119)
(-23.08 -0.340133 -9.75956)
(-23.3872 -0.153622 -9.89325)
(-21.0761 0.147587 -8.93352)
(-20.7835 0.323792 -8.8063)
(-20.6351 0.264578 -8.74144)
(-20.5725 0.0987685 -8.71398)
(-20.5725 -0.0987686 -8.71398)
(-20.6351 -0.264578 -8.74144)
(-20.7835 -0.323792 -8.8063)
(-21.0761 -0.147587 -8.93352)
(-18.8774 0.141201 -8.01569)
(-18.5991 0.307187 -7.8948)
(-18.4583 0.250751 -7.83338)
(-18.399 0.0935808 -7.80743)
(-18.399 -0.093581 -7.80743)
(-18.4583 -0.250751 -7.83338)
(-18.5991 -0.307186 -7.8948)
(-18.8774 -0.141201 -8.01569)
(-16.7931 0.134487 -7.14161)
(-16.5287 0.290334 -7.02688)
(-16.3953 0.236771 -6.96879)
(-16.3393 0.0883408 -6.94431)
(-16.3393 -0.0883409 -6.94431)
(-16.3953 -0.236771 -6.96879)
(-16.5287 -0.290334 -7.02688)
(-16.7931 -0.134487 -7.14161)
(-14.8248 0.127467 -6.3129)
(-14.5738 0.273251 -6.20414)
(-14.4477 0.222645 -6.14928)
(-14.3948 0.0830505 -6.12623)
(-14.3948 -0.0830506 -6.12623)
(-14.4477 -0.222645 -6.14928)
(-14.5738 -0.273251 -6.20414)
(-14.8248 -0.127467 -6.3129)
(-12.9741 0.120161 -5.53099)
(-12.7361 0.255947 -5.428)
(-12.6169 0.208375 -5.37626)
(-12.5672 0.0777093 -5.35461)
(-12.5672 -0.0777093 -5.35461)
(-12.6169 -0.208375 -5.37626)
(-12.7361 -0.255947 -5.428)
(-12.9741 -0.120161 -5.53099)
(-11.2421 0.112582 -4.79712)
(-11.0167 0.238417 -4.69969)
(-10.9043 0.19395 -4.65099)
(-10.8576 0.0723133 -4.63069)
(-10.8576 -0.0723134 -4.63069)
(-10.9043 -0.19395 -4.65099)
(-11.0167 -0.238417 -4.69969)
(-11.2421 -0.112582 -4.79712)
(-9.63006 0.104735 -4.11237)
(-9.4167 0.220637 -4.02029)
(-9.31094 0.179346 -3.97453)
(-9.26716 0.066853 -3.95555)
(-9.26716 -0.066853 -3.95555)
(-9.31094 -0.179346 -3.97453)
(-9.4167 -0.220637 -4.02029)
(-9.63006 -0.104735 -4.11237)
(-8.13877 0.0966119 -3.47762)
(-7.93708 0.20256 -3.3907)
(-7.83782 0.164517 -3.34782)
(-7.79701 0.0613086 -3.33017)
(-7.79701 -0.0613086 -3.33017)
(-7.83782 -0.164517 -3.34782)
(-7.93708 -0.20256 -3.3907)
(-8.13876 -0.0966119 -3.47762)
(-6.76895 0.0881871 -2.89363)
(-6.57862 0.184099 -2.8117)
(-6.48587 0.149386 -2.7717)
(-6.44811 0.0556511 -2.75539)
(-6.44811 -0.0556511 -2.75539)
(-6.48587 -0.149386 -2.7717)
(-6.57862 -0.184099 -2.8117)
(-6.76895 -0.0881871 -2.89363)
(-5.52117 0.0794109 -2.36098)
(-5.34206 0.165122 -2.28398)
(-5.25601 0.133844 -2.24692)
(-5.22147 0.0498408 -2.23203)
(-5.22147 -0.0498409 -2.23203)
(-5.25601 -0.133844 -2.24692)
(-5.34206 -0.165122 -2.28397)
(-5.52117 -0.079411 -2.36098)
(-4.39587 0.0702046 -1.88015)
(-4.22814 0.14545 -1.80812)
(-4.14925 0.117753 -1.7742)
(-4.11823 0.0438296 -1.76084)
(-4.11823 -0.0438297 -1.76084)
(-4.14925 -0.117753 -1.7742)
(-4.22814 -0.14545 -1.80812)
(-4.39587 -0.0702046 -1.88015)
(-3.39351 0.0604594 -1.45157)
(-3.23783 0.124862 -1.38478)
(-3.16687 0.100967 -1.35431)
(-3.13982 0.0375709 -1.34267)
(-3.13982 -0.037571 -1.34267)
(-3.16687 -0.100967 -1.35431)
(-3.23783 -0.124862 -1.38478)
(-3.39351 -0.0604594 -1.45157)
(-2.5148 0.0500484 -1.0757)
(-2.37256 0.103154 -1.01474)
(-2.31068 0.0833863 -0.988189)
(-2.28812 0.0310443 -0.978499)
(-2.28812 -0.0310444 -0.978499)
(-2.31068 -0.0833863 -0.988188)
(-2.37256 -0.103154 -1.01474)
(-2.5148 -0.0500484 -1.07569)
(-1.76112 0.0388679 -0.753249)
(-1.6347 0.0802557 -0.699109)
(-1.58329 0.0650762 -0.677079)
(-1.56575 0.0242984 -0.66955)
(-1.56575 -0.0242983 -0.66955)
(-1.58329 -0.0650762 -0.677078)
(-1.63469 -0.0802558 -0.699109)
(-1.76112 -0.038868 -0.753249)
(-1.1352 0.0269535 -0.48546)
(-1.0281 0.0564994 -0.439631)
(-0.988507 0.0464605 -0.422675)
(-0.97625 0.017517 -0.417421)
(-0.976249 -0.0175165 -0.41742)
(-0.988505 -0.0464603 -0.422674)
(-1.0281 -0.0564998 -0.439631)
(-1.1352 -0.0269538 -0.485461)
(-0.641849 0.0147167 -0.274424)
(-0.558599 0.0330522 -0.238821)
(-0.531502 0.028582 -0.227226)
(-0.524319 0.0110906 -0.22415)
(-0.524319 -0.0110896 -0.22415)
(-0.531503 -0.0285821 -0.227227)
(-0.558602 -0.033053 -0.238822)
(-0.641854 -0.0147172 -0.274426)
(-0.287709 0.00325969 -0.122981)
(-0.23282 0.0122986 -0.0995175)
(-0.218052 0.0132415 -0.0932027)
(-0.215152 0.00563602 -0.091961)
(-0.215158 -0.00563595 -0.0919637)
(-0.21806 -0.013242 -0.0932059)
(-0.232825 -0.0122991 -0.0995199)
(-0.287708 -0.00325978 -0.12298)
(-0.0730383 -0.00491822 -0.0312133)
(-0.0501704 -0.00176305 -0.0214412)
(-0.0471235 0.00276667 -0.0201392)
(-0.0474928 0.0018654 -0.0202967)
(-0.047501 -0.00186815 -0.0203002)
(-0.0471318 -0.00276619 -0.0201428)
(-0.0501695 0.00176372 -0.0214408)
(-0.0730371 0.0049184 -0.0312128)
(0.0179406 -0.00555522 0.00766415)
(0.0100659 -0.0032719 0.00429616)
(0.00611129 -0.000385196 0.00260618)
(0.00369811 0.00027858 0.001575)
(0.00370364 -0.000280413 0.00157735)
(0.00611763 0.000385694 0.00260887)
(0.0100692 0.0032725 0.00429756)
(0.0179476 0.00555546 0.00766714)
)
;
    }
    bottom
    {
        type            calculated;
        value           nonuniform List<vector> 
640
(
(-64.7948 -6.2945 0.90344)
(-77.0081 -8.85313 -0.654269)
(-87.2937 -5.9041 -1.96358)
(-92.1126 -1.95738 -2.60457)
(-92.1126 1.95738 -2.60457)
(-87.2937 5.9041 -1.96358)
(-77.0081 8.85313 -0.654269)
(-64.7948 6.2945 0.90344)
(-39.7188 -1.81656 2.59886)
(-43.3519 -3.07516 2.34803)
(-44.7675 -2.37251 2.228)
(-45.5363 -0.832317 2.1635)
(-45.5363 0.832317 2.1635)
(-44.7675 2.37251 2.228)
(-43.3519 3.07516 2.34803)
(-39.7188 1.81656 2.59886)
(-46.609 -0.872245 2.00369)
(-49.1787 -1.63256 1.83745)
(-49.3141 -1.37103 1.83353)
(-49.392 -0.513935 1.82669)
(-49.392 0.513935 1.82669)
(-49.3141 1.37103 1.83353)
(-49.1787 1.63256 1.83745)
(-46.609 0.872245 2.00369)
(-59.8277 -0.441251 0.638475)
(-62.2989 -0.902944 0.446074)
(-62.8881 -0.828771 0.410586)
(-63.0507 -0.329995 0.399446)
(-63.0507 0.329995 0.399446)
(-62.8881 0.828771 0.410586)
(-62.2989 0.902944 0.446074)
(-59.8277 0.441251 0.638475)
(-73.1799 -0.126945 -1.12914)
(-75.068 -0.361473 -1.29768)
(-75.9111 -0.395769 -1.36766)
(-76.2065 -0.170765 -1.39319)
(-76.2065 0.170765 -1.39319)
(-75.9111 0.395769 -1.36766)
(-75.068 0.361473 -1.29768)
(-73.1799 0.126945 -1.12914)
(-85.5583 0.0996351 -3.16471)
(-86.8172 0.00555671 -3.28504)
(-87.5962 -0.0879454 -3.36048)
(-87.9231 -0.0525083 -3.39339)
(-87.9231 0.0525083 -3.39339)
(-87.5962 0.0879454 -3.36048)
(-86.8172 -0.00555671 -3.28504)
(-85.5583 -0.099635 -3.16471)
(-96.7229 0.260052 -5.38562)
(-97.4523 0.245369 -5.45263)
(-98.0332 0.117029 -5.51311)
(-98.3128 0.0278594 -5.54405)
(-98.3128 -0.0278595 -5.54405)
(-98.0332 -0.117029 -5.51311)
(-97.4523 -0.245369 -5.45263)
(-96.7229 -0.260052 -5.38562)
(-106.64 0.373004 -7.72692)
(-106.955 0.402123 -7.74201)
(-107.315 0.250654 -7.77776)
(-107.512 0.0805475 -7.79998)
(-107.512 -0.0805476 -7.79998)
(-107.315 -0.250654 -7.77776)
(-106.955 -0.402123 -7.74201)
(-106.64 -0.373004 -7.72692)
(-115.348 0.453158 -10.1352)
(-115.359 0.507119 -10.1042)
(-115.526 0.338722 -10.1128)
(-115.636 0.115119 -10.1232)
(-115.636 -0.115119 -10.1232)
(-115.526 -0.338722 -10.1128)
(-115.359 -0.507119 -10.1042)
(-115.348 -0.453158 -10.1352)
(-122.911 0.51137 -12.5659)
(-122.714 0.580989 -12.4968)
(-122.731 0.399254 -12.4802)
(-122.766 0.138608 -12.4783)
(-122.766 -0.138608 -12.4783)
(-122.731 -0.399254 -12.4802)
(-122.714 -0.580989 -12.4968)
(-122.911 -0.51137 -12.5659)
(-129.403 0.554998 -14.9815)
(-129.075 0.636468 -14.8829)
(-128.985 0.443694 -14.8451)
(-128.963 0.155595 -14.8322)
(-128.963 -0.155595 -14.8322)
(-128.985 -0.443694 -14.8451)
(-129.075 -0.636468 -14.8829)
(-129.403 -0.554998 -14.9815)
(-134.903 0.588707 -17.3511)
(-134.502 0.680928 -17.2312)
(-134.341 0.478783 -17.1768)
(-134.28 0.168823 -17.1548)
(-134.28 -0.168823 -17.1548)
(-134.341 -0.478783 -17.1768)
(-134.502 -0.680928 -17.2312)
(-134.903 -0.588707 -17.3511)
(-139.486 0.615346 -19.649)
(-139.053 0.718404 -19.5148)
(-138.852 0.508239 -19.4483)
(-138.766 0.179824 -19.4195)
(-138.766 -0.179824 -19.4195)
(-138.852 -0.508239 -19.4483)
(-139.053 -0.718404 -19.5148)
(-139.486 -0.615346 -19.649)
(-143.224 0.636638 -21.854)
(-142.787 0.750989 -21.7113)
(-142.568 0.533986 -21.6368)
(-142.468 0.1894 -21.6032)
(-142.468 -0.1894 -21.6032)
(-142.568 -0.533986 -21.6368)
(-142.787 -0.750989 -21.7113)
(-143.224 -0.636638 -21.854)
(-146.184 0.653639 -23.9485)
(-145.763 0.779723 -23.8021)
(-145.539 0.556956 -23.7229)
(-145.434 0.197944 -23.6862)
(-145.434 -0.197944 -23.6862)
(-145.539 -0.556956 -23.7229)
(-145.763 -0.779723 -23.8021)
(-146.184 -0.653639 -23.9485)
(-148.427 0.667028 -25.9182)
(-148.033 0.80512 -25.7717)
(-147.817 0.57758 -25.6905)
(-147.712 0.205637 -25.6522)
(-147.712 -0.205637 -25.6522)
(-147.817 -0.57758 -25.6905)
(-148.033 -0.80512 -25.7717)
(-148.427 -0.667028 -25.9182)
(-150.008 0.677271 -27.7515)
(-149.651 0.827449 -27.608)
(-149.449 0.596053 -27.5268)
(-149.348 0.21256 -27.4879)
(-149.348 -0.21256 -27.4879)
(-149.449 -0.596053 -27.5268)
(-149.651 -0.827449 -27.608)
(-150.008 -0.677271 -27.7515)
(-150.982 0.684718 -29.4392)
(-150.666 0.846883 -29.3011)
(-150.481 0.612479 -29.2216)
(-150.388 0.218751 -29.1831)
(-150.388 -0.218751 -29.1831)
(-150.481 -0.612479 -29.2216)
(-150.666 -0.846883 -29.3011)
(-150.982 -0.684718 -29.4392)
(-151.397 0.689649 -30.9747)
(-151.125 0.863564 -30.8438)
(-150.96 0.626934 -30.7671)
(-150.875 0.224238 -30.7297)
(-150.875 -0.224238 -30.7297)
(-150.96 -0.626934 -30.7671)
(-151.125 -0.863564 -30.8438)
(-151.397 -0.689649 -30.9747)
(-151.299 0.692301 -32.3529)
(-151.071 0.877622 -32.2307)
(-150.927 0.639488 -32.158)
(-150.852 0.229042 -32.122)
(-150.852 -0.229042 -32.122)
(-150.927 -0.639488 -32.158)
(-151.071 -0.877622 -32.2307)
(-151.299 -0.692301 -32.3529)
(-150.73 0.692881 -33.571)
(-150.546 0.889188 -33.4587)
(-150.425 0.650216 -33.3905)
(-150.359 0.23319 -33.3564)
(-150.359 -0.23319 -33.3564)
(-150.425 -0.650216 -33.3905)
(-150.546 -0.889188 -33.4587)
(-150.73 -0.692881 -33.571)
(-149.731 0.691571 -34.6276)
(-149.591 0.89839 -34.5259)
(-149.491 0.659195 -34.4629)
(-149.435 0.236706 -34.4311)
(-149.435 -0.236706 -34.4311)
(-149.491 -0.659195 -34.4629)
(-149.591 -0.89839 -34.5259)
(-149.731 -0.691571 -34.6276)
(-148.339 0.688539 -35.5228)
(-148.242 0.905352 -35.4325)
(-148.164 0.666502 -35.375)
(-148.118 0.239616 -35.3456)
(-148.118 -0.239616 -35.3456)
(-148.164 -0.666502 -35.375)
(-148.242 -0.905352 -35.4325)
(-148.339 -0.688539 -35.5228)
(-146.592 0.683935 -36.258)
(-146.535 0.910192 -36.1795)
(-146.478 0.672213 -36.1279)
(-146.441 0.241948 -36.1011)
(-146.441 -0.241948 -36.1011)
(-146.478 -0.672213 -36.1279)
(-146.535 -0.910192 -36.1795)
(-146.592 -0.683935 -36.258)
(-144.522 0.6779 -36.8358)
(-144.504 0.913025 -36.7694)
(-144.467 0.676403 -36.7239)
(-144.44 0.243726 -36.6998)
(-144.44 -0.243726 -36.6998)
(-144.467 -0.676403 -36.7239)
(-144.504 -0.913025 -36.7694)
(-144.522 -0.6779 -36.8358)
(-142.162 0.670564 -37.2599)
(-142.181 0.913961 -37.2057)
(-142.163 0.679144 -37.1664)
(-142.144 0.244976 -37.145)
(-142.144 -0.244976 -37.145)
(-142.163 -0.679144 -37.1664)
(-142.181 -0.913961 -37.2057)
(-142.162 -0.670564 -37.2599)
(-139.542 0.662049 -37.5347)
(-139.596 0.913107 -37.4928)
(-139.596 0.680506 -37.4596)
(-139.585 0.245722 -37.4411)
(-139.585 -0.245722 -37.4411)
(-139.596 -0.680506 -37.4596)
(-139.596 -0.913107 -37.4928)
(-139.542 -0.662049 -37.5347)
(-136.69 0.652471 -37.6654)
(-136.776 0.910565 -37.6357)
(-136.793 0.680558 -37.6087)
(-136.79 0.245987 -37.5929)
(-136.79 -0.245987 -37.5929)
(-136.793 -0.680558 -37.6087)
(-136.776 -0.910565 -37.6357)
(-136.69 -0.652471 -37.6654)
(-133.633 0.641939 -37.6581)
(-133.749 0.906437 -37.6402)
(-133.781 0.679368 -37.6193)
(-133.786 0.245796 -37.6063)
(-133.786 -0.245796 -37.6063)
(-133.781 -0.679368 -37.6193)
(-133.749 -0.906437 -37.6402)
(-133.633 -0.641939 -37.6581)
(-130.396 0.630558 -37.519)
(-130.54 0.90082 -37.5127)
(-130.586 0.677003 -37.4977)
(-130.598 0.245171 -37.4874)
(-130.598 -0.245171 -37.4874)
(-130.586 -0.677003 -37.4977)
(-130.54 -0.90082 -37.5127)
(-130.396 -0.630558 -37.519)
(-127.003 0.618425 -37.2551)
(-127.172 0.893811 -37.2598)
(-127.231 0.673527 -37.2505)
(-127.249 0.244136 -37.2429)
(-127.249 -0.244136 -37.2429)
(-127.231 -0.673527 -37.2505)
(-127.172 -0.893811 -37.2598)
(-127.003 -0.618425 -37.2551)
(-123.476 0.605635 -36.8734)
(-123.667 0.885503 -36.8887)
(-123.738 0.669006 -36.8849)
(-123.762 0.242713 -36.8798)
(-123.762 -0.242713 -36.8798)
(-123.738 -0.669006 -36.8849)
(-123.667 -0.885503 -36.8887)
(-123.476 -0.605635 -36.8734)
(-119.836 0.592276 -36.3815)
(-120.046 0.875988 -36.4066)
(-120.128 0.663502 -36.4081)
(-120.157 0.240924 -36.4054)
(-120.157 -0.240924 -36.4054)
(-120.128 -0.663502 -36.4081)
(-120.046 -0.875988 -36.4066)
(-119.836 -0.592276 -36.3815)
(-116.101 0.578429 -35.7867)
(-116.329 0.865352 -35.8212)
(-116.421 0.657078 -35.8276)
(-116.454 0.238792 -35.8272)
(-116.454 -0.238792 -35.8272)
(-116.421 -0.657078 -35.8276)
(-116.329 -0.865352 -35.8212)
(-116.101 -0.578429 -35.7867)
(-112.291 0.564174 -35.097)
(-112.534 0.85368 -35.1401)
(-112.633 0.649792 -35.151)
(-112.671 0.236337 -35.1528)
(-112.671 -0.236337 -35.1528)
(-112.633 -0.649792 -35.151)
(-112.534 -0.85368 -35.1401)
(-112.291 -0.564174 -35.097)
(-108.421 0.549581 -34.3198)
(-108.677 0.841054 -34.3708)
(-108.784 0.641703 -34.3859)
(-108.824 0.23358 -34.3897)
(-108.824 -0.23358 -34.3897)
(-108.784 -0.641704 -34.3859)
(-108.677 -0.841054 -34.3708)
(-108.421 -0.549581 -34.3198)
(-104.508 0.53472 -33.463)
(-104.774 0.827551 -33.5211)
(-104.887 0.632868 -33.5401)
(-104.931 0.230541 -33.5458)
(-104.931 -0.230541 -33.5458)
(-104.887 -0.632868 -33.5401)
(-104.774 -0.827551 -33.5211)
(-104.508 -0.53472 -33.463)
(-100.566 0.519653 -32.5342)
(-100.841 0.813245 -32.5987)
(-100.958 0.623339 -32.6211)
(-101.005 0.22724 -32.6285)
(-101.005 -0.22724 -32.6285)
(-100.958 -0.623339 -32.6211)
(-100.841 -0.813246 -32.5987)
(-100.566 -0.519653 -32.5342)
(-96.6097 0.504438 -31.541)
(-96.8902 0.798208 -31.611)
(-97.0115 0.613169 -31.6365)
(-97.0599 0.223695 -31.6454)
(-97.0599 -0.223695 -31.6454)
(-97.0115 -0.613169 -31.6365)
(-96.8902 -0.798208 -31.611)
(-96.6097 -0.504438 -31.541)
(-92.6502 0.489126 -30.4907)
(-92.9348 0.782503 -30.5654)
(-93.0589 0.602405 -30.5937)
(-93.109 0.219923 -30.6039)
(-93.109 -0.219923 -30.6039)
(-93.0589 -0.602405 -30.5937)
(-92.9348 -0.782503 -30.5654)
(-92.6502 -0.489126 -30.4907)
(-88.6999 0.473767 -29.3905)
(-88.9867 0.766195 -29.4692)
(-89.1126 0.591095 -29.4998)
(-89.1639 0.215941 -29.5113)
(-89.1639 -0.215941 -29.5113)
(-89.1126 -0.591095 -29.4998)
(-88.9867 -0.766195 -29.4692)
(-88.6999 -0.473767 -29.3905)
(-84.7695 0.458404 -28.2476)
(-85.0566 0.749343 -28.3295)
(-85.1835 0.579282 -28.362)
(-85.2355 0.211766 -28.3745)
(-85.2355 -0.211766 -28.3745)
(-85.1835 -0.579282 -28.362)
(-85.0566 -0.749343 -28.3295)
(-84.7695 -0.458404 -28.2476)
(-80.8689 0.443077 -27.0687)
(-81.1547 0.732002 -27.153)
(-81.2817 0.56701 -27.1871)
(-81.3341 0.207413 -27.2004)
(-81.3341 -0.207413 -27.2004)
(-81.2817 -0.56701 -27.1871)
(-81.1547 -0.732002 -27.153)
(-80.8689 -0.443077 -27.0687)
(-77.0073 0.427822 -25.8603)
(-77.2902 0.714224 -25.9463)
(-77.4165 0.554317 -25.9816)
(-77.469 0.202896 -25.9956)
(-77.469 -0.202896 -25.9956)
(-77.4165 -0.554317 -25.9816)
(-77.2902 -0.714224 -25.9463)
(-77.0073 -0.427822 -25.8603)
(-73.1933 0.41267 -24.6289)
(-73.4717 0.696058 -24.7159)
(-73.5966 0.541241 -24.752)
(-73.6488 0.198229 -24.7665)
(-73.6488 -0.198229 -24.7665)
(-73.5966 -0.541241 -24.752)
(-73.4717 -0.696058 -24.7159)
(-73.1933 -0.41267 -24.6289)
(-69.4345 0.39765 -23.3805)
(-69.7072 0.677549 -23.4677)
(-69.8299 0.527819 -23.5044)
(-69.8815 0.193426 -23.5193)
(-69.8815 -0.193426 -23.5193)
(-69.8299 -0.527819 -23.5044)
(-69.7072 -0.677549 -23.4677)
(-69.4345 -0.39765 -23.3805)
(-65.7382 0.382787 -22.1208)
(-66.0038 0.658741 -22.2076)
(-66.1237 0.514082 -22.2445)
(-66.1744 0.188497 -22.2596)
(-66.1744 -0.188497 -22.2596)
(-66.1237 -0.514082 -22.2445)
(-66.0038 -0.658741 -22.2076)
(-65.7382 -0.382787 -22.1208)
(-62.1109 0.368101 -20.8554)
(-62.3682 0.639672 -20.9412)
(-62.4848 0.500063 -20.978)
(-62.5344 0.183456 -20.9931)
(-62.5344 -0.183456 -20.9931)
(-62.4848 -0.500063 -20.978)
(-62.3682 -0.639672 -20.9412)
(-62.1109 -0.3681 -20.8554)
(-58.5585 0.35361 -19.5895)
(-58.8066 0.620379 -19.6737)
(-58.9193 0.485791 -19.71)
(-58.9675 0.178313 -19.7251)
(-58.9675 -0.178313 -19.7251)
(-58.9193 -0.485791 -19.71)
(-58.8066 -0.620379 -19.6737)
(-58.5585 -0.35361 -19.5895)
(-55.0866 0.339332 -18.328)
(-55.3244 0.600896 -18.41)
(-55.4328 0.471293 -18.4456)
(-55.4793 0.173078 -18.4606)
(-55.4793 -0.173078 -18.4606)
(-55.4328 -0.471293 -18.4456)
(-55.3244 -0.600896 -18.41)
(-55.0866 -0.339332 -18.328)
(-51.7001 0.325276 -17.0755)
(-51.9268 0.581254 -17.1549)
(-52.0304 0.456596 -17.1896)
(-52.0751 0.167761 -17.2042)
(-52.0751 -0.167761 -17.2042)
(-52.0304 -0.456596 -17.1896)
(-51.9268 -0.581254 -17.1549)
(-51.7001 -0.325276 -17.0755)
(-48.4034 0.311455 -15.8364)
(-48.6184 0.561481 -15.9127)
(-48.7168 0.441722 -15.9462)
(-48.7595 0.16237 -15.9604)
(-48.7595 -0.16237 -15.9604)
(-48.7168 -0.441722 -15.9462)
(-48.6183 -0.561481 -15.9127)
(-48.4034 -0.311455 -15.8364)
(-45.2008 0.297874 -14.6148)
(-45.4032 0.541604 -14.6875)
(-45.4962 0.426696 -14.7196)
(-45.5367 0.156915 -14.7334)
(-45.5367 -0.156915 -14.7334)
(-45.4962 -0.426696 -14.7196)
(-45.4032 -0.541605 -14.6875)
(-45.2008 -0.297874 -14.6148)
(-42.0958 0.28454 -13.4144)
(-42.2852 0.521648 -13.4832)
(-42.3724 0.411537 -13.5137)
(-42.4106 0.151404 -13.5269)
(-42.4106 -0.151404 -13.5269)
(-42.3724 -0.411537 -13.5137)
(-42.2852 -0.521648 -13.4832)
(-42.0958 -0.28454 -13.4144)
(-39.0917 0.271456 -12.2388)
(-39.2676 0.501634 -12.3033)
(-39.3488 0.396266 -12.332)
(-39.3846 0.145843 -12.3446)
(-39.3846 -0.145843 -12.3446)
(-39.3488 -0.396266 -12.332)
(-39.2676 -0.501634 -12.3033)
(-39.0917 -0.271456 -12.2388)
(-36.1915 0.258624 -11.0912)
(-36.3536 0.481582 -11.1511)
(-36.4286 0.380899 -11.1779)
(-36.4619 0.140239 -11.1897)
(-36.4619 -0.140239 -11.1897)
(-36.4286 -0.380899 -11.1779)
(-36.3536 -0.481582 -11.1511)
(-36.1915 -0.258624 -11.0912)
(-33.3979 0.246042 -9.97452)
(-33.5458 0.46151 -10.0296)
(-33.6145 0.365454 -10.0544)
(-33.6451 0.1346 -10.0654)
(-33.6451 -0.1346 -10.0654)
(-33.6145 -0.365454 -10.0544)
(-33.5458 -0.46151 -10.0296)
(-33.3979 -0.246042 -9.97451)
(-30.7131 0.233708 -8.89153)
(-30.8467 0.441434 -8.94165)
(-30.9089 0.349946 -8.96426)
(-30.9369 0.12893 -8.97439)
(-30.9369 -0.12893 -8.97439)
(-30.9089 -0.349946 -8.96426)
(-30.8467 -0.441434 -8.94165)
(-30.7131 -0.233708 -8.89153)
(-28.1392 0.22162 -7.84472)
(-28.2584 0.421368 -7.88966)
(-28.314 0.334389 -7.91)
(-28.3393 0.123235 -7.91922)
(-28.3393 -0.123235 -7.91922)
(-28.314 -0.334389 -7.91)
(-28.2584 -0.421368 -7.88966)
(-28.1392 -0.22162 -7.84472)
(-25.678 0.209771 -6.83631)
(-25.7827 0.401326 -6.87594)
(-25.8317 0.318795 -6.89394)
(-25.8543 0.117521 -6.90222)
(-25.8543 -0.117521 -6.90222)
(-25.8317 -0.318795 -6.89394)
(-25.7827 -0.401326 -6.87594)
(-25.678 -0.209771 -6.83631)
(-23.3311 0.198157 -5.86833)
(-23.4213 0.381317 -5.90254)
(-23.4636 0.303175 -5.91815)
(-23.4835 0.111791 -5.92546)
(-23.4835 -0.111791 -5.92546)
(-23.4636 -0.303175 -5.91815)
(-23.4213 -0.381317 -5.90254)
(-23.3311 -0.198157 -5.86833)
(-21.0997 0.186769 -4.94256)
(-21.1755 0.361351 -4.97131)
(-21.2112 0.287539 -4.98448)
(-21.2283 0.106049 -4.99079)
(-21.2283 -0.106049 -4.99079)
(-21.2112 -0.287539 -4.98448)
(-21.1755 -0.361351 -4.97131)
(-21.0997 -0.186769 -4.94256)
(-18.985 0.175596 -4.0606)
(-19.0466 0.341432 -4.08386)
(-19.0757 0.271893 -4.09457)
(-19.0901 0.100299 -4.09987)
(-19.0901 -0.100299 -4.09987)
(-19.0757 -0.271893 -4.09457)
(-19.0466 -0.341432 -4.08386)
(-18.985 -0.175596 -4.0606)
(-16.9879 0.164629 -3.22385)
(-17.0354 0.321562 -3.24162)
(-17.0581 0.256242 -3.24986)
(-17.0698 0.0945404 -3.25414)
(-17.0698 -0.0945405 -3.25414)
(-17.0581 -0.256242 -3.24986)
(-17.0354 -0.321562 -3.24162)
(-16.9879 -0.164629 -3.22385)
(-15.1092 0.153853 -2.43352)
(-15.1429 0.30174 -2.44583)
(-15.1592 0.240583 -2.45161)
(-15.1683 0.088774 -2.45488)
(-15.1683 -0.0887741 -2.45488)
(-15.1592 -0.240583 -2.45161)
(-15.1429 -0.30174 -2.44583)
(-15.1092 -0.153853 -2.43352)
(-13.3494 0.143254 -1.69063)
(-13.3696 0.281955 -1.69755)
(-13.3798 0.22491 -1.70091)
(-13.3862 0.0829964 -1.70319)
(-13.3862 -0.0829964 -1.70319)
(-13.3798 -0.22491 -1.70091)
(-13.3696 -0.281955 -1.69755)
(-13.3494 -0.143254 -1.69063)
(-11.7091 0.132807 -0.996069)
(-11.7161 0.262183 -0.997703)
(-11.7203 0.209204 -0.998691)
(-11.7242 0.0772008 -1)
(-11.7242 -0.0772007 -1)
(-11.7203 -0.209204 -0.99869)
(-11.7161 -0.262183 -0.997703)
(-11.7091 -0.132807 -0.996068)
(-10.1883 0.122483 -0.350544)
(-10.1827 0.242384 -0.347027)
(-10.1812 0.193432 -0.345739)
(-10.1828 0.0713741 -0.346135)
(-10.1828 -0.0713741 -0.346135)
(-10.1812 -0.193432 -0.345739)
(-10.1827 -0.242384 -0.347027)
(-10.1883 -0.122483 -0.350544)
(-8.78745 0.112238 0.24537)
(-8.76962 0.222491 0.253853)
(-8.76281 0.177537 0.257277)
(-8.76236 0.0654953 0.257718)
(-8.76236 -0.0654951 0.257718)
(-8.76281 -0.177537 0.257277)
(-8.76962 -0.222491 0.253853)
(-8.78745 -0.112238 0.245371)
(-7.50643 0.102013 0.791239)
(-7.47714 0.202399 0.80443)
(-7.46557 0.161435 0.809781)
(-7.46331 0.0595328 0.810942)
(-7.46331 -0.0595327 0.810942)
(-7.46557 -0.161435 0.809781)
(-7.47714 -0.2024 0.80443)
(-7.50643 -0.102013 0.79124)
(-6.3452 0.0917233 1.28674)
(-6.30539 0.18196 1.30428)
(-6.28981 0.145009 1.31125)
(-6.28616 0.0534438 1.31296)
(-6.28616 -0.0534437 1.31296)
(-6.28981 -0.145009 1.31125)
(-6.30539 -0.18196 1.30428)
(-6.3452 -0.0917233 1.28674)
(-5.30369 0.0812551 1.73164)
(-5.25464 0.16097 1.753)
(-5.23609 0.128107 1.76116)
(-5.23163 0.0471756 1.76319)
(-5.23163 -0.0471756 1.76319)
(-5.23609 -0.128107 1.76116)
(-5.25464 -0.16097 1.753)
(-5.30369 -0.0812551 1.73164)
(-4.38192 0.0704616 2.1257)
(-4.32543 0.139184 2.15013)
(-4.30533 0.110566 2.1589)
(-4.30075 0.040676 2.16094)
(-4.30075 -0.0406761 2.16094)
(-4.30533 -0.110566 2.1589)
(-4.32543 -0.139184 2.15013)
(-4.38192 -0.0704615 2.1257)
(-3.5803 0.0591751 2.46858)
(-3.51892 0.116371 2.49502)
(-3.49902 0.0922697 2.50365)
(-3.49514 0.0339173 2.50538)
(-3.49514 -0.0339176 2.50538)
(-3.49902 -0.0922699 2.50365)
(-3.51892 -0.116371 2.49502)
(-3.58031 -0.059175 2.46858)
(-2.9002 0.0472562 2.75959)
(-2.83737 0.0924447 2.78659)
(-2.81967 0.0732679 2.79424)
(-2.81726 0.0269416 2.79531)
(-2.81726 -0.0269418 2.79531)
(-2.81967 -0.0732681 2.79424)
(-2.83737 -0.0924447 2.78659)
(-2.9002 -0.0472562 2.75959)
(-2.34479 0.0347344 2.99729)
(-2.28484 0.0677594 3.02301)
(-2.27114 0.0539855 3.02892)
(-2.27067 0.0199293 3.02914)
(-2.27067 -0.0199294 3.02914)
(-2.27113 -0.0539854 3.02892)
(-2.28483 -0.0677595 3.02301)
(-2.34479 -0.0347345 2.99729)
(-1.92068 0.0221275 3.17883)
(-1.86812 0.0435986 3.20135)
(-1.85939 0.0354958 3.2051)
(-1.8608 0.0132739 3.20452)
(-1.8608 -0.0132738 3.20452)
(-1.85939 -0.0354956 3.2051)
(-1.86812 -0.0435987 3.20135)
(-1.92067 -0.0221277 3.17883)
(-1.63795 0.0108645 3.29988)
(-1.59696 0.0226528 3.31742)
(-1.59328 0.0196032 3.31901)
(-1.5959 0.00757201 3.3179)
(-1.5959 -0.00757181 3.3179)
(-1.59328 -0.0196031 3.31901)
(-1.59696 -0.022653 3.31742)
(-1.63795 -0.0108646 3.29988)
(-1.50614 0.00264372 3.35635)
(-1.47991 0.00804078 3.36757)
(-1.48032 0.00819907 3.3674)
(-1.48298 0.00340494 3.36627)
(-1.48298 -0.00340444 3.36627)
(-1.48033 -0.00819901 3.3674)
(-1.47991 -0.00804095 3.36757)
(-1.50614 -0.00264393 3.35636)
(-1.50824 -0.00150096 3.35552)
(-1.49524 0.00131512 3.36108)
(-1.49484 0.00205807 3.36126)
(-1.49523 0.000946758 3.36109)
(-1.49523 -0.000946499 3.36109)
(-1.49484 -0.00205806 3.36126)
(-1.49524 -0.00131518 3.36108)
(-1.50824 0.00150088 3.35552)
)
;
    }
}


// ************************************************************************* //
