/*--------------------------------*- C++ -*----------------------------------*\
| =========                 |                                                 |
| \\      /  F ield         | OpenFOAM: The Open Source CFD Toolbox           |
|  \\    /   O peration     | Version:  2406                                  |
|   \\  /    A nd           | Website:  www.openfoam.com                      |
|    \\/     M anipulation  |                                                 |
\*---------------------------------------------------------------------------*/
FoamFile
{
    version     2.0;
    format      ascii;
    arch        "LSB;label=32;scalar=64";
    class       faceList;
    location    "constant/polyMesh";
    object      faces;
}
// * * * * * * * * * * * * * * * * * * * * * * * * * * * * * * * * * * * * * //


1165
(
4(1 34 331 298)
4(33 330 331 34)
4(2 35 332 299)
4(34 331 332 35)
4(3 36 333 300)
4(35 332 333 36)
4(4 37 334 301)
4(36 333 334 37)
4(5 38 335 302)
4(37 334 335 38)
4(6 39 336 303)
4(38 335 336 39)
4(7 40 337 304)
4(39 336 337 40)
4(8 41 338 305)
4(40 337 338 41)
4(9 42 339 306)
4(41 338 339 42)
4(10 43 340 307)
4(42 339 340 43)
4(11 44 341 308)
4(43 340 341 44)
4(12 45 342 309)
4(44 341 342 45)
4(13 46 343 310)
4(45 342 343 46)
4(14 47 344 311)
4(46 343 344 47)
4(15 48 345 312)
4(47 344 345 48)
4(16 49 346 313)
4(48 345 346 49)
4(17 50 347 314)
4(49 346 347 50)
4(18 51 348 315)
4(50 347 348 51)
4(19 52 349 316)
4(51 348 349 52)
4(20 53 350 317)
4(52 349 350 53)
4(21 54 351 318)
4(53 350 351 54)
4(22 55 352 319)
4(54 351 352 55)
4(23 56 353 320)
4(55 352 353 56)
4(24 57 354 321)
4(56 353 354 57)
4(25 58 355 322)
4(57 354 355 58)
4(26 59 356 323)
4(58 355 356 59)
4(27 60 357 324)
4(59 356 357 60)
4(28 61 358 325)
4(60 357 358 61)
4(29 62 359 326)
4(61 358 359 62)
4(30 63 360 327)
4(62 359 360 63)
4(31 64 361 328)
4(63 360 361 64)
4(64 361 362 65)
4(34 67 364 331)
4(66 363 364 67)
4(35 68 365 332)
4(67 364 365 68)
4(36 69 366 333)
4(68 365 366 69)
4(37 70 367 334)
4(69 366 367 70)
4(38 71 368 335)
4(70 367 368 71)
4(39 72 369 336)
4(71 368 369 72)
4(40 73 370 337)
4(72 369 370 73)
4(41 74 371 338)
4(73 370 371 74)
4(42 75 372 339)
4(74 371 372 75)
4(43 76 373 340)
4(75 372 373 76)
4(44 77 374 341)
4(76 373 374 77)
4(45 78 375 342)
4(77 374 375 78)
4(46 79 376 343)
4(78 375 376 79)
4(47 80 377 344)
4(79 376 377 80)
4(48 81 378 345)
4(80 377 378 81)
4(49 82 379 346)
4(81 378 379 82)
4(50 83 380 347)
4(82 379 380 83)
4(51 84 381 348)
4(83 380 381 84)
4(52 85 382 349)
4(84 381 382 85)
4(53 86 383 350)
4(85 382 383 86)
4(54 87 384 351)
4(86 383 384 87)
4(55 88 385 352)
4(87 384 385 88)
4(56 89 386 353)
4(88 385 386 89)
4(57 90 387 354)
4(89 386 387 90)
4(58 91 388 355)
4(90 387 388 91)
4(59 92 389 356)
4(91 388 389 92)
4(60 93 390 357)
4(92 389 390 93)
4(61 94 391 358)
4(93 390 391 94)
4(62 95 392 359)
4(94 391 392 95)
4(63 96 393 360)
4(95 392 393 96)
4(64 97 394 361)
4(96 393 394 97)
4(97 394 395 98)
4(67 100 397 364)
4(99 396 397 100)
4(68 101 398 365)
4(100 397 398 101)
4(69 102 399 366)
4(101 398 399 102)
4(70 103 400 367)
4(102 399 400 103)
4(71 104 401 368)
4(103 400 401 104)
4(72 105 402 369)
4(104 401 402 105)
4(73 106 403 370)
4(105 402 403 106)
4(74 107 404 371)
4(106 403 404 107)
4(75 108 405 372)
4(107 404 405 108)
4(76 109 406 373)
4(108 405 406 109)
4(77 110 407 374)
4(109 406 407 110)
4(78 111 408 375)
4(110 407 408 111)
4(79 112 409 376)
4(111 408 409 112)
4(80 113 410 377)
4(112 409 410 113)
4(81 114 411 378)
4(113 410 411 114)
4(82 115 412 379)
4(114 411 412 115)
4(83 116 413 380)
4(115 412 413 116)
4(84 117 414 381)
4(116 413 414 117)
4(85 118 415 382)
4(117 414 415 118)
4(86 119 416 383)
4(118 415 416 119)
4(87 120 417 384)
4(119 416 417 120)
4(88 121 418 385)
4(120 417 418 121)
4(89 122 419 386)
4(121 418 419 122)
4(90 123 420 387)
4(122 419 420 123)
4(91 124 421 388)
4(123 420 421 124)
4(92 125 422 389)
4(124 421 422 125)
4(93 126 423 390)
4(125 422 423 126)
4(94 127 424 391)
4(126 423 424 127)
4(95 128 425 392)
4(127 424 425 128)
4(96 129 426 393)
4(128 425 426 129)
4(97 130 427 394)
4(129 426 427 130)
4(130 427 428 131)
4(100 133 430 397)
4(132 429 430 133)
4(101 134 431 398)
4(133 430 431 134)
4(102 135 432 399)
4(134 431 432 135)
4(103 136 433 400)
4(135 432 433 136)
4(104 137 434 401)
4(136 433 434 137)
4(105 138 435 402)
4(137 434 435 138)
4(106 139 436 403)
4(138 435 436 139)
4(107 140 437 404)
4(139 436 437 140)
4(108 141 438 405)
4(140 437 438 141)
4(109 142 439 406)
4(141 438 439 142)
4(110 143 440 407)
4(142 439 440 143)
4(111 144 441 408)
4(143 440 441 144)
4(112 145 442 409)
4(144 441 442 145)
4(113 146 443 410)
4(145 442 443 146)
4(114 147 444 411)
4(146 443 444 147)
4(115 148 445 412)
4(147 444 445 148)
4(116 149 446 413)
4(148 445 446 149)
4(117 150 447 414)
4(149 446 447 150)
4(118 151 448 415)
4(150 447 448 151)
4(119 152 449 416)
4(151 448 449 152)
4(120 153 450 417)
4(152 449 450 153)
4(121 154 451 418)
4(153 450 451 154)
4(122 155 452 419)
4(154 451 452 155)
4(123 156 453 420)
4(155 452 453 156)
4(124 157 454 421)
4(156 453 454 157)
4(125 158 455 422)
4(157 454 455 158)
4(126 159 456 423)
4(158 455 456 159)
4(127 160 457 424)
4(159 456 457 160)
4(128 161 458 425)
4(160 457 458 161)
4(129 162 459 426)
4(161 458 459 162)
4(130 163 460 427)
4(162 459 460 163)
4(163 460 461 164)
4(133 166 463 430)
4(165 462 463 166)
4(134 167 464 431)
4(166 463 464 167)
4(135 168 465 432)
4(167 464 465 168)
4(136 169 466 433)
4(168 465 466 169)
4(137 170 467 434)
4(169 466 467 170)
4(138 171 468 435)
4(170 467 468 171)
4(139 172 469 436)
4(171 468 469 172)
4(140 173 470 437)
4(172 469 470 173)
4(141 174 471 438)
4(173 470 471 174)
4(142 175 472 439)
4(174 471 472 175)
4(143 176 473 440)
4(175 472 473 176)
4(144 177 474 441)
4(176 473 474 177)
4(145 178 475 442)
4(177 474 475 178)
4(146 179 476 443)
4(178 475 476 179)
4(147 180 477 444)
4(179 476 477 180)
4(148 181 478 445)
4(180 477 478 181)
4(149 182 479 446)
4(181 478 479 182)
4(150 183 480 447)
4(182 479 480 183)
4(151 184 481 448)
4(183 480 481 184)
4(152 185 482 449)
4(184 481 482 185)
4(153 186 483 450)
4(185 482 483 186)
4(154 187 484 451)
4(186 483 484 187)
4(155 188 485 452)
4(187 484 485 188)
4(156 189 486 453)
4(188 485 486 189)
4(157 190 487 454)
4(189 486 487 190)
4(158 191 488 455)
4(190 487 488 191)
4(159 192 489 456)
4(191 488 489 192)
4(160 193 490 457)
4(192 489 490 193)
4(161 194 491 458)
4(193 490 491 194)
4(162 195 492 459)
4(194 491 492 195)
4(163 196 493 460)
4(195 492 493 196)
4(196 493 494 197)
4(166 199 496 463)
4(198 495 496 199)
4(167 200 497 464)
4(199 496 497 200)
4(168 201 498 465)
4(200 497 498 201)
4(169 202 499 466)
4(201 498 499 202)
4(170 203 500 467)
4(202 499 500 203)
4(171 204 501 468)
4(203 500 501 204)
4(172 205 502 469)
4(204 501 502 205)
4(173 206 503 470)
4(205 502 503 206)
4(174 207 504 471)
4(206 503 504 207)
4(175 208 505 472)
4(207 504 505 208)
4(176 209 506 473)
4(208 505 506 209)
4(177 210 507 474)
4(209 506 507 210)
4(178 211 508 475)
4(210 507 508 211)
4(179 212 509 476)
4(211 508 509 212)
4(180 213 510 477)
4(212 509 510 213)
4(181 214 511 478)
4(213 510 511 214)
4(182 215 512 479)
4(214 511 512 215)
4(183 216 513 480)
4(215 512 513 216)
4(184 217 514 481)
4(216 513 514 217)
4(185 218 515 482)
4(217 514 515 218)
4(186 219 516 483)
4(218 515 516 219)
4(187 220 517 484)
4(219 516 517 220)
4(188 221 518 485)
4(220 517 518 221)
4(189 222 519 486)
4(221 518 519 222)
4(190 223 520 487)
4(222 519 520 223)
4(191 224 521 488)
4(223 520 521 224)
4(192 225 522 489)
4(224 521 522 225)
4(193 226 523 490)
4(225 522 523 226)
4(194 227 524 491)
4(226 523 524 227)
4(195 228 525 492)
4(227 524 525 228)
4(196 229 526 493)
4(228 525 526 229)
4(229 526 527 230)
4(199 232 529 496)
4(231 528 529 232)
4(200 233 530 497)
4(232 529 530 233)
4(201 234 531 498)
4(233 530 531 234)
4(202 235 532 499)
4(234 531 532 235)
4(203 236 533 500)
4(235 532 533 236)
4(204 237 534 501)
4(236 533 534 237)
4(205 238 535 502)
4(237 534 535 238)
4(206 239 536 503)
4(238 535 536 239)
4(207 240 537 504)
4(239 536 537 240)
4(208 241 538 505)
4(240 537 538 241)
4(209 242 539 506)
4(241 538 539 242)
4(210 243 540 507)
4(242 539 540 243)
4(211 244 541 508)
4(243 540 541 244)
4(212 245 542 509)
4(244 541 542 245)
4(213 246 543 510)
4(245 542 543 246)
4(214 247 544 511)
4(246 543 544 247)
4(215 248 545 512)
4(247 544 545 248)
4(216 249 546 513)
4(248 545 546 249)
4(217 250 547 514)
4(249 546 547 250)
4(218 251 548 515)
4(250 547 548 251)
4(219 252 549 516)
4(251 548 549 252)
4(220 253 550 517)
4(252 549 550 253)
4(221 254 551 518)
4(253 550 551 254)
4(222 255 552 519)
4(254 551 552 255)
4(223 256 553 520)
4(255 552 553 256)
4(224 257 554 521)
4(256 553 554 257)
4(225 258 555 522)
4(257 554 555 258)
4(226 259 556 523)
4(258 555 556 259)
4(227 260 557 524)
4(259 556 557 260)
4(228 261 558 525)
4(260 557 558 261)
4(229 262 559 526)
4(261 558 559 262)
4(262 559 560 263)
4(232 265 562 529)
4(233 266 563 530)
4(234 267 564 531)
4(235 268 565 532)
4(236 269 566 533)
4(237 270 567 534)
4(238 271 568 535)
4(239 272 569 536)
4(240 273 570 537)
4(241 274 571 538)
4(242 275 572 539)
4(243 276 573 540)
4(244 277 574 541)
4(245 278 575 542)
4(246 279 576 543)
4(247 280 577 544)
4(248 281 578 545)
4(249 282 579 546)
4(250 283 580 547)
4(251 284 581 548)
4(252 285 582 549)
4(253 286 583 550)
4(254 287 584 551)
4(255 288 585 552)
4(256 289 586 553)
4(257 290 587 554)
4(258 291 588 555)
4(259 292 589 556)
4(260 293 590 557)
4(261 294 591 558)
4(262 295 592 559)
4(595 616 658 637)
4(596 617 659 638)
4(597 618 660 639)
4(598 619 661 640)
4(599 620 662 641)
4(600 621 663 642)
4(601 622 664 643)
4(602 623 665 644)
4(603 624 666 645)
4(604 625 667 646)
4(605 626 668 647)
4(606 627 669 648)
4(607 628 670 649)
4(608 629 671 650)
4(609 630 672 651)
4(610 631 673 652)
4(611 632 674 653)
4(612 633 675 654)
4(613 634 676 655)
4(0 33 34 1)
4(33 66 67 34)
4(66 99 100 67)
4(99 132 133 100)
4(132 165 166 133)
4(165 198 199 166)
4(198 231 232 199)
4(231 264 265 232)
4(1 34 35 2)
4(34 67 68 35)
4(67 100 101 68)
4(100 133 134 101)
4(133 166 167 134)
4(166 199 200 167)
4(199 232 233 200)
4(232 265 266 233)
4(2 35 36 3)
4(35 68 69 36)
4(68 101 102 69)
4(101 134 135 102)
4(134 167 168 135)
4(167 200 201 168)
4(200 233 234 201)
4(233 266 267 234)
4(3 36 37 4)
4(36 69 70 37)
4(69 102 103 70)
4(102 135 136 103)
4(135 168 169 136)
4(168 201 202 169)
4(201 234 235 202)
4(234 267 268 235)
4(4 37 38 5)
4(37 70 71 38)
4(70 103 104 71)
4(103 136 137 104)
4(136 169 170 137)
4(169 202 203 170)
4(202 235 236 203)
4(235 268 269 236)
4(5 38 39 6)
4(38 71 72 39)
4(71 104 105 72)
4(104 137 138 105)
4(137 170 171 138)
4(170 203 204 171)
4(203 236 237 204)
4(236 269 270 237)
4(6 39 40 7)
4(39 72 73 40)
4(72 105 106 73)
4(105 138 139 106)
4(138 171 172 139)
4(171 204 205 172)
4(204 237 238 205)
4(237 270 271 238)
4(7 40 41 8)
4(40 73 74 41)
4(73 106 107 74)
4(106 139 140 107)
4(139 172 173 140)
4(172 205 206 173)
4(205 238 239 206)
4(238 271 272 239)
4(8 41 42 9)
4(41 74 75 42)
4(74 107 108 75)
4(107 140 141 108)
4(140 173 174 141)
4(173 206 207 174)
4(206 239 240 207)
4(239 272 273 240)
4(9 42 43 10)
4(42 75 76 43)
4(75 108 109 76)
4(108 141 142 109)
4(141 174 175 142)
4(174 207 208 175)
4(207 240 241 208)
4(240 273 274 241)
4(10 43 44 11)
4(43 76 77 44)
4(76 109 110 77)
4(109 142 143 110)
4(142 175 176 143)
4(175 208 209 176)
4(208 241 242 209)
4(241 274 275 242)
4(11 44 45 12)
4(44 77 78 45)
4(77 110 111 78)
4(110 143 144 111)
4(143 176 177 144)
4(176 209 210 177)
4(209 242 243 210)
4(242 275 276 243)
4(12 45 46 13)
4(45 78 79 46)
4(78 111 112 79)
4(111 144 145 112)
4(144 177 178 145)
4(177 210 211 178)
4(210 243 244 211)
4(243 276 277 244)
4(13 46 47 14)
4(46 79 80 47)
4(79 112 113 80)
4(112 145 146 113)
4(145 178 179 146)
4(178 211 212 179)
4(211 244 245 212)
4(244 277 278 245)
4(14 47 48 15)
4(47 80 81 48)
4(80 113 114 81)
4(113 146 147 114)
4(146 179 180 147)
4(179 212 213 180)
4(212 245 246 213)
4(245 278 279 246)
4(15 48 49 16)
4(48 81 82 49)
4(81 114 115 82)
4(114 147 148 115)
4(147 180 181 148)
4(180 213 214 181)
4(213 246 247 214)
4(246 279 280 247)
4(16 49 50 17)
4(49 82 83 50)
4(82 115 116 83)
4(115 148 149 116)
4(148 181 182 149)
4(181 214 215 182)
4(214 247 248 215)
4(247 280 281 248)
4(17 50 51 18)
4(50 83 84 51)
4(83 116 117 84)
4(116 149 150 117)
4(149 182 183 150)
4(182 215 216 183)
4(215 248 249 216)
4(248 281 282 249)
4(18 51 52 19)
4(51 84 85 52)
4(84 117 118 85)
4(117 150 151 118)
4(150 183 184 151)
4(183 216 217 184)
4(216 249 250 217)
4(249 282 283 250)
4(19 52 53 20)
4(52 85 86 53)
4(85 118 119 86)
4(118 151 152 119)
4(151 184 185 152)
4(184 217 218 185)
4(217 250 251 218)
4(250 283 284 251)
4(20 53 54 21)
4(53 86 87 54)
4(86 119 120 87)
4(119 152 153 120)
4(152 185 186 153)
4(185 218 219 186)
4(218 251 252 219)
4(251 284 285 252)
4(21 54 55 22)
4(54 87 88 55)
4(87 120 121 88)
4(120 153 154 121)
4(153 186 187 154)
4(186 219 220 187)
4(219 252 253 220)
4(252 285 286 253)
4(22 55 56 23)
4(55 88 89 56)
4(88 121 122 89)
4(121 154 155 122)
4(154 187 188 155)
4(187 220 221 188)
4(220 253 254 221)
4(253 286 287 254)
4(23 56 57 24)
4(56 89 90 57)
4(89 122 123 90)
4(122 155 156 123)
4(155 188 189 156)
4(188 221 222 189)
4(221 254 255 222)
4(254 287 288 255)
4(24 57 58 25)
4(57 90 91 58)
4(90 123 124 91)
4(123 156 157 124)
4(156 189 190 157)
4(189 222 223 190)
4(222 255 256 223)
4(255 288 289 256)
4(25 58 59 26)
4(58 91 92 59)
4(91 124 125 92)
4(124 157 158 125)
4(157 190 191 158)
4(190 223 224 191)
4(223 256 257 224)
4(256 289 290 257)
4(26 59 60 27)
4(59 92 93 60)
4(92 125 126 93)
4(125 158 159 126)
4(158 191 192 159)
4(191 224 225 192)
4(224 257 258 225)
4(257 290 291 258)
4(27 60 61 28)
4(60 93 94 61)
4(93 126 127 94)
4(126 159 160 127)
4(159 192 193 160)
4(192 225 226 193)
4(225 258 259 226)
4(258 291 292 259)
4(28 61 62 29)
4(61 94 95 62)
4(94 127 128 95)
4(127 160 161 128)
4(160 193 194 161)
4(193 226 227 194)
4(226 259 260 227)
4(259 292 293 260)
4(29 62 63 30)
4(62 95 96 63)
4(95 128 129 96)
4(128 161 162 129)
4(161 194 195 162)
4(194 227 228 195)
4(227 260 261 228)
4(260 293 294 261)
4(30 63 64 31)
4(63 96 97 64)
4(96 129 130 97)
4(129 162 163 130)
4(162 195 196 163)
4(195 228 229 196)
4(228 261 262 229)
4(261 294 295 262)
4(31 64 65 32)
4(64 97 98 65)
4(97 130 131 98)
4(130 163 164 131)
4(163 196 197 164)
4(196 229 230 197)
4(229 262 263 230)
4(262 295 296 263)
4(594 615 616 595)
4(595 616 617 596)
4(596 617 618 597)
4(597 618 619 598)
4(598 619 620 599)
4(599 620 621 600)
4(600 621 622 601)
4(601 622 623 602)
4(602 623 624 603)
4(603 624 625 604)
4(604 625 626 605)
4(605 626 627 606)
4(606 627 628 607)
4(607 628 629 608)
4(608 629 630 609)
4(609 630 631 610)
4(610 631 632 611)
4(611 632 633 612)
4(612 633 634 613)
4(613 634 635 614)
4(297 298 331 330)
4(330 331 364 363)
4(363 364 397 396)
4(396 397 430 429)
4(429 430 463 462)
4(462 463 496 495)
4(495 496 529 528)
4(528 529 562 561)
4(298 299 332 331)
4(331 332 365 364)
4(364 365 398 397)
4(397 398 431 430)
4(430 431 464 463)
4(463 464 497 496)
4(496 497 530 529)
4(529 530 563 562)
4(299 300 333 332)
4(332 333 366 365)
4(365 366 399 398)
4(398 399 432 431)
4(431 432 465 464)
4(464 465 498 497)
4(497 498 531 530)
4(530 531 564 563)
4(300 301 334 333)
4(333 334 367 366)
4(366 367 400 399)
4(399 400 433 432)
4(432 433 466 465)
4(465 466 499 498)
4(498 499 532 531)
4(531 532 565 564)
4(301 302 335 334)
4(334 335 368 367)
4(367 368 401 400)
4(400 401 434 433)
4(433 434 467 466)
4(466 467 500 499)
4(499 500 533 532)
4(532 533 566 565)
4(302 303 336 335)
4(335 336 369 368)
4(368 369 402 401)
4(401 402 435 434)
4(434 435 468 467)
4(467 468 501 500)
4(500 501 534 533)
4(533 534 567 566)
4(303 304 337 336)
4(336 337 370 369)
4(369 370 403 402)
4(402 403 436 435)
4(435 436 469 468)
4(468 469 502 501)
4(501 502 535 534)
4(534 535 568 567)
4(304 305 338 337)
4(337 338 371 370)
4(370 371 404 403)
4(403 404 437 436)
4(436 437 470 469)
4(469 470 503 502)
4(502 503 536 535)
4(535 536 569 568)
4(305 306 339 338)
4(338 339 372 371)
4(371 372 405 404)
4(404 405 438 437)
4(437 438 471 470)
4(470 471 504 503)
4(503 504 537 536)
4(536 537 570 569)
4(306 307 340 339)
4(339 340 373 372)
4(372 373 406 405)
4(405 406 439 438)
4(438 439 472 471)
4(471 472 505 504)
4(504 505 538 537)
4(537 538 571 570)
4(307 308 341 340)
4(340 341 374 373)
4(373 374 407 406)
4(406 407 440 439)
4(439 440 473 472)
4(472 473 506 505)
4(505 506 539 538)
4(538 539 572 571)
4(308 309 342 341)
4(341 342 375 374)
4(374 375 408 407)
4(407 408 441 440)
4(440 441 474 473)
4(473 474 507 506)
4(506 507 540 539)
4(539 540 573 572)
4(309 310 343 342)
4(342 343 376 375)
4(375 376 409 408)
4(408 409 442 441)
4(441 442 475 474)
4(474 475 508 507)
4(507 508 541 540)
4(540 541 574 573)
4(310 311 344 343)
4(343 344 377 376)
4(376 377 410 409)
4(409 410 443 442)
4(442 443 476 475)
4(475 476 509 508)
4(508 509 542 541)
4(541 542 575 574)
4(311 312 345 344)
4(344 345 378 377)
4(377 378 411 410)
4(410 411 444 443)
4(443 444 477 476)
4(476 477 510 509)
4(509 510 543 542)
4(542 543 576 575)
4(312 313 346 345)
4(345 346 379 378)
4(378 379 412 411)
4(411 412 445 444)
4(444 445 478 477)
4(477 478 511 510)
4(510 511 544 543)
4(543 544 577 576)
4(313 314 347 346)
4(346 347 380 379)
4(379 380 413 412)
4(412 413 446 445)
4(445 446 479 478)
4(478 479 512 511)
4(511 512 545 544)
4(544 545 578 577)
4(314 315 348 347)
4(347 348 381 380)
4(380 381 414 413)
4(413 414 447 446)
4(446 447 480 479)
4(479 480 513 512)
4(512 513 546 545)
4(545 546 579 578)
4(315 316 349 348)
4(348 349 382 381)
4(381 382 415 414)
4(414 415 448 447)
4(447 448 481 480)
4(480 481 514 513)
4(513 514 547 546)
4(546 547 580 579)
4(316 317 350 349)
4(349 350 383 382)
4(382 383 416 415)
4(415 416 449 448)
4(448 449 482 481)
4(481 482 515 514)
4(514 515 548 547)
4(547 548 581 580)
4(317 318 351 350)
4(350 351 384 383)
4(383 384 417 416)
4(416 417 450 449)
4(449 450 483 482)
4(482 483 516 515)
4(515 516 549 548)
4(548 549 582 581)
4(318 319 352 351)
4(351 352 385 384)
4(384 385 418 417)
4(417 418 451 450)
4(450 451 484 483)
4(483 484 517 516)
4(516 517 550 549)
4(549 550 583 582)
4(319 320 353 352)
4(352 353 386 385)
4(385 386 419 418)
4(418 419 452 451)
4(451 452 485 484)
4(484 485 518 517)
4(517 518 551 550)
4(550 551 584 583)
4(320 321 354 353)
4(353 354 387 386)
4(386 387 420 419)
4(419 420 453 452)
4(452 453 486 485)
4(485 486 519 518)
4(518 519 552 551)
4(551 552 585 584)
4(321 322 355 354)
4(354 355 388 387)
4(387 388 421 420)
4(420 421 454 453)
4(453 454 487 486)
4(486 487 520 519)
4(519 520 553 552)
4(552 553 586 585)
4(322 323 356 355)
4(355 356 389 388)
4(388 389 422 421)
4(421 422 455 454)
4(454 455 488 487)
4(487 488 521 520)
4(520 521 554 553)
4(553 554 587 586)
4(323 324 357 356)
4(356 357 390 389)
4(389 390 423 422)
4(422 423 456 455)
4(455 456 489 488)
4(488 489 522 521)
4(521 522 555 554)
4(554 555 588 587)
4(324 325 358 357)
4(357 358 391 390)
4(390 391 424 423)
4(423 424 457 456)
4(456 457 490 489)
4(489 490 523 522)
4(522 523 556 555)
4(555 556 589 588)
4(325 326 359 358)
4(358 359 392 391)
4(391 392 425 424)
4(424 425 458 457)
4(457 458 491 490)
4(490 491 524 523)
4(523 524 557 556)
4(556 557 590 589)
4(326 327 360 359)
4(359 360 393 392)
4(392 393 426 425)
4(425 426 459 458)
4(458 459 492 491)
4(491 492 525 524)
4(524 525 558 557)
4(557 558 591 590)
4(327 328 361 360)
4(360 361 394 393)
4(393 394 427 426)
4(426 427 460 459)
4(459 460 493 492)
4(492 493 526 525)
4(525 526 559 558)
4(558 559 592 591)
4(328 329 362 361)
4(361 362 395 394)
4(394 395 428 427)
4(427 428 461 460)
4(460 461 494 493)
4(493 494 527 526)
4(526 527 560 559)
4(559 560 593 592)
4(636 637 658 657)
4(637 638 659 658)
4(638 639 660 659)
4(639 640 661 660)
4(640 641 662 661)
4(641 642 663 662)
4(642 643 664 663)
4(643 644 665 664)
4(644 645 666 665)
4(645 646 667 666)
4(646 647 668 667)
4(647 648 669 668)
4(648 649 670 669)
4(649 650 671 670)
4(650 651 672 671)
4(651 652 673 672)
4(652 653 674 673)
4(653 654 675 674)
4(654 655 676 675)
4(655 656 677 676)
4(0 297 330 33)
4(33 330 363 66)
4(66 363 396 99)
4(99 396 429 132)
4(132 429 462 165)
4(165 462 495 198)
4(198 495 528 231)
4(231 528 561 264)
4(594 636 657 615)
4(32 65 362 329)
4(65 98 395 362)
4(98 131 428 395)
4(131 164 461 428)
4(164 197 494 461)
4(197 230 527 494)
4(230 263 560 527)
4(263 296 593 560)
4(0 1 298 297)
4(1 2 299 298)
4(2 3 300 299)
4(3 4 301 300)
4(4 5 302 301)
4(5 6 303 302)
4(6 7 304 303)
4(7 8 305 304)
4(8 9 306 305)
4(9 10 307 306)
4(10 11 308 307)
4(11 12 309 308)
4(12 13 310 309)
4(13 14 311 310)
4(14 15 312 311)
4(15 16 313 312)
4(16 17 314 313)
4(17 18 315 314)
4(18 19 316 315)
4(19 20 317 316)
4(20 21 318 317)
4(21 22 319 318)
4(22 23 320 319)
4(23 24 321 320)
4(24 25 322 321)
4(25 26 323 322)
4(26 27 324 323)
4(27 28 325 324)
4(28 29 326 325)
4(29 30 327 326)
4(30 31 328 327)
4(31 32 329 328)
4(264 561 562 265)
4(265 562 563 266)
4(266 563 564 267)
4(267 564 565 268)
4(268 565 566 269)
4(269 566 567 270)
4(270 567 568 271)
4(271 568 569 272)
4(272 569 570 273)
4(273 570 571 274)
4(274 571 572 275)
4(275 572 573 276)
4(276 573 574 277)
4(277 574 575 278)
4(278 575 576 279)
4(279 576 577 280)
4(280 577 578 281)
4(281 578 579 282)
4(282 579 580 283)
4(283 580 581 284)
4(284 581 582 285)
4(285 582 583 286)
4(286 583 584 287)
4(287 584 585 288)
4(288 585 586 289)
4(289 586 587 290)
4(290 587 588 291)
4(291 588 589 292)
4(292 589 590 293)
4(293 590 591 294)
4(294 591 592 295)
4(295 592 593 296)
4(615 657 658 616)
4(616 658 659 617)
4(617 659 660 618)
4(618 660 661 619)
4(619 661 662 620)
4(620 662 663 621)
4(621 663 664 622)
4(622 664 665 623)
4(623 665 666 624)
4(624 666 667 625)
4(625 667 668 626)
4(626 668 669 627)
4(627 669 670 628)
4(628 670 671 629)
4(629 671 672 630)
4(630 672 673 631)
4(631 673 674 632)
4(632 674 675 633)
4(633 675 676 634)
4(634 676 677 635)
4(614 635 677 656)
4(594 595 637 636)
4(595 596 638 637)
4(596 597 639 638)
4(597 598 640 639)
4(598 599 641 640)
4(599 600 642 641)
4(600 601 643 642)
4(601 602 644 643)
4(602 603 645 644)
4(603 604 646 645)
4(604 605 647 646)
4(605 606 648 647)
4(606 607 649 648)
4(607 608 650 649)
4(608 609 651 650)
4(609 610 652 651)
4(610 611 653 652)
4(611 612 654 653)
4(612 613 655 654)
4(613 614 656 655)
)


// ************************************************************************* //
