/*--------------------------------*- C++ -*----------------------------------*\
| =========                 |                                                 |
| \\      /  F ield         | OpenFOAM: The Open Source CFD Toolbox           |
|  \\    /   O peration     | Version:  2406                                  |
|   \\  /    A nd           | Website:  www.openfoam.com                      |
|    \\/     M anipulation  |                                                 |
\*---------------------------------------------------------------------------*/
FoamFile
{
    version     2.0;
    format      ascii;
    arch        "LSB;label=32;scalar=64";
    class       vectorField;
    location    "constant/polyMesh";
    object      points;
}
// * * * * * * * * * * * * * * * * * * * * * * * * * * * * * * * * * * * * * //


678
(
(0 0.04828 0)
(0.002368987317 0.04822184463 0)
(0.004732267535 0.0480475186 0)
(0.007084147307 0.0477574419 0)
(0.009418960747 0.04735231334 0)
(0.01173108309 0.0468331089 0)
(0.01401494422 0.04620107941 0)
(0.01626504212 0.04545774747 0)
(0.01847595611 0.04460490383 0)
(0.02064235991 0.04364460307 0)
(0.02275903445 0.04257915864 0)
(0.02482088049 0.04141113729 0)
(0.02682293085 0.04014335288 0)
(0.02876036242 0.03877885962 0)
(0.03062850776 0.03732094469 0)
(0.03242286634 0.03577312033 0)
(0.0341391154 0.0341391154 0)
(0.03577312033 0.03242286634 0)
(0.03732094469 0.03062850776 0)
(0.03877885962 0.02876036242 0)
(0.04014335288 0.02682293085 0)
(0.04141113729 0.02482088049 0)
(0.04257915864 0.02275903445 0)
(0.04364460307 0.02064235991 0)
(0.04460490383 0.01847595611 0)
(0.04545774747 0.01626504212 0)
(0.04620107941 0.01401494422 0)
(0.0468331089 0.01173108309 0)
(0.04735231334 0.009418960747 0)
(0.0477574419 0.007084147307 0)
(0.0480475186 0.004732267535 0)
(0.04822184463 0.002368987317 0)
(0.04828 0 0)
(0 0.04938875 0)
(0.0024233911 0.04932925909 0)
(0.004840944039 0.04915092967 0)
(0.00724683472 0.04885419136 0)
(0.009635267142 0.04843975902 0)
(0.01200048736 0.04790863106 0)
(0.01433679735 0.04726208701 0)
(0.01663856875 0.04650168445 0)
(0.01890025637 0.04562925526 0)
(0.02111641162 0.0446469012 0)
(0.02328169559 0.04355698885 0)
(0.02539089191 0.04236214389 0)
(0.02743891935 0.04106524482 0)
(0.02942084403 0.03966941597 0)
(0.03133189131 0.03817802003 0)
(0.03316745733 0.03659464989 0)
(0.03492312004 0.03492312004 0)
(0.03659464989 0.03316745733 0)
(0.03817802003 0.03133189131 0)
(0.03966941597 0.02942084403 0)
(0.04106524482 0.02743891935 0)
(0.04236214389 0.02539089191 0)
(0.04355698885 0.02328169559 0)
(0.0446469012 0.02111641162 0)
(0.04562925526 0.01890025637 0)
(0.04650168445 0.01663856875 0)
(0.04726208701 0.01433679735 0)
(0.04790863106 0.01200048736 0)
(0.04843975902 0.009635267142 0)
(0.04885419136 0.00724683472 0)
(0.04915092967 0.004840944039 0)
(0.04932925909 0.0024233911 0)
(0.04938875 0 0)
(0 0.0504975 0)
(0.002477794884 0.05043667355 0)
(0.004949620544 0.05025434074 0)
(0.007409522134 0.04995094081 0)
(0.009851573536 0.0495272047 0)
(0.01226989163 0.04898415321 0)
(0.01465865049 0.0483230946 0)
(0.01701209537 0.04754562143 0)
(0.01932455663 0.04665360669 0)
(0.02159046333 0.04564919933 0)
(0.02380435672 0.04453481905 0)
(0.02596090333 0.04331315048 0)
(0.02805490784 0.04198713675 0)
(0.03008132563 0.04055997232 0)
(0.03203527487 0.03903509537 0)
(0.03391204832 0.03741617945 0)
(0.03570712468 0.03570712468 0)
(0.03741617945 0.03391204832 0)
(0.03903509537 0.03203527487 0)
(0.04055997232 0.03008132563 0)
(0.04198713675 0.02805490784 0)
(0.04331315048 0.02596090333 0)
(0.04453481905 0.02380435672 0)
(0.04564919933 0.02159046333 0)
(0.04665360669 0.01932455663 0)
(0.04754562143 0.01701209537 0)
(0.0483230946 0.01465865049 0)
(0.04898415321 0.01226989163 0)
(0.0495272047 0.009851573536 0)
(0.04995094081 0.007409522134 0)
(0.05025434074 0.004949620544 0)
(0.05043667355 0.002477794884 0)
(0.0504975 0 0)
(0 0.05160625 0)
(0.002532198668 0.05154408801 0)
(0.005058297048 0.0513577518 0)
(0.007572209547 0.05104769027 0)
(0.01006787993 0.05061465038 0)
(0.01253929591 0.05005967536 0)
(0.01498050363 0.0493841022 0)
(0.017385622 0.04858955841 0)
(0.01974885688 0.04767795813 0)
(0.02206451504 0.04665149746 0)
(0.02432701785 0.04551264925 0)
(0.02653091474 0.04426415708 0)
(0.02867089634 0.04290902868 0)
(0.03074180723 0.04145052867 0)
(0.03273865842 0.03989217071 0)
(0.03465663931 0.03823770901 0)
(0.03649112933 0.03649112933 0)
(0.03823770901 0.03465663931 0)
(0.03989217071 0.03273865842 0)
(0.04145052867 0.03074180723 0)
(0.04290902868 0.02867089634 0)
(0.04426415708 0.02653091474 0)
(0.04551264925 0.02432701785 0)
(0.04665149746 0.02206451504 0)
(0.04767795813 0.01974885688 0)
(0.04858955841 0.017385622 0)
(0.0493841022 0.01498050363 0)
(0.05005967536 0.01253929591 0)
(0.05061465038 0.01006787993 0)
(0.05104769027 0.007572209547 0)
(0.0513577518 0.005058297048 0)
(0.05154408801 0.002532198668 0)
(0.05160625 0 0)
(0 0.052715 0)
(0.002586602452 0.05265150247 0)
(0.005166973553 0.05246116287 0)
(0.007734896961 0.05214443972 0)
(0.01028418633 0.05170209606 0)
(0.01280870018 0.05113519751 0)
(0.01530235676 0.0504451098 0)
(0.01775914862 0.0496334954 0)
(0.02017315714 0.04870230956 0)
(0.02253856675 0.04765379559 0)
(0.02484967898 0.04649047945 0)
(0.02710092616 0.04521516368 0)
(0.02928688483 0.04383092061 0)
(0.03140228884 0.04234108502 0)
(0.03344204198 0.04074924605 0)
(0.03540123031 0.03905923857 0)
(0.03727513397 0.03727513397 0)
(0.03905923857 0.03540123031 0)
(0.04074924605 0.03344204198 0)
(0.04234108502 0.03140228884 0)
(0.04383092061 0.02928688483 0)
(0.04521516368 0.02710092616 0)
(0.04649047945 0.02484967898 0)
(0.04765379559 0.02253856675 0)
(0.04870230956 0.02017315714 0)
(0.0496334954 0.01775914862 0)
(0.0504451098 0.01530235676 0)
(0.05113519751 0.01280870018 0)
(0.05170209606 0.01028418633 0)
(0.05214443972 0.007734896961 0)
(0.05246116287 0.005166973553 0)
(0.05265150247 0.002586602452 0)
(0.052715 0 0)
(0 0.05382375 0)
(0.002641006236 0.05375891694 0)
(0.005275650057 0.05356457393 0)
(0.007897584375 0.05324118918 0)
(0.01050049272 0.05278954174 0)
(0.01307810446 0.05221071966 0)
(0.0156242099 0.0515061174 0)
(0.01813267525 0.05067743238 0)
(0.02059745739 0.04972666099 0)
(0.02301261846 0.04865609372 0)
(0.02537234011 0.04746830965 0)
(0.02767093758 0.04616617027 0)
(0.02990287333 0.04475281255 0)
(0.03206277044 0.04323164137 0)
(0.03414542553 0.04160632139 0)
(0.0361458213 0.03988076813 0)
(0.03805913861 0.03805913861 0)
(0.03988076813 0.0361458213 0)
(0.04160632139 0.03414542553 0)
(0.04323164137 0.03206277044 0)
(0.04475281255 0.02990287333 0)
(0.04616617027 0.02767093758 0)
(0.04746830965 0.02537234011 0)
(0.04865609372 0.02301261846 0)
(0.04972666099 0.02059745739 0)
(0.05067743238 0.01813267525 0)
(0.0515061174 0.0156242099 0)
(0.05221071966 0.01307810446 0)
(0.05278954174 0.01050049272 0)
(0.05324118918 0.007897584375 0)
(0.05356457393 0.005275650057 0)
(0.05375891694 0.002641006236 0)
(0.05382375 0 0)
(0 0.0549325 0)
(0.00269541002 0.0548663314 0)
(0.005384326561 0.054667985 0)
(0.008060271788 0.05433793863 0)
(0.01071679911 0.05387698742 0)
(0.01334750873 0.05328624182 0)
(0.01594606303 0.05256712499 0)
(0.01850620187 0.05172136936 0)
(0.02102175765 0.05075101242 0)
(0.02348667017 0.04965839185 0)
(0.02589500125 0.04844613985 0)
(0.028240949 0.04711717687 0)
(0.03051886183 0.04567470448 0)
(0.03272325204 0.04412219772 0)
(0.03484880908 0.04246339673 0)
(0.03689041229 0.04070229769 0)
(0.03884314326 0.03884314326 0)
(0.04070229769 0.03689041229 0)
(0.04246339673 0.03484880908 0)
(0.04412219772 0.03272325204 0)
(0.04567470448 0.03051886183 0)
(0.04711717687 0.028240949 0)
(0.04844613985 0.02589500125 0)
(0.04965839185 0.02348667017 0)
(0.05075101242 0.02102175765 0)
(0.05172136936 0.01850620187 0)
(0.05256712499 0.01594606303 0)
(0.05328624182 0.01334750873 0)
(0.05387698742 0.01071679911 0)
(0.05433793863 0.008060271788 0)
(0.054667985 0.005384326561 0)
(0.0548663314 0.00269541002 0)
(0.0549325 0 0)
(0 0.05604125 0)
(0.002749813804 0.05597374586 0)
(0.005493003066 0.05577139606 0)
(0.008222959202 0.05543468809 0)
(0.01093310551 0.0549644331 0)
(0.01361691301 0.05436176397 0)
(0.01626791617 0.05362813259 0)
(0.0188797285 0.05276530634 0)
(0.0214460579 0.05177536385 0)
(0.02396072188 0.05066068997 0)
(0.02641766238 0.04942397006 0)
(0.02881096041 0.04806818347 0)
(0.03113485032 0.04659659641 0)
(0.03338373365 0.04501275407 0)
(0.03555219264 0.04332047207 0)
(0.03763500328 0.04152382725 0)
(0.0396271479 0.0396271479 0)
(0.04152382725 0.03763500328 0)
(0.04332047207 0.03555219264 0)
(0.04501275407 0.03338373365 0)
(0.04659659641 0.03113485032 0)
(0.04806818347 0.02881096041 0)
(0.04942397006 0.02641766238 0)
(0.05066068997 0.02396072188 0)
(0.05177536385 0.0214460579 0)
(0.05276530634 0.0188797285 0)
(0.05362813259 0.01626791617 0)
(0.05436176397 0.01361691301 0)
(0.0549644331 0.01093310551 0)
(0.05543468809 0.008222959202 0)
(0.05577139606 0.005493003066 0)
(0.05597374586 0.002749813804 0)
(0.05604125 0 0)
(0 0.05715 0)
(0.002804217588 0.05708116032 0)
(0.00560167957 0.05687480713 0)
(0.008385646615 0.05653143755 0)
(0.0111494119 0.05605187878 0)
(0.01388631728 0.05543728612 0)
(0.01658976931 0.05468914019 0)
(0.01925325512 0.05380924333 0)
(0.02187035816 0.05279971528 0)
(0.02443477359 0.0516629881 0)
(0.02694032351 0.05040180026 0)
(0.02938097183 0.04901919006 0)
(0.03175083882 0.04751848834 0)
(0.03404421525 0.04590331043 0)
(0.03625557619 0.04417754741 0)
(0.03837959427 0.04234535682 0)
(0.04041115255 0.04041115255 0)
(0.04234535682 0.03837959427 0)
(0.04417754741 0.03625557619 0)
(0.04590331043 0.03404421525 0)
(0.04751848834 0.03175083882 0)
(0.04901919006 0.02938097183 0)
(0.05040180026 0.02694032351 0)
(0.0516629881 0.02443477359 0)
(0.05279971528 0.02187035816 0)
(0.05380924333 0.01925325512 0)
(0.05468914019 0.01658976931 0)
(0.05543728612 0.01388631728 0)
(0.05605187878 0.0111494119 0)
(0.05653143755 0.008385646615 0)
(0.05687480713 0.00560167957 0)
(0.05708116032 0.002804217588 0)
(0.05715 0 0)
(0 0.04828 0.001)
(0.002368987317 0.04822184463 0.001)
(0.004732267535 0.0480475186 0.001)
(0.007084147307 0.0477574419 0.001)
(0.009418960747 0.04735231334 0.001)
(0.01173108309 0.0468331089 0.001)
(0.01401494422 0.04620107941 0.001)
(0.01626504212 0.04545774747 0.001)
(0.01847595611 0.04460490383 0.001)
(0.02064235991 0.04364460307 0.001)
(0.02275903445 0.04257915864 0.001)
(0.02482088049 0.04141113729 0.001)
(0.02682293085 0.04014335288 0.001)
(0.02876036242 0.03877885962 0.001)
(0.03062850776 0.03732094469 0.001)
(0.03242286634 0.03577312033 0.001)
(0.0341391154 0.0341391154 0.001)
(0.03577312033 0.03242286634 0.001)
(0.03732094469 0.03062850776 0.001)
(0.03877885962 0.02876036242 0.001)
(0.04014335288 0.02682293085 0.001)
(0.04141113729 0.02482088049 0.001)
(0.04257915864 0.02275903445 0.001)
(0.04364460307 0.02064235991 0.001)
(0.04460490383 0.01847595611 0.001)
(0.04545774747 0.01626504212 0.001)
(0.04620107941 0.01401494422 0.001)
(0.0468331089 0.01173108309 0.001)
(0.04735231334 0.009418960747 0.001)
(0.0477574419 0.007084147307 0.001)
(0.0480475186 0.004732267535 0.001)
(0.04822184463 0.002368987317 0.001)
(0.04828 0 0.001)
(0 0.04938875 0.001)
(0.0024233911 0.04932925909 0.001)
(0.004840944039 0.04915092967 0.001)
(0.00724683472 0.04885419136 0.001)
(0.009635267142 0.04843975902 0.001)
(0.01200048736 0.04790863106 0.001)
(0.01433679735 0.04726208701 0.001)
(0.01663856875 0.04650168445 0.001)
(0.01890025637 0.04562925526 0.001)
(0.02111641162 0.0446469012 0.001)
(0.02328169559 0.04355698885 0.001)
(0.02539089191 0.04236214389 0.001)
(0.02743891935 0.04106524482 0.001)
(0.02942084403 0.03966941597 0.001)
(0.03133189131 0.03817802003 0.001)
(0.03316745733 0.03659464989 0.001)
(0.03492312004 0.03492312004 0.001)
(0.03659464989 0.03316745733 0.001)
(0.03817802003 0.03133189131 0.001)
(0.03966941597 0.02942084403 0.001)
(0.04106524482 0.02743891935 0.001)
(0.04236214389 0.02539089191 0.001)
(0.04355698885 0.02328169559 0.001)
(0.0446469012 0.02111641162 0.001)
(0.04562925526 0.01890025637 0.001)
(0.04650168445 0.01663856875 0.001)
(0.04726208701 0.01433679735 0.001)
(0.04790863106 0.01200048736 0.001)
(0.04843975902 0.009635267142 0.001)
(0.04885419136 0.00724683472 0.001)
(0.04915092967 0.004840944039 0.001)
(0.04932925909 0.0024233911 0.001)
(0.04938875 0 0.001)
(0 0.0504975 0.001)
(0.002477794884 0.05043667355 0.001)
(0.004949620544 0.05025434074 0.001)
(0.007409522134 0.04995094081 0.001)
(0.009851573536 0.0495272047 0.001)
(0.01226989163 0.04898415321 0.001)
(0.01465865049 0.0483230946 0.001)
(0.01701209537 0.04754562143 0.001)
(0.01932455663 0.04665360669 0.001)
(0.02159046333 0.04564919933 0.001)
(0.02380435672 0.04453481905 0.001)
(0.02596090333 0.04331315048 0.001)
(0.02805490784 0.04198713675 0.001)
(0.03008132563 0.04055997232 0.001)
(0.03203527487 0.03903509537 0.001)
(0.03391204832 0.03741617945 0.001)
(0.03570712468 0.03570712468 0.001)
(0.03741617945 0.03391204832 0.001)
(0.03903509537 0.03203527487 0.001)
(0.04055997232 0.03008132563 0.001)
(0.04198713675 0.02805490784 0.001)
(0.04331315048 0.02596090333 0.001)
(0.04453481905 0.02380435672 0.001)
(0.04564919933 0.02159046333 0.001)
(0.04665360669 0.01932455663 0.001)
(0.04754562143 0.01701209537 0.001)
(0.0483230946 0.01465865049 0.001)
(0.04898415321 0.01226989163 0.001)
(0.0495272047 0.009851573536 0.001)
(0.04995094081 0.007409522134 0.001)
(0.05025434074 0.004949620544 0.001)
(0.05043667355 0.002477794884 0.001)
(0.0504975 0 0.001)
(0 0.05160625 0.001)
(0.002532198668 0.05154408801 0.001)
(0.005058297048 0.0513577518 0.001)
(0.007572209547 0.05104769027 0.001)
(0.01006787993 0.05061465038 0.001)
(0.01253929591 0.05005967536 0.001)
(0.01498050363 0.0493841022 0.001)
(0.017385622 0.04858955841 0.001)
(0.01974885688 0.04767795813 0.001)
(0.02206451504 0.04665149746 0.001)
(0.02432701785 0.04551264925 0.001)
(0.02653091474 0.04426415708 0.001)
(0.02867089634 0.04290902868 0.001)
(0.03074180723 0.04145052867 0.001)
(0.03273865842 0.03989217071 0.001)
(0.03465663931 0.03823770901 0.001)
(0.03649112933 0.03649112933 0.001)
(0.03823770901 0.03465663931 0.001)
(0.03989217071 0.03273865842 0.001)
(0.04145052867 0.03074180723 0.001)
(0.04290902868 0.02867089634 0.001)
(0.04426415708 0.02653091474 0.001)
(0.04551264925 0.02432701785 0.001)
(0.04665149746 0.02206451504 0.001)
(0.04767795813 0.01974885688 0.001)
(0.04858955841 0.017385622 0.001)
(0.0493841022 0.01498050363 0.001)
(0.05005967536 0.01253929591 0.001)
(0.05061465038 0.01006787993 0.001)
(0.05104769027 0.007572209547 0.001)
(0.0513577518 0.005058297048 0.001)
(0.05154408801 0.002532198668 0.001)
(0.05160625 0 0.001)
(0 0.052715 0.001)
(0.002586602452 0.05265150247 0.001)
(0.005166973553 0.05246116287 0.001)
(0.007734896961 0.05214443972 0.001)
(0.01028418633 0.05170209606 0.001)
(0.01280870018 0.05113519751 0.001)
(0.01530235676 0.0504451098 0.001)
(0.01775914862 0.0496334954 0.001)
(0.02017315714 0.04870230956 0.001)
(0.02253856675 0.04765379559 0.001)
(0.02484967898 0.04649047945 0.001)
(0.02710092616 0.04521516368 0.001)
(0.02928688483 0.04383092061 0.001)
(0.03140228884 0.04234108502 0.001)
(0.03344204198 0.04074924605 0.001)
(0.03540123031 0.03905923857 0.001)
(0.03727513397 0.03727513397 0.001)
(0.03905923857 0.03540123031 0.001)
(0.04074924605 0.03344204198 0.001)
(0.04234108502 0.03140228884 0.001)
(0.04383092061 0.02928688483 0.001)
(0.04521516368 0.02710092616 0.001)
(0.04649047945 0.02484967898 0.001)
(0.04765379559 0.02253856675 0.001)
(0.04870230956 0.02017315714 0.001)
(0.0496334954 0.01775914862 0.001)
(0.0504451098 0.01530235676 0.001)
(0.05113519751 0.01280870018 0.001)
(0.05170209606 0.01028418633 0.001)
(0.05214443972 0.007734896961 0.001)
(0.05246116287 0.005166973553 0.001)
(0.05265150247 0.002586602452 0.001)
(0.052715 0 0.001)
(0 0.05382375 0.001)
(0.002641006236 0.05375891694 0.001)
(0.005275650057 0.05356457393 0.001)
(0.007897584375 0.05324118918 0.001)
(0.01050049272 0.05278954174 0.001)
(0.01307810446 0.05221071966 0.001)
(0.0156242099 0.0515061174 0.001)
(0.01813267525 0.05067743238 0.001)
(0.02059745739 0.04972666099 0.001)
(0.02301261846 0.04865609372 0.001)
(0.02537234011 0.04746830965 0.001)
(0.02767093758 0.04616617027 0.001)
(0.02990287333 0.04475281255 0.001)
(0.03206277044 0.04323164137 0.001)
(0.03414542553 0.04160632139 0.001)
(0.0361458213 0.03988076813 0.001)
(0.03805913861 0.03805913861 0.001)
(0.03988076813 0.0361458213 0.001)
(0.04160632139 0.03414542553 0.001)
(0.04323164137 0.03206277044 0.001)
(0.04475281255 0.02990287333 0.001)
(0.04616617027 0.02767093758 0.001)
(0.04746830965 0.02537234011 0.001)
(0.04865609372 0.02301261846 0.001)
(0.04972666099 0.02059745739 0.001)
(0.05067743238 0.01813267525 0.001)
(0.0515061174 0.0156242099 0.001)
(0.05221071966 0.01307810446 0.001)
(0.05278954174 0.01050049272 0.001)
(0.05324118918 0.007897584375 0.001)
(0.05356457393 0.005275650057 0.001)
(0.05375891694 0.002641006236 0.001)
(0.05382375 0 0.001)
(0 0.0549325 0.001)
(0.00269541002 0.0548663314 0.001)
(0.005384326561 0.054667985 0.001)
(0.008060271788 0.05433793863 0.001)
(0.01071679911 0.05387698742 0.001)
(0.01334750873 0.05328624182 0.001)
(0.01594606303 0.05256712499 0.001)
(0.01850620187 0.05172136936 0.001)
(0.02102175765 0.05075101242 0.001)
(0.02348667017 0.04965839185 0.001)
(0.02589500125 0.04844613985 0.001)
(0.028240949 0.04711717687 0.001)
(0.03051886183 0.04567470448 0.001)
(0.03272325204 0.04412219772 0.001)
(0.03484880908 0.04246339673 0.001)
(0.03689041229 0.04070229769 0.001)
(0.03884314326 0.03884314326 0.001)
(0.04070229769 0.03689041229 0.001)
(0.04246339673 0.03484880908 0.001)
(0.04412219772 0.03272325204 0.001)
(0.04567470448 0.03051886183 0.001)
(0.04711717687 0.028240949 0.001)
(0.04844613985 0.02589500125 0.001)
(0.04965839185 0.02348667017 0.001)
(0.05075101242 0.02102175765 0.001)
(0.05172136936 0.01850620187 0.001)
(0.05256712499 0.01594606303 0.001)
(0.05328624182 0.01334750873 0.001)
(0.05387698742 0.01071679911 0.001)
(0.05433793863 0.008060271788 0.001)
(0.054667985 0.005384326561 0.001)
(0.0548663314 0.00269541002 0.001)
(0.0549325 0 0.001)
(0 0.05604125 0.001)
(0.002749813804 0.05597374586 0.001)
(0.005493003066 0.05577139606 0.001)
(0.008222959202 0.05543468809 0.001)
(0.01093310551 0.0549644331 0.001)
(0.01361691301 0.05436176397 0.001)
(0.01626791617 0.05362813259 0.001)
(0.0188797285 0.05276530634 0.001)
(0.0214460579 0.05177536385 0.001)
(0.02396072188 0.05066068997 0.001)
(0.02641766238 0.04942397006 0.001)
(0.02881096041 0.04806818347 0.001)
(0.03113485032 0.04659659641 0.001)
(0.03338373365 0.04501275407 0.001)
(0.03555219264 0.04332047207 0.001)
(0.03763500328 0.04152382725 0.001)
(0.0396271479 0.0396271479 0.001)
(0.04152382725 0.03763500328 0.001)
(0.04332047207 0.03555219264 0.001)
(0.04501275407 0.03338373365 0.001)
(0.04659659641 0.03113485032 0.001)
(0.04806818347 0.02881096041 0.001)
(0.04942397006 0.02641766238 0.001)
(0.05066068997 0.02396072188 0.001)
(0.05177536385 0.0214460579 0.001)
(0.05276530634 0.0188797285 0.001)
(0.05362813259 0.01626791617 0.001)
(0.05436176397 0.01361691301 0.001)
(0.0549644331 0.01093310551 0.001)
(0.05543468809 0.008222959202 0.001)
(0.05577139606 0.005493003066 0.001)
(0.05597374586 0.002749813804 0.001)
(0.05604125 0 0.001)
(0 0.05715 0.001)
(0.002804217588 0.05708116032 0.001)
(0.00560167957 0.05687480713 0.001)
(0.008385646615 0.05653143755 0.001)
(0.0111494119 0.05605187878 0.001)
(0.01388631728 0.05543728612 0.001)
(0.01658976931 0.05468914019 0.001)
(0.01925325512 0.05380924333 0.001)
(0.02187035816 0.05279971528 0.001)
(0.02443477359 0.0516629881 0.001)
(0.02694032351 0.05040180026 0.001)
(0.02938097183 0.04901919006 0.001)
(0.03175083882 0.04751848834 0.001)
(0.03404421525 0.04590331043 0.001)
(0.03625557619 0.04417754741 0.001)
(0.03837959427 0.04234535682 0.001)
(0.04041115255 0.04041115255 0.001)
(0.04234535682 0.03837959427 0.001)
(0.04417754741 0.03625557619 0.001)
(0.04590331043 0.03404421525 0.001)
(0.04751848834 0.03175083882 0.001)
(0.04901919006 0.02938097183 0.001)
(0.05040180026 0.02694032351 0.001)
(0.0516629881 0.02443477359 0.001)
(0.05279971528 0.02187035816 0.001)
(0.05380924333 0.01925325512 0.001)
(0.05468914019 0.01658976931 0.001)
(0.05543728612 0.01388631728 0.001)
(0.05605187878 0.0111494119 0.001)
(0.05653143755 0.008385646615 0.001)
(0.05687480713 0.00560167957 0.001)
(0.05708116032 0.002804217588 0.001)
(0.05715 0 0.001)
(0 0.05715 0)
(0.0035 0.05715 0)
(0.007 0.05715 0)
(0.0105 0.05715 0)
(0.014 0.05715 0)
(0.0175 0.05715 0)
(0.021 0.05715 0)
(0.0245 0.05715 0)
(0.028 0.05715 0)
(0.0315 0.05715 0)
(0.035 0.05715 0)
(0.0385 0.05715 0)
(0.042 0.05715 0)
(0.0455 0.05715 0)
(0.049 0.05715 0)
(0.0525 0.05715 0)
(0.056 0.05715 0)
(0.0595 0.05715 0)
(0.063 0.05715 0)
(0.0665 0.05715 0)
(0.07 0.05715 0)
(0 0.06 0)
(0.0035 0.06 0)
(0.007 0.06 0)
(0.0105 0.06 0)
(0.014 0.06 0)
(0.0175 0.06 0)
(0.021 0.06 0)
(0.0245 0.06 0)
(0.028 0.06 0)
(0.0315 0.06 0)
(0.035 0.06 0)
(0.0385 0.06 0)
(0.042 0.06 0)
(0.0455 0.06 0)
(0.049 0.06 0)
(0.0525 0.06 0)
(0.056 0.06 0)
(0.0595 0.06 0)
(0.063 0.06 0)
(0.0665 0.06 0)
(0.07 0.06 0)
(0 0.05715 0.001)
(0.0035 0.05715 0.001)
(0.007 0.05715 0.001)
(0.0105 0.05715 0.001)
(0.014 0.05715 0.001)
(0.0175 0.05715 0.001)
(0.021 0.05715 0.001)
(0.0245 0.05715 0.001)
(0.028 0.05715 0.001)
(0.0315 0.05715 0.001)
(0.035 0.05715 0.001)
(0.0385 0.05715 0.001)
(0.042 0.05715 0.001)
(0.0455 0.05715 0.001)
(0.049 0.05715 0.001)
(0.0525 0.05715 0.001)
(0.056 0.05715 0.001)
(0.0595 0.05715 0.001)
(0.063 0.05715 0.001)
(0.0665 0.05715 0.001)
(0.07 0.05715 0.001)
(0 0.06 0.001)
(0.0035 0.06 0.001)
(0.007 0.06 0.001)
(0.0105 0.06 0.001)
(0.014 0.06 0.001)
(0.0175 0.06 0.001)
(0.021 0.06 0.001)
(0.0245 0.06 0.001)
(0.028 0.06 0.001)
(0.0315 0.06 0.001)
(0.035 0.06 0.001)
(0.0385 0.06 0.001)
(0.042 0.06 0.001)
(0.0455 0.06 0.001)
(0.049 0.06 0.001)
(0.0525 0.06 0.001)
(0.056 0.06 0.001)
(0.0595 0.06 0.001)
(0.063 0.06 0.001)
(0.0665 0.06 0.001)
(0.07 0.06 0.001)
)


// ************************************************************************* //
