/*--------------------------------*- C++ -*----------------------------------*\
| =========                 |                                                 |
| \\      /  F ield         | foam-extend: Open Source CFD                    |
|  \\    /   O peration     | Version:     4.1                                |
|   \\  /    A nd           | Web:         http://www.foam-extend.org         |
|    \\/     M anipulation  |                                                 |
\*---------------------------------------------------------------------------*/
FoamFile
{
    version     2.0;
    format      ascii;
    class       volScalarField;
    location    "0.194";
    object      Dp;
}
// * * * * * * * * * * * * * * * * * * * * * * * * * * * * * * * * * * * * * //

dimensions      [1 -1 -2 0 0 0 0];

internalField   nonuniform List<scalar> 
5120
(
-0.0494862
-0.0392747
-0.0379466
-0.0374253
-0.0370466
-0.0366683
-0.036226
-0.035708
-0.0351237
-0.0344868
-0.0338109
-0.0331074
-0.0323853
-0.0316516
-0.0309114
-0.0301683
-0.0294248
-0.0286829
-0.0279437
-0.0272082
-0.0264771
-0.0257509
-0.0250301
-0.0243148
-0.0236055
-0.0229024
-0.0222057
-0.0215157
-0.0208326
-0.0201564
-0.0194876
-0.0188262
-0.0181724
-0.0175265
-0.0168886
-0.0162588
-0.0156375
-0.0150247
-0.0144206
-0.0138255
-0.0132395
-0.0126629
-0.0120958
-0.0115384
-0.0109909
-0.0104536
-0.00992667
-0.00941029
-0.0089047
-0.00841014
-0.00792682
-0.00745499
-0.00699488
-0.00654674
-0.00611082
-0.00568737
-0.00527665
-0.00487891
-0.00449442
-0.00412346
-0.00376629
-0.00342319
-0.00309445
-0.00278034
-0.00248116
-0.00219718
-0.00192872
-0.00167604
-0.00143943
-0.00121918
-0.00101555
-0.00082879
-0.000659156
-0.000506899
-0.00037231
-0.000255837
-0.000158113
-8.14541e-05
-2.30508e-05
1.05202e-05
-0.0512349
-0.0409887
-0.0392933
-0.0384326
-0.0376336
-0.0369303
-0.036264
-0.0355965
-0.0349165
-0.0342216
-0.0335129
-0.0327933
-0.0320657
-0.0313333
-0.0305983
-0.0298629
-0.0291284
-0.028396
-0.0276666
-0.0269409
-0.0262194
-0.0255025
-0.0247906
-0.024084
-0.0233829
-0.0226877
-0.0219986
-0.0213157
-0.0206394
-0.0199699
-0.0193073
-0.018652
-0.018004
-0.0173636
-0.016731
-0.0161065
-0.0154901
-0.0148821
-0.0142827
-0.0136921
-0.0131106
-0.0125382
-0.0119752
-0.0114219
-0.0108783
-0.0103449
-0.00982164
-0.0093089
-0.00880686
-0.00831576
-0.00783582
-0.00736729
-0.0069104
-0.0064654
-0.00603254
-0.00561207
-0.00520425
-0.00480934
-0.00442761
-0.00405932
-0.00370476
-0.0033642
-0.00303791
-0.00272619
-0.00242933
-0.00214761
-0.00188132
-0.00163077
-0.00139623
-0.00117802
-0.000976428
-0.000791772
-0.000624396
-0.000474711
-0.000343243
-0.000230742
-0.000138289
-6.85794e-05
-1.6575e-05
1.35259e-05
-0.0533195
-0.0417116
-0.0399991
-0.0391005
-0.0381797
-0.0373361
-0.0365475
-0.0357844
-0.0350344
-0.0342909
-0.0335496
-0.0328089
-0.0320683
-0.0313282
-0.030589
-0.0298515
-0.0291165
-0.0283844
-0.0276558
-0.0269312
-0.026211
-0.0254954
-0.0247847
-0.0240793
-0.0233795
-0.0226853
-0.0219972
-0.0213153
-0.0206399
-0.0199711
-0.0193093
-0.0186545
-0.0180071
-0.0173671
-0.016735
-0.0161107
-0.0154946
-0.0148868
-0.0142876
-0.0136971
-0.0131156
-0.0125432
-0.0119802
-0.0114267
-0.0108831
-0.0103494
-0.00982598
-0.009313
-0.00881069
-0.00831929
-0.00783902
-0.00737013
-0.00691285
-0.00646744
-0.00603414
-0.00561322
-0.00520492
-0.00480951
-0.00442727
-0.00405845
-0.00370334
-0.00336222
-0.00303536
-0.00272305
-0.00242559
-0.00214326
-0.00187636
-0.00162519
-0.00139006
-0.00117128
-0.000969182
-0.000784121
-0.000616508
-0.00046684
-0.000335744
-0.000224074
-0.00013304
-6.51073e-05
-1.46623e-05
1.49687e-05
-0.0543117
-0.041958
-0.0402388
-0.0393519
-0.038408
-0.0375212
-0.0366859
-0.0358811
-0.0350978
-0.0343295
-0.0335708
-0.0328184
-0.0320702
-0.0313254
-0.0305835
-0.0298446
-0.029109
-0.0283769
-0.0276486
-0.0269244
-0.0262047
-0.0254896
-0.0247796
-0.0240748
-0.0233755
-0.0226819
-0.0219943
-0.0213129
-0.0206378
-0.0199695
-0.019308
-0.0186535
-0.0180063
-0.0173667
-0.0167347
-0.0161106
-0.0154947
-0.0148871
-0.0142879
-0.0136975
-0.0131161
-0.0125437
-0.0119807
-0.0114273
-0.0108837
-0.01035
-0.00982651
-0.00931348
-0.0088111
-0.00831961
-0.00783925
-0.00737025
-0.00691285
-0.00646731
-0.00603387
-0.00561279
-0.00520433
-0.00480876
-0.00442633
-0.00405732
-0.00370201
-0.00336068
-0.00303361
-0.00272108
-0.00242339
-0.00214083
-0.0018737
-0.0016223
-0.00138695
-0.00116796
-0.000965694
-0.000780525
-0.000612892
-0.000463328
-0.000332487
-0.000221239
-0.000130795
-6.34597e-05
-1.33511e-05
1.63095e-05
-0.0543117
-0.041958
-0.0402388
-0.0393519
-0.038408
-0.0375212
-0.0366859
-0.0358811
-0.0350978
-0.0343295
-0.0335708
-0.0328184
-0.0320702
-0.0313254
-0.0305835
-0.0298446
-0.029109
-0.0283769
-0.0276486
-0.0269244
-0.0262047
-0.0254896
-0.0247796
-0.0240748
-0.0233755
-0.0226819
-0.0219943
-0.0213129
-0.0206378
-0.0199695
-0.019308
-0.0186535
-0.0180063
-0.0173667
-0.0167347
-0.0161106
-0.0154947
-0.0148871
-0.0142879
-0.0136975
-0.0131161
-0.0125437
-0.0119807
-0.0114273
-0.0108837
-0.01035
-0.00982651
-0.00931348
-0.0088111
-0.00831961
-0.00783925
-0.00737025
-0.00691285
-0.00646731
-0.00603387
-0.00561279
-0.00520433
-0.00480876
-0.00442633
-0.00405732
-0.00370202
-0.00336068
-0.00303361
-0.00272108
-0.00242339
-0.00214083
-0.0018737
-0.0016223
-0.00138695
-0.00116796
-0.000965695
-0.000780525
-0.000612892
-0.000463328
-0.000332486
-0.000221238
-0.000130796
-6.34602e-05
-1.33507e-05
1.63093e-05
-0.0533195
-0.0417116
-0.0399991
-0.0391005
-0.0381797
-0.0373361
-0.0365475
-0.0357844
-0.0350344
-0.0342909
-0.0335496
-0.0328089
-0.0320683
-0.0313282
-0.030589
-0.0298515
-0.0291165
-0.0283844
-0.0276558
-0.0269312
-0.026211
-0.0254954
-0.0247847
-0.0240793
-0.0233795
-0.0226853
-0.0219972
-0.0213153
-0.0206399
-0.0199711
-0.0193093
-0.0186545
-0.0180071
-0.0173671
-0.016735
-0.0161107
-0.0154946
-0.0148868
-0.0142876
-0.0136971
-0.0131156
-0.0125432
-0.0119802
-0.0114267
-0.0108831
-0.0103494
-0.00982598
-0.009313
-0.00881069
-0.00831929
-0.00783902
-0.00737013
-0.00691285
-0.00646744
-0.00603414
-0.00561322
-0.00520492
-0.00480951
-0.00442727
-0.00405845
-0.00370334
-0.00336222
-0.00303536
-0.00272305
-0.00242559
-0.00214326
-0.00187636
-0.00162519
-0.00139006
-0.00117128
-0.000969181
-0.00078412
-0.000616507
-0.00046684
-0.000335744
-0.000224075
-0.000133041
-6.51074e-05
-1.46625e-05
1.49711e-05
-0.0512349
-0.0409887
-0.0392933
-0.0384326
-0.0376336
-0.0369303
-0.036264
-0.0355965
-0.0349165
-0.0342216
-0.0335129
-0.0327933
-0.0320657
-0.0313333
-0.0305983
-0.0298629
-0.0291284
-0.028396
-0.0276666
-0.0269409
-0.0262194
-0.0255025
-0.0247906
-0.024084
-0.0233829
-0.0226877
-0.0219986
-0.0213157
-0.0206394
-0.0199699
-0.0193073
-0.018652
-0.018004
-0.0173636
-0.016731
-0.0161065
-0.0154901
-0.0148821
-0.0142827
-0.0136921
-0.0131106
-0.0125382
-0.0119752
-0.0114219
-0.0108783
-0.0103449
-0.00982164
-0.0093089
-0.00880686
-0.00831576
-0.00783582
-0.00736729
-0.0069104
-0.0064654
-0.00603254
-0.00561207
-0.00520425
-0.00480934
-0.00442761
-0.00405932
-0.00370476
-0.0033642
-0.00303791
-0.0027262
-0.00242933
-0.00214761
-0.00188132
-0.00163077
-0.00139623
-0.00117802
-0.000976428
-0.000791772
-0.000624396
-0.000474711
-0.000343244
-0.000230743
-0.00013829
-6.85796e-05
-1.65755e-05
1.35266e-05
-0.0494862
-0.0392747
-0.0379466
-0.0374253
-0.0370466
-0.0366683
-0.036226
-0.035708
-0.0351237
-0.0344868
-0.0338109
-0.0331074
-0.0323853
-0.0316516
-0.0309114
-0.0301683
-0.0294248
-0.0286829
-0.0279437
-0.0272082
-0.0264771
-0.0257509
-0.0250301
-0.0243148
-0.0236055
-0.0229024
-0.0222057
-0.0215157
-0.0208326
-0.0201565
-0.0194876
-0.0188262
-0.0181724
-0.0175265
-0.0168886
-0.0162588
-0.0156375
-0.0150247
-0.0144206
-0.0138255
-0.0132395
-0.0126629
-0.0120958
-0.0115384
-0.0109909
-0.0104536
-0.00992667
-0.00941029
-0.0089047
-0.00841014
-0.00792682
-0.00745499
-0.00699488
-0.00654674
-0.00611082
-0.00568737
-0.00527665
-0.00487891
-0.00449442
-0.00412346
-0.00376629
-0.00342319
-0.00309445
-0.00278034
-0.00248116
-0.00219718
-0.00192872
-0.00167604
-0.00143943
-0.00121918
-0.00101555
-0.00082879
-0.000659156
-0.000506898
-0.000372309
-0.000255838
-0.000158114
-8.14544e-05
-2.30507e-05
1.05222e-05
-0.0317282
-0.0244945
-0.0236597
-0.0234403
-0.0231526
-0.0228813
-0.0226057
-0.0223054
-0.0219777
-0.0216253
-0.0212522
-0.0208626
-0.0204603
-0.0200485
-0.0196295
-0.0192053
-0.0187772
-0.0183463
-0.0179134
-0.0174793
-0.0170445
-0.0166094
-0.0161746
-0.0157402
-0.0153068
-0.0148746
-0.0144438
-0.0140149
-0.013588
-0.0131635
-0.0127415
-0.0123224
-0.0119064
-0.0114937
-0.0110846
-0.0106792
-0.0102779
-0.00988088
-0.00948831
-0.00910045
-0.00871752
-0.00833975
-0.00796735
-0.00760055
-0.00723957
-0.00688462
-0.00653594
-0.00619373
-0.00585822
-0.00552964
-0.00520819
-0.00489412
-0.00458763
-0.00428895
-0.00399832
-0.00371594
-0.00344206
-0.0031769
-0.00292068
-0.00267364
-0.00243602
-0.00220803
-0.00198992
-0.00178192
-0.00158426
-0.00139719
-0.00122093
-0.00105571
-0.000901759
-0.000759299
-0.000628528
-0.000509628
-0.000402742
-0.000307972
-0.000225339
-0.000154725
-9.60323e-05
-5.01112e-05
-1.27216e-05
3.33853e-05
-0.0378289
-0.0264796
-0.024035
-0.0234317
-0.0228046
-0.0223006
-0.0218904
-0.0215137
-0.0211474
-0.0207821
-0.0204128
-0.0200376
-0.0196564
-0.0192694
-0.0188775
-0.0184813
-0.0180814
-0.0176786
-0.0172733
-0.0168661
-0.0164574
-0.0160475
-0.0156369
-0.0152259
-0.0148149
-0.0144041
-0.013994
-0.0135847
-0.0131766
-0.0127701
-0.0123653
-0.0119625
-0.0115621
-0.0111643
-0.0107693
-0.0103775
-0.00998908
-0.00960431
-0.00922345
-0.00884675
-0.00847446
-0.00810683
-0.00774411
-0.00738654
-0.00703437
-0.00668783
-0.00634718
-0.00601266
-0.0056845
-0.00536295
-0.00504824
-0.00474063
-0.00444035
-0.00414764
-0.00386275
-0.00358591
-0.00331737
-0.00305738
-0.00280616
-0.00256398
-0.00233106
-0.00210766
-0.00189403
-0.0016904
-0.00149702
-0.00131414
-0.001142
-0.000980843
-0.000830914
-0.000692449
-0.000565685
-0.000450852
-0.000348181
-0.000257904
-0.000180228
-0.00011524
-6.33963e-05
-2.61377e-05
5.39941e-06
4.31471e-05
-0.0409321
-0.0280712
-0.0247301
-0.0237945
-0.0229615
-0.022308
-0.0217974
-0.0213546
-0.0209468
-0.0205573
-0.0201761
-0.0197972
-0.0194178
-0.0190361
-0.0186515
-0.018264
-0.0178736
-0.0174805
-0.017085
-0.0166874
-0.0162882
-0.0158875
-0.0154858
-0.0150834
-0.0146805
-0.0142776
-0.0138748
-0.0134726
-0.0130713
-0.012671
-0.0122722
-0.0118751
-0.01148
-0.0110872
-0.0106969
-0.0103095
-0.00992518
-0.00954425
-0.00916697
-0.00879361
-0.00842441
-0.00805966
-0.00769959
-0.00734448
-0.00699457
-0.00665013
-0.00631139
-0.00597862
-0.00565207
-0.00533199
-0.00501863
-0.00471223
-0.00441306
-0.00412136
-0.00383738
-0.00356136
-0.00329357
-0.00303425
-0.00278365
-0.00254202
-0.00230962
-0.00208668
-0.00187347
-0.00167023
-0.00147722
-0.00129469
-0.00112289
-0.000962058
-0.000812462
-0.000674352
-0.000547988
-0.000433636
-0.00033158
-0.00024213
-0.000165585
-0.00010217
-5.25745e-05
-1.79688e-05
1.14767e-05
4.39412e-05
-0.0420351
-0.028552
-0.0249669
-0.0239443
-0.0230366
-0.0223185
-0.0217604
-0.0212843
-0.0208541
-0.0204509
-0.0200622
-0.0196804
-0.0193009
-0.0189213
-0.01854
-0.0181566
-0.0177706
-0.0173823
-0.0169916
-0.0165989
-0.0162043
-0.0158083
-0.015411
-0.0150129
-0.0146141
-0.0142151
-0.0138161
-0.0134175
-0.0130195
-0.0126225
-0.0122267
-0.0118325
-0.0114401
-0.0110498
-0.0106619
-0.0102767
-0.00989454
-0.00951558
-0.00914013
-0.00876848
-0.00840087
-0.00803759
-0.0076789
-0.00732505
-0.00697631
-0.00663294
-0.00629519
-0.00596333
-0.0056376
-0.00531828
-0.0050056
-0.00469983
-0.00440123
-0.00411004
-0.00382652
-0.00355092
-0.0032835
-0.00302451
-0.00277421
-0.00253285
-0.00230068
-0.00207796
-0.00186494
-0.00166188
-0.00146903
-0.00128664
-0.00111497
-0.000954275
-0.000804817
-0.000666857
-0.00054067
-0.000426542
-0.000324779
-0.00023572
-0.000159693
-9.69489e-05
-4.82416e-05
-1.45853e-05
1.41408e-05
4.49394e-05
-0.0420351
-0.028552
-0.0249669
-0.0239443
-0.0230366
-0.0223185
-0.0217604
-0.0212843
-0.0208541
-0.0204509
-0.0200622
-0.0196804
-0.0193009
-0.0189213
-0.01854
-0.0181566
-0.0177706
-0.0173823
-0.0169916
-0.0165989
-0.0162043
-0.0158083
-0.015411
-0.0150129
-0.0146141
-0.0142151
-0.0138161
-0.0134175
-0.0130195
-0.0126225
-0.0122267
-0.0118325
-0.0114401
-0.0110498
-0.0106619
-0.0102767
-0.00989454
-0.00951558
-0.00914013
-0.00876848
-0.00840087
-0.00803759
-0.0076789
-0.00732505
-0.00697631
-0.00663293
-0.00629519
-0.00596333
-0.0056376
-0.00531828
-0.0050056
-0.00469983
-0.00440123
-0.00411004
-0.00382652
-0.00355092
-0.0032835
-0.00302451
-0.00277421
-0.00253285
-0.00230068
-0.00207796
-0.00186494
-0.00166188
-0.00146903
-0.00128664
-0.00111497
-0.000954275
-0.000804817
-0.000666857
-0.000540671
-0.000426542
-0.000324779
-0.00023572
-0.000159693
-9.69488e-05
-4.82416e-05
-1.45853e-05
1.41408e-05
4.49391e-05
-0.0409321
-0.0280712
-0.0247301
-0.0237945
-0.0229615
-0.022308
-0.0217974
-0.0213546
-0.0209468
-0.0205573
-0.0201761
-0.0197972
-0.0194178
-0.0190361
-0.0186515
-0.018264
-0.0178736
-0.0174805
-0.017085
-0.0166874
-0.0162882
-0.0158875
-0.0154858
-0.0150834
-0.0146805
-0.0142776
-0.0138748
-0.0134726
-0.0130713
-0.012671
-0.0122722
-0.0118751
-0.01148
-0.0110872
-0.0106969
-0.0103095
-0.00992518
-0.00954425
-0.00916697
-0.00879361
-0.00842441
-0.00805966
-0.00769959
-0.00734448
-0.00699457
-0.00665013
-0.00631139
-0.00597862
-0.00565207
-0.00533199
-0.00501863
-0.00471223
-0.00441306
-0.00412136
-0.00383738
-0.00356136
-0.00329357
-0.00303425
-0.00278365
-0.00254202
-0.00230962
-0.00208668
-0.00187347
-0.00167023
-0.00147722
-0.00129469
-0.00112289
-0.000962058
-0.000812462
-0.000674352
-0.000547988
-0.000433636
-0.00033158
-0.00024213
-0.000165585
-0.00010217
-5.25744e-05
-1.79687e-05
1.14764e-05
4.39407e-05
-0.0378289
-0.0264796
-0.024035
-0.0234317
-0.0228046
-0.0223006
-0.0218904
-0.0215137
-0.0211474
-0.0207821
-0.0204128
-0.0200376
-0.0196564
-0.0192694
-0.0188775
-0.0184813
-0.0180814
-0.0176786
-0.0172733
-0.0168661
-0.0164574
-0.0160475
-0.0156369
-0.0152259
-0.0148149
-0.0144041
-0.013994
-0.0135847
-0.0131766
-0.0127701
-0.0123653
-0.0119625
-0.0115621
-0.0111643
-0.0107693
-0.0103775
-0.00998908
-0.00960431
-0.00922345
-0.00884675
-0.00847446
-0.00810683
-0.00774411
-0.00738654
-0.00703437
-0.00668783
-0.00634718
-0.00601266
-0.0056845
-0.00536295
-0.00504824
-0.00474063
-0.00444035
-0.00414764
-0.00386275
-0.00358591
-0.00331737
-0.00305738
-0.00280616
-0.00256398
-0.00233106
-0.00210766
-0.00189403
-0.0016904
-0.00149702
-0.00131414
-0.001142
-0.000980843
-0.000830914
-0.000692449
-0.000565685
-0.000450852
-0.000348181
-0.000257905
-0.000180228
-0.00011524
-6.33961e-05
-2.61376e-05
5.39928e-06
4.31468e-05
-0.0317282
-0.0244945
-0.0236597
-0.0234403
-0.0231526
-0.0228813
-0.0226057
-0.0223054
-0.0219777
-0.0216253
-0.0212522
-0.0208626
-0.0204603
-0.0200485
-0.0196295
-0.0192053
-0.0187772
-0.0183463
-0.0179134
-0.0174793
-0.0170445
-0.0166094
-0.0161746
-0.0157402
-0.0153068
-0.0148746
-0.0144438
-0.0140149
-0.013588
-0.0131635
-0.0127415
-0.0123224
-0.0119064
-0.0114937
-0.0110846
-0.0106792
-0.0102779
-0.00988088
-0.00948831
-0.00910045
-0.00871752
-0.00833975
-0.00796735
-0.00760055
-0.00723957
-0.00688462
-0.00653594
-0.00619373
-0.00585822
-0.00552964
-0.00520819
-0.00489412
-0.00458763
-0.00428895
-0.00399832
-0.00371594
-0.00344206
-0.0031769
-0.00292068
-0.00267364
-0.00243601
-0.00220803
-0.00198992
-0.00178192
-0.00158426
-0.00139719
-0.00122093
-0.00105571
-0.000901759
-0.000759298
-0.000628528
-0.000509627
-0.000402742
-0.000307971
-0.000225338
-0.000154725
-9.60323e-05
-5.01113e-05
-1.27218e-05
3.33853e-05
-0.0158133
-0.012061
-0.0119028
-0.0120032
-0.0119387
-0.0118361
-0.0117216
-0.011596
-0.0114616
-0.0113196
-0.0111706
-0.0110153
-0.0108541
-0.0106873
-0.0105153
-0.0103384
-0.0101571
-0.00997152
-0.00978209
-0.00958912
-0.00939291
-0.00919378
-0.00899199
-0.00878783
-0.00858156
-0.00837341
-0.00816364
-0.00795246
-0.00774011
-0.0075268
-0.00731274
-0.00709814
-0.00688322
-0.00666817
-0.00645321
-0.00623853
-0.00602434
-0.00581084
-0.00559822
-0.0053867
-0.00517646
-0.00496771
-0.00476064
-0.00455545
-0.00435234
-0.00415151
-0.00395314
-0.00375745
-0.00356461
-0.00337483
-0.0031883
-0.00300521
-0.00282576
-0.00265013
-0.00247853
-0.00231113
-0.00214814
-0.00198974
-0.00183611
-0.00168745
-0.00154394
-0.00140577
-0.00127313
-0.00114619
-0.00102514
-0.000910155
-0.000801416
-0.000699093
-0.000603351
-0.000514345
-0.000432209
-0.000357049
-0.00028892
-0.00022781
-0.000173588
-0.000125924
-8.46261e-05
-5.07928e-05
-1.77765e-05
4.56808e-05
-0.0203827
-0.0135406
-0.0119406
-0.0116008
-0.0112626
-0.0110143
-0.0108392
-0.0106955
-0.0105662
-0.010443
-0.0103206
-0.010196
-0.0100674
-0.00993401
-0.00979543
-0.0096516
-0.0095026
-0.0093486
-0.00918984
-0.00902658
-0.00885908
-0.00868762
-0.00851245
-0.00833386
-0.00815209
-0.0079674
-0.00778005
-0.00759029
-0.00739835
-0.00720448
-0.00700891
-0.0068119
-0.00661367
-0.00641446
-0.0062145
-0.00601403
-0.00581328
-0.00561247
-0.00541184
-0.00521161
-0.00501202
-0.00481329
-0.00461564
-0.0044193
-0.00422449
-0.00403144
-0.00384036
-0.00365148
-0.00346502
-0.00328119
-0.00310021
-0.00292231
-0.00274768
-0.00257655
-0.00240913
-0.00224563
-0.00208626
-0.00193123
-0.00178075
-0.00163502
-0.00149425
-0.00135863
-0.00122837
-0.00110367
-0.000984725
-0.000871725
-0.000764863
-0.000664325
-0.000570292
-0.00048294
-0.00040243
-0.000328912
-0.000262509
-0.000203315
-0.000151324
-0.000106315
-6.85955e-05
-3.90084e-05
-2.85532e-06
5.28724e-05
-0.0230041
-0.0149323
-0.0123939
-0.0116731
-0.0111412
-0.0107784
-0.0105384
-0.0103593
-0.0102129
-0.0100845
-0.00996452
-0.00984705
-0.0097286
-0.00960713
-0.00948147
-0.00935107
-0.00921566
-0.00907522
-0.00892984
-0.00877969
-0.00862495
-0.00846585
-0.00830265
-0.00813557
-0.00796487
-0.00779079
-0.0076136
-0.00743353
-0.00725085
-0.00706579
-0.00687862
-0.00668957
-0.0064989
-0.00630684
-0.00611366
-0.00591959
-0.00572488
-0.00552977
-0.0053345
-0.00513932
-0.00494446
-0.00475016
-0.00455667
-0.00436421
-0.00417302
-0.00398335
-0.00379541
-0.00360944
-0.00342568
-0.00324436
-0.00306569
-0.00288992
-0.00271726
-0.00254794
-0.00238218
-0.0022202
-0.00206223
-0.00190847
-0.00175915
-0.00161449
-0.00147469
-0.00133996
-0.00121051
-0.00108656
-0.000968291
-0.000855919
-0.000749639
-0.000649644
-0.000556127
-0.000469274
-0.000389267
-0.000316279
-0.000250476
-0.000192011
-0.000140957
-9.7228e-05
-6.13273e-05
-3.32752e-05
2.82708e-06
5.05657e-05
-0.0239224
-0.0153818
-0.0125648
-0.0117214
-0.0111057
-0.0106833
-0.0104057
-0.0102041
-0.0100452
-0.00991114
-0.00979018
-0.00967479
-0.00956035
-0.0094441
-0.00932439
-0.00920033
-0.00907145
-0.00893759
-0.00879874
-0.00865501
-0.00850655
-0.00835356
-0.00819626
-0.00803488
-0.00786967
-0.00770087
-0.00752872
-0.00735349
-0.00717543
-0.00699478
-0.0068118
-0.00662674
-0.00643986
-0.00625141
-0.00606164
-0.0058708
-0.00567915
-0.00548692
-0.00529437
-0.00510175
-0.0049093
-0.00471727
-0.0045259
-0.00433544
-0.00414612
-0.00395818
-0.00377187
-0.00358742
-0.00340507
-0.00322505
-0.0030476
-0.00287295
-0.00270134
-0.00253298
-0.00236811
-0.00220695
-0.00204973
-0.00189667
-0.00174799
-0.00160391
-0.00146465
-0.00133042
-0.00120143
-0.0010779
-0.000960022
-0.000848014
-0.000742072
-0.000642398
-0.000549188
-0.000462636
-0.000382933
-0.000310267
-0.00024482
-0.000186767
-0.000136203
-9.30814e-05
-5.79787e-05
-3.06092e-05
5.16846e-06
5.02298e-05
-0.0239224
-0.0153818
-0.0125648
-0.0117214
-0.0111057
-0.0106833
-0.0104057
-0.0102041
-0.0100452
-0.00991114
-0.00979018
-0.00967479
-0.00956035
-0.0094441
-0.00932439
-0.00920033
-0.00907145
-0.00893759
-0.00879874
-0.00865501
-0.00850655
-0.00835356
-0.00819626
-0.00803488
-0.00786967
-0.00770087
-0.00752872
-0.00735349
-0.00717543
-0.00699478
-0.0068118
-0.00662674
-0.00643986
-0.00625141
-0.00606164
-0.0058708
-0.00567915
-0.00548692
-0.00529437
-0.00510175
-0.0049093
-0.00471727
-0.0045259
-0.00433544
-0.00414612
-0.00395818
-0.00377187
-0.00358742
-0.00340507
-0.00322505
-0.0030476
-0.00287295
-0.00270134
-0.00253298
-0.00236811
-0.00220695
-0.00204973
-0.00189667
-0.00174799
-0.00160391
-0.00146465
-0.00133042
-0.00120143
-0.0010779
-0.000960022
-0.000848014
-0.000742072
-0.000642398
-0.000549188
-0.000462636
-0.000382933
-0.000310267
-0.00024482
-0.000186767
-0.000136203
-9.30814e-05
-5.79787e-05
-3.06092e-05
5.16844e-06
5.02298e-05
-0.0230041
-0.0149323
-0.0123939
-0.0116731
-0.0111412
-0.0107784
-0.0105384
-0.0103593
-0.0102129
-0.0100845
-0.00996452
-0.00984705
-0.0097286
-0.00960713
-0.00948147
-0.00935107
-0.00921566
-0.00907522
-0.00892984
-0.00877969
-0.00862495
-0.00846585
-0.00830265
-0.00813557
-0.00796487
-0.00779079
-0.0076136
-0.00743353
-0.00725085
-0.00706579
-0.00687862
-0.00668957
-0.0064989
-0.00630684
-0.00611366
-0.00591959
-0.00572488
-0.00552977
-0.0053345
-0.00513932
-0.00494446
-0.00475016
-0.00455667
-0.00436421
-0.00417302
-0.00398334
-0.00379541
-0.00360944
-0.00342568
-0.00324436
-0.00306569
-0.00288992
-0.00271726
-0.00254794
-0.00238218
-0.0022202
-0.00206223
-0.00190847
-0.00175915
-0.00161449
-0.00147469
-0.00133996
-0.00121051
-0.00108656
-0.000968291
-0.000855919
-0.000749639
-0.000649644
-0.000556127
-0.000469274
-0.000389267
-0.000316279
-0.000250476
-0.000192011
-0.000140957
-9.72279e-05
-6.13273e-05
-3.32752e-05
2.82704e-06
5.05656e-05
-0.0203827
-0.0135406
-0.0119406
-0.0116008
-0.0112626
-0.0110143
-0.0108392
-0.0106955
-0.0105662
-0.010443
-0.0103206
-0.010196
-0.0100674
-0.00993401
-0.00979543
-0.0096516
-0.0095026
-0.0093486
-0.00918984
-0.00902658
-0.00885908
-0.00868762
-0.00851245
-0.00833386
-0.00815209
-0.0079674
-0.00778005
-0.00759029
-0.00739835
-0.00720448
-0.00700891
-0.0068119
-0.00661367
-0.00641446
-0.0062145
-0.00601403
-0.00581328
-0.00561247
-0.00541184
-0.00521161
-0.00501202
-0.00481329
-0.00461564
-0.0044193
-0.00422449
-0.00403144
-0.00384036
-0.00365148
-0.00346502
-0.00328119
-0.00310021
-0.00292231
-0.00274768
-0.00257655
-0.00240913
-0.00224563
-0.00208626
-0.00193123
-0.00178075
-0.00163502
-0.00149425
-0.00135863
-0.00122837
-0.00110367
-0.000984725
-0.000871725
-0.000764862
-0.000664325
-0.000570292
-0.00048294
-0.00040243
-0.000328912
-0.000262509
-0.000203315
-0.000151324
-0.000106315
-6.85954e-05
-3.90084e-05
-2.85528e-06
5.28725e-05
-0.0158133
-0.012061
-0.0119028
-0.0120032
-0.0119387
-0.0118361
-0.0117216
-0.011596
-0.0114616
-0.0113196
-0.0111706
-0.0110153
-0.0108541
-0.0106873
-0.0105153
-0.0103384
-0.0101571
-0.00997152
-0.00978209
-0.00958912
-0.00939291
-0.00919378
-0.00899199
-0.00878783
-0.00858156
-0.00837341
-0.00816364
-0.00795246
-0.00774011
-0.0075268
-0.00731274
-0.00709814
-0.00688322
-0.00666817
-0.00645321
-0.00623853
-0.00602434
-0.00581084
-0.00559822
-0.0053867
-0.00517646
-0.00496771
-0.00476064
-0.00455545
-0.00435234
-0.00415151
-0.00395314
-0.00375745
-0.00356461
-0.00337483
-0.0031883
-0.00300521
-0.00282576
-0.00265013
-0.00247853
-0.00231113
-0.00214814
-0.00198974
-0.00183611
-0.00168745
-0.00154394
-0.00140577
-0.00127313
-0.00114619
-0.00102514
-0.000910155
-0.000801416
-0.000699093
-0.000603351
-0.000514345
-0.000432209
-0.000357049
-0.00028892
-0.00022781
-0.000173588
-0.000125924
-8.4626e-05
-5.07928e-05
-1.7777e-05
4.56802e-05
-0.00155939
-0.0014206
-0.00164499
-0.00184897
-0.00193521
-0.00196347
-0.00197093
-0.00197365
-0.00197922
-0.00198999
-0.00200548
-0.00202412
-0.00204411
-0.00206384
-0.00208206
-0.00209784
-0.00211061
-0.00212001
-0.0021259
-0.00212822
-0.00212701
-0.00212236
-0.00211437
-0.00210316
-0.00208887
-0.0020716
-0.00205149
-0.00202865
-0.0020032
-0.00197526
-0.00194494
-0.00191237
-0.00187765
-0.0018409
-0.00180224
-0.00176179
-0.00171967
-0.001676
-0.0016309
-0.00158449
-0.00153689
-0.00148823
-0.00143863
-0.00138822
-0.00133711
-0.00128543
-0.0012333
-0.00118086
-0.00112821
-0.00107548
-0.0010228
-0.000970287
-0.000918057
-0.000866232
-0.00081493
-0.000764268
-0.000714363
-0.000665327
-0.000617276
-0.00057032
-0.000524569
-0.000480131
-0.000437112
-0.000395617
-0.000355748
-0.000317604
-0.000281285
-0.000246884
-0.000214491
-0.000184194
-0.000156069
-0.000130181
-0.000106576
-8.52749e-05
-6.62522e-05
-4.93906e-05
-3.4917e-05
-2.46956e-05
-1.15768e-05
4.21699e-05
-0.00323626
-0.001517
-0.00100155
-0.000926781
-0.000888361
-0.000879702
-0.000898418
-0.000934074
-0.000981177
-0.00103584
-0.00109464
-0.00115484
-0.00121437
-0.00127176
-0.00132597
-0.00137634
-0.00142247
-0.00146414
-0.00150125
-0.00153379
-0.00156183
-0.00158543
-0.00160471
-0.00161979
-0.00163078
-0.00163782
-0.00164102
-0.00164054
-0.00163649
-0.00162902
-0.00161825
-0.00160434
-0.00158741
-0.0015676
-0.00154507
-0.00151994
-0.00149237
-0.00146251
-0.00143049
-0.00139647
-0.0013606
-0.00132301
-0.00128387
-0.00124331
-0.00120149
-0.00115855
-0.00111464
-0.00106992
-0.00102451
-0.000978583
-0.000932268
-0.000885712
-0.000839057
-0.000792445
-0.000746015
-0.000699905
-0.000654251
-0.000609188
-0.000564849
-0.000521362
-0.000478858
-0.000437461
-0.000397296
-0.000358481
-0.000321137
-0.000285377
-0.000251314
-0.000219056
-0.000188707
-0.000160368
-0.000134131
-0.000110081
-8.82948e-05
-6.88372e-05
-5.17075e-05
-3.67682e-05
-2.47094e-05
-1.69725e-05
2.40082e-06
4.22652e-05
-0.00419225
-0.00187393
-0.000918365
-0.000639371
-0.000494994
-0.000433833
-0.00043284
-0.000466916
-0.00052212
-0.00058992
-0.000664267
-0.000740995
-0.000817321
-0.000891415
-0.000962098
-0.00102864
-0.00109059
-0.00114772
-0.00119992
-0.00124715
-0.00128945
-0.00132688
-0.00135954
-0.00138752
-0.00141094
-0.00142993
-0.00144461
-0.00145513
-0.00146161
-0.0014642
-0.00146305
-0.0014583
-0.0014501
-0.00143861
-0.00142397
-0.00140635
-0.00138589
-0.00136277
-0.00133713
-0.00130913
-0.00127894
-0.00124672
-0.00121262
-0.00117682
-0.00113946
-0.00110071
-0.00106073
-0.00101968
-0.000977714
-0.000934992
-0.00089167
-0.000847902
-0.000803844
-0.000759646
-0.000715459
-0.000671433
-0.000627713
-0.000584445
-0.00054177
-0.000499829
-0.00045876
-0.000418697
-0.000379772
-0.000342115
-0.000305852
-0.000271105
-0.000237995
-0.000206636
-0.000177141
-0.000149617
-0.000124167
-0.000100887
-7.98722e-05
-6.12132e-05
-4.49382e-05
-3.09932e-05
-2.02183e-05
-1.30827e-05
7.04971e-06
3.56176e-05
-0.00455243
-0.00203732
-0.000914773
-0.000541653
-0.000336224
-0.000238098
-0.000218154
-0.000244722
-0.000299352
-0.000370679
-0.000450861
-0.000534646
-0.000618622
-0.000700608
-0.000779233
-0.000853658
-0.000923387
-0.000988144
-0.0010478
-0.0011023
-0.00115167
-0.00119596
-0.00123525
-0.00126965
-0.00129926
-0.0013242
-0.00134461
-0.00136061
-0.00137236
-0.00137998
-0.00138364
-0.00138349
-0.00137967
-0.00137235
-0.00136168
-0.00134783
-0.00133096
-0.00131123
-0.00128881
-0.00126386
-0.00123655
-0.00120705
-0.00117552
-0.00114213
-0.00110705
-0.00107044
-0.00103246
-0.000993296
-0.000953095
-0.000912024
-0.000870246
-0.000827922
-0.00078521
-0.000742269
-0.000699253
-0.000656317
-0.000613614
-0.000571291
-0.000529498
-0.000488378
-0.000448074
-0.000408725
-0.000370468
-0.000333436
-0.00029776
-0.000263565
-0.000230976
-0.000200111
-0.000171087
-0.000144016
-0.000119005
-9.61567e-05
-7.55733e-05
-5.73564e-05
-4.15413e-05
-2.81084e-05
-1.7976e-05
-1.12607e-05
8.73654e-06
3.36894e-05
-0.00455243
-0.00203732
-0.000914773
-0.000541653
-0.000336224
-0.000238098
-0.000218154
-0.000244722
-0.000299352
-0.000370679
-0.000450861
-0.000534646
-0.000618622
-0.000700608
-0.000779233
-0.000853658
-0.000923387
-0.000988144
-0.0010478
-0.0011023
-0.00115167
-0.00119596
-0.00123525
-0.00126965
-0.00129926
-0.0013242
-0.00134461
-0.00136061
-0.00137236
-0.00137998
-0.00138364
-0.00138349
-0.00137967
-0.00137235
-0.00136168
-0.00134783
-0.00133096
-0.00131123
-0.00128881
-0.00126386
-0.00123655
-0.00120705
-0.00117552
-0.00114213
-0.00110705
-0.00107044
-0.00103247
-0.000993296
-0.000953095
-0.000912024
-0.000870246
-0.000827922
-0.00078521
-0.000742269
-0.000699253
-0.000656317
-0.000613614
-0.000571291
-0.000529498
-0.000488378
-0.000448074
-0.000408725
-0.000370468
-0.000333436
-0.00029776
-0.000263565
-0.000230976
-0.000200111
-0.000171087
-0.000144016
-0.000119005
-9.61567e-05
-7.55734e-05
-5.73565e-05
-4.15413e-05
-2.81084e-05
-1.7976e-05
-1.12608e-05
8.73654e-06
3.36894e-05
-0.00419225
-0.00187393
-0.000918365
-0.000639371
-0.000494994
-0.000433833
-0.00043284
-0.000466916
-0.00052212
-0.00058992
-0.000664267
-0.000740995
-0.000817321
-0.000891415
-0.000962098
-0.00102864
-0.00109059
-0.00114772
-0.00119992
-0.00124715
-0.00128945
-0.00132688
-0.00135954
-0.00138752
-0.00141094
-0.00142993
-0.00144461
-0.00145513
-0.00146161
-0.0014642
-0.00146305
-0.0014583
-0.0014501
-0.00143861
-0.00142397
-0.00140635
-0.00138589
-0.00136277
-0.00133713
-0.00130913
-0.00127894
-0.00124672
-0.00121262
-0.00117682
-0.00113946
-0.00110071
-0.00106073
-0.00101968
-0.000977714
-0.000934992
-0.00089167
-0.000847902
-0.000803844
-0.000759646
-0.00071546
-0.000671433
-0.000627713
-0.000584445
-0.00054177
-0.000499829
-0.00045876
-0.000418697
-0.000379772
-0.000342115
-0.000305852
-0.000271105
-0.000237995
-0.000206636
-0.000177141
-0.000149617
-0.000124167
-0.000100887
-7.98722e-05
-6.12132e-05
-4.49382e-05
-3.09932e-05
-2.02183e-05
-1.30827e-05
7.04981e-06
3.56177e-05
-0.00323626
-0.001517
-0.00100155
-0.000926781
-0.000888361
-0.000879702
-0.000898418
-0.000934074
-0.000981177
-0.00103584
-0.00109464
-0.00115484
-0.00121437
-0.00127176
-0.00132597
-0.00137634
-0.00142247
-0.00146414
-0.00150125
-0.00153379
-0.00156183
-0.00158543
-0.00160471
-0.00161979
-0.00163078
-0.00163782
-0.00164102
-0.00164054
-0.00163649
-0.00162902
-0.00161825
-0.00160434
-0.00158741
-0.0015676
-0.00154507
-0.00151994
-0.00149237
-0.00146251
-0.00143049
-0.00139647
-0.0013606
-0.00132301
-0.00128387
-0.00124331
-0.00120149
-0.00115855
-0.00111464
-0.00106992
-0.00102451
-0.000978583
-0.000932268
-0.000885712
-0.000839057
-0.000792445
-0.000746015
-0.000699905
-0.000654251
-0.000609188
-0.000564849
-0.000521362
-0.000478858
-0.000437461
-0.000397296
-0.000358481
-0.000321137
-0.000285377
-0.000251314
-0.000219056
-0.000188707
-0.000160368
-0.000134131
-0.000110081
-8.82948e-05
-6.88372e-05
-5.17075e-05
-3.67682e-05
-2.47094e-05
-1.69725e-05
2.40099e-06
4.22654e-05
-0.00155939
-0.0014206
-0.00164499
-0.00184897
-0.00193521
-0.00196347
-0.00197093
-0.00197365
-0.00197922
-0.00198999
-0.00200548
-0.00202412
-0.00204411
-0.00206384
-0.00208206
-0.00209784
-0.00211061
-0.00212001
-0.0021259
-0.00212822
-0.00212701
-0.00212236
-0.00211437
-0.00210316
-0.00208887
-0.0020716
-0.00205149
-0.00202865
-0.0020032
-0.00197526
-0.00194494
-0.00191237
-0.00187765
-0.0018409
-0.00180224
-0.00176179
-0.00171967
-0.001676
-0.0016309
-0.00158449
-0.00153689
-0.00148823
-0.00143863
-0.00138822
-0.00133711
-0.00128543
-0.0012333
-0.00118086
-0.00112821
-0.00107548
-0.0010228
-0.000970287
-0.000918057
-0.000866232
-0.00081493
-0.000764268
-0.000714362
-0.000665327
-0.000617276
-0.00057032
-0.000524569
-0.000480131
-0.000437112
-0.000395617
-0.000355748
-0.000317605
-0.000281285
-0.000246884
-0.000214492
-0.000184195
-0.00015607
-0.000130182
-0.000106576
-8.52751e-05
-6.62525e-05
-4.9391e-05
-3.49172e-05
-2.46956e-05
-1.15769e-05
4.21691e-05
0.0107065
0.00748934
0.00708944
0.00696468
0.00682728
0.00673152
0.00664806
0.00655466
0.00644386
0.00631514
0.00617134
0.00601634
0.00585391
0.00568717
0.00551852
0.00534964
0.0051817
0.00501546
0.00485138
0.00468975
0.00453073
0.00437442
0.00422086
0.00407008
0.00392212
0.00377697
0.00363467
0.00349521
0.00335861
0.00322489
0.00309405
0.00296609
0.00284103
0.00271887
0.00259959
0.00248321
0.00236971
0.00225909
0.00215134
0.00204643
0.00194437
0.00184513
0.0017487
0.00165506
0.00156419
0.00147607
0.00139068
0.001308
0.00122801
0.00115069
0.00107601
0.00100397
0.00093453
0.000867683
0.000803408
0.000741688
0.000682507
0.000625851
0.000571706
0.000520062
0.000470907
0.000424234
0.000380036
0.000338308
0.000299047
0.000262251
0.000227919
0.000196049
0.000166638
0.000139679
0.000115154
9.30329e-05
7.32581e-05
5.57276e-05
4.02873e-05
2.67392e-05
1.44393e-05
1.21791e-06
-7.075e-06
2.2533e-05
0.0119667
0.00868503
0.00830884
0.00825999
0.00807927
0.00790747
0.00774413
0.00757367
0.00739363
0.00720503
0.0070099
0.00681057
0.00660913
0.00640727
0.00620626
0.006007
0.00581013
0.00561607
0.0054251
0.00523739
0.00505308
0.00487222
0.00469488
0.00452109
0.00435087
0.00418425
0.00402123
0.00386182
0.00370603
0.00355387
0.00340532
0.00326038
0.00311904
0.00298129
0.00284711
0.00271648
0.00258937
0.00246577
0.00234564
0.00222895
0.00211567
0.00200577
0.00189921
0.00179595
0.00169596
0.0015992
0.00150564
0.00141522
0.00132792
0.0012437
0.00116251
0.00108432
0.0010091
0.000936794
0.000867382
0.000800827
0.000737094
0.000676153
0.000617974
0.000562529
0.000509792
0.00045974
0.00041235
0.000367603
0.000325482
0.000285973
0.00024906
0.000214734
0.000182983
0.000153794
0.000127153
0.000103037
8.14089e-05
6.22025e-05
4.5352e-05
3.08017e-05
1.75429e-05
3.71649e-06
2.34254e-06
1.43494e-05
0.0131807
0.0096106
0.00895236
0.00885146
0.0086602
0.0084661
0.0082734
0.00807186
0.00786218
0.00764677
0.00742785
0.0072074
0.00698697
0.00676772
0.00655049
0.00633586
0.00612425
0.00591595
0.00571117
0.00551005
0.0053127
0.00511919
0.00492958
0.00474392
0.00456223
0.00438453
0.00421085
0.0040412
0.00387556
0.00371394
0.00355633
0.00340272
0.00325308
0.0031074
0.00296566
0.00282781
0.00269383
0.00256368
0.00243732
0.00231472
0.00219584
0.00208062
0.00196902
0.00186101
0.00175652
0.00165551
0.00155794
0.00146375
0.0013729
0.00128533
0.00120101
0.00111987
0.00104188
0.000966992
0.000895156
0.00082633
0.000760472
0.000697542
0.000637501
0.000580313
0.000525944
0.00047436
0.000425533
0.000379435
0.000336041
0.000295331
0.000257283
0.000221882
0.000189113
0.000158963
0.000131416
0.000106458
8.40615e-05
6.41779e-05
4.67741e-05
3.17845e-05
1.81077e-05
4.66052e-06
4.24351e-06
3.90917e-06
0.0135342
0.00981703
0.00913865
0.00907597
0.00890893
0.00872082
0.00852457
0.00831457
0.00809431
0.00786788
0.0076383
0.00740786
0.00717815
0.00695024
0.00672486
0.00650249
0.00628345
0.006068
0.00585628
0.00564843
0.00544454
0.00524469
0.00504893
0.00485732
0.00466988
0.00448663
0.0043076
0.00413279
0.00396221
0.00379584
0.00363367
0.00347569
0.00332188
0.0031722
0.00302664
0.00288515
0.0027477
0.00261424
0.00248474
0.00235916
0.00223743
0.00211952
0.00200537
0.00189494
0.00178817
0.001685
0.00158539
0.00148928
0.00139662
0.00130735
0.00122142
0.00113877
0.00105937
0.000983148
0.000910064
0.000840067
0.000773112
0.000709153
0.000648147
0.000590053
0.000534833
0.00048245
0.000432871
0.000386064
0.000342002
0.000300659
0.000262013
0.000226046
0.00019274
0.000162081
0.000134057
0.000108653
8.58465e-05
6.55934e-05
4.787e-05
3.25907e-05
1.85871e-05
5.07643e-06
4.65421e-06
4.50551e-07
0.0135342
0.00981703
0.00913865
0.00907597
0.00890893
0.00872082
0.00852457
0.00831457
0.00809431
0.00786788
0.0076383
0.00740786
0.00717815
0.00695024
0.00672486
0.00650249
0.00628345
0.006068
0.00585628
0.00564843
0.00544454
0.00524469
0.00504893
0.00485732
0.00466988
0.00448663
0.0043076
0.00413279
0.00396221
0.00379584
0.00363367
0.00347569
0.00332188
0.0031722
0.00302664
0.00288515
0.0027477
0.00261424
0.00248474
0.00235916
0.00223743
0.00211952
0.00200537
0.00189494
0.00178817
0.001685
0.00158539
0.00148928
0.00139662
0.00130735
0.00122142
0.00113877
0.00105937
0.000983148
0.000910064
0.000840067
0.000773112
0.000709153
0.000648147
0.000590053
0.000534833
0.00048245
0.000432871
0.000386064
0.000342002
0.000300659
0.000262013
0.000226046
0.00019274
0.000162081
0.000134057
0.000108653
8.58464e-05
6.55934e-05
4.787e-05
3.25907e-05
1.85871e-05
5.07637e-06
4.65419e-06
4.50651e-07
0.0131807
0.0096106
0.00895236
0.00885146
0.0086602
0.0084661
0.0082734
0.00807186
0.00786218
0.00764677
0.00742785
0.0072074
0.00698697
0.00676772
0.00655049
0.00633586
0.00612425
0.00591595
0.00571117
0.00551005
0.0053127
0.00511919
0.00492958
0.00474392
0.00456223
0.00438453
0.00421085
0.0040412
0.00387556
0.00371394
0.00355633
0.00340272
0.00325308
0.0031074
0.00296566
0.00282781
0.00269383
0.00256368
0.00243732
0.00231472
0.00219584
0.00208062
0.00196902
0.00186101
0.00175652
0.00165551
0.00155794
0.00146375
0.0013729
0.00128533
0.00120101
0.00111987
0.00104188
0.000966992
0.000895156
0.00082633
0.000760472
0.000697542
0.000637501
0.000580313
0.000525944
0.00047436
0.000425533
0.000379435
0.000336041
0.000295331
0.000257283
0.000221882
0.000189114
0.000158963
0.000131416
0.000106458
8.40615e-05
6.4178e-05
4.67741e-05
3.17846e-05
1.81077e-05
4.66044e-06
4.24348e-06
3.90928e-06
0.0119667
0.00868503
0.00830884
0.00825999
0.00807927
0.00790747
0.00774413
0.00757367
0.00739363
0.00720503
0.0070099
0.00681057
0.00660913
0.00640727
0.00620626
0.006007
0.00581013
0.00561607
0.0054251
0.00523739
0.00505308
0.00487222
0.00469488
0.00452109
0.00435087
0.00418425
0.00402123
0.00386182
0.00370603
0.00355387
0.00340532
0.00326038
0.00311904
0.00298129
0.00284711
0.00271648
0.00258937
0.00246577
0.00234564
0.00222895
0.00211567
0.00200577
0.00189921
0.00179595
0.00169596
0.0015992
0.00150564
0.00141522
0.00132792
0.0012437
0.00116251
0.00108432
0.0010091
0.000936794
0.000867382
0.000800827
0.000737094
0.000676153
0.000617974
0.000562529
0.000509792
0.00045974
0.00041235
0.000367603
0.000325482
0.000285973
0.00024906
0.000214734
0.000182983
0.000153794
0.000127153
0.000103037
8.14089e-05
6.22025e-05
4.53519e-05
3.08017e-05
1.75429e-05
3.71638e-06
2.34261e-06
1.43495e-05
0.0107065
0.00748934
0.00708944
0.00696468
0.00682728
0.00673152
0.00664806
0.00655466
0.00644386
0.00631514
0.00617134
0.00601634
0.00585391
0.00568717
0.00551852
0.00534964
0.0051817
0.00501546
0.00485138
0.00468975
0.00453073
0.00437442
0.00422086
0.00407008
0.00392212
0.00377697
0.00363467
0.00349521
0.00335861
0.00322489
0.00309405
0.00296609
0.00284103
0.00271887
0.00259959
0.00248321
0.00236971
0.00225909
0.00215134
0.00204643
0.00194437
0.00184513
0.0017487
0.00165506
0.00156419
0.00147607
0.00139068
0.001308
0.00122801
0.00115069
0.00107601
0.00100397
0.00093453
0.000867683
0.000803408
0.000741688
0.000682507
0.000625851
0.000571707
0.000520062
0.000470908
0.000424235
0.000380037
0.000338309
0.000299048
0.000262252
0.000227919
0.000196049
0.000166639
0.000139679
0.000115154
9.30332e-05
7.32582e-05
5.57276e-05
4.02874e-05
2.67393e-05
1.44393e-05
1.21748e-06
-7.07519e-06
2.25329e-05
0.0208979
0.0152256
0.0147862
0.0147983
0.014667
0.0145564
0.0144353
0.0142782
0.0140836
0.0138569
0.0136054
0.0133362
0.013055
0.012766
0.0124725
0.0121764
0.0118793
0.0115819
0.0112849
0.0109887
0.0106937
0.0103999
0.0101076
0.00981705
0.00952827
0.00924147
0.00895679
0.00867438
0.00839438
0.00811694
0.00784219
0.00757028
0.00730134
0.00703548
0.00677285
0.00651357
0.00625774
0.0060055
0.00575694
0.00551219
0.00527135
0.00503452
0.00480181
0.00457333
0.00434918
0.00412945
0.00391425
0.00370368
0.00349783
0.0032968
0.0031007
0.00290962
0.00272367
0.00254293
0.00236752
0.00219753
0.00203307
0.00187423
0.00172113
0.00157387
0.00143256
0.0012973
0.0011682
0.00104539
0.00092896
0.000819034
0.000715721
0.00061913
0.000529367
0.000446522
0.000370668
0.000301847
0.000240042
0.000185148
0.000136937
9.50257e-05
5.85755e-05
2.56296e-05
-5.39808e-07
-1.22286e-06
0.0241552
0.0172341
0.0164573
0.0163857
0.0160416
0.0157397
0.0154699
0.015195
0.0149091
0.0146126
0.0143076
0.0139964
0.013681
0.013363
0.0130438
0.0127242
0.0124048
0.0120861
0.0117684
0.0114521
0.0111373
0.0108244
0.0105133
0.0102045
0.00989792
0.00959385
0.0092924
0.00899375
0.00869803
0.00840539
0.00811596
0.00782988
0.00754727
0.00726826
0.00699297
0.0067215
0.00645398
0.00619051
0.00593118
0.00567611
0.00542539
0.00517911
0.00493738
0.00470027
0.00446789
0.00424031
0.00401764
0.00379995
0.00358734
0.00337988
0.00317767
0.0029808
0.00278934
0.00260339
0.00242303
0.00224836
0.00207945
0.00191641
0.00175932
0.00160827
0.00146337
0.0013247
0.00119236
0.00106646
0.000947087
0.000834351
0.000728352
0.000629193
0.000536975
0.000451795
0.000373741
0.000302886
0.000239277
0.000182906
0.000133717
9.15532e-05
5.538e-05
2.33594e-05
2.92347e-06
-1.36122e-05
0.0272326
0.0192636
0.0175909
0.0172355
0.0167574
0.0163505
0.0159988
0.0156603
0.0153253
0.0149914
0.0146576
0.0143236
0.0139898
0.0136562
0.0133231
0.0129909
0.0126596
0.0123295
0.0120009
0.0116739
0.0113487
0.0110257
0.0107048
0.0103864
0.0100705
0.00975747
0.00944735
0.00914031
0.00883652
0.0085361
0.00823919
0.00794593
0.00765644
0.00737083
0.00708921
0.0068117
0.0065384
0.00626941
0.00600483
0.00574475
0.00548926
0.00523846
0.00499242
0.00475124
0.00451499
0.00428376
0.00405763
0.00383668
0.00362099
0.00341063
0.00320569
0.00300624
0.00281236
0.00262414
0.00244165
0.00226497
0.00209419
0.00192939
0.00177065
0.00161805
0.00147169
0.00133165
0.00119803
0.00107091
0.000950394
0.000836575
0.000729551
0.000629422
0.00053629
0.000450256
0.00037142
0.000299876
0.000235706
0.000178957
0.000129651
8.76923e-05
5.20192e-05
2.12051e-05
1.77354e-06
-2.45269e-05
0.0281787
0.0197992
0.0179459
0.0175709
0.0170725
0.0166359
0.016256
0.0158926
0.0155365
0.0151852
0.0148371
0.0144915
0.0141479
0.013806
0.0134656
0.0131266
0.0127892
0.0124532
0.0121189
0.0117865
0.011456
0.0111278
0.0108019
0.0104786
0.0101581
0.00984049
0.00952597
0.0092147
0.00890681
0.00860246
0.00830177
0.00800488
0.0077119
0.00742296
0.00713815
0.00685759
0.00658138
0.00630961
0.00604238
0.00577978
0.00552189
0.00526881
0.00502061
0.00477737
0.00453919
0.00430612
0.00407826
0.00385567
0.00363843
0.00342662
0.0032203
0.00301957
0.00282448
0.00263512
0.00245157
0.00227389
0.00210217
0.00193648
0.00177691
0.00162354
0.00147646
0.00133573
0.00120147
0.00107374
0.000952653
0.000838293
0.000730759
0.00063015
0.000536568
0.000450117
0.000370903
0.000299031
0.000234594
0.000177658
0.000128268
8.63233e-05
5.07182e-05
2.02119e-05
9.33802e-07
-2.84657e-05
0.0281787
0.0197992
0.0179459
0.0175709
0.0170725
0.0166359
0.016256
0.0158926
0.0155365
0.0151852
0.0148371
0.0144915
0.0141479
0.013806
0.0134656
0.0131266
0.0127892
0.0124532
0.0121189
0.0117865
0.011456
0.0111278
0.0108019
0.0104786
0.0101581
0.00984049
0.00952597
0.0092147
0.00890681
0.00860246
0.00830177
0.00800488
0.0077119
0.00742296
0.00713815
0.00685759
0.00658138
0.00630961
0.00604238
0.00577978
0.00552189
0.00526881
0.00502061
0.00477737
0.00453919
0.00430612
0.00407826
0.00385567
0.00363843
0.00342662
0.0032203
0.00301957
0.00282448
0.00263512
0.00245157
0.00227389
0.00210217
0.00193648
0.00177691
0.00162354
0.00147646
0.00133573
0.00120147
0.00107374
0.000952653
0.000838293
0.000730759
0.00063015
0.000536568
0.000450117
0.000370903
0.000299031
0.000234594
0.000177658
0.000128268
8.63232e-05
5.07181e-05
2.02118e-05
9.33643e-07
-2.84657e-05
0.0272326
0.0192636
0.0175909
0.0172355
0.0167574
0.0163505
0.0159988
0.0156603
0.0153253
0.0149914
0.0146576
0.0143236
0.0139898
0.0136562
0.0133231
0.0129909
0.0126596
0.0123295
0.0120009
0.0116739
0.0113487
0.0110257
0.0107048
0.0103864
0.0100705
0.00975747
0.00944735
0.00914031
0.00883652
0.0085361
0.00823919
0.00794593
0.00765644
0.00737083
0.00708921
0.0068117
0.0065384
0.00626941
0.00600483
0.00574475
0.00548926
0.00523846
0.00499242
0.00475124
0.00451499
0.00428376
0.00405763
0.00383668
0.00362099
0.00341063
0.00320569
0.00300624
0.00281236
0.00262414
0.00244165
0.00226497
0.00209419
0.00192939
0.00177065
0.00161805
0.00147169
0.00133165
0.00119803
0.00107091
0.000950394
0.000836575
0.000729551
0.000629422
0.00053629
0.000450256
0.00037142
0.000299877
0.000235706
0.000178957
0.000129651
8.76923e-05
5.20191e-05
2.1205e-05
1.77341e-06
-2.45268e-05
0.0241552
0.0172341
0.0164573
0.0163857
0.0160416
0.0157397
0.0154699
0.015195
0.0149091
0.0146126
0.0143076
0.0139964
0.013681
0.013363
0.0130438
0.0127242
0.0124048
0.0120861
0.0117684
0.0114521
0.0111373
0.0108244
0.0105133
0.0102045
0.00989792
0.00959385
0.0092924
0.00899375
0.00869803
0.00840539
0.00811596
0.00782988
0.00754727
0.00726826
0.00699297
0.0067215
0.00645398
0.00619051
0.00593118
0.00567611
0.00542539
0.00517911
0.00493738
0.00470027
0.00446789
0.00424031
0.00401764
0.00379995
0.00358734
0.00337988
0.00317767
0.0029808
0.00278934
0.00260339
0.00242303
0.00224836
0.00207945
0.00191641
0.00175932
0.00160827
0.00146337
0.0013247
0.00119236
0.00106646
0.000947087
0.000834351
0.000728352
0.000629193
0.000536975
0.000451795
0.000373741
0.000302886
0.000239277
0.000182906
0.000133717
9.15531e-05
5.53798e-05
2.33592e-05
2.92345e-06
-1.36123e-05
0.0208979
0.0152256
0.0147862
0.0147983
0.014667
0.0145564
0.0144353
0.0142782
0.0140836
0.0138569
0.0136054
0.0133362
0.013055
0.012766
0.0124725
0.0121764
0.0118793
0.0115819
0.0112849
0.0109887
0.0106937
0.0103999
0.0101076
0.00981705
0.00952827
0.00924147
0.00895679
0.00867438
0.00839438
0.00811694
0.0078422
0.00757028
0.00730134
0.00703548
0.00677285
0.00651357
0.00625774
0.0060055
0.00575694
0.00551219
0.00527135
0.00503452
0.00480181
0.00457333
0.00434918
0.00412945
0.00391425
0.00370368
0.00349783
0.0032968
0.0031007
0.00290962
0.00272367
0.00254293
0.00236752
0.00219753
0.00203307
0.00187423
0.00172113
0.00157387
0.00143256
0.0012973
0.0011682
0.00104539
0.00092896
0.000819034
0.000715721
0.000619131
0.000529367
0.000446522
0.000370668
0.000301847
0.000240042
0.000185149
0.000136937
9.5026e-05
5.8576e-05
2.56303e-05
-5.39633e-07
-1.22374e-06
0.0278927
0.0213788
0.021574
0.0219465
0.0219006
0.0218099
0.0216695
0.0214626
0.021199
0.0208926
0.0205554
0.0201971
0.0198244
0.0194421
0.0190531
0.0186595
0.0182626
0.0178632
0.0174618
0.0170589
0.0166547
0.0162497
0.015844
0.0154378
0.0150315
0.0146253
0.0142195
0.0138143
0.01341
0.0130068
0.0126051
0.012205
0.0118069
0.0114109
0.0110174
0.0106267
0.0102389
0.0098543
0.00947322
0.00909588
0.00872254
0.00835345
0.00798888
0.00762907
0.00727429
0.00692478
0.00658081
0.00624263
0.00591051
0.00558469
0.00526543
0.004953
0.00464765
0.00434963
0.00405922
0.00377667
0.00350223
0.00323617
0.00297874
0.00273021
0.00249083
0.00226087
0.00204058
0.00183023
0.00163007
0.00144035
0.00126134
0.00109328
0.000936409
0.00079096
0.00065714
0.000535123
0.000425034
0.000326923
0.000240737
0.000166303
0.000103175
5.03702e-05
8.99524e-06
-2.02618e-05
0.0307719
0.0229574
0.0233437
0.0237003
0.0233115
0.0229258
0.0225783
0.0222248
0.02186
0.0214855
0.0211028
0.0207139
0.0203201
0.0199223
0.0195212
0.0191174
0.0187112
0.0183029
0.0178928
0.0174812
0.0170684
0.0166545
0.01624
0.015825
0.0154098
0.0149947
0.01458
0.0141658
0.0137526
0.0133405
0.0129298
0.0125208
0.0121138
0.0117089
0.0113065
0.0109069
0.0105102
0.0101168
0.00972694
0.00934084
0.00895878
0.00858102
0.00820782
0.00783945
0.00747618
0.00711825
0.00676595
0.00641952
0.00607924
0.00574536
0.00541815
0.00509787
0.00478479
0.00447916
0.00418126
0.00389134
0.00360966
0.00333649
0.00307209
0.00281671
0.00257062
0.00233409
0.00210735
0.00189068
0.00168434
0.00148857
0.00130363
0.00112977
0.000967242
0.000816284
0.000677129
0.000549999
0.0004351
0.000332609
0.000242685
0.000165455
0.000100579
4.71328e-05
7.67147e-06
-2.98433e-05
0.0342731
0.0251837
0.0246773
0.0247266
0.0241071
0.0235319
0.0230496
0.022602
0.0221721
0.0217529
0.0213397
0.0209297
0.0205209
0.020112
0.0197023
0.0192911
0.0188784
0.018464
0.0180481
0.0176308
0.0172124
0.0167931
0.0163731
0.0159528
0.0155324
0.0151121
0.0146923
0.0142733
0.0138552
0.0134385
0.0130232
0.0126098
0.0121984
0.0117893
0.0113828
0.0109792
0.0105787
0.0101816
0.00978807
0.00939846
0.009013
0.00863196
0.00825559
0.00788417
0.00751794
0.00715717
0.00680212
0.00645306
0.00611024
0.00577392
0.00544437
0.00512184
0.0048066
0.00449891
0.00419902
0.00390719
0.00362369
0.00334877
0.00308269
0.0028257
0.00257807
0.00234004
0.00211188
0.00189383
0.00168616
0.00148911
0.00130294
0.0011279
0.000964241
0.000812212
0.000672068
0.000544062
0.000428453
0.000325494
0.000235457
0.000158593
9.46394e-05
4.28464e-05
5.01643e-06
-3.56944e-05
0.0352678
0.0257185
0.0250911
0.0251394
0.0244641
0.0238209
0.0232842
0.0227953
0.0223344
0.0218923
0.0214625
0.0210405
0.0206228
0.0202072
0.0197921
0.0193766
0.01896
0.0185421
0.018123
0.0177025
0.0172811
0.0168588
0.0164359
0.0160128
0.0155896
0.0151667
0.0147443
0.0143226
0.0139021
0.0134829
0.0130654
0.0126496
0.0122361
0.0118249
0.0114164
0.0110108
0.0106084
0.0102095
0.00981421
0.00942291
0.00903584
0.00865325
0.0082754
0.00790255
0.00753496
0.00717289
0.0068166
0.00646635
0.0061224
0.00578501
0.00545443
0.00513092
0.00481475
0.00450617
0.00420544
0.00391282
0.00362856
0.00335291
0.00308614
0.0028285
0.00258024
0.00234163
0.0021129
0.00189431
0.00168612
0.00148858
0.00130194
0.00112645
0.000962368
0.000809953
0.000669466
0.000541179
0.000425369
0.000322321
0.000232336
0.000155686
9.21081e-05
4.09633e-05
3.6998e-06
-3.81517e-05
0.0352678
0.0257185
0.0250911
0.0251394
0.0244641
0.0238209
0.0232842
0.0227953
0.0223344
0.0218923
0.0214625
0.0210405
0.0206228
0.0202072
0.0197921
0.0193766
0.01896
0.0185421
0.018123
0.0177025
0.0172811
0.0168588
0.0164359
0.0160128
0.0155896
0.0151667
0.0147443
0.0143226
0.0139021
0.0134829
0.0130654
0.0126496
0.0122361
0.0118249
0.0114164
0.0110108
0.0106084
0.0102095
0.00981421
0.00942291
0.00903584
0.00865325
0.0082754
0.00790255
0.00753496
0.00717289
0.0068166
0.00646635
0.0061224
0.00578501
0.00545443
0.00513092
0.00481475
0.00450617
0.00420544
0.00391282
0.00362856
0.00335291
0.00308614
0.0028285
0.00258024
0.00234163
0.0021129
0.00189431
0.00168612
0.00148858
0.00130194
0.00112645
0.000962368
0.000809953
0.000669466
0.000541179
0.000425369
0.000322321
0.000232336
0.000155685
9.21083e-05
4.09631e-05
3.6982e-06
-3.81523e-05
0.0342731
0.0251837
0.0246773
0.0247266
0.0241071
0.0235319
0.0230496
0.022602
0.0221721
0.0217529
0.0213397
0.0209297
0.0205209
0.020112
0.0197023
0.0192911
0.0188784
0.018464
0.0180481
0.0176308
0.0172124
0.0167931
0.0163731
0.0159528
0.0155324
0.0151121
0.0146923
0.0142733
0.0138552
0.0134385
0.0130232
0.0126098
0.0121984
0.0117893
0.0113828
0.0109792
0.0105787
0.0101816
0.00978807
0.00939846
0.009013
0.00863196
0.00825559
0.00788417
0.00751794
0.00715717
0.00680212
0.00645306
0.00611024
0.00577392
0.00544437
0.00512184
0.0048066
0.00449891
0.00419902
0.00390719
0.00362369
0.00334877
0.00308269
0.0028257
0.00257807
0.00234004
0.00211188
0.00189383
0.00168616
0.00148911
0.00130294
0.0011279
0.000964241
0.000812212
0.000672068
0.000544062
0.000428453
0.000325494
0.000235457
0.000158593
9.46396e-05
4.28461e-05
5.01508e-06
-3.56953e-05
0.0307719
0.0229574
0.0233437
0.0237003
0.0233115
0.0229258
0.0225783
0.0222248
0.02186
0.0214855
0.0211028
0.0207139
0.0203201
0.0199223
0.0195212
0.0191174
0.0187112
0.0183029
0.0178928
0.0174812
0.0170684
0.0166545
0.01624
0.015825
0.0154098
0.0149947
0.01458
0.0141658
0.0137526
0.0133405
0.0129298
0.0125208
0.0121138
0.0117089
0.0113065
0.0109069
0.0105102
0.0101168
0.00972694
0.00934084
0.00895878
0.00858102
0.00820782
0.00783945
0.00747618
0.00711825
0.00676595
0.00641952
0.00607924
0.00574536
0.00541815
0.00509787
0.00478479
0.00447916
0.00418126
0.00389134
0.00360966
0.00333649
0.00307209
0.00281671
0.00257062
0.00233409
0.00210735
0.00189068
0.00168434
0.00148857
0.00130363
0.00112977
0.000967242
0.000816284
0.000677129
0.000549999
0.0004351
0.000332609
0.000242685
0.000165455
0.000100579
4.71326e-05
7.67165e-06
-2.98441e-05
0.0278927
0.0213788
0.021574
0.0219465
0.0219006
0.0218099
0.0216695
0.0214626
0.021199
0.0208926
0.0205554
0.0201971
0.0198244
0.0194421
0.0190531
0.0186595
0.0182626
0.0178632
0.0174618
0.0170589
0.0166547
0.0162497
0.015844
0.0154378
0.0150315
0.0146253
0.0142195
0.0138143
0.01341
0.0130068
0.0126051
0.012205
0.0118069
0.0114109
0.0110174
0.0106267
0.0102389
0.0098543
0.00947322
0.00909588
0.00872254
0.00835345
0.00798888
0.00762907
0.00727429
0.00692478
0.00658081
0.00624263
0.00591051
0.00558469
0.00526543
0.004953
0.00464765
0.00434963
0.00405922
0.00377667
0.00350223
0.00323617
0.00297874
0.00273021
0.00249083
0.00226087
0.00204058
0.00183023
0.00163007
0.00144035
0.00126134
0.00109328
0.000936408
0.00079096
0.00065714
0.000535123
0.000425034
0.000326923
0.000240737
0.000166304
0.000103175
5.03712e-05
8.99595e-06
-2.02637e-05
0.032843
0.0273368
0.027974
0.0286173
0.0286277
0.0284476
0.0281685
0.0278159
0.0274104
0.0269684
0.0265017
0.0260184
0.0255239
0.0250213
0.0245129
0.0240001
0.0234839
0.0229648
0.0224435
0.0219204
0.0213958
0.0208701
0.0203437
0.0198169
0.0192901
0.0187635
0.0182375
0.0177124
0.0171886
0.0166664
0.0161461
0.015628
0.0151125
0.0145999
0.0140904
0.0135845
0.0130824
0.0125845
0.0120911
0.0116024
0.0111189
0.0106409
0.0101686
0.00970247
0.00924276
0.00878983
0.00834401
0.00790565
0.00747507
0.00705264
0.00663869
0.00623359
0.00583767
0.0054513
0.00507484
0.00470865
0.0043531
0.00400856
0.00367539
0.00335397
0.00304468
0.00274788
0.00246397
0.00219331
0.0019363
0.00169331
0.00146472
0.00125092
0.00105227
0.000869163
0.000701967
0.000551062
0.000416849
0.00029977
0.000200382
0.000119485
5.81926e-05
1.76469e-05
6.48077e-07
-2.89374e-06
0.0353041
0.0290151
0.0297742
0.0301933
0.029807
0.0293049
0.0287939
0.0282799
0.0277668
0.0272551
0.0267443
0.0262333
0.0257211
0.0252069
0.0246903
0.0241712
0.0236495
0.0231255
0.0225994
0.0220716
0.0215424
0.0210121
0.0204811
0.0199497
0.0194184
0.0188874
0.0183571
0.0178278
0.0172999
0.0167737
0.0162495
0.0157276
0.0152083
0.014692
0.014179
0.0136696
0.0131641
0.0126629
0.0121662
0.0116743
0.0111877
0.0107066
0.0102313
0.00976218
0.00929956
0.00884377
0.00839514
0.00795401
0.00752072
0.00709562
0.00667905
0.00627136
0.0058729
0.00548403
0.00510511
0.0047365
0.00437856
0.00403167
0.00369618
0.00337248
0.00306093
0.00276192
0.0024758
0.00220298
0.00194382
0.00169871
0.00146802
0.00125215
0.00105146
0.000866359
0.000697245
0.000544547
0.000408741
0.000290383
0.000190178
0.000109099
4.82757e-05
8.54484e-06
-6.37937e-06
-1.88326e-06
0.038865
0.0311866
0.0311715
0.0312563
0.0305815
0.0298394
0.0291527
0.0285162
0.0279202
0.0273539
0.0268077
0.0262741
0.0257476
0.0252243
0.0247018
0.0241786
0.023654
0.0231275
0.0225993
0.0220695
0.0215384
0.0210063
0.0204735
0.0199405
0.0194075
0.018875
0.0183432
0.0178126
0.0172834
0.0167559
0.0162306
0.0157077
0.0151875
0.0146704
0.0141566
0.0136465
0.0131405
0.0126387
0.0121416
0.0116494
0.0111625
0.0106812
0.0102058
0.00973655
0.00927391
0.00881815
0.0083696
0.0079286
0.00749548
0.00707059
0.00665427
0.00624686
0.00584872
0.00546019
0.00508163
0.00471341
0.00435587
0.00400939
0.00367434
0.00335107
0.00303997
0.0027414
0.00245574
0.00218337
0.00192466
0.00167999
0.00144974
0.00123431
0.00103408
0.000849466
0.000680898
0.000528848
0.000393848
0.000276526
0.000177667
9.83019e-05
3.9556e-05
2.23546e-06
-9.78399e-06
-2.01379e-06
0.0399928
0.0317955
0.0316624
0.0317156
0.0309477
0.0301053
0.029338
0.0286417
0.028003
0.0274072
0.0268411
0.0262944
0.0257594
0.0252307
0.0247047
0.0241792
0.0236529
0.0231254
0.0225963
0.0220657
0.0215339
0.0210011
0.0204677
0.019934
0.0194005
0.0188674
0.0183351
0.017804
0.0172743
0.0167464
0.0162207
0.0156975
0.015177
0.0146596
0.0141456
0.0136353
0.0131291
0.0126272
0.01213
0.0116377
0.0111507
0.0106694
0.0101939
0.00972474
0.00926213
0.00880643
0.00835796
0.00791705
0.00748404
0.00705927
0.00664308
0.00623582
0.00583784
0.00544947
0.00507109
0.00470305
0.0043457
0.00399942
0.00366455
0.00334149
0.00303059
0.00273222
0.00244675
0.00217457
0.00191606
0.00167158
0.00144154
0.00122631
0.0010263
0.000841923
0.000673635
0.000521926
0.000387354
0.000270575
0.000172388
9.38161e-05
3.59745e-05
-3.38596e-07
-1.1425e-05
-2.85247e-06
0.0399928
0.0317955
0.0316624
0.0317156
0.0309477
0.0301053
0.029338
0.0286417
0.028003
0.0274072
0.0268411
0.0262944
0.0257594
0.0252307
0.0247047
0.0241792
0.0236529
0.0231254
0.0225963
0.0220657
0.0215339
0.0210011
0.0204677
0.019934
0.0194005
0.0188674
0.0183351
0.017804
0.0172743
0.0167464
0.0162207
0.0156975
0.015177
0.0146596
0.0141456
0.0136353
0.0131291
0.0126272
0.01213
0.0116377
0.0111507
0.0106694
0.0101939
0.00972474
0.00926213
0.00880643
0.00835796
0.00791705
0.00748404
0.00705927
0.00664308
0.00623582
0.00583784
0.00544947
0.00507109
0.00470305
0.0043457
0.00399942
0.00366455
0.00334149
0.00303059
0.00273222
0.00244675
0.00217458
0.00191606
0.00167158
0.00144154
0.00122631
0.0010263
0.000841923
0.000673635
0.000521926
0.000387354
0.000270575
0.000172387
9.38165e-05
3.59752e-05
-3.40707e-07
-1.14288e-05
-2.83856e-06
0.038865
0.0311866
0.0311715
0.0312563
0.0305815
0.0298394
0.0291527
0.0285162
0.0279202
0.0273539
0.0268077
0.0262741
0.0257476
0.0252243
0.0247018
0.0241786
0.023654
0.0231275
0.0225993
0.0220695
0.0215384
0.0210063
0.0204735
0.0199405
0.0194075
0.018875
0.0183432
0.0178126
0.0172834
0.0167559
0.0162306
0.0157077
0.0151875
0.0146704
0.0141566
0.0136465
0.0131405
0.0126387
0.0121416
0.0116494
0.0111625
0.0106812
0.0102058
0.00973655
0.00927391
0.00881815
0.0083696
0.0079286
0.00749548
0.00707059
0.00665427
0.00624686
0.00584872
0.00546019
0.00508163
0.00471341
0.00435587
0.00400939
0.00367434
0.00335107
0.00303997
0.0027414
0.00245574
0.00218337
0.00192466
0.00167999
0.00144974
0.00123431
0.00103408
0.000849466
0.000680899
0.000528848
0.000393848
0.000276526
0.000177667
9.83021e-05
3.95558e-05
2.23332e-06
-9.78425e-06
-2.00102e-06
0.0353041
0.0290151
0.0297742
0.0301933
0.029807
0.0293049
0.0287939
0.0282799
0.0277668
0.0272551
0.0267443
0.0262333
0.0257211
0.0252069
0.0246903
0.0241712
0.0236495
0.0231255
0.0225994
0.0220716
0.0215424
0.0210121
0.0204811
0.0199497
0.0194184
0.0188874
0.0183571
0.0178278
0.0172999
0.0167737
0.0162495
0.0157276
0.0152083
0.014692
0.014179
0.0136696
0.0131641
0.0126629
0.0121662
0.0116743
0.0111877
0.0107066
0.0102313
0.00976218
0.00929956
0.00884377
0.00839514
0.00795401
0.00752072
0.00709562
0.00667905
0.00627136
0.0058729
0.00548403
0.00510511
0.0047365
0.00437856
0.00403167
0.00369618
0.00337248
0.00306093
0.00276192
0.0024758
0.00220298
0.00194382
0.00169871
0.00146802
0.00125215
0.00105146
0.000866359
0.000697245
0.000544547
0.000408741
0.000290383
0.000190178
0.000109099
4.82746e-05
8.54437e-06
-6.37627e-06
-1.89093e-06
0.032843
0.0273368
0.027974
0.0286173
0.0286277
0.0284476
0.0281685
0.0278159
0.0274104
0.0269684
0.0265017
0.0260184
0.0255239
0.0250213
0.0245129
0.0240001
0.0234839
0.0229648
0.0224435
0.0219204
0.0213958
0.0208701
0.0203437
0.0198169
0.0192901
0.0187635
0.0182375
0.0177124
0.0171886
0.0166664
0.0161461
0.015628
0.0151125
0.0145999
0.0140904
0.0135845
0.0130824
0.0125845
0.0120911
0.0116024
0.0111189
0.0106409
0.0101686
0.00970247
0.00924276
0.00878983
0.00834401
0.00790565
0.00747507
0.00705264
0.00663869
0.00623359
0.00583767
0.0054513
0.00507484
0.00470865
0.0043531
0.00400856
0.00367539
0.00335397
0.00304468
0.00274788
0.00246397
0.00219331
0.0019363
0.00169331
0.00146472
0.00125092
0.00105227
0.000869163
0.000701967
0.000551062
0.000416849
0.00029977
0.000200382
0.000119485
5.81925e-05
1.76482e-05
6.48461e-07
-2.89493e-06
)
;

boundaryField
{
    left
    {
        type            zeroGradient;
    }
    right
    {
        type            pressureTraction;
        value           nonuniform List<scalar> 
64
(
2.38241e-05
2.62148e-05
2.63563e-05
2.74873e-05
2.74869e-05
2.63547e-05
2.62148e-05
2.38219e-05
-1.93483e-07
2.14558e-05
2.41751e-05
2.63526e-05
2.63533e-05
2.41765e-05
2.14567e-05
-1.9474e-07
-4.53534e-05
-1.08139e-05
-8.26174e-06
-6.20925e-06
-6.20906e-06
-8.26131e-06
-1.08135e-05
-4.53551e-05
-9.62879e-05
-6.2679e-05
-6.39972e-05
-6.33113e-05
-6.33118e-05
-6.39981e-05
-6.26793e-05
-9.62883e-05
-0.000126625
-0.000107762
-0.000113552
-0.000114622
-0.000114622
-0.000113553
-0.000107763
-0.000126625
-0.000121601
-0.000123533
-0.00013107
-0.000133091
-0.000133091
-0.00013107
-0.000123533
-0.000121601
-7.90228e-05
-9.80693e-05
-0.000101275
-0.000101932
-0.000101935
-0.000101278
-9.80672e-05
-7.90216e-05
-6.92587e-06
-1.75921e-05
-1.64712e-05
-1.72109e-05
-1.72198e-05
-1.64793e-05
-1.75815e-05
-6.92049e-06
)
;
    }
    back
    {
        type            pressureTraction;
        value           nonuniform List<scalar> 
640
(
-0.0465273
-0.0274833
-0.0130183
-0.000639235
0.0107903
0.0218939
0.0322169
0.0423648
-0.0385805
-0.0234785
-0.0110947
-0.000997657
0.00724172
0.0144033
0.0206246
0.0264479
-0.0372681
-0.0232939
-0.011659
-0.00168305
0.00675894
0.014187
0.0209007
0.027156
-0.0369068
-0.0232367
-0.0119971
-0.00207914
0.00654089
0.0142083
0.021246
0.0278602
-0.0367345
-0.0231079
-0.0120806
-0.00225934
0.00638983
0.0141562
0.0213471
0.0280491
-0.0365184
-0.0229562
-0.0120657
-0.00233061
0.00630491
0.0141163
0.0213829
0.0280225
-0.0361891
-0.0227571
-0.0119968
-0.00235188
0.00624044
0.0140491
0.0213272
0.0278533
-0.0357474
-0.0225064
-0.0118946
-0.0023538
0.00616939
0.0139351
0.0211782
0.0275759
-0.0352127
-0.0222095
-0.0117704
-0.00235137
0.00608061
0.013774
0.0209534
0.0272201
-0.0346066
-0.0218745
-0.01163
-0.00235068
0.00597197
0.013573
0.0206719
0.0268102
-0.0339485
-0.0215096
-0.0114775
-0.00235324
0.00584596
0.0133412
0.0203505
0.0263641
-0.0332543
-0.0211221
-0.0113152
-0.00235846
0.00570671
0.0130873
0.020002
0.0258942
-0.032536
-0.0207179
-0.011145
-0.00236504
0.00555838
0.0128186
0.0196353
0.0254085
-0.0318025
-0.0203017
-0.0109681
-0.00237156
0.00540452
0.0125402
0.0192568
0.0249121
-0.0310604
-0.0198767
-0.0107854
-0.00237684
0.00524784
0.0122559
0.0188704
0.0244084
-0.0303142
-0.0194455
-0.0105976
-0.00238
0.0050903
0.0119684
0.0184788
0.0238995
-0.0295668
-0.01901
-0.0104052
-0.00238045
0.00493322
0.0116793
0.0180835
0.0233867
-0.0288206
-0.0185715
-0.0102087
-0.00237785
0.00477746
0.0113896
0.0176858
0.0228708
-0.028077
-0.018131
-0.0100085
-0.00237204
0.00462355
0.0111001
0.0172861
0.0223527
-0.027337
-0.0176892
-0.00980497
-0.002363
0.0044718
0.0108113
0.0168851
0.0218326
-0.0266015
-0.017247
-0.00959853
-0.00235077
0.00432239
0.0105233
0.0164829
0.0213111
-0.025871
-0.0168047
-0.00938948
-0.00233545
0.0041754
0.0102366
0.01608
0.0207885
-0.025146
-0.0163628
-0.00917811
-0.00231714
0.00403089
0.00995114
0.0156765
0.0202651
-0.0244267
-0.0159217
-0.00896472
-0.00229598
0.00388888
0.0096672
0.0152727
0.0197412
-0.0237135
-0.0154817
-0.00874957
-0.00227209
0.0037494
0.00938491
0.0148689
0.0192172
-0.0230067
-0.0150432
-0.0085329
-0.0022456
0.00361245
0.00910441
0.0144653
0.0186934
-0.0223064
-0.0146065
-0.00831496
-0.00221663
0.00347805
0.00882584
0.0140621
0.0181702
-0.021613
-0.0141718
-0.00809597
-0.00218529
0.00334621
0.00854936
0.0136597
0.0176478
-0.0209265
-0.0137394
-0.00787615
-0.0021517
0.00321695
0.0082751
0.0132583
0.0171266
-0.0202473
-0.0133096
-0.00765571
-0.00211597
0.00309029
0.00800322
0.0128581
0.0166069
-0.0195754
-0.0128826
-0.00743485
-0.0020782
0.00296623
0.00773385
0.0124594
0.016089
-0.018911
-0.0124586
-0.00721377
-0.0020385
0.0028448
0.00746713
0.0120625
0.0155733
-0.0182545
-0.012038
-0.00699267
-0.00199697
0.00272599
0.0072032
0.0116675
0.0150601
-0.0176058
-0.0116208
-0.00677175
-0.00195374
0.00260983
0.00694219
0.0112749
0.0145497
-0.0169652
-0.0112074
-0.00655121
-0.0019089
0.00249631
0.00668423
0.0108848
0.0140425
-0.016333
-0.010798
-0.00633123
-0.00186256
0.00238544
0.00642945
0.0104974
0.0135387
-0.0157092
-0.0103928
-0.006112
-0.00181483
0.00227723
0.00617797
0.0101131
0.0130387
-0.015094
-0.00999196
-0.00589373
-0.00176582
0.00217166
0.00592991
0.00973204
0.0125428
-0.0144876
-0.00959578
-0.00567659
-0.00171565
0.00206873
0.00568538
0.00935454
0.0120513
-0.0138903
-0.00920444
-0.00546078
-0.00166443
0.00196845
0.00544451
0.00898081
0.0115646
-0.0133022
-0.00881816
-0.00524649
-0.00161226
0.0018708
0.00520739
0.00861113
0.0110829
-0.0127234
-0.00843716
-0.00503391
-0.00155927
0.00177578
0.00497415
0.00824572
0.0106067
-0.0121542
-0.00806165
-0.00482322
-0.00150557
0.00168337
0.00474489
0.00788485
0.0101362
-0.0115948
-0.00769184
-0.00461462
-0.00145126
0.00159356
0.00451972
0.00752877
0.00967176
-0.0110454
-0.00732795
-0.00440829
-0.00139647
0.00150635
0.00429875
0.00717772
0.00921373
-0.0105062
-0.00697019
-0.00420442
-0.00134132
0.00142171
0.00408207
0.00683195
0.00876243
-0.00997743
-0.00661877
-0.00400319
-0.0012859
0.00133963
0.0038698
0.00649173
0.0083182
-0.00945924
-0.00627392
-0.0038048
-0.00123035
0.00126011
0.00366203
0.00615729
0.00788139
-0.0089519
-0.00593583
-0.00360942
-0.00117477
0.00118312
0.00345887
0.00582889
0.00745233
-0.00845562
-0.00560473
-0.00341725
-0.00111927
0.00110865
0.00326043
0.00550678
0.00703137
-0.00797063
-0.00528084
-0.00322848
-0.00106398
0.00103669
0.0030668
0.00519121
0.00661887
-0.00749718
-0.00496438
-0.00304328
-0.00100901
0.000967218
0.00287809
0.00488245
0.00621516
-0.00703549
-0.00465555
-0.00286184
-0.000954457
0.00090023
0.00269439
0.00458073
0.00582062
-0.00658581
-0.00435459
-0.00268435
-0.000900445
0.000835709
0.00251583
0.00428633
0.00543559
-0.00614838
-0.00406171
-0.002511
-0.000847082
0.000773643
0.0023425
0.00399948
0.00506044
-0.00572347
-0.00377714
-0.00234195
-0.000794477
0.000714021
0.0021745
0.00372045
0.00469554
-0.00531132
-0.00350109
-0.00217741
-0.00074274
0.000656834
0.00201194
0.0034495
0.00434124
-0.0049122
-0.0032338
-0.00201755
-0.000691977
0.000602072
0.00185493
0.00318687
0.00399792
-0.00452637
-0.00297548
-0.00186255
-0.000642295
0.000549728
0.00170359
0.00293283
0.00366596
-0.0041541
-0.00272637
-0.0017126
-0.000593798
0.000499797
0.00155801
0.00268763
0.00334571
-0.00379566
-0.0024867
-0.00156787
-0.00054659
0.000452273
0.0014183
0.00245154
0.00303757
-0.00345133
-0.00225669
-0.00142855
-0.000500772
0.000407153
0.00128459
0.0022248
0.00274191
-0.00312139
-0.00203658
-0.00129481
-0.000456445
0.000364437
0.00115699
0.00200769
0.00245911
-0.00280612
-0.0018266
-0.00116683
-0.000413707
0.000324125
0.0010356
0.00180045
0.00218955
-0.00250581
-0.00162697
-0.0010448
-0.000372654
0.000286217
0.000920557
0.00160335
0.00193362
-0.00222074
-0.00143794
-0.000928873
-0.000333382
0.000250718
0.000811961
0.00141664
0.00169169
-0.00195122
-0.00125974
-0.000819235
-0.000295982
0.00021763
0.000709933
0.00124057
0.00146415
-0.00169751
-0.00109258
-0.000716048
-0.000260545
0.000186954
0.000614583
0.00107539
0.00125138
-0.0014599
-0.000936702
-0.000619472
-0.000227156
0.00015869
0.000526014
0.000921342
0.00105375
-0.00123866
-0.000792304
-0.000529651
-0.000195896
0.000132831
0.000444316
0.000778644
0.000871626
-0.00103403
-0.000659577
-0.000446708
-0.000166836
0.000109358
0.000369553
0.00064749
0.000705379
-0.000846246
-0.000538676
-0.00037073
-0.000140032
8.82363e-05
0.000301749
0.000528033
0.000555362
-0.0006755
-0.000429709
-0.00030174
-0.000115516
6.93968e-05
0.000240858
0.00042036
0.000421938
-0.000521963
-0.000332709
-0.000239674
-9.32909e-05
5.27192e-05
0.000186727
0.000324458
0.0003055
-0.000385807
-0.000247616
-0.000184341
-7.33185e-05
3.80038e-05
0.00013904
0.000240176
0.000206539
-0.000267329
-0.000174218
-0.000135361
-5.54931e-05
2.49769e-05
9.72958e-05
0.000167202
0.000125803
-0.000166946
-0.000112153
-9.22847e-05
-3.98127e-05
1.31609e-05
6.07273e-05
0.000105038
6.44539e-05
-8.6947e-05
-6.21282e-05
-5.64045e-05
-2.84067e-05
1.6473e-07
2.72353e-05
5.2612e-05
2.38388e-05
-2.52024e-05
-2.17967e-05
-2.48588e-05
-1.83587e-05
-1.16018e-05
-1.8889e-06
1.03064e-05
6.27723e-06
1.11656e-05
3.06503e-05
4.30957e-05
4.24332e-05
2.64966e-05
4.38129e-06
-1.69959e-05
-2.51154e-06
)
;
    }
    front
    {
        type            pressureTraction;
        value           nonuniform List<scalar> 
640
(
-0.0465273
-0.0274833
-0.0130183
-0.000639235
0.0107903
0.0218939
0.0322169
0.0423648
-0.0385805
-0.0234785
-0.0110947
-0.000997657
0.00724172
0.0144033
0.0206246
0.0264479
-0.0372681
-0.0232939
-0.011659
-0.00168305
0.00675894
0.014187
0.0209007
0.027156
-0.0369068
-0.0232367
-0.0119971
-0.00207914
0.00654089
0.0142083
0.021246
0.0278602
-0.0367345
-0.0231079
-0.0120806
-0.00225934
0.00638983
0.0141562
0.0213471
0.0280491
-0.0365184
-0.0229562
-0.0120657
-0.00233061
0.00630491
0.0141163
0.0213829
0.0280225
-0.0361891
-0.0227571
-0.0119968
-0.00235188
0.00624044
0.0140491
0.0213272
0.0278533
-0.0357474
-0.0225064
-0.0118946
-0.0023538
0.00616939
0.0139351
0.0211782
0.0275759
-0.0352127
-0.0222095
-0.0117704
-0.00235137
0.00608061
0.013774
0.0209534
0.0272201
-0.0346066
-0.0218745
-0.01163
-0.00235069
0.00597197
0.013573
0.0206719
0.0268102
-0.0339485
-0.0215096
-0.0114775
-0.00235324
0.00584596
0.0133412
0.0203505
0.0263641
-0.0332543
-0.0211221
-0.0113152
-0.00235846
0.00570671
0.0130873
0.020002
0.0258942
-0.032536
-0.0207179
-0.011145
-0.00236504
0.00555838
0.0128186
0.0196353
0.0254085
-0.0318025
-0.0203017
-0.0109681
-0.00237156
0.00540452
0.0125402
0.0192568
0.0249121
-0.0310604
-0.0198767
-0.0107854
-0.00237684
0.00524784
0.0122559
0.0188704
0.0244084
-0.0303142
-0.0194455
-0.0105976
-0.00238
0.0050903
0.0119684
0.0184788
0.0238995
-0.0295668
-0.01901
-0.0104052
-0.00238045
0.00493322
0.0116793
0.0180835
0.0233867
-0.0288206
-0.0185715
-0.0102087
-0.00237785
0.00477746
0.0113896
0.0176858
0.0228708
-0.028077
-0.018131
-0.0100085
-0.00237204
0.00462355
0.0111001
0.0172861
0.0223527
-0.027337
-0.0176892
-0.00980497
-0.002363
0.0044718
0.0108113
0.0168851
0.0218326
-0.0266015
-0.017247
-0.00959853
-0.00235077
0.00432239
0.0105233
0.0164829
0.0213111
-0.025871
-0.0168047
-0.00938948
-0.00233545
0.0041754
0.0102366
0.01608
0.0207885
-0.025146
-0.0163628
-0.00917811
-0.00231714
0.00403089
0.00995114
0.0156765
0.0202651
-0.0244267
-0.0159217
-0.00896472
-0.00229598
0.00388888
0.0096672
0.0152727
0.0197412
-0.0237135
-0.0154817
-0.00874957
-0.00227209
0.0037494
0.00938491
0.0148689
0.0192172
-0.0230067
-0.0150432
-0.0085329
-0.0022456
0.00361245
0.00910441
0.0144653
0.0186934
-0.0223064
-0.0146065
-0.00831496
-0.00221663
0.00347805
0.00882584
0.0140621
0.0181702
-0.021613
-0.0141718
-0.00809597
-0.0021853
0.00334621
0.00854936
0.0136597
0.0176478
-0.0209265
-0.0137394
-0.00787615
-0.0021517
0.00321695
0.0082751
0.0132583
0.0171266
-0.0202473
-0.0133096
-0.00765571
-0.00211597
0.00309029
0.00800322
0.0128581
0.0166069
-0.0195754
-0.0128826
-0.00743485
-0.0020782
0.00296623
0.00773385
0.0124594
0.016089
-0.018911
-0.0124586
-0.00721377
-0.0020385
0.0028448
0.00746713
0.0120625
0.0155733
-0.0182545
-0.012038
-0.00699267
-0.00199697
0.00272599
0.0072032
0.0116675
0.0150601
-0.0176058
-0.0116208
-0.00677175
-0.00195374
0.00260983
0.00694219
0.0112749
0.0145497
-0.0169652
-0.0112074
-0.00655121
-0.0019089
0.00249631
0.00668423
0.0108848
0.0140425
-0.016333
-0.010798
-0.00633123
-0.00186256
0.00238544
0.00642945
0.0104974
0.0135387
-0.0157092
-0.0103928
-0.006112
-0.00181483
0.00227723
0.00617797
0.0101131
0.0130387
-0.015094
-0.00999196
-0.00589373
-0.00176582
0.00217166
0.00592991
0.00973204
0.0125428
-0.0144876
-0.00959578
-0.00567659
-0.00171565
0.00206873
0.00568538
0.00935454
0.0120513
-0.0138903
-0.00920444
-0.00546078
-0.00166443
0.00196845
0.00544451
0.00898081
0.0115646
-0.0133022
-0.00881816
-0.00524649
-0.00161226
0.0018708
0.00520739
0.00861113
0.0110829
-0.0127234
-0.00843716
-0.00503391
-0.00155927
0.00177578
0.00497415
0.00824572
0.0106067
-0.0121542
-0.00806165
-0.00482322
-0.00150557
0.00168337
0.00474489
0.00788485
0.0101362
-0.0115948
-0.00769184
-0.00461462
-0.00145126
0.00159356
0.00451972
0.00752877
0.00967176
-0.0110454
-0.00732795
-0.00440829
-0.00139647
0.00150635
0.00429875
0.00717772
0.00921373
-0.0105062
-0.00697019
-0.00420442
-0.00134132
0.00142171
0.00408207
0.00683195
0.00876243
-0.00997743
-0.00661877
-0.00400319
-0.0012859
0.00133963
0.0038698
0.00649173
0.0083182
-0.00945924
-0.00627392
-0.0038048
-0.00123035
0.00126011
0.00366203
0.00615729
0.00788139
-0.0089519
-0.00593583
-0.00360942
-0.00117477
0.00118312
0.00345887
0.00582889
0.00745233
-0.00845562
-0.00560473
-0.00341725
-0.00111927
0.00110865
0.00326043
0.00550678
0.00703137
-0.00797063
-0.00528084
-0.00322848
-0.00106398
0.00103669
0.0030668
0.00519121
0.00661887
-0.00749718
-0.00496438
-0.00304328
-0.00100901
0.000967218
0.00287808
0.00488245
0.00621516
-0.00703549
-0.00465555
-0.00286184
-0.000954457
0.00090023
0.00269439
0.00458073
0.00582062
-0.00658581
-0.00435459
-0.00268435
-0.000900445
0.000835708
0.00251583
0.00428633
0.00543559
-0.00614838
-0.00406171
-0.002511
-0.000847082
0.000773643
0.0023425
0.00399948
0.00506044
-0.00572347
-0.00377714
-0.00234195
-0.000794477
0.000714021
0.0021745
0.00372045
0.00469554
-0.00531132
-0.00350109
-0.00217741
-0.00074274
0.000656834
0.00201194
0.0034495
0.00434124
-0.0049122
-0.0032338
-0.00201755
-0.000691977
0.000602072
0.00185493
0.00318687
0.00399792
-0.00452637
-0.00297548
-0.00186255
-0.000642295
0.000549729
0.00170359
0.00293283
0.00366596
-0.0041541
-0.00272637
-0.0017126
-0.000593798
0.000499797
0.00155801
0.00268763
0.00334571
-0.00379566
-0.0024867
-0.00156787
-0.00054659
0.000452273
0.0014183
0.00245154
0.00303757
-0.00345133
-0.00225669
-0.00142855
-0.000500773
0.000407153
0.00128459
0.0022248
0.00274191
-0.00312139
-0.00203658
-0.00129481
-0.000456445
0.000364437
0.00115699
0.00200769
0.00245911
-0.00280612
-0.0018266
-0.00116683
-0.000413707
0.000324125
0.0010356
0.00180045
0.00218955
-0.00250581
-0.00162697
-0.0010448
-0.000372655
0.000286218
0.000920557
0.00160335
0.00193362
-0.00222074
-0.00143794
-0.000928874
-0.000333382
0.000250719
0.000811962
0.00141664
0.00169169
-0.00195122
-0.00125974
-0.000819235
-0.000295983
0.00021763
0.000709934
0.00124057
0.00146415
-0.00169751
-0.00109258
-0.000716048
-0.000260546
0.000186954
0.000614583
0.00107539
0.00125138
-0.0014599
-0.000936701
-0.000619472
-0.000227157
0.00015869
0.000526015
0.000921342
0.00105375
-0.00123865
-0.000792303
-0.000529651
-0.000195897
0.000132831
0.000444316
0.000778644
0.000871626
-0.00103403
-0.000659576
-0.000446708
-0.000166837
0.000109359
0.000369553
0.00064749
0.000705379
-0.000846244
-0.000538676
-0.000370729
-0.000140032
8.82367e-05
0.000301749
0.000528033
0.000555362
-0.000675498
-0.000429708
-0.000301739
-0.000115517
6.93969e-05
0.000240858
0.00042036
0.000421938
-0.000521961
-0.000332708
-0.000239674
-9.32912e-05
5.27192e-05
0.000186727
0.000324458
0.0003055
-0.00038581
-0.000247616
-0.000184342
-7.33189e-05
3.8004e-05
0.00013904
0.000240176
0.000206539
-0.000267329
-0.000174219
-0.000135361
-5.54937e-05
2.49772e-05
9.72965e-05
0.000167202
0.000125804
-0.000166944
-0.000112154
-9.22845e-05
-3.9813e-05
1.3161e-05
6.07285e-05
0.000105038
6.44545e-05
-8.69459e-05
-6.21288e-05
-5.64045e-05
-2.84066e-05
1.64152e-07
2.72366e-05
5.26139e-05
2.38388e-05
-2.52022e-05
-2.17971e-05
-2.48599e-05
-1.83591e-05
-1.1602e-05
-1.88851e-06
1.03079e-05
6.28287e-06
1.11636e-05
3.06499e-05
4.30932e-05
4.24316e-05
2.64971e-05
4.38063e-06
-1.69974e-05
-2.5135e-06
)
;
    }
    top
    {
        type            pressureTraction;
        value           nonuniform List<scalar> 
640
(
0.0365795
0.0410548
0.0466871
0.0491876
0.0491876
0.0466871
0.0410548
0.0365795
0.029816
0.0316051
0.0335159
0.0340802
0.0340802
0.0335159
0.0316051
0.029816
0.0310619
0.0329055
0.0342923
0.0348138
0.0348138
0.0342923
0.0329055
0.0310619
0.0320805
0.0335124
0.0345918
0.035082
0.035082
0.0345918
0.0335124
0.0320805
0.0323216
0.0332789
0.0340436
0.0344265
0.0344265
0.0340436
0.0332789
0.0323216
0.0322975
0.0328839
0.0333738
0.033636
0.033636
0.0333738
0.0328839
0.0322975
0.0321329
0.0324491
0.03273
0.0328913
0.0328913
0.03273
0.0324491
0.0321329
0.0318667
0.0319955
0.0321266
0.0322113
0.0322113
0.0321266
0.0319955
0.0318667
0.0315301
0.0315344
0.0315617
0.0315907
0.0315907
0.0315617
0.0315344
0.0315301
0.0311473
0.0310699
0.031027
0.0310166
0.0310166
0.031027
0.0310699
0.0311473
0.0307347
0.0306035
0.0305134
0.0304759
0.0304759
0.0305134
0.0306035
0.0307347
0.0303024
0.0301347
0.0300131
0.0299572
0.0299572
0.0300131
0.0301347
0.0303024
0.0298561
0.0296625
0.0295196
0.0294514
0.0294514
0.0295196
0.0296625
0.0298561
0.0293989
0.0291857
0.0290282
0.0289517
0.0289517
0.0290282
0.0291857
0.0293989
0.0289325
0.0287032
0.0285353
0.0284532
0.0284532
0.0285353
0.0287032
0.0289325
0.0284577
0.0282145
0.0280388
0.0279528
0.0279528
0.0280388
0.0282145
0.0284577
0.0279749
0.0277191
0.0275371
0.0274484
0.0274484
0.0275371
0.0277191
0.0279749
0.0274844
0.0272169
0.0270297
0.0269388
0.0269388
0.0270297
0.0272169
0.0274844
0.0269864
0.0267079
0.0265161
0.0264235
0.0264235
0.0265161
0.0267079
0.0269864
0.026481
0.0261921
0.0259962
0.0259023
0.0259023
0.0259962
0.0261921
0.026481
0.0259686
0.0256698
0.0254702
0.0253751
0.0253751
0.0254702
0.0256698
0.0259686
0.0254493
0.0251413
0.0249384
0.0248423
0.0248423
0.0249384
0.0251413
0.0254493
0.0249234
0.0246068
0.0244009
0.0243039
0.0243039
0.0244009
0.0246068
0.0249234
0.0243913
0.0240668
0.0238582
0.0237604
0.0237604
0.0238582
0.0240668
0.0243913
0.0238533
0.0235216
0.0233105
0.0232122
0.0232122
0.0233105
0.0235216
0.0238533
0.0233098
0.0229715
0.0227584
0.0226596
0.0226596
0.0227584
0.0229715
0.0233098
0.022761
0.022417
0.0222022
0.0221031
0.0221031
0.0222022
0.022417
0.022761
0.0222076
0.0218585
0.0216423
0.021543
0.021543
0.0216423
0.0218585
0.0222076
0.0216498
0.0212963
0.0210792
0.0209798
0.0209798
0.0210792
0.0212963
0.0216498
0.021088
0.0207309
0.0205132
0.0204139
0.0204139
0.0205132
0.0207309
0.021088
0.0205228
0.0201628
0.0199448
0.0198457
0.0198457
0.0199448
0.0201628
0.0205228
0.0199546
0.0195923
0.0193745
0.0192757
0.0192757
0.0193745
0.0195923
0.0199546
0.0193837
0.01902
0.0188026
0.0187043
0.0187043
0.0188026
0.01902
0.0193837
0.0188109
0.0184464
0.0182297
0.0181321
0.0181321
0.0182297
0.0184464
0.0188109
0.0182364
0.0178718
0.0176563
0.0175594
0.0175594
0.0176563
0.0178718
0.0182364
0.0176608
0.0172968
0.0170828
0.0169868
0.0169868
0.0170828
0.0172968
0.0176608
0.0170847
0.0167219
0.0165097
0.0164147
0.0164147
0.0165097
0.0167219
0.0170847
0.0165085
0.0161476
0.0159375
0.0158437
0.0158437
0.0159375
0.0161476
0.0165085
0.0159329
0.0155745
0.0153668
0.0152742
0.0152742
0.0153668
0.0155745
0.0159329
0.0153583
0.015003
0.014798
0.0147068
0.0147068
0.014798
0.015003
0.0153583
0.0147853
0.0144337
0.0142316
0.014142
0.014142
0.0142316
0.0144337
0.0147853
0.0142145
0.0138671
0.0136683
0.0135802
0.0135802
0.0136683
0.0138671
0.0142145
0.0136464
0.0133038
0.0131085
0.0130221
0.0130221
0.0131085
0.0133038
0.0136464
0.0130817
0.0127443
0.0125528
0.0124682
0.0124682
0.0125528
0.0127443
0.0130817
0.0125208
0.0121893
0.0120017
0.011919
0.011919
0.0120017
0.0121893
0.0125208
0.0119646
0.0116392
0.0114558
0.0113751
0.0113751
0.0114558
0.0116392
0.0119646
0.0114134
0.0110947
0.0109157
0.0108369
0.0108369
0.0109157
0.0110947
0.0114134
0.0108679
0.0105562
0.0103818
0.0103052
0.0103052
0.0103818
0.0105562
0.0108679
0.0103288
0.0100245
0.0098548
0.00978031
0.00978031
0.0098548
0.0100245
0.0103288
0.00979663
0.0095001
0.00933522
0.00926293
0.00926293
0.00933522
0.0095001
0.00979663
0.00927199
0.00898352
0.00882362
0.0087536
0.0087536
0.00882362
0.00898352
0.00927199
0.00875552
0.00847538
0.00832058
0.00825285
0.00825285
0.00832058
0.00847538
0.00875551
0.00824781
0.00797627
0.00782666
0.00776126
0.00776126
0.00782666
0.00797627
0.00824781
0.00774948
0.00748676
0.00734243
0.00727939
0.00727939
0.00734243
0.00748676
0.00774948
0.00726114
0.00700743
0.00686845
0.0068078
0.0068078
0.00686845
0.00700743
0.00726114
0.00678339
0.00653888
0.0064053
0.00634704
0.00634704
0.0064053
0.00653888
0.00678339
0.00631685
0.00608166
0.00595352
0.00589767
0.00589767
0.00595352
0.00608166
0.00631685
0.0058621
0.00563636
0.00551368
0.00546024
0.00546024
0.00551368
0.00563636
0.0058621
0.00541974
0.00520354
0.00508635
0.00503532
0.00503532
0.00508635
0.00520354
0.00541974
0.00499036
0.00478378
0.00467206
0.00462344
0.00462344
0.00467206
0.00478378
0.00499036
0.00457455
0.00437762
0.00427137
0.00422515
0.00422515
0.00427137
0.00437762
0.00457455
0.00417288
0.00398563
0.00388483
0.00384099
0.00384099
0.00388483
0.00398563
0.00417288
0.00378594
0.00360837
0.00351298
0.0034715
0.0034715
0.00351298
0.00360837
0.00378594
0.00341428
0.00324637
0.00315635
0.00311721
0.00311721
0.00315635
0.00324637
0.00341428
0.00305846
0.00290018
0.00281548
0.00277865
0.00277865
0.00281548
0.00290018
0.00305846
0.00271903
0.00257032
0.00249088
0.00245634
0.00245634
0.00249088
0.00257032
0.00271903
0.00239653
0.00225733
0.00218308
0.0021508
0.0021508
0.00218308
0.00225732
0.00239653
0.00209148
0.00196171
0.0018926
0.00186255
0.00186255
0.0018926
0.00196171
0.00209148
0.0018044
0.00168399
0.00161996
0.00159212
0.00159212
0.00161996
0.00168399
0.0018044
0.0015358
0.00142467
0.00136567
0.00134003
0.00134003
0.00136567
0.00142467
0.00153579
0.00128614
0.00118427
0.00113029
0.00110686
0.00110686
0.00113029
0.00118427
0.00128614
0.0010559
0.000963322
0.000914382
0.000893189
0.000893189
0.000914381
0.000963322
0.0010559
0.000845545
0.000762403
0.000718606
0.000699712
0.000699712
0.000718606
0.000762402
0.000845545
0.000655537
0.000582183
0.000543731
0.000527232
0.000527233
0.000543731
0.000582183
0.000655537
0.000486397
0.00042351
0.000390738
0.000376777
0.000376778
0.000390738
0.000423509
0.000486397
0.000338722
0.00028754
0.000260964
0.000249722
0.000249721
0.000260963
0.000287541
0.000338724
0.000213204
0.000175777
0.000156104
0.000147751
0.000147749
0.000156104
0.000175779
0.000213206
0.000110593
8.9922e-05
7.81073e-05
7.28451e-05
7.28479e-05
7.81096e-05
8.99223e-05
0.000110592
3.15155e-05
3.09266e-05
2.80466e-05
2.63892e-05
2.63936e-05
2.80441e-05
3.09215e-05
3.15214e-05
-3.25179e-05
-1.51901e-05
-8.4087e-06
-6.5907e-06
-6.60567e-06
-8.4241e-06
-1.51864e-05
-3.25188e-05
)
;
    }
    bottom
    {
        type            pressureTraction;
        value           nonuniform List<scalar> 
640
(
-0.0571521
-0.0560704
-0.0564642
-0.0567829
-0.0567829
-0.0564642
-0.0560704
-0.0571521
-0.0470427
-0.0485777
-0.049098
-0.0492639
-0.0492639
-0.049098
-0.0485777
-0.0470427
-0.0451215
-0.0468072
-0.0475721
-0.0478195
-0.0478195
-0.0475721
-0.0468072
-0.0451215
-0.0442344
-0.0456788
-0.0464911
-0.0467871
-0.0467871
-0.0464911
-0.0456788
-0.0442344
-0.0436421
-0.0447107
-0.045426
-0.0457176
-0.0457176
-0.045426
-0.0447107
-0.0436421
-0.0430447
-0.0438092
-0.0443925
-0.0446507
-0.0446507
-0.0443925
-0.0438092
-0.0430447
-0.0423578
-0.0429087
-0.043372
-0.0435882
-0.0435882
-0.043372
-0.0429087
-0.0423578
-0.0415799
-0.041991
-0.0423612
-0.0425387
-0.0425387
-0.0423612
-0.041991
-0.0415799
-0.0407283
-0.0410541
-0.0413581
-0.0415048
-0.0415048
-0.0413581
-0.0410541
-0.0407283
-0.0398228
-0.0401007
-0.0403605
-0.0404848
-0.0404848
-0.0403605
-0.0401007
-0.0398228
-0.0388808
-0.0391353
-0.0393671
-0.0394763
-0.0394763
-0.0393671
-0.0391353
-0.0388808
-0.0379162
-0.038163
-0.0383781
-0.0384774
-0.0384774
-0.0383781
-0.038163
-0.0379162
-0.0369395
-0.0371882
-0.037394
-0.0374875
-0.0374875
-0.037394
-0.0371882
-0.0369395
-0.0359585
-0.0362146
-0.0364159
-0.036506
-0.036506
-0.0364159
-0.0362146
-0.0359585
-0.0349784
-0.0352452
-0.0354449
-0.0355333
-0.0355333
-0.0354449
-0.0352452
-0.0349784
-0.0340031
-0.0342819
-0.0344819
-0.0345697
-0.0345697
-0.0344819
-0.0342819
-0.0340031
-0.033035
-0.0333265
-0.0335277
-0.0336154
-0.0336154
-0.0335277
-0.0333265
-0.033035
-0.0320758
-0.0323801
-0.0325829
-0.0326708
-0.0326708
-0.0325829
-0.0323801
-0.0320758
-0.0311266
-0.0314433
-0.0316479
-0.0317363
-0.0317363
-0.0316479
-0.0314433
-0.0311266
-0.0301882
-0.0305167
-0.0307232
-0.030812
-0.030812
-0.0307232
-0.0305167
-0.0301882
-0.0292612
-0.0296008
-0.029809
-0.0298983
-0.0298983
-0.029809
-0.0296008
-0.0292612
-0.0283458
-0.0286958
-0.0289055
-0.0289952
-0.0289952
-0.0289055
-0.0286958
-0.0283458
-0.0274424
-0.027802
-0.028013
-0.028103
-0.028103
-0.028013
-0.027802
-0.0274424
-0.0265513
-0.0269195
-0.0271316
-0.0272218
-0.0272218
-0.0271316
-0.0269195
-0.0265513
-0.0256725
-0.0260486
-0.0262614
-0.0263517
-0.0263517
-0.0262614
-0.0260486
-0.0256725
-0.0248064
-0.0251894
-0.0254026
-0.025493
-0.025493
-0.0254026
-0.0251894
-0.0248064
-0.0239531
-0.024342
-0.0245554
-0.0246457
-0.0246457
-0.0245554
-0.024342
-0.0239531
-0.0231126
-0.0235066
-0.0237199
-0.02381
-0.02381
-0.0237199
-0.0235066
-0.0231126
-0.0222852
-0.0226833
-0.0228962
-0.0229859
-0.0229859
-0.0228962
-0.0226833
-0.0222852
-0.0214709
-0.0218723
-0.0220844
-0.0221737
-0.0221737
-0.0220844
-0.0218723
-0.0214709
-0.0206699
-0.0210736
-0.0212847
-0.0213735
-0.0213735
-0.0212847
-0.0210736
-0.0206699
-0.0198822
-0.0202875
-0.0204972
-0.0205853
-0.0205853
-0.0204972
-0.0202875
-0.0198822
-0.019108
-0.0195139
-0.019722
-0.0198093
-0.0198093
-0.019722
-0.0195139
-0.019108
-0.0183474
-0.018753
-0.0189593
-0.0190457
-0.0190457
-0.0189593
-0.018753
-0.0183474
-0.0176004
-0.018005
-0.0182091
-0.0182945
-0.0182945
-0.0182091
-0.018005
-0.0176004
-0.016867
-0.0172698
-0.0174715
-0.0175559
-0.0175559
-0.0174715
-0.0172698
-0.016867
-0.0161475
-0.0165477
-0.0167468
-0.01683
-0.01683
-0.0167468
-0.0165477
-0.0161475
-0.0154419
-0.0158388
-0.016035
-0.0161169
-0.0161169
-0.016035
-0.0158388
-0.0154419
-0.0147502
-0.0151431
-0.0153361
-0.0154167
-0.0154167
-0.0153361
-0.0151431
-0.0147502
-0.0140726
-0.0144607
-0.0146504
-0.0147295
-0.0147295
-0.0146504
-0.0144607
-0.0140726
-0.0134091
-0.0137919
-0.013978
-0.0140556
-0.0140556
-0.013978
-0.0137919
-0.0134091
-0.0127598
-0.0131366
-0.013319
-0.0133949
-0.0133949
-0.013319
-0.0131366
-0.0127598
-0.0121247
-0.012495
-0.0126734
-0.0127477
-0.0127477
-0.0126734
-0.012495
-0.0121247
-0.0115041
-0.0118672
-0.0120415
-0.012114
-0.012114
-0.0120415
-0.0118672
-0.0115041
-0.0108979
-0.0112533
-0.0114234
-0.0114941
-0.0114941
-0.0114234
-0.0112533
-0.0108979
-0.0103062
-0.0106535
-0.0108191
-0.0108879
-0.0108879
-0.0108191
-0.0106535
-0.0103062
-0.00972922
-0.0100679
-0.0102289
-0.0102958
-0.0102958
-0.0102289
-0.0100679
-0.00972922
-0.00916697
-0.0094966
-0.00965292
-0.00971784
-0.00971784
-0.00965291
-0.0094966
-0.00916697
-0.00861958
-0.00893977
-0.00909126
-0.00915415
-0.00915415
-0.00909125
-0.00893977
-0.00861958
-0.00808716
-0.00839756
-0.0085441
-0.00860492
-0.00860492
-0.00854409
-0.00839756
-0.00808716
-0.00756983
-0.00787012
-0.0080116
-0.00807032
-0.00807031
-0.0080116
-0.00787012
-0.00756983
-0.00706772
-0.00735759
-0.00749393
-0.00755051
-0.00755051
-0.00749393
-0.00735759
-0.00706772
-0.00658095
-0.00686015
-0.00699127
-0.00704567
-0.00704567
-0.00699127
-0.00686015
-0.00658095
-0.00610967
-0.00637797
-0.0065038
-0.00655599
-0.00655599
-0.0065038
-0.00637797
-0.00610967
-0.00565403
-0.00591122
-0.0060317
-0.00608167
-0.00608167
-0.0060317
-0.00591122
-0.00565403
-0.00521417
-0.00546008
-0.00557516
-0.00562288
-0.00562288
-0.00557516
-0.00546008
-0.00521417
-0.00479026
-0.00502475
-0.00513439
-0.00517985
-0.00517985
-0.00513439
-0.00502475
-0.00479026
-0.00438246
-0.00460543
-0.00470959
-0.00475278
-0.00475278
-0.00470959
-0.00460543
-0.00438247
-0.00399097
-0.00420231
-0.00430098
-0.00434188
-0.00434188
-0.00430098
-0.00420231
-0.00399097
-0.00361596
-0.00381562
-0.00390878
-0.00394738
-0.00394738
-0.00390878
-0.00381562
-0.00361596
-0.00325763
-0.00344556
-0.0035332
-0.00356951
-0.00356951
-0.0035332
-0.00344556
-0.00325763
-0.00291619
-0.00309238
-0.0031745
-0.00320851
-0.00320851
-0.0031745
-0.00309238
-0.00291619
-0.00259185
-0.00275629
-0.0028329
-0.00286461
-0.00286461
-0.0028329
-0.00275629
-0.00259185
-0.00228483
-0.00243755
-0.00250866
-0.00253808
-0.00253808
-0.00250866
-0.00243755
-0.00228483
-0.00199536
-0.0021364
-0.00220203
-0.00222917
-0.00222917
-0.00220203
-0.0021364
-0.00199535
-0.00172367
-0.0018531
-0.00191328
-0.00193815
-0.00193815
-0.00191328
-0.0018531
-0.00172367
-0.00147003
-0.00158791
-0.00164268
-0.00166529
-0.00166529
-0.00164268
-0.00158791
-0.00147003
-0.00123467
-0.00134111
-0.0013905
-0.00141089
-0.00141089
-0.0013905
-0.00134111
-0.00123467
-0.00101787
-0.00111296
-0.00115706
-0.00117525
-0.00117525
-0.00115705
-0.00111296
-0.00101787
-0.000819883
-0.000903769
-0.000942655
-0.000958703
-0.000958703
-0.000942654
-0.000903769
-0.000819882
-0.000641003
-0.000713851
-0.000747656
-0.000761635
-0.000761635
-0.000747657
-0.000713852
-0.000641001
-0.000481544
-0.000543575
-0.000572479
-0.00058449
-0.00058449
-0.00057248
-0.000543576
-0.000481542
-0.000341896
-0.000393398
-0.000417648
-0.000427822
-0.000427822
-0.000417649
-0.000393399
-0.000341894
-0.0002226
-0.000263955
-0.000283871
-0.000292367
-0.000292367
-0.000283872
-0.000263956
-0.0002226
-0.00012451
-0.000156208
-0.000172172
-0.00017915
-0.000179151
-0.000172171
-0.000156207
-0.000124514
-4.89717e-05
-7.15851e-05
-8.39855e-05
-8.95703e-05
-8.95708e-05
-8.3984e-05
-7.15835e-05
-4.89702e-05
1.45374e-06
-1.26676e-05
-2.18264e-05
-2.60665e-05
-2.60652e-05
-2.18255e-05
-1.26663e-05
1.45763e-06
2.37329e-05
1.66716e-05
1.03321e-05
7.44591e-06
7.44673e-06
1.03323e-05
1.66723e-05
2.37357e-05
1.22209e-05
1.11561e-05
7.95605e-06
6.76658e-06
6.76525e-06
7.95579e-06
1.11563e-05
1.22213e-05
-2.71618e-05
-2.6217e-05
-2.50222e-05
-2.37117e-05
-2.37116e-05
-2.50243e-05
-2.62182e-05
-2.71642e-05
)
;
    }
}


// ************************************************************************* //
