/*--------------------------------*- C++ -*----------------------------------*\
| =========                 |                                                 |
| \\      /  F ield         | foam-extend: Open Source CFD                    |
|  \\    /   O peration     | Version:     4.1                                |
|   \\  /    A nd           | Web:         http://www.foam-extend.org         |
|    \\/     M anipulation  |                                                 |
\*---------------------------------------------------------------------------*/
FoamFile
{
    version     2.0;
    format      ascii;
    class       volScalarField;
    location    "0.194";
    object      muEff;
}
// * * * * * * * * * * * * * * * * * * * * * * * * * * * * * * * * * * * * * //

dimensions      [1 -1 -2 0 0 0 0];

internalField   nonuniform List<scalar> 
5120
(
4437.03
4355.61
4344.67
4333.61
4324.89
4316.34
4307.34
4297.91
4288.21
4278.36
4269.55
4261.28
4253
4244.77
4236.63
4228.6
4220.68
4212.89
4205.21
4197.62
4190.12
4182.7
4175.34
4168.05
4160.84
4153.74
4146.8
4140.06
4134.52
4129.48
4124.47
4119.44
4114.35
4109.16
4103.81
4098.26
4094.98
4092.36
4090.23
4088.5
4087.01
4085.63
4084.25
4082.8
4081.3
4079.77
4078.24
4076.75
4075.34
4074.04
4072.88
4071.87
4071.03
4070.38
4069.95
4069.74
4069.78
4070.08
4070.67
4074.1
4075.36
4077.01
4079.07
4081.6
4084.63
4088.21
4092.41
4097.26
4102.79
4108.98
4115.75
4122.82
4129.65
4135.1
4133.99
4131.9
4114.47
4080.64
4034.22
4001.68
4455.79
4386.07
4366.51
4348.91
4335.33
4323.52
4312.3
4301.39
4290.72
4280.28
4270.05
4260.04
4250.25
4240.7
4232.45
4224.62
4216.98
4209.52
4202.25
4195.17
4188.29
4181.6
4175.11
4168.8
4162.69
4156.77
4151.04
4145.5
4140.14
4134.97
4129.99
4125.2
4120.59
4116.17
4111.93
4107.87
4103.99
4100.29
4096.76
4093.41
4090.22
4087.2
4084.34
4081.65
4079.13
4076.77
4074.57
4072.55
4070.7
4069.02
4067.52
4068.64
4067.51
4066.59
4065.88
4065.39
4065.14
4065.14
4065.41
4065.98
4066.86
4068.08
4069.69
4071.71
4074.19
4077.17
4080.7
4084.82
4089.58
4092.23
4098.1
4104.29
4110.3
4115.08
4119.59
4114.53
4097.97
4066.13
4021.45
4006.68
4445.85
4398.16
4380.35
4360.28
4343.51
4329.18
4316.13
4303.97
4292.48
4281.49
4270.92
4260.68
4250.76
4241.11
4231.73
4222.61
4215.01
4207.64
4200.46
4193.48
4186.7
4180.11
4173.7
4167.49
4161.46
4155.62
4149.97
4144.49
4139.19
4134.08
4129.13
4124.36
4119.77
4115.34
4111.08
4106.99
4103.07
4099.32
4095.72
4092.29
4089.03
4085.92
4082.98
4082.68
4080.05
4077.59
4075.29
4073.15
4071.19
4069.41
4067.8
4066.37
4065.14
4064.1
4063.27
4062.66
4062.28
4062.14
4062.26
4062.66
4063.37
4064.4
4065.8
4067.6
4069.84
4072.57
4075.83
4079.67
4084.13
4089.21
4092.13
4098.07
4103.89
4108.57
4113.06
4108.24
4092.24
4061.39
4018.95
4012.57
4438.99
4400.17
4385.58
4365.26
4347.33
4331.87
4317.97
4305.17
4293.24
4281.91
4271.14
4260.79
4250.79
4241.1
4231.69
4223.91
4216.43
4209.15
4202.06
4195.16
4188.44
4181.92
4175.58
4169.42
4163.44
4157.65
4152.03
4146.58
4141.31
4136.21
4131.29
4126.53
4121.93
4117.51
4113.24
4109.14
4105.2
4101.43
4097.81
4094.35
4091.05
4087.91
4084.93
4082.11
4079.46
4076.96
4074.63
4072.46
4070.46
4068.64
4066.99
4065.52
4064.25
4063.17
4062.29
4061.63
4061.19
4060.99
4061.06
4061.4
4062.04
4063.01
4064.34
4066.06
4068.22
4070.87
4074.05
4077.81
4082.2
4087.23
4092.85
4098.87
4104.83
4109.73
4108.83
4104.6
4092.35
4063.31
4023.57
4004.19
4438.99
4400.17
4385.58
4365.26
4347.33
4331.87
4317.97
4305.17
4293.24
4281.91
4271.14
4260.79
4250.79
4241.1
4231.69
4222.54
4214.15
4206.82
4199.68
4192.74
4185.99
4179.44
4173.07
4166.89
4160.9
4155.09
4149.45
4144
4138.73
4133.62
4128.7
4123.94
4119.35
4114.93
4110.67
4106.58
4102.65
4098.88
4095.27
4091.83
4088.54
4085.41
4082.45
4079.64
4076.99
4074.51
4072.19
4070.03
4068.04
4066.23
4064.59
4063.13
4061.86
4060.79
4059.91
4059.25
4058.82
4058.62
4058.68
4059.02
4059.65
4060.61
4061.92
4063.63
4065.77
4068.39
4071.54
4075.26
4079.61
4084.6
4090.16
4096.13
4102.03
4106.9
4111.68
4107.41
4089.67
4060.91
4025.55
4003.95
4445.85
4398.16
4380.35
4360.28
4343.51
4329.18
4316.13
4303.97
4292.48
4281.49
4270.92
4260.68
4250.76
4241.11
4232.49
4224.79
4217.29
4209.97
4202.84
4195.9
4189.15
4182.59
4176.21
4170.02
4164.01
4158.18
4152.54
4147.07
4141.78
4136.66
4131.72
4126.95
4122.35
4117.92
4113.66
4109.56
4105.63
4101.87
4098.26
4094.82
4091.54
4088.43
4085.47
4080.2
4077.58
4075.13
4072.84
4070.72
4068.77
4066.99
4065.39
4063.97
4062.74
4061.71
4060.89
4060.27
4059.89
4059.75
4059.87
4060.26
4060.96
4061.98
4063.37
4065.15
4067.37
4070.07
4073.29
4077.1
4081.51
4086.54
4094.85
4100.84
4106.71
4111.43
4110.18
4105.4
4089.53
4058.97
4016.96
4013.21
4455.79
4386.07
4366.51
4348.91
4335.33
4323.52
4312.3
4301.39
4290.72
4280.28
4270.05
4260.04
4250.62
4242.54
4234.61
4226.84
4219.25
4211.84
4204.61
4197.58
4190.73
4184.07
4177.6
4171.32
4165.22
4159.32
4153.6
4148.06
4142.71
4137.55
4132.57
4127.78
4123.17
4118.74
4114.5
4110.44
4106.55
4102.84
4099.3
4095.94
4092.74
4089.71
4086.85
4084.15
4081.61
4079.24
4077.04
4075.01
4073.15
4071.46
4069.95
4066.21
4065.09
4064.17
4063.46
4062.97
4062.72
4062.72
4062.99
4063.54
4064.41
4065.63
4067.21
4069.21
4071.66
4074.61
4078.11
4082.2
4086.91
4094.95
4100.88
4107.12
4113.18
4118.01
4116.65
4111.62
4095.21
4063.65
4019.42
4006.26
4437.03
4355.61
4344.67
4333.61
4324.89
4316.34
4307.34
4297.91
4288.21
4279.45
4271.39
4263.22
4255.02
4246.86
4238.78
4230.8
4222.93
4215.17
4207.51
4199.94
4192.44
4185.01
4177.62
4170.3
4163.05
4155.91
4148.92
4142.13
4135.58
4129.48
4124.47
4119.44
4114.35
4109.16
4103.82
4100.15
4097.03
4094.47
4092.42
4090.75
4089.33
4088
4086.66
4085.24
4083.76
4082.24
4080.72
4079.23
4077.83
4076.53
4075.36
4074.35
4073.51
4072.86
4072.43
4072.22
4072.26
4072.57
4073.18
4071.58
4072.83
4074.46
4076.5
4079
4082.01
4085.56
4089.72
4094.52
4100
4106.14
4112.85
4119.87
4126.65
4132.05
4137.05
4128.88
4111.59
4078.06
4032.11
4002.8
4229.41
4225.53
4235.95
4228.61
4220.71
4212.93
4205.05
4200.96
4199.56
4197.71
4195.53
4193.11
4190.55
4187.93
4185.31
4182.73
4180.21
4177.79
4175.48
4176.11
4174.1
4172.24
4170.52
4168.94
4167.51
4166.24
4165.13
4164.18
4163.4
4162.79
4162.35
4162.1
4162.03
4162.16
4162.48
4163.02
4163.77
4164.75
4165.96
4167.41
4169.13
4171.12
4173.4
4175.98
4178.89
4182.13
4185.74
4189.74
4194.16
4199.02
4204.36
4210.21
4216.62
4223.62
4231.27
4239.61
4248.7
4258.59
4269.36
4281.06
4293.75
4307.49
4322.34
4338.32
4355.46
4373.71
4392.98
4413.08
4433.67
4454.23
4473.91
4491.47
4499.84
4506.58
4507.52
4485.72
4431.73
4341.83
4199.85
4030.14
4242.63
4238.62
4247.23
4236.67
4226.38
4217.15
4208.24
4199.65
4195.19
4192.4
4189.54
4186.64
4183.72
4180.83
4177.98
4175.2
4172.51
4169.92
4167.45
4165.09
4162.86
4160.77
4158.81
4156.99
4155.31
4153.78
4152.4
4151.18
4150.11
4149.2
4148.45
4147.88
4147.48
4147.25
4147.22
4147.37
4147.73
4148.29
4152.31
4153.33
4154.59
4156.1
4157.88
4159.93
4162.28
4164.93
4167.93
4171.27
4175
4179.14
4183.72
4188.77
4194.33
4200.44
4207.15
4214.51
4222.57
4231.39
4241.04
4251.58
4263.08
4275.62
4289.24
4304.02
4319.98
4337.13
4355.41
4370.1
4389.99
4410.13
4429.74
4447.59
4461.75
4469.26
4470.54
4443.49
4393.08
4306.31
4171.89
4041.26
4231.04
4249.57
4257.23
4242.71
4229.57
4218.77
4209.02
4199.99
4194.8
4191.25
4187.81
4184.46
4181.22
4178.09
4175.06
4172.14
4169.33
4166.64
4164.06
4161.61
4159.28
4157.08
4155.01
4153.08
4151.29
4149.63
4148.12
4146.76
4145.54
4144.48
4143.57
4142.83
4142.25
4141.84
4141.61
4141.56
4144.85
4145.21
4145.77
4146.55
4147.55
4148.79
4150.29
4152.04
4154.08
4156.41
4159.07
4162.06
4165.41
4169.15
4173.32
4177.93
4183.03
4188.66
4194.86
4201.69
4209.19
4217.43
4226.46
4236.37
4247.22
4259.08
4272.03
4286.13
4301.42
4317.94
4335.64
4354.42
4369.45
4389.34
4408.85
4426.73
4441.01
4448.57
4449.52
4421.87
4370.42
4283.77
4155.54
4036.99
4234.97
4252.69
4261.54
4245.22
4230.41
4218.65
4208.45
4199.68
4195.52
4191.52
4187.71
4184.09
4180.65
4179.65
4176.58
4173.64
4170.83
4168.13
4165.56
4163.11
4160.79
4158.58
4156.51
4154.56
4152.75
4151.07
4149.53
4148.13
4146.87
4145.76
4144.8
4144
4143.36
4142.88
4142.58
4142.45
4142.51
4142.76
4143.22
4143.88
4144.76
4145.88
4147.23
4148.85
4150.74
4152.93
4155.42
4158.24
4161.42
4164.98
4168.95
4173.36
4178.25
4183.65
4189.62
4196.2
4203.44
4211.41
4220.17
4229.78
4240.33
4251.88
4264.51
4278.3
4293.28
4309.5
4326.93
4345.46
4364.87
4384.71
4404.23
4422.16
4436.47
4443.99
4434.9
4411.77
4364.42
4273.71
4148.83
4035.58
4232.46
4252.69
4261.54
4245.22
4230.41
4218.65
4208.45
4201.45
4197.38
4193.47
4189.75
4186.22
4182.86
4177.36
4174.22
4171.22
4168.34
4165.59
4162.96
4160.46
4158.09
4155.85
4153.73
4151.75
4149.9
4148.19
4146.62
4145.19
4143.91
4142.78
4141.8
4140.98
4140.31
4139.82
4139.5
4139.35
4139.4
4139.63
4140.07
4140.71
4141.58
4142.68
4144.02
4145.62
4147.49
4149.65
4152.12
4154.92
4158.07
4161.61
4165.55
4169.93
4174.78
4180.15
4186.08
4192.62
4199.81
4207.73
4216.44
4225.99
4236.48
4247.96
4260.52
4274.23
4289.13
4305.26
4322.6
4341.03
4360.34
4380.09
4399.51
4417.35
4431.6
4439.09
4439.78
4416.53
4359.93
4269.73
4145.69
4033.5
4228.65
4249.57
4257.23
4242.71
4229.57
4218.77
4209.02
4200.19
4196.65
4193.2
4189.85
4186.6
4183.44
4180.39
4177.43
4174.58
4171.83
4169.2
4166.67
4164.27
4161.99
4159.84
4157.81
4155.91
4154.15
4152.53
4151.05
4149.71
4148.52
4147.48
4146.6
4145.88
4145.32
4144.93
4144.72
4144.69
4141.71
4142.05
4142.59
4143.35
4144.34
4145.56
4147.04
4148.78
4150.79
4153.11
4155.74
4158.7
4162.03
4165.75
4169.88
4174.46
4179.53
4185.12
4191.28
4198.06
4205.52
4213.7
4222.69
4232.53
4243.32
4255.11
4267.99
4282.01
4297.22
4313.65
4331.26
4349.94
4374.03
4394.01
4413.61
4431.58
4445.92
4453.51
4444.6
4426.68
4374.97
4279.72
4152.35
4034.89
4240.43
4238.62
4247.23
4236.67
4226.38
4217.15
4208.24
4199.65
4197.03
4194.37
4191.61
4188.8
4185.97
4183.16
4180.39
4177.68
4175.06
4172.53
4170.11
4167.8
4165.62
4163.57
4161.65
4159.87
4158.23
4156.73
4155.38
4154.18
4153.14
4152.26
4151.54
4150.98
4150.6
4150.4
4150.38
4150.56
4150.93
4151.51
4149.07
4150.07
4151.32
4152.81
4154.56
4156.59
4158.92
4161.55
4164.52
4167.84
4171.54
4175.65
4180.2
4185.21
4190.74
4196.81
4203.48
4210.79
4218.8
4227.58
4237.17
4247.65
4259.08
4271.54
4285.1
4299.79
4315.67
4332.73
4350.92
4374.68
4394.68
4414.91
4434.61
4452.54
4466.77
4474.31
4465.52
4448.41
4397.74
4302.14
4168.58
4039.11
4230.2
4225.53
4235.95
4228.61
4220.71
4212.93
4205.05
4202.71
4201.46
4199.74
4197.67
4195.35
4192.89
4190.36
4187.81
4185.3
4182.85
4180.49
4178.24
4173.3
4171.25
4169.34
4167.57
4165.96
4164.49
4163.19
4162.05
4161.07
4160.26
4159.62
4159.16
4158.88
4158.79
4158.9
4159.2
4159.71
4160.44
4161.4
4162.59
4164.03
4165.73
4167.69
4169.95
4172.51
4175.39
4178.61
4182.2
4186.17
4190.55
4195.38
4200.69
4206.5
4212.87
4219.83
4227.43
4235.72
4244.76
4254.6
4265.3
4276.93
4289.56
4303.23
4318
4333.9
4350.95
4369.11
4388.29
4408.29
4428.79
4449.25
4468.85
4486.34
4505.04
4511.8
4502.33
4480.63
4436.59
4346.23
4203.4
4032.39
4111.24
4117.63
4128.27
4136.17
4145.65
4155.5
4164.89
4173.46
4183.7
4190.54
4196.59
4202
4206.94
4211.54
4215.94
4220.22
4224.47
4228.73
4233.05
4237.46
4241.99
4246.65
4251.46
4256.43
4261.57
4266.9
4272.41
4278.13
4284.06
4290.21
4296.59
4303.22
4310.11
4317.26
4324.7
4332.43
4340.47
4348.83
4357.54
4366.6
4376.03
4385.85
4396.07
4406.72
4417.81
4429.36
4441.38
4453.89
4466.9
4480.43
4494.49
4509.09
4524.23
4539.91
4556.13
4572.88
4584.47
4602.12
4620.21
4638.66
4657.41
4676.35
4695.37
4714.32
4733.01
4751.22
4768.68
4785.06
4799.95
4812.85
4829.6
4836.36
4838.39
4833.89
4813.59
4791.9
4740.22
4643.96
4447.97
4063.3
4175.58
4175.93
4161.4
4155.18
4155.74
4158.87
4162.96
4167.44
4171.94
4176.3
4180.47
4184.44
4188.27
4191.98
4195.62
4202.45
4206.16
4209.92
4213.74
4217.66
4221.69
4225.84
4230.13
4234.56
4239.15
4243.92
4248.85
4253.98
4259.3
4264.84
4270.59
4276.57
4282.79
4289.27
4296.02
4303.05
4310.38
4318.02
4326
4334.32
4343.01
4352.08
4361.55
4371.45
4381.79
4392.6
4403.89
4415.69
4428.01
4440.88
4454.31
4468.32
4482.93
4498.14
4513.96
4530.39
4547.42
4565.03
4583.19
4601.86
4620.98
4634.61
4654.25
4679.97
4699.7
4719.12
4737.94
4755.8
4772.27
4786.77
4798.56
4806.65
4809.61
4805.29
4783.86
4758.27
4698.52
4588.95
4389.51
4099.19
4164.24
4219.26
4195.01
4179.35
4172.33
4169.28
4168.48
4169.15
4170.75
4172.91
4175.44
4178.19
4181.09
4184.09
4187.18
4190.33
4193.57
4200.16
4203.64
4207.23
4210.92
4214.75
4218.7
4222.79
4227.04
4231.44
4236.02
4240.77
4245.71
4250.85
4256.2
4261.78
4267.58
4273.64
4279.95
4286.54
4293.42
4300.61
4308.12
4315.97
4324.18
4332.77
4341.76
4351.17
4361.03
4371.35
4382.15
4393.47
4405.32
4417.73
4430.72
4444.31
4458.52
4473.36
4488.85
4505
4521.79
4539.23
4557.3
4575.94
4595.12
4614.76
4634.75
4654.94
4675.18
4695.21
4708.67
4733.45
4750.81
4766.23
4778.9
4787.72
4791.11
4786.66
4764.27
4736.17
4672.19
4557.34
4359.54
4093.95
4165.25
4238.42
4212.73
4194.24
4183.94
4177.6
4173.91
4172.24
4172.01
4172.79
4174.29
4179.06
4181.46
4184.11
4186.93
4189.9
4192.98
4196.18
4199.48
4202.9
4206.43
4210.09
4213.88
4217.81
4221.88
4226.11
4230.51
4235.08
4239.83
4244.78
4249.94
4255.31
4260.91
4266.75
4272.85
4279.23
4285.88
4292.84
4300.13
4307.74
4315.72
4324.07
4332.82
4341.99
4351.59
4361.67
4372.23
4383.3
4394.92
4407.09
4419.85
4433.22
4447.21
4461.86
4477.17
4493.15
4509.81
4527.14
4545.12
4563.73
4582.91
4602.59
4622.67
4643.02
4663.46
4683.76
4703.62
4716.57
4734.27
4750.04
4763.06
4772.15
4781.97
4777.39
4760.69
4725.21
4659.56
4543.44
4349.36
4095.77
4167.65
4241.31
4215.3
4196.66
4186.33
4179.99
4176.34
4174.71
4174.55
4175.42
4176.99
4176.27
4178.6
4181.17
4183.92
4186.81
4189.82
4192.95
4196.19
4199.55
4203.02
4206.62
4210.35
4214.23
4218.25
4222.43
4226.78
4231.3
4236
4240.9
4246.01
4251.34
4256.89
4262.69
4268.75
4275.08
4281.69
4288.61
4295.84
4303.41
4311.34
4319.65
4328.35
4337.46
4347.02
4357.04
4367.55
4378.57
4390.13
4402.24
4414.94
4428.25
4442.19
4456.77
4472.01
4487.92
4504.51
4521.77
4539.68
4558.21
4577.31
4596.92
4616.92
4637.19
4657.56
4677.78
4697.58
4722.68
4740.44
4756.27
4769.32
4778.45
4775.67
4771.11
4754.47
4719.13
4653.74
4538.1
4344.96
4093.07
4166.58
4221.95
4197.38
4181.61
4174.6
4171.58
4170.85
4171.6
4173.28
4175.54
4178.16
4181
4183.98
4187.06
4190.22
4193.46
4196.76
4196.89
4200.31
4203.84
4207.47
4211.24
4215.13
4219.17
4223.36
4227.72
4232.24
4236.94
4241.84
4246.93
4252.23
4257.76
4263.52
4269.53
4275.8
4282.34
4289.18
4296.32
4303.78
4311.59
4319.75
4328.3
4337.24
4346.6
4356.4
4366.67
4377.42
4388.68
4400.48
4412.83
4425.76
4439.29
4453.43
4468.21
4483.64
4499.71
4516.44
4533.81
4551.8
4570.37
4589.48
4609.04
4628.95
4649.07
4669.23
4689.19
4714.76
4727.3
4744.6
4759.97
4772.6
4781.39
4784.77
4780.34
4770.52
4730.05
4666.32
4551.94
4355.08
4091.23
4173.27
4173.81
4163.34
4157.13
4157.79
4161.04
4165.26
4169.86
4174.48
4178.96
4183.23
4187.31
4191.22
4195.02
4198.75
4199.25
4202.88
4206.57
4210.33
4214.18
4218.15
4222.24
4226.47
4230.85
4235.39
4240.09
4244.98
4250.06
4255.33
4260.81
4266.52
4272.45
4278.63
4285.06
4291.76
4298.74
4306.03
4313.62
4321.55
4329.83
4338.47
4347.49
4356.91
4366.76
4377.05
4387.8
4399.04
4410.78
4423.05
4435.86
4449.23
4463.18
4477.72
4492.87
4508.63
4524.99
4541.95
4559.49
4577.58
4596.18
4615.22
4640.44
4660.16
4674
4693.65
4713
4731.76
4749.56
4765.98
4780.43
4792.19
4800.25
4803.2
4798.9
4790.19
4752.07
4692.54
4583.42
4384.89
4096.39
4111.24
4116.51
4129.65
4137.79
4147.51
4157.58
4167.17
4175.92
4181.08
4187.79
4193.71
4199.01
4203.85
4208.37
4212.68
4216.88
4221.05
4225.24
4229.49
4233.83
4238.3
4242.89
4247.64
4252.56
4257.64
4262.91
4268.37
4274.04
4279.92
4286.02
4292.35
4298.93
4305.77
4312.87
4320.26
4327.94
4335.93
4344.25
4352.9
4361.91
4371.3
4381.07
4391.24
4401.84
4412.88
4424.37
4436.33
4448.79
4461.74
4475.22
4489.22
4503.75
4518.83
4534.45
4550.61
4567.29
4590.13
4607.85
4626
4644.52
4663.34
4682.35
4701.44
4720.46
4739.21
4757.49
4775
4791.44
4806.37
4819.31
4823.1
4829.85
4831.88
4827.4
4820.03
4785.57
4734.08
4638.19
4452.9
4065.45
4106.41
4102.67
4237.06
4303.67
4354.24
4396.81
4439.45
4473.47
4503.31
4529.28
4551.91
4566.32
4584.01
4600.1
4615.01
4629.08
4642.53
4655.53
4668.2
4680.61
4692.81
4704.83
4716.68
4728.36
4739.9
4751.27
4762.48
4773.53
4784.41
4795.12
4805.65
4815.99
4826.16
4836.13
4845.9
4855.48
4864.84
4874
4882.94
4891.66
4900.15
4908.41
4916.44
4924.21
4931.74
4939.02
4946.03
4952.78
4959.26
4965.47
4971.39
4977.04
4982.39
4987.45
4992.21
4996.67
5000.83
5004.69
5008.24
5011.48
5014.41
5017.03
5019.34
5021.33
5022.99
5024.32
5025.3
5025.88
5026.02
5025.6
5024.46
5022.29
5018.54
5019.33
5008.59
4989.81
4955.25
4884.76
4710.38
4270.49
4052.27
4362.89
4385.64
4396.71
4413.17
4429.26
4446.82
4465.69
4484.75
4508.42
4526.12
4542.79
4558.49
4573.35
4587.53
4601.17
4614.39
4627.28
4639.91
4652.34
4664.6
4676.71
4688.68
4700.52
4712.23
4723.82
4735.28
4746.62
4757.81
4768.88
4779.8
4790.58
4801.2
4811.67
4821.99
4825.48
4835.42
4845.18
4854.77
4864.16
4873.36
4882.35
4891.13
4899.7
4908.04
4916.15
4924.01
4931.62
4938.98
4946.07
4952.89
4959.42
4972.72
4971.61
4977.25
4982.58
4987.59
4992.27
4996.62
5000.63
5004.29
5007.6
5010.54
5013.12
5015.31
5017.08
5018.43
5019.28
5019.57
5019.16
5017.83
5015.22
5010.66
5010
4996.79
4973.52
4930.41
4842.76
4627.58
4567.18
4142.43
4596.65
4552.49
4510.21
4488.39
4477.31
4475.11
4479.6
4488.3
4504.59
4517.11
4530.21
4543.49
4556.71
4569.77
4582.65
4595.34
4607.85
4620.21
4632.43
4644.52
4656.5
4668.37
4680.13
4691.8
4703.36
4714.82
4726.17
4737.42
4748.55
4759.57
4770.48
4781.26
4791.91
4802.44
4812.82
4823.06
4833.15
4843.09
4852.86
4855.71
4865.1
4874.3
4883.31
4892.11
4900.7
4909.06
4917.19
4925.08
4932.72
4940.09
4947.18
4954
4967.54
4966.72
4972.62
4978.19
4983.43
4988.32
4992.85
4997.02
5000.81
5004.21
5007.21
5009.78
5011.9
5013.53
5014.61
5015.06
5014.71
5013.33
5010.48
5005.43
5003.84
4989
4962.82
4914.56
4818.17
4597
4389.57
4246.23
4697.01
4634.53
4574.71
4535.71
4510.11
4501.51
4497.32
4499.68
4506.29
4515.54
4526.35
4538.04
4550.16
4562.47
4574.82
4587.13
4599.37
4611.52
4623.58
4635.54
4647.4
4659.18
4670.87
4682.46
4693.97
4705.38
4716.71
4727.94
4739.07
4750.1
4761.03
4771.85
4782.56
4793.15
4803.62
4813.95
4824.15
4834.21
4844.12
4853.87
4863.45
4866.09
4875.29
4884.29
4893.1
4901.68
4910.05
4918.18
4926.07
4933.7
4941.06
4948.14
4954.93
4961.42
4967.59
4973.43
4978.94
4984.1
4988.89
4993.32
4997.35
5000.98
5004.2
5006.97
5009.27
5011.07
5012.28
5012.82
5012.53
5011.14
5008.21
5010
5000.92
4985.33
4957.86
4907.56
4808.98
4599.54
4146.8
4249.68
4702.87
4640.14
4580.09
4540.92
4515.22
4496.43
4492.25
4494.58
4501.14
4510.33
4521.08
4532.69
4544.74
4556.98
4569.26
4581.51
4593.69
4605.78
4617.78
4629.68
4641.49
4653.21
4664.84
4676.39
4687.85
4699.21
4710.49
4721.68
4732.77
4743.76
4754.64
4765.42
4776.09
4786.64
4797.07
4807.37
4817.54
4827.57
4837.44
4847.16
4856.71
4872.86
4882.08
4891.11
4899.94
4908.56
4916.94
4925.1
4933
4940.65
4948.03
4955.13
4961.94
4968.44
4974.63
4980.49
4986.01
4991.17
4995.98
5000.41
5004.45
5008.09
5011.31
5014.09
5016.39
5018.18
5019.4
5019.93
5019.64
5018.24
5015.29
5002.94
4993.89
4978.35
4950.97
4900.83
4802.6
4593.96
4150.21
4139.7
4602.12
4557.76
4515.3
4493.39
4482.27
4480.08
4484.61
4493.37
4499.44
4511.89
4524.92
4538.11
4551.26
4564.25
4577.06
4589.68
4602.13
4614.43
4626.59
4638.62
4650.54
4662.36
4674.07
4685.68
4697.19
4708.6
4719.91
4731.11
4742.21
4753.19
4764.05
4774.79
4785.41
4795.89
4806.24
4816.45
4826.51
4836.41
4846.15
4862.45
4871.87
4881.1
4890.14
4898.96
4907.57
4915.96
4924.12
4932.02
4939.68
4947.07
4954.18
4961.01
4960.51
4973.77
4979.68
4985.26
4990.51
4995.41
4999.95
5004.13
5007.92
5011.33
5014.33
5016.9
5019.03
5020.66
5021.74
5022.18
5021.83
5020.43
5017.57
5012.5
4996.8
4982
4955.92
4907.81
4811.75
4602.61
4385.53
4052.27
4358.44
4390.13
4401.23
4417.78
4433.97
4451.64
4470.62
4489.8
4503.27
4520.86
4537.43
4553.04
4567.82
4581.93
4595.49
4608.64
4621.47
4634.04
4646.41
4658.61
4670.66
4682.58
4694.37
4706.03
4717.57
4728.98
4740.27
4751.43
4762.45
4773.33
4784.06
4794.65
4805.09
4815.36
4832.13
4842.11
4851.9
4861.52
4870.94
4880.17
4889.19
4898
4906.59
4914.95
4923.08
4930.96
4938.6
4945.97
4953.08
4959.92
4966.47
4965.66
4978.68
4984.34
4989.68
4994.69
4999.39
5003.74
5007.76
5011.42
5014.74
5017.69
5020.26
5022.45
5024.23
5025.57
5026.42
5026.7
5026.29
5024.95
5022.33
5017.75
5002.94
4989.77
4966.58
4923.61
4836.26
4633.31
4562.47
4106.41
4100.34
4240.5
4307.56
4358.47
4401.31
4434.73
4468.54
4498.21
4524.04
4546.53
4571.81
4589.59
4605.76
4620.76
4634.9
4648.42
4661.49
4674.22
4686.69
4698.95
4711.02
4722.92
4734.66
4746.24
4757.66
4768.92
4780.01
4790.93
4801.68
4812.25
4822.63
4832.83
4842.84
4852.64
4862.25
4871.65
4880.83
4889.8
4898.55
4907.07
4915.35
4923.39
4931.19
4938.74
4946.04
4953.07
4959.84
4966.33
4972.55
4978.49
4984.15
4989.51
4994.58
4999.35
5003.82
5007.99
5011.85
5015.41
5018.65
5021.59
5024.21
5026.52
5028.5
5030.17
5031.49
5032.47
5033.05
5033.18
5032.75
5031.6
5029.42
5025.66
5012.24
5001.54
4982.82
4948.37
4878.12
4704.37
4266.52
4096.04
3980.93
4093.88
4193.64
4269.07
4317.55
4343.34
4323.02
4397.34
4400.95
4403.26
4405.8
4408.54
4411.54
4414.86
4418.5
4422.44
4426.67
4436.14
4440.91
4445.93
4451.19
4456.68
4462.42
4468.4
4474.63
4481.13
4487.88
4494.9
4502.19
4509.75
4517.59
4525.71
4534.11
4542.78
4551.73
4560.96
4570.46
4580.24
4590.28
4600.58
4611.15
4621.97
4633.03
4644.33
4655.87
4667.62
4679.58
4691.75
4704.1
4716.63
4729.32
4742.16
4755.13
4768.22
4781.41
4794.7
4808.05
4821.45
4834.9
4848.37
4861.85
4875.32
4888.78
4902.21
4915.6
4928.95
4942.27
4955.56
4968.83
4982.09
4995.37
5008.61
5021.65
5033.86
5043.31
5044.22
5018.94
4901.11
4374.32
4133.07
4115.82
4034.52
4107.96
4189.56
4258.36
4305.59
4334.14
4350.05
4356.24
4346.28
4181.55
4245.94
4325.13
4349.04
4361.12
4369.43
4376.28
4382.52
4388.54
4394.52
4400.58
4406.77
4413.14
4419.71
4426.52
4433.56
4440.87
4448.44
4456.28
4464.41
4477.94
4486.68
4495.72
4505.06
4514.7
4524.63
4534.86
4545.4
4556.22
4567.34
4578.75
4590.43
4602.4
4614.63
4627.13
4639.87
4652.86
4666.08
4679.51
4693.15
4706.99
4720.99
4735.16
4749.47
4763.9
4778.44
4793.07
4807.77
4822.52
4837.3
4852.09
4866.88
4881.64
4896.36
4911.03
4925.63
4940.15
4954.57
4968.9
4976.16
4990.12
5003.74
5016.67
5027.94
5034.96
5030.47
4991.57
4819.03
4113.98
4130.5
4331.05
4244.05
4125.83
4110.31
4241.14
4302.71
4323.33
4329.14
4330.02
4333.38
4329.96
4318.92
4269.35
4069.6
4271.17
4320.13
4337.62
4347.73
4355.5
4362.43
4369.09
4375.72
4382.45
4389.35
4396.46
4403.81
4411.42
4419.3
4427.47
4435.94
4444.7
4453.78
4468.21
4477.96
4488.02
4498.4
4509.1
4520.12
4531.46
4543.11
4555.08
4567.35
4579.92
4592.79
4605.95
4619.38
4633.09
4647.05
4661.25
4675.68
4690.33
4705.18
4720.21
4735.41
4750.76
4766.23
4781.8
4797.46
4813.19
4828.95
4844.74
4860.52
4876.28
4892
4907.66
4923.23
4938.71
4954.05
4969.24
4984.22
4998.91
5006.06
5019.22
5030.24
5036.15
5028.73
4982.63
4800.94
4275.85
4096.56
4468.78
4415.82
4355.15
4174.03
4290.58
4330.86
4327.94
4322.61
4318.75
4321.04
4320.4
4320.66
4320.59
4312.72
4063.49
4313.37
4329.94
4337.24
4343.32
4349.24
4355.29
4361.54
4372.66
4379.46
4386.54
4393.9
4401.57
4409.54
4417.83
4426.43
4435.35
4444.59
4454.17
4464.08
4474.31
4484.89
4495.79
4507.04
4518.61
4530.52
4542.75
4555.3
4568.17
4581.35
4594.84
4608.61
4622.68
4637.01
4651.6
4666.44
4681.51
4696.8
4712.28
4727.95
4743.77
4759.73
4775.8
4791.98
4808.23
4824.52
4840.85
4857.18
4873.49
4889.76
4905.97
4922.09
4938.11
4953.99
4969.7
4985.18
5000.32
5014.9
5028.41
5039.64
5045.47
5037.57
4991.44
4822.18
4356.3
4098.98
4463.78
4411
4350.57
4177.82
4294.9
4335.33
4332.38
4327.02
4323.14
4316.67
4316.03
4316.3
4316.23
4308.39
4060.38
4317.72
4334.37
4341.7
4347.81
4353.77
4359.84
4366.13
4368.05
4374.81
4381.86
4389.19
4396.83
4404.76
4413.01
4421.57
4430.45
4439.66
4449.19
4459.06
4469.25
4479.78
4490.64
4501.84
4513.36
4525.22
4537.4
4549.9
4562.72
4575.85
4589.28
4603.01
4617.02
4631.3
4645.83
4660.62
4675.63
4690.86
4706.29
4721.9
4737.66
4753.56
4769.59
4785.7
4801.89
4818.13
4834.4
4850.67
4866.93
4883.15
4899.3
4915.37
4931.33
4947.16
4962.82
4978.25
4993.35
5007.88
5021.34
5032.53
5038.34
5030.45
4984.46
4828.63
4351.84
4130.5
4335.43
4248.09
4129.33
4113.8
4245.22
4307.05
4327.76
4333.58
4334.47
4328.94
4325.54
4314.55
4265.19
4066.42
4275.36
4324.54
4342.11
4352.26
4360.07
4367.04
4373.72
4380.38
4387.14
4394.07
4401.22
4408.6
4416.24
4424.16
4432.37
4440.87
4449.67
4458.79
4463.16
4472.86
4482.88
4493.22
4503.88
4514.85
4526.15
4537.75
4549.67
4561.89
4574.42
4587.24
4600.35
4613.73
4627.38
4641.29
4655.44
4669.82
4684.41
4699.21
4714.19
4729.33
4744.62
4760.03
4775.56
4791.16
4806.83
4822.54
4838.28
4854.01
4869.72
4885.38
4900.99
4916.51
4931.93
4947.22
4962.36
4977.3
4991.93
5013.08
5026.28
5037.35
5043.28
5035.84
4989.61
4807.34
4271.51
4133.07
4115.82
4034.52
4111.31
4193.36
4262.49
4309.94
4338.62
4354.6
4360.82
4341.75
4177.74
4250.06
4329.6
4353.61
4365.74
4374.09
4380.97
4387.24
4393.29
4399.3
4405.38
4411.6
4418
4424.6
4431.43
4438.51
4445.85
4453.45
4461.33
4469.49
4472.82
4481.53
4490.53
4499.83
4509.43
4519.32
4529.52
4540.01
4550.79
4561.87
4573.23
4584.87
4596.79
4608.98
4621.42
4634.12
4647.06
4660.23
4673.62
4687.21
4700.99
4714.95
4729.06
4743.32
4757.71
4772.2
4786.78
4801.43
4816.13
4830.86
4845.6
4860.34
4875.05
4889.72
4904.34
4918.89
4933.36
4947.74
4962.02
4983.09
4997.09
5010.76
5023.73
5035.04
5042.09
5037.59
4998.58
4825.5
4109.91
4098.92
3980.93
4096.7
4197.23
4273.15
4321.93
4347.87
4327.49
4402.13
4405.76
4408.09
4410.65
4413.4
4416.42
4419.75
4423.41
4427.37
4431.62
4431.17
4435.92
4440.91
4446.15
4451.62
4457.33
4463.29
4469.49
4475.96
4482.69
4489.68
4496.94
4504.47
4512.28
4520.36
4528.73
4537.37
4546.28
4555.48
4564.94
4574.68
4584.68
4594.95
4605.48
4616.26
4627.28
4638.54
4650.03
4661.74
4673.67
4685.79
4698.09
4710.58
4723.22
4736.02
4748.95
4761.99
4775.14
4788.38
4801.69
4815.05
4828.45
4841.88
4855.31
4868.74
4882.15
4895.54
4908.89
4922.2
4935.48
4948.72
4961.95
4975.17
4988.4
5001.6
5014.6
5026.77
5036.18
5037.09
5011.88
4894.42
4369.54
3968.73
3931.02
3919.42
3922.62
3934.18
3942.75
3948.54
3954.03
3956.44
3958.08
3959.3
3958.5
3959.48
3960.46
3961.48
3962.53
3963.6
3964.67
3965.69
3966.54
3966.94
3966
3961.09
3958.3
3971.65
3977.43
3980.93
3983.77
3986.42
3989.1
3991.86
3994.77
3997.85
4001.13
4004.64
4008.38
4012.4
4016.71
4021.34
4026.32
4031.68
4037.45
4043.66
4050.37
4055.14
4062.89
4071.27
4080.32
4090.11
4100.7
4112.16
4124.57
4138
4152.55
4168.29
4185.34
4203.78
4223.73
4245.29
4272.44
4293.68
4320.7
4354.04
4385.32
4418.74
4454.31
4492.04
4531.85
4573.64
4617.29
4662.63
4709.57
4758.11
4808.59
4861.8
4918.94
4979.87
5034.06
5010.63
4572.42
4089.69
3957.4
3921.77
3922.64
3933.15
3938.48
3941.33
3943.06
3945.93
3946.91
3946.12
3947.03
3947.97
3948.96
3950.01
3951.1
3952.23
3953.41
3954.62
3955.86
3957.13
3958.41
3959.68
3960.91
3962.01
3962.83
3963.07
3962.18
3960.66
3966.13
3973.51
3978.15
3981.97
3985.47
3988.9
3992.41
3996.09
3999.97
4004.12
4008.56
4013.33
4018.47
4024.01
4030
4036.48
4043.49
4051.09
4059.33
4068.28
4078
4088.57
4100.08
4112.6
4126.23
4141.08
4157.26
4174.89
4194.1
4215.03
4237.81
4262.58
4285.55
4314.58
4346.02
4379.97
4416.51
4455.7
4497.54
4541.97
4588.87
4638.07
4689.37
4742.58
4797.6
4854.5
4913.16
4971.22
5012.78
4918.47
4553.12
4041.21
4004.96
3945.36
3925.65
3938.94
3940.79
3940.52
3940.17
3941.74
3940.33
3940.83
3941.51
3942.34
3943.28
3944.3
3945.39
3946.53
3947.71
3948.94
3950.2
3951.51
3952.85
3954.24
3955.66
3957.12
3958.59
3960.05
3961.43
3962.57
3963.17
3962.71
3964.93
3971.55
3976.05
3979.84
3983.37
3986.88
3990.51
3994.35
3998.44
4002.82
4007.54
4012.64
4018.14
4024.11
4030.59
4037.62
4045.27
4053.6
4062.67
4072.57
4083.37
4095.18
4108.09
4122.2
4137.66
4154.58
4173.1
4193.39
4215.6
4239.9
4266.47
4291.52
4322.98
4357.2
4394.33
4434.47
4477.66
4523.89
4573.08
4625.04
4679.49
4736.12
4794.62
4854.72
4915.96
4975.48
5015.25
4894.7
4631.83
4040.92
4027.74
3973.99
3924.84
3947.67
3944.22
3941.37
3939.66
3940.46
3938.62
3938.86
3939.41
3940.16
3941.06
3942.06
3943.14
3944.27
3945.46
3946.68
3947.96
3949.27
3950.63
3952.04
3953.51
3955.03
3956.62
3958.27
3959.99
3961.76
3963.54
3965.14
3965.45
3967.7
3973.62
3977.04
3980.14
3983.31
3986.66
3990.25
3994.1
3998.26
4002.75
4007.6
4012.87
4018.58
4024.79
4031.54
4038.89
4046.91
4055.66
4065.23
4075.69
4084.53
4096.98
4110.62
4125.6
4142.03
4160.08
4179.9
4201.66
4225.55
4251.77
4284.4
4311.94
4350.53
4388.12
4428.92
4473
4520.38
4570.99
4624.64
4681.05
4739.85
4800.68
4863.25
4920.52
4983.46
5031.06
4973.67
4642.67
4038.8
4025.49
3972.11
3926.25
3949.42
3945.95
3943.07
3941.32
3938.82
3940.23
3940.46
3940.99
3941.73
3942.62
3943.62
3944.69
3945.82
3947
3948.23
3949.5
3950.82
3952.18
3953.59
3955.06
3956.58
3958.17
3959.83
3961.55
3963.33
3965.11
3966.68
3966.88
3966.41
3972.05
3975.4
3978.46
3981.6
3984.92
3988.48
3992.3
3996.42
4000.86
4005.68
4010.89
4016.55
4022.71
4029.4
4036.69
4044.64
4053.32
4062.8
4073.18
4087.13
4099.68
4113.42
4128.51
4145.06
4163.23
4183.18
4205.09
4229.13
4255.5
4280.5
4316.01
4346.27
4383.67
4424.27
4468.14
4515.31
4565.69
4619.12
4675.3
4733.86
4794.46
4856.8
4927.21
4990.38
5038.16
4980.62
4636.93
4043.53
4007.03
3946.85
3927.1
3940.57
3942.46
3942.19
3941.83
3940.1
3941.97
3942.45
3943.12
3943.95
3944.88
3945.9
3946.98
3948.12
3949.3
3950.52
3951.79
3953.09
3954.44
3955.82
3957.25
3958.7
3960.17
3961.62
3962.98
3964.09
3964.63
3964.03
3966.14
3970.12
3974.48
3978.2
3981.66
3985.13
3988.73
3992.53
3996.58
4000.92
4005.6
4010.65
4016.11
4022.02
4028.44
4035.41
4043
4051.25
4060.25
4070.07
4080.79
4092.5
4105.31
4119.33
4134.67
4151.47
4169.88
4190.03
4212.1
4236.26
4262.67
4291.52
4327.12
4361.52
4398.84
4439.17
4482.57
4529.01
4578.42
4630.59
4685.27
4742.12
4800.84
4861.17
4922.63
4982.37
5022.3
4901.44
4626.08
4089.69
3957.4
3921.77
3923.98
3934.66
3940.08
3942.98
3944.73
3944.25
3946.91
3947.81
3948.72
3949.66
3950.66
3951.7
3952.79
3953.92
3955.09
3956.3
3957.54
3958.81
3960.09
3961.35
3962.57
3963.66
3964.45
3964.63
3963.63
3960.97
3967.53
3971.94
3976.47
3980.23
3983.67
3987.07
3990.55
3994.19
3998.04
4002.15
4006.56
4011.29
4016.38
4021.88
4027.82
4034.24
4041.19
4048.73
4056.9
4065.78
4075.43
4085.92
4097.34
4109.77
4123.3
4138.05
4154.12
4171.64
4190.72
4211.52
4234.16
4258.79
4285.55
4318.69
4350.29
4384.41
4421.14
4460.51
4502.54
4547.17
4594.28
4643.69
4695.19
4748.61
4803.84
4860.95
4919.82
4978.1
5019.81
4925.28
4547.5
3968.73
3930.62
3919.42
3923.76
3935.59
3944.34
3950.24
3952.26
3954.64
3956.25
3959.3
3960.35
3961.33
3962.32
3963.33
3964.38
3965.45
3966.52
3967.54
3968.38
3968.75
3967.76
3962.68
3959.75
3969.91
3975.59
3979.05
3981.85
3984.49
3987.14
3989.89
3992.77
3995.83
3999.09
4002.57
4006.29
4010.28
4014.55
4019.15
4024.09
4029.41
4035.13
4041.3
4047.96
4057.61
4065.42
4073.86
4082.98
4092.84
4103.51
4115.05
4127.55
4141.07
4155.71
4171.56
4188.71
4207.27
4227.34
4249.03
4268.57
4293.68
4324.86
4349.74
4380.86
4414.11
4449.52
4487.07
4526.7
4568.32
4611.78
4656.94
4703.69
4752.04
4802.33
4855.35
4912.28
4973
5026.99
5017.68
4566.71
3930.41
3883.24
3881.5
3886.66
3888.62
3889.65
3890.88
3892.3
3894.02
3895.96
3898.07
3900.32
3902.66
3905.07
3907.54
3910.05
3912.58
3915.14
3917.72
3920.3
3922.88
3925.46
3928.02
3930.58
3933.1
3935.6
3938.05
3940.45
3942.77
3944.99
3947.07
3948.97
3950.59
3951.84
3952.52
3952.42
3951.26
3948.92
3946.42
3953.6
3960.08
3965.51
3969.94
3973.59
3976.65
3979.27
3981.56
3983.57
3985.33
3986.88
3988.21
3989.33
3990.21
3990.84
3991.21
3991.27
3991
3990.33
3989.21
3987.76
3995.93
4005.42
4016.5
4029.48
4044.75
4062.78
4084.13
4109.5
4139.66
4175.57
4218.25
4268.86
4324.56
4394.47
4476.54
4573.63
4691.92
4848.91
5014.15
4940.89
4001.43
3893.95
3878.96
3881.35
3885.11
3887.96
3890.39
3892.68
3894.88
3897.06
3899.28
3901.54
3903.85
3906.2
3908.6
3911.04
3913.5
3915.99
3918.49
3921
3923.51
3926.03
3928.54
3931.03
3933.51
3935.97
3938.39
3940.78
3943.12
3945.39
3947.6
3949.71
3951.72
3953.59
3955.3
3956.8
3958.05
3958.98
3959.53
3959.64
3959.25
3958.34
3957.32
3955.29
3960.1
3965.23
3969.98
3974.26
3978.03
3981.29
3984.08
3986.45
3988.43
3990.04
3991.29
3992.19
3992.71
3992.83
3992.51
3991.69
3990.3
3992.49
4001.76
4012.79
4025.98
4041.82
4060.93
4084.06
4112.15
4146.35
4188.03
4238.78
4296.42
4370.13
4458.01
4561.43
4681.53
4812.56
4737.96
4941.57
4005.53
3920.6
3885.83
3877.51
3880.71
3885.43
3889.2
3892.28
3894.86
3897.31
3899.67
3902
3904.35
3906.72
3909.12
3911.55
3914.01
3916.5
3919
3921.52
3924.06
3926.59
3929.13
3931.66
3934.19
3936.7
3939.2
3941.67
3944.11
3946.51
3948.87
3951.16
3953.39
3955.53
3957.56
3959.46
3961.19
3962.71
3963.95
3964.85
3965.29
3965.18
3964.43
3962.98
3960.91
3958.44
3964.35
3969.91
3974.88
3979.18
3982.83
3985.88
3988.41
3990.48
3992.13
3993.39
3994.25
3994.72
3994.76
3994.32
3993.35
3991.74
3993.61
4003.56
4015.58
4030.15
4047.91
4069.65
4096.4
4129.41
4170.24
4220.69
4279.01
4354.4
4445.12
4552.02
4674.23
4790.2
4219.41
4964.73
4040.56
3937.49
3893.68
3878.85
3877.36
3883.59
3888.11
3891.64
3894.58
3897.19
3899.65
3902
3904.39
3906.79
3909.21
3911.67
3914.15
3916.66
3919.19
3921.75
3924.31
3926.89
3929.48
3932.07
3934.66
3937.24
3939.83
3942.4
3944.96
3947.5
3950.03
3952.53
3955
3957.43
3959.82
3962.16
3964.44
3966.63
3968.72
3970.65
3972.34
3973.65
3974.26
3973.53
3970.22
3962.98
3966.53
3976.58
3982.97
3987.09
3989.98
3992.17
3993.91
3995.31
3996.42
3997.24
3997.77
3997.97
3997.82
3997.25
3996.19
3994.55
3992.21
3998.59
4010.28
4024.48
4041.83
4063.17
4089.55
4122.3
4163.07
4213.84
4276.83
4350.12
4443.68
4555.28
4686.66
4830.72
4950.14
4948.56
4038.27
3936.35
3892.85
3879.64
3877.36
3883.59
3888.11
3891.64
3894.58
3897.19
3899.65
3902
3904.39
3906.79
3909.21
3911.67
3914.15
3916.66
3919.19
3921.75
3924.31
3926.89
3929.48
3932.07
3934.66
3937.24
3939.83
3942.4
3944.96
3947.5
3950.03
3952.53
3955
3957.43
3959.82
3962.16
3964.44
3966.63
3968.72
3970.65
3972.34
3973.65
3974.26
3973.53
3970.22
3962.98
3966.53
3976.58
3982.97
3987.09
3989.98
3992.17
3993.91
3995.31
3996.42
3997.24
3997.77
3997.97
3997.82
3997.25
3996.19
3994.55
3992.21
3997.13
4008.67
4022.7
4039.86
4060.99
4087.12
4119.59
4160.05
4210.47
4273.06
4354.33
4448.37
4560.49
4692.43
4837.08
4943.33
4941.73
4003.32
3919.53
3885.83
3877.51
3880.71
3885.43
3889.2
3892.28
3894.86
3897.31
3899.67
3902
3904.35
3906.72
3909.12
3911.55
3914.01
3916.5
3919
3921.52
3924.06
3926.59
3929.13
3931.66
3934.19
3936.7
3939.2
3941.67
3944.11
3946.51
3948.87
3951.16
3953.39
3955.53
3957.56
3959.46
3961.19
3962.71
3963.95
3964.85
3965.29
3965.18
3964.43
3962.98
3960.91
3958.76
3964.35
3969.91
3974.88
3979.18
3982.83
3985.88
3988.41
3990.48
3992.13
3993.39
3994.25
3994.72
3994.76
3994.32
3993.35
3991.74
3992.23
4002.05
4013.92
4028.32
4045.88
4067.41
4093.92
4126.66
4167.17
4217.28
4279.01
4358.63
4449.82
4557.23
4679.97
4796.44
4214.59
4957.84
4003.97
3894.94
3878.43
3881.35
3885.11
3887.96
3890.39
3892.68
3894.88
3897.06
3899.28
3901.54
3903.85
3906.2
3908.6
3911.04
3913.5
3915.99
3918.49
3921
3923.51
3926.03
3928.54
3931.03
3933.51
3935.97
3938.39
3940.78
3943.12
3945.39
3947.6
3949.71
3951.72
3953.59
3955.3
3956.8
3958.05
3958.98
3959.53
3959.64
3959.25
3958.34
3957.32
3955.66
3960.1
3965.23
3969.98
3974.26
3978.03
3981.29
3984.08
3986.45
3988.43
3990.04
3991.29
3992.19
3992.71
3992.83
3992.51
3991.69
3990.3
3991.11
4000.25
4011.15
4024.18
4039.85
4058.76
4081.67
4109.52
4143.45
4184.84
4235.25
4296.42
4374.45
4462.78
4566.68
4687.3
4818.86
4744.21
4934.72
3930.41
3883.24
3881.5
3886.66
3888.62
3889.65
3890.88
3892.3
3894.02
3895.96
3898.07
3900.32
3902.66
3905.07
3907.54
3910.05
3912.58
3915.14
3917.72
3920.3
3922.88
3925.46
3928.02
3930.58
3933.1
3935.6
3938.05
3940.45
3942.77
3944.99
3947.07
3948.97
3950.59
3951.84
3952.52
3952.42
3951.26
3948.92
3946.42
3953.6
3960.08
3965.51
3969.94
3973.59
3976.65
3979.27
3981.56
3983.57
3985.33
3986.88
3988.21
3989.33
3990.21
3990.84
3991.21
3991.27
3991
3990.33
3989.21
3987.57
3994.43
4003.81
4014.76
4027.59
4042.7
4060.56
4081.72
4106.87
4136.8
4172.44
4214.83
4265.13
4328.64
4398.92
4481.4
4578.93
4697.72
4842.53
5007.16
4934.08
3877.49
3856.36
3854.95
3857.42
3858.93
3860.04
3861.23
3862.52
3863.85
3865.07
3865.92
3866.99
3870.02
3872.99
3875.75
3878.42
3881.07
3883.74
3886.44
3889.17
3891.94
3894.74
3897.58
3900.44
3903.34
3906.26
3909.2
3912.16
3915.13
3918.12
3921.11
3924.11
3927.1
3930.1
3933.09
3936.07
3939.04
3941.99
3944.93
3947.85
3950.74
3953.62
3956.46
3959.28
3962.06
3964.82
3967.53
3970.21
3972.86
3975.46
3978.02
3980.54
3983.02
3985.45
3987.84
3990.18
3992.48
3994.72
3996.92
3999.07
4001.16
4003.2
4005.18
4007.09
4008.92
4010.66
4012.28
4013.73
4014.96
4015.85
4016.21
4015.74
4013.84
4009.42
4000.28
4036.12
4117.04
4293.52
4739.02
3872.12
3877.86
3858.4
3851.32
3853.48
3856.93
3859.56
3861.62
3863.43
3865.18
3866.94
3868.74
3870.58
3872.43
3874.22
3875.89
3877.37
3878.61
3880.52
3884.32
3887.95
3891.37
3894.62
3897.76
3900.83
3903.86
3906.87
3909.87
3912.87
3915.86
3918.86
3921.85
3924.84
3927.83
3930.81
3933.78
3936.74
3939.68
3942.61
3945.52
3948.41
3951.28
3954.12
3956.94
3959.73
3962.48
3965.2
3967.89
3970.55
3973.16
3975.74
3978.28
3980.78
3983.24
3985.66
3988.03
3990.37
3992.66
3994.91
3997.12
3999.29
4001.41
4003.49
4005.52
4007.5
4009.42
4011.26
4013.01
4014.61
4016.01
4017.08
4017.61
4017.21
4015.2
4010.25
3999.78
4039.73
4129.87
4327.95
4785.04
5023.63
3950.35
3891.56
3865.05
3856.17
3853.53
3858.03
3861.31
3863.76
3865.92
3867.93
3869.92
3871.94
3874.01
3876.14
3878.32
3880.54
3882.77
3884.98
3887.11
3889.04
3890.61
3891.69
3893.45
3898.1
3902.35
3906.12
3909.57
3912.83
3915.97
3919.04
3922.07
3925.08
3928.07
3931.04
3933.99
3936.93
3939.85
3942.76
3945.64
3948.5
3951.34
3954.15
3956.94
3959.69
3962.42
3965.11
3967.76
3970.38
3972.97
3975.51
3978.02
3980.49
3982.91
3985.3
3987.64
3989.95
3992.21
3994.43
3996.61
3998.75
4000.84
4002.89
4004.9
4006.86
4008.76
4010.59
4012.33
4013.92
4015.31
4016.35
4016.81
4016.26
4013.92
4008.37
3997.27
4034.97
4104.04
4235.73
4713.16
4909.59
3986.32
3908.62
3873.46
3859.99
3853.18
3856.72
3860.72
3863.69
3866.13
3868.31
3870.41
3872.46
3874.59
3876.78
3879.04
3881.37
3883.77
3886.23
3888.74
3891.29
3893.87
3896.43
3898.88
3900.94
3901.43
3903.02
3909.17
3913.01
3916.24
3919.28
3922.26
3925.22
3928.16
3931.08
3934
3936.9
3939.79
3942.66
3945.52
3948.35
3951.17
3953.95
3956.71
3959.44
3962.14
3964.81
3967.44
3970.03
3972.59
3975.11
3977.59
3980.03
3982.43
3984.79
3987.1
3989.38
3991.61
3993.8
3995.95
3998.05
4000.12
4002.14
4004.12
4006.06
4007.95
4009.78
4011.54
4013.2
4014.71
4015.98
4016.84
4016.95
4015.64
4011.48
4001.67
4018.79
4057.82
4255.13
4418.14
4894.01
3985.08
3908.19
3873.16
3860.37
3853.62
3856.72
3860.72
3863.69
3866.13
3868.31
3870.41
3872.46
3874.59
3876.78
3879.04
3881.37
3883.77
3886.23
3888.74
3891.29
3893.87
3896.43
3898.88
3900.94
3901.43
3903.02
3909.17
3913.01
3916.24
3919.28
3922.26
3925.22
3928.16
3931.08
3934
3936.9
3939.79
3942.66
3945.52
3948.35
3951.17
3953.95
3956.71
3959.44
3962.14
3964.81
3967.44
3970.03
3972.59
3975.11
3977.59
3980.03
3982.43
3984.79
3987.1
3989.38
3991.61
3993.8
3995.95
3998.05
4000.12
4002.14
4004.12
4006.06
4007.95
4009.78
4011.54
4013.2
4014.71
4015.98
4016.84
4016.95
4015.64
4011.48
4001.67
4020.16
4059.93
4251.4
4413.35
4900.49
3949.18
3891.16
3865.34
3856.53
3853.23
3858.03
3861.31
3863.76
3865.92
3867.93
3869.92
3871.94
3874.01
3876.14
3878.32
3880.54
3882.77
3884.98
3887.11
3889.04
3890.61
3891.69
3893.45
3898.1
3902.35
3906.12
3909.57
3912.83
3915.97
3919.04
3922.07
3925.08
3928.07
3931.04
3933.99
3936.93
3939.85
3942.76
3945.64
3948.5
3951.34
3954.15
3956.94
3959.69
3962.42
3965.11
3967.76
3970.38
3972.97
3975.51
3978.02
3980.49
3982.91
3985.3
3987.64
3989.95
3992.21
3994.43
3996.61
3998.75
4000.84
4002.89
4004.9
4006.86
4008.76
4010.59
4012.33
4013.92
4015.31
4016.35
4016.81
4016.26
4013.92
4008.37
3997.27
4036.63
4106.48
4235.75
4719.13
4916.33
3877.86
3858.07
3851.63
3853.48
3856.93
3859.56
3861.62
3863.43
3865.18
3866.94
3868.74
3870.58
3872.43
3874.22
3875.89
3877.37
3878.61
3880.52
3884.32
3887.95
3891.37
3894.62
3897.76
3900.83
3903.86
3906.87
3909.87
3912.87
3915.86
3918.86
3921.85
3924.84
3927.83
3930.81
3933.78
3936.74
3939.68
3942.61
3945.52
3948.41
3951.28
3954.12
3956.94
3959.73
3962.48
3965.2
3967.89
3970.55
3973.16
3975.74
3978.28
3980.78
3983.24
3985.66
3988.03
3990.37
3992.66
3994.91
3997.12
3999.29
4001.41
4003.49
4005.52
4007.5
4009.42
4011.26
4013.01
4014.61
4016.01
4017.08
4017.61
4017.21
4015.2
4010.25
3999.78
4037.95
4127.2
4327.95
4791.2
5016.55
3877.49
3856.36
3854.95
3857.42
3858.93
3860.04
3861.23
3862.52
3863.85
3865.07
3865.92
3866.68
3870.02
3872.99
3875.75
3878.42
3881.07
3883.74
3886.44
3889.17
3891.94
3894.74
3897.58
3900.44
3903.34
3906.26
3909.2
3912.16
3915.13
3918.12
3921.11
3924.11
3927.1
3930.1
3933.09
3936.07
3939.04
3941.99
3944.93
3947.85
3950.74
3953.62
3956.46
3959.28
3962.06
3964.82
3967.53
3970.21
3972.86
3975.46
3978.02
3980.54
3983.02
3985.45
3987.84
3990.18
3992.48
3994.72
3996.92
3999.07
4001.16
4003.2
4005.18
4007.09
4008.92
4010.66
4012.28
4013.73
4014.96
4015.85
4016.21
4015.74
4013.84
4009.42
4000.28
4034.34
4114.45
4293.52
4733.08
3869.43
)
;

boundaryField
{
    left
    {
        type            zeroGradient;
    }
    right
    {
        type            zeroGradient;
    }
    back
    {
        type            zeroGradient;
    }
    front
    {
        type            zeroGradient;
    }
    top
    {
        type            zeroGradient;
    }
    bottom
    {
        type            zeroGradient;
    }
}


// ************************************************************************* //
