/*--------------------------------*- C++ -*----------------------------------*\
| =========                 |                                                 |
| \\      /  F ield         | foam-extend: Open Source CFD                    |
|  \\    /   O peration     | Version:     4.1                                |
|   \\  /    A nd           | Web:         http://www.foam-extend.org         |
|    \\/     M anipulation  |                                                 |
\*---------------------------------------------------------------------------*/
FoamFile
{
    version     2.0;
    format      ascii;
    class       volScalarField;
    location    "0.194";
    object      p;
}
// * * * * * * * * * * * * * * * * * * * * * * * * * * * * * * * * * * * * * //

dimensions      [1 -1 -2 0 0 0 0];

internalField   nonuniform List<scalar> 
5120
(
-409.737
-320.212
-308.052
-302.13
-296.635
-291.001
-284.891
-278.297
-271.328
-264.103
-256.728
-249.287
-241.843
-234.439
-227.108
-219.87
-212.739
-205.724
-198.829
-192.059
-185.416
-178.899
-172.509
-166.246
-160.11
-154.1
-148.215
-142.455
-136.82
-131.307
-125.918
-120.65
-115.504
-110.478
-105.572
-100.786
-96.1168
-91.5657
-87.1315
-82.8133
-78.6106
-74.5227
-70.5488
-66.6883
-62.9405
-59.3048
-55.7806
-52.3672
-49.0641
-45.8706
-42.7863
-39.8104
-36.9425
-34.182
-31.5285
-28.9813
-26.54
-24.2042
-21.9733
-19.8469
-17.8245
-15.9057
-14.0901
-12.3772
-10.7667
-9.25812
-7.85107
-6.54515
-5.33991
-4.23491
-3.22967
-2.32367
-1.5164
-0.807473
-0.196849
0.314686
0.724912
1.02696
1.22871
1.30689
-426.89
-337.294
-321.753
-312.696
-303.503
-295.053
-287
-279.098
-271.278
-263.522
-255.829
-248.208
-240.672
-233.232
-225.897
-218.676
-211.573
-204.592
-197.735
-191.003
-184.397
-177.918
-171.565
-165.337
-159.235
-153.258
-147.404
-141.675
-136.068
-130.583
-125.22
-119.978
-114.857
-109.854
-104.971
-100.206
-95.5583
-91.0275
-86.6128
-82.3136
-78.1292
-74.0589
-70.102
-66.258
-62.5263
-58.906
-55.3968
-51.9979
-48.7088
-45.5289
-42.4576
-39.4944
-36.6387
-33.8901
-31.2479
-28.7118
-26.2811
-23.9555
-21.7345
-19.6175
-17.6042
-15.6942
-13.8869
-12.1821
-10.5792
-9.07798
-7.67791
-6.37865
-5.17983
-4.08107
-3.08207
-2.18258
-1.38256
-0.68231
-0.0828404
0.413792
0.803861
1.07905
1.25282
1.31946
-447.099
-347.069
-329.883
-319.739
-308.98
-299.001
-289.712
-280.888
-272.416
-264.215
-256.229
-248.42
-240.766
-233.254
-225.878
-218.633
-211.518
-204.532
-197.674
-190.944
-184.341
-177.865
-171.516
-165.292
-159.193
-153.218
-147.368
-141.641
-136.036
-130.554
-125.192
-119.952
-114.831
-109.83
-104.947
-100.182
-95.5348
-91.004
-86.5892
-82.2897
-78.1049
-74.034
-70.0765
-66.2317
-62.4991
-58.8779
-55.3676
-51.9676
-48.6774
-45.4963
-42.4237
-39.4592
-36.6022
-33.8523
-31.2088
-28.6712
-26.2392
-23.9122
-21.6898
-19.5715
-17.5569
-15.6455
-13.8369
-12.1308
-10.5267
-9.02417
-7.62294
-6.32261
-5.12286
-4.02342
-3.02412
-2.12493
-1.32613
-0.628453
-0.0333771
0.456579
0.8373
1.10072
1.26212
1.3224
-455.983
-350.114
-332.685
-322.534
-311.4
-300.894
-291.095
-281.846
-273.05
-264.617
-256.471
-248.555
-240.832
-233.277
-225.875
-218.615
-211.492
-204.502
-197.643
-190.913
-184.311
-177.836
-171.488
-165.266
-159.169
-153.196
-147.347
-141.621
-136.018
-130.536
-125.176
-119.936
-114.816
-109.815
-104.933
-100.168
-95.5209
-90.9903
-86.5755
-82.276
-78.091
-74.02
-70.0624
-66.2173
-62.4844
-58.8629
-55.3522
-51.9519
-48.6612
-45.4796
-42.4066
-39.4416
-36.5841
-33.8336
-31.1896
-28.6515
-26.219
-23.8914
-21.6684
-19.5496
-17.5344
-15.6225
-13.8134
-12.1067
-10.5021
-8.99907
-7.59738
-6.29665
-5.09659
-3.99699
-2.99776
-2.09898
-1.30108
-0.604945
-0.0121783
0.474656
0.851499
1.11064
1.26817
1.32705
-455.983
-350.114
-332.685
-322.534
-311.4
-300.894
-291.095
-281.846
-273.05
-264.617
-256.471
-248.555
-240.832
-233.277
-225.875
-218.615
-211.492
-204.502
-197.643
-190.913
-184.311
-177.836
-171.488
-165.266
-159.169
-153.196
-147.347
-141.621
-136.018
-130.536
-125.176
-119.936
-114.816
-109.815
-104.933
-100.168
-95.5209
-90.9903
-86.5755
-82.276
-78.091
-74.02
-70.0624
-66.2173
-62.4844
-58.8629
-55.3522
-51.9519
-48.6612
-45.4796
-42.4066
-39.4416
-36.5841
-33.8336
-31.1896
-28.6515
-26.219
-23.8914
-21.6684
-19.5496
-17.5344
-15.6225
-13.8134
-12.1067
-10.5021
-8.99907
-7.59738
-6.29665
-5.09659
-3.99699
-2.99776
-2.09898
-1.30108
-0.604945
-0.0121775
0.474657
0.851499
1.11064
1.26817
1.32705
-447.099
-347.069
-329.883
-319.739
-308.98
-299.001
-289.712
-280.888
-272.416
-264.215
-256.229
-248.42
-240.766
-233.254
-225.878
-218.633
-211.518
-204.532
-197.674
-190.944
-184.341
-177.865
-171.516
-165.292
-159.193
-153.218
-147.368
-141.641
-136.036
-130.554
-125.192
-119.952
-114.831
-109.83
-104.947
-100.182
-95.5348
-91.004
-86.5892
-82.2897
-78.1049
-74.034
-70.0765
-66.2317
-62.4991
-58.8779
-55.3676
-51.9676
-48.6774
-45.4963
-42.4237
-39.4592
-36.6023
-33.8523
-31.2088
-28.6712
-26.2392
-23.9122
-21.6898
-19.5715
-17.5569
-15.6455
-13.8369
-12.1308
-10.5267
-9.02417
-7.62294
-6.32261
-5.12286
-4.02342
-3.02412
-2.12493
-1.32613
-0.628453
-0.0333784
0.456577
0.837299
1.10072
1.26212
1.3224
-426.89
-337.294
-321.753
-312.696
-303.503
-295.053
-287
-279.098
-271.278
-263.522
-255.829
-248.208
-240.672
-233.232
-225.897
-218.676
-211.573
-204.592
-197.735
-191.003
-184.397
-177.918
-171.565
-165.337
-159.235
-153.258
-147.404
-141.675
-136.068
-130.583
-125.22
-119.978
-114.857
-109.854
-104.971
-100.206
-95.5583
-91.0275
-86.6128
-82.3136
-78.1292
-74.0589
-70.102
-66.258
-62.5263
-58.906
-55.3968
-51.9979
-48.7088
-45.5289
-42.4576
-39.4944
-36.6387
-33.8901
-31.2479
-28.7118
-26.2811
-23.9555
-21.7345
-19.6175
-17.6042
-15.6942
-13.8869
-12.1821
-10.5792
-9.07798
-7.67791
-6.37865
-5.17983
-4.08107
-3.08207
-2.18258
-1.38256
-0.68231
-0.0828415
0.413791
0.80386
1.07905
1.25282
1.31946
-409.737
-320.212
-308.052
-302.13
-296.635
-291.001
-284.891
-278.297
-271.328
-264.103
-256.728
-249.287
-241.843
-234.439
-227.108
-219.87
-212.739
-205.724
-198.829
-192.059
-185.416
-178.899
-172.509
-166.246
-160.11
-154.1
-148.215
-142.455
-136.82
-131.307
-125.918
-120.65
-115.504
-110.478
-105.572
-100.786
-96.1168
-91.5657
-87.1315
-82.8133
-78.6106
-74.5227
-70.5488
-66.6883
-62.9405
-59.3048
-55.7806
-52.3672
-49.0641
-45.8707
-42.7863
-39.8104
-36.9425
-34.182
-31.5285
-28.9813
-26.5401
-24.2042
-21.9733
-19.8469
-17.8245
-15.9057
-14.0901
-12.3772
-10.7667
-9.25812
-7.85107
-6.54515
-5.33991
-4.23491
-3.22967
-2.32367
-1.5164
-0.807472
-0.196849
0.314685
0.72491
1.02696
1.22871
1.30689
-283.251
-214.054
-205.621
-202.239
-198.036
-194.005
-189.93
-185.655
-181.182
-176.555
-171.825
-167.038
-162.233
-157.437
-152.672
-147.953
-143.29
-138.69
-134.157
-129.695
-125.305
-120.99
-116.75
-112.585
-108.497
-104.486
-100.551
-96.6937
-92.9133
-89.2101
-85.584
-82.0351
-78.5633
-75.1686
-71.8507
-68.6097
-65.4454
-62.3576
-59.3461
-56.4109
-53.5517
-50.7684
-48.0606
-45.4283
-42.8713
-40.3892
-37.9819
-35.6492
-33.3908
-31.2065
-29.0962
-27.0594
-25.0961
-23.206
-21.3888
-19.6444
-17.9725
-16.3729
-14.8453
-13.3895
-12.0054
-10.6926
-9.45101
-8.28039
-7.1805
-6.15114
-5.19208
-4.30307
-3.48385
-2.73408
-2.05337
-1.44117
-0.896773
-0.419157
-0.00691705
0.342
0.630025
0.857738
1.0366
1.22177
-332.028
-233.215
-213.668
-207.478
-200.261
-194.056
-188.627
-183.493
-178.5
-173.585
-168.72
-163.898
-159.121
-154.391
-149.716
-145.098
-140.542
-136.051
-131.627
-127.272
-122.986
-118.772
-114.629
-110.558
-106.56
-102.634
-98.7821
-95.0036
-91.2987
-87.6677
-84.1108
-80.628
-77.2194
-73.8851
-70.6251
-67.4393
-64.3278
-61.2906
-58.3275
-55.4386
-52.6236
-49.8826
-47.2155
-44.622
-42.1021
-39.6556
-37.2824
-34.9823
-32.7552
-30.6009
-28.5192
-26.5099
-24.573
-22.7081
-20.9151
-19.1939
-17.5442
-15.9658
-14.4586
-13.0224
-11.657
-10.3621
-9.13768
-7.98346
-6.89927
-5.88491
-4.94019
-4.0649
-3.25882
-2.52173
-1.85337
-1.25346
-0.721655
-0.2576
0.139205
0.469721
0.734677
0.932438
1.08701
1.27927
-361.286
-249.601
-221.858
-212.618
-203.462
-195.822
-189.404
-183.601
-178.166
-172.972
-167.943
-163.032
-158.216
-153.48
-148.817
-144.225
-139.701
-135.246
-130.859
-126.541
-122.293
-118.114
-114.006
-109.969
-106.002
-102.107
-98.2834
-94.532
-90.8529
-87.2462
-83.7122
-80.251
-76.8628
-73.5476
-70.3056
-67.1367
-64.0411
-61.0187
-58.0696
-55.1937
-52.391
-49.6615
-47.005
-44.4215
-41.9109
-39.4732
-37.1081
-34.8156
-32.5956
-30.4479
-28.3723
-26.3688
-24.4372
-22.5773
-20.789
-19.0721
-17.4265
-15.8519
-14.3482
-12.9153
-11.553
-10.2611
-9.0394
-7.88777
-6.80602
-5.79397
-4.85145
-3.97828
-3.17431
-2.43936
-1.7733
-1.17601
-0.647422
-0.187551
0.203604
0.526383
0.780744
0.965413
1.10819
1.28919
-371.421
-254.319
-224.58
-214.708
-204.924
-196.706
-189.845
-183.719
-178.058
-172.716
-167.593
-162.63
-157.787
-153.043
-148.384
-143.802
-139.293
-134.855
-130.487
-126.188
-121.958
-117.797
-113.706
-109.685
-105.735
-101.855
-98.0459
-94.3082
-90.642
-87.0475
-83.525
-80.0747
-76.6967
-73.3911
-70.158
-66.9976
-63.9099
-60.8949
-57.9527
-55.0833
-52.2866
-49.5626
-46.9114
-44.3328
-41.8267
-39.3932
-37.032
-34.7431
-32.5264
-30.3818
-28.3092
-26.3083
-24.3792
-22.5215
-20.7353
-19.0204
-17.3765
-15.8036
-14.3015
-12.87
-11.509
-10.2183
-8.99778
-7.8472
-6.76644
-5.75532
-4.81369
-3.9414
-3.13831
-2.40429
-1.73928
-1.14324
-0.616228
-0.158379
0.230164
0.54962
0.799815
0.979782
1.11848
1.29555
-371.421
-254.319
-224.58
-214.708
-204.924
-196.706
-189.845
-183.719
-178.058
-172.716
-167.593
-162.63
-157.787
-153.043
-148.384
-143.802
-139.293
-134.855
-130.487
-126.188
-121.958
-117.797
-113.706
-109.685
-105.735
-101.855
-98.0459
-94.3082
-90.642
-87.0475
-83.525
-80.0747
-76.6967
-73.3911
-70.158
-66.9976
-63.9099
-60.8949
-57.9527
-55.0833
-52.2866
-49.5626
-46.9114
-44.3328
-41.8267
-39.3932
-37.032
-34.7431
-32.5264
-30.3818
-28.3092
-26.3083
-24.3792
-22.5215
-20.7353
-19.0204
-17.3765
-15.8036
-14.3015
-12.87
-11.509
-10.2183
-8.99778
-7.8472
-6.76644
-5.75532
-4.81369
-3.9414
-3.13831
-2.40429
-1.73928
-1.14324
-0.616228
-0.158379
0.230164
0.54962
0.799815
0.979782
1.11848
1.29555
-361.286
-249.601
-221.858
-212.618
-203.462
-195.822
-189.404
-183.601
-178.166
-172.972
-167.943
-163.032
-158.216
-153.48
-148.817
-144.225
-139.701
-135.246
-130.859
-126.541
-122.293
-118.114
-114.006
-109.969
-106.002
-102.107
-98.2834
-94.532
-90.8529
-87.2462
-83.7122
-80.251
-76.8628
-73.5476
-70.3056
-67.1367
-64.0411
-61.0187
-58.0696
-55.1937
-52.391
-49.6615
-47.005
-44.4215
-41.9109
-39.4732
-37.1081
-34.8156
-32.5956
-30.4479
-28.3723
-26.3688
-24.4372
-22.5773
-20.789
-19.0721
-17.4265
-15.8519
-14.3482
-12.9153
-11.553
-10.2611
-9.0394
-7.88777
-6.80602
-5.79397
-4.85145
-3.97828
-3.17431
-2.43936
-1.7733
-1.17601
-0.647422
-0.187551
0.203604
0.526384
0.780744
0.965413
1.10819
1.28919
-332.028
-233.215
-213.668
-207.478
-200.261
-194.056
-188.627
-183.493
-178.5
-173.585
-168.72
-163.898
-159.121
-154.391
-149.716
-145.098
-140.542
-136.051
-131.627
-127.272
-122.986
-118.772
-114.629
-110.558
-106.56
-102.634
-98.7821
-95.0036
-91.2987
-87.6677
-84.1108
-80.628
-77.2194
-73.8851
-70.6251
-67.4393
-64.3278
-61.2906
-58.3275
-55.4386
-52.6236
-49.8826
-47.2155
-44.622
-42.1021
-39.6556
-37.2824
-34.9823
-32.7552
-30.6009
-28.5192
-26.5099
-24.573
-22.7081
-20.9151
-19.1939
-17.5442
-15.9658
-14.4586
-13.0224
-11.657
-10.3621
-9.13768
-7.98346
-6.89927
-5.88491
-4.94018
-4.0649
-3.25882
-2.52173
-1.85337
-1.25346
-0.721655
-0.2576
0.139205
0.469721
0.734678
0.932439
1.08701
1.27926
-283.251
-214.054
-205.621
-202.239
-198.036
-194.005
-189.93
-185.655
-181.182
-176.555
-171.825
-167.038
-162.233
-157.437
-152.672
-147.953
-143.29
-138.69
-134.157
-129.695
-125.305
-120.99
-116.75
-112.585
-108.497
-104.486
-100.551
-96.6937
-92.9133
-89.2101
-85.584
-82.0351
-78.5633
-75.1686
-71.8507
-68.6097
-65.4454
-62.3576
-59.3461
-56.4109
-53.5517
-50.7684
-48.0606
-45.4283
-42.8713
-40.3892
-37.9819
-35.6492
-33.3908
-31.2065
-29.0962
-27.0594
-25.0961
-23.206
-21.3888
-19.6444
-17.9725
-16.3729
-14.8453
-13.3895
-12.0054
-10.6926
-9.45101
-8.28039
-7.18051
-6.15114
-5.19208
-4.30307
-3.48385
-2.73408
-2.05337
-1.44117
-0.896772
-0.419157
-0.00691733
0.341999
0.630025
0.857738
1.0366
1.22177
-157.277
-116.804
-113.291
-112.492
-110.446
-108.274
-106.071
-103.789
-101.432
-99.0162
-96.5557
-94.0676
-91.5662
-89.0628
-86.5661
-84.0823
-81.6161
-79.1712
-76.7502
-74.3553
-71.9881
-69.65
-67.3423
-65.0659
-62.8218
-60.6107
-58.4333
-56.2902
-54.1821
-52.1093
-50.0725
-48.0721
-46.1085
-44.182
-42.2931
-40.4422
-38.6294
-36.8552
-35.1198
-33.4235
-31.7666
-30.1493
-28.5718
-27.0344
-25.5372
-24.0804
-22.6642
-21.2888
-19.9543
-18.6608
-17.4085
-16.1974
-15.0277
-13.8996
-12.8129
-11.768
-10.7647
-9.8032
-8.88351
-8.00568
-7.16975
-6.37573
-5.62365
-4.91352
-4.24534
-3.6191
-3.03477
-2.49229
-1.99157
-1.53246
-1.11471
-0.737928
-0.40144
-0.104214
0.155351
0.37971
0.571652
0.731759
0.8744
1.07159
-196.294
-132.94
-118.396
-114.233
-109.852
-106.303
-103.383
-100.722
-98.1882
-95.7236
-93.2955
-90.8888
-88.4972
-86.1193
-83.7554
-81.4067
-79.075
-76.7619
-74.4689
-72.1975
-69.949
-67.7247
-65.5257
-63.353
-61.2075
-59.0902
-57.0018
-54.9431
-52.9149
-50.9179
-48.9526
-47.0198
-45.12
-43.2538
-41.4217
-39.6242
-37.8618
-36.135
-34.4441
-32.7897
-31.1721
-29.5917
-28.0487
-26.5437
-25.0768
-23.6484
-22.2587
-20.9081
-19.5967
-18.3248
-17.0927
-15.9004
-14.7482
-13.6364
-12.5649
-11.5341
-10.5439
-9.59464
-8.68632
-7.81906
-6.99295
-6.20808
-5.4645
-4.76228
-4.10146
-3.48208
-2.90414
-2.36765
-1.87257
-1.41885
-1.00636
-0.634898
-0.304136
-0.0135517
0.237779
0.451628
0.629737
0.773272
0.915144
1.1278
-221.299
-147.457
-124.438
-116.937
-110.909
-106.358
-102.825
-99.7877
-97.0293
-94.4425
-91.9609
-89.5452
-87.1732
-84.8323
-82.5158
-80.2203
-77.9444
-75.6878
-73.451
-71.2345
-69.0394
-66.8665
-64.7167
-62.5911
-60.4905
-58.4159
-56.3681
-54.3479
-52.356
-50.3934
-48.4606
-46.5585
-44.6876
-42.8486
-41.042
-39.2686
-37.5288
-35.8231
-34.1521
-32.5162
-30.916
-29.3518
-27.824
-26.3331
-24.8793
-23.4631
-22.0848
-20.7448
-19.4432
-18.1804
-16.9566
-15.7721
-14.6271
-13.5218
-12.4565
-11.4313
-10.4463
-9.50181
-8.59788
-7.73465
-6.91226
-6.1308
-5.39036
-4.69103
-4.03287
-3.41594
-2.84028
-2.30591
-1.81286
-1.3611
-0.95061
-0.581311
-0.253071
0.034339
0.281443
0.48948
0.659695
0.795104
0.933314
1.13536
-229.925
-151.932
-126.568
-118.145
-111.491
-106.475
-102.63
-99.3883
-96.5003
-93.8377
-91.3176
-88.8888
-86.5203
-84.1937
-81.8979
-79.627
-77.3777
-75.1486
-72.9393
-70.75
-68.5812
-66.4339
-64.3087
-62.2066
-60.1285
-58.0753
-56.0478
-54.0469
-52.0734
-50.1281
-48.2117
-46.325
-44.4687
-42.6434
-40.8498
-39.0886
-37.3602
-35.6653
-34.0044
-32.378
-30.7866
-29.2306
-27.7106
-26.2269
-24.7799
-23.37
-21.9975
-20.6629
-19.3663
-18.1082
-16.8888
-15.7083
-14.5671
-13.4652
-12.4031
-11.3808
-10.3986
-9.45656
-8.55494
-7.69384
-6.8734
-6.09374
-5.35496
-4.65716
-4.00042
-3.3848
-2.81036
-2.27715
-1.7852
-1.33453
-0.925161
-0.55707
-0.230213
0.0555402
0.300604
0.506099
0.673154
0.80545
0.94181
1.13996
-229.925
-151.932
-126.568
-118.145
-111.491
-106.475
-102.63
-99.3883
-96.5003
-93.8377
-91.3176
-88.8888
-86.5203
-84.1937
-81.8979
-79.627
-77.3777
-75.1486
-72.9393
-70.75
-68.5812
-66.4339
-64.3087
-62.2066
-60.1285
-58.0753
-56.0478
-54.0469
-52.0734
-50.1281
-48.2117
-46.325
-44.4687
-42.6434
-40.8498
-39.0886
-37.3602
-35.6653
-34.0044
-32.378
-30.7866
-29.2306
-27.7106
-26.2269
-24.7799
-23.37
-21.9975
-20.6629
-19.3663
-18.1082
-16.8888
-15.7083
-14.5671
-13.4652
-12.4031
-11.3808
-10.3986
-9.45656
-8.55494
-7.69384
-6.8734
-6.09374
-5.35496
-4.65716
-4.00042
-3.3848
-2.81036
-2.27715
-1.7852
-1.33453
-0.925161
-0.55707
-0.230213
0.0555402
0.300604
0.506099
0.673154
0.80545
0.94181
1.13996
-221.299
-147.457
-124.438
-116.937
-110.909
-106.358
-102.825
-99.7877
-97.0293
-94.4425
-91.9609
-89.5452
-87.1732
-84.8323
-82.5158
-80.2203
-77.9444
-75.6878
-73.451
-71.2345
-69.0394
-66.8665
-64.7167
-62.5911
-60.4905
-58.4159
-56.3681
-54.3479
-52.356
-50.3934
-48.4606
-46.5585
-44.6876
-42.8486
-41.042
-39.2686
-37.5288
-35.8231
-34.1521
-32.5162
-30.916
-29.3518
-27.824
-26.3331
-24.8793
-23.4631
-22.0848
-20.7448
-19.4432
-18.1804
-16.9566
-15.7721
-14.6271
-13.5218
-12.4565
-11.4313
-10.4463
-9.50181
-8.59788
-7.73465
-6.91226
-6.1308
-5.39036
-4.69103
-4.03287
-3.41594
-2.84028
-2.30591
-1.81286
-1.3611
-0.95061
-0.581311
-0.253071
0.0343391
0.281443
0.48948
0.659695
0.795104
0.933314
1.13536
-196.294
-132.94
-118.396
-114.233
-109.852
-106.303
-103.383
-100.722
-98.1882
-95.7236
-93.2955
-90.8888
-88.4972
-86.1193
-83.7554
-81.4067
-79.075
-76.7619
-74.4689
-72.1975
-69.949
-67.7247
-65.5257
-63.353
-61.2075
-59.0902
-57.0018
-54.9431
-52.9149
-50.9179
-48.9526
-47.0198
-45.12
-43.2538
-41.4217
-39.6242
-37.8618
-36.135
-34.4441
-32.7897
-31.1721
-29.5917
-28.0487
-26.5437
-25.0768
-23.6484
-22.2587
-20.9081
-19.5967
-18.3248
-17.0927
-15.9004
-14.7482
-13.6364
-12.5649
-11.5341
-10.5439
-9.59464
-8.68632
-7.81906
-6.99295
-6.20808
-5.4645
-4.76228
-4.10146
-3.48208
-2.90414
-2.36765
-1.87257
-1.41885
-1.00636
-0.634898
-0.304137
-0.0135518
0.237779
0.451628
0.629737
0.773272
0.915144
1.1278
-157.277
-116.804
-113.291
-112.492
-110.446
-108.274
-106.071
-103.789
-101.432
-99.0162
-96.5557
-94.0676
-91.5662
-89.0628
-86.5661
-84.0823
-81.6161
-79.1712
-76.7502
-74.3553
-71.9881
-69.65
-67.3423
-65.0659
-62.8218
-60.6107
-58.4333
-56.2902
-54.1821
-52.1093
-50.0725
-48.0721
-46.1085
-44.182
-42.2931
-40.4421
-38.6294
-36.8552
-35.1198
-33.4235
-31.7666
-30.1493
-28.5718
-27.0344
-25.5372
-24.0804
-22.6642
-21.2888
-19.9543
-18.6608
-17.4085
-16.1974
-15.0277
-13.8996
-12.8129
-11.768
-10.7647
-9.8032
-8.88351
-8.00568
-7.16975
-6.37573
-5.62365
-4.91352
-4.24534
-3.6191
-3.03477
-2.49229
-1.99157
-1.53246
-1.11471
-0.737927
-0.401439
-0.104214
0.155351
0.37971
0.571652
0.731759
0.874399
1.07159
-35.1382
-26.5654
-26.8992
-27.5996
-27.4798
-27.0724
-26.5738
-26.048
-25.5274
-25.0224
-24.5327
-24.054
-23.5809
-23.109
-22.6346
-22.1554
-21.67
-21.1781
-20.6796
-20.175
-19.665
-19.1503
-18.632
-18.1107
-17.5872
-17.0625
-16.5371
-16.0118
-15.4872
-14.9639
-14.4425
-13.9237
-13.4078
-12.8955
-12.3873
-11.8836
-11.385
-10.8918
-10.4045
-9.92367
-9.44958
-8.98269
-8.52338
-8.07203
-7.62902
-7.19469
-6.76938
-6.35342
-5.94712
-5.5508
-5.16473
-4.7892
-4.42446
-4.07077
-3.72838
-3.39751
-3.07837
-2.77118
-2.47613
-2.1934
-1.92317
-1.66559
-1.42081
-1.18898
-0.970226
-0.764659
-0.572382
-0.393473
-0.22799
-0.0759731
0.0625896
0.187787
0.299818
0.399027
0.485979
0.561576
0.626371
0.678102
0.728875
0.849547
-49.7928
-30.4151
-25.6726
-24.6691
-23.6596
-22.8877
-22.3312
-21.8868
-21.5112
-21.1789
-20.87
-20.571
-20.2724
-19.9684
-19.655
-19.3303
-18.9933
-18.6437
-18.282
-17.9086
-17.5244
-17.1302
-16.727
-16.3156
-15.8971
-15.4721
-15.0417
-14.6067
-14.1678
-13.7257
-13.2814
-12.8354
-12.3885
-11.9414
-11.4947
-11.0491
-10.6052
-10.1637
-9.72504
-9.28988
-8.85877
-8.43224
-8.01082
-7.595
-7.18527
-6.7821
-6.38594
-5.99722
-5.61638
-5.2438
-4.87987
-4.52496
-4.17944
-3.84363
-3.51785
-3.20242
-2.89763
-2.60376
-2.32106
-2.0498
-1.79019
-1.54247
-1.30683
-1.08347
-0.872564
-0.674276
-0.488754
-0.31613
-0.156513
-0.00998536
0.123402
0.243645
0.350804
0.445026
0.526673
0.596538
0.654534
0.699327
0.758752
0.873502
-59.0168
-34.9604
-26.6473
-24.1733
-22.4531
-21.3075
-20.5775
-20.0712
-19.6966
-19.4011
-19.149
-18.9167
-18.6896
-18.4586
-18.2182
-17.9652
-17.6984
-17.4171
-17.1213
-16.8117
-16.4889
-16.1537
-15.8069
-15.4496
-15.0825
-14.7066
-14.3229
-13.9322
-13.5353
-13.1331
-12.7265
-12.3162
-11.9031
-11.4878
-11.0711
-10.6538
-10.2366
-9.82009
-9.40499
-8.99194
-8.58157
-8.17447
-7.77124
-7.37244
-6.97861
-6.59028
-6.20796
-5.83215
-5.4633
-5.10189
-4.74833
-4.40305
-4.06644
-3.7389
-3.42077
-3.11242
-2.81417
-2.52634
-2.24923
-1.98311
-1.72825
-1.48491
-1.25331
-1.03367
-0.826205
-0.631093
-0.44851
-0.278609
-0.121524
0.0226269
0.153752
0.271791
0.37672
0.46857
0.547549
0.614205
0.668209
0.710086
0.769359
0.86546
-62.3119
-36.5698
-27.0903
-24.0734
-22.0051
-20.6356
-19.781
-19.2142
-18.8192
-18.5282
-18.2953
-18.0909
-17.8961
-17.6996
-17.4944
-17.2767
-17.0446
-16.7971
-16.5343
-16.2565
-15.9643
-15.6586
-15.3401
-15.0098
-14.6685
-14.3173
-13.957
-13.5886
-13.2128
-12.8308
-12.4432
-12.0509
-11.6547
-11.2555
-10.8541
-10.4511
-10.0474
-9.64359
-9.24046
-8.83865
-8.43884
-8.04165
-7.6477
-7.2576
-6.8719
-6.49118
-6.11597
-5.74679
-5.38413
-5.02847
-4.68027
-4.33997
-4.008
-3.68475
-3.37061
-3.06596
-2.77113
-2.48647
-2.21229
-1.94888
-1.69653
-1.4555
-1.22604
-1.00839
-0.80275
-0.609336
-0.428325
-0.259887
-0.104171
0.0386896
0.168581
0.285416
0.389139
0.479737
0.557379
0.622539
0.674777
0.715267
0.773847
0.864162
-62.3119
-36.5698
-27.0903
-24.0734
-22.0051
-20.6356
-19.781
-19.2142
-18.8192
-18.5282
-18.2953
-18.0909
-17.8961
-17.6996
-17.4944
-17.2767
-17.0446
-16.7971
-16.5343
-16.2565
-15.9643
-15.6586
-15.3401
-15.0098
-14.6685
-14.3173
-13.957
-13.5886
-13.2128
-12.8308
-12.4432
-12.0509
-11.6547
-11.2555
-10.8541
-10.4511
-10.0474
-9.64359
-9.24046
-8.83865
-8.43884
-8.04165
-7.6477
-7.2576
-6.8719
-6.49118
-6.11597
-5.74679
-5.38413
-5.02847
-4.68027
-4.33997
-4.008
-3.68475
-3.37061
-3.06596
-2.77113
-2.48647
-2.21229
-1.94888
-1.69653
-1.4555
-1.22604
-1.00839
-0.80275
-0.609336
-0.428325
-0.259887
-0.104171
0.0386895
0.168581
0.285416
0.389139
0.479737
0.557379
0.622539
0.674777
0.715266
0.773847
0.864162
-59.0168
-34.9604
-26.6473
-24.1733
-22.4531
-21.3075
-20.5775
-20.0712
-19.6966
-19.4011
-19.149
-18.9167
-18.6896
-18.4586
-18.2182
-17.9652
-17.6984
-17.4171
-17.1213
-16.8117
-16.4889
-16.1537
-15.8069
-15.4496
-15.0825
-14.7066
-14.3229
-13.9322
-13.5353
-13.1331
-12.7265
-12.3162
-11.9031
-11.4878
-11.0711
-10.6538
-10.2366
-9.82009
-9.40499
-8.99194
-8.58157
-8.17447
-7.77124
-7.37244
-6.97861
-6.59028
-6.20796
-5.83215
-5.4633
-5.10189
-4.74833
-4.40305
-4.06644
-3.7389
-3.42077
-3.11242
-2.81417
-2.52634
-2.24923
-1.98311
-1.72825
-1.48491
-1.25331
-1.03367
-0.826205
-0.631093
-0.44851
-0.278609
-0.121524
0.022627
0.153752
0.271791
0.37672
0.46857
0.547549
0.614205
0.668209
0.710086
0.769359
0.86546
-49.7928
-30.4151
-25.6726
-24.6691
-23.6596
-22.8877
-22.3312
-21.8868
-21.5112
-21.1789
-20.87
-20.571
-20.2724
-19.9684
-19.655
-19.3303
-18.9933
-18.6437
-18.282
-17.9086
-17.5244
-17.1302
-16.727
-16.3156
-15.8971
-15.4721
-15.0417
-14.6067
-14.1678
-13.7257
-13.2814
-12.8354
-12.3885
-11.9414
-11.4947
-11.0491
-10.6052
-10.1637
-9.72504
-9.28988
-8.85877
-8.43224
-8.01082
-7.595
-7.18527
-6.7821
-6.38594
-5.99722
-5.61638
-5.2438
-4.87987
-4.52496
-4.17944
-3.84362
-3.51785
-3.20242
-2.89763
-2.60376
-2.32106
-2.0498
-1.79019
-1.54247
-1.30683
-1.08347
-0.872565
-0.674276
-0.488754
-0.31613
-0.156513
-0.0099855
0.123402
0.243645
0.350804
0.445026
0.526673
0.596538
0.654534
0.699327
0.758752
0.873502
-35.1382
-26.5654
-26.8992
-27.5996
-27.4798
-27.0724
-26.5738
-26.048
-25.5274
-25.0224
-24.5327
-24.054
-23.5809
-23.109
-22.6346
-22.1554
-21.67
-21.1781
-20.6796
-20.175
-19.665
-19.1503
-18.632
-18.1107
-17.5872
-17.0625
-16.5371
-16.0118
-15.4872
-14.9639
-14.4425
-13.9237
-13.4078
-12.8955
-12.3873
-11.8836
-11.385
-10.8918
-10.4045
-9.92367
-9.44958
-8.98269
-8.52338
-8.07203
-7.62902
-7.19469
-6.76938
-6.35342
-5.94712
-5.5508
-5.16473
-4.7892
-4.42446
-4.07077
-3.72838
-3.39751
-3.07837
-2.77118
-2.47613
-2.1934
-1.92317
-1.66559
-1.42081
-1.18898
-0.970225
-0.764658
-0.572382
-0.393472
-0.22799
-0.0759733
0.0625891
0.187787
0.299817
0.399026
0.485978
0.561575
0.62637
0.678101
0.728873
0.849546
78.8803
55.2413
52.3779
51.4399
50.2396
49.2111
48.2309
47.1886
46.0524
44.8256
43.5279
42.1841
40.8169
39.4449
38.0816
36.7367
35.4162
34.1239
32.8619
31.6311
30.4318
29.2638
28.1267
27.0201
25.9435
24.8962
23.8778
22.8878
21.9256
20.9908
20.0829
19.2015
18.346
17.516
16.7112
15.931
15.175
14.4428
13.734
13.0481
12.3848
11.7436
11.1241
10.526
9.94883
9.39225
8.85588
8.33937
7.84236
7.36451
6.9055
6.46499
6.04268
5.63826
5.25144
4.88194
4.52947
4.19378
3.87462
3.57173
3.28488
3.01386
2.75844
2.51843
2.29363
2.08385
1.8889
1.70861
1.54277
1.3912
1.25365
1.12982
1.01929
0.921455
0.83546
0.76012
0.693379
0.630852
0.578975
0.584464
90.9703
64.3095
59.7513
58.5217
56.6388
54.9292
53.3619
51.81
50.2442
48.6628
47.073
45.4856
43.9109
42.3574
40.8313
39.337
37.877
36.453
35.0655
33.7148
32.4006
31.1225
29.8801
28.6726
27.4995
26.3602
25.254
24.1804
23.1386
22.1281
21.1482
20.1985
19.2782
18.3869
17.5238
16.6886
15.8806
15.0992
14.3439
13.6143
12.9096
12.2295
11.5734
10.9409
10.3314
9.74444
9.17959
8.63639
8.1144
7.61318
7.13232
6.67142
6.23008
5.80792
5.40457
5.01968
4.65291
4.30393
3.97242
3.65808
3.36061
3.07973
2.8152
2.56674
2.33411
2.1171
1.91546
1.72899
1.55748
1.40071
1.25845
1.13046
1.01641
0.915903
0.828406
0.753229
0.688172
0.62919
0.589751
0.565988
101.581
71.8634
64.2831
62.082
59.7955
57.7589
55.9046
54.1033
52.3261
50.569
48.8335
47.1242
45.4454
43.8007
42.1927
40.6231
39.0929
37.6023
36.1514
34.74
33.3677
32.0339
30.7381
29.4796
28.2577
27.0719
25.9214
24.8055
23.7236
22.675
21.659
20.675
19.7223
18.8003
17.9083
17.0457
16.2119
15.4062
14.628
13.8768
13.1519
12.4528
11.7788
11.1295
10.5044
9.90275
9.32421
8.76822
8.2343
7.72198
7.23078
6.76027
6.31
5.87956
5.46855
5.07656
4.70322
4.34816
4.01104
3.69152
3.38928
3.10401
2.83542
2.58323
2.34717
2.12698
1.92243
1.73329
1.55934
1.40035
1.25613
1.12643
1.01101
0.909549
0.821664
0.746776
0.682701
0.626402
0.588475
0.539322
104.93
73.7892
65.6595
63.455
61.1641
59.0638
57.1243
55.2326
53.3686
51.5331
49.7288
47.9594
46.228
44.5368
42.8868
41.2786
39.7123
38.1879
36.7049
35.2628
33.8611
32.4993
31.1765
29.8923
28.6458
27.4365
26.2636
25.1264
24.0242
22.9564
21.9221
20.9208
19.9517
19.0142
18.1075
17.231
16.384
15.566
14.7761
14.0139
13.2787
12.5698
11.8868
11.229
10.5958
9.98664
9.40107
8.83851
8.29846
7.78041
7.28388
6.8084
6.35352
5.91879
5.50378
5.10809
4.73133
4.3731
4.03304
3.7108
3.40605
3.11846
2.84773
2.59356
2.35568
2.13381
1.92772
1.73717
1.56192
1.40177
1.2565
1.12591
1.00976
0.907765
0.819578
0.744611
0.680601
0.624905
0.587133
0.530739
104.93
73.7892
65.6595
63.455
61.1641
59.0638
57.1243
55.2326
53.3686
51.5331
49.7288
47.9594
46.228
44.5368
42.8868
41.2786
39.7123
38.1879
36.7049
35.2628
33.8611
32.4993
31.1765
29.8923
28.6458
27.4365
26.2636
25.1264
24.0242
22.9564
21.9221
20.9208
19.9517
19.0142
18.1075
17.231
16.384
15.566
14.7761
14.0139
13.2787
12.5698
11.8868
11.229
10.5958
9.98664
9.40107
8.83851
8.29846
7.78041
7.28388
6.8084
6.35352
5.91879
5.50378
5.10809
4.73133
4.3731
4.03304
3.7108
3.40605
3.11846
2.84773
2.59356
2.35568
2.13381
1.92772
1.73717
1.56192
1.40177
1.2565
1.12591
1.00976
0.907765
0.819578
0.744611
0.680601
0.624905
0.587133
0.530739
101.581
71.8634
64.2831
62.082
59.7955
57.7589
55.9046
54.1033
52.3261
50.569
48.8335
47.1242
45.4454
43.8007
42.1927
40.6231
39.0929
37.6023
36.1514
34.74
33.3677
32.0339
30.7381
29.4796
28.2577
27.0719
25.9214
24.8055
23.7236
22.675
21.659
20.675
19.7223
18.8003
17.9083
17.0457
16.2119
15.4062
14.628
13.8768
13.1519
12.4528
11.7788
11.1295
10.5044
9.90275
9.32421
8.76822
8.2343
7.72198
7.23078
6.76027
6.31
5.87957
5.46855
5.07656
4.70322
4.34816
4.01104
3.69152
3.38928
3.10402
2.83542
2.58323
2.34717
2.12698
1.92243
1.73329
1.55934
1.40035
1.25613
1.12643
1.01101
0.909549
0.821664
0.746776
0.682701
0.626402
0.588475
0.539322
90.9703
64.3095
59.7513
58.5217
56.6388
54.9292
53.3619
51.81
50.2442
48.6628
47.073
45.4856
43.9109
42.3574
40.8313
39.337
37.877
36.453
35.0655
33.7148
32.4006
31.1225
29.8801
28.6726
27.4995
26.3602
25.254
24.1804
23.1386
22.1281
21.1482
20.1985
19.2782
18.3869
17.5238
16.6886
15.8806
15.0992
14.3439
13.6143
12.9096
12.2295
11.5734
10.9409
10.3314
9.74444
9.17959
8.63639
8.1144
7.61318
7.13232
6.67142
6.23008
5.80792
5.40457
5.01968
4.65291
4.30393
3.97242
3.65808
3.36061
3.07974
2.8152
2.56674
2.33411
2.1171
1.91546
1.72899
1.55748
1.40071
1.25845
1.13046
1.01641
0.915903
0.828406
0.753229
0.688172
0.62919
0.589751
0.565989
78.8803
55.2413
52.3779
51.4399
50.2396
49.2111
48.2309
47.1886
46.0524
44.8256
43.5279
42.1841
40.8169
39.4449
38.0816
36.7367
35.4162
34.1239
32.8619
31.6311
30.4318
29.2638
28.1267
27.0201
25.9435
24.8962
23.8778
22.8878
21.9256
20.9908
20.0829
19.2015
18.346
17.516
16.7112
15.931
15.175
14.4428
13.734
13.0481
12.3848
11.7436
11.1241
10.526
9.94883
9.39225
8.85588
8.33937
7.84236
7.36451
6.90549
6.46499
6.04268
5.63826
5.25144
4.88193
4.52947
4.19378
3.87462
3.57172
3.28488
3.01386
2.75844
2.51843
2.29363
2.08385
1.8889
1.70861
1.54277
1.3912
1.25365
1.12982
1.01929
0.921455
0.83546
0.76012
0.693379
0.630852
0.578975
0.584463
182.481
132.34
127.267
126
123.662
121.463
119.22
116.77
114.104
111.261
108.293
105.25
102.172
99.0904
96.0257
92.9928
90.0008
87.0555
84.1603
81.3169
78.5264
75.789
73.1049
70.4739
67.8961
65.371
62.8987
60.4788
58.1111
55.7954
53.5316
51.3193
49.1584
47.0485
44.9895
42.9811
41.023
39.1149
37.2567
35.4478
33.6882
31.9775
30.3154
28.7017
27.1359
25.6179
24.1474
22.7239
21.3474
20.0174
18.7337
17.4961
16.3042
15.1577
14.0565
13.0002
11.9886
11.0215
10.0985
9.21957
8.38435
7.59265
6.84425
6.13894
5.47651
4.85675
4.27946
3.74439
3.25131
2.79992
2.38983
2.0205
1.69113
1.40051
1.14684
0.927515
0.738704
0.574955
0.435526
0.329816
214.953
151.055
139.9
136.714
132.175
128.267
124.8
121.433
118.085
114.742
111.405
108.084
104.791
101.536
98.3245
95.1628
92.0539
88.9997
86.0015
83.0598
80.175
77.347
74.5758
71.8613
69.2032
66.6013
64.0553
61.565
59.1301
56.7503
54.4253
52.1548
49.9384
47.7758
45.6666
43.6106
41.6073
39.6565
37.7576
35.9104
34.1145
32.3695
30.675
29.0306
27.4361
25.891
24.3949
22.9475
21.5484
20.1973
18.8938
17.6376
16.4283
15.2656
14.1492
13.0788
12.054
11.0746
10.1403
9.25068
8.40558
7.60471
6.84779
6.13458
5.46483
4.8383
4.25474
3.71391
3.21557
2.75944
2.34521
1.97251
1.64083
1.34947
1.0974
0.882953
0.702748
0.551326
0.425874
0.28251
242.335
168.914
149.291
143.032
137
132.046
127.823
123.9
120.145
116.505
112.952
109.471
106.057
102.705
99.4154
96.1859
93.0164
89.9064
86.8559
83.8646
80.9324
78.0591
75.2445
72.4883
69.7904
67.1505
64.5682
62.0434
59.5756
57.1645
54.8098
52.5111
50.268
48.0801
45.9471
43.8685
41.844
39.873
37.9553
36.0903
34.2777
32.517
30.8078
29.1496
27.5422
25.985
24.4777
23.0198
21.611
20.2508
18.9389
17.6748
16.4583
15.289
14.1664
13.0903
12.0603
11.076
10.1372
9.24353
8.39468
7.59038
6.83031
6.11422
5.44183
4.81288
4.22712
3.6843
3.18419
2.72654
2.3111
1.9376
1.60571
1.31499
1.06479
0.853865
0.679118
0.535239
0.413504
0.247327
251.209
173.91
152.334
145.565
139.156
133.839
129.318
125.155
121.211
117.426
113.761
110.196
106.716
103.312
99.9789
96.7127
93.5108
90.3715
87.2938
84.2769
81.3204
78.424
75.5872
72.8099
70.0918
67.4325
64.8318
62.2894
59.8049
57.378
55.0082
52.6952
50.4385
48.2379
46.0928
44.0027
41.9674
39.9862
38.0589
36.1849
34.3638
32.5951
30.8784
29.2133
27.5994
26.0361
24.523
23.0598
21.646
20.2812
18.965
17.697
16.4768
15.3041
14.1783
13.0993
12.0666
11.0799
10.1388
9.24302
8.39225
7.58618
6.8245
6.10693
5.43319
4.80301
4.21613
3.67232
3.17134
2.71296
2.29697
1.92313
1.5912
1.30082
1.05144
0.841872
0.66899
0.527585
0.407103
0.23488
251.209
173.91
152.334
145.565
139.156
133.839
129.318
125.155
121.211
117.426
113.761
110.196
106.716
103.312
99.9789
96.7127
93.5108
90.3715
87.2938
84.2769
81.3204
78.424
75.5872
72.8099
70.0918
67.4325
64.8318
62.2894
59.8049
57.378
55.0082
52.6952
50.4385
48.2379
46.0928
44.0027
41.9674
39.9862
38.0589
36.1849
34.3638
32.5951
30.8784
29.2133
27.5994
26.0361
24.523
23.0598
21.646
20.2812
18.965
17.697
16.4768
15.3041
14.1783
13.0993
12.0666
11.0799
10.1388
9.24302
8.39225
7.58618
6.8245
6.10693
5.43319
4.80301
4.21613
3.67232
3.17134
2.71296
2.29697
1.92313
1.5912
1.30082
1.05144
0.841872
0.66899
0.527585
0.407103
0.23488
242.335
168.914
149.291
143.032
137
132.046
127.823
123.9
120.145
116.505
112.952
109.471
106.057
102.705
99.4154
96.1859
93.0164
89.9064
86.8559
83.8646
80.9324
78.0591
75.2445
72.4883
69.7904
67.1505
64.5682
62.0434
59.5756
57.1645
54.8098
52.5111
50.268
48.0801
45.9471
43.8685
41.844
39.873
37.9553
36.0903
34.2777
32.517
30.8078
29.1496
27.5422
25.985
24.4777
23.0198
21.611
20.2508
18.9389
17.6748
16.4583
15.289
14.1664
13.0903
12.0603
11.076
10.1372
9.24353
8.39468
7.59038
6.83031
6.11422
5.44183
4.81288
4.22712
3.6843
3.18419
2.72654
2.3111
1.9376
1.60571
1.31499
1.06479
0.853865
0.679118
0.53524
0.413504
0.247326
214.953
151.055
139.9
136.714
132.175
128.267
124.8
121.433
118.085
114.742
111.405
108.084
104.791
101.536
98.3245
95.1628
92.0539
88.9997
86.0015
83.0598
80.175
77.347
74.5758
71.8613
69.2032
66.6013
64.0553
61.565
59.1301
56.7503
54.4253
52.1548
49.9384
47.7758
45.6666
43.6106
41.6073
39.6565
37.7576
35.9104
34.1145
32.3695
30.675
29.0306
27.4361
25.891
24.3949
22.9475
21.5484
20.1973
18.8938
17.6376
16.4283
15.2656
14.1492
13.0788
12.054
11.0746
10.1403
9.25068
8.40558
7.60471
6.84779
6.13458
5.46483
4.8383
4.25474
3.71391
3.21557
2.75944
2.34521
1.97251
1.64083
1.34947
1.0974
0.882952
0.702747
0.551326
0.425874
0.282509
182.481
132.34
127.267
126
123.662
121.463
119.22
116.77
114.104
111.261
108.293
105.25
102.172
99.0904
96.0257
92.9928
90.0008
87.0555
84.1603
81.3169
78.5264
75.789
73.1049
70.4739
67.8961
65.371
62.8987
60.4788
58.1111
55.7954
53.5316
51.3193
49.1584
47.0485
44.9895
42.9811
41.023
39.1149
37.2566
35.4478
33.6882
31.9775
30.3154
28.7017
27.1359
25.6179
24.1474
22.7239
21.3474
20.0174
18.7337
17.4961
16.3042
15.1577
14.0565
13.0002
11.9886
11.0215
10.0985
9.21957
8.38435
7.59265
6.84425
6.13894
5.47651
4.85675
4.27946
3.7444
3.25131
2.79992
2.38983
2.0205
1.69113
1.40051
1.14684
0.927516
0.738705
0.574956
0.435527
0.329817
267.885
201.225
197.467
196.932
194.025
190.97
187.622
183.856
179.739
175.37
170.842
166.226
161.576
156.929
152.311
147.737
143.217
138.757
134.362
130.032
125.77
121.576
117.452
113.396
109.411
105.495
101.65
97.8747
94.1705
90.5374
86.9754
83.4848
80.0658
76.7186
73.4431
70.2397
67.1083
64.0491
61.0622
58.1475
55.3052
52.5352
49.8376
47.2124
44.6596
42.1791
39.771
37.4352
35.1717
32.9803
30.8612
28.8142
26.8392
24.9362
23.1051
21.3458
19.6582
18.0422
16.4978
15.0247
13.623
12.2925
11.0331
9.84467
8.72704
7.6801
6.70372
5.79772
4.96188
4.19593
3.49953
2.87215
2.31308
1.82128
1.39526
1.03288
0.731328
0.486919
0.294178
0.130162
301.082
218.553
211.91
210.101
204.054
198.442
193.324
188.314
183.342
178.399
173.485
168.611
163.783
159.009
154.294
149.641
145.052
140.529
136.074
131.687
127.369
123.12
118.941
114.832
110.794
106.827
102.93
99.1058
95.3528
91.6717
88.0629
84.5263
81.0623
77.671
74.3524
71.1067
67.9341
64.8345
61.8081
58.8549
55.9749
53.1682
50.4348
47.7748
45.188
42.6745
40.2342
37.8672
35.5734
33.3527
31.2052
29.1306
27.129
25.2003
23.3444
21.5612
19.8506
18.2126
16.6469
15.1535
13.7323
12.3832
11.106
9.90062
8.76689
7.70469
6.71384
5.79419
4.94555
4.16772
3.46045
2.82347
2.25643
1.75892
1.33038
0.969967
0.676122
0.445796
0.268095
0.0886988
332.437
238.201
223.23
218.351
210.156
202.855
196.534
190.685
185.134
179.798
174.621
169.569
164.621
159.763
154.987
150.286
145.659
141.103
136.617
132.201
127.856
123.58
119.376
115.243
111.181
107.19
103.272
99.4261
95.6527
91.952
88.3243
84.7697
81.2884
77.8805
74.5461
71.2854
68.0983
64.9849
61.9453
58.9796
56.0877
53.2696
50.5255
47.8551
45.2586
42.7359
40.2869
37.9116
35.6099
33.3819
31.2273
29.1462
27.1384
25.2039
23.3425
21.5541
19.8387
18.1961
16.6262
15.1289
13.704
12.3514
11.071
9.86257
8.72602
7.66119
6.66792
5.74604
4.89541
4.11587
3.40727
2.76949
2.20243
1.70604
1.28025
0.92479
0.638721
0.419225
0.250896
0.0665541
342.199
243.248
226.817
221.666
212.901
204.978
198.156
191.925
186.091
180.551
175.23
170.078
165.059
160.151
155.338
150.609
145.959
141.384
136.881
132.449
128.089
123.8
119.582
115.436
111.362
107.36
103.431
99.5739
95.7901
92.0796
88.4425
84.879
81.3891
77.9731
74.631
71.3628
68.1688
65.0488
62.003
59.0313
56.1339
53.3105
50.5614
47.8863
45.2854
42.7585
40.3056
37.9266
35.6215
33.3902
31.2327
29.1487
27.1383
25.2013
23.3377
21.5472
19.8298
18.1854
16.6138
15.1149
13.6885
12.3346
11.0529
9.84339
8.7058
7.64001
6.64588
5.72324
4.87197
4.09194
3.38306
2.74528
2.17862
1.68314
1.25891
0.905783
0.622844
0.407377
0.242631
0.0577391
342.199
243.248
226.817
221.666
212.901
204.978
198.156
191.925
186.091
180.551
175.23
170.078
165.059
160.151
155.338
150.609
145.959
141.384
136.881
132.449
128.089
123.8
119.582
115.436
111.362
107.36
103.431
99.5739
95.7901
92.0796
88.4425
84.879
81.3891
77.9731
74.631
71.3628
68.1688
65.0488
62.003
59.0313
56.1339
53.3105
50.5614
47.8863
45.2854
42.7585
40.3056
37.9266
35.6215
33.3902
31.2327
29.1487
27.1383
25.2013
23.3377
21.5472
19.8298
18.1854
16.6138
15.1149
13.6885
12.3346
11.0529
9.84339
8.7058
7.64001
6.64588
5.72324
4.87197
4.09194
3.38306
2.74528
2.17862
1.68314
1.25891
0.905783
0.622845
0.407378
0.24263
0.0577383
332.437
238.201
223.23
218.351
210.156
202.855
196.534
190.685
185.134
179.798
174.621
169.569
164.621
159.763
154.987
150.286
145.659
141.103
136.617
132.201
127.856
123.58
119.376
115.243
111.181
107.19
103.272
99.4261
95.6527
91.952
88.3243
84.7697
81.2884
77.8805
74.5461
71.2854
68.0983
64.9849
61.9453
58.9796
56.0877
53.2696
50.5255
47.8551
45.2586
42.7359
40.2869
37.9116
35.6099
33.3819
31.2273
29.1462
27.1384
25.2039
23.3425
21.5541
19.8387
18.1961
16.6262
15.1289
13.704
12.3514
11.071
9.86257
8.72602
7.66119
6.66792
5.74604
4.89541
4.11587
3.40727
2.76949
2.20243
1.70604
1.28025
0.92479
0.638722
0.419226
0.250895
0.0665526
301.082
218.553
211.91
210.101
204.054
198.442
193.324
188.314
183.342
178.399
173.485
168.611
163.783
159.009
154.294
149.641
145.052
140.529
136.074
131.687
127.369
123.12
118.941
114.832
110.794
106.827
102.93
99.1058
95.3528
91.6717
88.0629
84.5263
81.0623
77.671
74.3524
71.1067
67.9341
64.8345
61.8081
58.8549
55.9749
53.1682
50.4348
47.7748
45.188
42.6745
40.2342
37.8672
35.5734
33.3527
31.2052
29.1306
27.129
25.2003
23.3444
21.5612
19.8506
18.2126
16.6469
15.1535
13.7323
12.3832
11.106
9.90062
8.76689
7.70469
6.71384
5.79419
4.94555
4.16772
3.46045
2.82347
2.25643
1.75892
1.33038
0.969968
0.676123
0.445796
0.268095
0.0886961
267.885
201.225
197.467
196.932
194.025
190.97
187.622
183.856
179.739
175.37
170.842
166.226
161.576
156.929
152.311
147.737
143.217
138.757
134.362
130.032
125.77
121.576
117.452
113.396
109.411
105.495
101.65
97.8747
94.1705
90.5374
86.9754
83.4848
80.0658
76.7186
73.4431
70.2397
67.1083
64.0491
61.0622
58.1475
55.3052
52.5352
49.8376
47.2124
44.6596
42.1791
39.771
37.4352
35.1717
32.9803
30.8612
28.8142
26.8392
24.9362
23.1051
21.3458
19.6582
18.0422
16.4978
15.0247
13.623
12.2925
11.0331
9.84467
8.72704
7.6801
6.70372
5.79772
4.96188
4.19593
3.49953
2.87215
2.31308
1.82128
1.39526
1.03288
0.731327
0.48692
0.294179
0.130163
336.557
268.45
265.202
264.777
261.339
256.881
251.762
246.147
240.196
234.04
227.78
221.482
215.196
208.949
202.761
196.645
190.609
184.656
178.789
173.012
167.324
161.728
156.223
150.81
145.49
140.263
135.13
130.09
125.145
120.294
115.538
110.878
106.312
101.842
97.4676
93.189
89.0064
84.9198
80.9294
77.0352
73.2374
69.5358
65.9307
62.422
59.0097
55.6938
52.4743
49.3513
46.3246
43.3943
40.5604
37.8227
35.1813
32.6361
30.187
27.8341
25.5771
23.4161
21.351
19.3817
17.5082
15.7304
14.048
12.4612
10.9697
9.57355
8.27252
7.06649
5.95531
4.93877
4.01664
3.18869
2.4547
1.81463
1.26887
0.818777
0.46748
0.218678
0.0781891
0.0536289
355.73
285.508
281.017
277.847
270.755
263.435
256.283
249.265
242.383
235.628
228.988
222.455
216.021
209.682
203.433
197.274
191.203
185.222
179.33
173.528
167.817
162.197
156.669
151.234
145.892
140.644
135.49
130.431
125.466
120.597
115.822
111.144
106.562
102.075
97.685
93.3911
89.1938
85.0929
81.0888
77.1813
73.3706
69.6567
66.0396
62.5193
59.0959
55.7693
52.5395
49.4065
46.3703
43.4307
40.5879
37.8417
35.1921
32.639
30.1824
27.8222
25.5583
23.3907
21.3193
19.3439
17.4646
15.6813
13.9937
12.4019
10.9057
9.50503
8.19977
6.98978
5.87494
4.85513
3.93026
3.10034
2.36559
1.72658
1.18458
0.741971
0.402813
0.170704
0.0508248
0.051319
382.602
302.236
292.472
286.75
277.266
267.924
259.264
251.182
243.574
236.34
229.391
222.662
216.107
209.693
203.4
197.213
191.126
185.133
179.233
173.425
167.709
162.084
156.552
151.113
145.767
140.516
135.359
130.296
125.329
120.458
115.682
111.002
106.419
101.932
97.5413
93.2474
89.0502
84.9498
80.9463
77.0397
73.2301
69.5175
65.9019
62.3832
58.9616
55.6368
52.4091
49.2782
46.2441
43.3069
40.4664
37.7226
35.0754
32.5248
30.0706
27.7129
25.4514
23.2863
21.2173
19.2443
17.3674
15.5864
13.9011
12.3115
10.8174
9.41884
8.1156
6.90762
5.79482
4.77716
3.85468
3.02763
2.29649
1.66222
1.1265
0.692104
0.363344
0.143792
0.037717
0.050124
392.068
307.018
296.472
290.514
280.318
270.175
260.838
252.238
244.257
236.762
229.638
222.795
216.167
209.707
203.385
197.181
191.083
185.084
179.18
173.369
167.65
162.024
156.49
151.05
145.703
140.45
135.292
130.229
125.262
120.389
115.613
110.933
106.35
101.863
97.4722
93.1785
88.9816
84.8817
80.8787
76.9727
73.1638
69.452
65.8372
62.3194
58.8987
55.575
52.3482
49.2184
46.1855
43.2493
40.41
37.6673
35.0213
32.4718
30.0189
27.6623
25.4021
23.238
21.1702
19.1984
17.3225
15.5426
13.8583
12.2697
10.7767
9.37906
8.0768
6.86981
5.75802
4.74148
3.8203
2.99482
2.26567
1.63395
1.10143
0.670898
0.346577
0.132
0.0310271
0.0462513
392.068
307.018
296.472
290.514
280.318
270.175
260.838
252.238
244.257
236.762
229.638
222.795
216.167
209.707
203.385
197.181
191.083
185.084
179.18
173.369
167.65
162.024
156.49
151.05
145.703
140.45
135.292
130.229
125.262
120.389
115.613
110.933
106.35
101.863
97.4722
93.1785
88.9816
84.8817
80.8787
76.9727
73.1638
69.452
65.8372
62.3194
58.8987
55.575
52.3482
49.2184
46.1855
43.2493
40.41
37.6673
35.0213
32.4718
30.0189
27.6623
25.4021
23.238
21.1702
19.1984
17.3225
15.5426
13.8583
12.2697
10.7767
9.37906
8.0768
6.86981
5.75802
4.74148
3.8203
2.99482
2.26567
1.63395
1.10143
0.670899
0.346578
0.131995
0.0310181
0.046268
382.602
302.236
292.472
286.75
277.266
267.924
259.264
251.182
243.574
236.34
229.391
222.662
216.107
209.693
203.4
197.213
191.126
185.133
179.233
173.425
167.709
162.084
156.552
151.113
145.767
140.516
135.359
130.296
125.329
120.458
115.682
111.002
106.419
101.932
97.5413
93.2474
89.0502
84.9498
80.9463
77.0397
73.2301
69.5175
65.9019
62.3832
58.9616
55.6368
52.4091
49.2782
46.2441
43.3069
40.4664
37.7226
35.0754
32.5248
30.0706
27.7129
25.4514
23.2863
21.2173
19.2443
17.3674
15.5864
13.9011
12.3115
10.8174
9.41884
8.1156
6.90762
5.79482
4.77716
3.85468
3.02763
2.29649
1.66223
1.1265
0.692105
0.363344
0.143787
0.0377094
0.0501393
355.73
285.508
281.017
277.847
270.755
263.435
256.283
249.265
242.383
235.628
228.988
222.455
216.021
209.682
203.433
197.274
191.203
185.222
179.33
173.528
167.817
162.197
156.669
151.234
145.892
140.644
135.49
130.431
125.466
120.597
115.822
111.144
106.562
102.075
97.685
93.3911
89.1938
85.0929
81.0888
77.1813
73.3706
69.6567
66.0396
62.5193
59.0959
55.7693
52.5395
49.4065
46.3703
43.4307
40.5879
37.8417
35.1921
32.639
30.1824
27.8222
25.5583
23.3907
21.3193
19.3439
17.4646
15.6813
13.9937
12.4019
10.9057
9.50503
8.19977
6.98978
5.87494
4.85513
3.93026
3.10034
2.36559
1.72659
1.18458
0.741972
0.402812
0.1707
0.0508269
0.0513104
336.557
268.45
265.202
264.777
261.339
256.881
251.762
246.147
240.196
234.04
227.78
221.482
215.196
208.949
202.761
196.645
190.609
184.656
178.789
173.012
167.324
161.728
156.223
150.81
145.49
140.263
135.13
130.09
125.145
120.294
115.538
110.878
106.312
101.842
97.4676
93.189
89.0064
84.9198
80.9294
77.0352
73.2374
69.5358
65.9307
62.422
59.0097
55.6938
52.4743
49.3513
46.3246
43.3943
40.5604
37.8227
35.1813
32.6361
30.187
27.8341
25.5771
23.4161
21.351
19.3817
17.5082
15.7304
14.048
12.4612
10.9697
9.57355
8.27252
7.06649
5.95531
4.93877
4.01664
3.18869
2.4547
1.81463
1.26887
0.818776
0.467479
0.218679
0.0781907
0.0536409
)
;

boundaryField
{
    left
    {
        type            calculated;
        value           nonuniform List<scalar> 
64
(
-409.737
-426.89
-447.099
-455.983
-455.983
-447.099
-426.89
-409.737
-283.251
-332.028
-361.286
-371.421
-371.421
-361.286
-332.028
-283.251
-157.277
-196.294
-221.299
-229.925
-229.925
-221.299
-196.294
-157.277
-35.1382
-49.7928
-59.0168
-62.3119
-62.3119
-59.0168
-49.7928
-35.1382
78.8803
90.9703
101.581
104.93
104.93
101.581
90.9703
78.8803
182.481
214.953
242.335
251.209
251.209
242.335
214.953
182.481
267.885
301.082
332.437
342.199
342.199
332.437
301.082
267.885
336.557
355.73
382.602
392.068
392.068
382.602
355.73
336.557
)
;
    }
    right
    {
        type            calculated;
        value           nonuniform List<scalar> 
64
(
1.37386
1.37396
1.37258
1.37728
1.37728
1.37258
1.37396
1.37386
1.26571
1.34357
1.35745
1.36655
1.36655
1.35745
1.34357
1.26571
1.02011
1.12206
1.1396
1.14904
1.14904
1.1396
1.12206
1.02011
0.690267
0.768418
0.768792
0.772211
0.772211
0.768792
0.768418
0.690263
0.371473
0.392608
0.369413
0.364175
0.364175
0.369412
0.392607
0.371471
0.136902
0.10021
0.0641307
0.053657
0.0536581
0.064132
0.10021
0.136905
0.0432807
-0.0155023
-0.036921
-0.0435842
-0.0435856
-0.0369233
-0.015501
0.0432832
-0.00140899
-0.00662194
-0.00154865
-0.00346305
-0.00347299
-0.00155462
-0.00660587
-0.00141433
)
;
    }
    back
    {
        type            calculated;
        value           nonuniform List<scalar> 
640
(
-388.199
-251.384
-134.466
-27.3021
75.325
176.121
272.778
366.229
-312.363
-204.392
-107.762
-22.9543
52.3238
123.839
192.7
259.58
-301.149
-200.802
-109.728
-26.2271
49.9666
122.009
191.155
257.581
-296.789
-198.746
-110.704
-28.0275
48.9182
121.562
191.138
258.353
-293.143
-196.038
-109.894
-28.5075
47.8933
120.207
189.705
256.673
-288.921
-193.132
-108.492
-28.4034
47.0762
118.751
187.837
253.621
-283.79
-189.792
-106.727
-28.0295
46.2893
117.025
185.291
249.497
-277.858
-186.003
-104.705
-27.5395
45.4239
114.958
182.076
244.564
-271.321
-181.846
-102.499
-27.0081
44.4412
112.573
178.331
239.063
-264.368
-177.413
-100.158
-26.4674
43.3431
109.935
174.207
233.198
-257.158
-172.795
-97.7256
-25.9289
42.1525
107.116
169.836
227.122
-249.81
-168.065
-95.2345
-25.3953
40.8983
104.182
165.322
220.941
-242.414
-163.281
-92.7108
-24.865
39.6078
101.188
160.738
214.728
-235.031
-158.485
-90.1736
-24.3354
38.303
98.1712
156.135
208.529
-227.702
-153.706
-87.6363
-23.804
37.0003
95.1609
151.548
202.375
-220.457
-148.964
-85.1086
-23.269
35.711
92.1751
146.997
196.283
-213.313
-144.274
-82.597
-22.7292
34.4427
89.2257
142.497
190.266
-206.281
-139.643
-80.1064
-22.1845
33.2
86.3199
138.055
184.331
-199.368
-135.079
-77.6403
-21.6348
31.9853
83.4619
133.676
178.48
-192.58
-130.586
-75.2013
-21.0809
30.7999
80.6542
129.363
172.718
-185.917
-126.165
-72.7913
-20.5233
29.6442
77.8979
125.118
167.045
-179.382
-121.819
-70.4121
-19.963
28.5181
75.1935
120.941
161.462
-172.974
-117.549
-68.0647
-19.4009
27.4213
72.5412
116.834
155.971
-166.694
-113.356
-65.7504
-18.8376
26.3533
69.9408
112.796
150.572
-160.541
-109.24
-63.4699
-18.2741
25.3136
67.3923
108.827
145.265
-154.515
-105.202
-61.2242
-17.711
24.3017
64.8956
104.929
140.051
-148.614
-101.241
-59.0138
-17.1491
23.3172
62.4503
101.101
134.93
-142.84
-97.3583
-56.8393
-16.5891
22.3594
60.0563
97.3438
129.902
-137.19
-93.5536
-54.7013
-16.0314
21.4281
57.7135
93.6572
124.968
-131.664
-89.827
-52.6002
-15.4767
20.5226
55.4216
90.0415
120.128
-126.261
-86.1784
-50.5364
-14.9255
19.6427
53.1804
86.497
115.383
-120.981
-82.6078
-48.5105
-14.3782
18.7879
50.9899
83.0238
110.732
-115.823
-79.115
-46.5226
-13.8355
17.9577
48.8496
79.622
106.177
-110.785
-75.7
-44.5732
-13.2977
17.1519
46.7595
76.2919
101.716
-105.868
-72.3627
-42.6626
-12.7654
16.3699
44.7194
73.0336
97.3506
-101.07
-69.1028
-40.791
-12.2388
15.6114
42.7289
69.8471
93.0807
-96.3914
-65.9202
-38.9588
-11.7185
14.8761
40.7879
66.7325
88.9064
-91.8303
-62.8147
-37.1662
-11.2049
14.1634
38.8962
63.6899
84.8279
-87.3863
-59.7862
-35.4134
-10.6983
13.4731
37.0534
60.7194
80.8452
-83.0589
-56.8344
-33.7007
-10.1992
12.8048
35.2593
57.821
76.9584
-78.8471
-53.9592
-32.0283
-9.70786
12.1581
33.5137
54.9947
73.1676
-74.7505
-51.1604
-30.3964
-9.22469
11.5327
31.8163
52.2405
69.4729
-70.7682
-48.4376
-28.8051
-8.75004
10.9281
30.1669
49.5585
65.8743
-66.8996
-45.7908
-27.2546
-8.28423
10.344
28.5651
46.9486
62.3718
-63.1439
-43.2196
-25.7452
-7.82759
9.78013
27.0107
44.4108
58.9655
-59.5007
-40.7238
-24.2768
-7.38043
9.23609
25.5035
41.9451
55.6554
-55.9692
-38.3032
-22.8498
-6.94305
8.71155
24.0432
39.5514
52.4414
-52.5487
-35.9576
-21.4641
-6.51575
8.2062
22.6294
37.2298
49.3236
-49.2388
-33.6868
-20.12
-6.09879
7.71971
21.262
34.9801
46.302
-46.0387
-31.4904
-18.8174
-5.69244
7.25177
19.9407
32.8023
43.3766
-42.9479
-29.3682
-17.5566
-5.29696
6.80207
18.6652
30.6964
40.5473
-39.9659
-27.32
-16.3375
-4.91259
6.37033
17.4353
28.6622
37.814
-37.092
-25.3456
-15.1603
-4.53956
5.95626
16.2506
26.6996
35.1768
-34.3258
-23.4447
-14.0251
-4.1781
5.55958
15.1111
24.8087
32.6356
-31.6667
-21.6171
-12.9319
-3.82843
5.18002
14.0163
22.9894
30.1904
-29.1142
-19.8626
-11.8807
-3.49073
4.81733
12.9661
21.2414
27.8411
-26.6678
-18.1808
-10.8715
-3.1652
4.47125
11.9603
19.5648
25.5876
-24.327
-16.5717
-9.90455
-2.85202
4.14154
10.9985
17.9595
23.43
-22.0914
-15.0349
-8.97971
-2.55136
3.82797
10.0807
16.4252
21.368
-19.9604
-13.5702
-8.09705
-2.26339
3.53034
9.20647
14.962
19.4018
-17.9336
-12.1774
-7.25657
-1.98825
3.2484
8.37571
13.5697
17.5311
-16.0106
-10.8563
-6.4583
-1.72607
2.98197
7.58818
12.2481
15.7558
-14.1909
-9.60664
-5.70222
-1.477
2.73085
6.84371
10.9973
14.076
-12.4742
-8.42823
-4.98834
-1.24115
2.49485
6.14208
9.81714
12.4916
-10.8599
-7.32084
-4.31663
-1.01863
2.27379
5.4831
8.70743
11.0025
-9.34782
-6.28427
-3.68708
-0.809536
2.0675
4.86658
7.66803
9.60847
-7.9374
-5.31827
-3.09964
-0.613957
1.87582
4.29231
6.69881
8.30949
-6.62824
-4.42257
-2.55423
-0.431977
1.69856
3.76009
5.79957
7.10539
-5.41989
-3.59689
-2.05074
-0.263643
1.53557
3.26968
4.9701
5.99598
-4.31186
-2.84087
-1.58899
-0.108947
1.38662
2.8207
4.2101
4.98104
-3.30358
-2.15403
-1.16865
0.0321681
1.25146
2.41274
3.51914
4.06025
-2.39439
-1.53573
-0.789217
0.159829
1.12975
2.04516
2.89661
3.23326
-1.58356
-0.985051
-0.449886
0.274283
1.02103
1.71704
2.34159
2.49965
-0.870304
-0.500673
-0.14938
0.375969
0.924607
1.42692
1.85277
1.85909
-0.254077
-0.0807492
0.114244
0.465562
0.839437
1.17262
1.4282
1.3116
0.264962
0.277291
0.343785
0.544006
0.764072
0.951026
1.06516
0.858124
0.685278
0.576742
0.542607
0.612139
0.696521
0.75805
0.760113
0.501585
1.00004
0.818781
0.71106
0.667447
0.632234
0.588153
0.509181
0.246279
1.21557
1.00948
0.854574
0.714379
0.573853
0.441049
0.309525
0.0974223
1.30577
1.202
1.04708
0.838212
0.59201
0.348256
0.139233
0.0515604
)
;
    }
    front
    {
        type            calculated;
        value           nonuniform List<scalar> 
640
(
-388.199
-251.384
-134.466
-27.3021
75.325
176.121
272.778
366.229
-312.363
-204.392
-107.762
-22.9543
52.3238
123.839
192.7
259.58
-301.149
-200.802
-109.728
-26.2271
49.9666
122.009
191.155
257.581
-296.789
-198.746
-110.704
-28.0275
48.9182
121.562
191.138
258.353
-293.143
-196.038
-109.894
-28.5075
47.8933
120.207
189.705
256.673
-288.921
-193.132
-108.492
-28.4034
47.0762
118.751
187.837
253.621
-283.79
-189.792
-106.727
-28.0295
46.2893
117.025
185.291
249.497
-277.858
-186.003
-104.705
-27.5395
45.4239
114.958
182.076
244.564
-271.321
-181.846
-102.499
-27.0081
44.4412
112.573
178.331
239.063
-264.368
-177.413
-100.158
-26.4674
43.3431
109.935
174.207
233.198
-257.158
-172.795
-97.7256
-25.9289
42.1525
107.116
169.836
227.122
-249.81
-168.065
-95.2345
-25.3953
40.8983
104.182
165.322
220.941
-242.414
-163.281
-92.7108
-24.865
39.6078
101.188
160.738
214.728
-235.031
-158.485
-90.1736
-24.3354
38.303
98.1712
156.135
208.529
-227.702
-153.706
-87.6363
-23.804
37.0003
95.1609
151.548
202.375
-220.457
-148.964
-85.1086
-23.269
35.711
92.1751
146.997
196.283
-213.313
-144.274
-82.597
-22.7292
34.4427
89.2257
142.497
190.266
-206.281
-139.643
-80.1064
-22.1845
33.2
86.3199
138.055
184.331
-199.368
-135.079
-77.6403
-21.6348
31.9853
83.4619
133.676
178.48
-192.58
-130.586
-75.2013
-21.0809
30.7999
80.6542
129.363
172.718
-185.917
-126.165
-72.7913
-20.5233
29.6442
77.8979
125.118
167.045
-179.382
-121.819
-70.4121
-19.963
28.5181
75.1935
120.941
161.462
-172.974
-117.549
-68.0647
-19.4009
27.4213
72.5412
116.834
155.971
-166.694
-113.356
-65.7504
-18.8376
26.3533
69.9408
112.796
150.572
-160.541
-109.24
-63.4699
-18.2741
25.3136
67.3923
108.827
145.265
-154.515
-105.202
-61.2242
-17.711
24.3017
64.8956
104.929
140.051
-148.614
-101.241
-59.0138
-17.1491
23.3172
62.4503
101.101
134.93
-142.84
-97.3583
-56.8393
-16.5891
22.3594
60.0563
97.3438
129.902
-137.19
-93.5536
-54.7013
-16.0314
21.4281
57.7135
93.6572
124.968
-131.664
-89.827
-52.6002
-15.4767
20.5226
55.4216
90.0415
120.128
-126.261
-86.1784
-50.5364
-14.9255
19.6427
53.1804
86.497
115.383
-120.981
-82.6078
-48.5105
-14.3782
18.7879
50.9899
83.0238
110.732
-115.823
-79.115
-46.5226
-13.8355
17.9577
48.8496
79.622
106.177
-110.785
-75.7
-44.5732
-13.2977
17.1519
46.7595
76.2919
101.716
-105.868
-72.3627
-42.6626
-12.7654
16.3699
44.7194
73.0336
97.3506
-101.07
-69.1028
-40.791
-12.2388
15.6114
42.7289
69.8471
93.0807
-96.3914
-65.9202
-38.9588
-11.7185
14.8761
40.7879
66.7325
88.9064
-91.8303
-62.8147
-37.1662
-11.2049
14.1634
38.8962
63.6899
84.8279
-87.3863
-59.7862
-35.4134
-10.6983
13.4731
37.0534
60.7194
80.8452
-83.0589
-56.8344
-33.7007
-10.1992
12.8048
35.2593
57.821
76.9584
-78.8471
-53.9592
-32.0283
-9.70785
12.1581
33.5137
54.9947
73.1676
-74.7505
-51.1604
-30.3964
-9.22469
11.5327
31.8163
52.2405
69.4729
-70.7682
-48.4376
-28.8051
-8.75004
10.9281
30.1669
49.5585
65.8743
-66.8996
-45.7908
-27.2546
-8.28423
10.344
28.5651
46.9486
62.3718
-63.1439
-43.2196
-25.7452
-7.82759
9.78013
27.0107
44.4108
58.9655
-59.5007
-40.7238
-24.2768
-7.38043
9.23609
25.5035
41.9451
55.6554
-55.9692
-38.3032
-22.8498
-6.94305
8.71155
24.0432
39.5514
52.4414
-52.5487
-35.9576
-21.4641
-6.51575
8.2062
22.6294
37.2298
49.3236
-49.2388
-33.6868
-20.1199
-6.09879
7.7197
21.262
34.9801
46.302
-46.0387
-31.4904
-18.8174
-5.69244
7.25176
19.9407
32.8023
43.3766
-42.9479
-29.3682
-17.5566
-5.29696
6.80207
18.6652
30.6964
40.5473
-39.9659
-27.32
-16.3375
-4.91259
6.37033
17.4353
28.6622
37.814
-37.092
-25.3456
-15.1603
-4.53956
5.95626
16.2506
26.6996
35.1768
-34.3258
-23.4447
-14.0251
-4.17811
5.55958
15.1111
24.8087
32.6356
-31.6667
-21.6171
-12.9319
-3.82843
5.18002
14.0163
22.9894
30.1904
-29.1142
-19.8626
-11.8807
-3.49073
4.81733
12.9661
21.2414
27.8411
-26.6678
-18.1808
-10.8715
-3.1652
4.47125
11.9603
19.5648
25.5876
-24.327
-16.5717
-9.90455
-2.85202
4.14154
10.9985
17.9595
23.43
-22.0914
-15.0349
-8.97971
-2.55136
3.82797
10.0807
16.4252
21.368
-19.9604
-13.5702
-8.09705
-2.26339
3.53033
9.20647
14.962
19.4018
-17.9336
-12.1774
-7.25657
-1.98824
3.2484
8.3757
13.5697
17.5311
-16.0106
-10.8563
-6.4583
-1.72607
2.98197
7.58818
12.2481
15.7558
-14.1909
-9.60664
-5.70222
-1.477
2.73085
6.8437
10.9973
14.076
-12.4742
-8.42823
-4.98834
-1.24115
2.49485
6.14207
9.81714
12.4916
-10.8599
-7.32085
-4.31663
-1.01863
2.27379
5.4831
8.70742
11.0025
-9.34782
-6.28427
-3.68708
-0.809534
2.0675
4.86658
7.66803
9.60847
-7.93739
-5.31827
-3.09964
-0.613956
1.87582
4.29231
6.69881
8.30949
-6.62824
-4.42257
-2.55423
-0.431976
1.69856
3.76009
5.79958
7.10539
-5.41989
-3.59689
-2.05074
-0.263642
1.53557
3.26968
4.9701
5.99598
-4.31186
-2.84087
-1.58899
-0.108947
1.38662
2.8207
4.2101
4.98104
-3.30358
-2.15403
-1.16865
0.0321675
1.25146
2.41274
3.51914
4.06025
-2.39439
-1.53573
-0.789216
0.159828
1.12975
2.04516
2.89661
3.23326
-1.58356
-0.985049
-0.449884
0.274282
1.02103
1.71704
2.34159
2.49965
-0.870307
-0.500672
-0.14938
0.375968
0.924607
1.42692
1.85277
1.85909
-0.254081
-0.0807499
0.114244
0.465561
0.839438
1.17262
1.4282
1.3116
0.264961
0.277289
0.343786
0.544004
0.764072
0.951029
1.06516
0.858126
0.685281
0.57674
0.542606
0.612137
0.696521
0.758053
0.760113
0.501585
1.00004
0.818779
0.711058
0.667446
0.632235
0.588156
0.509183
0.24627
1.21557
1.00948
0.854571
0.714376
0.573853
0.441052
0.309532
0.0974242
1.30578
1.202
1.04708
0.838206
0.592007
0.34826
0.139243
0.0515479
)
;
    }
    top
    {
        type            calculated;
        value           nonuniform List<scalar> 
640
(
377.461
398.833
431.981
446.609
446.609
431.981
398.833
377.461
299.986
317.252
331.432
335.744
335.744
331.432
317.252
299.986
299.114
315.786
327.07
331.225
331.225
327.07
315.786
299.114
300.018
312.797
321.989
325.998
325.998
321.989
312.797
300.018
297.324
305.911
312.608
315.854
315.854
312.608
305.911
297.324
293.126
298.503
302.965
305.302
305.302
302.965
298.503
293.126
287.986
291.055
293.793
295.334
295.334
293.793
291.055
287.986
282.187
283.669
285.163
286.083
286.083
285.163
283.669
282.187
275.956
276.39
277.026
277.491
277.491
277.026
276.39
275.956
269.467
269.227
269.288
269.434
269.434
269.288
269.227
269.467
262.842
262.174
261.858
261.789
261.789
261.858
262.174
262.842
256.162
255.222
254.665
254.453
254.453
254.665
255.222
256.162
249.476
248.363
247.653
247.349
247.349
247.653
248.363
249.476
242.814
241.587
240.782
240.42
240.42
240.782
241.587
242.814
236.194
234.89
234.026
233.629
233.629
234.026
234.89
236.194
229.629
228.269
227.368
226.95
226.95
227.368
228.269
229.629
223.123
221.721
220.798
220.367
220.367
220.798
221.721
223.123
216.682
215.246
214.309
213.871
213.871
214.309
215.246
216.682
210.308
208.844
207.899
207.458
207.458
207.899
208.844
210.308
204.004
202.516
201.566
201.124
201.124
201.566
202.516
204.004
197.771
196.264
195.311
194.87
194.87
195.311
196.264
197.771
191.611
190.088
189.135
188.695
188.695
189.135
190.088
191.611
185.525
183.99
183.038
182.601
182.601
183.038
183.99
185.525
179.516
177.971
177.022
176.588
176.588
177.022
177.971
179.516
173.584
172.034
171.089
170.658
170.658
171.089
172.034
173.584
167.732
166.178
165.239
164.812
164.812
165.239
166.178
167.732
161.959
160.407
159.474
159.051
159.051
159.474
160.407
161.959
156.269
154.72
153.796
153.378
153.378
153.796
154.72
156.269
150.663
149.12
148.205
147.792
147.792
148.205
149.12
150.663
145.141
143.608
142.703
142.296
142.296
142.703
143.608
145.141
139.705
138.184
137.292
136.891
136.891
137.292
138.184
139.705
134.357
132.851
131.971
131.577
131.577
131.971
132.851
134.357
129.098
127.609
126.743
126.356
126.356
126.743
127.609
129.098
123.929
122.46
121.609
121.229
121.229
121.609
122.46
123.929
118.852
117.404
116.569
116.197
116.197
116.569
117.404
118.852
113.867
112.443
111.625
111.261
111.261
111.625
112.443
113.867
108.977
107.578
106.778
106.422
106.422
106.778
107.578
108.977
104.182
102.81
102.028
101.681
101.681
102.028
102.81
104.182
99.4827
98.1407
97.3778
97.0396
97.0396
97.3778
98.1407
99.4827
94.8815
93.5701
92.8267
92.4977
92.4977
92.8267
93.5701
94.8815
90.3789
89.0995
88.3763
88.0566
88.0566
88.3763
89.0995
90.3789
85.9762
84.7299
84.0274
83.7171
83.7171
84.0274
84.7299
85.9762
81.6744
80.4623
79.7809
79.4802
79.4802
79.7809
80.4623
81.6744
77.4745
76.2976
75.6376
75.3465
75.3465
75.6376
76.2976
77.4745
73.3774
72.2366
71.5983
71.317
71.317
71.5983
72.2366
73.3774
69.3843
68.2802
67.6638
67.3923
67.3923
67.6638
68.2802
69.3843
65.4959
64.4292
63.8348
63.5732
63.5732
63.8348
64.4292
65.4959
61.7133
60.6843
60.112
59.8603
59.8603
60.112
60.6843
61.7133
58.0372
57.0463
56.4962
56.2544
56.2544
56.4962
57.0463
58.0372
54.4685
53.5158
52.988
52.756
52.756
52.988
53.5158
54.4685
51.0081
50.0937
49.5879
49.3657
49.3657
49.5879
50.0937
51.0081
47.6565
46.7805
46.2966
46.0841
46.0841
46.2966
46.7805
47.6565
44.4146
43.5768
43.1147
42.9117
42.9117
43.1147
43.5768
44.4146
41.283
40.4832
40.0426
39.8491
39.8491
40.0426
40.4832
41.283
38.2624
37.5002
37.0808
36.8967
36.8967
37.0808
37.5002
38.2624
35.3533
34.6283
34.2299
34.0549
34.0549
34.2299
34.6283
35.3533
32.5564
31.8681
31.4902
31.3242
31.3242
31.4902
31.8681
32.5564
29.8721
29.2199
28.8621
28.7049
28.7049
28.8621
29.2199
29.8721
27.3008
26.6841
26.346
26.1974
26.1974
26.346
26.6841
27.3008
24.8432
24.2611
23.9422
23.8019
23.8019
23.9422
24.2611
24.8432
22.4994
21.9512
21.6509
21.5188
21.5188
21.6509
21.9512
22.4994
20.27
19.7547
19.4725
19.3482
19.3482
19.4725
19.7547
20.27
18.1553
17.6719
17.4072
17.2906
17.2906
17.4072
17.6719
18.1553
16.1555
15.703
15.4553
15.346
15.346
15.4553
15.703
16.1555
14.2709
13.8482
13.6167
13.5145
13.5145
13.6167
13.8482
14.2709
12.5016
12.1077
11.8918
11.7964
11.7964
11.8918
12.1077
12.5016
10.8478
10.4814
10.2805
10.1917
10.1917
10.2805
10.4814
10.8478
9.30964
8.96959
8.78305
8.70046
8.70046
8.78305
8.96959
9.30964
7.88713
7.57228
7.39949
7.32297
7.32297
7.39949
7.57228
7.88713
6.58031
6.28955
6.13001
6.05938
6.05938
6.13
6.28954
6.58031
5.38917
5.12151
4.97485
4.91005
4.91005
4.97485
5.12151
5.38917
4.31366
4.06839
3.93447
3.87553
3.87553
3.93447
4.06839
4.31365
3.35383
3.1307
3.00969
2.95682
2.95682
3.00969
3.13069
3.35382
2.51
2.30949
2.20201
2.15555
2.15555
2.20201
2.30949
2.50999
1.78313
1.60686
1.51404
1.4745
1.4745
1.51404
1.60686
1.78313
1.17536
1.02664
0.950099
0.918047
0.918045
0.950096
1.02664
1.17537
0.690551
0.57488
0.516685
0.492643
0.492643
0.516686
0.574885
0.690558
0.334796
0.259888
0.223042
0.207468
0.207478
0.223055
0.259897
0.334789
0.107499
0.0867799
0.076221
0.0696166
0.0696317
0.0762364
0.0867774
0.107496
-0.0199369
0.0188109
0.034125
0.0360801
0.0360642
0.0341099
0.0188117
-0.019954
)
;
    }
    bottom
    {
        type            calculated;
        value           nonuniform List<scalar> 
640
(
-466.342
-463.242
-472.942
-477.958
-477.958
-472.942
-463.242
-466.342
-374.85
-390.639
-398.186
-400.587
-400.587
-398.186
-390.639
-374.85
-358.93
-374.906
-383.272
-386.155
-386.155
-383.272
-374.906
-358.93
-350.588
-363.645
-371.638
-374.766
-374.766
-371.638
-363.645
-350.588
-343.562
-352.964
-359.516
-362.366
-362.366
-359.516
-352.964
-343.562
-336.276
-342.837
-347.843
-350.194
-350.194
-347.843
-342.837
-336.276
-328.347
-332.907
-336.62
-338.453
-338.453
-336.62
-332.907
-328.347
-319.865
-323.085
-325.832
-327.225
-327.225
-325.832
-323.085
-319.865
-310.997
-313.362
-315.43
-316.487
-316.487
-315.43
-313.362
-310.997
-301.898
-303.739
-305.352
-306.171
-306.171
-305.352
-303.739
-301.898
-292.694
-294.231
-295.548
-296.204
-296.204
-295.548
-294.231
-292.694
-283.479
-284.851
-285.982
-286.531
-286.531
-285.982
-284.851
-283.479
-274.322
-275.616
-276.632
-277.112
-277.112
-276.632
-275.616
-274.322
-265.27
-266.535
-267.483
-267.921
-267.921
-267.483
-266.535
-265.27
-256.352
-257.62
-258.528
-258.939
-258.939
-258.528
-257.62
-256.352
-247.59
-248.875
-249.76
-250.155
-250.155
-249.76
-248.875
-247.59
-238.996
-240.305
-241.177
-241.562
-241.562
-241.177
-240.305
-238.996
-230.575
-231.912
-232.777
-233.155
-233.155
-232.777
-231.912
-230.575
-222.332
-223.696
-224.556
-224.93
-224.93
-224.556
-223.696
-222.332
-214.269
-215.657
-216.513
-216.884
-216.884
-216.513
-215.657
-214.269
-206.384
-207.794
-208.646
-209.013
-209.013
-208.646
-207.794
-206.384
-198.677
-200.105
-200.953
-201.317
-201.317
-200.953
-200.105
-198.677
-191.146
-192.59
-193.432
-193.793
-193.793
-193.432
-192.59
-191.146
-183.791
-185.245
-186.081
-186.438
-186.438
-186.081
-185.245
-183.791
-176.608
-178.07
-178.898
-179.252
-179.252
-178.898
-178.07
-176.608
-169.597
-171.062
-171.882
-172.231
-172.231
-171.882
-171.062
-169.597
-162.755
-164.22
-165.03
-165.374
-165.374
-165.03
-164.22
-162.755
-156.08
-157.542
-158.341
-158.68
-158.68
-158.341
-157.542
-156.08
-149.57
-151.026
-151.813
-152.146
-152.146
-151.813
-151.026
-149.57
-143.224
-144.669
-145.443
-145.771
-145.771
-145.443
-144.669
-143.224
-137.039
-138.471
-139.231
-139.552
-139.552
-139.231
-138.471
-137.039
-131.013
-132.43
-133.175
-133.489
-133.489
-133.175
-132.43
-131.013
-125.145
-126.543
-127.272
-127.58
-127.58
-127.272
-126.543
-125.145
-119.433
-120.809
-121.522
-121.822
-121.822
-121.522
-120.809
-119.433
-113.874
-115.226
-115.922
-116.214
-116.214
-115.922
-115.226
-113.874
-108.467
-109.793
-110.471
-110.756
-110.756
-110.471
-109.793
-108.467
-103.21
-104.508
-105.168
-105.444
-105.444
-105.168
-104.508
-103.21
-98.1007
-99.369
-100.01
-100.278
-100.278
-100.01
-99.369
-98.1007
-93.1382
-94.3747
-94.9956
-95.2551
-95.2551
-94.9956
-94.3747
-93.1382
-88.3203
-89.5234
-90.1243
-90.3752
-90.3752
-90.1242
-89.5234
-88.3203
-83.6454
-84.8135
-85.394
-85.6361
-85.6361
-85.394
-84.8135
-83.6454
-79.1117
-80.2435
-80.8032
-81.0365
-81.0365
-80.8032
-80.2435
-79.1117
-74.7176
-75.8119
-76.3506
-76.5748
-76.5748
-76.3506
-75.8119
-74.7176
-70.4614
-71.5173
-72.0347
-72.2498
-72.2498
-72.0347
-71.5173
-70.4614
-66.3416
-67.3581
-67.854
-68.0601
-68.0601
-67.854
-67.3581
-66.3416
-62.3566
-63.3329
-63.8073
-64.0042
-64.0042
-63.8073
-63.3329
-62.3566
-58.5049
-59.4404
-59.8932
-60.0809
-60.0809
-59.8932
-59.4404
-58.5049
-54.785
-55.6793
-56.1104
-56.289
-56.289
-56.1104
-55.6793
-54.785
-51.1955
-52.0481
-52.4576
-52.627
-52.627
-52.4576
-52.0481
-51.1955
-47.7349
-48.5457
-48.9336
-49.094
-49.094
-48.9336
-48.5457
-47.7349
-44.402
-45.1708
-45.5372
-45.6885
-45.6885
-45.5372
-45.1707
-44.402
-41.1953
-41.9221
-42.2673
-42.4096
-42.4096
-42.2673
-41.9221
-41.1953
-38.1136
-38.7985
-39.1226
-39.2561
-39.2561
-39.1226
-38.7985
-38.1136
-35.1556
-35.7989
-36.1021
-36.2268
-36.2268
-36.1021
-35.7989
-35.1556
-32.3202
-32.9221
-33.2048
-33.3208
-33.3208
-33.2048
-32.9221
-32.3202
-29.6061
-30.1672
-30.4295
-30.5371
-30.5371
-30.4295
-30.1672
-29.6061
-27.0123
-27.5329
-27.7753
-27.8745
-27.8745
-27.7753
-27.5329
-27.0123
-24.5376
-25.0184
-25.2413
-25.3323
-25.3323
-25.2413
-25.0184
-24.5376
-22.181
-22.6227
-22.8264
-22.9094
-22.9094
-22.8264
-22.6227
-22.181
-19.9415
-20.3449
-20.5298
-20.6049
-20.6049
-20.5298
-20.3449
-19.9415
-17.8181
-18.1839
-18.3506
-18.4181
-18.4181
-18.3506
-18.1839
-17.8181
-15.8099
-16.1391
-16.288
-16.348
-16.348
-16.288
-16.1391
-15.8099
-13.916
-14.2095
-14.3411
-14.3939
-14.3939
-14.3411
-14.2095
-13.916
-12.1356
-12.3944
-12.5092
-12.5551
-12.5551
-12.5092
-12.3944
-12.1356
-10.4677
-10.6929
-10.7915
-10.8306
-10.8306
-10.7915
-10.6929
-10.4677
-8.91173
-9.10443
-9.18741
-9.21999
-9.21998
-9.18741
-9.10443
-8.91172
-7.46681
-7.62817
-7.69613
-7.72247
-7.72247
-7.69613
-7.62817
-7.4668
-6.13224
-6.26348
-6.31708
-6.33749
-6.33749
-6.31708
-6.26347
-6.13223
-4.90732
-5.00972
-5.0497
-5.06453
-5.06453
-5.0497
-5.00972
-4.90731
-3.79136
-3.86634
-3.89355
-3.90322
-3.90322
-3.89355
-3.86634
-3.79136
-2.78371
-2.83285
-2.84832
-2.85337
-2.85336
-2.84833
-2.83285
-2.7837
-1.88383
-1.90902
-1.91402
-1.91509
-1.91509
-1.91403
-1.90902
-1.88382
-1.09142
-1.09497
-1.09111
-1.08899
-1.08899
-1.09111
-1.09497
-1.09143
-0.406738
-0.39156
-0.380832
-0.376488
-0.376489
-0.380831
-0.391559
-0.406743
0.168942
0.199047
0.214223
0.219752
0.219751
0.214225
0.19905
0.168939
0.632335
0.67256
0.689494
0.695227
0.695226
0.689497
0.672564
0.63234
0.976048
1.02071
1.03669
1.04187
1.04187
1.03669
1.02071
0.976056
1.19004
1.23134
1.24336
1.2475
1.2475
1.24336
1.23134
1.19004
1.25685
1.28613
1.29203
1.29551
1.29552
1.29203
1.28613
1.25685
1.23009
1.2302
1.23042
1.23512
1.23511
1.23042
1.2302
1.23009
)
;
    }
}


// ************************************************************************* //
