/*--------------------------------*- C++ -*----------------------------------*\
| =========                 |                                                 |
| \\      /  F ield         | foam-extend: Open Source CFD                    |
|  \\    /   O peration     | Version:     4.1                                |
|   \\  /    A nd           | Web:         http://www.foam-extend.org         |
|    \\/     M anipulation  |                                                 |
\*---------------------------------------------------------------------------*/
FoamFile
{
    version     2.0;
    format      ascii;
    class       volScalarField;
    location    "0.194";
    object      sigmaEq;
}
// * * * * * * * * * * * * * * * * * * * * * * * * * * * * * * * * * * * * * //

dimensions      [1 -1 -2 0 0 0 0];

internalField   nonuniform List<scalar> 
5120
(
1085.78
955.146
933.899
914.409
897.605
880.33
861.384
840.91
819.301
796.95
774.19
751.278
728.403
705.7
683.257
661.136
639.374
617.995
597.014
576.437
556.268
536.508
517.157
498.213
479.673
461.536
443.797
426.455
409.506
392.948
376.776
360.988
345.581
330.552
315.897
301.613
287.698
274.148
260.96
248.132
235.66
223.542
211.774
200.354
189.28
178.548
168.155
158.1
148.38
138.992
129.935
121.204
112.8
104.719
96.9585
89.5175
82.3938
75.5855
69.0906
62.9076
57.0348
51.4707
46.214
41.2632
36.6174
32.2756
28.2371
24.5015
21.0689
17.9397
15.1154
12.5981
10.3921
8.50337
6.94059
5.71315
4.82586
4.26918
4.02393
4.03248
985.73
963.273
958.292
934.512
911.237
888.566
865.525
842.175
818.671
795.14
771.696
748.43
725.413
702.698
680.322
658.312
636.686
615.453
594.621
574.192
554.166
534.545
515.325
496.505
478.083
460.056
442.421
425.176
408.318
391.844
375.75
360.036
344.696
329.729
315.132
300.902
287.035
273.53
260.384
247.593
235.155
223.067
211.328
199.933
188.881
178.169
167.794
157.755
148.048
138.673
129.625
120.904
112.507
104.432
96.6773
89.2406
82.1203
75.3145
68.8215
62.6398
56.7679
51.2042
45.9475
40.9966
36.3505
32.0084
27.9698
24.2344
20.8026
17.6754
14.8548
12.3444
10.1496
8.27895
6.74323
5.55321
4.71112
4.20129
3.99722
4.03984
960.246
943.29
955.349
938.579
916.363
892.61
867.975
843.163
818.531
794.214
770.265
746.705
723.543
700.781
678.421
656.467
634.917
613.773
593.034
572.699
552.767
533.235
514.102
495.364
477.02
459.067
441.501
424.321
407.524
391.107
375.067
359.402
344.109
329.185
314.628
300.434
286.602
273.128
260.01
247.245
234.832
222.766
211.046
199.67
188.634
177.937
167.576
157.548
147.853
138.486
129.447
120.734
112.343
104.274
96.5235
89.0909
81.9739
75.171
68.6803
62.5005
56.63
51.0674
45.8115
40.8612
36.2156
31.8738
27.8356
24.1009
20.6702
17.545
14.7279
12.2229
10.0365
8.17774
6.65764
5.48589
4.66251
4.17013
3.97974
4.02605
954.199
933.931
951.342
937.965
917.267
893.828
868.906
843.619
818.533
793.858
769.66
745.943
722.695
699.898
677.538
655.603
634.086
612.982
592.287
571.996
552.108
532.619
513.527
494.829
476.523
458.605
441.073
423.925
407.157
390.768
374.754
359.113
343.842
328.939
314.4
300.225
286.409
272.95
259.846
247.094
234.692
222.637
210.927
199.559
188.531
177.841
167.486
157.464
147.774
138.412
129.376
120.666
112.278
104.211
96.4633
89.0324
81.9168
75.115
68.6252
62.446
56.5759
51.0136
45.7579
40.8076
36.1619
31.8201
27.7818
24.0472
20.617
17.4928
14.6774
12.1752
9.9931
8.14002
6.62676
5.4621
4.64489
4.15713
3.969
4.01309
954.199
933.931
951.342
937.965
917.267
893.828
868.906
843.619
818.533
793.858
769.66
745.943
722.695
699.898
677.538
655.603
634.086
612.982
592.287
571.996
552.108
532.619
513.527
494.829
476.523
458.605
441.073
423.925
407.157
390.768
374.754
359.113
343.842
328.939
314.4
300.225
286.409
272.95
259.846
247.094
234.692
222.637
210.927
199.559
188.531
177.841
167.486
157.464
147.774
138.412
129.376
120.666
112.278
104.211
96.4633
89.0324
81.9168
75.115
68.6252
62.446
56.5759
51.0136
45.7579
40.8076
36.1619
31.8201
27.7818
24.0472
20.617
17.4928
14.6774
12.1752
9.9931
8.14002
6.62676
5.4621
4.64489
4.15713
3.969
4.01309
960.246
943.29
955.349
938.579
916.363
892.61
867.975
843.163
818.531
794.214
770.265
746.705
723.543
700.781
678.421
656.467
634.917
613.773
593.034
572.699
552.767
533.235
514.102
495.364
477.02
459.067
441.501
424.321
407.524
391.107
375.067
359.402
344.109
329.185
314.628
300.434
286.602
273.128
260.01
247.245
234.832
222.766
211.046
199.67
188.634
177.937
167.576
157.548
147.853
138.486
129.447
120.734
112.343
104.274
96.5235
89.0909
81.9739
75.171
68.6803
62.5005
56.63
51.0674
45.8115
40.8612
36.2156
31.8738
27.8356
24.1009
20.6702
17.545
14.7279
12.2229
10.0365
8.17774
6.65764
5.48589
4.66251
4.17013
3.97974
4.02605
985.73
963.273
958.292
934.512
911.237
888.566
865.525
842.175
818.671
795.14
771.696
748.43
725.413
702.698
680.322
658.312
636.686
615.453
594.621
574.192
554.166
534.545
515.325
496.505
478.083
460.056
442.421
425.176
408.318
391.844
375.75
360.036
344.696
329.729
315.132
300.902
287.035
273.53
260.384
247.593
235.155
223.067
211.328
199.933
188.881
178.169
167.794
157.755
148.048
138.673
129.625
120.904
112.507
104.432
96.6773
89.2406
82.1203
75.3145
68.8215
62.6398
56.7679
51.2042
45.9475
40.9966
36.3505
32.0084
27.9698
24.2344
20.8026
17.6754
14.8548
12.3444
10.1496
8.27895
6.74323
5.5532
4.71112
4.20129
3.99722
4.03984
1085.78
955.146
933.899
914.409
897.605
880.33
861.384
840.91
819.301
796.95
774.19
751.278
728.403
705.7
683.257
661.136
639.374
617.995
597.014
576.437
556.268
536.508
517.157
498.213
479.673
461.536
443.797
426.455
409.506
392.948
376.776
360.988
345.581
330.552
315.897
301.613
287.698
274.148
260.96
248.132
235.66
223.542
211.774
200.354
189.28
178.548
168.155
158.1
148.38
138.992
129.935
121.204
112.8
104.719
96.9585
89.5175
82.3938
75.5855
69.0906
62.9076
57.0348
51.4707
46.214
41.2632
36.6174
32.2756
28.2371
24.5015
21.0689
17.9397
15.1154
12.5981
10.3921
8.50338
6.94059
5.71315
4.82585
4.26917
4.02392
4.03248
640.163
648.95
653.488
639.01
625.365
612.652
599.518
585.734
571.358
556.527
541.405
526.138
510.847
495.621
480.525
465.601
450.881
436.382
422.118
408.097
394.323
380.8
367.53
354.514
341.751
329.242
316.988
304.986
293.238
281.742
270.497
259.503
248.758
238.261
228.013
218.01
208.254
198.741
189.471
180.444
171.657
163.109
154.8
146.728
138.892
131.291
123.924
116.788
109.884
103.21
96.7648
90.5471
84.556
78.7902
73.2486
67.9302
62.8336
57.9579
53.3018
48.8643
44.6442
40.6404
36.8515
33.2764
29.9138
26.7622
23.82
21.0855
18.5566
16.2309
14.1053
12.1761
10.4385
8.88686
7.51475
6.31665
5.29217
4.46116
3.9005
3.74049
554.618
669.808
680.299
656.382
635.829
618.482
601.978
585.851
569.933
554.14
538.455
522.896
507.486
492.251
477.212
462.386
447.783
433.413
419.282
405.393
391.749
378.352
365.202
352.3
339.646
327.241
315.084
303.175
291.513
280.098
268.929
258.006
247.327
236.893
226.702
216.754
207.047
197.581
188.354
179.366
170.616
162.103
153.825
145.782
137.973
130.396
123.05
115.935
109.05
102.393
95.9635
89.7603
83.7824
78.0289
72.4987
67.1908
62.1043
57.2381
52.5913
48.1629
43.9519
39.9573
36.1782
32.6134
29.262
26.1228
23.1946
20.4761
17.9659
15.6623
13.5631
11.6659
9.96749
8.46404
7.15134
6.02601
5.08749
4.3504
3.87796
3.77098
524.052
661.286
685.92
664.374
642.113
622.633
604.235
586.6
569.58
553.029
536.855
521.004
505.442
490.149
475.112
460.327
445.788
431.495
417.447
403.644
390.086
376.772
363.703
350.879
338.3
325.966
313.875
302.029
290.427
279.068
267.952
257.078
246.446
236.055
225.905
215.994
206.322
196.888
187.692
178.732
170.008
161.518
153.263
145.24
137.449
129.889
122.56
115.459
108.587
101.942
95.5238
89.3307
83.3621
77.617
72.0945
66.7938
61.7139
56.8539
52.2129
47.79
43.5844
39.5952
35.8214
32.2621
28.9166
25.7837
22.8626
20.1523
17.6516
15.3593
13.2739
11.3935
9.7159
8.23788
6.95593
5.86671
4.96878
4.27465
3.83886
3.74287
514.198
657.105
686.696
666.59
644.352
624.42
605.393
587.14
569.608
552.675
536.237
520.217
504.557
489.217
474.168
459.392
444.878
430.618
416.607
402.843
389.324
376.05
363.019
350.232
337.688
325.387
313.329
301.513
289.939
278.607
267.516
256.666
246.056
235.685
225.554
215.661
206.005
196.587
187.405
178.458
169.746
161.268
153.022
145.009
137.227
129.675
122.352
115.258
108.392
101.753
95.339
89.1503
83.1856
77.4441
71.9249
66.6271
61.5499
56.6923
52.0536
47.6329
43.4293
39.442
35.6702
32.113
28.7696
25.6391
22.7207
20.0135
17.5166
15.229
13.1493
11.2762
9.60739
8.1402
6.87116
5.79681
4.91515
4.23761
3.81472
3.72134
514.198
657.105
686.696
666.59
644.352
624.42
605.393
587.14
569.608
552.675
536.237
520.217
504.557
489.217
474.168
459.392
444.878
430.618
416.607
402.843
389.324
376.05
363.019
350.232
337.688
325.387
313.329
301.513
289.939
278.607
267.516
256.666
246.056
235.685
225.554
215.661
206.005
196.587
187.405
178.458
169.746
161.268
153.022
145.009
137.227
129.675
122.352
115.258
108.392
101.753
95.339
89.1503
83.1856
77.4441
71.9249
66.6271
61.5499
56.6923
52.0536
47.6329
43.4293
39.442
35.6702
32.113
28.7696
25.6391
22.7207
20.0135
17.5166
15.229
13.1493
11.2762
9.60739
8.1402
6.87116
5.79681
4.91515
4.23761
3.81472
3.72134
524.052
661.286
685.92
664.374
642.113
622.633
604.235
586.6
569.58
553.029
536.855
521.004
505.442
490.149
475.112
460.327
445.788
431.495
417.447
403.644
390.086
376.772
363.703
350.879
338.3
325.966
313.875
302.029
290.427
279.068
267.952
257.078
246.446
236.055
225.905
215.994
206.322
196.888
187.692
178.732
170.008
161.518
153.263
145.24
137.449
129.889
122.56
115.459
108.587
101.942
95.5238
89.3307
83.3621
77.617
72.0945
66.7938
61.7139
56.8539
52.2129
47.79
43.5844
39.5952
35.8214
32.2621
28.9166
25.7837
22.8626
20.1523
17.6516
15.3593
13.2739
11.3935
9.7159
8.23788
6.95593
5.86671
4.96878
4.27465
3.83886
3.74287
554.618
669.808
680.299
656.382
635.829
618.482
601.978
585.851
569.933
554.14
538.455
522.896
507.486
492.251
477.212
462.386
447.783
433.413
419.282
405.393
391.749
378.352
365.202
352.3
339.646
327.241
315.084
303.175
291.513
280.098
268.929
258.006
247.327
236.893
226.702
216.754
207.047
197.581
188.354
179.366
170.616
162.103
153.825
145.782
137.973
130.396
123.05
115.935
109.05
102.393
95.9635
89.7603
83.7824
78.0289
72.4987
67.1908
62.1043
57.2381
52.5913
48.1629
43.9519
39.9573
36.1782
32.6134
29.262
26.1228
23.1946
20.4761
17.9659
15.6623
13.5631
11.6659
9.96749
8.46404
7.15134
6.02601
5.08749
4.3504
3.87796
3.77098
640.163
648.95
653.488
639.01
625.365
612.652
599.518
585.734
571.358
556.527
541.405
526.138
510.847
495.621
480.525
465.601
450.881
436.382
422.118
408.097
394.323
380.8
367.53
354.514
341.751
329.242
316.988
304.986
293.238
281.742
270.497
259.503
248.758
238.261
228.013
218.01
208.254
198.741
189.471
180.444
171.657
163.109
154.8
146.728
138.892
131.291
123.924
116.788
109.884
103.21
96.7648
90.5471
84.556
78.7902
73.2486
67.9302
62.8336
57.9579
53.3018
48.8643
44.6442
40.6404
36.8515
33.2764
29.9138
26.7622
23.82
21.0855
18.5566
16.2309
14.1053
12.1761
10.4385
8.88686
7.51475
6.31665
5.29217
4.46116
3.90051
3.74049
332.87
356.459
377.175
376.636
371.282
364.58
357.086
349.124
340.848
332.353
323.722
315.029
306.334
297.678
289.094
280.6
272.212
263.937
255.782
247.75
239.846
232.071
224.426
216.914
209.535
202.291
195.181
188.207
181.368
174.666
168.1
161.671
155.378
149.222
143.202
137.319
131.571
125.96
120.484
115.144
109.939
104.868
99.9313
95.1286
90.4591
85.9225
81.518
77.2451
73.1032
69.0916
65.2095
61.4563
57.8311
54.333
50.961
47.7142
44.5915
41.5915
38.7131
35.9549
33.3152
30.7923
28.3844
26.0895
23.9053
21.8292
19.8586
17.9906
16.2219
14.5491
12.9688
11.4774
10.0717
8.74875
7.50745
6.34949
5.28311
4.33616
3.59773
3.18071
282.273
378.412
397.749
387.738
376.385
366.15
356.352
346.893
337.684
328.638
319.713
310.894
302.179
293.57
285.071
276.685
268.416
260.267
252.238
244.333
236.551
228.895
221.365
213.963
206.689
199.545
192.53
185.646
178.893
172.271
165.782
159.425
153.2
147.108
141.148
135.322
129.628
124.067
118.639
113.343
108.18
103.15
98.2509
93.4839
88.8485
84.3442
79.9707
75.7276
71.6144
67.6306
63.7757
60.0491
56.4501
52.9782
49.6325
46.4122
43.3165
40.3443
37.4946
34.7663
32.1579
29.668
27.295
25.0372
22.8926
20.8588
18.9336
17.1142
15.3976
13.7807
12.2602
10.8327
9.4949
8.24416
7.07935
6.00249
5.02178
4.167
3.5299
3.22153
259.764
379.324
406.979
396.331
381.85
368.937
357.215
346.434
336.345
326.736
317.469
308.461
299.659
291.032
282.558
274.225
266.024
257.951
250.004
242.18
234.48
226.904
219.452
212.124
204.922
197.846
190.896
184.074
177.379
170.813
164.375
158.067
151.889
145.84
139.921
134.133
128.476
122.949
117.552
112.287
107.151
102.147
97.2731
92.5294
87.9159
83.4323
79.0784
74.8539
70.7584
66.7917
62.9531
59.2424
55.6589
52.2022
48.8716
45.6664
42.5859
39.6292
36.7954
34.0834
31.4921
29.0203
26.6664
24.4288
22.3058
20.2953
18.3951
16.6026
14.915
13.3295
11.8426
10.4511
9.15178
7.94189
6.82033
5.78925
4.85766
4.05748
3.47478
3.19658
251.635
379.581
410.418
399.864
384.449
370.525
357.941
346.498
335.935
326.002
316.526
307.392
298.524
289.87
281.396
273.08
264.907
256.868
248.957
241.172
233.511
225.973
218.558
211.266
204.099
197.055
190.137
183.344
176.678
170.139
163.726
157.442
151.286
145.258
139.359
133.59
127.95
122.439
117.058
111.806
106.685
101.693
96.8305
92.0978
87.4946
83.0208
78.676
74.4601
70.3729
66.4139
62.5828
58.8792
55.3028
51.8529
48.529
45.3304
42.2566
39.3067
36.4798
33.775
31.1912
28.7271
26.3815
24.1528
22.0392
20.0389
18.1496
16.369
14.6943
13.1226
11.6507
10.2753
8.9932
7.80161
6.6995
5.68918
4.77996
4.00405
3.44329
3.1749
251.635
379.581
410.418
399.864
384.449
370.525
357.941
346.498
335.935
326.002
316.526
307.392
298.524
289.87
281.396
273.08
264.907
256.868
248.957
241.172
233.511
225.973
218.558
211.266
204.099
197.055
190.137
183.344
176.678
170.139
163.726
157.442
151.286
145.258
139.359
133.59
127.95
122.439
117.058
111.806
106.685
101.693
96.8305
92.0978
87.4946
83.0208
78.676
74.4601
70.3728
66.4139
62.5828
58.8792
55.3028
51.8529
48.529
45.3304
42.2566
39.3067
36.4798
33.775
31.1912
28.7271
26.3815
24.1528
22.0392
20.0389
18.1496
16.369
14.6943
13.1226
11.6507
10.2753
8.9932
7.80161
6.6995
5.68918
4.77996
4.00405
3.44329
3.1749
259.764
379.324
406.979
396.331
381.85
368.937
357.215
346.434
336.345
326.736
317.469
308.461
299.659
291.032
282.558
274.225
266.024
257.951
250.004
242.18
234.48
226.904
219.452
212.124
204.922
197.846
190.896
184.074
177.379
170.813
164.375
158.067
151.889
145.84
139.921
134.133
128.476
122.949
117.552
112.287
107.151
102.147
97.2731
92.5294
87.9159
83.4323
79.0784
74.8539
70.7584
66.7917
62.9531
59.2424
55.6589
52.2022
48.8716
45.6664
42.5859
39.6292
36.7954
34.0834
31.4921
29.0203
26.6664
24.4288
22.3058
20.2953
18.3951
16.6026
14.915
13.3295
11.8426
10.4511
9.15178
7.94189
6.82033
5.78925
4.85766
4.05748
3.47478
3.19658
282.273
378.412
397.749
387.738
376.385
366.15
356.352
346.893
337.684
328.638
319.713
310.894
302.179
293.57
285.071
276.685
268.416
260.267
252.238
244.333
236.551
228.895
221.365
213.963
206.689
199.545
192.53
185.646
178.893
172.271
165.782
159.425
153.2
147.108
141.148
135.322
129.628
124.067
118.639
113.343
108.18
103.15
98.2509
93.4839
88.8485
84.3442
79.9707
75.7276
71.6144
67.6306
63.7757
60.0491
56.4501
52.9782
49.6325
46.4122
43.3165
40.3443
37.4946
34.7663
32.1579
29.668
27.295
25.0372
22.8926
20.8588
18.9336
17.1142
15.3976
13.7807
12.2602
10.8327
9.4949
8.24416
7.07935
6.00249
5.02178
4.167
3.5299
3.22153
332.87
356.459
377.175
376.636
371.282
364.58
357.086
349.124
340.848
332.353
323.722
315.029
306.334
297.678
289.094
280.6
272.212
263.937
255.782
247.75
239.846
232.071
224.426
216.914
209.535
202.291
195.181
188.207
181.368
174.666
168.1
161.671
155.378
149.222
143.202
137.319
131.571
125.96
120.484
115.144
109.939
104.868
99.9313
95.1286
90.4591
85.9225
81.518
77.2451
73.1032
69.0916
65.2095
61.4563
57.8311
54.333
50.961
47.7142
44.5915
41.5915
38.7131
35.9549
33.3152
30.7923
28.3844
26.0895
23.9053
21.8292
19.8586
17.9906
16.2219
14.5491
12.9688
11.4775
10.0717
8.74875
7.50745
6.34949
5.28311
4.33616
3.59774
3.18071
89.3148
105.729
128.375
137.605
141.46
142.488
141.951
140.531
138.571
136.269
133.753
131.11
128.396
125.65
122.894
120.143
117.405
114.686
111.989
109.315
106.667
104.045
101.451
98.8852
96.349
93.8427
91.3669
88.9222
86.5089
84.1274
81.7779
79.4607
77.1757
74.9232
72.7032
70.5157
68.3606
66.2379
64.1475
62.0892
60.0629
58.0684
56.1054
54.1736
52.2728
50.4027
48.5628
46.7528
44.9723
43.2209
41.498
39.8033
38.136
36.4959
34.8821
33.2942
31.7316
30.1936
28.6795
27.1888
25.7206
24.2744
22.8495
21.4451
20.0606
18.6954
17.3489
16.0207
14.7106
13.4186
12.1454
10.8924
9.66213
8.45912
7.29024
6.16525
5.09636
4.09953
3.21309
2.45544
72.7376
138.377
148.993
147.314
144.876
142.154
139.303
136.464
133.653
130.864
128.094
125.343
122.615
119.909
117.228
114.572
111.941
109.334
106.751
104.194
101.661
99.1529
96.6709
94.2153
91.7866
89.3853
87.0121
84.6674
82.3517
80.0653
77.8086
75.582
73.3857
71.22
69.0849
66.9807
64.9074
62.8652
60.854
58.8738
56.9246
55.0064
53.1189
51.2622
49.4359
47.6399
45.8739
44.1377
42.4309
40.7532
39.1042
37.4835
35.8907
34.3253
32.7867
31.2745
29.7881
28.3269
26.8903
25.4777
24.0884
22.7218
21.3771
20.0538
18.7512
17.4686
16.2055
14.9614
13.7361
12.5296
11.3422
10.175
9.02997
7.91067
6.82269
5.77447
4.77809
3.85677
3.06709
2.4709
68.8957
158.036
167.299
159.174
151.321
144.886
139.601
135.195
131.388
127.979
124.839
121.883
119.057
116.324
113.659
111.045
108.474
105.936
103.428
100.947
98.4915
96.0611
93.6555
91.2748
88.9193
86.5894
84.2856
82.0084
79.7582
77.5355
75.3407
73.1742
71.0364
68.9276
66.848
64.7979
62.7775
60.787
58.8265
56.896
54.9958
53.1256
51.2857
49.4758
47.696
45.946
44.2257
42.535
40.8735
39.241
37.6373
36.0618
34.5144
32.9945
31.5017
30.0356
28.5955
27.1811
25.7916
24.4265
23.0852
21.767
20.4713
19.1974
17.9447
16.7126
15.5004
14.3077
13.1341
11.9795
10.8441
9.7286
8.63471
7.5655
6.52641
5.52645
4.58034
3.71734
2.99442
2.45301
67.4602
166.431
175.934
165.447
155.229
146.945
140.331
135.012
130.598
126.795
123.409
120.308
117.404
114.637
111.966
109.366
106.819
104.312
101.839
99.3955
96.9782
94.5859
92.218
89.8743
87.5549
85.2603
82.9907
80.7467
78.5287
76.3372
74.1726
72.0355
69.9261
67.8449
65.7922
63.7683
61.7733
59.8077
57.8714
55.9647
54.0878
52.2405
50.4231
48.6354
46.8775
45.1492
43.4504
41.781
40.1408
38.5296
36.947
35.3927
33.8665
32.3679
30.8965
29.4519
28.0335
26.6408
25.2734
23.9305
22.6117
21.3162
20.0434
18.7927
17.5634
16.3549
15.1666
13.9979
12.8486
11.7183
10.6071
9.51577
8.44568
7.39987
6.38393
5.40744
4.48646
3.65212
2.959
2.438
67.4602
166.431
175.934
165.447
155.229
146.945
140.331
135.012
130.598
126.795
123.409
120.308
117.404
114.637
111.966
109.366
106.819
104.312
101.839
99.3955
96.9782
94.5859
92.218
89.8743
87.5549
85.2603
82.9907
80.7467
78.5287
76.3372
74.1726
72.0355
69.9261
67.8449
65.7922
63.7683
61.7733
59.8077
57.8714
55.9647
54.0878
52.2405
50.4231
48.6354
46.8775
45.1492
43.4504
41.781
40.1408
38.5296
36.947
35.3927
33.8665
32.3679
30.8965
29.4519
28.0335
26.6408
25.2734
23.9305
22.6117
21.3162
20.0434
18.7927
17.5634
16.3549
15.1666
13.9979
12.8486
11.7183
10.6071
9.51577
8.44568
7.39987
6.38393
5.40744
4.48646
3.65212
2.959
2.438
68.8957
158.036
167.299
159.174
151.321
144.886
139.601
135.195
131.388
127.979
124.839
121.883
119.057
116.324
113.659
111.045
108.474
105.936
103.428
100.947
98.4915
96.0611
93.6555
91.2748
88.9193
86.5894
84.2856
82.0084
79.7582
77.5355
75.3407
73.1742
71.0364
68.9276
66.848
64.7979
62.7775
60.787
58.8265
56.896
54.9958
53.1256
51.2857
49.4758
47.696
45.946
44.2257
42.535
40.8735
39.241
37.6373
36.0618
34.5144
32.9945
31.5017
30.0356
28.5955
27.1811
25.7916
24.4265
23.0852
21.767
20.4713
19.1974
17.9447
16.7126
15.5004
14.3077
13.1341
11.9795
10.8441
9.7286
8.63471
7.5655
6.52641
5.52645
4.58034
3.71734
2.99442
2.45301
72.7376
138.377
148.993
147.314
144.876
142.154
139.303
136.464
133.653
130.864
128.094
125.343
122.615
119.909
117.228
114.572
111.941
109.334
106.751
104.194
101.661
99.1529
96.6709
94.2153
91.7866
89.3853
87.0121
84.6674
82.3517
80.0653
77.8086
75.582
73.3857
71.22
69.0849
66.9807
64.9074
62.8652
60.854
58.8738
56.9246
55.0064
53.1189
51.2622
49.4359
47.6399
45.8739
44.1377
42.4309
40.7532
39.1042
37.4835
35.8907
34.3253
32.7867
31.2745
29.7881
28.3269
26.8903
25.4777
24.0884
22.7218
21.3771
20.0538
18.7512
17.4686
16.2055
14.9614
13.7361
12.5296
11.3422
10.175
9.02997
7.91067
6.82269
5.77447
4.77809
3.85677
3.06709
2.4709
89.3148
105.729
128.375
137.605
141.46
142.488
141.951
140.531
138.571
136.269
133.753
131.11
128.396
125.65
122.894
120.143
117.405
114.686
111.989
109.315
106.667
104.045
101.451
98.8852
96.349
93.8427
91.3669
88.9222
86.5089
84.1274
81.7779
79.4607
77.1757
74.9232
72.7032
70.5157
68.3606
66.2379
64.1475
62.0892
60.0629
58.0684
56.1054
54.1736
52.2728
50.4027
48.5628
46.7528
44.9723
43.2209
41.498
39.8033
38.136
36.4959
34.8821
33.2942
31.7316
30.1936
28.6795
27.1888
25.7206
24.2744
22.8495
21.4451
20.0606
18.6954
17.3489
16.0207
14.7106
13.4186
12.1454
10.8924
9.66213
8.45912
7.29024
6.16525
5.09636
4.09953
3.21309
2.45544
165.201
141.678
143.556
141.764
141.279
141.442
141.485
141.084
140.11
138.573
136.563
134.191
131.564
128.771
125.879
122.938
119.982
117.033
114.106
111.209
108.348
105.525
102.742
99.9996
97.2985
94.6384
92.0194
89.4412
86.9038
84.4069
81.9504
79.5341
77.1576
74.8207
72.5232
70.2647
68.0449
65.8634
63.7199
61.6139
59.545
57.5128
55.5167
53.5562
51.6308
49.7399
47.883
46.0595
44.2686
42.5099
40.7826
39.086
37.4195
35.7823
34.1737
32.5929
31.0392
29.5117
28.0097
26.5323
25.0787
23.648
22.2395
20.8522
19.4852
18.1378
16.8092
15.4986
14.2054
12.9293
11.6704
10.4295
9.20861
8.01143
6.84417
5.71598
4.63804
3.61973
2.66121
1.68482
126.98
170.861
171.887
162.871
156.491
151.972
148.372
145.264
142.345
139.443
136.489
133.467
130.389
127.276
124.15
121.03
117.931
114.862
111.83
108.841
105.897
102.999
100.149
97.3459
94.5909
91.8837
89.2238
86.611
84.045
81.5253
79.0516
76.6235
74.2405
71.9021
69.608
67.3575
65.1502
62.9854
60.8628
58.7815
56.7412
54.741
52.7804
50.8588
48.9754
47.1296
45.3206
43.5477
41.8102
40.1073
38.4382
36.8021
35.1983
33.6259
32.0841
30.572
29.0887
27.6334
26.2052
24.8032
23.4264
22.074
20.7449
19.4384
18.1534
16.8891
15.6445
14.419
13.2118
12.0225
10.8509
9.69731
8.5631
7.45074
6.36465
5.31162
4.30135
3.34863
2.47152
1.66061
109.372
183.33
189.425
178.068
168.065
160.392
154.305
149.287
144.931
140.967
137.242
133.665
130.189
126.79
123.454
120.176
116.952
113.783
110.667
107.605
104.596
101.64
98.7373
95.8872
93.0895
90.3438
87.6498
85.007
82.415
79.8732
77.3812
74.9383
72.5441
70.198
67.8993
65.6475
63.4418
61.2817
59.1664
57.0952
55.0675
53.0825
51.1394
49.2375
47.376
45.5542
43.7712
42.0263
40.3185
38.6471
37.0113
35.41
33.8425
32.3079
30.8053
29.3337
27.8923
26.48
25.0959
23.7392
22.4087
21.1036
19.8228
18.5654
17.3304
16.1168
14.9238
13.7504
12.5958
11.4595
10.341
9.24043
8.15844
7.09703
6.06013
5.05481
4.09324
3.19651
2.38815
1.65499
102.347
189.018
197.176
184.973
173.592
164.604
157.397
151.473
146.407
141.902
137.771
133.895
130.202
126.643
123.191
119.825
116.534
113.312
110.152
107.052
104.01
101.026
98.0965
95.2228
92.4037
89.6388
86.9275
84.2694
81.664
79.1107
76.6089
74.158
71.7575
69.4067
67.1049
64.8514
62.6456
60.4867
58.374
56.3068
54.2842
52.3055
50.37
48.4767
46.6249
44.8138
43.0425
41.3102
39.6159
37.9589
36.3382
34.753
33.2023
31.6851
30.2007
28.7479
27.3259
25.9337
24.5703
23.2347
21.926
20.6431
19.385
18.1507
16.9392
15.7496
14.5809
13.4321
12.3024
11.191
10.0975
9.0217
7.96416
6.92666
5.91318
4.93127
3.99461
3.12687
2.35203
1.65164
102.347
189.018
197.176
184.973
173.592
164.604
157.397
151.473
146.407
141.902
137.771
133.895
130.202
126.643
123.191
119.825
116.534
113.312
110.152
107.052
104.01
101.026
98.0965
95.2228
92.4037
89.6388
86.9275
84.2694
81.664
79.1107
76.6089
74.158
71.7575
69.4067
67.1049
64.8514
62.6456
60.4867
58.374
56.3068
54.2842
52.3055
50.37
48.4767
46.6249
44.8138
43.0425
41.3102
39.6159
37.9589
36.3382
34.753
33.2023
31.6851
30.2007
28.7479
27.3259
25.9337
24.5703
23.2347
21.926
20.6431
19.385
18.1507
16.9392
15.7496
14.5809
13.4321
12.3024
11.191
10.0975
9.0217
7.96416
6.92666
5.91318
4.93127
3.99461
3.12687
2.35203
1.65164
109.372
183.33
189.425
178.068
168.065
160.392
154.305
149.287
144.931
140.967
137.242
133.665
130.189
126.79
123.454
120.176
116.952
113.783
110.667
107.605
104.596
101.64
98.7373
95.8872
93.0895
90.3438
87.6498
85.007
82.415
79.8732
77.3812
74.9383
72.5441
70.198
67.8993
65.6475
63.4418
61.2817
59.1664
57.0952
55.0675
53.0825
51.1394
49.2375
47.376
45.5542
43.7712
42.0263
40.3185
38.6471
37.0113
35.41
33.8425
32.3079
30.8053
29.3337
27.8923
26.48
25.0959
23.7392
22.4087
21.1036
19.8228
18.5654
17.3304
16.1168
14.9238
13.7504
12.5958
11.4595
10.341
9.24043
8.15844
7.09703
6.06013
5.05481
4.09324
3.19651
2.38815
1.65499
126.98
170.861
171.887
162.871
156.491
151.972
148.372
145.264
142.345
139.443
136.489
133.467
130.389
127.276
124.15
121.03
117.931
114.862
111.83
108.841
105.897
102.999
100.149
97.3459
94.5909
91.8837
89.2238
86.611
84.045
81.5253
79.0516
76.6235
74.2405
71.9021
69.608
67.3575
65.1502
62.9854
60.8628
58.7815
56.7412
54.741
52.7804
50.8588
48.9754
47.1296
45.3206
43.5477
41.8102
40.1073
38.4382
36.8021
35.1983
33.6259
32.0841
30.572
29.0887
27.6334
26.2052
24.8032
23.4264
22.074
20.7449
19.4384
18.1534
16.8891
15.6445
14.419
13.2118
12.0225
10.8509
9.69732
8.5631
7.45074
6.36465
5.31162
4.30135
3.34863
2.47152
1.66061
165.201
141.678
143.556
141.764
141.279
141.442
141.485
141.084
140.11
138.573
136.563
134.191
131.564
128.771
125.879
122.938
119.982
117.033
114.106
111.209
108.348
105.525
102.742
99.9996
97.2985
94.6384
92.0194
89.4412
86.9038
84.4069
81.9504
79.5341
77.1576
74.8207
72.5232
70.2647
68.0449
65.8634
63.7199
61.6139
59.545
57.5128
55.5167
53.5562
51.6308
49.7399
47.883
46.0595
44.2686
42.5099
40.7826
39.086
37.4195
35.7823
34.1737
32.5929
31.0392
29.5117
28.0097
26.5323
25.0787
23.648
22.2395
20.8522
19.4852
18.1378
16.8092
15.4986
14.2054
12.9293
11.6704
10.4295
9.20861
8.01143
6.84417
5.71598
4.63804
3.61973
2.66121
1.68482
390.203
367.426
367.811
358.078
350.478
344.731
339.239
333.408
327.031
320.102
312.72
305.012
297.098
289.076
281.021
272.985
265.005
257.105
249.3
241.6
234.011
226.537
219.179
211.94
204.821
197.822
190.945
184.19
177.558
171.05
164.665
158.406
152.271
146.262
140.379
134.622
128.992
123.488
118.112
112.863
107.742
102.747
97.8807
93.1414
88.5295
84.0448
79.6874
75.4568
71.353
67.3756
63.5243
59.7987
56.1983
52.7227
49.3712
46.1432
43.0378
40.0544
37.1918
34.449
31.8247
29.3175
26.9258
24.6476
22.481
20.4234
18.4721
16.6239
14.8751
13.2217
11.659
10.182
8.78506
7.46284
6.21051
5.02536
3.90931
2.87152
1.91808
0.974329
319.395
394.994
400.149
383.039
369.385
358.899
349.577
340.814
332.299
323.859
315.428
306.998
298.583
290.207
281.891
273.654
265.509
257.466
249.534
241.716
234.017
226.438
218.982
211.649
204.441
197.359
190.403
183.574
176.873
170.3
163.855
157.539
151.353
145.296
139.369
133.573
127.906
122.37
116.964
111.688
106.543
101.529
96.6441
91.8898
87.2655
82.771
78.406
74.1704
70.0638
66.0858
62.2361
58.5143
54.9199
51.4522
48.1109
44.8952
41.8043
38.8376
35.994
33.2726
30.6722
28.1915
25.8291
23.5832
21.452
19.4332
17.5242
15.7223
14.0239
12.4252
10.9218
9.5087
8.18038
6.93101
5.75493
4.64764
3.60822
2.64309
1.75944
0.935599
285.999
392.95
412.122
397.526
381.925
368.935
357.363
346.734
336.748
327.189
317.931
308.9
300.052
291.362
282.815
274.401
266.117
257.961
249.929
242.024
234.244
226.59
219.064
211.665
204.394
197.253
190.241
183.36
176.609
169.99
163.502
157.146
150.922
144.831
138.872
133.045
127.352
121.791
116.362
111.067
105.903
100.872
95.9736
91.2068
86.5717
82.0681
77.6957
73.4542
69.3431
65.3622
61.511
57.7889
54.1957
50.7306
47.3931
44.1825
41.0981
38.1392
35.3049
32.5941
30.0059
27.539
25.1919
22.9632
20.8511
18.8534
16.9679
15.1917
13.5216
11.954
10.4845
9.10814
7.81923
6.61161
5.47898
4.41614
3.42206
2.50551
1.68081
0.947767
273.894
392.095
416.144
402.953
387.203
373.549
361.165
349.751
339.088
328.982
319.3
309.95
300.866
292.002
283.326
274.815
266.456
258.238
250.155
242.205
234.385
226.694
219.133
211.701
204.4
197.23
190.191
183.284
176.509
169.867
163.358
156.982
150.74
144.632
138.657
132.816
127.109
121.536
116.096
110.791
105.618
100.579
95.6733
90.9001
86.2596
81.7513
77.375
73.1303
69.0169
65.0342
61.1818
57.4594
53.8663
50.402
47.0659
43.8574
40.7757
37.8201
34.9896
32.2835
29.7005
27.2395
24.8993
22.6781
20.5744
18.5862
16.711
14.9464
13.2891
11.7355
10.2814
8.92164
7.65061
6.46191
5.34901
4.30658
3.33404
2.44191
1.64794
0.957938
273.894
392.095
416.144
402.953
387.203
373.549
361.165
349.751
339.088
328.982
319.3
309.95
300.866
292.002
283.326
274.815
266.456
258.238
250.155
242.205
234.385
226.694
219.133
211.701
204.4
197.23
190.191
183.284
176.509
169.867
163.358
156.982
150.74
144.632
138.657
132.816
127.109
121.536
116.096
110.791
105.618
100.579
95.6733
90.9001
86.2596
81.7513
77.375
73.1303
69.0169
65.0342
61.1818
57.4594
53.8663
50.402
47.0659
43.8574
40.7757
37.8201
34.9896
32.2835
29.7005
27.2395
24.8993
22.6781
20.5744
18.5862
16.711
14.9464
13.2891
11.7355
10.2814
8.92164
7.65061
6.46191
5.34901
4.30658
3.33404
2.44191
1.64794
0.957938
285.999
392.95
412.122
397.526
381.925
368.935
357.363
346.734
336.748
327.189
317.931
308.9
300.052
291.362
282.815
274.401
266.117
257.961
249.929
242.024
234.244
226.59
219.064
211.665
204.394
197.253
190.241
183.36
176.609
169.99
163.502
157.146
150.922
144.831
138.872
133.045
127.352
121.791
116.362
111.067
105.903
100.872
95.9736
91.2068
86.5717
82.0681
77.6957
73.4542
69.3431
65.3622
61.511
57.7889
54.1957
50.7306
47.3931
44.1825
41.0981
38.1392
35.3049
32.5941
30.0059
27.539
25.1919
22.9632
20.8511
18.8534
16.9679
15.1917
13.5216
11.954
10.4845
9.10814
7.81923
6.61161
5.47898
4.41613
3.42206
2.50551
1.68081
0.947768
319.395
394.994
400.149
383.039
369.385
358.899
349.577
340.814
332.299
323.859
315.428
306.998
298.583
290.207
281.891
273.654
265.509
257.466
249.534
241.716
234.017
226.438
218.982
211.649
204.441
197.359
190.403
183.574
176.873
170.3
163.855
157.539
151.353
145.296
139.369
133.573
127.906
122.37
116.964
111.688
106.543
101.529
96.6441
91.8898
87.2655
82.771
78.406
74.1704
70.0638
66.0858
62.2361
58.5143
54.9199
51.4522
48.1109
44.8952
41.8043
38.8376
35.994
33.2726
30.6722
28.1915
25.8291
23.5832
21.452
19.4332
17.5242
15.7223
14.0239
12.4252
10.9218
9.5087
8.18038
6.93101
5.75493
4.64764
3.60822
2.64309
1.75944
0.935599
390.203
367.426
367.811
358.078
350.478
344.731
339.239
333.408
327.031
320.102
312.72
305.012
297.098
289.076
281.021
272.985
265.005
257.105
249.3
241.6
234.011
226.537
219.179
211.94
204.821
197.822
190.945
184.19
177.558
171.05
164.665
158.406
152.271
146.262
140.379
134.622
128.992
123.488
118.112
112.863
107.742
102.747
97.8807
93.1414
88.5295
84.0448
79.6874
75.4568
71.353
67.3756
63.5243
59.7987
56.1983
52.7227
49.3712
46.1432
43.0378
40.0544
37.1918
34.449
31.8247
29.3175
26.9258
24.6476
22.481
20.4234
18.4721
16.6239
14.8751
13.2217
11.659
10.182
8.78505
7.46284
6.21051
5.02535
3.90931
2.87152
1.91808
0.974328
637.449
602.206
590.021
573.455
563.073
554.568
545.272
534.842
523.427
511.261
498.586
485.607
472.479
459.316
446.195
433.168
420.268
407.517
394.927
382.508
370.266
358.203
346.323
334.627
323.119
311.799
300.669
289.731
278.986
268.436
258.081
247.924
237.964
228.205
218.645
209.287
200.131
191.178
182.429
173.885
165.545
157.412
149.485
141.765
134.252
126.946
119.849
112.96
106.28
99.8086
93.5463
87.4932
81.6494
76.015
70.59
65.3745
60.3683
55.5714
50.9836
46.6047
42.4345
38.4726
34.7186
31.172
27.8321
24.698
21.7686
19.0425
16.5178
14.1918
12.061
10.1205
8.36338
6.78038
5.35909
4.08447
2.9423
1.92924
1.07049
0.399987
544.57
636.841
629.897
603.709
585.948
571.684
557.727
543.78
529.852
515.949
502.098
488.329
474.667
461.136
447.751
434.523
421.462
408.573
395.861
383.328
370.979
358.815
346.839
335.052
323.457
312.055
300.847
289.835
279.021
268.405
257.99
247.775
237.763
227.954
218.348
208.947
199.752
190.763
181.981
173.406
165.039
156.88
148.93
141.19
133.658
126.337
119.225
112.324
105.633
99.1519
92.8819
86.8225
80.9737
75.3356
69.9082
64.6913
59.6849
54.8888
50.3028
45.9268
41.7605
37.8035
34.0555
30.516
27.1844
24.0601
21.1422
18.4296
15.9209
13.6141
11.5067
9.59498
7.87383
6.33594
4.97121
3.76634
2.70637
1.78014
0.993337
0.383246
509.423
630.201
640.51
618.56
599.699
583.198
566.883
550.839
535.22
520.029
505.232
490.785
476.643
462.771
449.14
435.731
422.529
409.526
396.717
384.099
371.671
359.435
347.39
335.539
323.882
312.421
301.158
290.094
279.23
268.568
258.108
247.853
237.802
227.956
218.317
208.885
199.661
190.645
181.837
173.239
164.851
156.673
148.705
140.948
133.402
126.067
118.944
112.031
105.331
98.8415
92.564
86.4982
80.6439
75.0012
69.57
64.3501
59.3413
54.5436
49.9568
45.5805
41.4145
37.4584
33.712
30.1748
26.8462
23.7258
20.8127
18.1062
15.6051
13.3079
11.2126
9.31629
7.61467
6.10124
4.7663
3.59606
2.57348
1.68443
0.938203
0.40383
498.778
627.135
642.942
623.306
605.053
588.289
571.267
554.401
538.025
522.21
506.928
492.117
477.71
463.645
449.874
436.361
423.081
410.015
397.155
384.492
372.025
359.752
347.673
335.79
324.103
312.613
301.323
290.233
279.345
268.66
258.179
247.903
237.833
227.97
218.314
208.867
199.628
190.599
181.78
173.171
164.772
156.585
148.608
140.843
133.29
125.949
118.82
111.902
105.197
98.7039
92.423
86.3542
80.4974
74.8526
69.4196
64.1984
59.1887
54.3903
49.8031
45.4267
41.2609
37.3054
33.5598
30.0237
26.6965
23.5779
20.6671
17.9633
15.4657
13.173
11.0833
9.19419
7.50152
5.99905
4.67705
3.52135
2.51415
1.64118
0.916152
0.420583
498.778
627.135
642.942
623.306
605.053
588.289
571.267
554.401
538.025
522.21
506.928
492.117
477.71
463.645
449.874
436.361
423.081
410.015
397.155
384.492
372.025
359.752
347.673
335.79
324.103
312.613
301.323
290.233
279.345
268.66
258.179
247.903
237.833
227.97
218.314
208.867
199.628
190.599
181.78
173.171
164.772
156.585
148.608
140.843
133.29
125.949
118.82
111.902
105.197
98.7039
92.423
86.3542
80.4974
74.8526
69.4196
64.1984
59.1887
54.3903
49.8031
45.4267
41.2609
37.3054
33.5598
30.0237
26.6965
23.5779
20.6671
17.9633
15.4657
13.173
11.0833
9.19419
7.50152
5.99905
4.67706
3.52135
2.51415
1.64118
0.91615
0.420581
509.423
630.201
640.51
618.56
599.699
583.198
566.883
550.839
535.22
520.029
505.232
490.785
476.643
462.771
449.14
435.731
422.529
409.526
396.717
384.099
371.671
359.435
347.39
335.539
323.882
312.421
301.158
290.094
279.23
268.568
258.108
247.853
237.802
227.956
218.317
208.885
199.661
190.645
181.837
173.239
164.851
156.673
148.705
140.948
133.402
126.067
118.944
112.031
105.331
98.8415
92.564
86.4982
80.6439
75.0012
69.57
64.3501
59.3413
54.5436
49.9568
45.5805
41.4145
37.4584
33.712
30.1748
26.8462
23.7258
20.8127
18.1062
15.6051
13.3079
11.2126
9.31629
7.61467
6.10124
4.7663
3.59606
2.57348
1.68443
0.938202
0.403827
544.57
636.841
629.897
603.709
585.948
571.684
557.727
543.78
529.852
515.949
502.098
488.329
474.667
461.136
447.751
434.523
421.462
408.573
395.861
383.328
370.979
358.815
346.839
335.052
323.457
312.055
300.847
289.835
279.021
268.405
257.99
247.775
237.763
227.954
218.348
208.947
199.752
190.763
181.981
173.406
165.039
156.88
148.93
141.19
133.658
126.337
119.225
112.324
105.633
99.1519
92.8819
86.8225
80.9737
75.3356
69.9082
64.6913
59.6849
54.8888
50.3028
45.9268
41.7605
37.8035
34.0555
30.516
27.1844
24.0601
21.1422
18.4296
15.9209
13.6141
11.5067
9.59498
7.87383
6.33594
4.97121
3.76634
2.70637
1.78014
0.993338
0.383246
637.449
602.206
590.021
573.455
563.073
554.568
545.272
534.842
523.427
511.261
498.586
485.607
472.479
459.316
446.195
433.168
420.268
407.517
394.927
382.508
370.266
358.203
346.323
334.627
323.119
311.799
300.669
289.731
278.986
268.436
258.081
247.924
237.964
228.205
218.645
209.287
200.131
191.178
182.429
173.885
165.545
157.412
149.485
141.765
134.252
126.946
119.849
112.96
106.28
99.8086
93.5463
87.4932
81.6494
76.015
70.59
65.3745
60.3683
55.5714
50.9836
46.6047
42.4345
38.4726
34.7186
31.172
27.8321
24.698
21.7686
19.0425
16.5178
14.1918
12.061
10.1205
8.36338
6.78038
5.35909
4.08447
2.9423
1.92924
1.07048
0.399982
946.07
810.551
798.734
789.164
779.056
767.202
753.104
737.294
720.339
702.681
684.64
666.437
648.217
630.076
612.072
594.242
576.611
559.192
541.995
525.027
508.292
491.795
475.538
459.524
443.756
428.236
412.968
397.952
383.193
368.691
354.448
340.468
326.751
313.3
300.117
287.202
274.558
262.186
250.088
238.265
226.718
215.449
204.459
193.749
183.32
173.173
163.309
153.729
144.435
135.426
126.704
118.269
110.122
102.263
94.6938
87.4141
80.4245
73.7255
67.3173
61.2004
55.375
49.8414
44.5997
39.6501
34.9926
30.6273
26.554
22.7727
19.2831
16.0848
13.1772
10.5596
8.23113
6.19098
4.43876
2.97514
1.80298
0.92757
0.358119
0.0994293
854.82
842.428
839.54
821.733
803.934
785.759
766.553
746.904
727.23
707.714
688.431
669.403
650.635
632.119
613.849
595.82
578.029
560.474
543.156
526.076
509.236
492.639
476.287
460.183
444.329
428.729
413.384
398.297
383.469
368.904
354.603
340.568
326.8
313.302
300.074
287.119
274.438
262.033
249.904
238.053
226.481
215.189
204.178
193.45
183.005
172.844
162.969
153.379
144.076
135.06
126.332
117.892
109.742
101.882
94.3111
87.0312
80.0422
73.3444
66.9382
60.8238
55.0014
49.4711
44.2331
39.2875
34.6342
30.2733
26.2046
22.4282
18.9439
15.7517
12.8514
10.2434
7.92798
5.90652
4.1814
2.75667
1.63794
0.828553
0.320513
0.0713949
833.097
824.626
844.07
835.021
817.819
797.749
776.168
754.336
732.881
712.007
691.73
671.996
652.731
633.868
615.35
597.14
579.211
561.545
544.133
526.97
510.055
493.387
476.969
460.802
444.889
429.231
413.832
398.694
383.819
369.209
354.865
340.79
326.985
313.452
300.192
287.207
274.499
262.068
249.915
238.042
226.45
215.141
204.114
193.371
182.912
172.74
162.853
153.254
143.943
134.919
126.185
117.74
109.586
101.721
94.1479
86.8657
79.8749
73.176
66.7691
60.6544
54.832
49.3022
44.0649
39.1203
34.4682
30.1088
26.042
22.2678
18.7864
15.5981
12.7032
10.1027
7.79794
5.79107
4.08507
2.68343
1.58905
0.799893
0.301755
0.0634358
829.187
815.56
842.631
838.369
822.919
802.938
780.726
758.066
735.827
714.298
693.514
673.401
653.862
634.801
616.143
597.83
579.823
562.096
544.634
527.428
510.474
493.771
477.319
461.121
445.178
429.492
414.067
398.903
384.004
369.371
355.007
340.912
327.088
313.538
300.262
287.263
274.54
262.096
249.932
238.049
226.447
215.128
204.093
193.343
182.878
172.699
162.808
153.204
143.888
134.861
126.124
117.677
109.52
101.654
94.0786
86.7953
79.8037
73.1042
66.6969
60.5821
54.7598
49.2302
43.9933
39.0492
34.3978
30.0392
25.9734
22.2006
18.7209
15.5349
12.6433
10.0473
7.7486
5.74966
4.05331
2.66225
1.57761
0.79498
0.298709
0.0623107
829.187
815.56
842.631
838.369
822.919
802.938
780.726
758.066
735.827
714.298
693.514
673.401
653.862
634.801
616.143
597.83
579.823
562.096
544.634
527.428
510.474
493.771
477.319
461.121
445.178
429.492
414.067
398.903
384.004
369.371
355.007
340.912
327.088
313.538
300.262
287.263
274.54
262.096
249.932
238.049
226.447
215.128
204.093
193.343
182.878
172.699
162.808
153.204
143.888
134.861
126.124
117.677
109.52
101.654
94.0786
86.7953
79.8037
73.1042
66.6969
60.5821
54.7598
49.2302
43.9933
39.0492
34.3978
30.0392
25.9734
22.2006
18.7209
15.5349
12.6433
10.0473
7.7486
5.74966
4.05331
2.66225
1.57761
0.794984
0.298709
0.0623174
833.097
824.626
844.07
835.021
817.819
797.749
776.168
754.336
732.881
712.007
691.73
671.996
652.731
633.868
615.35
597.14
579.211
561.545
544.133
526.97
510.055
493.387
476.969
460.802
444.889
429.231
413.832
398.694
383.819
369.209
354.865
340.79
326.985
313.452
300.192
287.207
274.499
262.068
249.915
238.042
226.45
215.141
204.114
193.371
182.912
172.74
162.853
153.254
143.943
134.919
126.185
117.74
109.586
101.721
94.1479
86.8657
79.8749
73.176
66.7691
60.6544
54.832
49.3022
44.0649
39.1203
34.4682
30.1088
26.042
22.2678
18.7864
15.5981
12.7032
10.1027
7.79794
5.79107
4.08507
2.68343
1.58905
0.799897
0.301756
0.0634394
854.82
842.428
839.54
821.733
803.934
785.759
766.553
746.904
727.23
707.714
688.431
669.403
650.635
632.119
613.849
595.82
578.029
560.474
543.156
526.076
509.236
492.639
476.287
460.183
444.329
428.729
413.384
398.297
383.469
368.904
354.603
340.568
326.8
313.302
300.074
287.119
274.438
262.033
249.904
238.053
226.481
215.189
204.178
193.45
183.005
172.844
162.969
153.379
144.076
135.06
126.332
117.892
109.742
101.882
94.3111
87.0312
80.0422
73.3444
66.9382
60.8238
55.0014
49.4711
44.2331
39.2875
34.6342
30.2733
26.2046
22.4282
18.9439
15.7517
12.8514
10.2434
7.92798
5.90652
4.1814
2.75667
1.63795
0.828557
0.320514
0.0713966
946.07
810.551
798.734
789.164
779.056
767.202
753.104
737.294
720.339
702.681
684.64
666.437
648.217
630.076
612.072
594.242
576.611
559.192
541.995
525.027
508.292
491.795
475.538
459.524
443.756
428.236
412.968
397.952
383.193
368.691
354.448
340.468
326.751
313.3
300.117
287.202
274.558
262.186
250.088
238.265
226.718
215.449
204.459
193.749
183.32
173.173
163.309
153.729
144.435
135.426
126.704
118.269
110.122
102.263
94.6938
87.4141
80.4245
73.7255
67.3173
61.2004
55.375
49.8414
44.5997
39.6501
34.9926
30.6273
26.554
22.7727
19.2831
16.0848
13.1772
10.5596
8.23113
6.19098
4.43875
2.97514
1.80298
0.927571
0.358118
0.0994364
)
;

boundaryField
{
    left
    {
        type            calculated;
        value           nonuniform List<scalar> 
64
(
1230
1035.5
1019.64
1022.38
1022.38
1019.64
1035.5
1230
663.845
484.504
437.258
424.213
424.213
437.258
484.504
663.845
348.64
233.103
188.39
172.116
172.116
188.39
233.103
348.64
123.947
76.7259
69.9479
68.392
68.392
69.9479
76.7259
123.947
205.647
124.469
94.801
82.6103
82.6103
94.801
124.469
205.647
427.246
278.536
215.449
190.958
190.958
215.449
278.536
427.246
678.374
487.329
431.831
416.991
416.991
431.831
487.329
678.374
1066.99
884.053
869.765
874.651
874.651
869.765
884.053
1066.99
)
;
    }
    right
    {
        type            calculated;
        value           nonuniform List<scalar> 
64
(
4.07266
4.09392
4.07951
4.06492
4.06492
4.07951
4.09393
4.07266
3.76444
3.81113
3.77954
3.75621
3.75621
3.77954
3.81113
3.76444
3.15915
3.23003
3.20223
3.17853
3.17853
3.20224
3.23003
3.15914
2.3289
2.39381
2.37788
2.36263
2.36263
2.37788
2.39381
2.3289
1.4536
1.49002
1.49867
1.50064
1.50064
1.49866
1.49002
1.4536
0.705603
0.720155
0.767577
0.793189
0.79319
0.767578
0.720154
0.705603
0.208916
0.212426
0.276396
0.310747
0.310745
0.276393
0.212426
0.208909
0.0773581
0.0115575
0.0135365
0.00761353
0.0076228
0.0135223
0.0115374
0.0773733
)
;
    }
    back
    {
        type            calculated;
        value           nonuniform List<scalar> 
640
(
1143.39
690.46
363.268
107.671
191.493
431.434
690.538
998.043
949.535
636.766
345.902
96.9646
131.839
351.874
579.843
787.625
920.002
638.797
366.775
120.523
130.115
350.277
567.383
774.594
903.415
629.789
371.168
133.793
131.211
345.069
557.338
771.459
890.223
619.833
368.808
140.227
133.531
340.732
551.188
766.011
875.85
609.547
363.855
142.873
136.057
337.462
545.805
757.658
859.068
598.166
357.517
143.391
137.98
333.958
538.971
746.293
840.104
585.598
350.32
142.647
138.98
329.638
530.368
732.494
819.489
572.023
342.527
141.106
139.009
324.356
520.24
716.941
797.759
557.693
334.32
139.05
138.172
318.197
508.955
700.226
775.361
542.864
325.845
136.665
136.644
311.345
496.871
682.807
752.642
527.752
317.22
134.078
134.602
304.001
484.285
665.011
729.851
512.526
308.537
131.373
132.202
296.337
471.421
647.059
707.163
497.308
299.859
128.606
129.569
288.492
458.439
629.098
684.695
482.185
291.23
125.812
126.795
280.567
445.448
611.221
662.525
467.215
282.681
123.011
123.943
272.633
432.518
593.485
640.701
452.437
274.231
120.218
121.059
264.736
419.697
575.929
619.255
437.875
265.891
117.441
118.169
256.908
407.014
558.574
598.204
423.546
257.67
114.683
115.294
249.167
394.485
541.434
577.558
409.46
249.574
111.949
112.442
241.527
382.122
524.518
557.322
395.622
241.606
109.241
109.621
233.993
369.932
507.833
537.498
382.038
233.769
106.56
106.834
226.572
357.919
491.383
518.085
368.708
226.065
103.907
104.084
219.264
346.086
475.171
499.082
355.635
218.496
101.285
101.371
212.073
334.437
459.2
480.486
342.818
211.062
98.6924
98.695
204.999
322.971
443.473
462.296
330.259
203.765
96.1316
96.0571
198.043
311.692
427.992
444.509
317.956
196.606
93.6025
93.4571
191.206
300.601
412.76
427.12
305.909
189.584
91.1059
90.8949
184.489
289.7
397.779
410.128
294.118
182.701
88.6419
88.3703
177.892
278.989
383.052
393.529
282.582
175.956
86.211
85.8834
171.417
268.471
368.581
377.32
271.3
169.35
83.8132
83.434
165.064
258.147
354.367
361.497
260.27
162.883
81.4488
81.022
158.833
248.017
340.413
346.057
249.492
156.554
79.1178
78.6473
152.725
238.085
326.721
330.998
238.965
150.364
76.8201
76.3097
146.74
228.349
313.293
316.315
228.688
144.312
74.5559
74.0091
140.88
218.812
300.131
302.006
218.659
138.398
72.325
71.7451
135.144
209.475
287.236
288.067
208.878
132.622
70.1274
69.5177
129.533
200.339
274.61
274.495
199.342
126.983
67.9628
67.3265
124.047
191.404
262.255
261.287
190.051
121.482
65.8311
65.1713
118.686
182.672
250.172
248.44
181.004
116.117
63.7322
63.0516
113.451
174.142
238.363
235.951
172.199
110.888
61.6657
60.9672
108.342
165.817
226.829
223.818
163.634
105.796
59.6314
58.9176
103.359
157.696
215.571
212.036
155.31
100.838
57.629
56.9025
98.502
149.78
204.591
200.603
147.224
96.0155
55.6582
54.9214
93.771
142.07
193.89
189.517
139.375
91.327
53.7187
52.9738
89.166
134.566
183.47
178.774
131.761
86.7721
51.8099
51.0594
84.687
127.269
173.33
168.372
124.383
82.35
49.9317
49.1774
80.3339
120.179
163.473
158.309
117.237
78.0602
48.0834
47.3275
76.1065
113.297
153.899
148.581
110.324
73.9019
46.2646
45.5091
72.0047
106.622
144.609
139.186
103.641
69.8743
44.4749
43.7215
68.028
100.155
135.604
130.122
97.1875
65.9766
42.7138
41.9642
64.1764
93.8965
126.885
121.387
90.9626
62.208
40.9807
40.2365
60.4493
87.8464
118.453
112.978
84.9646
58.5675
39.275
38.5378
56.8463
82.0051
110.308
104.892
79.1925
55.0541
37.5962
36.8674
53.3669
76.3724
102.451
97.1286
73.645
51.6669
35.9437
35.2247
50.0105
70.9486
94.8829
89.6845
68.3209
48.4046
34.3168
33.6089
46.7764
65.7335
87.6039
82.558
63.219
45.2661
32.715
32.0193
43.6639
60.7273
80.6146
75.7473
58.3381
42.2501
31.1375
30.4551
40.672
55.9298
73.9155
69.2504
53.677
39.3551
29.5838
28.9157
37.7998
51.3409
67.5071
63.0657
49.2345
36.5796
28.053
27.4001
35.046
46.9603
61.3895
57.1913
45.0093
33.922
26.5446
25.9077
32.4094
42.7879
55.5632
51.6259
41.0002
31.3804
25.0578
24.4375
29.8886
38.8231
50.0284
46.3679
37.2058
28.9528
23.5919
22.9888
27.4817
35.0657
44.7855
41.4161
33.6248
26.6371
22.1463
21.5608
25.1869
31.5151
39.8344
36.7692
30.2558
24.4309
20.7202
20.1527
23.002
28.1704
35.1754
32.4263
27.097
22.3315
19.3131
18.7635
20.9243
25.0308
30.8084
28.3867
24.1468
20.3361
17.9244
17.3926
18.9511
22.095
26.7333
24.6498
21.4032
18.4417
16.5537
16.0393
17.0791
19.3614
22.95
21.2155
18.8637
16.645
15.2007
14.703
15.3045
16.8277
19.4582
18.084
16.5256
14.9425
13.8657
13.3835
13.6231
14.4912
16.2572
15.2563
14.3854
13.3307
12.5493
12.081
12.0302
12.3477
13.3464
12.7342
12.4388
11.8059
11.2531
10.7965
10.5208
10.3916
10.7243
10.5207
10.6802
10.3648
9.98006
9.53238
9.08933
8.61549
8.38959
8.62106
9.10304
9.00479
8.73509
8.29291
7.73058
7.00891
6.34021
7.04251
7.69991
7.72446
7.52576
7.08524
6.44013
5.55844
4.57434
5.79399
6.46426
6.52547
6.36257
5.91967
5.21609
4.24817
3.0909
4.88201
5.39576
5.41609
5.2578
4.8081
4.06174
3.06414
1.89123
4.30055
4.51632
4.42259
4.22342
3.75717
2.98774
2.00712
0.981514
4.03418
3.90848
3.63118
3.2885
2.75953
2.00178
1.11388
0.379738
4.02601
3.72406
3.16037
2.45202
1.70585
1.00555
0.420161
0.120565
)
;
    }
    front
    {
        type            calculated;
        value           nonuniform List<scalar> 
640
(
1143.39
690.46
363.268
107.671
191.493
431.434
690.538
998.043
949.535
636.766
345.902
96.9646
131.839
351.874
579.843
787.625
920.002
638.797
366.775
120.523
130.115
350.277
567.383
774.594
903.415
629.789
371.168
133.793
131.211
345.069
557.338
771.459
890.223
619.833
368.808
140.227
133.531
340.732
551.188
766.011
875.85
609.547
363.855
142.873
136.057
337.462
545.805
757.658
859.068
598.166
357.517
143.391
137.98
333.958
538.971
746.293
840.104
585.598
350.32
142.647
138.98
329.638
530.368
732.494
819.489
572.023
342.527
141.106
139.009
324.356
520.24
716.941
797.759
557.693
334.32
139.05
138.172
318.197
508.955
700.226
775.361
542.864
325.845
136.665
136.644
311.345
496.871
682.807
752.642
527.752
317.22
134.078
134.602
304.001
484.285
665.011
729.851
512.526
308.537
131.373
132.202
296.337
471.421
647.059
707.163
497.308
299.859
128.606
129.569
288.492
458.439
629.098
684.695
482.185
291.23
125.812
126.795
280.567
445.448
611.221
662.525
467.215
282.681
123.011
123.943
272.633
432.518
593.485
640.701
452.437
274.231
120.218
121.059
264.736
419.697
575.929
619.255
437.875
265.891
117.441
118.169
256.908
407.014
558.574
598.204
423.546
257.67
114.683
115.294
249.167
394.485
541.434
577.558
409.46
249.574
111.949
112.442
241.527
382.122
524.518
557.322
395.622
241.606
109.241
109.621
233.993
369.932
507.833
537.498
382.038
233.769
106.56
106.834
226.572
357.919
491.383
518.085
368.708
226.065
103.907
104.084
219.264
346.086
475.171
499.082
355.635
218.496
101.285
101.371
212.073
334.437
459.2
480.486
342.818
211.062
98.6924
98.695
204.999
322.971
443.473
462.296
330.259
203.765
96.1316
96.0571
198.043
311.692
427.992
444.509
317.956
196.606
93.6025
93.4571
191.206
300.601
412.76
427.12
305.909
189.584
91.1059
90.8949
184.489
289.7
397.779
410.128
294.118
182.701
88.6419
88.3703
177.892
278.989
383.052
393.529
282.582
175.956
86.211
85.8834
171.417
268.471
368.581
377.32
271.3
169.35
83.8132
83.434
165.064
258.147
354.367
361.497
260.27
162.883
81.4488
81.022
158.833
248.017
340.413
346.057
249.492
156.554
79.1178
78.6473
152.725
238.085
326.721
330.998
238.965
150.364
76.8201
76.3097
146.74
228.349
313.293
316.315
228.688
144.312
74.5559
74.0091
140.88
218.812
300.131
302.006
218.659
138.398
72.325
71.7451
135.144
209.475
287.236
288.067
208.878
132.622
70.1274
69.5177
129.533
200.339
274.61
274.495
199.342
126.983
67.9628
67.3265
124.047
191.404
262.255
261.287
190.051
121.482
65.8311
65.1713
118.686
182.672
250.172
248.44
181.004
116.117
63.7322
63.0516
113.451
174.142
238.363
235.951
172.199
110.888
61.6657
60.9672
108.342
165.817
226.829
223.818
163.634
105.796
59.6314
58.9176
103.359
157.696
215.571
212.036
155.31
100.838
57.629
56.9025
98.502
149.78
204.591
200.603
147.224
96.0155
55.6582
54.9214
93.771
142.07
193.89
189.517
139.375
91.327
53.7187
52.9738
89.166
134.566
183.47
178.774
131.761
86.7721
51.8099
51.0594
84.687
127.269
173.33
168.372
124.383
82.35
49.9317
49.1774
80.3339
120.179
163.473
158.309
117.237
78.0602
48.0834
47.3275
76.1065
113.297
153.899
148.581
110.324
73.9019
46.2646
45.5091
72.0047
106.622
144.609
139.186
103.641
69.8743
44.4749
43.7215
68.028
100.155
135.604
130.122
97.1875
65.9766
42.7138
41.9642
64.1764
93.8965
126.885
121.387
90.9626
62.208
40.9807
40.2365
60.4493
87.8465
118.453
112.978
84.9646
58.5675
39.275
38.5378
56.8463
82.0051
110.308
104.892
79.1925
55.0541
37.5962
36.8674
53.3669
76.3724
102.451
97.1286
73.645
51.6669
35.9437
35.2247
50.0105
70.9486
94.8829
89.6845
68.3209
48.4046
34.3168
33.6089
46.7764
65.7335
87.6039
82.558
63.219
45.2661
32.715
32.0193
43.6639
60.7273
80.6146
75.7473
58.3381
42.2501
31.1375
30.4551
40.672
55.9298
73.9155
69.2504
53.677
39.3551
29.5838
28.9157
37.7998
51.3409
67.5071
63.0657
49.2345
36.5796
28.053
27.4001
35.046
46.9603
61.3895
57.1913
45.0093
33.922
26.5446
25.9076
32.4094
42.7879
55.5632
51.6259
41.0002
31.3804
25.0578
24.4375
29.8886
38.8231
50.0284
46.3679
37.2058
28.9528
23.5919
22.9888
27.4817
35.0657
44.7855
41.4161
33.6248
26.6371
22.1463
21.5608
25.1869
31.5151
39.8344
36.7692
30.2558
24.4309
20.7202
20.1527
23.002
28.1704
35.1754
32.4263
27.097
22.3315
19.3131
18.7635
20.9243
25.0308
30.8084
28.3867
24.1468
20.3361
17.9244
17.3926
18.9511
22.095
26.7333
24.6498
21.4032
18.4417
16.5537
16.0393
17.0791
19.3614
22.95
21.2155
18.8637
16.645
15.2007
14.703
15.3045
16.8277
19.4582
18.084
16.5256
14.9425
13.8657
13.3835
13.6231
14.4912
16.2572
15.2563
14.3854
13.3307
12.5493
12.081
12.0302
12.3477
13.3464
12.7342
12.4388
11.8059
11.2531
10.7965
10.5208
10.3916
10.7243
10.5207
10.6802
10.3648
9.98006
9.53238
9.08933
8.61549
8.38959
8.62105
9.10304
9.00479
8.73509
8.29292
7.73058
7.00891
6.34021
7.04251
7.69991
7.72446
7.52576
7.08524
6.44014
5.55844
4.57434
5.79399
6.46426
6.52547
6.36257
5.91967
5.21609
4.24817
3.09089
4.88202
5.39576
5.41609
5.2578
4.8081
4.06174
3.06414
1.89122
4.30056
4.51632
4.42258
4.22342
3.75717
2.98775
2.00712
0.981513
4.03418
3.90847
3.63117
3.2885
2.75953
2.00178
1.11389
0.379741
4.02601
3.72407
3.16037
2.45201
1.70585
1.00555
0.42017
0.120551
)
;
    }
    top
    {
        type            calculated;
        value           nonuniform List<scalar> 
640
(
1101.65
1014.83
1002.61
1003.19
1003.19
1002.61
1014.83
1101.65
908.936
938.701
914.39
901.577
901.577
914.39
938.701
908.936
900.533
941.628
942.85
939.21
939.21
942.85
941.628
900.533
896.221
930.025
942.648
945.341
945.341
942.648
930.025
896.221
886.621
912.497
926.551
931.609
931.609
926.551
912.497
886.621
873.224
892.386
904.627
909.913
909.913
904.627
892.386
873.224
856.843
870.583
880.363
885.015
885.015
880.363
870.583
856.843
838.458
848.133
855.631
859.419
859.419
855.631
848.133
838.458
818.84
825.649
831.283
834.249
834.249
831.283
825.649
818.84
798.532
803.396
807.61
809.89
809.89
807.61
803.396
798.532
777.898
781.468
784.646
786.395
786.395
784.646
781.468
777.898
757.168
759.885
762.329
763.683
763.683
762.329
759.885
757.168
736.485
738.635
740.567
741.637
741.637
740.567
738.635
736.485
715.932
717.699
719.274
720.141
720.141
719.274
717.699
715.932
695.562
697.058
698.38
699.103
699.103
698.38
697.058
695.562
675.405
676.698
677.837
678.455
678.455
677.837
676.698
675.405
655.478
656.609
657.61
658.15
658.15
657.61
656.609
655.478
635.793
636.787
637.678
638.157
638.157
637.678
636.787
635.793
616.358
617.231
618.028
618.457
618.457
618.028
617.231
616.358
597.178
597.939
598.655
599.041
599.041
598.655
597.939
597.178
578.257
578.913
579.555
579.903
579.903
579.555
578.913
578.257
559.598
560.156
560.729
561.043
561.043
560.729
560.156
559.598
541.206
541.67
542.179
542.46
542.46
542.179
541.67
541.206
523.083
523.459
523.907
524.158
524.158
523.907
523.459
523.083
505.233
505.525
505.916
506.138
506.138
505.916
505.525
505.233
487.658
487.871
488.207
488.402
488.402
488.207
487.871
487.658
470.36
470.501
470.785
470.955
470.955
470.785
470.501
470.36
453.344
453.416
453.652
453.797
453.797
453.652
453.416
453.344
436.611
436.619
436.81
436.933
436.933
436.81
436.619
436.611
420.164
420.113
420.262
420.364
420.364
420.262
420.113
420.164
404.006
403.9
404.01
404.092
404.092
404.01
403.9
404.006
388.139
387.983
388.057
388.12
388.12
388.057
387.983
388.139
372.565
372.363
372.403
372.45
372.45
372.403
372.363
372.565
357.287
357.043
357.052
357.083
357.083
357.052
357.043
357.287
342.307
342.025
342.006
342.022
342.022
342.006
342.025
342.307
327.626
327.31
327.265
327.268
327.268
327.265
327.31
327.626
313.248
312.901
312.833
312.823
312.823
312.833
312.901
313.248
299.173
298.8
298.71
298.689
298.689
298.71
298.8
299.173
285.405
285.007
284.898
284.868
284.868
284.898
285.007
285.405
271.944
271.526
271.399
271.36
271.36
271.399
271.526
271.944
258.793
258.357
258.215
258.167
258.167
258.215
258.357
258.793
245.954
245.502
245.346
245.292
245.292
245.346
245.502
245.954
233.427
232.962
232.795
232.734
232.734
232.795
232.962
233.427
221.215
220.739
220.562
220.496
220.496
220.562
220.739
221.215
209.319
208.835
208.649
208.578
208.578
208.649
208.835
209.319
197.741
197.251
197.057
196.982
196.982
197.057
197.251
197.741
186.482
185.988
185.788
185.71
185.71
185.788
185.988
186.482
175.543
175.046
174.842
174.761
174.761
174.842
175.046
175.543
164.926
164.428
164.22
164.137
164.137
164.22
164.428
164.926
154.632
154.135
153.924
153.839
153.839
153.924
154.135
154.632
144.662
144.167
143.955
143.869
143.869
143.955
144.167
144.662
135.017
134.526
134.313
134.226
134.226
134.313
134.526
135.017
125.699
125.212
124.999
124.911
124.911
124.999
125.212
125.699
116.708
116.226
116.014
115.926
115.926
116.014
116.226
116.708
108.045
107.57
107.359
107.272
107.272
107.359
107.57
108.045
99.7108
99.2428
99.0339
98.9473
98.9473
99.0339
99.2428
99.7108
91.7068
91.2465
91.0401
90.9544
90.9544
91.0401
91.2465
91.7068
84.0333
83.5814
83.3779
83.2933
83.2933
83.3779
83.5814
84.0333
76.6911
76.2481
76.0478
75.9645
75.9645
76.0478
76.2481
76.6911
69.6807
69.2469
69.0502
68.9683
68.9683
69.0502
69.2469
69.6807
63.0027
62.5783
62.3855
62.3052
62.3052
62.3855
62.5783
63.0027
56.6576
56.2429
56.054
55.9754
55.9754
56.054
56.2429
56.6576
50.6458
50.2408
50.0562
49.9794
49.9794
50.0562
50.2408
50.6458
44.9677
44.5725
44.3921
44.3172
44.3172
44.3921
44.5725
44.9677
39.6234
39.2379
39.062
38.989
38.989
39.062
39.2379
39.6234
34.6132
34.2374
34.066
33.9951
33.9951
34.066
34.2374
34.6132
29.9372
29.5709
29.4042
29.3355
29.3355
29.4042
29.5709
29.9372
25.5954
25.2386
25.0769
25.0106
25.0106
25.0769
25.2386
25.5954
21.5878
21.2405
21.0842
21.0208
21.0208
21.0842
21.2405
21.5878
17.9141
17.5768
17.4268
17.3667
17.3667
17.4268
17.5768
17.9141
14.5742
14.2476
14.1054
14.0496
14.0496
14.1054
14.2476
14.5742
11.5679
11.2537
11.1213
11.0712
11.0712
11.1213
11.2537
11.5679
8.89548
8.59645
8.47698
8.43418
8.43418
8.47698
8.59645
8.89548
6.55809
6.27877
6.17609
6.14258
6.14257
6.17609
6.27876
6.55809
4.55914
4.30607
4.22449
4.20205
4.20205
4.22449
4.30607
4.55914
2.9061
2.68779
2.63063
2.62011
2.62011
2.63063
2.68779
2.9061
1.61292
1.43872
1.40597
1.40614
1.40614
1.40598
1.43872
1.61293
0.699183
0.576653
0.561978
0.568254
0.568265
0.561991
0.576664
0.699182
0.175035
0.130758
0.117236
0.112813
0.112835
0.117258
0.130754
0.175031
0.0475617
0.0982228
0.125439
0.12114
0.121116
0.125421
0.0982404
0.0475717
)
;
    }
    bottom
    {
        type            calculated;
        value           nonuniform List<scalar> 
640
(
1339.08
1233.35
1212.57
1209.69
1209.69
1212.57
1233.35
1339.08
1117.42
1119.33
1093.35
1081.23
1081.23
1093.35
1119.33
1117.42
1081.26
1105.14
1097.84
1091.3
1091.3
1097.84
1105.14
1081.26
1059.55
1081.89
1084.25
1082.25
1082.25
1084.25
1081.89
1059.55
1041.26
1057.2
1062.09
1062.43
1062.43
1062.09
1057.2
1041.26
1021.59
1031.57
1035.88
1036.93
1036.93
1035.88
1031.57
1021.59
999.502
1004.89
1007.7
1008.62
1008.62
1007.7
1004.89
999.502
975.375
977.523
978.84
979.343
979.343
978.84
977.523
975.375
949.803
949.808
949.947
950.006
950.006
949.947
949.808
949.803
923.326
921.997
921.307
921.008
921.008
921.307
921.997
923.326
896.376
894.274
893.05
892.5
892.5
893.05
894.274
896.376
869.276
866.77
865.238
864.531
864.531
865.238
866.77
869.276
842.255
839.583
837.899
837.108
837.108
837.899
839.583
842.255
815.471
812.78
811.049
810.225
810.225
811.049
812.78
815.471
789.031
786.407
784.695
783.873
783.873
784.695
786.407
789.031
763.004
760.497
758.842
758.044
758.044
758.842
760.497
763.004
737.433
735.068
733.493
732.731
732.731
733.493
735.068
737.433
712.343
710.131
708.649
707.929
707.929
708.649
710.131
712.343
687.749
685.693
684.307
683.632
683.632
684.307
685.693
687.749
663.658
661.756
660.465
659.837
659.837
660.465
661.756
663.658
640.071
638.318
637.121
636.538
636.538
637.121
638.318
640.071
616.988
615.376
614.27
613.731
613.731
614.27
615.376
616.988
594.406
592.928
591.908
591.411
591.411
591.908
592.928
594.406
572.321
570.97
570.032
569.575
569.575
570.032
570.97
572.321
550.729
549.497
548.636
548.216
548.216
548.636
549.497
550.729
529.626
528.505
527.715
527.331
527.331
527.715
528.505
529.626
509.006
507.988
507.267
506.916
506.916
507.267
507.988
509.006
488.865
487.943
487.285
486.965
486.965
487.285
487.943
488.865
469.198
468.365
467.765
467.475
467.475
467.765
468.365
469.198
450
449.249
448.704
448.44
448.44
448.704
449.249
450
431.266
430.59
430.096
429.857
429.857
430.096
430.59
431.266
412.991
412.385
411.937
411.721
411.721
411.937
412.385
412.991
395.171
394.628
394.223
394.029
394.029
394.223
394.628
395.171
377.801
377.315
376.95
376.776
376.776
376.95
377.315
377.801
360.876
360.443
360.114
359.958
359.958
360.114
360.443
360.876
344.392
344.006
343.71
343.571
343.571
343.71
344.006
344.392
328.344
328.001
327.735
327.611
327.611
327.735
328.001
328.344
312.727
312.423
312.185
312.074
312.074
312.185
312.423
312.727
297.539
297.268
297.055
296.956
296.956
297.055
297.268
297.539
282.773
282.533
282.342
282.254
282.254
282.342
282.533
282.773
268.426
268.213
268.042
267.964
267.964
268.042
268.213
268.426
254.494
254.304
254.151
254.083
254.083
254.151
254.304
254.494
240.973
240.803
240.666
240.606
240.606
240.666
240.803
240.973
227.859
227.706
227.583
227.53
227.53
227.583
227.706
227.859
215.148
215.01
214.899
214.852
214.852
214.899
215.01
215.148
202.837
202.711
202.61
202.569
202.569
202.61
202.711
202.837
190.921
190.805
190.714
190.677
190.677
190.714
190.805
190.921
179.398
179.289
179.206
179.173
179.173
179.206
179.289
179.398
168.264
168.161
168.084
168.054
168.054
168.084
168.161
168.264
157.516
157.416
157.345
157.318
157.318
157.345
157.416
157.516
147.149
147.052
146.985
146.96
146.96
146.985
147.052
147.149
137.163
137.066
137.002
136.979
136.979
137.002
137.066
137.163
127.552
127.455
127.394
127.372
127.372
127.394
127.455
127.552
118.315
118.216
118.156
118.136
118.136
118.156
118.216
118.315
109.448
109.347
109.288
109.268
109.268
109.288
109.347
109.448
100.949
100.844
100.786
100.766
100.766
100.786
100.844
100.949
92.8152
92.7062
92.6473
92.6273
92.6273
92.6473
92.7062
92.8152
85.0441
84.9302
84.8706
84.8502
84.8502
84.8706
84.9302
85.0441
77.6332
77.514
77.4532
77.4323
77.4323
77.4532
77.514
77.6332
70.5804
70.4554
70.393
70.3714
70.3714
70.393
70.4554
70.5804
63.8835
63.7523
63.6881
63.6656
63.6656
63.6881
63.7523
63.8835
57.5404
57.4029
57.3366
57.3131
57.3131
57.3366
57.4029
57.5404
51.5493
51.4053
51.3367
51.3121
51.3121
51.3367
51.4053
51.5493
45.9084
45.7579
45.687
45.6611
45.6611
45.687
45.7579
45.9084
40.6162
40.4593
40.3859
40.3589
40.3589
40.3859
40.4593
40.6162
35.6716
35.5083
35.4326
35.4043
35.4043
35.4326
35.5083
35.6716
31.0735
30.9042
30.8262
30.7968
30.7968
30.8262
30.9042
31.0735
26.8213
26.6465
26.5665
26.5363
26.5363
26.5665
26.6465
26.8213
22.9151
22.7354
22.6541
22.6235
22.6235
22.6541
22.7354
22.9151
19.3556
19.1722
19.0906
19.0601
19.0601
19.0906
19.1722
19.3556
16.145
15.9596
15.8792
15.8498
15.8498
15.8792
15.9596
16.145
13.2872
13.1026
13.0257
12.9985
12.9985
13.0257
13.1026
13.2872
10.7897
10.6099
10.5394
10.516
10.516
10.5394
10.6099
10.7897
8.66485
8.49558
8.43478
8.41656
8.41656
8.43478
8.49558
8.66485
6.93155
6.78017
6.73186
6.71956
6.71957
6.73186
6.78016
6.93155
5.61362
5.48731
5.45211
5.44491
5.44491
5.4521
5.4873
5.61361
4.72728
4.62911
4.60442
4.59983
4.59983
4.60441
4.62911
4.72727
4.25018
4.17901
4.16224
4.15798
4.15797
4.16225
4.17901
4.25017
4.11577
4.07116
4.06253
4.05756
4.05756
4.06254
4.07116
4.11576
4.15497
4.15483
4.15452
4.14738
4.14738
4.15452
4.15484
4.15497
)
;
    }
}


// ************************************************************************* //
