/*--------------------------------*- C++ -*----------------------------------*\
| =========                 |                                                 |
| \\      /  F ield         | foam-extend: Open Source CFD                    |
|  \\    /   O peration     | Version:     4.1                                |
|   \\  /    A nd           | Web:         http://www.foam-extend.org         |
|    \\/     M anipulation  |                                                 |
\*---------------------------------------------------------------------------*/
FoamFile
{
    version     2.0;
    format      ascii;
    class       volVectorField;
    location    "0.194";
    object      traction;
}
// * * * * * * * * * * * * * * * * * * * * * * * * * * * * * * * * * * * * * //

dimensions      [1 -1 -2 0 0 0 0];

internalField   uniform (0 0 0);

boundaryField
{
    left
    {
        type            calculated;
        value           nonuniform List<vector> 
64
(
(-1194.01 -164.111 -124.737)
(-1067.87 -142.145 -162.854)
(-1080.98 -77.2248 -189.632)
(-1092.53 -23.7667 -201.242)
(-1092.53 23.7667 -201.242)
(-1080.98 77.2248 -189.632)
(-1067.87 142.145 -162.854)
(-1194.01 164.111 -124.737)
(-700.884 -116.521 -48.1145)
(-615.549 -102.04 -85.9166)
(-618.461 -53.4357 -103.769)
(-620.923 -15.9407 -111.215)
(-620.923 15.9407 -111.215)
(-618.461 53.4357 -103.769)
(-615.549 102.04 -85.9166)
(-700.884 116.521 -48.1145)
(-374.15 -66.8194 23.421)
(-333.516 -62.4902 -5.15878)
(-340.021 -32.8164 -9.8739)
(-342.573 -9.65182 -11.6619)
(-342.573 9.65182 -11.6619)
(-340.021 32.8164 -9.8739)
(-333.516 62.4902 -5.15878)
(-374.15 66.8194 23.421)
(-82.2387 -13.7841 56.3086)
(-82.8642 -11.8988 29.2577)
(-87.7263 -5.77614 30.6565)
(-89.2745 -1.57268 31.7125)
(-89.2745 1.57268 31.7125)
(-87.7263 5.77614 30.6565)
(-82.8642 11.8988 29.2577)
(-82.2387 13.7841 56.3086)
(190.934 31.297 58.8224)
(149.32 40.8876 28.5727)
(148.167 23.1628 28.1368)
(148.106 7.07665 28.3574)
(148.106 -7.07665 28.3574)
(148.167 -23.1628 28.1368)
(149.32 -40.8876 28.5727)
(190.934 -31.297 58.8224)
(453.03 60.755 33.6857)
(371.057 86.536 -4.85306)
(372.972 48.5854 -14.9466)
(374.441 14.7244 -19.2551)
(374.441 -14.7244 -19.2551)
(372.972 -48.5854 -14.9466)
(371.057 -86.536 -4.85306)
(453.03 -60.755 33.6857)
(710.137 68.8512 -14.0542)
(586.855 116.634 -65.0849)
(588.101 65.7642 -88.9519)
(590.475 20.0236 -99.4224)
(590.475 -20.0236 -99.4224)
(588.101 -65.7642 -88.9519)
(586.855 -116.634 -65.0849)
(710.137 -68.8512 -14.0542)
(1044.86 52.8854 -11.5379)
(916.456 137.725 -43.1237)
(939.831 79.6607 -54.7174)
(955.454 24.579 -58.4795)
(955.454 -24.579 -58.4795)
(939.831 -79.6607 -54.7174)
(916.456 -137.725 -43.1237)
(1044.86 -52.8854 -11.5379)
)
;
    }
    right
    {
        type            calculated;
        value           nonuniform List<vector> 
64
(
(-0.622237 0.0032912 1.4687)
(-0.624413 -0.00124702 1.47384)
(-0.622739 -0.00369323 1.46988)
(-0.621967 -0.00172822 1.46806)
(-0.621967 0.00172815 1.46806)
(-0.622738 0.00369324 1.46988)
(-0.624413 0.00124718 1.47384)
(-0.622237 -0.00329119 1.4687)
(-0.574314 -0.00708826 1.35585)
(-0.59064 -0.0172614 1.39435)
(-0.589394 -0.0165628 1.39139)
(-0.588331 -0.00649713 1.38887)
(-0.588331 0.00649688 1.38887)
(-0.589395 0.0165628 1.39139)
(-0.590641 0.0172616 1.39436)
(-0.574314 0.00708845 1.35585)
(-0.475149 -0.0245288 1.122)
(-0.497336 -0.047086 1.17432)
(-0.497346 -0.0358481 1.17431)
(-0.496607 -0.0129299 1.17254)
(-0.496607 0.0129298 1.17254)
(-0.497347 0.0358481 1.17431)
(-0.497337 0.047086 1.17432)
(-0.475148 0.0245288 1.122)
(-0.339951 -0.0365569 0.802878)
(-0.357548 -0.0673679 0.844363)
(-0.356925 -0.0488232 0.842853)
(-0.356803 -0.0172196 0.842547)
(-0.356802 0.0172196 0.842547)
(-0.356925 0.0488231 0.842853)
(-0.357548 0.0673679 0.844363)
(-0.33995 0.0365569 0.802877)
(-0.201715 -0.0358996 0.4764)
(-0.206913 -0.0658945 0.488636)
(-0.205087 -0.0476345 0.484298)
(-0.205602 -0.016867 0.485503)
(-0.205602 0.016867 0.485503)
(-0.205087 0.0476344 0.484298)
(-0.206913 0.0658946 0.488635)
(-0.201715 0.0358997 0.476399)
(-0.0898464 -0.0224204 0.212161)
(-0.0824074 -0.0427694 0.194586)
(-0.0802912 -0.0324547 0.18958)
(-0.081378 -0.0119231 0.192142)
(-0.0813783 0.0119231 0.192142)
(-0.0802915 0.0324546 0.189581)
(-0.0824074 0.0427695 0.194585)
(-0.0898469 0.0224205 0.212163)
(-0.0272607 -0.00364753 0.0643551)
(-0.0144371 -0.0117198 0.0340823)
(-0.0148542 -0.0125155 0.035066)
(-0.016657 -0.00536168 0.0393209)
(-0.0166564 0.00536262 0.0393195)
(-0.0148534 0.012515 0.035064)
(-0.0144374 0.0117195 0.0340829)
(-0.0272605 0.00364759 0.0643547)
(-0.00607201 0.0059348 0.0143233)
(0.00151871 0.00132986 -0.00359912)
(0.00125203 -0.00189781 -0.00296859)
(0.000836039 -0.00124568 -0.00198666)
(0.000836202 0.00124599 -0.0019871)
(0.00125159 0.00189771 -0.00296759)
(0.00151583 -0.00133005 -0.00359229)
(-0.00607212 -0.00593522 0.0143236)
)
;
    }
    back
    {
        type            calculated;
        value           nonuniform List<vector> 
640
(
(-53.2119 2.47467 -2.86036)
(-26.5754 0.998915 -0.745382)
(-9.04312 0.222942 0.733185)
(-0.999454 0.00632761 0.138776)
(-4.21208 -0.101083 -1.42969)
(-18.6398 -0.775675 -2.39213)
(-42.7464 -2.52548 -1.73463)
(-78.902 -6.08931 -2.15691)
(-15.8231 0.263141 -0.729556)
(-5.08301 0.0364526 -0.525521)
(-0.764482 -0.00516255 -0.364151)
(0.23869 -0.0104043 -0.427216)
(-0.716485 -0.0146932 -0.447087)
(-3.46318 -0.0406207 -0.393575)
(-8.88177 -0.135795 -0.238898)
(-17.7457 -0.399202 -0.399091)
(-5.88824 0.0325056 -0.512093)
(-0.899851 -0.011311 -0.608748)
(0.853496 -0.012355 -0.511288)
(0.800323 -0.0118295 -0.488434)
(0.308666 -0.00970012 -0.389728)
(-0.439731 -0.00692778 -0.259194)
(-2.16523 -0.0105895 -0.164981)
(-4.63047 -0.0270304 -0.154987)
(-2.44479 0.00110043 -0.370116)
(-0.108121 -0.0144577 -0.577469)
(0.957967 -0.0142623 -0.530286)
(1.00412 -0.0133631 -0.505045)
(0.736204 -0.0113443 -0.431227)
(0.32608 -0.00856887 -0.336666)
(-0.432635 -0.00688972 -0.277796)
(-1.18273 -0.00326979 -0.11699)
(-0.666087 -0.00460236 -0.244151)
(0.448837 -0.0146349 -0.515045)
(1.03127 -0.014808 -0.509953)
(1.12161 -0.0143747 -0.500111)
(1.01509 -0.0127424 -0.443099)
(0.857046 -0.0104322 -0.359799)
(0.674553 -0.00803719 -0.275957)
(0.585123 -0.00203752 -0.0307258)
(0.371649 -0.00429563 -0.129681)
(0.869203 -0.0133611 -0.432465)
(1.1278 -0.0140494 -0.455793)
(1.19521 -0.0144227 -0.469825)
(1.19408 -0.0135355 -0.43067)
(1.23336 -0.01199 -0.351222)
(1.38114 -0.010277 -0.240805)
(1.64481 -0.00479428 0.0647341)
(0.973858 -0.00265538 -0.0330013)
(1.13515 -0.0116738 -0.351134)
(1.20043 -0.012764 -0.390726)
(1.23579 -0.0137931 -0.424164)
(1.29493 -0.0135783 -0.39879)
(1.45036 -0.012724 -0.320973)
(1.75223 -0.0117768 -0.195729)
(2.17843 -0.00717775 0.14491)
(1.30997 -0.00105847 0.0449478)
(1.28673 -0.010051 -0.278584)
(1.24075 -0.0113539 -0.32615)
(1.25022 -0.0127857 -0.37183)
(1.33883 -0.0130295 -0.355212)
(1.54977 -0.0126453 -0.278654)
(1.90827 -0.0122073 -0.148497)
(2.38105 -0.0082031 0.206009)
(1.4835 0.000174749 0.1063)
(1.36068 -0.00863105 -0.216161)
(1.25282 -0.00999243 -0.2665)
(1.2444 -0.0116184 -0.318591)
(1.34352 -0.0121298 -0.307127)
(1.57292 -0.0120267 -0.23245)
(1.9394 -0.0118866 -0.103975)
(2.40457 -0.00823218 0.251078)
(1.55938 0.00105041 0.154162)
(1.38465 -0.00742425 -0.163093)
(1.24392 -0.00874616 -0.213156)
(1.22378 -0.0104283 -0.267796)
(1.32279 -0.0110774 -0.25937)
(1.55076 -0.0111341 -0.187356)
(1.90358 -0.0111712 -0.0643067)
(2.34149 -0.00775598 0.284261)
(1.57762 0.00165032 0.191499)
(1.37783 -0.0064005 -0.117953)
(1.22076 -0.00763202 -0.16614)
(1.19293 -0.00929105 -0.221094)
(1.28654 -0.0100011 -0.214611)
(1.50383 -0.0101499 -0.145826)
(1.83526 -0.0103043 -0.0299267)
(2.24151 -0.00709055 0.308959)
(1.56222 0.00205304 0.220701)
(1.35244 -0.00552601 -0.0793665)
(1.18836 -0.00664719 -0.124981)
(1.15541 -0.00824243 -0.179083)
(1.24148 -0.0089719 -0.174016)
(1.44472 -0.00917725 -0.108732)
(1.75345 -0.00941878 -0.00046262)
(2.12939 -0.00639661 0.327571)
(1.52739 0.00231723 0.243555)
(1.31607 -0.00477302 -0.0462135)
(1.1502 -0.00578145 -0.0890734)
(1.1138 -0.00729481 -0.141776)
(1.19192 -0.00802221 -0.137863)
(1.38066 -0.00826527 -0.076108)
(1.66803 -0.00857665 0.0247196)
(2.01669 -0.00574376 0.341677)
(1.4815 0.00248338 0.261364)
(1.27334 -0.00412033 -0.0176237)
(1.1086 -0.00502224 -0.0578087)
(1.06993 -0.00644767 -0.108888)
(1.14049 -0.00716211 -0.105979)
(1.31558 -0.00743213 -0.0476285)
(1.58369 -0.00780094 0.0462453)
(1.90818 -0.00515545 0.352269)
(1.42951 0.00257888 0.27507)
(1.22708 -0.0035518 0.00707397)
(1.06512 -0.00435693 -0.0306287)
(1.02502 -0.00569431 -0.0800179)
(1.08876 -0.00639015 -0.0779994)
(1.25145 -0.00668005 -0.0228582)
(1.50239 -0.00709571 0.0646356)
(1.80536 -0.00463415 0.359956)
(1.37439 0.00262236 0.285369)
(1.17902 -0.00305495 0.0284021)
(1.0208 -0.00377377 -0.00704201)
(0.979905 -0.00502565 -0.05474)
(1.03763 -0.00569973 -0.0535155)
(1.18918 -0.00600418 -0.00137051)
(1.42473 -0.00645693 0.0802968)
(1.70826 -0.00417406 0.365116)
(1.31791 0.00262678 0.292781)
(1.13025 -0.00261986 0.0467757)
(0.976334 -0.00326235 0.0133745)
(0.935116 -0.0044323 -0.0326556)
(0.987559 -0.00508267 -0.032137)
(1.12908 -0.00539716 0.0172108)
(1.35067 -0.00587794 0.0935419)
(1.61641 -0.00376715 0.368001)
(1.26118 0.0026014 0.297708)
(1.08148 -0.00223849 0.0625315)
(0.932182 -0.00281364 0.0309816)
(0.89101 -0.00390553 -0.01341)
(0.938805 -0.00453081 -0.0135179)
(1.07123 -0.00485142 0.0332048)
(1.27999 -0.00535188 0.104618)
(1.5292 -0.00340568 0.368804)
(1.20488 0.00255306 0.300473)
(1.03315 -0.00190416 0.075949)
(0.888664 -0.00241991 0.046086)
(0.847817 -0.00343758 0.00330396)
(0.891487 -0.00403678 0.00263931)
(1.01557 -0.00436002 0.0468802)
(1.21239 -0.00487262 0.11373)
(1.4461 -0.00308299 0.367692)
(1.14943 0.00248694 0.301338)
(0.985572 -0.00161129 0.087265)
(0.845997 -0.00207454 0.0589501)
(0.805686 -0.00302173 0.0177502)
(0.84566 -0.00359412 0.0165891)
(0.962012 -0.00391695 0.0584657)
(1.14762 -0.00443499 0.121052)
(1.36673 -0.0027937 0.364828)
(1.09511 0.0024071 0.300526)
(0.938938 -0.00135507 0.0966843)
(0.804331 -0.00177185 0.0698)
(0.764716 -0.00265219 0.030156)
(0.801344 -0.00319729 0.0285502)
(0.910484 -0.00351705 0.0681605)
(1.08549 -0.00403473 0.126745)
(1.29076 -0.00253343 0.360373)
(1.04211 0.00231678 0.29823)
(0.89339 -0.00113137 0.104387)
(0.763768 -0.00150695 0.0788332)
(0.724971 -0.00232393 0.0407195)
(0.758545 -0.0028415 0.0387136)
(0.860913 -0.00315595 0.0761413)
(1.02584 -0.00366827 0.130957)
(1.21799 -0.00229869 0.354487)
(0.990526 0.00221861 0.294622)
(0.849022 -0.000936575 0.110535)
(0.724375 -0.00127558 0.0862247)
(0.68649 -0.0020326 0.0496153)
(0.71726 -0.00252262 0.0472485)
(0.813242 -0.00282985 0.0825685)
(0.968578 -0.00333259 0.133825)
(1.14829 -0.00208661 0.347332)
(0.940437 0.00211481 0.289854)
(0.805897 -0.000767493 0.115273)
(0.686199 -0.00107398 0.0921315)
(0.649299 -0.00177435 0.057)
(0.677482 -0.00223698 0.0543075)
(0.767428 -0.00253544 0.0875891)
(0.913616 -0.00302512 0.135483)
(1.08152 -0.00189476 0.339063)
(0.891883 0.00200723 0.284066)
(0.764057 -0.000621282 0.118736)
(0.649268 -0.000898834 0.0966962)
(0.61341 -0.00154576 0.0630156)
(0.6392 -0.00198136 0.0600297)
(0.723432 -0.00226979 0.0913399)
(0.860893 -0.00274355 0.136055)
(1.01762 -0.00172108 0.329833)
(0.844889 0.00189741 0.277389)
(0.723531 -0.000495401 0.121046)
(0.613598 -0.000747182 0.10005)
(0.578826 -0.00134378 0.0677924)
(0.602401 -0.00175285 0.0645437)
(0.681222 -0.00203025 0.0939483)
(0.810358 -0.00248583 0.135661)
(0.956499 -0.00156375 0.319787)
(0.799465 0.00178672 0.26994)
(0.684332 -0.000387563 0.122319)
(0.579195 -0.000616362 0.102314)
(0.545546 -0.00116566 0.0714508)
(0.567068 -0.00154882 0.0679684)
(0.640765 -0.00181444 0.0955338)
(0.761962 -0.00225009 0.134412)
(0.898102 -0.00142116 0.30906)
(0.755612 0.00167627 0.261831)
(0.64647 -0.000295707 0.122662)
(0.546059 -0.000503984 0.1036)
(0.513562 -0.0010089 0.0741027)
(0.533183 -0.00136689 0.0704149)
(0.602029 -0.00162019 0.0962079)
(0.715661 -0.00203462 0.132413)
(0.842358 -0.00129187 0.29778)
(0.713326 0.00156703 0.253166)
(0.609945 -0.00021797 0.122174)
(0.514184 -0.000407891 0.104014)
(0.48286 -0.00087124 0.0758525)
(0.500723 -0.00120489 0.0719868)
(0.56498 -0.0014455 0.0960752)
(0.671407 -0.00183782 0.129762)
(0.7892 -0.00117457 0.286066)
(0.672595 0.00145983 0.244041)
(0.574753 -0.000152671 0.120951)
(0.483559 -0.000326141 0.103653)
(0.453425 -0.000750624 0.0767978)
(0.469664 -0.00106083 0.0727809)
(0.529582 -0.00128854 0.0952331)
(0.629153 -0.00165823 0.12655)
(0.738561 -0.00106808 0.274025)
(0.633407 0.00135534 0.234547)
(0.540888 -9.82898e-05 0.119081)
(0.454172 -0.000256982 0.102609)
(0.425238 -0.00064519 0.0770294)
(0.439979 -0.000932898 0.0728873)
(0.495798 -0.00114764 0.0937724)
(0.588851 -0.00149447 0.122863)
(0.690369 -0.000971346 0.261759)
(0.595742 0.00125412 0.224767)
(0.508337 -5.34579e-05 0.116644)
(0.426004 -0.000198838 0.100967)
(0.398276 -0.000553246 0.0766322)
(0.411637 -0.000819441 0.0723902)
(0.463588 -0.00102127 0.0917775)
(0.550448 -0.00134527 0.118778)
(0.644551 -0.000883391 0.249357)
(0.559581 0.00115662 0.214779)
(0.477086 -1.69419e-05 0.113718)
(0.399036 -0.000150296 0.0988062)
(0.372517 -0.000473263 0.0756853)
(0.384609 -0.000718954 0.0713676)
(0.432911 -0.000908011 0.0893264)
(0.513894 -0.00120946 0.114367)
(0.601033 -0.000803346 0.236903)
(0.524901 0.0010632 0.204654)
(0.44712 1.23654e-05 0.110376)
(0.373247 -0.000110087 0.0962013)
(0.347934 -0.000403857 0.074262)
(0.358862 -0.000630069 0.0698919)
(0.403724 -0.000806588 0.0864912)
(0.479134 -0.00108593 0.109696)
(0.559741 -0.000730429 0.224472)
(0.491677 0.000974139 0.19446)
(0.418419 3.54552e-05 0.106682)
(0.348613 -7.70797e-05 0.0932201)
(0.324501 -0.000343782 0.0724302)
(0.334361 -0.000551543 0.0680301)
(0.375986 -0.000715828 0.0833384)
(0.446114 -0.000973673 0.104825)
(0.5206 -0.000663935 0.212129)
(0.459885 0.000889616 0.184255)
(0.390963 5.32129e-05 0.102699)
(0.325111 -5.02662e-05 0.089926)
(0.302188 -0.000291915 0.070253)
(0.311072 -0.000482251 0.0658438)
(0.34965 -0.000634665 0.0799287)
(0.414779 -0.000871753 0.0998094)
(0.483533 -0.000603233 0.199936)
(0.429495 0.000809762 0.174096)
(0.364729 6.6428e-05 0.0984838)
(0.302714 -2.87516e-05 0.0863771)
(0.280967 -0.000247252 0.0677881)
(0.28896 -0.000421177 0.0633898)
(0.324674 -0.000562129 0.0763179)
(0.385075 -0.000779302 0.0946979)
(0.448466 -0.00054776 0.187945)
(0.400479 0.00073464 0.164034)
(0.339694 7.58016e-05 0.0940884)
(0.281396 -1.17444e-05 0.082627)
(0.260808 -0.000208893 0.0650888)
(0.267989 -0.000367405 0.0607198)
(0.301012 -0.000497343 0.0725564)
(0.356947 -0.000695521 0.0895356)
(0.415324 -0.000497015 0.176203)
(0.372808 0.000664263 0.154113)
(0.315833 8.19532e-05 0.0895611)
(0.26113 1.45292e-06 0.0787246)
(0.241679 -0.000176035 0.0622036)
(0.248122 -0.000320111 0.0578812)
(0.27862 -0.000439513 0.0686902)
(0.33034 -0.000619674 0.0843627)
(0.384034 -0.000450549 0.16475)
(0.346451 0.000598595 0.144374)
(0.29312 8.54288e-05 0.0849457)
(0.241886 1.14528e-05 0.0747145)
(0.223552 -0.000147964 0.059177)
(0.229323 -0.000278555 0.0549171)
(0.257454 -0.000387919 0.0647608)
(0.3052 -0.00055108 0.0792151)
(0.354524 -0.000407968 0.153622)
(0.321375 0.000537562 0.134853)
(0.271529 8.67072e-05 0.080282)
(0.223637 1.87907e-05 0.0706372)
(0.206393 -0.000124046 0.0560492)
(0.211557 -0.000242076 0.0518664)
(0.237469 -0.000341915 0.0608052)
(0.281474 -0.000489117 0.0741246)
(0.326723 -0.000368918 0.142847)
(0.29755 0.000481058 0.125582)
(0.251032 8.62068e-05 0.0756063)
(0.206355 2.39322e-05 0.0665292)
(0.190173 -0.000103723 0.0528565)
(0.194787 -0.000210082 0.0487641)
(0.218623 -0.000300917 0.0568568)
(0.259109 -0.00043321 0.0691192)
(0.300561 -0.00033309 0.132452)
(0.274943 0.000428949 0.116589)
(0.231601 8.42912e-05 0.070951)
(0.190009 2.72807e-05 0.0624234)
(0.17486 -8.65001e-05 0.0496319)
(0.178978 -0.000182045 0.0456416)
(0.200872 -0.000264403 0.052945)
(0.238053 -0.000382832 0.0642236)
(0.27597 -0.000300205 0.122457)
(0.253521 0.000381077 0.107898)
(0.213207 8.12751e-05 0.0663453)
(0.174572 2.91836e-05 0.0583491)
(0.160424 -7.19434e-05 0.0464044)
(0.164095 -0.000157497 0.0425268)
(0.184175 -0.000231902 0.0490957)
(0.218255 -0.000337497 0.0594591)
(0.252885 -0.000270021 0.112877)
(0.233251 0.000337267 0.0995287)
(0.195822 7.74286e-05 0.061815)
(0.160013 2.99386e-05 0.0543323)
(0.146834 -5.9673e-05 0.0432002)
(0.150103 -0.00013602 0.0394446)
(0.16849 -0.000202992 0.0453316)
(0.199666 -0.000296762 0.0548439)
(0.231241 -0.000242319 0.103726)
(0.214101 0.000297329 0.0914989)
(0.179417 7.29825e-05 0.057383)
(0.146305 2.97987e-05 0.0503959)
(0.134061 -4.9357e-05 0.0400423)
(0.136968 -0.000117247 0.0364166)
(0.153776 -0.000177296 0.0416724)
(0.182236 -0.000260218 0.0503934)
(0.210975 -0.000216906 0.0950115)
(0.196036 0.000261063 0.083822)
(0.163962 6.81323e-05 0.0530694)
(0.133419 2.89779e-05 0.04656)
(0.122073 -4.07064e-05 0.0369507)
(0.124656 -0.00010085 0.0334618)
(0.139995 -0.000154477 0.0381347)
(0.165918 -0.000227492 0.0461203)
(0.192027 -0.000193611 0.08674)
(0.179025 0.000228263 0.0765084)
(0.149428 6.3042e-05 0.0488913)
(0.121327 2.76557e-05 0.0428417)
(0.110842 -3.34711e-05 0.033943)
(0.113136 -8.65414e-05 0.0305963)
(0.127107 -0.000134232 0.0347328)
(0.150665 -0.000198239 0.0420351)
(0.174338 -0.00017228 0.0789139)
(0.163034 0.000198716 0.0695659)
(0.135785 5.78478e-05 0.0448636)
(0.109999 2.59808e-05 0.0392557)
(0.100339 -2.74345e-05 0.031034)
(0.102375 -7.40674e-05 0.0278341)
(0.115076 -0.000116292 0.0314781)
(0.136432 -0.000172145 0.0381459)
(0.15785 -0.000152773 0.0715329)
(0.14803 0.000172211 0.0629997)
(0.123004 5.26614e-05 0.0409986)
(0.0994089 2.40757e-05 0.0358143)
(0.0905353 -2.24106e-05 0.0282364)
(0.0923416 -6.32043e-05 0.0251865)
(0.103864 -0.000100416 0.0283801)
(0.123174 -0.000148922 0.0344587)
(0.142508 -0.000134965 0.0645947)
(0.13398 0.000148535 0.0568123)
(0.111056 4.75729e-05 0.0373065)
(0.0895284 2.20396e-05 0.0325276)
(0.0814033 -1.82394e-05 0.0255607)
(0.083005 -5.37556e-05 0.0226631)
(0.0934352 -8.63892e-05 0.025446)
(0.110849 -0.000128305 0.0309778)
(0.12826 -0.000118742 0.0580945)
(0.120852 0.000127479 0.051004)
(0.0999108 4.26535e-05 0.0337955)
(0.0803305 1.9952e-05 0.0294035)
(0.0729155 -1.47845e-05 0.0230151)
(0.0743356 -4.55488e-05 0.0202713)
(0.0837557 -7.4018e-05 0.0226811)
(0.0994146 -0.000110051 0.0277056)
(0.115052 -0.000103999 0.0520255)
(0.108613 0.000108838 0.045573)
(0.0895397 3.79581e-05 0.0304716)
(0.0717884 1.78754e-05 0.0264483)
(0.065045 -1.19297e-05 0.0206065)
(0.0663042 -3.84324e-05 0.0180169)
(0.0747912 -6.31307e-05 0.0200889)
(0.0888296 -9.39372e-05 0.0246431)
(0.102836 -9.06401e-05 0.0463791)
(0.0972307 9.24128e-05 0.0405156)
(0.0799135 3.35272e-05 0.0273393)
(0.0638755 1.58573e-05 0.0236661)
(0.0577654 -9.57661e-06 0.0183395)
(0.0588821 -3.22736e-05 0.0159037)
(0.0665088 -5.35733e-05 0.0176714)
(0.0790545 -7.97598e-05 0.0217896)
(0.0915621 -7.85738e-05 0.0411454)
(0.0866735 7.80109e-05 0.0358261)
(0.0710031 2.93894e-05 0.0244012)
(0.0565658 1.39332e-05 0.0210597)
(0.051051 -7.6419e-06 0.0162176)
(0.0520416 -2.6956e-05 0.0139343)
(0.0588766 -4.52074e-05 0.015429)
(0.0700506 -6.73311e-05 0.0191434)
(0.0811839 -6.77156e-05 0.0363129)
(0.076909 6.54484e-05 0.0314974)
(0.0627799 2.55626e-05 0.0216587)
(0.0498334 1.21281e-05 0.0186302)
(0.0448762 -6.05557e-06 0.0142426)
(0.0457555 -2.23772e-05 0.0121098)
(0.0518632 -3.7909e-05 0.0133608)
(0.0617802 -5.64792e-05 0.0167015)
(0.071656 -5.7985e-05 0.0318689)
(0.0679057 5.45496e-05 0.0275206)
(0.0552151 2.20562e-05 0.0191115)
(0.0436531 1.04585e-05 0.0163776)
(0.0392164 -4.7589e-06 0.012415)
(0.0399974 -1.84476e-05 0.0104301)
(0.0454384 -3.15662e-05 0.0114646)
(0.0542066 -4.70459e-05 0.0144599)
(0.0629345 -4.93056e-05 0.0277996)
(0.0596317 4.51481e-05 0.0238859)
(0.0482803 1.8872e-05 0.0167581)
(0.0379996 8.9339e-06 0.0143004)
(0.0340471 -3.70281e-06 0.0107342)
(0.0347413 -1.5088e-05 0.00889387)
(0.0395726 -2.60783e-05 0.00973733)
(0.0472942 -3.88862e-05 0.0124134)
(0.0549767 -4.16037e-05 0.0240904)
(0.0520556 3.70875e-05 0.0205818)
(0.0419471 1.6006e-05 0.0145958)
(0.0328484 7.55803e-06 0.012396)
(0.0293443 -2.84636e-06 0.00919853)
(0.0299619 -1.22289e-05 0.00749883)
(0.034237 -2.13541e-05 0.00817468)
(0.0410081 -3.18666e-05 0.0105564)
(0.0477414 -3.48088e-05 0.0207259)
(0.0451462 3.02209e-05 0.0175961)
(0.0361876 1.34491e-05 0.0126209)
(0.0281748 6.33016e-06 0.010661)
(0.0250846 -2.1555e-06 0.00780515)
(0.0256345 -9.8091e-06 0.00624172)
(0.0294036 -1.73112e-05 0.00677167)
(0.0353145 -2.58648e-05 0.00888239)
(0.0411887 -2.88525e-05 0.0176903)
(0.0388723 2.44117e-05 0.0149155)
(0.0309736 1.11883e-05 0.0108286)
(0.023955 5.24608e-06 0.00909074)
(0.0212449 -1.60198e-06 0.00655052)
(0.021735 -7.77402e-06 0.00511851)
(0.0250449 -1.38746e-05 0.00552244)
(0.0301806 -2.07689e-05 0.00738401)
(0.0352799 -2.36691e-05 0.0149672)
(0.0332028 1.95334e-05 0.0125258)
(0.0262775 9.20769e-06 0.00921329)
(0.020165 4.29898e-06 0.00768002)
(0.0178024 -1.16236e-06 0.00543027)
(0.0182396 -6.07551e-06 0.00412441)
(0.0211343 -1.09759e-05 0.00442047)
(0.025574 -1.64757e-05 0.00605346)
(0.0299773 -1.91941e-05 0.0125397)
(0.0281066 1.54691e-05 0.0104121)
(0.0220717 7.48908e-06 0.00776859)
(0.0167812 3.48011e-06 0.00642278)
(0.014735 -8.17163e-07 0.00443931)
(0.0151251 -4.67066e-06 0.00325397)
(0.0176457 -8.55287e-06 0.00345866)
(0.0214634 -1.28904e-05 0.00488241)
(0.0252439 -1.53649e-05 0.0103906)
(0.0235529 1.21121e-05 0.00855911)
(0.0183286 6.01268e-06 0.00648733)
(0.0137805 2.77952e-06 0.00531233)
(0.0120205 -5.50197e-07 0.00357196)
(0.0123688 -3.52115e-06 0.00250121)
(0.0145533 -6.5484e-06 0.00262943)
(0.0178179 -9.92623e-06 0.00386209)
(0.0210438 -1.21209e-05 0.0085025)
(0.0195109 9.36513e-06 0.00695079)
(0.0150211 4.75781e-06 0.00536177)
(0.0111397 2.1865e-06 0.00434144)
(0.00963737 -3.47954e-07 0.00282201)
(0.00994849 -2.59267e-06 0.00185965)
(0.0118323 -4.91033e-06 0.00192477)
(0.0146075 -7.50366e-06 0.00298346)
(0.017342 -9.40378e-06 0.006858)
(0.01595 7.14002e-06 0.00557079)
(0.0121219 3.70329e-06 0.00438358)
(0.00883614 1.69001e-06 0.00350236)
(0.00756433 -1.99092e-07 0.00218277)
(0.00784215 -1.85445e-06 0.0013224)
(0.0094581 -3.59091e-06 0.00133633)
(0.0118026 -5.55009e-06 0.00223717)
(0.0141046 -7.15718e-06 0.00543971)
(0.0128394 5.35749e-06 0.0044024)
(0.00960415 2.82793e-06 0.00354391)
(0.00684714 1.27905e-06 0.00278695)
(0.00578037 -9.40357e-08 0.00164719)
(0.00602834 -1.27878e-06 0.000882229)
(0.00740671 -2.54639e-06 0.000855445)
(0.00937457 -3.99937e-06 0.00161359)
(0.0112981 -5.32696e-06 0.00423024)
(0.0101485 3.94674e-06 0.00342867)
(0.00744103 2.11096e-06 0.00283351)
(0.00515038 9.42939e-07 0.00218667)
(0.00426475 -2.46414e-08 0.00120785)
(0.0044859 -8.40733e-07 0.000531589)
(0.00565456 -1.73674e-06 0.000473214)
(0.00729504 -2.79131e-06 0.0011029)
(0.00888997 -3.86134e-06 0.0032123)
(0.00784684 2.845e-06 0.00263252)
(0.00560591 1.53234e-06 0.00224281)
(0.00372371 6.71524e-07 0.00169274)
(0.00299701 1.60758e-08 0.00085706)
(0.00319402 -5.17812e-07 0.000262698)
(0.00417844 -1.1254e-06 0.000180576)
(0.00553634 -1.87137e-06 0.000695117)
(0.00684802 -2.71117e-06 0.00236878)
(0.00590407 1.99716e-06 0.00199678)
(0.00407238 1.07299e-06 0.00176191)
(0.00254512 4.55321e-07 0.00129612)
(0.00195691 3.41874e-08 0.000586864)
(0.00213218 -2.89766e-07 6.75723e-05)
(0.00295557 -6.79095e-07 -3.16876e-05)
(0.00407131 -1.1904e-06 0.000380177)
(0.00514093 -1.83018e-06 0.00168282)
(0.00429006 1.35526e-06 0.00150431)
(0.00281422 7.1501e-07 0.00138071)
(0.00159277 2.85648e-07 0.000987592)
(0.00112435 3.50213e-08 0.000389138)
(0.00128009 -1.38376e-07 -6.19943e-05)
(0.00196352 -3.67663e-07 -0.000172956)
(0.00287334 -7.04335e-07 0.000147934)
(0.003738 -1.17513e-06 0.00113788)
(0.00297501 8.78065e-07 0.001138)
(0.00180552 4.41897e-07 0.00108896)
(0.000844918 1.5466e-07 0.000757864)
(0.000479198 2.32558e-08 0.000255581)
(0.000617507 -4.72835e-08 -0.000134424)
(0.00118021 -1.63871e-07 -0.000252733)
(0.00191642 -3.73895e-07 -1.17965e-05)
(0.00260923 -7.06047e-07 0.000717798)
(0.00192953 5.30533e-07 0.00088087)
(0.00102065 2.38578e-07 0.00087634)
(0.000279835 5.53206e-08 0.000597604)
(1.17471e-06 2.97219e-09 0.000177733)
(0.000124113 -1.86834e-09 -0.000158356)
(0.000583746 -4.32598e-08 -0.000280668)
(0.00117517 -1.64338e-07 -0.000109226)
(0.0017254 -3.86373e-07 0.000406852)
(0.00112477 2.83354e-07 0.000715982)
(0.000434407 9.14701e-08 0.00073253)
(-0.000124302 -1.86822e-08 0.000497568)
(-0.000330485 -2.23582e-08 0.000147039)
(-0.000220779 1.08196e-08 -0.000142676)
(0.00015241 1.59802e-08 -0.000266584)
(0.000624836 -4.51475e-08 -0.0001546)
(0.00105805 -1.83e-07 0.000189801)
(0.000532602 1.12487e-07 0.000626354)
(2.20011e-05 -1.15328e-08 0.000647247)
(-0.000389553 -7.3104e-08 0.000448825)
(-0.000537379 -5.00061e-08 0.000155039)
(-0.000438524 2.05666e-09 -9.65029e-05)
(-0.000135401 3.31195e-08 -0.000220552)
(0.000241437 1.02435e-08 -0.000158245)
(0.000579409 -6.63087e-08 5.18655e-05)
(0.000125468 -1.25718e-09 0.000594607)
(-0.000240979 -8.10793e-08 0.000610249)
(-0.00053843 -1.13446e-07 0.000443251)
(-0.000642353 -7.83375e-08 0.000193963)
(-0.00055148 -1.8735e-08 -2.88766e-05)
(-0.000301258 2.49381e-08 -0.000152911)
(1.70068e-06 2.4731e-08 -0.00013073)
(0.000262118 -1.0168e-08 -2.13955e-05)
(-0.000124615 -7.2661e-08 0.000602317)
(-0.000379039 -1.2632e-07 0.000611294)
(-0.000594173 -1.45438e-07 0.000474486)
(-0.000669548 -1.07644e-07 0.000258306)
(-0.000583059 -4.46488e-08 5.24037e-05)
(-0.000367127 5.4924e-09 -7.41167e-05)
(-0.000117638 1.76953e-08 -8.33037e-05)
(7.82154e-05 8.05666e-09 -4.45201e-05)
(-0.000248807 -1.12411e-07 0.000627904)
(-0.000418603 -1.54125e-07 0.000637492)
(-0.000580858 -1.74469e-07 0.000536139)
(-0.000641676 -1.40281e-07 0.00034491)
(-0.000555036 -7.18873e-08 0.000141696)
(-0.00035565 -1.4653e-08 5.52819e-06)
(-0.000142531 4.45878e-09 -2.85007e-05)
(-3.4294e-06 7.25662e-09 -3.36973e-05)
(-0.000287453 -1.2792e-07 0.000649392)
(-0.000394176 -1.67946e-07 0.00067225)
(-0.000523283 -2.03891e-07 0.000623039)
(-0.000571109 -1.79308e-07 0.000457563)
(-0.000478205 -1.00745e-07 0.000242809)
(-0.000288022 -3.11789e-08 8.16305e-05)
(-0.000106264 -5.68214e-09 1.95769e-05)
(-1.99253e-05 1.25256e-09 -7.40073e-06)
(-0.000275161 -1.24766e-07 0.00065056)
(-0.000355119 -1.79521e-07 0.000732059)
(-0.000439251 -2.47796e-07 0.000767191)
(-0.000431062 -2.38434e-07 0.000635027)
(-0.000310139 -1.42095e-07 0.000384091)
(-0.000151707 -4.73945e-08 0.000154809)
(-4.3452e-05 -7.61486e-09 3.49586e-05)
(-8.54229e-06 -2.31199e-09 1.32391e-05)
)
;
    }
    front
    {
        type            calculated;
        value           nonuniform List<vector> 
640
(
(-53.2119 -2.47467 -2.86036)
(-26.5754 -0.998915 -0.745382)
(-9.04312 -0.222942 0.733185)
(-0.999454 -0.00632761 0.138776)
(-4.21208 0.101083 -1.42969)
(-18.6398 0.775675 -2.39213)
(-42.7464 2.52548 -1.73463)
(-78.902 6.08931 -2.15691)
(-15.8231 -0.263141 -0.729556)
(-5.08301 -0.0364526 -0.525521)
(-0.764482 0.00516255 -0.364151)
(0.23869 0.0104043 -0.427216)
(-0.716485 0.0146932 -0.447087)
(-3.46318 0.0406207 -0.393575)
(-8.88177 0.135795 -0.238898)
(-17.7457 0.399202 -0.399091)
(-5.88824 -0.0325056 -0.512093)
(-0.899851 0.011311 -0.608748)
(0.853496 0.012355 -0.511288)
(0.800323 0.0118295 -0.488434)
(0.308666 0.00970012 -0.389728)
(-0.439731 0.00692778 -0.259194)
(-2.16523 0.0105895 -0.164981)
(-4.63047 0.0270304 -0.154987)
(-2.44479 -0.00110043 -0.370116)
(-0.108121 0.0144577 -0.577469)
(0.957967 0.0142623 -0.530286)
(1.00412 0.0133631 -0.505045)
(0.736204 0.0113443 -0.431227)
(0.32608 0.00856887 -0.336666)
(-0.432635 0.00688972 -0.277796)
(-1.18273 0.00326979 -0.11699)
(-0.666087 0.00460236 -0.244151)
(0.448837 0.0146349 -0.515045)
(1.03127 0.014808 -0.509953)
(1.12161 0.0143747 -0.500111)
(1.01509 0.0127424 -0.443099)
(0.857046 0.0104322 -0.359799)
(0.674553 0.00803719 -0.275957)
(0.585123 0.00203752 -0.0307258)
(0.371649 0.00429563 -0.129681)
(0.869203 0.0133611 -0.432465)
(1.1278 0.0140494 -0.455793)
(1.19521 0.0144227 -0.469825)
(1.19408 0.0135355 -0.43067)
(1.23336 0.01199 -0.351222)
(1.38114 0.010277 -0.240805)
(1.64481 0.00479427 0.0647341)
(0.973858 0.00265538 -0.0330013)
(1.13515 0.0116738 -0.351134)
(1.20043 0.012764 -0.390726)
(1.23579 0.0137931 -0.424164)
(1.29493 0.0135783 -0.39879)
(1.45036 0.012724 -0.320973)
(1.75223 0.0117768 -0.195729)
(2.17843 0.00717775 0.14491)
(1.30997 0.00105847 0.0449478)
(1.28673 0.010051 -0.278584)
(1.24075 0.0113539 -0.32615)
(1.25022 0.0127857 -0.37183)
(1.33883 0.0130295 -0.355212)
(1.54977 0.0126453 -0.278654)
(1.90827 0.0122073 -0.148497)
(2.38105 0.0082031 0.206009)
(1.4835 -0.000174748 0.1063)
(1.36068 0.00863105 -0.216161)
(1.25282 0.00999243 -0.2665)
(1.2444 0.0116184 -0.318591)
(1.34352 0.0121298 -0.307127)
(1.57292 0.0120267 -0.23245)
(1.9394 0.0118866 -0.103975)
(2.40457 0.00823218 0.251078)
(1.55938 -0.00105041 0.154162)
(1.38465 0.00742425 -0.163093)
(1.24392 0.00874616 -0.213156)
(1.22378 0.0104283 -0.267796)
(1.32279 0.0110774 -0.25937)
(1.55076 0.0111341 -0.187356)
(1.90358 0.0111712 -0.0643067)
(2.34149 0.00775598 0.284261)
(1.57762 -0.00165032 0.191499)
(1.37783 0.0064005 -0.117953)
(1.22076 0.00763202 -0.16614)
(1.19293 0.00929105 -0.221094)
(1.28654 0.0100011 -0.214611)
(1.50383 0.0101499 -0.145826)
(1.83526 0.0103043 -0.0299268)
(2.24151 0.00709055 0.308959)
(1.56222 -0.00205304 0.220701)
(1.35244 0.00552601 -0.0793665)
(1.18836 0.00664719 -0.124981)
(1.15541 0.00824243 -0.179083)
(1.24148 0.0089719 -0.174016)
(1.44472 0.00917725 -0.108731)
(1.75345 0.00941878 -0.000462629)
(2.12939 0.00639661 0.327571)
(1.52739 -0.00231723 0.243555)
(1.31607 0.00477302 -0.0462135)
(1.1502 0.00578144 -0.0890734)
(1.1138 0.00729481 -0.141776)
(1.19192 0.00802221 -0.137863)
(1.38066 0.00826527 -0.076108)
(1.66803 0.00857665 0.0247196)
(2.01669 0.00574376 0.341677)
(1.4815 -0.00248338 0.261364)
(1.27334 0.00412033 -0.0176237)
(1.1086 0.00502224 -0.0578087)
(1.06993 0.00644767 -0.108888)
(1.14049 0.00716212 -0.105979)
(1.31558 0.00743212 -0.0476285)
(1.58369 0.00780094 0.0462453)
(1.90818 0.00515545 0.352269)
(1.42951 -0.00257888 0.27507)
(1.22708 0.0035518 0.00707396)
(1.06512 0.00435693 -0.0306287)
(1.02502 0.00569431 -0.0800179)
(1.08876 0.00639015 -0.0779993)
(1.25145 0.00668005 -0.0228582)
(1.50239 0.00709571 0.0646356)
(1.80536 0.00463415 0.359956)
(1.37439 -0.00262236 0.285369)
(1.17902 0.00305495 0.0284021)
(1.0208 0.00377376 -0.00704199)
(0.979905 0.00502565 -0.05474)
(1.03763 0.00569973 -0.0535155)
(1.18918 0.00600418 -0.00137051)
(1.42473 0.00645693 0.0802967)
(1.70826 0.00417406 0.365116)
(1.31791 -0.00262678 0.292781)
(1.13025 0.00261986 0.0467757)
(0.976334 0.00326235 0.0133746)
(0.935116 0.0044323 -0.0326556)
(0.987559 0.00508267 -0.032137)
(1.12908 0.00539716 0.0172108)
(1.35067 0.00587794 0.0935419)
(1.61641 0.00376715 0.368001)
(1.26118 -0.0026014 0.297708)
(1.08148 0.00223849 0.0625315)
(0.932182 0.00281364 0.0309816)
(0.89101 0.00390553 -0.01341)
(0.938805 0.00453081 -0.0135179)
(1.07123 0.00485142 0.0332048)
(1.27999 0.00535188 0.104618)
(1.5292 0.00340568 0.368804)
(1.20488 -0.00255306 0.300473)
(1.03315 0.00190416 0.075949)
(0.888664 0.00241991 0.0460861)
(0.847817 0.00343758 0.00330395)
(0.891487 0.00403678 0.00263931)
(1.01557 0.00436002 0.0468802)
(1.21239 0.00487261 0.11373)
(1.4461 0.00308299 0.367692)
(1.14943 -0.00248694 0.301338)
(0.985572 0.00161129 0.087265)
(0.845998 0.00207454 0.0589501)
(0.805686 0.00302173 0.0177502)
(0.84566 0.00359412 0.0165891)
(0.962012 0.00391695 0.0584657)
(1.14762 0.00443499 0.121052)
(1.36673 0.00279369 0.364828)
(1.09511 -0.0024071 0.300526)
(0.938938 0.00135507 0.0966844)
(0.804331 0.00177185 0.0698)
(0.764716 0.00265219 0.030156)
(0.801344 0.00319729 0.0285502)
(0.910484 0.00351705 0.0681605)
(1.08549 0.00403473 0.126745)
(1.29076 0.00253343 0.360373)
(1.04211 -0.00231678 0.29823)
(0.89339 0.00113137 0.104387)
(0.763768 0.00150695 0.0788332)
(0.724971 0.00232393 0.0407195)
(0.758545 0.0028415 0.0387136)
(0.860913 0.00315595 0.0761413)
(1.02584 0.00366827 0.130957)
(1.21799 0.00229869 0.354487)
(0.990526 -0.00221861 0.294622)
(0.849022 0.000936575 0.110535)
(0.724375 0.00127558 0.0862247)
(0.68649 0.0020326 0.0496153)
(0.71726 0.00252262 0.0472485)
(0.813242 0.00282985 0.0825685)
(0.968578 0.00333259 0.133825)
(1.14829 0.00208661 0.347332)
(0.940437 -0.00211481 0.289854)
(0.805897 0.000767493 0.115273)
(0.686199 0.00107398 0.0921315)
(0.649299 0.00177435 0.057)
(0.677482 0.00223698 0.0543075)
(0.767428 0.00253544 0.0875891)
(0.913616 0.00302512 0.135483)
(1.08152 0.00189476 0.339063)
(0.891883 -0.00200723 0.284066)
(0.764058 0.000621282 0.118736)
(0.649268 0.000898834 0.0966962)
(0.61341 0.00154576 0.0630156)
(0.6392 0.00198136 0.0600297)
(0.723432 0.00226979 0.0913399)
(0.860893 0.00274354 0.136055)
(1.01762 0.00172108 0.329833)
(0.844889 -0.00189741 0.277389)
(0.723531 0.000495401 0.121046)
(0.613598 0.000747182 0.10005)
(0.578826 0.00134378 0.0677924)
(0.602401 0.00175285 0.0645437)
(0.681222 0.00203025 0.0939483)
(0.810358 0.00248583 0.135661)
(0.956499 0.00156375 0.319787)
(0.799465 -0.00178672 0.26994)
(0.684332 0.000387563 0.122319)
(0.579195 0.000616362 0.102314)
(0.545546 0.00116566 0.0714508)
(0.567068 0.00154882 0.0679684)
(0.640765 0.00181444 0.0955338)
(0.761962 0.00225009 0.134412)
(0.898102 0.00142116 0.30906)
(0.755612 -0.00167627 0.261831)
(0.64647 0.000295707 0.122662)
(0.546059 0.000503984 0.1036)
(0.513562 0.0010089 0.0741027)
(0.533183 0.00136689 0.0704149)
(0.602029 0.00162019 0.0962079)
(0.715661 0.00203462 0.132413)
(0.842358 0.00129187 0.29778)
(0.713326 -0.00156703 0.253166)
(0.609945 0.00021797 0.122174)
(0.514184 0.000407891 0.104014)
(0.48286 0.00087124 0.0758525)
(0.500723 0.00120489 0.0719868)
(0.56498 0.0014455 0.0960752)
(0.671407 0.00183782 0.129762)
(0.7892 0.00117457 0.286066)
(0.672595 -0.00145983 0.244041)
(0.574753 0.000152671 0.120951)
(0.483559 0.000326141 0.103653)
(0.453425 0.000750624 0.0767978)
(0.469664 0.00106083 0.0727809)
(0.529582 0.00128854 0.0952331)
(0.629153 0.00165823 0.12655)
(0.738561 0.00106808 0.274025)
(0.633407 -0.00135534 0.234547)
(0.540888 9.82898e-05 0.119081)
(0.454172 0.000256982 0.102609)
(0.425238 0.00064519 0.0770294)
(0.439979 0.000932897 0.0728873)
(0.495798 0.00114764 0.0937724)
(0.588851 0.00149447 0.122863)
(0.690369 0.000971346 0.261759)
(0.595742 -0.00125412 0.224767)
(0.508337 5.34579e-05 0.116644)
(0.426004 0.000198838 0.100967)
(0.398276 0.000553246 0.0766322)
(0.411637 0.00081944 0.0723902)
(0.463588 0.00102127 0.0917775)
(0.550448 0.00134527 0.118778)
(0.644551 0.000883391 0.249357)
(0.559581 -0.00115662 0.214779)
(0.477087 1.69419e-05 0.113718)
(0.399036 0.000150296 0.0988062)
(0.372517 0.000473263 0.0756853)
(0.384609 0.000718954 0.0713676)
(0.432911 0.000908011 0.0893264)
(0.513894 0.00120946 0.114367)
(0.601033 0.000803346 0.236903)
(0.524901 -0.0010632 0.204654)
(0.44712 -1.23654e-05 0.110376)
(0.373247 0.000110087 0.0962012)
(0.347934 0.000403857 0.074262)
(0.358862 0.000630068 0.0698919)
(0.403724 0.000806588 0.0864912)
(0.479134 0.00108593 0.109696)
(0.559741 0.000730429 0.224472)
(0.491677 -0.000974139 0.19446)
(0.418419 -3.54553e-05 0.106682)
(0.348613 7.70799e-05 0.0932201)
(0.324501 0.000343782 0.0724302)
(0.334361 0.000551542 0.0680301)
(0.375986 0.000715828 0.0833384)
(0.446114 0.000973673 0.104825)
(0.5206 0.000663934 0.212129)
(0.459885 -0.000889616 0.184255)
(0.390963 -5.32129e-05 0.102699)
(0.325111 5.02663e-05 0.089926)
(0.302188 0.000291915 0.070253)
(0.311072 0.000482251 0.0658438)
(0.34965 0.000634665 0.0799288)
(0.414779 0.000871753 0.0998094)
(0.483533 0.000603233 0.199936)
(0.429495 -0.000809762 0.174096)
(0.364729 -6.64281e-05 0.0984838)
(0.302714 2.87518e-05 0.0863771)
(0.280967 0.000247252 0.0677881)
(0.28896 0.000421177 0.0633898)
(0.324674 0.000562129 0.0763179)
(0.385075 0.000779302 0.0946979)
(0.448466 0.00054776 0.187945)
(0.400479 -0.00073464 0.164034)
(0.339694 -7.58016e-05 0.0940884)
(0.281396 1.17446e-05 0.082627)
(0.260808 0.000208893 0.0650888)
(0.267989 0.000367405 0.0607198)
(0.301012 0.000497343 0.0725564)
(0.356947 0.000695521 0.0895356)
(0.415324 0.000497014 0.176203)
(0.372808 -0.000664263 0.154113)
(0.315833 -8.19532e-05 0.0895611)
(0.26113 -1.45278e-06 0.0787246)
(0.241679 0.000176035 0.0622036)
(0.248122 0.000320111 0.0578813)
(0.27862 0.000439512 0.0686903)
(0.33034 0.000619674 0.0843627)
(0.384034 0.000450549 0.16475)
(0.346451 -0.000598595 0.144374)
(0.29312 -8.54288e-05 0.0849457)
(0.241886 -1.14527e-05 0.0747145)
(0.223552 0.000147964 0.059177)
(0.229323 0.000278555 0.0549172)
(0.257454 0.000387919 0.0647608)
(0.3052 0.00055108 0.0792151)
(0.354524 0.000407968 0.153622)
(0.321375 -0.000537562 0.134853)
(0.271529 -8.67072e-05 0.0802821)
(0.223637 -1.87906e-05 0.0706372)
(0.206393 0.000124046 0.0560492)
(0.211557 0.000242076 0.0518664)
(0.237469 0.000341914 0.0608053)
(0.281474 0.000489117 0.0741245)
(0.326723 0.000368918 0.142847)
(0.29755 -0.000481058 0.125582)
(0.251032 -8.62068e-05 0.0756063)
(0.206355 -2.39321e-05 0.0665292)
(0.190173 0.000103723 0.0528565)
(0.194787 0.000210082 0.0487641)
(0.218623 0.000300917 0.0568568)
(0.259109 0.00043321 0.0691192)
(0.300561 0.00033309 0.132452)
(0.274943 -0.000428949 0.116589)
(0.231601 -8.42912e-05 0.070951)
(0.190009 -2.72806e-05 0.0624234)
(0.17486 8.65001e-05 0.0496319)
(0.178978 0.000182045 0.0456416)
(0.200872 0.000264403 0.052945)
(0.238053 0.000382832 0.0642236)
(0.27597 0.000300205 0.122457)
(0.253521 -0.000381077 0.107898)
(0.213207 -8.12751e-05 0.0663453)
(0.174572 -2.91835e-05 0.0583491)
(0.160424 7.19434e-05 0.0464044)
(0.164095 0.000157497 0.0425269)
(0.184175 0.000231902 0.0490957)
(0.218255 0.000337497 0.0594591)
(0.252885 0.000270021 0.112877)
(0.233251 -0.000337267 0.0995287)
(0.195822 -7.74286e-05 0.061815)
(0.160013 -2.99385e-05 0.0543323)
(0.146834 5.9673e-05 0.0432002)
(0.150103 0.00013602 0.0394447)
(0.16849 0.000202992 0.0453316)
(0.199666 0.000296762 0.0548439)
(0.231241 0.000242319 0.103726)
(0.214101 -0.000297329 0.091499)
(0.179417 -7.29826e-05 0.0573831)
(0.146305 -2.97986e-05 0.0503959)
(0.134061 4.9357e-05 0.0400423)
(0.136968 0.000117247 0.0364167)
(0.153776 0.000177296 0.0416724)
(0.182236 0.000260218 0.0503934)
(0.210975 0.000216906 0.0950115)
(0.196036 -0.000261063 0.083822)
(0.163962 -6.81324e-05 0.0530694)
(0.133419 -2.89779e-05 0.04656)
(0.122073 4.07064e-05 0.0369507)
(0.124656 0.00010085 0.0334618)
(0.139995 0.000154477 0.0381347)
(0.165918 0.000227492 0.0461203)
(0.192027 0.000193611 0.08674)
(0.179025 -0.000228263 0.0765084)
(0.149428 -6.30421e-05 0.0488913)
(0.121327 -2.76556e-05 0.0428416)
(0.110842 3.3471e-05 0.033943)
(0.113136 8.65413e-05 0.0305964)
(0.127107 0.000134232 0.0347328)
(0.150665 0.000198239 0.0420351)
(0.174337 0.00017228 0.0789139)
(0.163034 -0.000198716 0.0695659)
(0.135785 -5.78479e-05 0.0448636)
(0.109999 -2.59808e-05 0.0392557)
(0.100339 2.74345e-05 0.031034)
(0.102375 7.40673e-05 0.0278341)
(0.115076 0.000116292 0.0314781)
(0.136432 0.000172145 0.0381459)
(0.15785 0.000152773 0.0715329)
(0.14803 -0.000172211 0.0629997)
(0.123004 -5.26614e-05 0.0409986)
(0.0994089 -2.40757e-05 0.0358143)
(0.0905353 2.24105e-05 0.0282364)
(0.0923415 6.32042e-05 0.0251865)
(0.103864 0.000100416 0.0283801)
(0.123174 0.000148922 0.0344587)
(0.142508 0.000134965 0.0645947)
(0.13398 -0.000148535 0.0568123)
(0.111056 -4.75729e-05 0.0373065)
(0.0895284 -2.20396e-05 0.0325276)
(0.0814033 1.82393e-05 0.0255607)
(0.083005 5.37555e-05 0.0226631)
(0.0934352 8.63892e-05 0.025446)
(0.110849 0.000128305 0.0309778)
(0.12826 0.000118742 0.0580945)
(0.120852 -0.000127479 0.051004)
(0.0999108 -4.26535e-05 0.0337955)
(0.0803305 -1.9952e-05 0.0294035)
(0.0729155 1.47844e-05 0.0230151)
(0.0743356 4.55487e-05 0.0202714)
(0.0837557 7.4018e-05 0.0226811)
(0.0994146 0.000110051 0.0277056)
(0.115052 0.000103999 0.0520254)
(0.108613 -0.000108838 0.045573)
(0.0895397 -3.79581e-05 0.0304716)
(0.0717884 -1.78754e-05 0.0264483)
(0.065045 1.19297e-05 0.0206065)
(0.0663042 3.84323e-05 0.0180169)
(0.0747912 6.31307e-05 0.0200889)
(0.0888296 9.39372e-05 0.0246431)
(0.102836 9.06401e-05 0.0463791)
(0.0972307 -9.24127e-05 0.0405156)
(0.0799135 -3.35272e-05 0.0273393)
(0.0638755 -1.58573e-05 0.0236661)
(0.0577654 9.57658e-06 0.0183395)
(0.0588821 3.22736e-05 0.0159037)
(0.0665088 5.35733e-05 0.0176714)
(0.0790545 7.97598e-05 0.0217896)
(0.0915621 7.85738e-05 0.0411454)
(0.0866735 -7.80109e-05 0.0358261)
(0.0710031 -2.93894e-05 0.0244012)
(0.0565658 -1.39332e-05 0.0210597)
(0.051051 7.64187e-06 0.0162176)
(0.0520416 2.6956e-05 0.0139343)
(0.0588766 4.52074e-05 0.015429)
(0.0700506 6.73311e-05 0.0191434)
(0.0811839 6.77156e-05 0.0363129)
(0.076909 -6.54484e-05 0.0314973)
(0.0627799 -2.55627e-05 0.0216587)
(0.0498335 -1.21281e-05 0.0186302)
(0.0448762 6.05555e-06 0.0142426)
(0.0457555 2.23772e-05 0.0121098)
(0.0518632 3.7909e-05 0.0133608)
(0.0617802 5.64792e-05 0.0167015)
(0.071656 5.7985e-05 0.0318689)
(0.0679057 -5.45495e-05 0.0275206)
(0.0552151 -2.20562e-05 0.0191115)
(0.0436531 -1.04585e-05 0.0163776)
(0.0392164 4.7589e-06 0.012415)
(0.0399974 1.84475e-05 0.0104301)
(0.0454384 3.15662e-05 0.0114646)
(0.0542066 4.70459e-05 0.0144599)
(0.0629345 4.93056e-05 0.0277995)
(0.0596317 -4.51481e-05 0.0238859)
(0.0482803 -1.88721e-05 0.0167581)
(0.0379996 -8.93391e-06 0.0143004)
(0.0340471 3.70281e-06 0.0107342)
(0.0347413 1.50879e-05 0.00889388)
(0.0395726 2.60783e-05 0.00973733)
(0.0472942 3.88862e-05 0.0124134)
(0.0549767 4.16037e-05 0.0240904)
(0.0520556 -3.70875e-05 0.0205818)
(0.0419472 -1.6006e-05 0.0145958)
(0.0328484 -7.55803e-06 0.012396)
(0.0293443 2.84637e-06 0.00919852)
(0.0299619 1.22289e-05 0.00749885)
(0.034237 2.13541e-05 0.00817469)
(0.0410081 3.18666e-05 0.0105564)
(0.0477414 3.48088e-05 0.0207259)
(0.0451462 -3.02209e-05 0.0175961)
(0.0361876 -1.34491e-05 0.0126209)
(0.0281748 -6.33016e-06 0.010661)
(0.0250846 2.15551e-06 0.00780515)
(0.0256345 9.80908e-06 0.00624173)
(0.0294035 1.73112e-05 0.00677168)
(0.0353145 2.58648e-05 0.00888239)
(0.0411887 2.88525e-05 0.0176903)
(0.0388723 -2.44117e-05 0.0149155)
(0.0309736 -1.11883e-05 0.0108286)
(0.023955 -5.24608e-06 0.00909074)
(0.0212449 1.60199e-06 0.00655052)
(0.021735 7.77401e-06 0.00511852)
(0.0250449 1.38746e-05 0.00552245)
(0.0301806 2.07689e-05 0.007384)
(0.0352799 2.36691e-05 0.0149672)
(0.0332028 -1.95334e-05 0.0125258)
(0.0262775 -9.2077e-06 0.0092133)
(0.020165 -4.29898e-06 0.00768002)
(0.0178025 1.16237e-06 0.00543026)
(0.0182396 6.07551e-06 0.00412441)
(0.0211343 1.09759e-05 0.00442048)
(0.025574 1.64757e-05 0.00605346)
(0.0299773 1.91941e-05 0.0125397)
(0.0281066 -1.54691e-05 0.0104121)
(0.0220717 -7.48909e-06 0.0077686)
(0.0167812 -3.48012e-06 0.00642278)
(0.014735 8.1717e-07 0.0044393)
(0.0151251 4.67066e-06 0.00325397)
(0.0176457 8.55286e-06 0.00345867)
(0.0214634 1.28904e-05 0.0048824)
(0.0252439 1.53649e-05 0.0103906)
(0.0235529 -1.21121e-05 0.00855911)
(0.0183286 -6.01269e-06 0.00648734)
(0.0137805 -2.77952e-06 0.00531233)
(0.0120205 5.50201e-07 0.00357196)
(0.0123689 3.52115e-06 0.00250121)
(0.0145533 6.54839e-06 0.00262944)
(0.0178179 9.92622e-06 0.00386209)
(0.0210437 1.21209e-05 0.0085025)
(0.0195109 -9.36513e-06 0.00695079)
(0.0150211 -4.75781e-06 0.00536178)
(0.0111397 -2.1865e-06 0.00434144)
(0.00963738 3.47954e-07 0.00282201)
(0.00994849 2.59268e-06 0.00185965)
(0.0118323 4.91033e-06 0.00192478)
(0.0146075 7.50365e-06 0.00298346)
(0.017342 9.40378e-06 0.006858)
(0.01595 -7.14002e-06 0.00557079)
(0.0121219 -3.70329e-06 0.00438358)
(0.00883614 -1.69001e-06 0.00350236)
(0.00756434 1.99091e-07 0.00218277)
(0.00784215 1.85445e-06 0.0013224)
(0.0094581 3.59091e-06 0.00133633)
(0.0118026 5.55009e-06 0.00223717)
(0.0141046 7.15718e-06 0.00543971)
(0.0128394 -5.35749e-06 0.0044024)
(0.00960415 -2.82793e-06 0.00354391)
(0.00684714 -1.27905e-06 0.00278695)
(0.00578037 9.40347e-08 0.00164719)
(0.00602834 1.27878e-06 0.00088223)
(0.00740671 2.54639e-06 0.000855446)
(0.00937457 3.99937e-06 0.00161359)
(0.0112981 5.32696e-06 0.00423024)
(0.0101485 -3.94674e-06 0.00342867)
(0.00744103 -2.11097e-06 0.00283351)
(0.00515038 -9.4294e-07 0.00218667)
(0.00426475 2.46407e-08 0.00120785)
(0.0044859 8.40734e-07 0.000531589)
(0.00565456 1.73675e-06 0.000473215)
(0.00729504 2.79131e-06 0.0011029)
(0.00888997 3.86134e-06 0.0032123)
(0.00784684 -2.845e-06 0.00263252)
(0.00560592 -1.53234e-06 0.00224281)
(0.00372371 -6.71525e-07 0.00169274)
(0.00299701 -1.60764e-08 0.000857061)
(0.00319402 5.17813e-07 0.000262698)
(0.00417844 1.1254e-06 0.000180576)
(0.00553635 1.87137e-06 0.000695117)
(0.00684802 2.71117e-06 0.00236878)
(0.00590407 -1.99716e-06 0.00199678)
(0.00407238 -1.07299e-06 0.00176191)
(0.00254512 -4.55321e-07 0.00129612)
(0.00195691 -3.4188e-08 0.000586866)
(0.00213219 2.89766e-07 6.75724e-05)
(0.00295557 6.79096e-07 -3.16873e-05)
(0.00407131 1.1904e-06 0.000380177)
(0.00514093 1.83018e-06 0.00168282)
(0.00429007 -1.35526e-06 0.00150431)
(0.00281423 -7.1501e-07 0.00138071)
(0.00159277 -2.85648e-07 0.000987592)
(0.00112435 -3.50218e-08 0.00038914)
(0.00128009 1.38376e-07 -6.19941e-05)
(0.00196353 3.67664e-07 -0.000172956)
(0.00287334 7.04335e-07 0.000147933)
(0.00373799 1.17513e-06 0.00113788)
(0.00297501 -8.78065e-07 0.001138)
(0.00180552 -4.41897e-07 0.00108896)
(0.00084492 -1.54661e-07 0.000757864)
(0.0004792 -2.32561e-08 0.000255583)
(0.000617509 4.72836e-08 -0.000134423)
(0.00118021 1.63872e-07 -0.000252734)
(0.00191643 3.73895e-07 -1.17971e-05)
(0.00260923 7.06046e-07 0.000717798)
(0.00192953 -5.30534e-07 0.000880872)
(0.00102066 -2.38578e-07 0.000876338)
(0.000279838 -5.53211e-08 0.000597604)
(1.1757e-06 -2.9723e-09 0.000177734)
(0.000124114 1.86841e-09 -0.000158356)
(0.000583748 4.32601e-08 -0.000280668)
(0.00117517 1.64338e-07 -0.000109225)
(0.0017254 3.86373e-07 0.000406852)
(0.00112477 -2.83355e-07 0.000715985)
(0.000434409 -9.14706e-08 0.000732529)
(-0.000124299 1.86816e-08 0.000497567)
(-0.000330484 2.23582e-08 0.00014704)
(-0.000220779 -1.08195e-08 -0.000142675)
(0.000152411 -1.59801e-08 -0.000266584)
(0.000624837 4.51479e-08 -0.000154599)
(0.00105805 1.83e-07 0.000189801)
(0.000532603 -1.12487e-07 0.000626356)
(2.20018e-05 1.15326e-08 0.000647248)
(-0.000389551 7.31035e-08 0.000448824)
(-0.000537378 5.0006e-08 0.000155039)
(-0.000438524 -2.05656e-09 -9.65025e-05)
(-0.0001354 -3.31195e-08 -0.000220552)
(0.000241437 -1.02431e-08 -0.000158243)
(0.000579407 6.63084e-08 5.18655e-05)
(0.000125468 1.25704e-09 0.000594607)
(-0.000240979 8.10793e-08 0.00061025)
(-0.000538428 1.13446e-07 0.000443251)
(-0.000642352 7.83372e-08 0.000193963)
(-0.00055148 1.87351e-08 -2.88762e-05)
(-0.000301257 -2.49381e-08 -0.00015291)
(1.70149e-06 -2.47304e-08 -0.000130729)
(0.000262117 1.0168e-08 -2.13947e-05)
(-0.000124615 7.26607e-08 0.000602316)
(-0.000379038 1.26319e-07 0.000611293)
(-0.000594172 1.45438e-07 0.000474485)
(-0.000669547 1.07643e-07 0.000258305)
(-0.000583059 4.46489e-08 5.24042e-05)
(-0.000367126 -5.49235e-09 -7.41161e-05)
(-0.000117637 -1.76947e-08 -8.33026e-05)
(7.82152e-05 -8.05668e-09 -4.452e-05)
(-0.000248806 1.1241e-07 0.000627903)
(-0.000418601 1.54124e-07 0.00063749)
(-0.000580857 1.74469e-07 0.000536137)
(-0.000641676 1.40281e-07 0.000344909)
(-0.000555037 7.18877e-08 0.000141696)
(-0.00035565 1.46531e-08 5.52909e-06)
(-0.000142529 -4.45939e-09 -2.85018e-05)
(-3.42724e-06 -7.2579e-09 -3.37021e-05)
(-0.000287452 1.27918e-07 0.000649389)
(-0.000394173 1.67944e-07 0.000672248)
(-0.00052328 2.03889e-07 0.000623037)
(-0.000571107 1.79308e-07 0.000457562)
(-0.000478204 1.00746e-07 0.00024281)
(-0.000288024 3.11796e-08 8.16321e-05)
(-0.000106262 5.68223e-09 1.95783e-05)
(-1.99235e-05 -1.2524e-09 -7.40003e-06)
(-0.000275161 1.24765e-07 0.000650556)
(-0.000355118 1.7952e-07 0.000732058)
(-0.000439248 2.47794e-07 0.000767189)
(-0.000431059 2.38433e-07 0.000635025)
(-0.000310139 1.42095e-07 0.000384091)
(-0.000151707 4.73949e-08 0.00015481)
(-4.34524e-05 7.61491e-09 3.49605e-05)
(-8.54167e-06 2.31179e-09 1.32368e-05)
)
;
    }
    top
    {
        type            calculated;
        value           nonuniform List<vector> 
640
(
(-55.1337 -0.994384 -2.74294)
(-69.5475 -8.34724 -4.59945)
(-83.2423 -6.56513 -6.43655)
(-89.9249 -2.26273 -7.3988)
(-89.9249 2.26273 -7.3988)
(-83.2423 6.56513 -6.43655)
(-69.5475 8.34724 -4.59945)
(-55.1337 0.994384 -2.74294)
(-25.9974 -0.103052 -0.744582)
(-31.0471 -1.55164 -1.02747)
(-32.5293 -1.70618 -1.13358)
(-33.212 -0.661649 -1.18168)
(-33.212 0.661649 -1.18168)
(-32.5293 1.70618 -1.13358)
(-31.0471 1.55164 -1.02747)
(-25.9974 0.103052 -0.744582)
(-33.9541 0.0709377 -1.28262)
(-36.526 -0.50309 -1.41727)
(-36.387 -0.687733 -1.39034)
(-36.2298 -0.300465 -1.37394)
(-36.2298 0.300465 -1.37394)
(-36.387 0.687733 -1.39034)
(-36.526 0.50309 -1.41727)
(-33.9541 -0.0709377 -1.28262)
(-48.6766 0.0952325 -2.64905)
(-50.7929 -0.037123 -2.77536)
(-51.4189 -0.205138 -2.79154)
(-51.5731 -0.117005 -2.79026)
(-51.5731 0.117005 -2.79026)
(-51.4189 0.205138 -2.79154)
(-50.7929 0.037123 -2.77536)
(-48.6766 -0.0952325 -2.64905)
(-61.9338 0.115856 -4.34052)
(-63.5796 0.303275 -4.44413)
(-64.6171 0.150723 -4.51078)
(-65.0559 0.0285729 -4.53943)
(-65.0559 -0.028573 -4.53943)
(-64.6171 -0.150723 -4.51078)
(-63.5796 -0.303275 -4.44413)
(-61.9338 -0.115856 -4.34052)
(-73.3992 0.0921582 -6.20096)
(-74.5875 0.472456 -6.27171)
(-75.5802 0.351765 -6.3496)
(-76.082 0.116237 -6.39252)
(-76.082 -0.116237 -6.39252)
(-75.5802 -0.351765 -6.3496)
(-74.5875 -0.472456 -6.27171)
(-73.3992 -0.0921582 -6.20096)
(-83.4274 0.0413103 -8.18055)
(-84.2071 0.522091 -8.21506)
(-84.9971 0.438392 -8.28128)
(-85.4415 0.15813 -8.32395)
(-85.4415 -0.15813 -8.32395)
(-84.9971 -0.438392 -8.28128)
(-84.2071 -0.522091 -8.21506)
(-83.4274 -0.0413103 -8.18055)
(-92.2363 -0.0152496 -10.241)
(-92.6742 0.50818 -10.2392)
(-93.2373 0.458114 -10.2844)
(-93.5827 0.172037 -10.3189)
(-93.5827 -0.172037 -10.3189)
(-93.2373 -0.458114 -10.2844)
(-92.6742 -0.50818 -10.2392)
(-92.2363 0.0152496 -10.241)
(-99.9745 -0.0657498 -12.3495)
(-100.149 0.468639 -12.3147)
(-100.507 0.445245 -12.3362)
(-100.75 0.171393 -12.3592)
(-100.75 -0.171393 -12.3592)
(-100.507 -0.445245 -12.3362)
(-100.149 -0.468639 -12.3147)
(-99.9745 0.0657498 -12.3495)
(-106.758 -0.105428 -14.4783)
(-106.74 0.4258 -14.4155)
(-106.93 0.42135 -14.414)
(-107.082 0.164902 -14.4247)
(-107.082 -0.164902 -14.4247)
(-106.93 -0.42135 -14.414)
(-106.74 -0.4258 -14.4155)
(-106.758 0.105428 -14.4783)
(-112.682 -0.133497 -16.6039)
(-112.528 0.390654 -16.5179)
(-112.588 0.398237 -16.4958)
(-112.667 0.157539 -16.4949)
(-112.667 -0.157539 -16.4949)
(-112.588 -0.398237 -16.4958)
(-112.528 -0.390654 -16.5179)
(-112.682 0.133497 -16.6039)
(-117.819 -0.151059 -18.7051)
(-117.572 0.36708 -18.6002)
(-117.537 0.381208 -18.5606)
(-117.558 0.151719 -18.5497)
(-117.558 -0.151719 -18.5497)
(-117.537 -0.381208 -18.5606)
(-117.572 -0.36708 -18.6002)
(-117.819 0.151059 -18.7051)
(-122.232 -0.159904 -20.7624)
(-121.92 0.355098 -20.6423)
(-121.817 0.371719 -20.5883)
(-121.797 0.148295 -20.569)
(-121.797 -0.148295 -20.569)
(-121.817 -0.371719 -20.5883)
(-121.92 -0.355098 -20.6423)
(-122.232 0.159904 -20.7624)
(-125.969 -0.161893 -22.7583)
(-125.614 0.352955 -22.6256)
(-125.462 0.369235 -22.5601)
(-125.413 0.147263 -22.5342)
(-125.413 -0.147263 -22.5342)
(-125.462 -0.369235 -22.5601)
(-125.614 -0.352955 -22.6256)
(-125.969 0.161893 -22.7583)
(-129.074 -0.158683 -24.6769)
(-128.689 0.358335 -24.5336)
(-128.504 0.372375 -24.459)
(-128.434 0.148226 -24.4278)
(-128.434 -0.148226 -24.4278)
(-128.504 -0.372375 -24.459)
(-128.689 -0.358335 -24.5336)
(-129.074 0.158683 -24.6769)
(-131.587 -0.151634 -26.504)
(-131.179 0.368991 -26.3515)
(-130.971 0.379568 -26.2696)
(-130.887 0.150662 -26.2343)
(-130.887 -0.150662 -26.2343)
(-130.971 -0.379568 -26.2696)
(-131.179 -0.368991 -26.3515)
(-131.587 0.151634 -26.504)
(-133.544 -0.141802 -28.2276)
(-133.117 0.383024 -28.0669)
(-132.894 0.389384 -27.9791)
(-132.8 0.154065 -27.9406)
(-132.8 -0.154065 -27.9406)
(-132.894 -0.389384 -27.9791)
(-133.117 -0.383024 -28.0669)
(-133.544 0.141802 -28.2276)
(-134.98 -0.129981 -29.8373)
(-134.537 0.398957 -29.6692)
(-134.301 0.400659 -29.5763)
(-134.2 0.158015 -29.5353)
(-134.2 -0.158015 -29.5353)
(-134.301 -0.400659 -29.5763)
(-134.537 -0.398957 -29.6692)
(-134.98 0.129981 -29.8373)
(-135.926 -0.11676 -31.3249)
(-135.468 0.415712 -31.1496)
(-135.223 0.412518 -31.0525)
(-135.117 0.162186 -31.0093)
(-135.117 -0.162186 -31.0093)
(-135.223 -0.412518 -31.0525)
(-135.468 -0.415712 -31.1496)
(-135.926 0.11676 -31.3249)
(-136.414 -0.102567 -32.6836)
(-135.943 0.432542 -32.5015)
(-135.69 0.424344 -32.4005)
(-135.58 0.166346 -32.3555)
(-135.58 -0.166346 -32.3555)
(-135.69 -0.424344 -32.4005)
(-135.943 -0.432542 -32.5015)
(-136.414 0.102567 -32.6836)
(-136.476 -0.0877197 -33.9085)
(-135.991 0.448951 -33.7198)
(-135.731 0.435725 -33.6153)
(-135.618 0.170339 -33.5687)
(-135.618 -0.170339 -33.5687)
(-135.731 -0.435725 -33.6153)
(-135.991 -0.448951 -33.7198)
(-136.476 0.0877197 -33.9085)
(-136.14 -0.0724537 -34.996)
(-135.642 0.464624 -34.801)
(-135.375 0.446402 -34.6931)
(-135.26 0.174064 -34.6451)
(-135.26 -0.174064 -34.6451)
(-135.375 -0.446402 -34.6931)
(-135.642 -0.464624 -34.801)
(-136.14 0.0724537 -34.996)
(-135.436 -0.0569519 -35.9442)
(-134.925 0.479373 -35.743)
(-134.651 0.456222 -35.632)
(-134.533 0.177465 -35.5827)
(-134.533 -0.177465 -35.5827)
(-134.651 -0.456222 -35.632)
(-134.925 -0.479373 -35.743)
(-135.436 0.056952 -35.9442)
(-134.389 -0.0413603 -36.7521)
(-133.866 0.493091 -36.545)
(-133.587 0.465107 -36.4311)
(-133.466 0.18051 -36.3805)
(-133.466 -0.18051 -36.3805)
(-133.587 -0.465107 -36.4311)
(-133.866 -0.493091 -36.545)
(-134.389 0.0413603 -36.7521)
(-133.028 -0.0257997 -37.4203)
(-132.494 0.505721 -37.2075)
(-132.209 0.473022 -37.0908)
(-132.086 0.183188 -37.0391)
(-132.086 -0.183188 -37.0391)
(-132.209 -0.473022 -37.0908)
(-132.494 -0.505721 -37.2075)
(-133.028 0.0257997 -37.4203)
(-131.378 -0.0103738 -37.95)
(-130.833 0.517237 -37.7319)
(-130.543 0.47996 -37.6125)
(-130.417 0.185495 -37.5597)
(-130.417 -0.185495 -37.5597)
(-130.543 -0.479961 -37.6125)
(-130.833 -0.517237 -37.7319)
(-131.378 0.0103738 -37.95)
(-129.463 0.00482608 -38.3435)
(-128.907 0.527631 -38.1204)
(-128.613 0.485931 -37.9986)
(-128.485 0.187437 -37.9449)
(-128.485 -0.187437 -37.9449)
(-128.613 -0.485931 -37.9986)
(-128.907 -0.527631 -38.1204)
(-129.463 -0.00482607 -38.3435)
(-127.306 0.0197187 -38.6039)
(-126.742 0.536904 -38.3763)
(-126.443 0.490952 -38.2523)
(-126.314 0.189022 -38.1976)
(-126.314 -0.189022 -38.1976)
(-126.443 -0.490952 -38.2523)
(-126.742 -0.536904 -38.3763)
(-127.306 -0.0197187 -38.6039)
(-124.93 0.0342311 -38.7351)
(-124.358 0.545061 -38.5034)
(-124.055 0.495042 -38.3774)
(-123.925 0.190259 -38.3219)
(-123.925 -0.190259 -38.3219)
(-124.055 -0.495042 -38.3774)
(-124.358 -0.545061 -38.5034)
(-124.93 -0.0342311 -38.7351)
(-122.357 0.0482976 -38.7415)
(-121.778 0.552112 -38.5061)
(-121.472 0.498223 -38.3784)
(-121.341 0.191156 -38.3222)
(-121.341 -0.191156 -38.3222)
(-121.472 -0.498223 -38.3784)
(-121.778 -0.552112 -38.5061)
(-122.357 -0.0482976 -38.7415)
(-119.606 0.0618593 -38.628)
(-119.023 0.558066 -38.3894)
(-118.714 0.500519 -38.2602)
(-118.581 0.191725 -38.2035)
(-118.581 -0.191725 -38.2035)
(-118.714 -0.500519 -38.2602)
(-119.023 -0.558066 -38.3894)
(-119.606 -0.0618593 -38.628)
(-116.698 0.074864 -38.4)
(-116.11 0.562936 -38.1588)
(-115.8 0.50195 -38.0283)
(-115.666 0.191975 -37.9711)
(-115.666 -0.191975 -37.9711)
(-115.8 -0.50195 -38.0283)
(-116.11 -0.562936 -38.1588)
(-116.698 -0.074864 -38.4)
(-113.65 0.087266 -38.0632)
(-113.06 0.566734 -37.8199)
(-112.749 0.50254 -37.6885)
(-112.615 0.191915 -37.631)
(-112.615 -0.191915 -37.631)
(-112.749 -0.50254 -37.6885)
(-113.06 -0.566734 -37.8199)
(-113.65 -0.087266 -38.0632)
(-110.481 0.0990258 -37.6238)
(-109.89 0.569475 -37.3789)
(-109.578 0.502309 -37.2469)
(-109.444 0.191554 -37.1892)
(-109.444 -0.191554 -37.1892)
(-109.578 -0.502309 -37.2469)
(-109.89 -0.569475 -37.3789)
(-110.481 -0.0990258 -37.6238)
(-107.207 0.11011 -37.0879)
(-106.616 0.571175 -36.8421)
(-106.304 0.501281 -36.7098)
(-106.17 0.190902 -36.6519)
(-106.17 -0.190902 -36.6519)
(-106.304 -0.501281 -36.7098)
(-106.616 -0.571175 -36.8421)
(-107.207 -0.11011 -37.0879)
(-103.845 0.120491 -36.4622)
(-103.255 0.571851 -36.2159)
(-102.944 0.499478 -36.0836)
(-102.81 0.189967 -36.0258)
(-102.81 -0.189967 -36.0258)
(-102.944 -0.499478 -36.0836)
(-103.255 -0.571851 -36.2159)
(-103.845 -0.120491 -36.4622)
(-100.408 0.130145 -35.7531)
(-99.8207 0.571524 -35.507)
(-99.5113 0.496921 -35.3749)
(-99.3783 0.18876 -35.3173)
(-99.3783 -0.18876 -35.3173)
(-99.5113 -0.496922 -35.3749)
(-99.8207 -0.571524 -35.507)
(-100.408 -0.130145 -35.7531)
(-96.912 0.139057 -34.9674)
(-96.3284 0.570216 -34.722)
(-96.0212 0.493636 -34.5905)
(-95.8891 0.187288 -34.5331)
(-95.8891 -0.187288 -34.5331)
(-96.0212 -0.493636 -34.5905)
(-96.3284 -0.570216 -34.722)
(-96.912 -0.139057 -34.9674)
(-93.3698 0.147212 -34.1117)
(-92.7911 0.567948 -33.8675)
(-92.4867 0.489646 -33.7369)
(-92.3559 0.185563 -33.68)
(-92.3559 -0.185563 -33.68)
(-92.4867 -0.489646 -33.7369)
(-92.7911 -0.567948 -33.8675)
(-93.3698 -0.147212 -34.1117)
(-89.7943 0.154605 -33.1928)
(-89.2216 0.564747 -32.9504)
(-88.9206 0.484975 -32.8209)
(-88.7913 0.183593 -32.7645)
(-88.7913 -0.183593 -32.7645)
(-88.9206 -0.484975 -32.8209)
(-89.2216 -0.564747 -32.9504)
(-89.7943 -0.154605 -33.1928)
(-86.1973 0.16123 -32.2172)
(-85.6317 0.560638 -31.9771)
(-85.3347 0.479647 -31.849)
(-85.2072 0.181388 -31.7933)
(-85.2072 -0.181388 -31.7933)
(-85.3347 -0.479647 -31.849)
(-85.6317 -0.560638 -31.9771)
(-86.1973 -0.16123 -32.2172)
(-82.5902 0.167089 -31.1916)
(-82.0328 0.55565 -30.9543)
(-81.7403 0.473689 -30.8279)
(-81.6148 0.178957 -30.773)
(-81.6148 -0.178957 -30.773)
(-81.7403 -0.473689 -30.8279)
(-82.0328 -0.55565 -30.9543)
(-82.5902 -0.167089 -31.1916)
(-78.9837 0.172184 -30.1224)
(-78.4353 0.549809 -29.8884)
(-78.1479 0.467124 -29.7639)
(-78.0246 0.176309 -29.7099)
(-78.0246 -0.176309 -29.7099)
(-78.1479 -0.467124 -29.7639)
(-78.4353 -0.549809 -29.8884)
(-78.9837 -0.172184 -30.1224)
(-75.3877 0.176522 -29.0159)
(-74.8493 0.543148 -28.7856)
(-74.5675 0.459979 -28.6633)
(-74.4465 0.173456 -28.6102)
(-74.4465 -0.173456 -28.6102)
(-74.5675 -0.459979 -28.6633)
(-74.8493 -0.543148 -28.7856)
(-75.3877 -0.176522 -29.0159)
(-71.8117 0.180114 -27.8783)
(-71.2841 0.535695 -27.6521)
(-71.0082 0.452279 -27.5322)
(-70.8899 0.170405 -27.4802)
(-70.8899 -0.170405 -27.4802)
(-71.0082 -0.452279 -27.5322)
(-71.2841 -0.535695 -27.6521)
(-71.8117 -0.180114 -27.8783)
(-68.2644 0.182972 -26.7155)
(-67.7485 0.527482 -26.4938)
(-67.4789 0.444049 -26.3765)
(-67.3633 0.167167 -26.3258)
(-67.3633 -0.167167 -26.3258)
(-67.4789 -0.444049 -26.3765)
(-67.7485 -0.527482 -26.4938)
(-68.2644 -0.182972 -26.7155)
(-64.7542 0.18511 -25.5334)
(-64.2505 0.51854 -25.3166)
(-63.9877 0.435316 -25.2021)
(-63.875 0.163751 -25.1526)
(-63.875 -0.163751 -25.1526)
(-63.9877 -0.435316 -25.2021)
(-64.2505 -0.51854 -25.3166)
(-64.7542 -0.18511 -25.5334)
(-61.2888 0.186545 -24.3375)
(-60.798 0.508901 -24.1259)
(-60.5421 0.426104 -24.0144)
(-60.4325 0.160167 -23.9662)
(-60.4325 -0.160167 -23.9662)
(-60.5421 -0.426104 -24.0144)
(-60.798 -0.508901 -24.1259)
(-61.2888 -0.186545 -24.3375)
(-57.8754 0.187297 -23.1332)
(-57.3979 0.498599 -22.9271)
(-57.1494 0.416438 -22.8187)
(-57.043 0.156423 -22.7718)
(-57.043 -0.156423 -22.7718)
(-57.1494 -0.416438 -22.8187)
(-57.3979 -0.498599 -22.9271)
(-57.8754 -0.187297 -23.1332)
(-54.5206 0.187384 -21.9256)
(-54.0571 0.487663 -21.7253)
(-53.8161 0.406344 -21.6201)
(-53.713 0.152529 -21.5747)
(-53.713 -0.152529 -21.5747)
(-53.8161 -0.406344 -21.6201)
(-54.0571 -0.487663 -21.7253)
(-54.5206 -0.187384 -21.9256)
(-51.2309 0.186828 -20.7196)
(-50.7816 0.476128 -20.5253)
(-50.5484 0.395846 -20.4234)
(-50.4486 0.148494 -20.3795)
(-50.4486 -0.148494 -20.3795)
(-50.5484 -0.395846 -20.4234)
(-50.7816 -0.476128 -20.5253)
(-51.2309 -0.186828 -20.7196)
(-48.0119 0.185653 -19.5198)
(-47.5772 0.464024 -19.3317)
(-47.3519 0.384967 -19.2332)
(-47.2557 0.144326 -19.1909)
(-47.2557 -0.144326 -19.1909)
(-47.3519 -0.384967 -19.2332)
(-47.5772 -0.464024 -19.3317)
(-48.0119 -0.185653 -19.5198)
(-44.8692 0.183882 -18.3307)
(-44.4493 0.451383 -18.1489)
(-44.2321 0.373732 -18.054)
(-44.1393 0.140034 -18.0132)
(-44.1393 -0.140034 -18.0132)
(-44.2321 -0.373732 -18.054)
(-44.4493 -0.451383 -18.1489)
(-44.8692 -0.183882 -18.3307)
(-41.8077 0.18154 -17.1563)
(-41.4028 0.438237 -16.981)
(-41.1937 0.362163 -16.8896)
(-41.1045 0.135626 -16.8505)
(-41.1045 -0.135626 -16.8505)
(-41.1937 -0.362163 -16.8896)
(-41.4028 -0.438237 -16.981)
(-41.8077 -0.18154 -17.1563)
(-38.832 0.178651 -16.0006)
(-38.4422 0.424617 -15.8318)
(-38.2413 0.350283 -15.7441)
(-38.1557 0.131111 -15.7065)
(-38.1557 -0.131111 -15.7065)
(-38.2413 -0.350283 -15.7441)
(-38.4422 -0.424617 -15.8318)
(-38.832 -0.178651 -16.0006)
(-35.9463 0.175242 -14.8673)
(-35.5717 0.410553 -14.7051)
(-35.379 0.338115 -14.621)
(-35.297 0.126496 -14.585)
(-35.297 -0.126496 -14.585)
(-35.379 -0.338115 -14.621)
(-35.5717 -0.410553 -14.7051)
(-35.9463 -0.175242 -14.8673)
(-33.1546 0.171339 -13.7596)
(-32.7952 0.396076 -13.604)
(-32.6107 0.325679 -13.5236)
(-32.5323 0.121789 -13.4892)
(-32.5323 -0.121789 -13.4892)
(-32.6107 -0.325679 -13.5236)
(-32.7952 -0.396076 -13.604)
(-33.1546 -0.171339 -13.7596)
(-30.4604 0.166966 -12.6808)
(-30.1161 0.381214 -12.5318)
(-29.9398 0.312997 -12.455)
(-29.8649 0.116998 -12.4222)
(-29.8649 -0.116998 -12.4222)
(-29.9398 -0.312997 -12.455)
(-30.1161 -0.381214 -12.5318)
(-30.4604 -0.166966 -12.6808)
(-27.867 0.162152 -11.6337)
(-27.5377 0.365995 -11.4913)
(-27.3694 0.300088 -11.4181)
(-27.2981 0.112129 -11.3869)
(-27.2981 -0.112129 -11.3869)
(-27.3694 -0.300088 -11.4181)
(-27.5377 -0.365995 -11.4913)
(-27.867 -0.162152 -11.6337)
(-25.3773 0.156922 -10.6211)
(-25.0628 0.350447 -10.4852)
(-24.9025 0.286971 -10.4155)
(-24.8346 0.107189 -10.3859)
(-24.8346 -0.107189 -10.3859)
(-24.9025 -0.286971 -10.4155)
(-25.0628 -0.350447 -10.4852)
(-25.3773 -0.156922 -10.6211)
(-22.994 0.151302 -9.64528)
(-22.694 0.334599 -9.51579)
(-22.5415 0.273666 -9.44959)
(-22.477 0.102185 -9.42151)
(-22.477 -0.102185 -9.42151)
(-22.5415 -0.273666 -9.44959)
(-22.694 -0.334599 -9.51579)
(-22.994 -0.151302 -9.64528)
(-20.7194 0.145321 -8.70853)
(-20.4337 0.318477 -8.58533)
(-20.2888 0.260191 -8.52254)
(-20.2277 0.0971245 -8.49596)
(-20.2277 -0.0971246 -8.49596)
(-20.2888 -0.260191 -8.52254)
(-20.4337 -0.318477 -8.58533)
(-20.7194 -0.145321 -8.70852)
(-18.5558 0.138998 -7.81283)
(-18.2841 0.3021 -7.69578)
(-18.1466 0.246561 -7.63632)
(-18.0888 0.0920111 -7.6112)
(-18.0888 -0.0920112 -7.6112)
(-18.1466 -0.246561 -7.63632)
(-18.2841 -0.3021 -7.69578)
(-18.5558 -0.138998 -7.81283)
(-16.505 0.132357 -6.95997)
(-16.2468 0.285486 -6.84889)
(-16.1166 0.232784 -6.79266)
(-16.062 0.0868477 -6.76898)
(-16.062 -0.0868478 -6.76898)
(-16.1166 -0.232784 -6.79266)
(-16.2468 -0.285486 -6.84889)
(-16.505 -0.132357 -6.95997)
(-14.5686 0.12542 -6.15151)
(-14.3236 0.268652 -6.04622)
(-14.2005 0.218868 -5.99313)
(-14.1489 0.0816364 -5.97083)
(-14.1489 -0.0816365 -5.97083)
(-14.2005 -0.218868 -5.99313)
(-14.3236 -0.268652 -6.04622)
(-14.5686 -0.12542 -6.15151)
(-12.7482 0.118206 -5.38884)
(-12.5158 0.251606 -5.28914)
(-12.3995 0.204813 -5.23907)
(-12.351 0.0763766 -5.21813)
(-12.351 -0.0763766 -5.21813)
(-12.3995 -0.204814 -5.23907)
(-12.5158 -0.251606 -5.28914)
(-12.7482 -0.118206 -5.38884)
(-11.0448 0.110728 -4.67315)
(-10.8247 0.234343 -4.57883)
(-10.7151 0.190612 -4.5317)
(-10.6695 0.0710645 -4.51206)
(-10.6695 -0.0710645 -4.51206)
(-10.7151 -0.190612 -4.5317)
(-10.8247 -0.234343 -4.57883)
(-11.0448 -0.110728 -4.67315)
(-9.45962 0.102991 -4.00547)
(-9.25132 0.21684 -3.91633)
(-9.1481 0.176239 -3.87205)
(-9.10539 0.0656906 -3.85369)
(-9.10539 -0.0656907 -3.85369)
(-9.1481 -0.176239 -3.87205)
(-9.25132 -0.21684 -3.91633)
(-9.45962 -0.102991 -4.00547)
(-7.99341 0.094987 -3.38666)
(-7.79651 0.199051 -3.30251)
(-7.69962 0.161648 -3.26102)
(-7.65981 0.0602358 -3.24393)
(-7.65981 -0.0602359 -3.24393)
(-7.69962 -0.161648 -3.26102)
(-7.79651 -0.199051 -3.30251)
(-7.99341 -0.094987 -3.38666)
(-6.64687 0.0866905 -2.81743)
(-6.46103 0.180891 -2.73811)
(-6.37049 0.146766 -2.69939)
(-6.33365 0.0546715 -2.68362)
(-6.33365 -0.0546715 -2.68362)
(-6.37049 -0.146766 -2.69939)
(-6.46103 -0.180891 -2.73811)
(-6.64687 -0.0866905 -2.81743)
(-5.42051 0.0780531 -2.29834)
(-5.24559 0.16223 -2.22378)
(-5.16158 0.131484 -2.18791)
(-5.12788 0.0489588 -2.1735)
(-5.12789 -0.0489588 -2.1735)
(-5.16158 -0.131484 -2.18791)
(-5.24559 -0.16223 -2.22378)
(-5.42051 -0.0780531 -2.29834)
(-4.31473 0.0689971 -1.82985)
(-4.1509 0.142892 -1.76009)
(-4.07387 0.115668 -1.72724)
(-4.04361 0.0430503 -1.71432)
(-4.04361 -0.0430503 -1.71432)
(-4.07387 -0.115668 -1.72724)
(-4.1509 -0.142892 -1.76009)
(-4.31473 -0.0689971 -1.82985)
(-3.32997 0.0594159 -1.41234)
(-3.17787 0.122661 -1.34765)
(-3.10858 0.0991731 -1.31814)
(-3.08219 0.0369004 -1.30689)
(-3.08219 -0.0369005 -1.30689)
(-3.10858 -0.0991731 -1.31814)
(-3.17787 -0.122661 -1.34765)
(-3.32997 -0.0594159 -1.41234)
(-2.46688 0.0491846 -1.04628)
(-2.32787 0.101334 -0.987206)
(-2.26745 0.0819026 -0.961503)
(-2.24545 0.0304887 -0.952134)
(-2.24545 -0.0304888 -0.952133)
(-2.26745 -0.0819026 -0.961503)
(-2.32787 -0.101334 -0.987205)
(-2.46688 -0.0491846 -1.04628)
(-1.72681 0.0382011 -0.732329)
(-1.60322 0.0788443 -0.67985)
(-1.55303 0.063919 -0.658522)
(-1.53593 0.023863 -0.651247)
(-1.53593 -0.0238629 -0.651247)
(-1.55303 -0.0639189 -0.658521)
(-1.60321 -0.0788443 -0.679849)
(-1.72681 -0.0382012 -0.732329)
(-1.11241 0.0265 -0.471691)
(-1.00767 0.0555152 -0.427251)
(-0.969018 0.0456376 -0.410839)
(-0.957089 0.0172033 -0.405769)
(-0.957087 -0.0172027 -0.405768)
(-0.969016 -0.0456375 -0.410838)
(-1.00767 -0.0555155 -0.427251)
(-1.11241 -0.0265003 -0.471693)
(-0.628394 0.0144844 -0.2664)
(-0.546924 0.0324918 -0.231853)
(-0.520484 0.0280815 -0.220635)
(-0.513512 0.0108925 -0.217674)
(-0.513512 -0.0108915 -0.217674)
(-0.520485 -0.0280816 -0.220636)
(-0.546926 -0.0324926 -0.231854)
(-0.628398 -0.0144849 -0.266402)
(-0.281306 0.00323422 -0.119228)
(-0.227501 0.0121148 -0.0964224)
(-0.213098 0.0130181 -0.0903154)
(-0.210302 0.00553604 -0.0891287)
(-0.210309 -0.00553595 -0.0891314)
(-0.213105 -0.0130185 -0.0903185)
(-0.227507 -0.0121154 -0.0964247)
(-0.281304 -0.00323432 -0.119227)
(-0.0713335 -0.0048032 -0.0302272)
(-0.0487952 -0.00169382 -0.0206774)
(-0.0458312 0.00273199 -0.0194216)
(-0.0462059 0.00183344 -0.0195799)
(-0.0462139 -0.00183607 -0.0195833)
(-0.0458395 -0.00273153 -0.0194251)
(-0.0487945 0.00169444 -0.0206771)
(-0.071332 0.00480336 -0.0302266)
(0.016538 -0.005454 0.00700479)
(0.00914243 -0.00319814 0.0038681)
(0.00535155 -0.000371367 0.00226184)
(0.0030257 0.000274383 0.0012764)
(0.00303089 -0.000276151 0.00127858)
(0.00535749 0.000371843 0.00226434)
(0.00914572 0.00319872 0.00386951)
(0.0165448 0.00545425 0.0070077)
)
;
    }
    bottom
    {
        type            calculated;
        value           nonuniform List<vector> 
640
(
(-63.9921 -6.20726 0.958482)
(-76.0544 -8.74316 -0.571384)
(-86.2187 -5.83268 -1.85796)
(-90.9812 -1.93382 -2.4879)
(-90.9812 1.93382 -2.4879)
(-86.2187 5.83268 -1.85796)
(-76.0544 8.74316 -0.571384)
(-63.9921 6.20726 0.958482)
(-39.2055 -1.79003 2.62506)
(-42.7961 -3.03419 2.37873)
(-44.1942 -2.3421 2.26091)
(-44.9532 -0.821791 2.19762)
(-44.9532 0.821791 2.19762)
(-44.1942 2.3421 2.26091)
(-42.7961 3.03419 2.37873)
(-39.2055 1.79003 2.62506)
(-46.0023 -0.858692 2.04137)
(-48.5398 -1.60925 1.87831)
(-48.6728 -1.35216 1.87458)
(-48.7493 -0.506987 1.86794)
(-48.7493 0.506987 1.86794)
(-48.6728 1.35216 1.87458)
(-48.5398 1.60925 1.87831)
(-46.0023 0.858692 2.04137)
(-59.0467 -0.433962 0.702105)
(-61.4859 -0.888838 0.513508)
(-62.0678 -0.816346 0.478773)
(-62.2284 -0.325168 0.467888)
(-62.2284 0.325168 0.467888)
(-62.0678 0.816346 0.478773)
(-61.4859 0.888838 0.513508)
(-59.0467 0.433962 0.702105)
(-72.218 -0.124336 -1.03128)
(-74.0816 -0.354467 -1.19641)
(-74.9146 -0.388763 -1.26503)
(-75.2067 -0.167882 -1.29007)
(-75.2067 0.167882 -1.29007)
(-74.9146 0.388763 -1.26503)
(-74.0816 0.354467 -1.19641)
(-72.218 0.124336 -1.03128)
(-84.4246 0.0987494 -3.0267)
(-85.6675 0.00751948 -3.14455)
(-86.4373 -0.0849929 -3.21853)
(-86.7605 -0.0511489 -3.25083)
(-86.7605 0.0511489 -3.25083)
(-86.4373 0.0849929 -3.21853)
(-85.6675 -0.00751948 -3.14455)
(-84.4246 -0.0987494 -3.0267)
(-95.4311 0.256577 -5.20313)
(-96.1517 0.243858 -5.26872)
(-96.7259 0.117137 -5.32802)
(-97.0025 0.0281269 -5.35839)
(-97.0025 -0.0281269 -5.35839)
(-96.7259 -0.117137 -5.32802)
(-96.1517 -0.243858 -5.26872)
(-95.4311 -0.256577 -5.20313)
(-105.206 0.367616 -7.4969)
(-105.517 0.398211 -7.5116)
(-105.874 0.248804 -7.54666)
(-106.069 0.0800604 -7.56848)
(-106.069 -0.0800604 -7.56848)
(-105.874 -0.248804 -7.54666)
(-105.517 -0.398211 -7.5116)
(-105.206 -0.367616 -7.4969)
(-113.786 0.446352 -9.85572)
(-113.798 0.501507 -9.82524)
(-113.964 0.335511 -9.83369)
(-114.073 0.11411 -9.84386)
(-114.073 -0.11411 -9.84386)
(-113.964 -0.335511 -9.83369)
(-113.798 -0.501507 -9.82524)
(-113.786 -0.446352 -9.85572)
(-121.236 0.503499 -12.2358)
(-121.044 0.574128 -12.1681)
(-121.061 0.395061 -12.1518)
(-121.096 0.137227 -12.15)
(-121.096 -0.137227 -12.15)
(-121.061 -0.395061 -12.1518)
(-121.044 -0.574128 -12.1681)
(-121.236 -0.503499 -12.2358)
(-127.63 0.54631 -14.6007)
(-127.309 0.628641 -14.5041)
(-127.22 0.438755 -14.4671)
(-127.199 0.153935 -14.4544)
(-127.199 -0.153935 -14.4544)
(-127.22 -0.438755 -14.4671)
(-127.309 -0.628641 -14.5041)
(-127.63 -0.54631 -14.6007)
(-133.046 0.57938 -16.92)
(-132.651 0.672318 -16.8025)
(-132.494 0.473245 -16.7492)
(-132.434 0.16694 -16.7277)
(-132.434 -0.16694 -16.7277)
(-132.494 -0.473245 -16.7492)
(-132.651 -0.672318 -16.8025)
(-133.046 -0.57938 -16.92)
(-137.557 0.605509 -19.1686)
(-137.13 0.709133 -19.0371)
(-136.933 0.502194 -18.972)
(-136.848 0.177755 -18.9438)
(-136.848 -0.177755 -18.9438)
(-136.933 -0.502194 -18.972)
(-137.13 -0.709133 -19.0371)
(-137.557 -0.605509 -19.1686)
(-141.235 0.62639 -21.3257)
(-140.805 0.741145 -21.1859)
(-140.589 0.527498 -21.113)
(-140.491 0.187168 -21.0801)
(-140.491 -0.187168 -21.0801)
(-140.589 -0.527498 -21.113)
(-140.805 -0.741145 -21.1859)
(-141.235 -0.62639 -21.3257)
(-144.146 0.643059 -23.3743)
(-143.731 0.769374 -23.2308)
(-143.511 0.550072 -23.1532)
(-143.408 0.195566 -23.1173)
(-143.408 -0.195566 -23.1173)
(-143.511 -0.550072 -23.1532)
(-143.731 -0.769374 -23.2308)
(-144.146 -0.643059 -23.3743)
(-146.349 0.656179 -25.3002)
(-145.962 0.79432 -25.1568)
(-145.749 0.570337 -25.0772)
(-145.646 0.203126 -25.0397)
(-145.646 -0.203126 -25.0397)
(-145.749 -0.570337 -25.0772)
(-145.962 -0.79432 -25.1568)
(-146.349 -0.656179 -25.3002)
(-147.901 0.666208 -27.0923)
(-147.55 0.816247 -26.9517)
(-147.35 0.588484 -26.8722)
(-147.251 0.209927 -26.8342)
(-147.251 -0.209927 -26.8342)
(-147.35 -0.588484 -26.8722)
(-147.55 -0.816247 -26.9517)
(-147.901 -0.666208 -27.0923)
(-148.854 0.673487 -28.7415)
(-148.543 0.835322 -28.6063)
(-148.361 0.604614 -28.5283)
(-148.269 0.216008 -28.4906)
(-148.269 -0.216008 -28.4906)
(-148.361 -0.604614 -28.5283)
(-148.543 -0.835322 -28.6063)
(-148.854 -0.673487 -28.7415)
(-149.256 0.678292 -30.2415)
(-148.987 0.851683 -30.1132)
(-148.825 0.6188 -30.0381)
(-148.742 0.221393 -30.0014)
(-148.742 -0.221393 -30.0014)
(-148.825 -0.6188 -30.0381)
(-148.987 -0.851683 -30.1132)
(-149.256 -0.678292 -30.2415)
(-149.152 0.680856 -31.5873)
(-148.927 0.865459 -31.4675)
(-148.786 0.63111 -31.3962)
(-148.712 0.226105 -31.361)
(-148.712 -0.226105 -31.361)
(-148.786 -0.63111 -31.3962)
(-148.927 -0.865459 -31.4675)
(-149.152 -0.680856 -31.5873)
(-148.585 0.68138 -32.7762)
(-148.403 0.876777 -32.6659)
(-148.284 0.641618 -32.5991)
(-148.219 0.230169 -32.5658)
(-148.219 -0.230169 -32.5658)
(-148.284 -0.641618 -32.5991)
(-148.403 -0.876777 -32.6659)
(-148.585 -0.68138 -32.7762)
(-147.594 0.680047 -33.8068)
(-147.455 0.885764 -33.707)
(-147.357 0.6504 -33.6452)
(-147.302 0.233609 -33.614)
(-147.302 -0.233609 -33.614)
(-147.357 -0.6504 -33.6452)
(-147.455 -0.885764 -33.707)
(-147.594 -0.680047 -33.8068)
(-146.216 0.677019 -34.6793)
(-146.119 0.892541 -34.5905)
(-146.042 0.657533 -34.5342)
(-145.997 0.236452 -34.5053)
(-145.997 -0.236452 -34.5053)
(-146.042 -0.657533 -34.5342)
(-146.119 -0.892541 -34.5905)
(-146.216 -0.677019 -34.6793)
(-144.488 0.672446 -35.3951)
(-144.431 0.897227 -35.3179)
(-144.374 0.663091 -35.2672)
(-144.338 0.238723 -35.241)
(-144.338 -0.238723 -35.241)
(-144.374 -0.663091 -35.2672)
(-144.431 -0.897227 -35.3179)
(-144.488 -0.672446 -35.3951)
(-142.442 0.666467 -35.9569)
(-142.424 0.899934 -35.8915)
(-142.387 0.667149 -35.8467)
(-142.359 0.240449 -35.8231)
(-142.359 -0.240449 -35.8231)
(-142.387 -0.667149 -35.8467)
(-142.424 -0.899934 -35.8915)
(-142.442 -0.666467 -35.9569)
(-140.111 0.65921 -36.3682)
(-140.128 0.900773 -36.3147)
(-140.11 0.669777 -36.276)
(-140.091 0.241653 -36.255)
(-140.091 -0.241653 -36.255)
(-140.11 -0.669777 -36.276)
(-140.128 -0.900773 -36.3147)
(-140.111 -0.65921 -36.3682)
(-137.523 0.650795 -36.6335)
(-137.574 0.899847 -36.5919)
(-137.573 0.671047 -36.5592)
(-137.563 0.24236 -36.5409)
(-137.563 -0.24236 -36.5409)
(-137.573 -0.671047 -36.5592)
(-137.574 -0.899847 -36.5919)
(-137.523 -0.650795 -36.6335)
(-134.707 0.641337 -36.7579)
(-134.79 0.897259 -36.728)
(-134.806 0.671026 -36.7013)
(-134.803 0.242594 -36.6858)
(-134.803 -0.242594 -36.6858)
(-134.806 -0.671026 -36.7013)
(-134.79 -0.897259 -36.728)
(-134.707 -0.641337 -36.7579)
(-131.69 0.630944 -36.7471)
(-131.802 0.89311 -36.7288)
(-131.832 0.669781 -36.708)
(-131.837 0.242378 -36.6952)
(-131.837 -0.242378 -36.6952)
(-131.832 -0.669781 -36.708)
(-131.802 -0.89311 -36.7288)
(-131.69 -0.630944 -36.7471)
(-128.495 0.619718 -36.6077)
(-128.634 0.887495 -36.6005)
(-128.679 0.667378 -36.5855)
(-128.689 0.241735 -36.5753)
(-128.689 -0.241735 -36.5753)
(-128.679 -0.667378 -36.5855)
(-128.634 -0.887495 -36.6005)
(-128.495 -0.619718 -36.6077)
(-125.147 0.607756 -36.3461)
(-125.31 0.880511 -36.3497)
(-125.367 0.663882 -36.3403)
(-125.384 0.240687 -36.3327)
(-125.384 -0.240687 -36.3327)
(-125.367 -0.663882 -36.3403)
(-125.31 -0.880511 -36.3497)
(-125.147 -0.607756 -36.3461)
(-121.667 0.59515 -35.9695)
(-121.852 0.87225 -35.9834)
(-121.921 0.659357 -35.9792)
(-121.943 0.239258 -35.9741)
(-121.943 -0.239258 -35.9741)
(-121.921 -0.659357 -35.9792)
(-121.852 -0.87225 -35.9834)
(-121.667 -0.59515 -35.9695)
(-118.075 0.581988 -35.4852)
(-118.279 0.862801 -35.5087)
(-118.359 0.653866 -35.5096)
(-118.386 0.237469 -35.5068)
(-118.386 -0.237469 -35.5068)
(-118.359 -0.653866 -35.5096)
(-118.279 -0.862801 -35.5087)
(-118.075 -0.581988 -35.4852)
(-114.391 0.56835 -34.9005)
(-114.612 0.852251 -34.933)
(-114.701 0.647469 -34.9387)
(-114.733 0.235342 -34.9382)
(-114.733 -0.235342 -34.9382)
(-114.701 -0.647469 -34.9387)
(-114.612 -0.852251 -34.933)
(-114.391 -0.56835 -34.9005)
(-110.633 0.554312 -34.223)
(-110.868 0.840684 -34.2639)
(-110.965 0.640225 -34.274)
(-111.001 0.232898 -34.2756)
(-111.001 -0.232898 -34.2756)
(-110.965 -0.640225 -34.274)
(-110.868 -0.840684 -34.2639)
(-110.633 -0.554312 -34.223)
(-106.816 0.539947 -33.4602)
(-107.064 0.828179 -33.5087)
(-107.168 0.632192 -33.523)
(-107.207 0.230157 -33.5265)
(-107.207 -0.230157 -33.5265)
(-107.168 -0.632192 -33.523)
(-107.064 -0.828179 -33.5087)
(-106.816 -0.539947 -33.4602)
(-102.957 0.52532 -32.6198)
(-103.215 0.814814 -32.6752)
(-103.325 0.623426 -32.6931)
(-103.367 0.227139 -32.6985)
(-103.367 -0.227139 -32.6985)
(-103.325 -0.623426 -32.6931)
(-103.215 -0.814814 -32.6752)
(-102.957 -0.52532 -32.6198)
(-99.0703 0.510494 -31.7091)
(-99.3365 0.800661 -31.7707)
(-99.4505 0.613978 -31.792)
(-99.4955 0.223863 -31.799)
(-99.4955 -0.223863 -31.799)
(-99.4505 -0.613978 -31.792)
(-99.3365 -0.800661 -31.7707)
(-99.0703 -0.510494 -31.7091)
(-95.1686 0.495524 -30.7356)
(-95.4408 0.78579 -30.8025)
(-95.5585 0.603901 -30.8269)
(-95.6054 0.220347 -30.8353)
(-95.6054 -0.220347 -30.8353)
(-95.5585 -0.603901 -30.8269)
(-95.4408 -0.78579 -30.8025)
(-95.1686 -0.495524 -30.7356)
(-91.2648 0.480462 -29.7065)
(-91.5408 0.770266 -29.7781)
(-91.6613 0.593242 -29.805)
(-91.7098 0.21661 -29.8148)
(-91.7098 -0.21661 -29.8148)
(-91.6613 -0.593242 -29.805)
(-91.5408 -0.770266 -29.7781)
(-91.2648 -0.480462 -29.7065)
(-87.3701 0.465357 -28.629)
(-87.6483 0.75415 -28.7043)
(-87.7705 0.582047 -28.7335)
(-87.8202 0.212666 -28.7444)
(-87.8202 -0.212667 -28.7444)
(-87.7705 -0.582047 -28.7335)
(-87.6483 -0.75415 -28.7043)
(-87.3701 -0.465357 -28.629)
(-83.4954 0.45025 -27.5098)
(-83.7738 0.737501 -27.5882)
(-83.8969 0.57036 -27.6193)
(-83.9474 0.208533 -27.6312)
(-83.9474 -0.208534 -27.6312)
(-83.8969 -0.57036 -27.6193)
(-83.7738 -0.737501 -27.5882)
(-83.4954 -0.45025 -27.5098)
(-79.6503 0.43518 -26.3556)
(-79.9274 0.720374 -26.4364)
(-80.0506 0.558223 -26.469)
(-80.1015 0.204226 -26.4817)
(-80.1014 -0.204226 -26.4817)
(-80.0506 -0.558223 -26.469)
(-79.9274 -0.720374 -26.4364)
(-79.6503 -0.43518 -26.3556)
(-75.844 0.420183 -25.173)
(-76.1182 0.702821 -25.2553)
(-76.2407 0.545674 -25.2891)
(-76.2916 0.199758 -25.3025)
(-76.2916 -0.199758 -25.3025)
(-76.2407 -0.545674 -25.2891)
(-76.1182 -0.702821 -25.2553)
(-75.844 -0.420183 -25.173)
(-72.0849 0.40529 -23.968)
(-72.3546 0.684888 -24.0512)
(-72.4757 0.53275 -24.0858)
(-72.5263 0.195144 -24.0997)
(-72.5263 -0.195144 -24.0997)
(-72.4757 -0.53275 -24.0858)
(-72.3546 -0.684888 -24.0512)
(-72.0849 -0.40529 -23.968)
(-68.3804 0.390527 -22.7465)
(-68.6445 0.666621 -22.83)
(-68.7634 0.519488 -22.8651)
(-68.8134 0.190395 -22.8794)
(-68.8134 -0.190396 -22.8794)
(-68.7634 -0.519488 -22.8651)
(-68.6445 -0.666621 -22.83)
(-68.3804 -0.390527 -22.7465)
(-64.7378 0.37592 -21.5144)
(-64.9949 0.648062 -21.5974)
(-65.1111 0.505919 -21.6327)
(-65.1602 0.185525 -21.6472)
(-65.1602 -0.185526 -21.6471)
(-65.1111 -0.505919 -21.6327)
(-64.9949 -0.648062 -21.5974)
(-64.7378 -0.37592 -21.5144)
(-61.1635 0.361489 -20.2768)
(-61.4125 0.62925 -20.3589)
(-61.5253 0.492074 -20.394)
(-61.5733 0.180545 -20.4085)
(-61.5733 -0.180545 -20.4085)
(-61.5253 -0.492074 -20.394)
(-61.4125 -0.62925 -20.3589)
(-61.1635 -0.361489 -20.2768)
(-57.6632 0.347251 -19.0389)
(-57.9031 0.61022 -19.1194)
(-58.0122 0.477983 -19.1541)
(-58.0588 0.175466 -19.1686)
(-58.0588 -0.175466 -19.1686)
(-58.0122 -0.477983 -19.1541)
(-57.9031 -0.61022 -19.1194)
(-57.6632 -0.347251 -19.0389)
(-54.2425 0.333222 -17.8055)
(-54.4723 0.591006 -17.8839)
(-54.5771 0.463673 -17.918)
(-54.6222 0.170297 -17.9323)
(-54.6222 -0.170297 -17.9323)
(-54.5771 -0.463673 -17.918)
(-54.4723 -0.591006 -17.8839)
(-54.2425 -0.333222 -17.8055)
(-50.9062 0.319414 -16.5812)
(-51.1251 0.571639 -16.657)
(-51.2253 0.449169 -16.6901)
(-51.2685 0.165048 -16.7041)
(-51.2685 -0.165048 -16.7041)
(-51.2253 -0.449169 -16.6901)
(-51.1251 -0.571639 -16.657)
(-50.9062 -0.319414 -16.5812)
(-47.6586 0.305836 -15.3701)
(-47.866 0.552147 -15.4429)
(-47.9611 0.434495 -15.4749)
(-48.0023 0.159728 -15.4885)
(-48.0023 -0.159728 -15.4885)
(-47.9611 -0.434495 -15.4749)
(-47.866 -0.552147 -15.4429)
(-47.6586 -0.305836 -15.3701)
(-44.5039 0.292495 -14.1763)
(-44.6991 0.532554 -14.2456)
(-44.7888 0.419673 -14.2762)
(-44.8279 0.154346 -14.2894)
(-44.8279 -0.154346 -14.2894)
(-44.7888 -0.419673 -14.2762)
(-44.6991 -0.532554 -14.2456)
(-44.5039 -0.292495 -14.1763)
(-41.4457 0.279397 -13.0034)
(-41.6281 0.512887 -13.0689)
(-41.7121 0.404723 -13.098)
(-41.749 0.148909 -13.1106)
(-41.749 -0.148909 -13.1106)
(-41.7121 -0.404723 -13.098)
(-41.6281 -0.512887 -13.0689)
(-41.4457 -0.279398 -13.0034)
(-38.4871 0.266546 -11.8549)
(-38.6563 0.493165 -11.9162)
(-38.7345 0.389665 -11.9436)
(-38.769 0.143425 -11.9555)
(-38.769 -0.143425 -11.9555)
(-38.7345 -0.389665 -11.9436)
(-38.6563 -0.493165 -11.9162)
(-38.4871 -0.266546 -11.8549)
(-35.631 0.253941 -10.7338)
(-35.7868 0.473409 -10.7907)
(-35.8588 0.374516 -10.8162)
(-35.8909 0.1379 -10.8275)
(-35.8909 -0.1379 -10.8275)
(-35.8588 -0.374516 -10.8162)
(-35.7868 -0.473409 -10.7907)
(-35.631 -0.253941 -10.7338)
(-32.8801 0.241582 -9.64314)
(-33.0221 0.453636 -9.69543)
(-33.0879 0.359292 -9.71892)
(-33.1174 0.13234 -9.72937)
(-33.1174 -0.13234 -9.72937)
(-33.0879 -0.359292 -9.71892)
(-33.0221 -0.453636 -9.69543)
(-32.8801 -0.241582 -9.64314)
(-30.2367 0.229468 -8.58551)
(-30.3646 0.433862 -8.63295)
(-30.4241 0.34401 -8.65435)
(-30.451 0.126752 -8.66396)
(-30.451 -0.126752 -8.66396)
(-30.4241 -0.34401 -8.65435)
(-30.3646 -0.433862 -8.63295)
(-30.2367 -0.229468 -8.58551)
(-27.7026 0.217595 -7.56334)
(-27.8164 0.414102 -7.60576)
(-27.8695 0.328681 -7.62497)
(-27.8938 0.12114 -7.63371)
(-27.8938 -0.12114 -7.63371)
(-27.8695 -0.328681 -7.62497)
(-27.8164 -0.414102 -7.60576)
(-27.7026 -0.217595 -7.56334)
(-25.2797 0.205957 -6.57879)
(-25.3794 0.394367 -6.61608)
(-25.426 0.31332 -6.63302)
(-25.4476 0.11551 -6.64084)
(-25.4476 -0.11551 -6.64084)
(-25.426 -0.31332 -6.63302)
(-25.3794 -0.394367 -6.61607)
(-25.2797 -0.205957 -6.57879)
(-22.9694 0.194549 -5.63382)
(-23.055 0.374668 -5.66588)
(-23.0952 0.297935 -5.68051)
(-23.1141 0.109866 -5.68738)
(-23.1141 -0.109866 -5.68738)
(-23.0952 -0.297935 -5.68051)
(-23.055 -0.374668 -5.66588)
(-22.9694 -0.194549 -5.63382)
(-20.7732 0.183363 -4.73017)
(-20.8447 0.355014 -4.75695)
(-20.8784 0.282538 -4.76922)
(-20.8947 0.104211 -4.77514)
(-20.8947 -0.104211 -4.77514)
(-20.8784 -0.282538 -4.76922)
(-20.8447 -0.355014 -4.75695)
(-20.7732 -0.183363 -4.73017)
(-18.6919 0.172389 -3.86939)
(-18.7495 0.335409 -3.89086)
(-18.7769 0.267133 -3.90075)
(-18.7905 0.0985486 -3.90569)
(-18.7905 -0.0985486 -3.90569)
(-18.7769 -0.267133 -3.90075)
(-18.7495 -0.335409 -3.89086)
(-18.6919 -0.172389 -3.86939)
(-16.7266 0.161616 -3.05282)
(-16.7705 0.315855 -3.06899)
(-16.7916 0.251726 -3.0765)
(-16.8025 0.0928798 -3.08046)
(-16.8025 -0.0928799 -3.08046)
(-16.7916 -0.251726 -3.0765)
(-16.7705 -0.315855 -3.06899)
(-16.7266 -0.161616 -3.05282)
(-14.8779 0.151032 -2.28163)
(-14.9084 0.296351 -2.29254)
(-14.9233 0.236315 -2.29768)
(-14.9316 0.0872041 -2.30066)
(-14.9316 -0.0872041 -2.30066)
(-14.9233 -0.236315 -2.29768)
(-14.9084 -0.296351 -2.29254)
(-14.8779 -0.151032 -2.28163)
(-13.1464 0.14062 -1.55682)
(-13.1638 0.276887 -1.56254)
(-13.1727 0.220893 -1.56533)
(-13.1785 0.0815183 -1.56735)
(-13.1785 -0.0815183 -1.56735)
(-13.1726 -0.220893 -1.56533)
(-13.1638 -0.276887 -1.56254)
(-13.1464 -0.14062 -1.55682)
(-11.5325 0.130359 -0.879225)
(-11.5371 0.257439 -0.879848)
(-11.5402 0.205441 -0.880364)
(-11.5437 0.075816 -0.881454)
(-11.5437 -0.075816 -0.881454)
(-11.5402 -0.205441 -0.880364)
(-11.5371 -0.257439 -0.879848)
(-11.5325 -0.130359 -0.879224)
(-10.0365 0.120217 -0.249535)
(-10.0288 0.237967 -0.2452)
(-10.0263 0.189926 -0.243525)
(-10.0275 0.0700843 -0.243734)
(-10.0275 -0.0700843 -0.243734)
(-10.0263 -0.189926 -0.243525)
(-10.0288 -0.237967 -0.2452)
(-10.0365 -0.120217 -0.249534)
(-8.65853 0.110153 0.331706)
(-8.63901 0.218406 0.340815)
(-8.63139 0.174294 0.344543)
(-8.63056 0.0643025 0.345139)
(-8.63056 -0.0643024 0.345139)
(-8.63139 -0.174294 0.344543)
(-8.639 -0.218406 0.340815)
(-8.65853 -0.110153 0.331706)
(-7.39854 0.100109 0.864084)
(-7.36791 0.198653 0.877715)
(-7.35568 0.158462 0.883292)
(-7.3531 0.0584397 0.884577)
(-7.3531 -0.0584395 0.884577)
(-7.35568 -0.158462 0.883292)
(-7.36791 -0.198653 0.877715)
(-7.39853 -0.100109 0.864084)
(-6.25646 0.0900014 1.3473)
(-6.21566 0.178562 1.3651)
(-6.19956 0.142314 1.37223)
(-6.19564 0.0524538 1.37403)
(-6.19564 -0.0524537 1.37403)
(-6.19956 -0.142314 1.37222)
(-6.21566 -0.178562 1.3651)
(-6.25646 -0.0900014 1.3473)
(-5.23221 0.0797191 1.78113)
(-5.18249 0.157933 1.80258)
(-5.16355 0.125702 1.81084)
(-5.15886 0.0462932 1.81294)
(-5.15886 -0.0462931 1.81294)
(-5.16355 -0.125702 1.81084)
(-5.18249 -0.157933 1.80258)
(-5.23221 -0.0797191 1.78113)
(-4.32576 0.0691181 2.16536)
(-4.26891 0.136528 2.18974)
(-4.24851 0.108466 2.19855)
(-4.24374 0.0399066 2.20066)
(-4.24374 -0.0399068 2.20066)
(-4.24852 -0.108466 2.19855)
(-4.26891 -0.136528 2.18974)
(-4.32576 -0.069118 2.16536)
(-3.53752 0.0580342 2.49967)
(-3.47602 0.114117 2.52594)
(-3.45591 0.0904931 2.53458)
(-3.45185 0.0332674 2.53636)
(-3.45185 -0.0332676 2.53636)
(-3.45591 -0.0904933 2.53458)
(-3.47602 -0.114117 2.52594)
(-3.53752 -0.0580341 2.49967)
(-2.86877 0.0463311 2.7834)
(-2.80603 0.0906199 2.81013)
(-2.78816 0.0718318 2.81779)
(-2.78558 0.0264167 2.81892)
(-2.78558 -0.0264169 2.81892)
(-2.78816 -0.0718319 2.81779)
(-2.80603 -0.0906199 2.81013)
(-2.86878 -0.0463311 2.7834)
(-2.32262 0.0340383 3.01517)
(-2.26289 0.0663831 3.04057)
(-2.24903 0.0529 3.0465)
(-2.2484 0.0195321 3.04679)
(-2.2484 -0.0195322 3.04679)
(-2.24903 -0.0529 3.0465)
(-2.26289 -0.0663833 3.04057)
(-2.32262 -0.0340384 3.01517)
(-1.9055 0.0216644 3.1922)
(-1.85324 0.0426677 3.2144)
(-1.84435 0.034752 3.2182)
(-1.8456 0.0129999 3.21768)
(-1.8456 -0.0129999 3.21768)
(-1.84435 -0.0347518 3.2182)
(-1.85324 -0.0426678 3.2144)
(-1.9055 -0.0216645 3.19221)
(-1.62729 0.0106114 3.31031)
(-1.58658 0.0221158 3.32758)
(-1.58273 0.0191605 3.32923)
(-1.58521 0.00740637 3.32819)
(-1.5852 -0.00740617 3.32819)
(-1.58273 -0.0191603 3.32923)
(-1.58658 -0.022116 3.32758)
(-1.62728 -0.0106115 3.31032)
(-1.49724 0.00255349 3.36556)
(-1.47125 0.00779891 3.37659)
(-1.47152 0.00798727 3.37648)
(-1.47406 0.00332347 3.3754)
(-1.47406 -0.00332298 3.3754)
(-1.47152 -0.00798722 3.37648)
(-1.47125 -0.00779908 3.37659)
(-1.49724 -0.00255369 3.36556)
(-1.49833 -0.0014833 3.36516)
(-1.48555 0.00125968 3.37059)
(-1.48515 0.00200021 3.37076)
(-1.48554 0.000923436 3.37059)
(-1.48554 -0.000923184 3.37059)
(-1.48515 -0.00200021 3.37076)
(-1.48555 -0.00125973 3.37059)
(-1.49833 0.00148323 3.36516)
)
;
    }
}


// ************************************************************************* //
