# Drag and lift coefficients of the bending beam, Cd = 2 Fx/(rho Umean^2 H Lz)
# and Cl = 2 Fy/(rho Umean^2 H Lz), computed with pimpleFoam on a body-fitted
# mesh deformed with the beam (displacementLaplacian), on the mesh of the
# embedded beam case of Sairam Pamulaparthi Venkata (solids4foam/cardiacFoam#20)
# with twice as many cells in each direction, and the time step 0.0025 s
# Time Cd Cl
0.01 -9.1488 -2.3119
0.02 -1.0359 -2.2375
0.03 5.0155 -2.4057
0.04 10.0380 -2.7122
0.05 14.6180 -3.1193
0.06 19.0236 -3.6203
0.07 23.3062 -4.1929
0.08 27.3827 -4.8142
0.09 31.2195 -5.4522
0.1 35.0229 -6.1379
0.11 38.8285 -6.8584
0.12 42.3319 -7.5580
0.13 45.6791 -8.2339
0.14 48.8565 -8.8758
0.15 52.1894 -9.5560
0.16 55.2161 -10.1593
0.17 57.8526 -10.6522
0.18 60.6457 -11.1382
0.19 62.8844 -11.4545
0.2 65.1222 -11.7238
0.21 66.9486 -11.8347
0.22 69.0530 -11.9759
0.23 70.4800 -11.8526
0.24 72.3066 -11.7886
0.25 73.5017 -11.4993
0.26 74.7037 -11.1336
0.27 75.5248 -10.6166
0.28 76.3835 -10.0357
0.29 77.0070 -9.3386
0.3 77.5066 -8.5648
0.31 77.8699 -7.7051
0.32 78.1752 -6.7928
0.33 78.3011 -5.7967
0.34 78.3150 -4.7648
0.35 78.2336 -3.6741
0.36 78.1356 -2.5777
0.37 77.6165 -1.3972
0.38 77.2044 -0.2399
0.39 76.7142 0.9069
0.4 75.9114 2.0908
0.41 75.2507 3.2099
0.42 74.3920 4.3327
0.43 73.1362 5.4509
0.44 72.0532 6.4994
0.45 70.6631 7.5190
0.46 68.8219 8.5148
0.47 67.1242 9.4063
0.48 65.1259 10.2401
0.49 62.6573 11.0346
0.5 60.0652 11.7224
0.51 57.1529 12.3201
0.52 53.9831 12.8156
0.53 50.4004 13.1939
0.54 46.6183 13.4437
0.55 42.5203 13.5720
0.56 38.1119 13.5678
0.57 33.5287 13.4146
0.58 28.3449 13.0984
0.59 23.3920 12.6605
0.6 18.1134 12.0827
0.61 12.7308 11.3771
0.62 7.0371 10.5382
0.63 1.5436 9.5988
0.64 -4.3221 8.5251
0.65 -9.7409 7.4483
0.66 -15.5759 6.2162
0.67 -20.7781 5.0457
0.68 -26.1631 3.8021
0.69 -31.1173 2.5974
0.7 -35.7801 1.4343
0.71 -40.2598 0.3127
0.72 -44.2887 -0.7115
0.73 -48.1732 -1.6734
0.74 -51.1647 -2.4351
0.75 -54.1455 -3.1535
0.76 -56.7404 -3.7120
0.77 -58.8463 -4.1226
0.78 -60.2794 -4.3619
0.79 -61.5014 -4.4751
0.8 -62.2239 -4.4324
0.81 -62.8688 -4.3145
0.82 -62.9014 -4.0200
0.83 -62.3806 -3.5890
0.84 -61.7566 -3.0844
0.85 -60.8455 -2.4914
0.86 -59.3513 -1.7967
0.87 -57.6604 -1.0609
0.88 -55.7421 -0.2978
0.89 -53.8932 0.4730
0.9 -51.6678 1.2567
0.91 -49.2545 2.0333
0.92 -46.7181 2.7843
0.93 -43.9164 3.4990
0.94 -40.8882 4.1683
0.95 -37.9508 4.7560
0.96 -34.7287 5.2952
0.97 -31.6070 5.7167
0.98 -28.1579 6.0594
0.99 -24.7304 6.2950
1 -21.0644 6.4211
1.01 -17.2435 6.4366
1.02 -13.4033 6.3369
1.03 -9.3264 6.1176
1.04 -5.2046 5.7866
1.05 -0.9552 5.3250
1.06 3.2379 4.7806
1.07 7.6331 4.1058
1.08 11.9672 3.3510
1.09 16.3486 2.5181
1.1 20.7597 1.6035
1.11 25.0656 0.6561
1.12 29.4401 -0.3712
1.13 33.8118 -1.4196
1.14 37.9537 -2.4564
1.15 42.1813 -3.5264
1.16 46.0721 -4.5358
1.17 49.8945 -5.5123
1.18 53.6244 -6.4445
1.19 57.0404 -7.2761
1.2 60.2006 -7.9985
1.21 63.2688 -8.6600
1.22 65.9981 -9.1622
1.23 68.4432 -9.5391
1.24 71.1056 -9.9082
1.25 73.1057 -10.0339
1.26 75.1192 -10.0885
1.27 76.6603 -9.9535
1.28 78.1907 -9.7358
1.29 79.3959 -9.3664
1.3 80.4838 -8.9180
1.31 81.2783 -8.3257
1.32 81.9114 -7.6447
1.33 82.3612 -6.8739
1.34 82.4702 -6.0004
1.35 82.6811 -5.1041
1.36 82.6670 -4.1428
1.37 82.2264 -3.0862
1.38 81.7785 -2.0165
1.39 81.2188 -0.9384
1.4 80.3004 0.1962
1.41 79.5010 1.2857
1.42 78.4876 2.3917
1.43 77.2281 3.4812
1.44 75.6654 4.5946
1.45 74.0583 5.6350
1.46 72.0783 6.6657
1.47 69.9750 7.6186
1.48 67.8591 8.5014
1.49 65.2600 9.3401
1.5 62.4775 10.0871
1.51 59.3873 10.7518
1.52 56.0491 11.2885
1.53 52.3858 11.7482
1.54 48.4615 12.0555
1.55 44.3535 12.2488
1.56 39.8665 12.2949
1.57 35.2459 12.2023
1.58 30.2269 11.9700
1.59 25.1361 11.5780
1.6 19.8908 11.0639
1.61 14.4721 10.4165
1.62 8.6862 9.6049
1.63 3.2132 8.7149
1.64 -2.4230 7.7379
1.65 -7.8729 6.6742
1.66 -13.3526 5.5583
1.67 -18.8475 4.3913
1.68 -23.9940 3.2197
1.69 -28.7689 2.0971
1.7 -33.6940 0.9365
1.71 -37.9568 -0.1080
1.72 -41.9632 -1.0860
1.73 -45.7396 -1.9922
1.74 -48.9378 -2.7478
1.75 -51.7960 -3.4060
1.76 -53.8898 -3.8599
1.77 -56.1802 -4.2639
1.78 -57.8306 -4.5048
1.79 -58.6854 -4.5402
1.8 -59.3550 -4.4688
1.81 -59.9724 -4.3281
1.82 -59.7775 -3.9945
1.83 -59.3850 -3.5678
1.84 -58.7246 -3.0557
1.85 -57.7775 -2.4592
1.86 -56.4022 -1.7868
1.87 -54.7198 -1.0566
1.88 -52.7304 -0.2986
1.89 -50.6990 0.4667
1.9 -48.3311 1.2418
1.91 -46.1197 1.9730
1.92 -43.5445 2.6988
1.93 -40.6936 3.3884
1.94 -37.7790 4.0204
1.95 -34.9180 4.5795
1.96 -31.7675 5.0825
1.97 -28.6139 5.4848
1.98 -25.2477 5.8061
1.99 -21.8691 6.0388
2 -18.2699 6.1506
2.01 -14.5720 6.1694
2.02 -10.8662 6.0799
2.03 -6.9149 5.8771
2.04 -2.9365 5.5692
2.05 1.1137 5.1529
2.06 5.2047 4.6279
2.07 9.4513 3.9921
2.08 13.6105 3.2826
2.09 17.8405 2.4953
2.1 22.1096 1.6243
2.11 26.2822 0.7180
2.12 30.5317 -0.2707
2.13 34.7891 -1.2839
2.14 38.8078 -2.2831
2.15 43.0017 -3.3470
2.16 46.8520 -4.3487
2.17 50.6315 -5.3224
2.18 54.3403 -6.2606
2.19 57.7572 -7.1116
2.2 60.9341 -7.8547
2.21 64.0256 -8.5459
2.22 66.7874 -9.0829
2.23 69.2800 -9.5019
2.24 72.0039 -9.9200
2.25 74.0576 -10.0943
2.26 76.1350 -10.2000
2.27 77.7165 -10.1117
2.28 79.2982 -9.9429
2.29 80.5474 -9.6194
2.3 81.6888 -9.2203
2.31 82.5061 -8.6747
2.32 83.1497 -8.0193
2.33 83.6044 -7.2792
2.34 83.7141 -6.4338
2.35 83.9195 -5.5607
2.36 83.8427 -4.6078
2.37 83.3679 -3.5649
2.38 82.8658 -2.5018
2.39 82.2447 -1.4272
2.4 81.2532 -0.2935
2.41 80.3884 0.7980
2.42 79.2859 1.9079
2.43 77.9523 3.0023
2.44 76.2837 4.1218
2.45 74.6011 5.1684
2.46 72.5285 6.2061
2.47 70.3409 7.1652
2.48 68.1635 8.0531
2.49 65.4829 8.8966
2.5 62.6222 9.6447
2.51 59.4572 10.3125
2.52 56.0720 10.8515
2.53 52.3621 11.3061
2.54 48.3653 11.6300
2.55 44.2238 11.8071
2.56 39.7092 11.8542
2.57 35.0756 11.7582
2.58 30.0441 11.5229
2.59 24.9418 11.1308
2.6 19.6900 10.6148
2.61 14.2913 9.9699
2.62 8.5040 9.1602
2.63 3.0448 8.2737
2.64 -2.5733 7.3009
2.65 -8.0030 6.2432
2.66 -13.4559 5.1355
2.67 -18.9095 3.9808
2.68 -24.0282 2.8196
2.69 -28.7590 1.7123
2.7 -33.6437 0.5669
2.71 -37.8649 -0.4610
2.72 -41.8259 -1.4211
2.73 -45.5567 -2.3086
2.74 -48.7231 -3.0479
2.75 -51.5170 -3.6820
2.76 -53.5638 -4.1163
2.77 -55.7735 -4.4963
2.78 -57.4053 -4.7195
2.79 -58.2074 -4.7350
2.8 -58.8307 -4.6451
2.81 -59.3955 -4.4858
2.82 -59.3983 -4.1642
2.83 -58.7075 -3.6924
2.84 -58.0055 -3.1684
2.85 -56.9941 -2.5590
2.86 -55.5885 -1.8805
2.87 -53.8586 -1.1437
2.88 -51.8169 -0.3820
2.89 -49.7508 0.3827
2.9 -47.5542 1.1357
2.91 -45.1296 1.8781
2.92 -42.5356 2.5944
2.93 -39.5641 3.2791
2.94 -36.8119 3.8880
2.95 -33.6979 4.4406
2.96 -30.6126 4.9234
2.97 -27.4068 5.3099
2.98 -23.9938 5.6211
2.99 -20.5781 5.8183
3 -17.0020 5.9149
3.01 -13.2888 5.9146
3.02 -9.5667 5.8044
3.03 -5.6236 5.5812
3.04 -1.6477 5.2582
3.05 2.3955 4.8272
3.06 6.4806 4.2884
3.07 10.7033 3.6430
3.08 14.8432 2.9244
3.09 19.0502 2.1313
3.1 23.2878 1.2568
3.11 27.4311 0.3470
3.12 31.6371 -0.6388
3.13 35.8601 -1.6501
3.14 39.8400 -2.6463
3.15 43.9889 -3.7039
3.16 47.7969 -4.6996
3.17 51.5306 -5.6655
3.18 55.2021 -6.5968
3.19 58.5655 -7.4362
3.2 61.7170 -8.1748
3.21 64.7576 -8.8544
3.22 67.4861 -9.3839
3.23 69.9457 -9.7934
3.24 72.6304 -10.2022
3.25 74.6418 -10.3660
3.26 76.6825 -10.4608
3.27 78.2277 -10.3617
3.28 79.7683 -10.1807
3.29 80.9796 -9.8456
3.3 82.0815 -9.4343
3.31 82.8557 -8.8754
3.32 83.4578 -8.2078
3.33 83.8671 -7.4546
3.34 83.9338 -6.5978
3.35 84.1017 -5.7147
3.36 83.9658 -4.7486
3.37 83.4922 -3.7122
3.38 82.8778 -2.6213
3.39 82.2016 -1.5389
3.4 81.1561 -0.3990
3.41 80.2364 0.6976
3.42 79.0729 1.8113
3.43 77.6923 2.9070
3.44 75.9648 4.0267
3.45 74.2265 5.0715
3.46 72.1052 6.1054
3.47 69.8719 7.0593
3.48 67.6546 7.9413
3.49 64.9182 8.7764
3.5 62.0365 9.5155
3.51 58.8433 10.1735
3.52 55.4293 10.7022
3.53 51.7000 11.1448
3.54 47.6829 11.4585
3.55 43.5247 11.6242
3.56 39.0068 11.6610
3.57 34.3750 11.5533
3.58 29.3362 11.3078
3.59 24.2319 10.9072
3.6 18.9815 10.3827
3.61 13.5874 9.7302
3.62 7.8104 8.9153
3.63 2.3632 8.0245
3.64 -3.2386 7.0481
3.65 -8.6499 5.9888
3.66 -14.0880 4.8799
3.67 -19.5137 3.7274
3.68 -24.6097 2.5684
3.69 -29.3154 1.4654
3.7 -34.1736 0.3253
3.71 -38.3705 -0.6968
3.72 -42.3008 -1.6485
3.73 -46.0037 -2.5276
3.74 -49.1434 -3.2580
3.75 -51.6039 -3.8416
3.76 -53.9419 -4.3090
3.77 -56.1113 -4.6749
3.78 -57.7144 -4.8863
3.79 -58.4897 -4.8904
3.8 -59.0847 -4.7884
3.81 -59.6234 -4.6178
3.82 -59.5979 -4.2838
3.83 -58.8811 -3.8005
3.84 -58.1497 -3.2651
3.85 -57.1130 -2.6455
3.86 -55.6843 -1.9574
3.87 -53.9299 -1.2113
3.88 -51.8610 -0.4412
3.89 -49.7741 0.3301
3.9 -47.5542 1.0888
3.91 -45.0948 1.8361
3.92 -42.4913 2.5539
3.93 -39.4899 3.2400
3.94 -36.7029 3.8484
3.95 -33.5726 4.3982
3.96 -30.4817 4.8763
3.97 -27.2459 5.2584
3.98 -23.8033 5.5612
3.99 -20.3678 5.7473
4 -16.7746 5.8360
4.01 -13.0355 5.8226
4.02 -9.2907 5.6962
4.03 -5.3309 5.4618
4.04 -1.3443 5.1257
4.05 2.7235 4.6800
4.06 6.8335 4.1254
4.07 11.0648 3.4666
4.08 15.2233 2.7332
4.09 19.4433 1.9270
4.1 23.6876 1.0407
4.11 27.8418 0.1187
4.12 32.0464 -0.8751
4.13 36.2749 -1.8953
4.14 40.2529 -2.8983
4.15 44.3936 -3.9596
4.16 48.1944 -4.9587
4.17 51.9155 -5.9250
4.18 55.5715 -6.8552
4.19 58.9215 -7.6928
4.2 62.0526 -8.4269
4.21 65.0780 -9.1024
4.22 67.7823 -9.6245
4.23 70.2179 -10.0258
4.24 72.8710 -10.4241
4.25 74.8586 -10.5771
4.26 76.8721 -10.6604
4.27 78.3863 -10.5481
4.28 79.8952 -10.3534
4.29 81.0724 -10.0037
4.3 82.1416 -9.5778
4.31 82.8762 -9.0026
4.32 83.4402 -8.3196
4.33 83.8111 -7.5510
4.34 83.8393 -6.6797
4.35 83.9681 -5.7829
4.36 83.7971 -4.8048
4.37 83.2244 -3.7386
4.38 82.6257 -2.6548
4.39 81.9121 -1.5642
4.4 80.8308 -0.4180
4.41 79.8725 0.6838
4.42 78.6740 1.8004
4.43 77.2623 2.8976
4.44 75.5010 4.0173
4.45 73.7313 5.0603
4.46 71.5828 6.0905
4.47 69.3255 7.0397
4.48 67.0859 7.9164
4.49 64.3477 8.7438
4.5 61.4355 9.4759
4.51 58.2300 10.1248
4.52 54.8210 10.6537
4.53 51.0643 11.0784
4.54 47.0670 11.3708
4.55 42.8794 11.5397
4.56 38.3653 11.5673
4.57 33.7399 11.4509
4.58 28.6997 11.1972
4.59 23.6003 10.7897
4.6 18.3519 10.2584
4.61 12.9656 9.5995
4.62 7.1987 8.7798
4.63 1.7611 7.8849
4.64 -3.8288 6.9048
4.65 -9.2254 5.8437
4.66 -14.6506 4.7328
4.67 -20.0596 3.5800
4.68 -25.1409 2.4210
4.69 -29.8283 1.3196
4.7 -34.6709 0.1816
4.71 -38.8516 -0.8378
4.72 -42.7679 -1.7867
4.73 -46.4520 -2.6613
4.74 -49.5747 -3.3869
4.75 -52.0340 -3.9696
4.76 -54.3436 -4.4280
4.77 -56.4974 -4.7882
4.78 -58.0843 -4.9931
4.79 -58.8422 -4.9900
4.8 -59.4235 -4.8810
4.81 -59.9459 -4.7034
4.82 -59.9060 -4.3621
4.83 -59.1750 -3.8713
4.84 -58.7439 -3.3718
4.85 -57.3748 -2.7016
4.86 -55.9386 -2.0070
4.87 -54.1678 -1.2541
4.88 -52.0881 -0.4778
4.89 -49.9903 0.2992
4.9 -47.7553 1.0631
4.91 -45.2914 1.8144
4.92 -42.6655 2.5368
4.93 -39.6525 3.2258
4.94 -36.8514 3.8358
4.95 -33.7261 4.3864
4.96 -30.6022 4.8643
4.97 -27.3509 5.2453
4.98 -23.8572 5.5382
4.99 -20.4493 5.7278
5 -16.8302 5.8116
5.01 -13.0707 5.7893
5.02 -9.3165 5.6559
5.03 -5.3332 5.4106
5.04 -1.3374 5.0684
5.05 2.7498 4.6129
5.06 6.8812 4.0476
5.07 11.1249 3.3789
5.08 15.3033 2.6348
5.09 19.5373 1.8188
5.1 23.7934 0.9231
5.11 27.9613 -0.0084
5.12 32.1728 -1.0094
5.13 36.4104 -2.0372
5.14 40.3936 -3.0460
5.15 44.5347 -4.1112
5.16 48.3293 -5.1124
5.17 52.0526 -6.0814
5.18 55.7002 -7.0113
5.19 59.0613 -7.8496
5.2 62.1684 -8.5809
5.21 65.1830 -9.2529
5.22 67.8723 -9.7701
5.23 70.2959 -10.1664
5.24 72.9282 -10.5566
5.25 74.9005 -10.7026
5.26 76.8953 -10.7773
5.27 78.3872 -10.6552
5.28 79.8737 -10.4504
5.29 81.0283 -10.0902
5.3 82.0708 -9.6527
5.31 82.7815 -9.0666
5.32 83.3187 -8.3724
5.33 83.6638 -7.5928
5.34 83.6653 -6.7111
5.35 83.7670 -5.8045
5.36 83.5740 -4.8183
5.37 82.9741 -3.7437
5.38 82.3503 -2.6531
5.39 81.6128 -1.5571
5.4 80.8602 -0.4696
5.41 79.5289 0.6980
5.42 78.3123 1.8160
5.43 76.8809 2.9138
5.44 75.1023 4.0329
5.45 73.3166 5.0741
5.46 71.1546 6.1013
5.47 68.8849 7.0469
5.48 66.6278 7.9212
5.49 63.8920 8.7414
5.5 60.9709 9.4682
5.51 57.7627 10.1108
5.52 54.3475 10.6337
5.53 50.5864 11.0523
5.54 46.5899 11.3377
5.55 42.4053 11.5010
5.56 37.8915 11.5326
5.57 33.2755 11.4003
5.58 28.2377 11.1412
5.59 23.1448 10.7292
5.6 17.8816 10.1866
5.61 12.5196 9.5304
5.62 6.7599 8.7073
5.63 1.3291 7.8095
5.64 -4.2485 6.8275
5.65 -9.6384 5.7645
5.66 -15.0555 4.6522
5.67 -20.4543 3.4988
5.68 -25.5261 2.3395
5.69 -30.2076 1.2380
5.7 -35.0360 0.1014
5.71 -39.2064 -0.9165
5.72 -43.1124 -1.8637
5.73 -46.7892 -2.7368
5.74 -49.9025 -3.4600
5.75 -52.3555 -4.0408
5.76 -54.8651 -4.5253
5.77 -56.8000 -4.8526
5.78 -58.3729 -5.0529
5.79 -59.1264 -5.0469
5.8 -59.6993 -4.9343
5.81 -60.2125 -4.7521
5.82 -60.1639 -4.4065
5.83 -59.4272 -3.9118
5.84 -58.6705 -3.3645
5.85 -57.6174 -2.7339
5.86 -56.1698 -2.0344
5.87 -54.3930 -1.2772
5.88 -52.3073 -0.4967
5.89 -50.2030 0.2844
5.9 -47.9622 1.0520
5.91 -45.4917 1.8068
5.92 -42.8568 2.5326
5.93 -39.8385 3.2241
5.94 -37.0341 3.8363
5.95 -33.8992 4.3884
5.96 -30.7625 4.8675
5.97 -27.5038 5.2487
5.98 -24.0038 5.5406
5.99 -20.5952 5.7320
6 -16.9686 5.8096
6.01 -13.1888 5.7847
6.02 -9.4212 5.6479
6.03 -5.4232 5.3973
6.04 -1.4178 5.0506
6.05 2.6854 4.5890
6.06 6.8265 4.0180
6.07 11.0821 3.3429
6.08 15.2760 2.5919
6.09 19.5212 1.7695
6.1 23.7868 0.8677
6.11 27.9658 -0.0700
6.12 32.1845 -1.0762
6.13 36.4305 -2.1092
6.14 40.4188 -3.1221
6.15 44.5620 -4.1903
6.16 48.3577 -5.1939
6.17 52.0820 -6.1648
6.18 55.7281 -7.0953
6.19 59.0870 -7.9336
6.2 62.1877 -8.6633
6.21 65.1942 -9.3328
6.22 67.8812 -9.8488
6.23 70.2958 -10.2416
6.24 72.9177 -10.6269
6.25 74.8755 -10.7676
6.26 76.8603 -10.8376
6.27 78.3388 -10.7094
6.28 79.8110 -10.4983
6.29 80.9517 -10.1318
6.3 81.9766 -9.6867
6.31 82.6724 -9.0941
6.32 83.1930 -8.3931
6.33 83.5219 -7.6068
6.34 83.5061 -6.7187
6.35 83.5932 -5.8067
6.36 83.3851 -4.8156
6.37 82.7699 -3.7365
6.38 82.1302 -2.6418
6.39 81.3772 -1.5425
6.4 80.6144 -0.4534
6.41 79.2694 0.7157
6.42 78.0432 1.8339
6.43 76.6008 2.9316
6.44 74.8128 4.0498
6.45 73.0187 5.0895
6.46 70.8508 6.1142
6.47 68.6060 7.0525
6.48 66.3167 7.9274
6.49 63.5618 8.7448
6.5 60.6519 9.4682
6.51 57.4440 10.1065
6.52 54.0264 10.6257
6.53 50.2636 11.0401
6.54 46.2683 11.3212
6.55 42.0865 11.4810
6.56 37.5763 11.5087
6.57 32.9640 11.3730
6.58 27.9299 11.1106
6.59 22.8435 10.6959
6.6 17.5804 10.1503
6.61 12.2247 9.4916
6.62 6.4717 8.6668
6.63 1.0442 7.7671
6.64 -4.5300 6.7835
6.65 -9.9105 5.7203
6.66 -15.3222 4.6070
6.67 -20.7129 3.4537
6.68 -25.7796 2.2943
6.69 -30.4558 1.1927
6.7 -35.2766 0.0571
6.71 -39.4438 -0.9607
6.72 -43.3443 -1.9071
6.73 -47.0144 -2.7788
6.74 -50.1188 -3.4996
6.75 -52.5690 -4.0796
6.76 -55.0729 -4.5623
6.77 -56.9990 -4.8868
6.78 -58.5719 -5.0861
6.79 -59.3209 -5.0781
6.8 -59.8880 -4.9631
6.81 -60.3974 -4.7787
6.82 -60.3458 -4.4307
6.83 -59.6049 -3.9331
6.84 -58.8429 -3.3831
6.85 -57.7864 -2.7499
6.86 -56.3378 -2.0482
6.87 -54.5568 -1.2883
6.88 -52.4684 -0.5052
6.89 -50.3613 0.2785
6.9 -48.1180 1.0486
6.91 -45.6419 1.8057
6.92 -42.9730 2.5364
6.93 -39.9872 3.2273
6.94 -37.1783 3.8420
6.95 -34.0290 4.3948
6.96 -30.8899 4.8750
6.97 -27.6464 5.2532
6.98 -24.1738 5.5559
6.99 -20.7164 5.7408
7 -17.0851 5.8182
7.01 -13.3056 5.7885
7.02 -9.5218 5.6525
7.03 -5.5216 5.4014
7.04 -1.5011 5.0517
7.05 2.6119 4.5870
7.06 6.7445 4.0137
7.07 11.0167 3.3351
7.08 15.2157 2.5800
7.09 19.4715 1.7531
7.1 23.7440 0.8479
7.11 27.9300 -0.0935
7.12 32.1535 -1.1025
7.13 36.4051 -2.1387
7.14 40.3981 -3.1545
7.15 44.5435 -4.2245
7.16 48.3390 -5.2292
7.17 52.0658 -6.2020
7.18 55.7120 -7.1329
7.19 59.0637 -7.9735
7.2 62.1695 -8.7011
7.21 65.1731 -9.3697
7.22 67.8572 -9.8847
7.23 70.2624 -10.2745
7.24 72.8962 -10.6618
7.25 74.8328 -10.7962
7.26 76.8147 -10.8644
7.27 78.2866 -10.7334
7.28 79.7514 -10.5190
7.29 80.8814 -10.1484
7.3 81.9121 -9.7107
7.31 82.5848 -9.1035
7.32 83.0962 -8.3990
7.33 83.4151 -7.6092
7.34 83.3925 -6.7182
7.35 83.4592 -5.8009
7.36 83.2509 -4.8091
7.37 82.6287 -3.7284
7.38 81.9784 -2.6313
7.39 81.2169 -1.5304
7.4 80.4484 -0.4411
7.41 79.0957 0.7289
7.42 77.8649 1.8463
7.43 76.4173 2.9435
7.44 74.6210 4.0618
7.45 72.8236 5.1001
7.46 70.6547 6.1226
7.47 68.4043 7.0596
7.48 66.1147 7.9332
7.49 63.3650 8.7472
7.5 60.4420 9.4684
7.51 57.2413 10.1043
7.52 53.8246 10.6213
7.53 50.0625 11.0329
7.54 46.0682 11.3115
7.55 41.8899 11.4692
7.56 37.3850 11.4953
7.57 32.7719 11.3573
7.58 27.7440 11.0932
7.59 22.6636 10.6777
7.6 17.3985 10.1303
7.61 12.0475 9.4696
7.62 6.3000 8.6449
7.63 0.8726 7.7433
7.64 -4.6985 6.7592
7.65 -10.0748 5.6958
7.66 -15.4805 4.5823
7.67 -20.8685 3.4290
7.68 -25.9296 2.2705
7.69 -30.6170 1.1659
7.7 -35.4206 0.0332
7.71 -39.5862 -0.9845
7.72 -43.4828 -1.9302
7.73 -47.1476 -2.8008
7.74 -50.2478 -3.5206
7.75 -52.6972 -4.1001
7.76 -55.1973 -4.5817
7.77 -57.1227 -4.9054
7.78 -58.6926 -5.1035
7.79 -59.4404 -5.0946
7.8 -60.0031 -4.9779
7.81 -60.5106 -4.7922
7.82 -60.2039 -4.4056
7.83 -59.7266 -3.9458
7.84 -58.9502 -3.3924
7.85 -57.8932 -2.7582
7.86 -56.4427 -2.0550
7.87 -54.6721 -1.2948
7.88 -52.5712 -0.5087
7.89 -50.4626 0.2765
7.9 -48.2168 1.0482
7.91 -45.7413 1.8076
7.92 -43.0690 2.5416
7.93 -40.0813 3.2305
7.94 -37.2456 3.8482
7.95 -34.1176 4.4002
7.96 -30.9765 4.8821
7.97 -27.7351 5.2638
7.98 -24.2631 5.5644
7.99 -20.8024 5.7497
8 -17.1704 5.8294
