/*--------------------------------*- C++ -*----------------------------------*\
| =========                 |                                                 |
| \\      /  F ield         | foam-extend: Open Source CFD                    |
|  \\    /   O peration     | Version:     4.1                                |
|   \\  /    A nd           | Web:         http://www.foam-extend.org         |
|    \\/     M anipulation  |                                                 |
\*---------------------------------------------------------------------------*/
FoamFile
{
    version     2.0;
    format      ascii;
    class       volScalarField;
    location    "0.198";
    object      Dp;
}
// * * * * * * * * * * * * * * * * * * * * * * * * * * * * * * * * * * * * * //

dimensions      [1 -1 -2 0 0 0 0];

internalField   nonuniform List<scalar> 
5120
(
-0.0468392
-0.0371758
-0.0359178
-0.035424
-0.0350658
-0.0347082
-0.03429
-0.0338002
-0.0332475
-0.032645
-0.0320054
-0.0313395
-0.0306561
-0.0299617
-0.029261
-0.0285575
-0.0278537
-0.0271513
-0.0264516
-0.0257553
-0.0250632
-0.0243757
-0.0236933
-0.0230162
-0.0223447
-0.0216791
-0.0210195
-0.0203663
-0.0197196
-0.0190796
-0.0184464
-0.0178203
-0.0172015
-0.01659
-0.0159862
-0.0153901
-0.0148019
-0.0142219
-0.0136502
-0.0130869
-0.0125323
-0.0119865
-0.0114497
-0.0109222
-0.010404
-0.00989546
-0.00939672
-0.00890799
-0.00842948
-0.0079614
-0.00750398
-0.00705742
-0.00662196
-0.00619783
-0.00578526
-0.00538448
-0.00499576
-0.00461932
-0.00425542
-0.00390431
-0.00356626
-0.00324152
-0.00293036
-0.00263305
-0.00234985
-0.00208105
-0.00182691
-0.00158772
-0.00136372
-0.0011552
-0.0009624
-0.000785563
-0.000624922
-0.000480717
-0.000353224
-0.000242863
-0.00015023
-7.75268e-05
-2.20709e-05
9.95085e-06
-0.0484937
-0.0387954
-0.0371898
-0.0363749
-0.035619
-0.0349537
-0.0343237
-0.0336924
-0.0330492
-0.0323917
-0.0317212
-0.0310402
-0.0303517
-0.0296585
-0.0289628
-0.0282667
-0.0275714
-0.0268782
-0.0261877
-0.0255008
-0.0248178
-0.0241391
-0.0234652
-0.0227963
-0.0221326
-0.0214745
-0.0208221
-0.0201758
-0.0195356
-0.0189018
-0.0182746
-0.0176543
-0.0170409
-0.0164348
-0.015836
-0.0152448
-0.0146614
-0.014086
-0.0135187
-0.0129597
-0.0124092
-0.0118675
-0.0113347
-0.010811
-0.0102966
-0.00979167
-0.00929648
-0.00881122
-0.0083361
-0.00787133
-0.00741712
-0.00697371
-0.00654132
-0.00612019
-0.00571054
-0.00531261
-0.00492666
-0.00455293
-0.00419166
-0.00384312
-0.00350756
-0.00318524
-0.00287644
-0.00258141
-0.00230044
-0.00203379
-0.00178175
-0.00154458
-0.00132258
-0.00111601
-0.000925163
-0.000750337
-0.000591856
-0.00045011
-0.000325594
-0.000219016
-0.000131398
-6.52984e-05
-1.59131e-05
1.28033e-05
-0.0504651
-0.0394766
-0.0378558
-0.0370056
-0.0361348
-0.0353371
-0.0345914
-0.0338698
-0.0331605
-0.032457
-0.0317557
-0.0310548
-0.0303539
-0.0296534
-0.0289538
-0.0282558
-0.02756
-0.026867
-0.0261774
-0.0254915
-0.0248096
-0.0241322
-0.0234595
-0.0227918
-0.0221293
-0.0214722
-0.0208208
-0.0201753
-0.019536
-0.0189029
-0.0182764
-0.0176566
-0.0170438
-0.0164381
-0.0158397
-0.0152488
-0.0146657
-0.0140904
-0.0135232
-0.0129644
-0.012414
-0.0118722
-0.0113394
-0.0108156
-0.0103011
-0.009796
-0.00930063
-0.00881514
-0.00833977
-0.00787471
-0.00742019
-0.00697644
-0.00654369
-0.00612216
-0.0057121
-0.00531375
-0.00492735
-0.00455314
-0.00419139
-0.00384234
-0.00350626
-0.00318342
-0.00287406
-0.00257848
-0.00229694
-0.00202972
-0.00177709
-0.00153935
-0.00131678
-0.00110967
-0.000918339
-0.000743128
-0.00058442
-0.000442688
-0.00031852
-0.000212725
-0.000126447
-6.20219e-05
-1.41013e-05
1.41743e-05
-0.0514037
-0.039709
-0.038082
-0.0372429
-0.0363504
-0.0355119
-0.0347221
-0.0339611
-0.0332203
-0.0324934
-0.0317756
-0.0310636
-0.0303556
-0.0296506
-0.0289485
-0.0282491
-0.0275528
-0.0268598
-0.0261704
-0.0254849
-0.0248036
-0.0241267
-0.0234546
-0.0227874
-0.0221254
-0.0214689
-0.020818
-0.0201729
-0.019534
-0.0189013
-0.0182751
-0.0176556
-0.0170431
-0.0164376
-0.0158394
-0.0152487
-0.0146657
-0.0140906
-0.0135236
-0.0129648
-0.0124144
-0.0118727
-0.0113399
-0.0108161
-0.0103016
-0.00979652
-0.00930111
-0.00881558
-0.00834014
-0.00787501
-0.0074204
-0.00697655
-0.00654369
-0.00612204
-0.00571185
-0.00531335
-0.00492679
-0.00455243
-0.0041905
-0.00384128
-0.00350501
-0.00318197
-0.00287242
-0.00257663
-0.00229487
-0.00202743
-0.00177458
-0.00153662
-0.00131383
-0.00110653
-0.000915048
-0.000739733
-0.000581007
-0.000439371
-0.000315444
-0.000210047
-0.000124327
-6.04657e-05
-1.28589e-05
1.54457e-05
-0.0514037
-0.039709
-0.038082
-0.0372429
-0.0363504
-0.0355119
-0.0347221
-0.0339611
-0.0332203
-0.0324934
-0.0317756
-0.0310636
-0.0303556
-0.0296506
-0.0289485
-0.0282491
-0.0275528
-0.0268598
-0.0261704
-0.0254849
-0.0248036
-0.0241267
-0.0234546
-0.0227874
-0.0221254
-0.0214689
-0.020818
-0.0201729
-0.019534
-0.0189013
-0.0182751
-0.0176556
-0.0170431
-0.0164376
-0.0158394
-0.0152487
-0.0146657
-0.0140906
-0.0135236
-0.0129648
-0.0124144
-0.0118727
-0.0113399
-0.0108161
-0.0103016
-0.00979652
-0.00930111
-0.00881558
-0.00834014
-0.00787501
-0.0074204
-0.00697655
-0.00654369
-0.00612204
-0.00571185
-0.00531335
-0.00492679
-0.00455243
-0.0041905
-0.00384128
-0.00350501
-0.00318197
-0.00287242
-0.00257663
-0.00229487
-0.00202743
-0.00177458
-0.00153662
-0.00131383
-0.00110653
-0.000915048
-0.000739734
-0.000581007
-0.000439371
-0.000315443
-0.000210047
-0.000124328
-6.04662e-05
-1.28585e-05
1.54456e-05
-0.0504651
-0.0394766
-0.0378558
-0.0370056
-0.0361348
-0.0353371
-0.0345914
-0.0338698
-0.0331605
-0.032457
-0.0317557
-0.0310548
-0.0303539
-0.0296534
-0.0289538
-0.0282558
-0.02756
-0.026867
-0.0261774
-0.0254915
-0.0248096
-0.0241322
-0.0234595
-0.0227918
-0.0221293
-0.0214722
-0.0208208
-0.0201753
-0.019536
-0.0189029
-0.0182764
-0.0176566
-0.0170438
-0.0164381
-0.0158397
-0.0152488
-0.0146657
-0.0140904
-0.0135232
-0.0129644
-0.012414
-0.0118722
-0.0113394
-0.0108156
-0.0103011
-0.009796
-0.00930063
-0.00881514
-0.00833977
-0.00787471
-0.00742019
-0.00697644
-0.00654369
-0.00612216
-0.0057121
-0.00531375
-0.00492735
-0.00455314
-0.00419139
-0.00384234
-0.00350626
-0.00318342
-0.00287407
-0.00257848
-0.00229694
-0.00202972
-0.00177709
-0.00153935
-0.00131678
-0.00110967
-0.000918339
-0.000743127
-0.00058442
-0.000442687
-0.00031852
-0.000212726
-0.000126447
-6.2022e-05
-1.41014e-05
1.41766e-05
-0.0484937
-0.0387954
-0.0371898
-0.0363749
-0.035619
-0.0349537
-0.0343237
-0.0336924
-0.0330492
-0.0323917
-0.0317212
-0.0310402
-0.0303517
-0.0296585
-0.0289628
-0.0282667
-0.0275714
-0.0268782
-0.0261877
-0.0255008
-0.0248178
-0.0241391
-0.0234652
-0.0227963
-0.0221326
-0.0214745
-0.0208221
-0.0201758
-0.0195356
-0.0189018
-0.0182746
-0.0176543
-0.0170409
-0.0164348
-0.015836
-0.0152448
-0.0146614
-0.014086
-0.0135187
-0.0129597
-0.0124092
-0.0118675
-0.0113347
-0.010811
-0.0102966
-0.00979167
-0.00929648
-0.00881122
-0.0083361
-0.00787133
-0.00741712
-0.00697371
-0.00654132
-0.00612019
-0.00571054
-0.00531261
-0.00492666
-0.00455293
-0.00419166
-0.00384312
-0.00350756
-0.00318524
-0.00287644
-0.00258141
-0.00230044
-0.00203379
-0.00178175
-0.00154458
-0.00132258
-0.00111601
-0.000925162
-0.000750337
-0.000591856
-0.00045011
-0.000325594
-0.000219017
-0.000131399
-6.52987e-05
-1.59136e-05
1.2804e-05
-0.0468392
-0.0371758
-0.0359178
-0.035424
-0.0350658
-0.0347082
-0.03429
-0.0338002
-0.0332475
-0.032645
-0.0320054
-0.0313395
-0.0306561
-0.0299617
-0.029261
-0.0285575
-0.0278537
-0.0271513
-0.0264516
-0.0257553
-0.0250632
-0.0243757
-0.0236933
-0.0230162
-0.0223447
-0.0216791
-0.0210195
-0.0203663
-0.0197196
-0.0190796
-0.0184464
-0.0178203
-0.0172015
-0.01659
-0.0159862
-0.0153901
-0.0148019
-0.0142219
-0.0136502
-0.0130869
-0.0125323
-0.0119865
-0.0114497
-0.0109222
-0.010404
-0.00989546
-0.00939672
-0.00890799
-0.00842948
-0.0079614
-0.00750398
-0.00705742
-0.00662196
-0.00619783
-0.00578526
-0.00538448
-0.00499576
-0.00461932
-0.00425542
-0.00390431
-0.00356626
-0.00324152
-0.00293036
-0.00263305
-0.00234985
-0.00208105
-0.00182691
-0.00158772
-0.00136372
-0.0011552
-0.0009624
-0.000785563
-0.000624922
-0.000480716
-0.000353223
-0.000242863
-0.000150231
-7.75272e-05
-2.20707e-05
9.95291e-06
-0.0300039
-0.0231676
-0.0223787
-0.0221718
-0.0219001
-0.0216438
-0.0213834
-0.0210996
-0.0207899
-0.0204569
-0.0201042
-0.0197359
-0.0193556
-0.0189663
-0.0185701
-0.018169
-0.0177641
-0.0173566
-0.0169473
-0.0165367
-0.0161254
-0.0157139
-0.0153026
-0.0148917
-0.0144817
-0.0140728
-0.0136653
-0.0132596
-0.0128557
-0.0124541
-0.0120549
-0.0116584
-0.0112648
-0.0108743
-0.0104873
-0.0101038
-0.00972409
-0.00934844
-0.00897702
-0.00861006
-0.00824777
-0.00789035
-0.00753802
-0.00719098
-0.00684945
-0.00651363
-0.00618373
-0.00585996
-0.00554253
-0.00523165
-0.00492753
-0.00463038
-0.00434041
-0.00405783
-0.00378285
-0.0035157
-0.00325657
-0.0030057
-0.00276329
-0.00252957
-0.00230475
-0.00208905
-0.00188269
-0.0016859
-0.0014989
-0.00132191
-0.00115514
-0.000998824
-0.000853171
-0.000718386
-0.000594661
-0.000482166
-0.000381039
-0.000291374
-0.000213193
-0.000146385
-9.08585e-05
-4.74282e-05
-1.20597e-05
3.16451e-05
-0.0357798
-0.0250431
-0.0227287
-0.0221579
-0.0215651
-0.0210887
-0.0207011
-0.0203452
-0.0199992
-0.0196541
-0.0193052
-0.0189508
-0.0185906
-0.0182249
-0.0178545
-0.01748
-0.0171021
-0.0167213
-0.0163382
-0.0159532
-0.0155667
-0.0151792
-0.0147909
-0.0144023
-0.0140136
-0.0136251
-0.0132372
-0.0128502
-0.0124642
-0.0120797
-0.0116968
-0.0113158
-0.0109371
-0.0105608
-0.0101872
-0.00981658
-0.00944916
-0.00908519
-0.00872491
-0.00836857
-0.00801639
-0.00766863
-0.0073255
-0.00698724
-0.00665409
-0.00632627
-0.00600401
-0.00568755
-0.00537711
-0.00507293
-0.00477522
-0.00448422
-0.00420015
-0.00392325
-0.00365374
-0.00339185
-0.00313782
-0.00289186
-0.00265421
-0.00242511
-0.00220477
-0.00199345
-0.00179135
-0.00159872
-0.0014158
-0.0012428
-0.00107996
-0.000927522
-0.000785702
-0.000654728
-0.000534824
-0.00042621
-0.000329102
-0.000243722
-0.000170265
-0.000108813
-5.9804e-05
-2.46118e-05
5.19253e-06
4.08529e-05
-0.038714
-0.0265465
-0.0233842
-0.0224992
-0.0217116
-0.0210938
-0.0206113
-0.0201931
-0.0198078
-0.0194399
-0.0190798
-0.018722
-0.0183635
-0.0180029
-0.0176395
-0.0172733
-0.0169043
-0.0165328
-0.016159
-0.0157832
-0.0154058
-0.015027
-0.0146472
-0.0142667
-0.0138858
-0.0135047
-0.0131239
-0.0127436
-0.012364
-0.0119855
-0.0116083
-0.0112327
-0.010859
-0.0104875
-0.0101184
-0.00975192
-0.00938842
-0.0090281
-0.00867123
-0.00831806
-0.00796884
-0.0076238
-0.0072832
-0.00694728
-0.00661629
-0.00629045
-0.00597002
-0.00565523
-0.00534632
-0.00504353
-0.0047471
-0.00445726
-0.00417424
-0.0038983
-0.00362965
-0.00336855
-0.00311522
-0.00286991
-0.00263285
-0.00240427
-0.00218442
-0.00197353
-0.00177184
-0.00157959
-0.00139701
-0.00122435
-0.00106183
-0.000909699
-0.000768196
-0.00063756
-0.000518038
-0.000409881
-0.000313357
-0.000228761
-0.000156378
-9.64182e-05
-4.95404e-05
-1.68611e-05
1.09642e-05
4.15826e-05
-0.039757
-0.0270009
-0.0236076
-0.0226402
-0.0217819
-0.021103
-0.0205755
-0.0201257
-0.0197194
-0.0193386
-0.0189714
-0.0186108
-0.0182523
-0.0178936
-0.0175334
-0.0171711
-0.0168064
-0.0164394
-0.0160702
-0.015699
-0.015326
-0.0149516
-0.0145761
-0.0141996
-0.0138226
-0.0134453
-0.0130681
-0.0126911
-0.0123148
-0.0119393
-0.011565
-0.0111922
-0.0108211
-0.0104519
-0.0100851
-0.00972079
-0.00935928
-0.00900084
-0.00864571
-0.00829417
-0.00794645
-0.00760282
-0.00726353
-0.00692881
-0.00659892
-0.00627411
-0.00595462
-0.00564069
-0.00533257
-0.0050305
-0.00473472
-0.00444548
-0.004163
-0.00388754
-0.00361934
-0.00335863
-0.00310566
-0.00286067
-0.00262389
-0.00239557
-0.00217594
-0.00196526
-0.00176375
-0.00157166
-0.00138923
-0.00121671
-0.00105432
-0.000902316
-0.000760944
-0.000630451
-0.000511097
-0.000403153
-0.000306908
-0.000222684
-0.000150791
-9.14681e-05
-4.54326e-05
-1.36532e-05
1.34917e-05
4.25228e-05
-0.039757
-0.0270009
-0.0236076
-0.0226402
-0.0217819
-0.021103
-0.0205755
-0.0201257
-0.0197194
-0.0193386
-0.0189714
-0.0186108
-0.0182523
-0.0178936
-0.0175334
-0.0171711
-0.0168064
-0.0164394
-0.0160702
-0.015699
-0.015326
-0.0149516
-0.0145761
-0.0141996
-0.0138226
-0.0134453
-0.0130681
-0.0126911
-0.0123148
-0.0119393
-0.011565
-0.0111922
-0.0108211
-0.0104519
-0.0100851
-0.00972079
-0.00935928
-0.00900084
-0.00864571
-0.00829417
-0.00794645
-0.00760282
-0.00726353
-0.00692881
-0.00659892
-0.00627411
-0.00595462
-0.00564069
-0.00533257
-0.0050305
-0.00473472
-0.00444548
-0.004163
-0.00388754
-0.00361934
-0.00335863
-0.00310566
-0.00286067
-0.00262389
-0.00239557
-0.00217594
-0.00196526
-0.00176375
-0.00157166
-0.00138923
-0.00121671
-0.00105432
-0.000902316
-0.000760944
-0.000630451
-0.000511097
-0.000403153
-0.000306908
-0.000222684
-0.000150791
-9.14681e-05
-4.54327e-05
-1.36532e-05
1.34917e-05
4.25226e-05
-0.038714
-0.0265465
-0.0233842
-0.0224992
-0.0217116
-0.0210938
-0.0206113
-0.0201931
-0.0198078
-0.0194399
-0.0190798
-0.018722
-0.0183635
-0.0180029
-0.0176395
-0.0172733
-0.0169043
-0.0165328
-0.016159
-0.0157832
-0.0154058
-0.015027
-0.0146472
-0.0142667
-0.0138858
-0.0135047
-0.0131239
-0.0127436
-0.012364
-0.0119855
-0.0116083
-0.0112327
-0.010859
-0.0104875
-0.0101184
-0.00975192
-0.00938842
-0.0090281
-0.00867123
-0.00831806
-0.00796884
-0.0076238
-0.0072832
-0.00694728
-0.00661629
-0.00629045
-0.00597002
-0.00565523
-0.00534632
-0.00504353
-0.0047471
-0.00445726
-0.00417424
-0.0038983
-0.00362965
-0.00336855
-0.00311522
-0.00286991
-0.00263285
-0.00240427
-0.00218442
-0.00197353
-0.00177184
-0.00157959
-0.00139701
-0.00122435
-0.00106183
-0.000909699
-0.000768196
-0.00063756
-0.000518037
-0.000409881
-0.000313357
-0.000228761
-0.000156378
-9.64181e-05
-4.95403e-05
-1.6861e-05
1.0964e-05
4.15822e-05
-0.0357798
-0.0250431
-0.0227287
-0.0221579
-0.0215651
-0.0210887
-0.0207011
-0.0203452
-0.0199992
-0.0196541
-0.0193052
-0.0189508
-0.0185906
-0.0182249
-0.0178545
-0.01748
-0.0171021
-0.0167213
-0.0163382
-0.0159532
-0.0155667
-0.0151792
-0.0147909
-0.0144023
-0.0140136
-0.0136251
-0.0132372
-0.0128502
-0.0124642
-0.0120797
-0.0116968
-0.0113158
-0.0109371
-0.0105608
-0.0101872
-0.00981658
-0.00944916
-0.00908519
-0.00872491
-0.00836857
-0.00801639
-0.00766863
-0.0073255
-0.00698724
-0.00665409
-0.00632627
-0.00600401
-0.00568755
-0.00537711
-0.00507293
-0.00477522
-0.00448422
-0.00420015
-0.00392325
-0.00365374
-0.00339185
-0.00313782
-0.00289186
-0.00265421
-0.00242511
-0.00220477
-0.00199344
-0.00179135
-0.00159872
-0.0014158
-0.0012428
-0.00107996
-0.000927522
-0.000785701
-0.000654728
-0.000534824
-0.00042621
-0.000329102
-0.000243722
-0.000170265
-0.000108813
-5.98038e-05
-2.46116e-05
5.19239e-06
4.08525e-05
-0.0300039
-0.0231676
-0.0223787
-0.0221718
-0.0219001
-0.0216438
-0.0213834
-0.0210996
-0.0207899
-0.0204569
-0.0201042
-0.0197359
-0.0193556
-0.0189663
-0.0185701
-0.018169
-0.0177641
-0.0173566
-0.0169473
-0.0165367
-0.0161254
-0.0157139
-0.0153026
-0.0148917
-0.0144817
-0.0140728
-0.0136653
-0.0132596
-0.0128557
-0.0124541
-0.0120549
-0.0116584
-0.0112648
-0.0108743
-0.0104873
-0.0101038
-0.00972409
-0.00934844
-0.00897702
-0.00861006
-0.00824777
-0.00789035
-0.00753802
-0.00719098
-0.00684945
-0.00651363
-0.00618373
-0.00585996
-0.00554253
-0.00523165
-0.00492753
-0.00463038
-0.00434041
-0.00405783
-0.00378285
-0.0035157
-0.00325657
-0.0030057
-0.00276329
-0.00252957
-0.00230475
-0.00208905
-0.00188269
-0.0016859
-0.0014989
-0.00132191
-0.00115514
-0.000998824
-0.000853171
-0.000718386
-0.000594661
-0.000482166
-0.000381039
-0.000291373
-0.000213193
-0.000146385
-9.08585e-05
-4.74283e-05
-1.20599e-05
3.1645e-05
-0.0149383
-0.0113965
-0.0112486
-0.0113446
-0.0112844
-0.0111879
-0.0110799
-0.0109615
-0.0108346
-0.0107007
-0.0105602
-0.0104137
-0.0102616
-0.0101042
-0.00994192
-0.00977503
-0.00960385
-0.00942869
-0.00924985
-0.00906764
-0.00888236
-0.00869429
-0.0085037
-0.00831085
-0.00811598
-0.00791933
-0.00772112
-0.00752158
-0.00732091
-0.00711932
-0.00691701
-0.00671418
-0.00651103
-0.00630775
-0.00610454
-0.00590159
-0.00569909
-0.00549723
-0.00529621
-0.0050962
-0.0048974
-0.00470001
-0.00450419
-0.00431015
-0.00411807
-0.00392813
-0.00374052
-0.00355543
-0.00337303
-0.00319353
-0.00301709
-0.0028439
-0.00267414
-0.002508
-0.00234566
-0.0021873
-0.0020331
-0.00188323
-0.00173788
-0.00159723
-0.00146144
-0.00133071
-0.00120519
-0.00108507
-0.000970521
-0.000861707
-0.000758798
-0.000661958
-0.000571342
-0.000487097
-0.000409351
-0.000338202
-0.000273706
-0.000215849
-0.000164509
-0.000119374
-8.02638e-05
-4.82323e-05
-1.69455e-05
4.336e-05
-0.0192622
-0.012793
-0.0112797
-0.0109588
-0.0106395
-0.0104051
-0.0102399
-0.0101045
-0.00998277
-0.00986685
-0.00975169
-0.00963438
-0.00951333
-0.00938772
-0.00925721
-0.00912171
-0.00898129
-0.00883614
-0.00868646
-0.00853249
-0.0083745
-0.00821274
-0.00804746
-0.00787891
-0.00770735
-0.007533
-0.00735612
-0.00717693
-0.00699567
-0.00681257
-0.00662786
-0.00644175
-0.00625448
-0.00606626
-0.00587733
-0.00568789
-0.00549818
-0.0053084
-0.00511877
-0.00492952
-0.00474085
-0.00455298
-0.00436613
-0.00418051
-0.00399633
-0.00381379
-0.00363312
-0.00345452
-0.00327819
-0.00310435
-0.0029332
-0.00276494
-0.00259978
-0.00243792
-0.00227957
-0.00212492
-0.00197417
-0.00182752
-0.00168516
-0.0015473
-0.00141412
-0.00128581
-0.00116258
-0.00104459
-0.000932046
-0.000825125
-0.000724008
-0.000628871
-0.000539887
-0.000457221
-0.000381027
-0.000311447
-0.000248596
-0.000192566
-0.00014335
-0.000100739
-6.503e-05
-3.70311e-05
-2.74586e-06
5.01114e-05
-0.0217405
-0.0141075
-0.0117065
-0.0110252
-0.0105225
-0.0101797
-0.00995327
-0.00978446
-0.00964661
-0.00952578
-0.00941294
-0.0093025
-0.00919112
-0.00907686
-0.00895864
-0.00883589
-0.0087084
-0.00857613
-0.00843917
-0.00829766
-0.0081518
-0.0080018
-0.00784788
-0.00769029
-0.00752924
-0.00736499
-0.00719776
-0.0070278
-0.00685534
-0.00668062
-0.00650388
-0.00632535
-0.00614526
-0.00596386
-0.00578137
-0.00559802
-0.00541405
-0.00522969
-0.00504517
-0.00486071
-0.00467655
-0.00449291
-0.00431001
-0.00412808
-0.00394734
-0.00376802
-0.00359034
-0.00341451
-0.00324075
-0.00306929
-0.00290034
-0.00273412
-0.00257083
-0.00241069
-0.00225392
-0.00210072
-0.00195129
-0.00180586
-0.00166462
-0.00152777
-0.00139551
-0.00126806
-0.00114559
-0.00102832
-0.000916424
-0.000810102
-0.00070954
-0.000614923
-0.000526431
-0.000444242
-0.000368527
-0.000299453
-0.000237174
-0.000181838
-0.000133513
-9.21166e-05
-5.81335e-05
-3.15879e-05
2.65408e-06
4.7878e-05
-0.0226087
-0.0145322
-0.0118676
-0.0110701
-0.010488
-0.0100888
-0.00982678
-0.0096366
-0.00948694
-0.00936084
-0.00924712
-0.00913867
-0.00903111
-0.00892183
-0.00880926
-0.00869254
-0.00857126
-0.00844524
-0.00831449
-0.00817909
-0.00803919
-0.00789499
-0.00774669
-0.00759451
-0.00743868
-0.00727944
-0.00711701
-0.00695165
-0.00678358
-0.00661305
-0.0064403
-0.00626556
-0.00608908
-0.0059111
-0.00573186
-0.00555158
-0.00537052
-0.00518891
-0.00500697
-0.00482495
-0.00464308
-0.0044616
-0.00428072
-0.00410069
-0.00392172
-0.00374406
-0.00356792
-0.00339354
-0.00322113
-0.00305091
-0.00288312
-0.00271796
-0.00255567
-0.00239645
-0.00224052
-0.0020881
-0.0019394
-0.00179462
-0.00165399
-0.0015177
-0.00138596
-0.00125898
-0.00113695
-0.00102008
-0.000908558
-0.000802583
-0.000702345
-0.000608033
-0.000519835
-0.000437933
-0.00036251
-0.000293741
-0.000231802
-0.000176858
-0.000128999
-8.81799e-05
-5.4955e-05
-2.90573e-05
4.87672e-06
4.75441e-05
-0.0226087
-0.0145322
-0.0118676
-0.0110701
-0.010488
-0.0100888
-0.00982678
-0.0096366
-0.00948694
-0.00936084
-0.00924712
-0.00913867
-0.00903111
-0.00892183
-0.00880926
-0.00869254
-0.00857126
-0.00844524
-0.00831449
-0.00817909
-0.00803919
-0.00789499
-0.00774669
-0.00759451
-0.00743868
-0.00727944
-0.00711701
-0.00695165
-0.00678358
-0.00661305
-0.0064403
-0.00626556
-0.00608908
-0.0059111
-0.00573186
-0.00555158
-0.00537052
-0.00518891
-0.00500697
-0.00482495
-0.00464308
-0.0044616
-0.00428072
-0.00410069
-0.00392172
-0.00374406
-0.00356792
-0.00339354
-0.00322113
-0.00305091
-0.00288312
-0.00271796
-0.00255567
-0.00239645
-0.00224052
-0.0020881
-0.0019394
-0.00179462
-0.00165399
-0.0015177
-0.00138596
-0.00125898
-0.00113695
-0.00102008
-0.000908558
-0.000802583
-0.000702345
-0.000608033
-0.000519835
-0.000437933
-0.00036251
-0.000293741
-0.000231802
-0.000176858
-0.000128999
-8.81799e-05
-5.4955e-05
-2.90573e-05
4.87671e-06
4.75441e-05
-0.0217405
-0.0141075
-0.0117065
-0.0110252
-0.0105225
-0.0101797
-0.00995327
-0.00978446
-0.00964661
-0.00952578
-0.00941294
-0.0093025
-0.00919112
-0.00907686
-0.00895864
-0.00883589
-0.0087084
-0.00857613
-0.00843917
-0.00829766
-0.0081518
-0.0080018
-0.00784788
-0.00769029
-0.00752924
-0.00736499
-0.00719776
-0.0070278
-0.00685534
-0.00668062
-0.00650388
-0.00632535
-0.00614526
-0.00596386
-0.00578137
-0.00559802
-0.00541405
-0.00522969
-0.00504517
-0.00486071
-0.00467655
-0.00449291
-0.00431001
-0.00412808
-0.00394734
-0.00376802
-0.00359034
-0.00341451
-0.00324075
-0.00306929
-0.00290034
-0.00273412
-0.00257083
-0.00241069
-0.00225392
-0.00210072
-0.00195129
-0.00180586
-0.00166462
-0.00152777
-0.00139551
-0.00126806
-0.00114559
-0.00102832
-0.000916424
-0.000810102
-0.00070954
-0.000614923
-0.000526431
-0.000444242
-0.000368527
-0.000299453
-0.000237174
-0.000181838
-0.000133512
-9.21165e-05
-5.81335e-05
-3.15879e-05
2.65405e-06
4.78779e-05
-0.0192622
-0.012793
-0.0112797
-0.0109588
-0.0106395
-0.0104051
-0.0102399
-0.0101045
-0.00998277
-0.00986685
-0.00975169
-0.00963438
-0.00951333
-0.00938772
-0.00925721
-0.00912171
-0.00898129
-0.00883614
-0.00868646
-0.00853249
-0.0083745
-0.00821274
-0.00804746
-0.00787891
-0.00770735
-0.007533
-0.00735612
-0.00717693
-0.00699567
-0.00681257
-0.00662786
-0.00644175
-0.00625448
-0.00606626
-0.00587733
-0.00568789
-0.00549818
-0.0053084
-0.00511877
-0.00492952
-0.00474085
-0.00455298
-0.00436613
-0.00418051
-0.00399633
-0.00381379
-0.00363312
-0.00345452
-0.00327819
-0.00310435
-0.0029332
-0.00276494
-0.00259978
-0.00243792
-0.00227957
-0.00212492
-0.00197417
-0.00182752
-0.00168516
-0.0015473
-0.00141412
-0.00128581
-0.00116258
-0.00104459
-0.000932046
-0.000825125
-0.000724007
-0.000628871
-0.000539887
-0.000457221
-0.000381027
-0.000311447
-0.000248596
-0.000192566
-0.00014335
-0.000100739
-6.503e-05
-3.7031e-05
-2.74581e-06
5.01114e-05
-0.0149383
-0.0113965
-0.0112486
-0.0113446
-0.0112844
-0.0111879
-0.0110799
-0.0109615
-0.0108346
-0.0107007
-0.0105602
-0.0104137
-0.0102616
-0.0101042
-0.00994192
-0.00977503
-0.00960385
-0.00942869
-0.00924985
-0.00906764
-0.00888236
-0.00869429
-0.0085037
-0.00831085
-0.00811598
-0.00791933
-0.00772112
-0.00752158
-0.00732091
-0.00711932
-0.00691701
-0.00671418
-0.00651103
-0.00630775
-0.00610454
-0.00590159
-0.00569909
-0.00549723
-0.00529621
-0.0050962
-0.0048974
-0.00470001
-0.00450419
-0.00431015
-0.00411807
-0.00392813
-0.00374052
-0.00355543
-0.00337303
-0.00319353
-0.00301709
-0.0028439
-0.00267414
-0.002508
-0.00234566
-0.0021873
-0.0020331
-0.00188323
-0.00173788
-0.00159723
-0.00146144
-0.00133071
-0.00120519
-0.00108507
-0.000970521
-0.000861707
-0.000758799
-0.000661958
-0.000571343
-0.000487097
-0.000409351
-0.000338202
-0.000273706
-0.000215849
-0.000164509
-0.000119374
-8.02638e-05
-4.82323e-05
-1.69459e-05
4.33594e-05
-0.00145523
-0.00133043
-0.00154405
-0.00173782
-0.00181998
-0.00184704
-0.00185432
-0.0018571
-0.00186259
-0.00187303
-0.00188799
-0.00190595
-0.00192522
-0.00194426
-0.00196187
-0.00197719
-0.00198965
-0.00199893
-0.00200488
-0.00200744
-0.00200665
-0.0020026
-0.00199538
-0.00198511
-0.00197191
-0.00195588
-0.00193715
-0.00191583
-0.00189203
-0.00186587
-0.00183744
-0.00180687
-0.00177426
-0.00173971
-0.00170335
-0.00166529
-0.00162563
-0.0015845
-0.001542
-0.00149825
-0.00145337
-0.00140747
-0.00136068
-0.0013131
-0.00126486
-0.00121607
-0.00116684
-0.00111731
-0.00106757
-0.00101776
-0.000967979
-0.000918346
-0.000868977
-0.000819984
-0.000771479
-0.000723573
-0.000676377
-0.000629999
-0.000584546
-0.000540124
-0.000496838
-0.000454789
-0.00041408
-0.000374807
-0.00033707
-0.000300963
-0.000266578
-0.000234005
-0.000203332
-0.000174639
-0.000147999
-0.000123475
-0.000101109
-8.0924e-05
-6.28945e-05
-4.69102e-05
-3.31891e-05
-2.35111e-05
-1.10586e-05
4.01319e-05
-0.00304174
-0.00141899
-0.000931264
-0.000860514
-0.000824475
-0.000816618
-0.000834678
-0.000868797
-0.000913782
-0.000965952
-0.00102206
-0.00107951
-0.00113635
-0.00119116
-0.00124297
-0.00129115
-0.0013353
-0.00137523
-0.00141083
-0.00144211
-0.00146911
-0.00149191
-0.00151061
-0.00152531
-0.00153614
-0.00154321
-0.00154665
-0.00154657
-0.00154312
-0.00153641
-0.00152657
-0.00151374
-0.00149804
-0.0014796
-0.00145857
-0.00143508
-0.00140926
-0.00138126
-0.0013512
-0.00131924
-0.00128551
-0.00125014
-0.00121329
-0.00117509
-0.00113569
-0.00109521
-0.00105381
-0.00101163
-0.000968788
-0.00092544
-0.000881718
-0.000837758
-0.000793697
-0.000749667
-0.000705801
-0.00066223
-0.000619083
-0.000576488
-0.00053457
-0.000493455
-0.000453262
-0.000414111
-0.000376121
-0.000339404
-0.000304074
-0.000270239
-0.000238006
-0.000207478
-0.000178754
-0.000151929
-0.000127091
-0.000104321
-8.36916e-05
-6.52649e-05
-4.90404e-05
-3.4888e-05
-2.34676e-05
-1.6156e-05
2.26032e-06
4.01686e-05
-0.00394555
-0.00175544
-0.000850978
-0.000586659
-0.000450146
-0.000392531
-0.000391947
-0.000424623
-0.000477342
-0.000542016
-0.000612912
-0.000686076
-0.000758868
-0.000829553
-0.000897011
-0.000960543
-0.00101973
-0.00107435
-0.00112429
-0.00116952
-0.00121008
-0.00124601
-0.00127742
-0.00130438
-0.00132702
-0.00134546
-0.0013598
-0.00137018
-0.00137674
-0.0013796
-0.0013789
-0.00137478
-0.00136738
-0.00135685
-0.00134333
-0.00132697
-0.00130792
-0.00128632
-0.00126233
-0.0012361
-0.00120777
-0.00117751
-0.00114547
-0.00111179
-0.00107663
-0.00104014
-0.00100248
-0.000963784
-0.000924216
-0.000883921
-0.000843048
-0.000801743
-0.000760153
-0.000718421
-0.000676691
-0.000635104
-0.000593799
-0.000552913
-0.000512581
-0.000472938
-0.000434112
-0.000396232
-0.000359424
-0.000323811
-0.000289511
-0.000256643
-0.000225318
-0.000195648
-0.000167738
-0.00014169
-0.000117603
-9.55679e-05
-7.56738e-05
-5.80084e-05
-4.25982e-05
-2.93925e-05
-1.9194e-05
-1.24532e-05
6.68771e-06
3.38176e-05
-0.00428622
-0.00190987
-0.000847135
-0.000493486
-0.000299031
-0.000206351
-0.000187801
-0.000213369
-0.000265561
-0.000333598
-0.000410043
-0.000489914
-0.000569975
-0.000648157
-0.000723159
-0.000794182
-0.000860756
-0.000922618
-0.000979639
-0.00103178
-0.00107905
-0.0011215
-0.00115921
-0.00119228
-0.0012208
-0.00124489
-0.00126467
-0.00128027
-0.00129182
-0.00129947
-0.00130334
-0.00130359
-0.00130036
-0.00129379
-0.00128405
-0.00127128
-0.00125563
-0.00123726
-0.00121634
-0.001193
-0.00116742
-0.00113974
-0.00111014
-0.00107876
-0.00104576
-0.00101131
-0.000975553
-0.000938654
-0.000900765
-0.000862042
-0.000822639
-0.000782707
-0.000742399
-0.000701863
-0.000661248
-0.0006207
-0.000580362
-0.000540377
-0.000500885
-0.000462023
-0.000423927
-0.000386728
-0.000350556
-0.000315539
-0.000281798
-0.000249456
-0.000218629
-0.00018943
-0.000161969
-0.000136354
-0.000112685
-9.10615e-05
-7.15794e-05
-5.43356e-05
-3.93637e-05
-2.66459e-05
-1.70596e-05
-1.07191e-05
8.29287e-06
3.19735e-05
-0.00428622
-0.00190987
-0.000847135
-0.000493486
-0.000299031
-0.000206351
-0.000187801
-0.000213369
-0.000265561
-0.000333598
-0.000410043
-0.000489914
-0.000569975
-0.000648157
-0.000723159
-0.000794182
-0.000860756
-0.000922618
-0.000979639
-0.00103178
-0.00107905
-0.0011215
-0.00115921
-0.00119228
-0.0012208
-0.00124489
-0.00126467
-0.00128027
-0.00129182
-0.00129947
-0.00130334
-0.00130359
-0.00130036
-0.00129379
-0.00128405
-0.00127128
-0.00125563
-0.00123726
-0.00121634
-0.001193
-0.00116742
-0.00113974
-0.00111014
-0.00107876
-0.00104576
-0.00101131
-0.000975553
-0.000938654
-0.000900765
-0.000862042
-0.000822639
-0.000782707
-0.000742399
-0.000701863
-0.000661248
-0.0006207
-0.000580362
-0.000540377
-0.000500885
-0.000462023
-0.000423927
-0.000386728
-0.000350556
-0.000315539
-0.000281798
-0.000249456
-0.000218629
-0.00018943
-0.000161969
-0.000136354
-0.000112685
-9.10616e-05
-7.15794e-05
-5.43356e-05
-3.93638e-05
-2.66459e-05
-1.70597e-05
-1.07192e-05
8.29287e-06
3.19735e-05
-0.00394555
-0.00175544
-0.000850978
-0.000586659
-0.000450146
-0.000392531
-0.000391947
-0.000424623
-0.000477342
-0.000542016
-0.000612912
-0.000686076
-0.000758868
-0.000829553
-0.000897011
-0.000960543
-0.00101973
-0.00107435
-0.00112429
-0.00116952
-0.00121008
-0.00124601
-0.00127742
-0.00130438
-0.00132702
-0.00134546
-0.0013598
-0.00137018
-0.00137674
-0.0013796
-0.0013789
-0.00137478
-0.00136738
-0.00135685
-0.00134333
-0.00132697
-0.00130792
-0.00128632
-0.00126233
-0.0012361
-0.00120777
-0.00117751
-0.00114547
-0.00111179
-0.00107663
-0.00104014
-0.00100248
-0.000963784
-0.000924216
-0.000883921
-0.000843048
-0.000801743
-0.000760153
-0.000718421
-0.000676691
-0.000635104
-0.000593799
-0.000552913
-0.000512581
-0.000472938
-0.000434112
-0.000396232
-0.000359424
-0.000323811
-0.000289511
-0.000256643
-0.000225318
-0.000195648
-0.000167738
-0.00014169
-0.000117603
-9.55679e-05
-7.56739e-05
-5.80084e-05
-4.25982e-05
-2.93925e-05
-1.9194e-05
-1.24533e-05
6.6878e-06
3.38178e-05
-0.00304174
-0.00141899
-0.000931264
-0.000860514
-0.000824475
-0.000816618
-0.000834678
-0.000868797
-0.000913782
-0.000965952
-0.00102206
-0.00107951
-0.00113635
-0.00119116
-0.00124297
-0.00129115
-0.0013353
-0.00137523
-0.00141083
-0.00144211
-0.00146911
-0.00149191
-0.00151061
-0.00152531
-0.00153614
-0.00154321
-0.00154665
-0.00154657
-0.00154312
-0.00153641
-0.00152657
-0.00151374
-0.00149804
-0.0014796
-0.00145857
-0.00143508
-0.00140926
-0.00138126
-0.0013512
-0.00131924
-0.00128551
-0.00125014
-0.00121329
-0.00117509
-0.00113569
-0.00109521
-0.00105381
-0.00101163
-0.000968788
-0.00092544
-0.000881718
-0.000837759
-0.000793697
-0.000749667
-0.000705801
-0.00066223
-0.000619083
-0.000576488
-0.00053457
-0.000493455
-0.000453262
-0.000414111
-0.000376121
-0.000339404
-0.000304074
-0.000270239
-0.000238006
-0.000207478
-0.000178754
-0.000151929
-0.000127091
-0.000104322
-8.36917e-05
-6.52649e-05
-4.90405e-05
-3.48881e-05
-2.34677e-05
-1.6156e-05
2.26049e-06
4.01688e-05
-0.00145523
-0.00133043
-0.00154405
-0.00173782
-0.00181998
-0.00184704
-0.00185432
-0.0018571
-0.00186259
-0.00187303
-0.00188799
-0.00190595
-0.00192522
-0.00194426
-0.00196187
-0.00197719
-0.00198965
-0.00199893
-0.00200488
-0.00200744
-0.00200665
-0.0020026
-0.00199538
-0.00198511
-0.00197191
-0.00195588
-0.00193715
-0.00191583
-0.00189203
-0.00186587
-0.00183744
-0.00180687
-0.00177426
-0.00173971
-0.00170335
-0.00166529
-0.00162563
-0.0015845
-0.001542
-0.00149825
-0.00145337
-0.00140747
-0.00136068
-0.0013131
-0.00126486
-0.00121607
-0.00116684
-0.00111731
-0.00106757
-0.00101776
-0.000967979
-0.000918347
-0.000868977
-0.000819984
-0.000771479
-0.000723573
-0.000676377
-0.000629999
-0.000584546
-0.000540124
-0.000496838
-0.000454789
-0.000414079
-0.000374807
-0.00033707
-0.000300963
-0.000266578
-0.000234006
-0.000203332
-0.000174639
-0.000147999
-0.000123475
-0.00010111
-8.09241e-05
-6.28947e-05
-4.69105e-05
-3.31893e-05
-2.35111e-05
-1.10587e-05
4.01311e-05
0.0101387
0.00709227
0.00671349
0.00659528
0.00646519
0.00637464
0.00629578
0.00620749
0.00610269
0.00598089
0.00584476
0.00569799
0.00554417
0.00538624
0.00522648
0.00506651
0.00490741
0.0047499
0.00459445
0.0044413
0.00429062
0.0041425
0.00399699
0.00385412
0.00371391
0.00357637
0.00344151
0.00330936
0.00317992
0.00305321
0.00292922
0.00280797
0.00268947
0.00257371
0.0024607
0.00235043
0.00224289
0.00213809
0.002036
0.00193662
0.00183994
0.00174593
0.00165459
0.0015659
0.00147984
0.00139638
0.00131552
0.00123723
0.00116148
0.00108828
0.00101758
0.000949375
0.000883647
0.000820375
0.000759542
0.000701132
0.00064513
0.000591522
0.000540295
0.000491437
0.000444939
0.000400793
0.000358993
0.000319532
0.000282408
0.00024762
0.000215164
0.000185041
0.000157245
0.00013177
0.0001086
8.77047e-05
6.90296e-05
5.24779e-05
3.79032e-05
2.51181e-05
1.35102e-05
1.0116e-06
-6.79352e-06
2.15579e-05
0.0113298
0.00822427
0.00786988
0.00782447
0.00765371
0.00749124
0.0073367
0.00717536
0.0070049
0.00682629
0.00664147
0.00645265
0.00626181
0.00607056
0.00588009
0.00569128
0.00550472
0.00532082
0.00513983
0.00496193
0.00478724
0.00461582
0.00444773
0.004283
0.00412166
0.00396371
0.00380919
0.00365809
0.00351042
0.00336618
0.00322537
0.00308799
0.00295402
0.00282345
0.00269627
0.00257246
0.00245199
0.00233485
0.002221
0.00211041
0.00200307
0.00189892
0.00179795
0.00170011
0.00160538
0.00151371
0.00142507
0.00133942
0.00125672
0.00117695
0.00110005
0.001026
0.000954761
0.000886296
0.000820573
0.000757559
0.000697222
0.000639533
0.000584462
0.000531984
0.000482073
0.000434707
0.000389864
0.000347526
0.000307676
0.0002703
0.000235384
0.000202918
0.00017289
0.000145288
0.000120098
9.72986e-05
7.68541e-05
5.87009e-05
4.27767e-05
2.90293e-05
1.64972e-05
3.40928e-06
2.19739e-06
1.377e-05
0.012478
0.00910012
0.00847957
0.00838551
0.00820508
0.00802163
0.00783934
0.00764856
0.00745001
0.00724598
0.0070386
0.00682974
0.00662089
0.00641313
0.00620728
0.00600387
0.00580332
0.0056059
0.0054118
0.00522116
0.00503409
0.00485066
0.00467091
0.00449491
0.00432267
0.00415421
0.00398956
0.00382872
0.00367169
0.00351847
0.00336906
0.00322343
0.00308158
0.00294348
0.0028091
0.00267843
0.00255143
0.00242806
0.00230829
0.00219209
0.00207941
0.00197021
0.00186445
0.00176208
0.00166307
0.00156736
0.0014749
0.00138566
0.00129959
0.00121663
0.00113675
0.0010599
0.000986028
0.000915099
0.000847067
0.000781891
0.000719531
0.000659947
0.000603104
0.000548965
0.000497499
0.000448674
0.000402461
0.000358835
0.000317772
0.000279251
0.000243253
0.000209763
0.000178764
0.000150245
0.000124192
0.000100589
7.94101e-05
6.06097e-05
4.41558e-05
2.99864e-05
1.70512e-05
4.31934e-06
4.01877e-06
3.83281e-06
0.012812
0.00929523
0.00865602
0.00859844
0.00844113
0.00826346
0.00807784
0.00787908
0.00767052
0.00745604
0.00723856
0.00702023
0.00680257
0.0065866
0.00637301
0.00616225
0.00595466
0.00575043
0.00554975
0.00535272
0.00515944
0.00496999
0.00478441
0.00460275
0.00442505
0.00425132
0.00408159
0.00391585
0.00375412
0.00359639
0.00344264
0.00329286
0.00314704
0.00300514
0.00286714
0.00273301
0.00260271
0.0024762
0.00235344
0.0022344
0.00211902
0.00200726
0.00189907
0.00179441
0.00169322
0.00159545
0.00150106
0.00140999
0.00132219
0.00123762
0.00115621
0.00107792
0.0010027
0.000930508
0.000861288
0.000794998
0.000731592
0.000671029
0.000613266
0.000558264
0.000505988
0.000456401
0.000409472
0.000365171
0.00032347
0.000284347
0.000247778
0.000213747
0.000182236
0.000153233
0.000126724
0.000102695
8.11248e-05
6.19713e-05
4.52116e-05
3.07645e-05
1.75157e-05
4.72113e-06
4.41483e-06
5.41268e-07
0.012812
0.00929523
0.00865602
0.00859844
0.00844113
0.00826346
0.00807784
0.00787908
0.00767052
0.00745604
0.00723856
0.00702023
0.00680257
0.0065866
0.00637301
0.00616225
0.00595466
0.00575043
0.00554975
0.00535272
0.00515944
0.00496999
0.00478441
0.00460275
0.00442505
0.00425132
0.00408159
0.00391585
0.00375412
0.00359639
0.00344264
0.00329286
0.00314704
0.00300514
0.00286714
0.00273301
0.00260271
0.0024762
0.00235344
0.0022344
0.00211902
0.00200726
0.00189907
0.00179441
0.00169322
0.00159545
0.00150106
0.00140999
0.00132219
0.00123762
0.00115621
0.00107792
0.0010027
0.000930508
0.000861288
0.000794998
0.000731592
0.000671029
0.000613266
0.000558264
0.000505988
0.000456401
0.000409472
0.000365171
0.00032347
0.000284347
0.000247778
0.000213747
0.000182236
0.000153233
0.000126724
0.000102695
8.11248e-05
6.19713e-05
4.52116e-05
3.07645e-05
1.75157e-05
4.72107e-06
4.41482e-06
5.41366e-07
0.012478
0.00910012
0.00847957
0.00838551
0.00820508
0.00802163
0.00783934
0.00764856
0.00745001
0.00724598
0.0070386
0.00682974
0.00662089
0.00641313
0.00620728
0.00600387
0.00580332
0.0056059
0.0054118
0.00522116
0.00503409
0.00485066
0.00467091
0.00449491
0.00432267
0.00415421
0.00398956
0.00382872
0.00367169
0.00351847
0.00336906
0.00322343
0.00308158
0.00294348
0.0028091
0.00267843
0.00255143
0.00242806
0.00230829
0.00219209
0.00207941
0.00197021
0.00186445
0.00176208
0.00166307
0.00156736
0.0014749
0.00138566
0.00129959
0.00121663
0.00113675
0.0010599
0.000986028
0.000915099
0.000847067
0.000781891
0.000719531
0.000659947
0.000603104
0.000548965
0.000497499
0.000448674
0.000402461
0.000358835
0.000317772
0.000279251
0.000243254
0.000209763
0.000178764
0.000150245
0.000124192
0.000100589
7.94101e-05
6.06097e-05
4.41559e-05
2.99864e-05
1.70512e-05
4.31926e-06
4.01874e-06
3.83292e-06
0.0113298
0.00822427
0.00786988
0.00782447
0.00765371
0.00749124
0.0073367
0.00717536
0.0070049
0.00682629
0.00664147
0.00645265
0.00626181
0.00607056
0.00588009
0.00569128
0.00550472
0.00532082
0.00513983
0.00496193
0.00478724
0.00461582
0.00444773
0.004283
0.00412166
0.00396371
0.00380919
0.00365809
0.00351042
0.00336618
0.00322537
0.00308799
0.00295402
0.00282345
0.00269627
0.00257246
0.00245199
0.00233485
0.002221
0.00211041
0.00200307
0.00189892
0.00179795
0.00170011
0.00160538
0.00151371
0.00142507
0.00133942
0.00125672
0.00117695
0.00110005
0.001026
0.000954761
0.000886296
0.000820573
0.000757559
0.000697222
0.000639533
0.000584462
0.000531984
0.000482073
0.000434707
0.000389864
0.000347526
0.000307676
0.0002703
0.000235384
0.000202918
0.00017289
0.000145288
0.000120098
9.72987e-05
7.68541e-05
5.87009e-05
4.27767e-05
2.90293e-05
1.64972e-05
3.40917e-06
2.19746e-06
1.377e-05
0.0101387
0.00709227
0.00671349
0.00659528
0.00646519
0.00637464
0.00629578
0.00620749
0.00610269
0.00598089
0.00584476
0.00569799
0.00554417
0.00538624
0.00522648
0.00506651
0.00490741
0.0047499
0.00459445
0.0044413
0.00429062
0.0041425
0.00399699
0.00385412
0.00371391
0.00357637
0.00344151
0.00330936
0.00317992
0.00305321
0.00292922
0.00280797
0.00268947
0.00257371
0.0024607
0.00235043
0.00224289
0.00213809
0.002036
0.00193662
0.00183994
0.00174593
0.00165459
0.0015659
0.00147984
0.00139638
0.00131552
0.00123723
0.00116148
0.00108828
0.00101758
0.000949375
0.000883647
0.000820375
0.000759542
0.000701132
0.00064513
0.000591522
0.000540295
0.000491437
0.00044494
0.000400794
0.000358993
0.000319532
0.000282409
0.00024762
0.000215164
0.000185041
0.000157245
0.00013177
0.0001086
8.77049e-05
6.90297e-05
5.24779e-05
3.79033e-05
2.51182e-05
1.35102e-05
1.01122e-06
-6.79371e-06
2.15579e-05
0.0197647
0.0144007
0.0139861
0.0139985
0.0138748
0.0137706
0.0136565
0.0135083
0.0133244
0.0131101
0.0128724
0.0126178
0.0123518
0.0120785
0.0118008
0.0115207
0.0112396
0.0109582
0.0106772
0.010397
0.0101178
0.00983978
0.00956322
0.00928823
0.00901496
0.00874354
0.00847414
0.00820687
0.00794189
0.00767932
0.00741931
0.00716198
0.00690745
0.00665586
0.00640731
0.00616194
0.00591984
0.00568113
0.00544591
0.0052143
0.00498639
0.00476228
0.00454208
0.00432588
0.00411378
0.00390588
0.00370225
0.00350302
0.00330825
0.00311806
0.00293252
0.00275175
0.00257582
0.00240484
0.0022389
0.00207809
0.00192251
0.00177226
0.00162744
0.00148815
0.00135448
0.00122655
0.00110445
0.000988297
0.000878186
0.000774228
0.000676527
0.000585188
0.000500309
0.000421976
0.000350258
0.000285193
0.000226766
0.000174878
0.000129311
8.9704e-05
5.52604e-05
2.41182e-05
-5.92838e-07
-9.80896e-07
0.0228426
0.0162992
0.0155685
0.0155029
0.0151782
0.014893
0.0146382
0.0143783
0.0141079
0.0138276
0.0135391
0.0132447
0.0129463
0.0126456
0.0123435
0.0120411
0.0117389
0.0114373
0.0111367
0.0108373
0.0105395
0.0102433
0.00994891
0.00965658
0.00936644
0.00907863
0.00879331
0.00851063
0.00823072
0.00795372
0.00767977
0.00740899
0.00714149
0.0068774
0.00661683
0.00635988
0.00610667
0.00585729
0.00561184
0.00537043
0.00513313
0.00490004
0.00467125
0.00444685
0.00422693
0.00401156
0.00380083
0.00359483
0.00339363
0.00319731
0.00300597
0.00281968
0.00263851
0.00246257
0.00229192
0.00212665
0.00196684
0.00181258
0.00166396
0.00152106
0.00138398
0.0012528
0.00112761
0.00100851
0.000895593
0.000788956
0.000688695
0.000594907
0.000507686
0.000427126
0.000353308
0.000286302
0.000226152
0.00017285
0.000126343
8.64817e-05
5.22828e-05
2.1997e-05
2.74204e-06
-1.27204e-05
0.025753
0.0182186
0.0166413
0.0163078
0.0158566
0.0154722
0.0151398
0.0148198
0.0145031
0.0141873
0.0138715
0.0135556
0.0132397
0.0129241
0.012609
0.0122946
0.0119811
0.0116687
0.0113577
0.0110482
0.0107405
0.0104347
0.010131
0.00982955
0.00953059
0.00923425
0.00894069
0.00865005
0.00836247
0.00807809
0.00779704
0.00751943
0.00724539
0.00697502
0.00670844
0.00644575
0.00618705
0.00593243
0.00568199
0.00543581
0.00519398
0.00495658
0.00472371
0.00449543
0.00427183
0.00405298
0.00383897
0.00362986
0.00342573
0.00322665
0.00303271
0.00284397
0.0026605
0.00248239
0.00230971
0.00214254
0.00198094
0.00182501
0.00167482
0.00153044
0.00139197
0.00125949
0.00113307
0.00101282
0.000898807
0.000791138
0.0006899
0.000595188
0.000507096
0.000425722
0.000351159
0.000283496
0.000222809
0.000169144
0.000122521
8.28492e-05
4.91173e-05
1.99697e-05
1.66716e-06
-2.309e-05
0.0266473
0.018725
0.0169771
0.0166254
0.0161552
0.0157428
0.0153838
0.0150403
0.0147036
0.0143713
0.014042
0.0137151
0.01339
0.0130665
0.0127444
0.0124236
0.0121042
0.0117863
0.0114699
0.0111552
0.0108425
0.0105318
0.0102233
0.0099173
0.00961387
0.00931322
0.00901548
0.00872081
0.00842934
0.00814123
0.00785658
0.00757552
0.00729817
0.00702464
0.00675503
0.00648944
0.00622797
0.0059707
0.00571774
0.00546916
0.00522506
0.0049855
0.00475057
0.00452034
0.00429489
0.0040743
0.00385863
0.00364796
0.00344236
0.00324191
0.00304666
0.00285669
0.00267208
0.00249288
0.00231919
0.00215106
0.00198857
0.0018318
0.00168082
0.00153571
0.00139654
0.0012634
0.00113638
0.00101554
0.000900989
0.000792805
0.000691081
0.000595911
0.00050739
0.000425618
0.000350695
0.000282718
0.000221776
0.000167932
0.000121226
8.15652e-05
4.78943e-05
1.90356e-05
8.7763e-07
-2.68309e-05
0.0266473
0.018725
0.0169771
0.0166254
0.0161552
0.0157428
0.0153838
0.0150403
0.0147036
0.0143713
0.014042
0.0137151
0.01339
0.0130665
0.0127444
0.0124236
0.0121042
0.0117863
0.0114699
0.0111552
0.0108425
0.0105318
0.0102233
0.0099173
0.00961387
0.00931322
0.00901548
0.00872081
0.00842934
0.00814123
0.00785658
0.00757552
0.00729817
0.00702464
0.00675503
0.00648944
0.00622797
0.0059707
0.00571774
0.00546916
0.00522506
0.0049855
0.00475057
0.00452034
0.00429489
0.0040743
0.00385863
0.00364796
0.00344236
0.00324191
0.00304666
0.00285669
0.00267208
0.00249288
0.00231919
0.00215106
0.00198857
0.0018318
0.00168082
0.00153571
0.00139654
0.0012634
0.00113638
0.00101554
0.000900989
0.000792805
0.000691081
0.000595911
0.00050739
0.000425618
0.000350695
0.000282718
0.000221776
0.000167932
0.000121226
8.15652e-05
4.78942e-05
1.90355e-05
8.77482e-07
-2.68308e-05
0.025753
0.0182186
0.0166413
0.0163078
0.0158566
0.0154722
0.0151398
0.0148198
0.0145031
0.0141873
0.0138715
0.0135556
0.0132397
0.0129241
0.012609
0.0122946
0.0119811
0.0116687
0.0113577
0.0110482
0.0107405
0.0104347
0.010131
0.00982955
0.00953059
0.00923425
0.00894069
0.00865005
0.00836247
0.00807809
0.00779704
0.00751943
0.00724539
0.00697502
0.00670844
0.00644575
0.00618705
0.00593243
0.00568199
0.00543581
0.00519398
0.00495658
0.00472371
0.00449543
0.00427183
0.00405298
0.00383897
0.00362986
0.00342573
0.00322665
0.00303271
0.00284397
0.0026605
0.00248239
0.00230971
0.00214254
0.00198094
0.00182501
0.00167482
0.00153044
0.00139197
0.00125949
0.00113307
0.00101282
0.000898807
0.000791138
0.0006899
0.000595188
0.000507096
0.000425722
0.000351159
0.000283496
0.000222809
0.000169144
0.000122521
8.28492e-05
4.91172e-05
1.99696e-05
1.66703e-06
-2.30899e-05
0.0228426
0.0162992
0.0155685
0.0155029
0.0151782
0.014893
0.0146382
0.0143783
0.0141079
0.0138276
0.0135391
0.0132447
0.0129463
0.0126456
0.0123435
0.0120411
0.0117389
0.0114373
0.0111367
0.0108373
0.0105395
0.0102433
0.00994891
0.00965658
0.00936644
0.00907863
0.00879331
0.00851063
0.00823072
0.00795372
0.00767977
0.00740899
0.00714149
0.0068774
0.00661683
0.00635988
0.00610667
0.00585729
0.00561184
0.00537043
0.00513313
0.00490004
0.00467125
0.00444685
0.00422693
0.00401156
0.00380083
0.00359483
0.00339363
0.00319731
0.00300597
0.00281968
0.00263851
0.00246257
0.00229192
0.00212665
0.00196684
0.00181258
0.00166396
0.00152106
0.00138398
0.0012528
0.00112761
0.00100851
0.000895593
0.000788956
0.000688695
0.000594907
0.000507686
0.000427126
0.000353308
0.000286302
0.000226152
0.00017285
0.000126343
8.64815e-05
5.22826e-05
2.19968e-05
2.74205e-06
-1.27204e-05
0.0197647
0.0144007
0.0139861
0.0139985
0.0138748
0.0137706
0.0136565
0.0135083
0.0133244
0.0131101
0.0128724
0.0126178
0.0123518
0.0120785
0.0118008
0.0115207
0.0112396
0.0109582
0.0106772
0.010397
0.0101178
0.00983978
0.00956322
0.00928823
0.00901496
0.00874354
0.00847414
0.00820687
0.00794189
0.00767932
0.00741931
0.00716198
0.00690745
0.00665586
0.00640731
0.00616194
0.00591984
0.00568113
0.00544591
0.0052143
0.00498639
0.00476228
0.00454208
0.00432588
0.00411378
0.00390587
0.00370225
0.00350302
0.00330825
0.00311806
0.00293252
0.00275175
0.00257582
0.00240484
0.00223889
0.00207809
0.00192251
0.00177226
0.00162744
0.00148815
0.00135448
0.00122655
0.00110445
0.000988297
0.000878186
0.000774228
0.000676527
0.000585189
0.000500309
0.000421976
0.000350258
0.000285193
0.000226767
0.000174878
0.000129311
8.97043e-05
5.5261e-05
2.41188e-05
-5.92707e-07
-9.81752e-07
0.0263602
0.0202084
0.0203975
0.0207524
0.0207099
0.0206249
0.0204927
0.0202975
0.0200487
0.0197592
0.0194407
0.0191021
0.0187499
0.0183885
0.0180208
0.0176487
0.0172735
0.0168959
0.0165164
0.0161355
0.0157533
0.0153703
0.0149867
0.0146026
0.0142184
0.0138343
0.0134505
0.0130673
0.012685
0.0123037
0.0119237
0.0115453
0.0111688
0.0107943
0.0104221
0.0100525
0.0096857
0.00932195
0.0089615
0.00860458
0.00825143
0.00790231
0.00755746
0.0072171
0.0068815
0.00655089
0.00622551
0.00590561
0.00559143
0.00528321
0.0049812
0.00468565
0.00439679
0.00411487
0.00384014
0.00357284
0.00331322
0.00306152
0.00281799
0.00258287
0.00235641
0.00213886
0.00193046
0.00173146
0.0015421
0.00136262
0.00119326
0.00103427
0.000885863
0.000748261
0.00062166
0.000506224
0.000402074
0.000309254
0.000227716
0.000157294
9.75663e-05
4.75988e-05
8.45853e-06
-1.91488e-05
0.0290779
0.0216984
0.0220724
0.0224132
0.0220464
0.0216821
0.0213539
0.0210201
0.0206755
0.0203215
0.01996
0.0195924
0.0192202
0.0188443
0.0184652
0.0180834
0.0176994
0.0173134
0.0169258
0.0165366
0.0161463
0.015755
0.015363
0.0149706
0.014578
0.0141855
0.0137933
0.0134016
0.0130108
0.0126211
0.0122327
0.0118458
0.0114608
0.0110779
0.0106973
0.0103193
0.00994411
0.00957199
0.00920319
0.00883795
0.00847653
0.00811918
0.00776614
0.00741766
0.00707399
0.00673538
0.00640208
0.00607434
0.0057524
0.00543652
0.00512695
0.00482393
0.00452771
0.00423854
0.00395668
0.00368237
0.00341585
0.00315738
0.0029072
0.00266557
0.00243271
0.00220889
0.00199435
0.00178932
0.00159406
0.00140881
0.0012338
0.00106928
0.000915471
0.000772612
0.000640918
0.000520602
0.000411857
0.000314851
0.000229733
0.000156626
9.52037e-05
4.45853e-05
7.23804e-06
-2.82122e-05
0.0323892
0.0238041
0.0233342
0.0233847
0.0227997
0.0222561
0.0218005
0.0213777
0.0209715
0.0205753
0.0201848
0.0197973
0.019411
0.0190245
0.0186371
0.0182485
0.0178583
0.0174666
0.0170734
0.0166788
0.0162832
0.0158867
0.0154896
0.0150921
0.0146946
0.0142972
0.0139002
0.0135039
0.0131085
0.0127143
0.0123216
0.0119305
0.0115414
0.0111545
0.01077
0.0103882
0.0100094
0.00963368
0.00926143
0.00889287
0.00852822
0.00816775
0.00781169
0.00746031
0.00711383
0.00677252
0.00643661
0.00610636
0.00578201
0.00546381
0.005152
0.00484684
0.00454857
0.00425744
0.00397368
0.00369756
0.0034293
0.00316916
0.00291739
0.00267421
0.00243989
0.00221465
0.00199874
0.00179241
0.00159589
0.00140941
0.00123323
0.00106758
0.000912696
0.000768816
0.000636179
0.000515027
0.000405603
0.000308149
0.000222919
0.000150153
8.95981e-05
4.05392e-05
4.73223e-06
-3.37617e-05
0.033329
0.0243096
0.0237257
0.0237755
0.0231377
0.0225299
0.0220228
0.0215609
0.0211253
0.0207075
0.0203014
0.0199025
0.0195077
0.0191149
0.0187225
0.0183297
0.0179359
0.0175408
0.0171445
0.016747
0.0163485
0.0159492
0.0155494
0.0151492
0.014749
0.014349
0.0139496
0.0135508
0.0131531
0.0127566
0.0123617
0.0119685
0.0115773
0.0111884
0.010802
0.0104183
0.0100376
0.00966024
0.00928634
0.00891617
0.00854999
0.00818804
0.00783058
0.00747784
0.00713007
0.00678752
0.00645043
0.00611905
0.00579362
0.00547439
0.00516161
0.00485552
0.00455637
0.00426439
0.00397984
0.00370295
0.00343397
0.00317314
0.00292071
0.00267692
0.002442
0.0022162
0.00199975
0.0017929
0.00159588
0.00140894
0.00123231
0.00106623
0.000910948
0.0007667
0.000633737
0.000512316
0.0004027
0.000305158
0.000219976
0.00014741
8.72089e-05
3.87599e-05
3.49084e-06
-3.60916e-05
0.033329
0.0243096
0.0237257
0.0237755
0.0231377
0.0225299
0.0220228
0.0215609
0.0211253
0.0207075
0.0203014
0.0199025
0.0195077
0.0191149
0.0187225
0.0183297
0.0179359
0.0175408
0.0171445
0.016747
0.0163485
0.0159492
0.0155494
0.0151492
0.014749
0.014349
0.0139496
0.0135508
0.0131531
0.0127566
0.0123617
0.0119685
0.0115773
0.0111884
0.010802
0.0104183
0.0100376
0.00966024
0.00928634
0.00891617
0.00854999
0.00818804
0.00783058
0.00747784
0.00713007
0.00678752
0.00645043
0.00611905
0.00579362
0.00547439
0.00516161
0.00485552
0.00455637
0.00426439
0.00397984
0.00370295
0.00343397
0.00317314
0.00292071
0.00267692
0.002442
0.0022162
0.00199975
0.0017929
0.00159588
0.00140894
0.00123231
0.00106623
0.000910948
0.0007667
0.000633737
0.000512316
0.0004027
0.000305158
0.000219976
0.00014741
8.7209e-05
3.87597e-05
3.48932e-06
-3.60922e-05
0.0323892
0.0238041
0.0233342
0.0233847
0.0227997
0.0222561
0.0218005
0.0213777
0.0209715
0.0205753
0.0201848
0.0197973
0.019411
0.0190245
0.0186371
0.0182485
0.0178583
0.0174666
0.0170734
0.0166788
0.0162832
0.0158867
0.0154896
0.0150921
0.0146946
0.0142972
0.0139002
0.0135039
0.0131085
0.0127143
0.0123216
0.0119305
0.0115414
0.0111545
0.01077
0.0103882
0.0100094
0.00963368
0.00926143
0.00889287
0.00852822
0.00816775
0.00781169
0.00746031
0.00711383
0.00677252
0.00643661
0.00610636
0.00578201
0.00546381
0.005152
0.00484684
0.00454857
0.00425744
0.00397368
0.00369756
0.0034293
0.00316916
0.00291739
0.00267421
0.00243989
0.00221465
0.00199874
0.00179241
0.00159589
0.00140941
0.00123323
0.00106758
0.000912696
0.000768816
0.000636179
0.000515027
0.000405603
0.000308149
0.000222919
0.000150153
8.95982e-05
4.05388e-05
4.73091e-06
-3.37626e-05
0.0290779
0.0216984
0.0220724
0.0224132
0.0220464
0.0216821
0.0213539
0.0210201
0.0206755
0.0203215
0.01996
0.0195924
0.0192202
0.0188443
0.0184652
0.0180834
0.0176994
0.0173134
0.0169258
0.0165366
0.0161463
0.015755
0.015363
0.0149706
0.014578
0.0141855
0.0137933
0.0134016
0.0130108
0.0126211
0.0122327
0.0118458
0.0114608
0.0110779
0.0106973
0.0103193
0.00994411
0.00957199
0.00920319
0.00883795
0.00847653
0.00811918
0.00776614
0.00741766
0.00707399
0.00673538
0.00640208
0.00607434
0.0057524
0.00543652
0.00512695
0.00482393
0.00452771
0.00423854
0.00395668
0.00368237
0.00341585
0.00315738
0.0029072
0.00266557
0.00243271
0.00220889
0.00199435
0.00178932
0.00159406
0.00140881
0.0012338
0.00106928
0.000915471
0.000772611
0.000640918
0.000520602
0.000411856
0.000314851
0.000229733
0.000156626
9.52036e-05
4.45851e-05
7.23824e-06
-2.8213e-05
0.0263602
0.0202084
0.0203975
0.0207524
0.0207099
0.0206249
0.0204927
0.0202975
0.0200487
0.0197592
0.0194407
0.0191021
0.0187499
0.0183885
0.0180208
0.0176487
0.0172735
0.0168959
0.0165164
0.0161355
0.0157533
0.0153703
0.0149867
0.0146026
0.0142184
0.0138343
0.0134505
0.0130673
0.012685
0.0123037
0.0119237
0.0115453
0.0111688
0.0107943
0.0104221
0.0100525
0.0096857
0.00932195
0.0089615
0.00860458
0.00825143
0.00790231
0.00755746
0.0072171
0.0068815
0.00655089
0.00622551
0.00590561
0.00559143
0.00528321
0.0049812
0.00468565
0.00439679
0.00411487
0.00384014
0.00357284
0.00331322
0.00306152
0.00281799
0.00258287
0.00235641
0.00213886
0.00193046
0.00173146
0.0015421
0.00136262
0.00119326
0.00103427
0.000885863
0.000748261
0.00062166
0.000506224
0.000402074
0.000309254
0.000227716
0.000157295
9.75667e-05
4.76e-05
8.45897e-06
-1.91507e-05
0.0310266
0.0258346
0.0264438
0.0270559
0.0270668
0.026897
0.0266335
0.0263004
0.0259171
0.0254993
0.0250582
0.0246013
0.0241338
0.0236586
0.0231779
0.0226931
0.0222049
0.0217141
0.0212212
0.0207265
0.0202304
0.0197333
0.0192355
0.0187373
0.0182391
0.0177411
0.0172436
0.0167471
0.0162517
0.0157578
0.0152658
0.0147758
0.0142883
0.0138035
0.0133217
0.0128433
0.0123685
0.0118976
0.011431
0.0109689
0.0105117
0.0100597
0.0096131
0.0091723
0.0087376
0.00830931
0.00788776
0.00747325
0.00706612
0.00666668
0.00627528
0.00589223
0.00551789
0.00515257
0.00479662
0.0044504
0.00411423
0.00378847
0.00347348
0.00316959
0.00287718
0.00259659
0.00232818
0.00207231
0.00182935
0.00159965
0.00138357
0.00118148
0.000993725
0.000820668
0.000662664
0.000520071
0.000393269
0.000282679
0.000188826
0.000112469
5.46638e-05
1.64926e-05
6.14566e-07
-2.70945e-06
0.0333598
0.0274204
0.0281472
0.028548
0.0281836
0.0277089
0.027226
0.0267401
0.026255
0.0257713
0.0252884
0.0248052
0.024321
0.0238348
0.0233464
0.0228555
0.0223622
0.0218667
0.0213693
0.0208701
0.0203696
0.0198681
0.019366
0.0188635
0.018361
0.0178588
0.0173573
0.0168568
0.0163575
0.0158599
0.0153641
0.0148705
0.0143795
0.0138912
0.0134061
0.0129244
0.0124463
0.0119723
0.0115026
0.0110375
0.0105773
0.0101223
0.00967287
0.00922927
0.0087918
0.0083608
0.00793658
0.00751945
0.00710974
0.00670778
0.00631388
0.00592838
0.00555162
0.00518393
0.00482564
0.00447711
0.00413867
0.00381068
0.00349348
0.00318742
0.00289286
0.00261015
0.00233965
0.00208172
0.00183671
0.00160499
0.00138691
0.00118284
0.000993141
0.000818183
0.000658348
0.000514043
0.000385717
0.000273898
0.000179253
0.000102702
4.5316e-05
7.87926e-06
-6.07155e-06
-1.70607e-06
0.0367335
0.0294768
0.0294698
0.0295541
0.0289166
0.0282149
0.0275656
0.0269638
0.0264003
0.0258649
0.0253485
0.024844
0.0243462
0.0238514
0.0233574
0.0228626
0.0223665
0.0218687
0.0213692
0.0208682
0.0203659
0.0198627
0.0193589
0.0188547
0.0183507
0.0178471
0.0173441
0.0168423
0.0163418
0.015843
0.0153462
0.0148516
0.0143597
0.0138706
0.0133848
0.0129024
0.0124238
0.0119493
0.0114792
0.0110138
0.0105533
0.0100981
0.00964857
0.00920488
0.0087674
0.00833642
0.00791228
0.00749527
0.00708572
0.00668396
0.0062903
0.00590507
0.00552861
0.00516124
0.0048033
0.00445514
0.00411709
0.0037895
0.00347271
0.00316707
0.00287294
0.00259066
0.00232059
0.00206308
0.0018185
0.0015872
0.00136955
0.0011659
0.000976644
0.000802153
0.000642841
0.000499153
0.000371595
0.000260761
0.000167394
9.24693e-05
3.70505e-05
1.89591e-06
-9.3027e-06
-1.82357e-06
0.037801
0.0300533
0.0299345
0.0299889
0.0292632
0.0284666
0.027741
0.0270826
0.0264787
0.0259154
0.0253801
0.0248632
0.0243574
0.0238574
0.0233601
0.0228632
0.0223655
0.0218666
0.0213663
0.0208645
0.0203616
0.0198577
0.0193533
0.0188486
0.018344
0.0178398
0.0173364
0.0168341
0.0163332
0.015834
0.0153368
0.0148419
0.0143497
0.0138604
0.0133743
0.0128917
0.012413
0.0119383
0.0114681
0.0110026
0.0105421
0.0100869
0.00963732
0.00919365
0.0087562
0.00832528
0.0079012
0.00748429
0.00707484
0.00667319
0.00627966
0.00589458
0.00551826
0.00515106
0.00479329
0.0044453
0.00410743
0.00378001
0.00346341
0.00315796
0.00286402
0.00258193
0.00231205
0.00205474
0.00181034
0.00157923
0.00136177
0.00115832
0.000969262
0.000795
0.000635954
0.000492591
0.000365441
0.000255122
0.000162393
8.82213e-05
3.36537e-05
-5.51822e-07
-1.08453e-05
-2.61018e-06
0.037801
0.0300533
0.0299345
0.0299889
0.0292632
0.0284666
0.027741
0.0270826
0.0264787
0.0259154
0.0253801
0.0248632
0.0243574
0.0238574
0.0233601
0.0228632
0.0223655
0.0218666
0.0213663
0.0208645
0.0203616
0.0198577
0.0193533
0.0188486
0.018344
0.0178398
0.0173364
0.0168341
0.0163332
0.015834
0.0153368
0.0148419
0.0143497
0.0138604
0.0133743
0.0128917
0.012413
0.0119383
0.0114681
0.0110026
0.0105421
0.0100869
0.00963732
0.00919365
0.0087562
0.00832528
0.0079012
0.00748429
0.00707484
0.00667319
0.00627966
0.00589458
0.00551826
0.00515106
0.00479329
0.0044453
0.00410743
0.00378001
0.00346341
0.00315796
0.00286402
0.00258193
0.00231205
0.00205474
0.00181034
0.00157923
0.00136177
0.00115832
0.000969262
0.000795
0.000635954
0.000492592
0.000365441
0.000255122
0.000162393
8.82215e-05
3.36543e-05
-5.53077e-07
-1.08488e-05
-2.5972e-06
0.0367335
0.0294768
0.0294698
0.0295541
0.0289166
0.0282149
0.0275656
0.0269638
0.0264003
0.0258649
0.0253485
0.024844
0.0243462
0.0238514
0.0233574
0.0228626
0.0223665
0.0218687
0.0213692
0.0208682
0.0203659
0.0198627
0.0193589
0.0188547
0.0183507
0.0178471
0.0173441
0.0168423
0.0163418
0.015843
0.0153462
0.0148516
0.0143597
0.0138706
0.0133848
0.0129024
0.0124238
0.0119493
0.0114792
0.0110138
0.0105533
0.0100981
0.00964857
0.00920488
0.0087674
0.00833642
0.00791228
0.00749527
0.00708572
0.00668396
0.0062903
0.00590507
0.00552861
0.00516124
0.0048033
0.00445514
0.00411709
0.0037895
0.00347271
0.00316707
0.00287294
0.00259066
0.00232059
0.00206308
0.0018185
0.0015872
0.00136955
0.0011659
0.000976644
0.000802153
0.000642841
0.000499153
0.000371595
0.000260761
0.000167394
9.24695e-05
3.70502e-05
1.89393e-06
-9.30283e-06
-1.81136e-06
0.0333598
0.0274204
0.0281472
0.028548
0.0281836
0.0277089
0.027226
0.0267401
0.026255
0.0257713
0.0252884
0.0248052
0.024321
0.0238348
0.0233464
0.0228555
0.0223622
0.0218667
0.0213693
0.0208701
0.0203696
0.0198681
0.019366
0.0188635
0.018361
0.0178588
0.0173573
0.0168568
0.0163575
0.0158599
0.0153641
0.0148705
0.0143795
0.0138912
0.0134061
0.0129244
0.0124463
0.0119723
0.0115026
0.0110375
0.0105773
0.0101223
0.00967287
0.00922927
0.0087918
0.0083608
0.00793658
0.00751945
0.00710974
0.00670778
0.00631388
0.00592838
0.00555162
0.00518393
0.00482564
0.00447711
0.00413867
0.00381068
0.00349348
0.00318742
0.00289286
0.00261015
0.00233965
0.00208172
0.00183671
0.00160499
0.00138691
0.00118284
0.000993141
0.000818183
0.000658348
0.000514043
0.000385717
0.000273898
0.000179253
0.000102702
4.53148e-05
7.87871e-06
-6.06867e-06
-1.71337e-06
0.0310266
0.0258346
0.0264438
0.0270559
0.0270668
0.026897
0.0266335
0.0263004
0.0259171
0.0254993
0.0250582
0.0246013
0.0241338
0.0236586
0.0231779
0.0226931
0.0222049
0.0217141
0.0212212
0.0207265
0.0202304
0.0197333
0.0192355
0.0187373
0.0182391
0.0177411
0.0172436
0.0167471
0.0162517
0.0157578
0.0152658
0.0147758
0.0142883
0.0138035
0.0133217
0.0128433
0.0123685
0.0118976
0.011431
0.0109689
0.0105117
0.0100597
0.0096131
0.0091723
0.0087376
0.00830931
0.00788776
0.00747325
0.00706612
0.00666668
0.00627528
0.00589223
0.00551789
0.00515257
0.00479663
0.0044504
0.00411423
0.00378847
0.00347348
0.00316959
0.00287718
0.00259659
0.00232818
0.00207231
0.00182935
0.00159965
0.00138357
0.00118148
0.000993725
0.000820668
0.000662664
0.000520071
0.000393269
0.000282679
0.000188826
0.000112469
5.46639e-05
1.64934e-05
6.14586e-07
-2.71009e-06
)
;

boundaryField
{
    left
    {
        type            zeroGradient;
    }
    right
    {
        type            pressureTraction;
        value           nonuniform List<scalar> 
64
(
2.24886e-05
2.48208e-05
2.49548e-05
2.6027e-05
2.60266e-05
2.49533e-05
2.48208e-05
2.24862e-05
-6.12798e-07
1.99995e-05
2.25552e-05
2.46138e-05
2.46146e-05
2.25565e-05
2.00003e-05
-6.14077e-07
-4.36862e-05
-1.07896e-05
-8.39934e-06
-6.45909e-06
-6.45891e-06
-8.39891e-06
-1.07892e-05
-4.36879e-05
-9.20831e-05
-6.00351e-05
-6.13053e-05
-6.06582e-05
-6.06586e-05
-6.1306e-05
-6.00355e-05
-9.20834e-05
-0.00012077
-0.000102734
-0.000108225
-0.000109237
-0.000109237
-0.000108225
-0.000102734
-0.000120769
-0.000115776
-0.000117543
-0.000124672
-0.000126582
-0.000126582
-0.000124672
-0.000117543
-0.000115776
-7.51521e-05
-9.32902e-05
-9.63008e-05
-9.69144e-05
-9.69166e-05
-9.63039e-05
-9.32882e-05
-7.5151e-05
-6.31202e-06
-1.65792e-05
-1.55141e-05
-1.62275e-05
-1.62357e-05
-1.55219e-05
-1.65692e-05
-6.30755e-06
)
;
    }
    back
    {
        type            pressureTraction;
        value           nonuniform List<scalar> 
640
(
-0.044041
-0.0259867
-0.0122941
-0.000584521
0.0102234
0.0207243
0.030489
0.0401005
-0.0365209
-0.0222075
-0.0104829
-0.000930254
0.00685877
0.0136241
0.0194967
0.0249945
-0.035277
-0.0220345
-0.0110194
-0.00158107
0.00640039
0.0134194
0.0197611
0.0256702
-0.0349344
-0.021981
-0.0113407
-0.00195717
0.00619325
0.0134397
0.0200894
0.0263393
-0.0347714
-0.0218596
-0.0114205
-0.00212845
0.00604995
0.0133907
0.0201859
0.026519
-0.0345673
-0.0217164
-0.0114069
-0.00219627
0.00596955
0.0133533
0.0202205
0.0264944
-0.034256
-0.0215283
-0.0113421
-0.00221661
0.00590865
0.0132901
0.0201685
0.0263348
-0.0338385
-0.0212914
-0.0112458
-0.00221858
0.00584152
0.0131826
0.0200281
0.0260729
-0.0333327
-0.0210108
-0.0111285
-0.00221644
0.00575759
0.0130306
0.0198158
0.0257367
-0.0327592
-0.0206942
-0.0109961
-0.00221599
0.00565483
0.0128406
0.01955
0.0253493
-0.0321365
-0.0203492
-0.0108521
-0.00221863
0.00553558
0.0126214
0.0192463
0.0249276
-0.0314794
-0.0199829
-0.0106989
-0.00222384
0.00540376
0.0123814
0.0189169
0.0244834
-0.0307996
-0.0196007
-0.0105383
-0.00223036
0.00526331
0.0121272
0.0185704
0.0240242
-0.0301053
-0.0192071
-0.0103713
-0.00223685
0.00511761
0.0118639
0.0182126
0.0235549
-0.0294029
-0.0188052
-0.0101989
-0.00224217
0.00496922
0.0115951
0.0178473
0.0230787
-0.0286964
-0.0183975
-0.0100215
-0.00224549
0.00482
0.0113231
0.0174771
0.0225974
-0.0279889
-0.0179856
-0.00983985
-0.00224625
0.0046712
0.0110495
0.0171034
0.0221126
-0.0272824
-0.0175708
-0.00965427
-0.00224413
0.00452366
0.0107755
0.0167274
0.0216248
-0.0265784
-0.0171542
-0.0094652
-0.00223896
0.00437785
0.0105016
0.0163495
0.0211348
-0.0258779
-0.0167364
-0.00927299
-0.00223073
0.00423409
0.0102283
0.0159703
0.0206431
-0.0251816
-0.016318
-0.00907797
-0.00221947
0.00409253
0.00995586
0.01559
0.0201499
-0.0244901
-0.0158996
-0.00888047
-0.00220527
0.00395327
0.00968452
0.015209
0.0196557
-0.0238036
-0.0154816
-0.00868078
-0.00218825
0.00381635
0.00941444
0.0148275
0.0191607
-0.0231227
-0.0150643
-0.00847915
-0.00216852
0.00368181
0.00914576
0.0144457
0.0186653
-0.0224475
-0.014648
-0.00827584
-0.0021462
0.00354965
0.00887864
0.0140638
0.0181698
-0.0217784
-0.0142332
-0.00807108
-0.00212141
0.00341989
0.0086132
0.0136821
0.0176744
-0.0211154
-0.01382
-0.00786511
-0.00209426
0.00329255
0.0083496
0.0133009
0.0171796
-0.020459
-0.0134088
-0.00765814
-0.00206487
0.00316763
0.00808796
0.0129203
0.0166856
-0.0198091
-0.0129997
-0.00745036
-0.00203333
0.00304516
0.00782842
0.0125406
0.0161927
-0.0191661
-0.012593
-0.00724199
-0.00199975
0.00292515
0.00757114
0.0121621
0.0157012
-0.0185301
-0.012189
-0.00703321
-0.00196424
0.00280761
0.00731622
0.0117851
0.0152115
-0.0179012
-0.0117879
-0.00682422
-0.00192689
0.00269256
0.00706382
0.0114097
0.0147238
-0.0172797
-0.0113899
-0.0066152
-0.00188781
0.00258
0.00681406
0.0110361
0.0142384
-0.0166656
-0.0109952
-0.00640633
-0.0018471
0.00246994
0.00656707
0.0106648
0.0137558
-0.0160593
-0.0106041
-0.00619781
-0.00180486
0.0023624
0.00632296
0.0102958
0.0132761
-0.0154608
-0.0102167
-0.00598982
-0.00176119
0.00225737
0.00608186
0.00992939
0.0127997
-0.0148703
-0.00983334
-0.00578253
-0.00171621
0.00215485
0.00584388
0.00956588
0.0123268
-0.014288
-0.00945411
-0.00557614
-0.00167
0.00205484
0.00560915
0.00920547
0.0118579
-0.0137141
-0.00907926
-0.00537081
-0.00162268
0.00195735
0.00537776
0.00884841
0.0113931
-0.0131487
-0.008709
-0.00516673
-0.00157435
0.00186236
0.00514983
0.00849491
0.0109329
-0.012592
-0.00834352
-0.00496408
-0.00152513
0.00176988
0.00492547
0.00814524
0.0104774
-0.0120442
-0.00798304
-0.00476304
-0.00147511
0.00167988
0.00470477
0.00779961
0.0100271
-0.0115055
-0.00762775
-0.00456378
-0.00142441
0.00159236
0.00448784
0.00745827
0.00958217
-0.010976
-0.00727785
-0.00436649
-0.00137314
0.00150731
0.00427479
0.00712145
0.009143
-0.010456
-0.00693356
-0.00417134
-0.00132139
0.00142472
0.00406571
0.0067894
0.00870989
-0.00994566
-0.00659506
-0.00397851
-0.00126929
0.00134458
0.0038607
0.00646234
0.00828315
-0.00944516
-0.00626257
-0.00378818
-0.00121694
0.00126687
0.00365987
0.00614052
0.0078631
-0.00895471
-0.00593628
-0.00360052
-0.00116445
0.00119158
0.0034633
0.00582417
0.00745007
-0.00847453
-0.00561641
-0.00341571
-0.00111193
0.00111869
0.00327109
0.00551354
0.00704437
-0.00800482
-0.00530314
-0.00323393
-0.00105948
0.0010482
0.00308335
0.00520885
0.00664634
-0.0075458
-0.00499669
-0.00305535
-0.00100721
0.000980081
0.00290017
0.00491036
0.00625631
-0.00709769
-0.00469727
-0.00288015
-0.000955239
0.000914331
0.00272164
0.00461829
0.0058746
-0.00666071
-0.00440508
-0.00270851
-0.000903661
0.000850933
0.00254787
0.0043329
0.00550155
-0.00623511
-0.00412032
-0.00254059
-0.000852586
0.000789875
0.00237896
0.00405441
0.00513751
-0.0058211
-0.00384322
-0.00237659
-0.000802119
0.000731145
0.00221499
0.00378308
0.00478282
-0.00541894
-0.00357397
-0.00221665
-0.000752364
0.000674733
0.00205608
0.00351914
0.00443781
-0.00502885
-0.00331279
-0.00206097
-0.000703424
0.000620629
0.00190232
0.00326283
0.00410283
-0.00465109
-0.00305989
-0.00190972
-0.0006554
0.000568825
0.00175381
0.00301441
0.00377824
-0.0042859
-0.00281548
-0.00176306
-0.000608394
0.000519313
0.00161066
0.0027741
0.00346439
-0.00393355
-0.00257979
-0.00162118
-0.000562504
0.000472087
0.00147297
0.00254216
0.00316163
-0.00359428
-0.00235302
-0.00148423
-0.00051783
0.000427143
0.00134084
0.00231884
0.00287031
-0.00326836
-0.0021354
-0.00135239
-0.000474467
0.000384477
0.00121438
0.00210436
0.0025908
-0.00295605
-0.00192713
-0.00122583
-0.00043251
0.000344089
0.0010937
0.00189899
0.00232345
-0.00265763
-0.00172845
-0.00110473
-0.000392053
0.000305978
0.000978909
0.00170296
0.00206863
-0.00237336
-0.00153957
-0.000989235
-0.000353187
0.000270145
0.000870114
0.00151651
0.00182669
-0.00210351
-0.00136072
-0.000879524
-0.000316003
0.000236592
0.000767424
0.0013399
0.00159801
-0.00184836
-0.0011921
-0.000775757
-0.000280588
0.000205323
0.000670948
0.00117335
0.00138293
-0.00160817
-0.00103394
-0.000678092
-0.000247028
0.000176338
0.000580792
0.00101711
0.00118182
-0.00138322
-0.000886445
-0.00058668
-0.000215404
0.000149636
0.000497052
0.000871393
0.000995034
-0.00117374
-0.000749813
-0.000501657
-0.000185792
0.000125211
0.000419813
0.000736415
0.000822921
-0.000979991
-0.000624222
-0.00042314
-0.00015826
0.000103045
0.000349135
0.000612359
0.000665823
-0.00080217
-0.000509819
-0.00035121
-0.000132861
8.31034e-05
0.000285041
0.000499368
0.000524079
-0.000640466
-0.000406706
-0.000285892
-0.000109627
6.53213e-05
0.000227487
0.000397524
0.000398033
-0.000495038
-0.000314916
-0.000227124
-8.85601e-05
4.95845e-05
0.000176328
0.000306816
0.000288057
-0.000366049
-0.000234391
-0.000174727
-6.96249e-05
3.57034e-05
0.000131265
0.0002271
0.000194618
-0.000253778
-0.000164932
-0.000128339
-5.27221e-05
2.34186e-05
9.18238e-05
0.00015808
0.000118424
-0.000158615
-0.000106197
-8.75399e-05
-3.78515e-05
1.22768e-05
5.72766e-05
9.92849e-05
6.05785e-05
-8.27368e-05
-5.88633e-05
-5.35648e-05
-2.70453e-05
-9.56119e-10
2.56258e-05
4.96949e-05
2.23569e-05
-2.41088e-05
-2.06965e-05
-2.36838e-05
-1.75205e-05
-1.11149e-05
-1.89484e-06
9.67996e-06
5.96329e-06
1.05671e-05
2.90737e-05
4.09457e-05
4.04114e-05
2.53346e-05
4.34177e-06
-1.6041e-05
-2.34691e-06
)
;
    }
    front
    {
        type            pressureTraction;
        value           nonuniform List<scalar> 
640
(
-0.044041
-0.0259867
-0.0122941
-0.000584521
0.0102234
0.0207243
0.030489
0.0401005
-0.0365209
-0.0222075
-0.0104829
-0.000930254
0.00685877
0.0136241
0.0194967
0.0249945
-0.035277
-0.0220345
-0.0110194
-0.00158107
0.00640039
0.0134194
0.0197611
0.0256702
-0.0349344
-0.021981
-0.0113407
-0.00195717
0.00619325
0.0134397
0.0200894
0.0263393
-0.0347714
-0.0218596
-0.0114205
-0.00212845
0.00604995
0.0133907
0.0201859
0.026519
-0.0345673
-0.0217164
-0.0114069
-0.00219627
0.00596955
0.0133533
0.0202205
0.0264944
-0.034256
-0.0215283
-0.0113421
-0.00221661
0.00590865
0.0132901
0.0201685
0.0263348
-0.0338385
-0.0212914
-0.0112458
-0.00221858
0.00584152
0.0131826
0.0200281
0.0260729
-0.0333327
-0.0210108
-0.0111285
-0.00221644
0.00575759
0.0130306
0.0198158
0.0257367
-0.0327592
-0.0206942
-0.0109961
-0.00221599
0.00565483
0.0128406
0.01955
0.0253493
-0.0321365
-0.0203492
-0.0108521
-0.00221863
0.00553558
0.0126214
0.0192463
0.0249276
-0.0314794
-0.0199829
-0.0106989
-0.00222384
0.00540376
0.0123814
0.0189169
0.0244834
-0.0307996
-0.0196007
-0.0105383
-0.00223036
0.00526331
0.0121272
0.0185704
0.0240242
-0.0301053
-0.0192071
-0.0103713
-0.00223685
0.00511761
0.0118639
0.0182126
0.0235549
-0.0294029
-0.0188052
-0.0101989
-0.00224217
0.00496922
0.0115951
0.0178473
0.0230787
-0.0286964
-0.0183975
-0.0100215
-0.00224549
0.00482
0.0113231
0.0174771
0.0225974
-0.0279889
-0.0179856
-0.00983985
-0.00224625
0.0046712
0.0110495
0.0171034
0.0221126
-0.0272824
-0.0175708
-0.00965427
-0.00224413
0.00452366
0.0107755
0.0167274
0.0216248
-0.0265784
-0.0171542
-0.0094652
-0.00223896
0.00437785
0.0105016
0.0163495
0.0211348
-0.0258779
-0.0167364
-0.00927299
-0.00223073
0.00423409
0.0102283
0.0159703
0.0206431
-0.0251816
-0.016318
-0.00907797
-0.00221947
0.00409253
0.00995586
0.01559
0.0201499
-0.0244901
-0.0158996
-0.00888047
-0.00220527
0.00395327
0.00968452
0.015209
0.0196557
-0.0238036
-0.0154816
-0.00868078
-0.00218825
0.00381635
0.00941444
0.0148275
0.0191607
-0.0231227
-0.0150643
-0.00847915
-0.00216852
0.00368181
0.00914576
0.0144457
0.0186653
-0.0224475
-0.014648
-0.00827584
-0.0021462
0.00354965
0.00887864
0.0140638
0.0181698
-0.0217784
-0.0142332
-0.00807108
-0.00212141
0.00341989
0.0086132
0.0136821
0.0176744
-0.0211154
-0.01382
-0.00786511
-0.00209426
0.00329255
0.0083496
0.0133009
0.0171796
-0.020459
-0.0134088
-0.00765814
-0.00206487
0.00316763
0.00808796
0.0129203
0.0166856
-0.0198091
-0.0129997
-0.00745036
-0.00203333
0.00304516
0.00782843
0.0125406
0.0161927
-0.0191661
-0.012593
-0.00724199
-0.00199975
0.00292515
0.00757114
0.0121621
0.0157012
-0.0185301
-0.012189
-0.00703321
-0.00196424
0.00280761
0.00731622
0.0117851
0.0152115
-0.0179012
-0.0117879
-0.00682422
-0.00192689
0.00269256
0.00706382
0.0114097
0.0147238
-0.0172797
-0.0113899
-0.0066152
-0.00188781
0.00258
0.00681406
0.0110361
0.0142384
-0.0166656
-0.0109952
-0.00640633
-0.0018471
0.00246994
0.00656707
0.0106648
0.0137558
-0.0160593
-0.0106041
-0.00619781
-0.00180486
0.0023624
0.00632296
0.0102958
0.0132761
-0.0154608
-0.0102167
-0.00598982
-0.00176119
0.00225736
0.00608186
0.00992939
0.0127997
-0.0148703
-0.00983334
-0.00578253
-0.00171621
0.00215485
0.00584388
0.00956588
0.0123268
-0.014288
-0.00945411
-0.00557614
-0.00167
0.00205484
0.00560915
0.00920547
0.0118579
-0.0137141
-0.00907926
-0.00537081
-0.00162268
0.00195735
0.00537776
0.00884841
0.0113931
-0.0131487
-0.008709
-0.00516673
-0.00157435
0.00186236
0.00514983
0.00849491
0.0109329
-0.012592
-0.00834352
-0.00496408
-0.00152513
0.00176988
0.00492547
0.00814524
0.0104774
-0.0120442
-0.00798304
-0.00476304
-0.00147511
0.00167988
0.00470477
0.00779961
0.0100271
-0.0115055
-0.00762775
-0.00456378
-0.00142441
0.00159236
0.00448784
0.00745827
0.00958217
-0.010976
-0.00727785
-0.00436649
-0.00137314
0.00150731
0.00427479
0.00712145
0.009143
-0.010456
-0.00693356
-0.00417134
-0.00132139
0.00142472
0.00406571
0.0067894
0.00870989
-0.00994566
-0.00659506
-0.00397851
-0.00126929
0.00134458
0.0038607
0.00646234
0.00828315
-0.00944516
-0.00626257
-0.00378818
-0.00121694
0.00126687
0.00365987
0.00614052
0.0078631
-0.00895471
-0.00593628
-0.00360052
-0.00116445
0.00119158
0.0034633
0.00582417
0.00745007
-0.00847453
-0.0056164
-0.00341571
-0.00111193
0.00111869
0.00327109
0.00551354
0.00704437
-0.00800481
-0.00530314
-0.00323393
-0.00105948
0.0010482
0.00308335
0.00520885
0.00664634
-0.00754579
-0.00499669
-0.00305535
-0.00100721
0.000980082
0.00290017
0.00491036
0.00625631
-0.00709769
-0.00469727
-0.00288015
-0.000955239
0.000914331
0.00272164
0.00461829
0.0058746
-0.00666072
-0.00440508
-0.00270851
-0.000903661
0.000850933
0.00254787
0.0043329
0.00550155
-0.00623511
-0.00412032
-0.00254059
-0.000852586
0.000789875
0.00237896
0.00405441
0.00513751
-0.0058211
-0.00384322
-0.00237659
-0.000802119
0.000731145
0.00221499
0.00378308
0.00478282
-0.00541894
-0.00357397
-0.00221665
-0.000752364
0.000674733
0.00205608
0.00351914
0.00443781
-0.00502885
-0.00331279
-0.00206097
-0.000703423
0.00062063
0.00190232
0.00326283
0.00410283
-0.00465109
-0.00305989
-0.00190972
-0.0006554
0.000568826
0.00175381
0.00301441
0.00377824
-0.0042859
-0.00281548
-0.00176306
-0.000608394
0.000519314
0.00161066
0.0027741
0.00346439
-0.00393354
-0.00257979
-0.00162118
-0.000562504
0.000472088
0.00147297
0.00254216
0.00316163
-0.00359428
-0.00235302
-0.00148423
-0.00051783
0.000427143
0.00134084
0.00231884
0.00287031
-0.00326836
-0.0021354
-0.00135239
-0.000474467
0.000384478
0.00121438
0.00210436
0.0025908
-0.00295605
-0.00192713
-0.00122583
-0.00043251
0.000344089
0.0010937
0.00189899
0.00232345
-0.00265763
-0.00172845
-0.00110473
-0.000392053
0.000305978
0.000978909
0.00170296
0.00206863
-0.00237336
-0.00153957
-0.000989235
-0.000353187
0.000270145
0.000870114
0.00151651
0.00182669
-0.00210351
-0.00136072
-0.000879524
-0.000316004
0.000236593
0.000767424
0.0013399
0.00159801
-0.00184836
-0.0011921
-0.000775758
-0.000280589
0.000205323
0.000670949
0.00117335
0.00138293
-0.00160817
-0.00103394
-0.000678093
-0.000247029
0.000176338
0.000580792
0.00101711
0.00118182
-0.00138322
-0.000886445
-0.00058668
-0.000215404
0.000149636
0.000497052
0.000871393
0.000995034
-0.00117374
-0.000749812
-0.000501657
-0.000185793
0.000125211
0.000419813
0.000736415
0.000822921
-0.000979989
-0.000624221
-0.00042314
-0.00015826
0.000103046
0.000349135
0.000612359
0.000665823
-0.000802168
-0.000509819
-0.00035121
-0.000132862
8.31038e-05
0.000285041
0.000499368
0.000524079
-0.000640463
-0.000406705
-0.000285892
-0.000109628
6.53215e-05
0.000227487
0.000397524
0.000398033
-0.000495037
-0.000314915
-0.000227124
-8.85602e-05
4.95845e-05
0.000176329
0.000306816
0.000288057
-0.000366052
-0.000234391
-0.000174727
-6.96253e-05
3.57036e-05
0.000131266
0.0002271
0.000194617
-0.000253778
-0.000164932
-0.000128339
-5.27227e-05
2.34189e-05
9.18246e-05
0.00015808
0.000118425
-0.000158614
-0.000106197
-8.75397e-05
-3.78518e-05
1.22769e-05
5.72778e-05
9.92857e-05
6.05792e-05
-8.27358e-05
-5.88639e-05
-5.35649e-05
-2.70453e-05
-1.48394e-09
2.5627e-05
4.96969e-05
2.23593e-05
-2.41086e-05
-2.0697e-05
-2.36847e-05
-1.75209e-05
-1.11152e-05
-1.89462e-06
9.68068e-06
5.96866e-06
1.05649e-05
2.90733e-05
4.09433e-05
4.04098e-05
2.5335e-05
4.34101e-06
-1.60426e-05
-2.34962e-06
)
;
    }
    top
    {
        type            pressureTraction;
        value           nonuniform List<scalar> 
640
(
0.0345572
0.0388125
0.044159
0.0465328
0.0465328
0.044159
0.0388125
0.0345572
0.0281734
0.0298648
0.0316749
0.0322092
0.0322092
0.0316749
0.0298648
0.0281734
0.0293599
0.0311041
0.0324171
0.0329108
0.0329108
0.0324171
0.0311041
0.0293599
0.0303283
0.0316833
0.0327049
0.033169
0.033169
0.0327049
0.0316833
0.0303283
0.0305582
0.0314641
0.0321878
0.0325502
0.0325502
0.0321878
0.0314641
0.0305582
0.0305367
0.0310915
0.031555
0.0318031
0.0318031
0.031555
0.0310915
0.0305367
0.0303821
0.0306811
0.0309468
0.0310994
0.0310994
0.0309468
0.0306811
0.0303821
0.0301313
0.030253
0.0303768
0.0304568
0.0304568
0.0303768
0.030253
0.0301313
0.0298138
0.0298176
0.0298432
0.0298705
0.0298705
0.0298432
0.0298176
0.0298138
0.0294526
0.029379
0.0293381
0.0293281
0.0293281
0.0293381
0.029379
0.0294526
0.0290631
0.0289386
0.028853
0.0288173
0.0288173
0.028853
0.0289386
0.0290631
0.0286551
0.028496
0.0283805
0.0283274
0.0283274
0.0283805
0.028496
0.0286551
0.0282338
0.0280501
0.0279145
0.0278496
0.0278496
0.0279145
0.0280501
0.0282338
0.0278022
0.0275998
0.0274503
0.0273777
0.0273777
0.0274503
0.0275998
0.0278022
0.0273619
0.0271443
0.0269848
0.0269068
0.0269068
0.0269848
0.0271443
0.0273619
0.0269136
0.0266828
0.0265159
0.0264342
0.0264342
0.0265159
0.0266828
0.0269136
0.0264578
0.0262149
0.0260421
0.0259577
0.0259577
0.0260421
0.0262149
0.0264578
0.0259947
0.0257406
0.0255628
0.0254764
0.0254764
0.0255628
0.0257406
0.0259947
0.0255244
0.0252598
0.0250776
0.0249897
0.0249897
0.0250776
0.0252598
0.0255244
0.0250472
0.0247727
0.0245865
0.0244973
0.0244973
0.0245865
0.0247727
0.0250472
0.0245632
0.0242793
0.0240896
0.0239992
0.0239992
0.0240896
0.0242793
0.0245632
0.0240728
0.0237801
0.0235872
0.0234958
0.0234958
0.0235872
0.0237801
0.0240728
0.0235761
0.0232752
0.0230794
0.0229871
0.0229871
0.0230794
0.0232752
0.0235761
0.0230735
0.022765
0.0225666
0.0224736
0.0224736
0.0225666
0.022765
0.0230735
0.0225653
0.0222498
0.0220491
0.0219556
0.0219556
0.0220491
0.0222498
0.0225653
0.0220518
0.0217301
0.0215274
0.0214334
0.0214334
0.0215274
0.0217301
0.0220518
0.0215334
0.0212061
0.0210018
0.0209075
0.0209075
0.0210018
0.0212061
0.0215334
0.0210104
0.0206783
0.0204727
0.0203782
0.0203782
0.0204727
0.0206783
0.0210104
0.0204834
0.0201471
0.0199405
0.0198458
0.0198458
0.0199405
0.0201471
0.0204834
0.0199526
0.0196127
0.0194055
0.019311
0.019311
0.0194055
0.0196127
0.0199526
0.0194184
0.0190758
0.0188683
0.0187739
0.0187739
0.0188683
0.0190758
0.0194184
0.0188814
0.0185366
0.0183292
0.0182351
0.0182351
0.0183292
0.0185366
0.0188814
0.0183419
0.0179957
0.0177886
0.017695
0.017695
0.0177886
0.0179957
0.0183419
0.0178004
0.0174534
0.0172471
0.0171541
0.0171541
0.0172471
0.0174534
0.0178004
0.0172574
0.0169102
0.016705
0.0166127
0.0166127
0.016705
0.0169102
0.0172574
0.0167133
0.0163666
0.0161628
0.0160713
0.0160713
0.0161628
0.0163666
0.0167133
0.0161686
0.0158231
0.0156209
0.0155305
0.0155305
0.0156209
0.0158231
0.0161686
0.0156239
0.0152801
0.0150799
0.0149905
0.0149905
0.0150799
0.0152801
0.0156239
0.0150796
0.0147382
0.0145403
0.0144521
0.0144521
0.0145403
0.0147382
0.0150796
0.0145363
0.0141978
0.0140024
0.0139155
0.0139155
0.0140024
0.0141978
0.0145363
0.0139945
0.0136594
0.0134669
0.0133814
0.0133814
0.0134669
0.0136594
0.0139945
0.0134547
0.0131236
0.0129342
0.0128502
0.0128502
0.0129342
0.0131236
0.0134547
0.0129174
0.0125909
0.0124048
0.0123224
0.0123224
0.0124048
0.0125909
0.0129174
0.0123833
0.0120618
0.0118792
0.0117985
0.0117985
0.0118792
0.0120618
0.0123833
0.0118529
0.0115368
0.011358
0.0112791
0.0112791
0.011358
0.0115368
0.0118529
0.0113267
0.0110165
0.0108416
0.0107646
0.0107646
0.0108416
0.0110165
0.0113267
0.0108053
0.0105014
0.0103307
0.0102556
0.0102556
0.0103307
0.0105014
0.0108053
0.0102893
0.00999207
0.00982571
0.00975262
0.00975262
0.00982571
0.00999207
0.0102893
0.00977922
0.00948906
0.00932719
0.00925614
0.00925614
0.00932719
0.00948906
0.00977922
0.00927571
0.00899292
0.00883566
0.00876672
0.00876672
0.00883566
0.00899292
0.00927571
0.00877931
0.00850418
0.00835167
0.00828488
0.00828488
0.00835167
0.00850418
0.00877931
0.00829061
0.00802342
0.00787576
0.00781115
0.00781115
0.00787576
0.00802342
0.00829061
0.00781018
0.00755117
0.00740846
0.00734607
0.00734607
0.00740846
0.00755117
0.00781018
0.0073386
0.00708798
0.0069503
0.00689016
0.00689016
0.0069503
0.00708798
0.00733859
0.00687644
0.00663442
0.00650183
0.00644396
0.00644396
0.00650183
0.00663442
0.00687644
0.00642429
0.00619102
0.00606358
0.006008
0.006008
0.00606358
0.00619102
0.00642429
0.00598272
0.00575834
0.00563609
0.0055828
0.0055828
0.00563609
0.00575834
0.00598272
0.00555229
0.00533692
0.00521987
0.00516889
0.00516889
0.00521987
0.00533692
0.00555229
0.00513356
0.00492729
0.00481547
0.00476679
0.00476679
0.00481547
0.00492729
0.00513356
0.0047271
0.00453
0.00442341
0.00437702
0.00437702
0.00442341
0.00453
0.0047271
0.00433347
0.00414557
0.0040442
0.0040001
0.0040001
0.0040442
0.00414557
0.00433347
0.0039532
0.00377454
0.00367837
0.00363653
0.00363653
0.00367837
0.00377454
0.0039532
0.00358686
0.00341743
0.00332642
0.00328684
0.00328684
0.00332642
0.00341743
0.00358686
0.00323496
0.00307475
0.00298887
0.00295152
0.00295152
0.00298887
0.00307475
0.00323496
0.00289804
0.00274702
0.00266622
0.00263108
0.00263108
0.00266622
0.00274702
0.00289804
0.00257661
0.00243474
0.00235896
0.00232601
0.00232601
0.00235896
0.00243474
0.00257661
0.0022712
0.0021384
0.00206759
0.00203679
0.00203679
0.00206759
0.0021384
0.0022712
0.0019823
0.00185851
0.0017926
0.00176393
0.00176393
0.0017926
0.0018585
0.0019823
0.00171039
0.00159553
0.00153447
0.00150793
0.00150793
0.00153447
0.00159553
0.00171039
0.00145595
0.00134997
0.00129372
0.00126928
0.00126928
0.00129372
0.00134997
0.00145595
0.00121945
0.00112231
0.00107085
0.00104852
0.00104852
0.00107085
0.00112231
0.00121945
0.00100131
0.000913052
0.000866407
0.00084621
0.00084621
0.000866407
0.000913052
0.00100131
0.00080198
0.00072274
0.000681008
0.000663004
0.000663004
0.000681007
0.000722739
0.00080198
0.0006219
0.000552011
0.000515381
0.000499664
0.000499665
0.000515381
0.000552011
0.000621899
0.000461559
0.000401667
0.000370458
0.000357161
0.000357161
0.000370459
0.000401666
0.000461558
0.000321519
0.000272801
0.000247504
0.000236799
0.000236798
0.000247503
0.000272802
0.00032152
0.000202422
0.000166832
0.000148118
0.000140175
0.000140174
0.000148118
0.000166834
0.000202423
0.000104964
8.53663e-05
7.4138e-05
6.9146e-05
6.91472e-05
7.41401e-05
8.53669e-05
0.000104966
2.97514e-05
2.92952e-05
2.65701e-05
2.49721e-05
2.4976e-05
2.65674e-05
2.92904e-05
2.97578e-05
-3.12715e-05
-1.47234e-05
-8.24534e-06
-6.50616e-06
-6.52027e-06
-8.26013e-06
-1.472e-05
-3.12729e-05
)
;
    }
    bottom
    {
        type            pressureTraction;
        value           nonuniform List<scalar> 
640
(
-0.0541042
-0.0530799
-0.053449
-0.0537493
-0.0537493
-0.053449
-0.0530799
-0.0541042
-0.0445384
-0.0459889
-0.0464792
-0.0466354
-0.0466354
-0.0464792
-0.0459889
-0.0445384
-0.0427174
-0.044311
-0.0450333
-0.0452669
-0.0452669
-0.0450333
-0.044311
-0.0427174
-0.0418764
-0.0432421
-0.0440099
-0.0442894
-0.0442894
-0.0440099
-0.0432421
-0.0418764
-0.0413154
-0.0423258
-0.0430023
-0.0432778
-0.0432778
-0.0430023
-0.0423258
-0.0413154
-0.04075
-0.0414729
-0.0420247
-0.0422688
-0.0422688
-0.0420247
-0.0414729
-0.04075
-0.0400999
-0.0406208
-0.0410593
-0.0412638
-0.0412638
-0.0410593
-0.0406208
-0.0400999
-0.0393635
-0.0397524
-0.0401028
-0.0402708
-0.0402708
-0.0401028
-0.0397524
-0.0393635
-0.0385573
-0.0388655
-0.0391535
-0.0392924
-0.0392924
-0.0391535
-0.0388655
-0.0385573
-0.0376999
-0.0379629
-0.0382091
-0.0383269
-0.0383269
-0.0382091
-0.0379629
-0.0376999
-0.0368078
-0.0370489
-0.0372687
-0.0373722
-0.0373722
-0.0372687
-0.0370489
-0.0368078
-0.0358943
-0.0361282
-0.0363322
-0.0364265
-0.0364265
-0.0363322
-0.0361282
-0.0358943
-0.0349693
-0.0352051
-0.0354004
-0.0354891
-0.0354891
-0.0354004
-0.0352051
-0.0349693
-0.03404
-0.0342831
-0.0344742
-0.0345597
-0.0345597
-0.0344742
-0.0342831
-0.03404
-0.0331117
-0.0333649
-0.0335546
-0.0336385
-0.0336385
-0.0335546
-0.0333649
-0.0331117
-0.0321879
-0.0324526
-0.0326426
-0.0327259
-0.0327259
-0.0326426
-0.0324526
-0.0321879
-0.0312708
-0.0315477
-0.0317388
-0.0318221
-0.0318221
-0.0317388
-0.0315477
-0.0312708
-0.0303622
-0.0306513
-0.030844
-0.0309275
-0.0309275
-0.030844
-0.0306513
-0.0303622
-0.0294631
-0.029764
-0.0299585
-0.0300424
-0.0300424
-0.0299585
-0.029764
-0.0294631
-0.0285741
-0.0288864
-0.0290827
-0.0291671
-0.0291671
-0.0290827
-0.0288864
-0.0285741
-0.027696
-0.0280189
-0.0282168
-0.0283016
-0.0283016
-0.0282168
-0.0280189
-0.027696
-0.0268289
-0.0271617
-0.0273611
-0.0274464
-0.0274464
-0.0273611
-0.0271617
-0.0268289
-0.0259731
-0.0263151
-0.0265158
-0.0266014
-0.0266014
-0.0265158
-0.0263151
-0.0259731
-0.025129
-0.0254793
-0.025681
-0.0257668
-0.0257668
-0.025681
-0.0254793
-0.025129
-0.0242966
-0.0246545
-0.0248569
-0.0249428
-0.0249428
-0.0248569
-0.0246545
-0.0242966
-0.0234763
-0.0238407
-0.0240436
-0.0241295
-0.0241295
-0.0240436
-0.0238407
-0.0234763
-0.022668
-0.0230382
-0.0232412
-0.0233271
-0.0233271
-0.0232412
-0.0230382
-0.022668
-0.0218719
-0.022247
-0.0224499
-0.0225356
-0.0225356
-0.0224499
-0.022247
-0.0218719
-0.0210882
-0.0214673
-0.0216699
-0.0217552
-0.0217552
-0.0216699
-0.0214673
-0.0210882
-0.020317
-0.0206992
-0.0209011
-0.0209861
-0.0209861
-0.0209011
-0.0206992
-0.020317
-0.0195584
-0.0199429
-0.0201438
-0.0202283
-0.0202283
-0.0201438
-0.0199429
-0.0195584
-0.0188124
-0.0191984
-0.0193981
-0.0194819
-0.0194819
-0.0193981
-0.0191984
-0.0188124
-0.0180792
-0.0184659
-0.018664
-0.0187472
-0.0187472
-0.0186641
-0.0184659
-0.0180792
-0.0173589
-0.0177454
-0.0179418
-0.0180241
-0.0180241
-0.0179418
-0.0177454
-0.0173589
-0.0166515
-0.0170371
-0.0172315
-0.0173128
-0.0173128
-0.0172315
-0.0170371
-0.0166515
-0.0159571
-0.016341
-0.0165331
-0.0166135
-0.0166135
-0.0165331
-0.016341
-0.0159571
-0.0152758
-0.0156573
-0.0158469
-0.0159261
-0.0159261
-0.0158469
-0.0156573
-0.0152758
-0.0146077
-0.0149861
-0.015173
-0.015251
-0.015251
-0.015173
-0.0149861
-0.0146077
-0.0139528
-0.0143274
-0.0145113
-0.014588
-0.014588
-0.0145113
-0.0143274
-0.0139528
-0.0133113
-0.0136814
-0.0138622
-0.0139375
-0.0139375
-0.0138622
-0.0136814
-0.0133113
-0.0126831
-0.0130482
-0.0132256
-0.0132995
-0.0132995
-0.0132256
-0.0130482
-0.0126831
-0.0120684
-0.0124278
-0.0126017
-0.012674
-0.012674
-0.0126017
-0.0124278
-0.0120684
-0.0114673
-0.0118204
-0.0119905
-0.0120613
-0.0120613
-0.0119905
-0.0118204
-0.0114673
-0.0108798
-0.0112262
-0.0113924
-0.0114615
-0.0114615
-0.0113924
-0.0112262
-0.0108798
-0.010306
-0.0106451
-0.0108072
-0.0108746
-0.0108746
-0.0108072
-0.0106451
-0.010306
-0.00974598
-0.0100774
-0.0102353
-0.0103009
-0.0103009
-0.0102353
-0.0100774
-0.00974598
-0.00919988
-0.00952308
-0.00967666
-0.00974045
-0.00974045
-0.00967666
-0.00952308
-0.00919988
-0.00866776
-0.00898238
-0.00913148
-0.00919339
-0.00919339
-0.00913148
-0.00898238
-0.00866776
-0.00814974
-0.00845539
-0.00859989
-0.00865988
-0.00865988
-0.00859989
-0.00845539
-0.00814974
-0.0076459
-0.00794225
-0.00808204
-0.00814007
-0.00814006
-0.00808204
-0.00794225
-0.0076459
-0.00715638
-0.00744309
-0.00757809
-0.00763411
-0.00763411
-0.00757809
-0.00744309
-0.00715638
-0.00668128
-0.00695808
-0.00708819
-0.00714217
-0.00714217
-0.00708819
-0.00695808
-0.00668128
-0.00622072
-0.00648737
-0.00661251
-0.00666442
-0.00666442
-0.00661251
-0.00648737
-0.00622072
-0.00577484
-0.0060311
-0.00615121
-0.00620103
-0.00620103
-0.00615121
-0.0060311
-0.00577484
-0.00534377
-0.00558946
-0.00570448
-0.00575218
-0.00575218
-0.00570448
-0.00558946
-0.00534377
-0.00492766
-0.00516261
-0.00527249
-0.00531805
-0.00531805
-0.00527249
-0.00516261
-0.00492766
-0.00452666
-0.00475073
-0.00485544
-0.00489884
-0.00489884
-0.00485543
-0.00475073
-0.00452666
-0.00414094
-0.00435401
-0.00445351
-0.00449475
-0.00449475
-0.00445351
-0.00435401
-0.00414094
-0.00377065
-0.00397265
-0.00406691
-0.00410597
-0.00410597
-0.00406691
-0.00397265
-0.00377065
-0.00341597
-0.00360683
-0.00369584
-0.00373272
-0.00373272
-0.00369584
-0.00360683
-0.00341597
-0.0030771
-0.00325677
-0.00334053
-0.00337522
-0.00337522
-0.00334053
-0.00325677
-0.00307709
-0.00275421
-0.00292269
-0.00300118
-0.00303369
-0.00303369
-0.00300118
-0.00292269
-0.00275421
-0.00244751
-0.0026048
-0.00267804
-0.00270836
-0.00270836
-0.00267804
-0.0026048
-0.00244751
-0.00215722
-0.00230333
-0.00237133
-0.00239946
-0.00239946
-0.00237133
-0.00230333
-0.00215722
-0.00188355
-0.00201851
-0.00208129
-0.00210725
-0.00210725
-0.00208129
-0.00201851
-0.00188355
-0.00162671
-0.00175059
-0.00180817
-0.00183197
-0.00183197
-0.00180817
-0.00175059
-0.00162671
-0.00138695
-0.00149982
-0.00155224
-0.00157388
-0.00157388
-0.00155224
-0.00149982
-0.00138695
-0.00116451
-0.00126644
-0.00131374
-0.00133326
-0.00133326
-0.00131374
-0.00126644
-0.00116451
-0.00095962
-0.00105073
-0.00109298
-0.00111041
-0.00111041
-0.00109298
-0.00105073
-0.00095962
-0.000772549
-0.000852963
-0.000890237
-0.000905622
-0.000905622
-0.000890237
-0.000852964
-0.000772548
-0.000603559
-0.000673435
-0.00070586
-0.000719271
-0.000719271
-0.000705861
-0.000673436
-0.000603557
-0.00045295
-0.000512496
-0.000540243
-0.000551775
-0.000551774
-0.000540244
-0.000512497
-0.000452948
-0.000321091
-0.000370579
-0.000393881
-0.000403658
-0.000403657
-0.000393882
-0.00037058
-0.000321089
-0.000208494
-0.000248285
-0.000267444
-0.000275615
-0.000275616
-0.000267445
-0.000248285
-0.000208494
-0.000115969
-0.000146524
-0.000161902
-0.00016862
-0.000168621
-0.000161901
-0.000146523
-0.000115973
-4.47925e-05
-6.66496e-05
-7.86114e-05
-8.3993e-05
-8.39932e-05
-7.86099e-05
-6.6648e-05
-4.47911e-05
2.60418e-06
-1.11108e-05
-1.99591e-05
-2.40484e-05
-2.40471e-05
-1.99582e-05
-1.11096e-05
2.60791e-06
2.3346e-05
1.64137e-05
1.02814e-05
7.49434e-06
7.49515e-06
1.02815e-05
1.64144e-05
2.33487e-05
1.2052e-05
1.09084e-05
7.80848e-06
6.65287e-06
6.65157e-06
7.8082e-06
1.09086e-05
1.20523e-05
-2.57038e-05
-2.48368e-05
-2.36997e-05
-2.24591e-05
-2.2459e-05
-2.37017e-05
-2.48379e-05
-2.57063e-05
)
;
    }
}


// ************************************************************************* //
