/*--------------------------------*- C++ -*----------------------------------*\
| =========                 |                                                 |
| \\      /  F ield         | foam-extend: Open Source CFD                    |
|  \\    /   O peration     | Version:     4.1                                |
|   \\  /    A nd           | Web:         http://www.foam-extend.org         |
|    \\/     M anipulation  |                                                 |
\*---------------------------------------------------------------------------*/
FoamFile
{
    version     2.0;
    format      ascii;
    class       volScalarField;
    location    "0.198";
    object      muEff;
}
// * * * * * * * * * * * * * * * * * * * * * * * * * * * * * * * * * * * * * //

dimensions      [1 -1 -2 0 0 0 0];

internalField   nonuniform List<scalar> 
5120
(
4439.33
4357.57
4346.59
4335.49
4326.74
4318.15
4309.11
4299.64
4289.89
4280
4271.13
4262.82
4254.49
4246.22
4238.03
4229.95
4221.99
4214.14
4206.4
4198.75
4191.18
4183.67
4176.22
4168.84
4161.53
4154.33
4147.28
4141.05
4135.97
4130.97
4125.99
4121
4115.96
4110.82
4105.52
4100.02
4094.44
4091.76
4089.62
4087.95
4086.58
4085.35
4084.12
4082.82
4081.44
4079.99
4078.52
4077.08
4075.7
4074.42
4073.26
4072.26
4071.42
4070.78
4070.35
4070.14
4070.18
4070.48
4071.08
4074.52
4075.79
4077.45
4079.52
4082.06
4085.12
4088.73
4092.96
4097.85
4103.43
4109.69
4116.54
4123.72
4130.67
4136.26
4135.3
4133.35
4115.92
4081.83
4034.84
4001.64
4458.01
4388.14
4368.54
4350.87
4337.22
4325.37
4314.09
4303.13
4292.42
4281.92
4271.64
4261.58
4251.74
4242.14
4233.83
4225.96
4218.27
4210.77
4203.46
4196.35
4189.43
4182.7
4176.17
4169.83
4163.68
4157.72
4151.96
4146.38
4140.99
4135.79
4130.78
4125.96
4121.32
4116.87
4112.6
4108.52
4104.61
4100.89
4097.34
4093.96
4090.76
4087.72
4084.85
4082.14
4079.6
4077.23
4075.02
4072.99
4071.12
4069.43
4067.93
4069.04
4067.91
4066.98
4066.26
4065.77
4065.52
4065.52
4065.79
4066.36
4067.24
4068.47
4070.09
4072.12
4074.61
4077.62
4081.17
4085.34
4090.13
4092.84
4098.78
4105.06
4111.18
4116.1
4120.76
4115.81
4099.26
4067.15
4021.91
4006.83
4448.13
4400.29
4382.44
4362.29
4345.44
4331.05
4317.94
4305.73
4294.18
4283.14
4272.51
4262.23
4252.25
4242.55
4233.12
4223.95
4216.29
4208.88
4201.67
4194.65
4187.83
4181.2
4174.77
4168.52
4162.46
4156.58
4150.9
4145.39
4140.06
4134.91
4129.94
4125.14
4120.52
4116.06
4111.78
4107.67
4103.72
4099.94
4096.33
4092.88
4089.59
4086.46
4083.5
4083.2
4080.55
4078.07
4075.76
4073.61
4071.64
4069.84
4068.22
4066.78
4065.54
4064.49
4063.65
4063.03
4062.65
4062.5
4062.62
4063.02
4063.73
4064.78
4066.18
4067.99
4070.25
4073
4076.28
4080.15
4084.65
4089.78
4092.77
4098.79
4104.71
4109.52
4114.16
4109.45
4093.44
4062.34
4019.42
4012.58
4441.3
4402.32
4387.69
4367.29
4349.28
4333.75
4319.79
4306.93
4294.94
4283.56
4272.74
4262.34
4252.28
4242.54
4233.08
4225.23
4217.72
4210.4
4203.28
4196.34
4189.59
4183.03
4176.65
4170.46
4164.45
4158.62
4152.97
4147.5
4142.2
4137.07
4132.11
4127.32
4122.7
4118.25
4113.96
4109.84
4105.87
4102.07
4098.43
4094.95
4091.63
4088.47
4085.48
4082.64
4079.96
4077.45
4075.1
4072.92
4070.9
4069.07
4067.41
4065.93
4064.64
4063.55
4062.67
4062
4061.56
4061.36
4061.42
4061.76
4062.4
4063.38
4064.71
4066.44
4068.62
4071.28
4074.49
4078.28
4082.71
4087.79
4093.48
4099.58
4105.64
4110.67
4109.89
4105.76
4093.51
4064.23
4024.02
4004.16
4441.3
4402.32
4387.69
4367.29
4349.28
4333.75
4319.79
4306.93
4294.94
4283.56
4272.74
4262.34
4252.28
4242.54
4233.08
4223.89
4215.43
4208.06
4200.88
4193.91
4187.12
4180.53
4174.13
4167.92
4161.89
4156.04
4150.38
4144.9
4139.59
4134.46
4129.5
4124.72
4120.1
4115.65
4111.37
4107.25
4103.3
4099.51
4095.88
4092.41
4089.11
4085.96
4082.97
4080.15
4077.48
4074.98
4072.65
4070.48
4068.47
4066.65
4065
4063.53
4062.25
4061.16
4060.28
4059.61
4059.17
4058.98
4059.03
4059.37
4060
4060.96
4062.28
4064
4066.15
4068.79
4071.96
4075.72
4080.11
4085.15
4090.78
4096.83
4102.83
4107.82
4112.75
4108.58
4090.82
4061.82
4026.01
4003.92
4448.13
4400.29
4382.44
4362.29
4345.44
4331.05
4317.94
4305.73
4294.18
4283.14
4272.51
4262.23
4252.25
4242.55
4233.86
4226.13
4218.59
4211.23
4204.06
4197.08
4190.3
4183.7
4177.29
4171.06
4165.02
4159.16
4153.48
4147.98
4142.66
4137.52
4132.55
4127.75
4123.12
4118.66
4114.37
4110.25
4106.3
4102.51
4098.88
4095.42
4092.12
4088.98
4086.01
4080.7
4078.07
4075.6
4073.3
4071.16
4069.2
4067.41
4065.79
4064.37
4063.13
4062.09
4061.26
4060.64
4060.25
4060.11
4060.22
4060.62
4061.32
4062.35
4063.74
4065.53
4067.76
4070.48
4073.74
4077.57
4082.03
4087.11
4095.49
4101.57
4107.54
4112.39
4111.27
4106.59
4090.72
4059.9
4017.42
4013.23
4458.01
4388.14
4368.54
4350.87
4337.22
4325.37
4314.09
4303.13
4292.42
4281.92
4271.64
4261.58
4252.09
4243.97
4236
4228.19
4220.56
4213.11
4205.85
4198.77
4191.89
4185.19
4178.68
4172.36
4166.23
4160.29
4154.53
4148.96
4143.58
4138.38
4133.37
4128.55
4123.91
4119.45
4115.18
4111.09
4107.18
4103.45
4099.89
4096.51
4093.29
4090.25
4087.36
4084.65
4082.1
4079.72
4077.5
4075.46
4073.58
4071.89
4070.37
4066.61
4065.48
4064.55
4063.84
4063.35
4063.09
4063.09
4063.35
4063.91
4064.79
4066
4067.6
4069.61
4072.08
4075.05
4078.58
4082.7
4087.45
4095.57
4101.56
4107.9
4114.07
4119.03
4117.81
4112.89
4096.47
4064.65
4019.87
4006.4
4439.33
4357.57
4346.59
4335.49
4326.74
4318.15
4309.11
4299.64
4289.89
4281.09
4272.98
4264.77
4256.53
4248.32
4240.2
4232.17
4224.25
4216.43
4208.71
4201.07
4193.5
4185.98
4178.51
4171.09
4163.74
4156.49
4149.39
4142.48
4135.97
4130.97
4125.99
4121
4115.96
4110.82
4105.52
4100.02
4096.45
4093.83
4091.77
4090.17
4088.88
4087.71
4086.53
4085.27
4083.9
4082.47
4081.01
4079.57
4078.19
4076.91
4075.76
4074.75
4073.92
4073.27
4072.84
4072.63
4072.68
4072.99
4073.59
4071.99
4073.25
4074.89
4076.95
4079.46
4082.48
4086.07
4090.26
4095.1
4100.64
4106.84
4113.63
4120.76
4127.65
4133.2
4138.37
4130.32
4113.03
4079.23
4032.72
4002.9
4230.51
4226.74
4237.23
4229.88
4221.96
4214.15
4206.25
4201.9
4200.49
4198.63
4196.43
4194
4191.43
4188.8
4186.16
4183.56
4181.03
4178.6
4176.27
4176.89
4174.88
4173
4171.26
4169.67
4168.24
4166.96
4165.83
4164.87
4164.08
4163.46
4163.02
4162.75
4162.68
4162.8
4163.12
4163.65
4164.39
4165.37
4166.57
4168.03
4169.75
4171.74
4174.01
4176.6
4179.5
4182.75
4186.37
4190.38
4194.8
4199.67
4205.02
4210.88
4217.3
4224.32
4231.99
4240.35
4249.46
4259.39
4270.19
4281.92
4294.65
4308.44
4323.34
4339.39
4356.6
4374.93
4394.3
4414.5
4435.22
4455.92
4475.78
4493.54
4502.13
4509.13
4510.38
4488.9
4435.15
4345.22
4202.39
4030.81
4243.3
4239.92
4248.57
4237.98
4227.64
4218.38
4209.43
4200.81
4196.1
4193.3
4190.43
4187.51
4184.57
4181.66
4178.8
4176.01
4173.31
4170.7
4168.21
4165.84
4163.6
4161.49
4159.52
4157.69
4156
4154.46
4153.07
4151.83
4150.75
4149.83
4149.08
4148.5
4148.09
4147.86
4147.82
4147.97
4148.32
4148.87
4152.9
4153.92
4155.18
4156.69
4158.46
4160.51
4162.86
4165.52
4168.52
4171.87
4175.61
4179.75
4184.34
4189.4
4194.97
4201.1
4207.82
4215.2
4223.28
4232.13
4241.81
4252.38
4263.92
4276.5
4290.18
4305.01
4321.04
4338.27
4356.64
4371.42
4391.44
4411.73
4431.51
4449.55
4463.95
4471.73
4473.31
4446.54
4396.31
4309.38
4173.99
4041.84
4231.6
4250.91
4258.62
4244.05
4230.85
4220.01
4210.22
4201.15
4195.71
4192.14
4188.68
4185.32
4182.07
4178.92
4175.88
4172.94
4170.12
4167.41
4164.82
4162.35
4160.01
4157.8
4155.72
4153.78
4151.97
4150.31
4148.78
4147.41
4146.18
4145.11
4144.19
4143.44
4142.86
4142.44
4142.2
4142.15
4145.44
4145.79
4146.35
4147.13
4148.13
4149.37
4150.86
4152.62
4154.65
4156.99
4159.64
4162.64
4166
4169.75
4173.92
4178.54
4183.65
4189.3
4195.51
4202.36
4209.88
4218.14
4227.21
4237.14
4248.03
4259.93
4272.93
4287.08
4302.45
4319.04
4336.83
4355.72
4370.86
4390.89
4410.57
4428.65
4443.17
4450.99
4452.25
4424.85
4373.56
4286.68
4157.48
4037.53
4235.48
4254.06
4262.96
4246.57
4231.69
4219.89
4209.64
4200.61
4196.43
4192.41
4188.59
4184.95
4181.49
4180.49
4177.41
4174.45
4171.63
4168.92
4166.34
4163.87
4161.53
4159.32
4157.23
4155.27
4153.45
4151.76
4150.21
4148.8
4147.53
4146.41
4145.44
4144.63
4143.98
4143.5
4143.19
4143.05
4143.11
4143.35
4143.8
4144.46
4145.34
4146.45
4147.81
4149.42
4151.32
4153.5
4155.99
4158.82
4162
4165.57
4169.54
4173.96
4178.86
4184.28
4190.27
4196.86
4204.13
4212.12
4220.9
4230.55
4241.13
4252.72
4265.4
4279.24
4294.29
4310.59
4328.1
4346.74
4366.27
4386.26
4405.95
4424.08
4433.75
4446.41
4442.49
4414.73
4367.54
4276.56
4150.71
4036.12
4232.96
4254.06
4262.96
4246.57
4231.69
4219.89
4209.64
4202.38
4198.29
4194.37
4190.64
4187.09
4183.71
4178.19
4175.04
4172.02
4169.13
4166.36
4163.73
4161.21
4158.83
4156.57
4154.44
4152.45
4150.59
4148.87
4147.29
4145.85
4144.55
4143.41
4142.42
4141.59
4140.92
4140.42
4140.09
4139.94
4139.98
4140.21
4140.64
4141.28
4142.14
4143.24
4144.58
4146.18
4148.05
4150.21
4152.69
4155.49
4158.65
4162.19
4166.13
4170.52
4175.39
4180.77
4186.71
4193.27
4200.49
4208.43
4217.16
4226.75
4237.27
4248.79
4261.4
4275.16
4290.13
4306.34
4323.76
4342.3
4361.74
4381.63
4401.22
4419.26
4438.63
4441.5
4437.6
4419.51
4363.03
4272.56
4147.55
4034.02
4229.21
4250.91
4258.62
4244.05
4230.85
4220.01
4210.22
4201.15
4197.56
4194.1
4190.73
4187.47
4184.3
4181.23
4178.26
4175.39
4172.63
4169.98
4167.45
4165.03
4162.74
4160.57
4158.53
4156.62
4154.85
4153.22
4151.72
4150.38
4149.18
4148.13
4147.24
4146.5
4145.94
4145.54
4145.32
4145.29
4142.29
4142.62
4143.16
4143.92
4144.9
4146.13
4147.6
4149.34
4151.36
4153.67
4156.3
4159.28
4162.61
4166.33
4170.47
4175.06
4180.14
4185.74
4191.92
4198.72
4206.2
4214.41
4223.42
4233.3
4244.12
4255.96
4268.88
4282.96
4298.24
4314.74
4332.44
4351.23
4375.44
4395.58
4415.35
4433.52
4448.09
4455.95
4447.31
4429.68
4378.13
4282.62
4154.27
4035.42
4241.09
4239.92
4248.57
4237.98
4227.64
4218.38
4209.43
4200.81
4197.95
4195.27
4192.5
4189.68
4186.84
4184.01
4181.22
4178.5
4175.86
4173.32
4170.88
4168.57
4166.37
4164.31
4162.38
4160.58
4158.93
4157.42
4156.06
4154.85
4153.8
4152.91
4152.18
4151.62
4151.23
4151.02
4150.99
4151.16
4151.53
4152.11
4149.65
4150.65
4151.89
4153.38
4155.13
4157.16
4159.49
4162.13
4165.1
4168.43
4172.14
4176.25
4180.81
4185.83
4191.37
4197.46
4204.14
4211.48
4219.51
4228.31
4237.93
4248.44
4259.91
4272.42
4286.02
4300.78
4316.72
4333.86
4352.14
4376.02
4396.14
4416.52
4436.39
4454.52
4468.98
4476.79
4468.27
4451.47
4400.99
4305.19
4170.66
4039.67
4231.3
4226.74
4237.23
4229.88
4221.96
4214.15
4206.25
4203.66
4202.4
4200.66
4198.58
4196.25
4193.77
4191.23
4188.67
4186.14
4183.68
4181.31
4179.04
4174.07
4172.01
4170.09
4168.31
4166.68
4165.21
4163.89
4162.73
4161.75
4160.93
4160.28
4159.81
4159.52
4159.43
4159.52
4159.82
4160.33
4161.06
4162.01
4163.2
4164.63
4166.33
4168.3
4170.55
4173.11
4176
4179.22
4182.81
4186.79
4191.18
4196.02
4201.33
4207.16
4213.54
4220.52
4228.14
4236.45
4245.51
4255.38
4266.12
4277.79
4290.45
4304.17
4318.99
4334.96
4352.08
4370.32
4389.6
4409.71
4430.33
4450.94
4470.71
4488.39
4507.33
4514.36
4505.17
4483.79
4440.03
4349.63
4205.95
4033.07
4111.8
4117.98
4128.62
4136.5
4145.96
4155.8
4165.19
4173.76
4184.01
4190.86
4196.92
4202.34
4207.28
4211.9
4216.3
4220.6
4224.85
4229.12
4233.45
4237.87
4242.4
4247.07
4251.89
4256.87
4262.02
4267.36
4272.88
4278.61
4284.55
4290.71
4297.11
4303.75
4310.65
4317.82
4325.27
4333.01
4341.07
4349.45
4358.18
4367.25
4376.71
4386.55
4396.8
4407.47
4418.58
4430.15
4442.2
4454.74
4467.78
4481.34
4495.43
4510.06
4525.24
4540.96
4557.22
4574
4585.63
4603.33
4621.46
4639.96
4658.76
4677.75
4696.83
4715.84
4734.59
4752.86
4770.39
4786.84
4801.81
4814.8
4831.66
4838.55
4840.74
4836.46
4816.43
4795.15
4743.98
4648.29
4452.22
4069.24
4175.56
4176.24
4161.77
4155.52
4156.05
4159.17
4163.27
4167.74
4172.24
4176.61
4180.78
4184.77
4188.6
4192.32
4195.97
4202.81
4206.53
4210.29
4214.13
4218.05
4222.09
4226.25
4230.54
4234.99
4239.59
4244.36
4249.31
4254.45
4259.78
4265.32
4271.09
4277.08
4283.32
4289.81
4296.57
4303.62
4310.96
4318.62
4326.61
4334.95
4343.66
4352.75
4362.24
4372.16
4382.52
4393.35
4404.67
4416.49
4428.84
4441.74
4455.2
4469.25
4483.89
4499.14
4515
4531.47
4548.54
4566.2
4584.41
4603.13
4622.29
4635.98
4655.68
4681.46
4701.26
4720.75
4739.65
4757.6
4774.15
4788.76
4800.67
4808.9
4812.04
4807.94
4786.8
4761.62
4702.36
4593.22
4393.31
4100.08
4164.19
4219.53
4195.36
4179.69
4172.65
4169.59
4168.79
4169.46
4171.06
4173.23
4175.76
4178.52
4181.43
4184.44
4187.53
4190.69
4193.94
4200.53
4204.03
4207.62
4211.33
4215.16
4219.12
4223.22
4227.48
4231.89
4236.47
4241.24
4246.19
4251.34
4256.7
4262.28
4268.1
4274.17
4280.5
4287.1
4293.99
4301.2
4308.72
4316.59
4324.82
4333.43
4342.44
4351.87
4361.74
4372.08
4382.91
4394.26
4406.14
4418.57
4431.59
4445.21
4459.45
4474.33
4489.86
4506.05
4522.89
4540.38
4558.49
4577.19
4596.42
4616.12
4636.16
4656.43
4676.73
4696.84
4710.38
4735.26
4752.71
4768.24
4781.04
4790.01
4793.59
4789.38
4767.28
4739.6
4676.09
4561.56
4363.15
4095.06
4165.19
4238.67
4213.08
4194.57
4184.26
4177.92
4174.22
4172.55
4172.32
4173.11
4174.62
4179.39
4181.81
4184.46
4187.29
4190.26
4193.36
4196.56
4199.87
4203.3
4206.84
4210.5
4214.3
4218.24
4222.32
4226.56
4230.97
4235.55
4240.31
4245.27
4250.43
4255.82
4261.43
4267.29
4273.4
4279.78
4286.46
4293.43
4300.73
4308.36
4316.35
4324.72
4333.49
4342.68
4352.31
4362.4
4372.99
4384.08
4395.72
4407.92
4420.71
4434.11
4448.14
4462.82
4478.17
4494.19
4510.9
4528.27
4546.3
4564.96
4584.2
4603.94
4624.08
4644.5
4665.01
4685.39
4705.34
4718.37
4736.17
4752.06
4765.21
4774.46
4784.48
4773.85
4763.76
4728.67
4663.49
4547.65
4352.94
4097.07
4167.58
4241.57
4215.65
4196.99
4186.65
4180.31
4176.65
4175.03
4174.87
4175.74
4177.32
4176.61
4178.94
4181.52
4184.27
4187.17
4190.19
4193.33
4196.58
4199.94
4203.42
4207.03
4210.77
4214.65
4218.68
4222.87
4227.22
4231.75
4236.47
4241.38
4246.5
4251.84
4257.41
4263.22
4269.29
4275.63
4282.25
4289.18
4296.43
4304.02
4311.97
4320.29
4329.01
4338.15
4347.73
4357.77
4368.3
4379.35
4390.93
4403.07
4415.8
4429.14
4443.11
4457.72
4473
4488.96
4505.59
4522.89
4540.85
4559.44
4578.6
4598.26
4618.33
4638.67
4659.1
4679.41
4699.29
4724.49
4742.35
4758.3
4771.49
4780.76
4778.17
4780.14
4757.53
4722.58
4657.65
4542.29
4348.51
4094.35
4166.53
4222.21
4197.73
4181.95
4174.92
4171.9
4171.16
4171.91
4173.59
4175.86
4178.48
4181.33
4184.32
4187.41
4190.58
4193.82
4197.14
4197.27
4200.69
4204.22
4207.87
4211.64
4215.54
4219.59
4223.79
4228.15
4232.69
4237.4
4242.3
4247.41
4252.72
4258.26
4264.03
4270.05
4276.33
4282.89
4289.74
4296.9
4304.38
4312.2
4320.38
4328.94
4337.9
4347.29
4357.11
4367.4
4378.17
4389.46
4401.28
4413.66
4426.62
4440.18
4454.36
4469.18
4484.64
4500.76
4517.53
4534.94
4552.98
4571.61
4590.77
4610.39
4630.36
4650.55
4670.78
4690.82
4716.48
4729.09
4746.49
4761.97
4774.73
4783.67
4787.24
4783.05
4773.55
4733.46
4670.2
4556.14
4358.67
4092.32
4173.26
4174.13
4163.7
4157.47
4158.11
4161.34
4165.56
4170.16
4174.79
4179.27
4183.55
4187.64
4191.56
4195.37
4199.1
4199.6
4203.25
4206.94
4210.71
4214.57
4218.54
4222.64
4226.88
4231.27
4235.81
4240.53
4245.43
4250.51
4255.8
4261.29
4267.01
4272.95
4279.14
4285.59
4292.3
4299.3
4306.6
4314.21
4322.16
4330.45
4339.11
4348.15
4357.59
4367.46
4377.77
4388.55
4399.81
4411.58
4423.87
4436.71
4450.12
4464.1
4478.68
4493.86
4509.65
4526.06
4543.06
4560.65
4578.79
4597.44
4616.53
4641.82
4661.59
4675.48
4695.21
4714.63
4733.46
4751.35
4767.85
4782.41
4794.28
4802.49
4805.62
4801.54
4793.14
4755.4
4696.37
4587.66
4388.66
4097.26
4111.8
4116.87
4130
4138.12
4147.82
4157.89
4167.47
4176.22
4181.39
4188.11
4194.04
4199.35
4204.19
4208.72
4213.04
4217.25
4221.42
4225.62
4229.88
4234.23
4238.7
4243.31
4248.07
4252.99
4258.08
4263.36
4268.83
4274.51
4280.4
4286.51
4292.86
4299.45
4306.3
4313.42
4320.82
4328.52
4336.53
4344.86
4353.54
4362.57
4371.97
4381.76
4391.96
4402.58
4413.64
4425.15
4437.15
4449.63
4462.61
4476.12
4490.15
4504.72
4519.83
4535.49
4551.68
4568.4
4591.3
4609.06
4627.26
4645.83
4664.7
4683.76
4702.91
4721.98
4740.79
4759.13
4776.72
4793.22
4808.24
4821.27
4825.16
4832.03
4834.22
4829.96
4822.88
4788.8
4737.83
4642.51
4457.17
4071.44
4105.08
4102.04
4236.29
4302.86
4353.43
4396.03
4438.72
4472.8
4502.72
4528.76
4551.45
4565.92
4583.66
4599.8
4614.77
4628.89
4642.39
4655.44
4668.15
4680.61
4692.85
4704.91
4716.8
4728.53
4740.1
4751.52
4762.77
4773.86
4784.78
4795.52
4806.09
4816.48
4826.67
4836.68
4846.49
4856.09
4865.49
4874.68
4883.65
4892.39
4900.91
4909.19
4917.23
4925.03
4932.58
4939.87
4946.9
4953.67
4960.16
4966.37
4972.31
4977.96
4983.31
4988.37
4993.14
4997.6
5001.76
5005.62
5009.16
5012.4
5015.33
5017.94
5020.25
5022.23
5023.89
5025.22
5026.2
5026.79
5026.94
5026.56
5025.46
5023.36
5019.72
5020.67
5010.18
4991.78
4957.84
4888.33
4715.13
4276.72
4051.41
4362.36
4385.13
4396.12
4412.54
4428.63
4446.2
4465.1
4484.22
4507.94
4525.69
4542.41
4558.16
4573.07
4587.3
4600.98
4614.25
4627.18
4639.86
4652.33
4664.63
4676.78
4688.8
4700.68
4712.43
4724.06
4735.56
4746.94
4758.17
4769.27
4780.23
4791.05
4801.71
4812.22
4822.56
4832.74
4836.05
4845.85
4855.46
4864.88
4874.1
4883.12
4891.93
4900.52
4908.88
4917.01
4924.89
4932.52
4939.89
4946.99
4953.82
4960.36
4973.68
4972.57
4978.22
4983.55
4988.56
4993.24
4997.59
5001.6
5005.26
5008.57
5011.51
5014.09
5016.27
5018.06
5019.4
5020.27
5020.58
5020.2
5018.93
5016.4
5011.95
5011.48
4998.54
4975.71
4933.28
4846.65
4632.31
4581.79
4141.24
4596.47
4552.21
4509.79
4487.89
4476.78
4474.58
4479.09
4487.83
4504.16
4516.73
4529.88
4543.19
4556.46
4569.57
4582.49
4595.23
4607.78
4620.18
4632.44
4644.58
4656.59
4668.5
4680.31
4692.01
4703.61
4715.11
4726.5
4737.78
4748.95
4760.01
4770.95
4781.77
4792.46
4803.01
4813.43
4823.7
4833.82
4843.79
4853.59
4856.46
4865.88
4875.11
4884.14
4892.96
4901.57
4909.95
4918.1
4926
4933.65
4941.04
4948.15
4954.97
4968.53
4967.71
4973.61
4979.19
4984.43
4989.32
4993.86
4998.03
5001.82
5005.22
5008.22
5010.79
5012.92
5014.56
5015.66
5016.13
5015.82
5014.49
5011.73
5006.81
5005.42
4990.87
4965.17
4917.62
4822.25
4601.77
4414.59
4245.09
4696.98
4634.36
4574.39
4535.29
4509.64
4501.03
4496.86
4499.25
4505.9
4515.19
4526.05
4537.77
4549.94
4562.29
4574.68
4587.03
4593.63
4611.51
4623.6
4635.61
4647.51
4659.33
4671.05
4682.69
4694.23
4705.68
4717.05
4728.31
4739.48
4750.55
4761.51
4772.37
4783.11
4793.73
4804.23
4814.6
4824.83
4834.91
4844.85
4854.63
4864.24
4866.9
4876.12
4885.15
4893.97
4902.58
4910.96
4919.11
4927.01
4934.66
4942.03
4949.12
4955.92
4962.42
4968.6
4974.45
4979.96
4985.12
4989.92
4994.34
4998.38
5002.01
5005.23
5008.01
5010.32
5012.12
5013.35
5013.92
5013.67
5012.34
5009.5
5004.36
5002.55
4987.27
4960.28
4910.72
4813.16
4604.41
4144.2
4248.53
4702.84
4639.98
4579.76
4540.5
4514.76
4495.96
4491.79
4494.15
4500.75
4509.98
4520.77
4532.42
4544.52
4556.8
4569.12
4581.42
4599.32
4605.76
4617.8
4629.74
4641.59
4653.35
4665.03
4676.61
4688.1
4699.51
4710.83
4722.05
4733.17
4744.2
4755.12
4765.93
4776.64
4787.22
4797.68
4808.01
4818.21
4828.27
4838.17
4847.92
4857.5
4873.67
4882.92
4891.97
4900.82
4909.45
4917.86
4926.03
4933.95
4941.62
4949.01
4956.12
4962.94
4969.45
4975.64
4981.51
4987.03
4992.2
4997.01
5001.44
5005.49
5009.13
5012.35
5015.13
5017.44
5019.24
5020.47
5021.04
5020.78
5019.44
5016.59
5011.43
4995.52
4980.28
4953.39
4903.99
4806.77
4598.81
4147.62
4138.52
4601.94
4557.49
4514.88
4492.89
4481.74
4479.55
4484.1
4492.9
4499.02
4511.51
4524.58
4537.82
4551.01
4564.05
4576.9
4589.57
4602.06
4614.4
4626.6
4638.67
4650.63
4662.49
4674.24
4685.89
4697.44
4708.89
4720.24
4731.47
4742.6
4753.62
4764.52
4775.3
4785.95
4796.47
4806.85
4817.08
4827.17
4837.1
4846.87
4863.21
4872.65
4881.91
4890.97
4899.81
4908.45
4916.85
4925.03
4932.95
4940.62
4948.02
4955.15
4961.99
4961.49
4974.76
4980.68
4986.27
4991.52
4996.42
5000.96
5005.14
5008.94
5012.34
5015.35
5017.92
5020.05
5021.69
5022.79
5023.25
5022.94
5021.6
5018.83
5013.88
4998.37
4983.88
4958.25
4910.87
4815.82
4607.39
4410.46
4051.41
4357.92
4389.62
4400.64
4417.15
4433.33
4451.02
4470.04
4489.27
4502.78
4520.43
4537.05
4552.71
4567.54
4581.69
4595.31
4608.5
4621.37
4633.99
4646.4
4658.64
4670.73
4682.69
4694.52
4706.23
4717.81
4729.26
4740.59
4751.78
4762.84
4773.76
4784.53
4795.15
4805.62
4815.93
4826.08
4842.75
4852.57
4862.22
4871.67
4880.92
4889.97
4898.8
4907.41
4915.8
4923.94
4931.85
4939.5
4946.89
4954.01
4960.85
4967.41
4966.62
4979.65
4985.31
4990.65
4995.67
5000.36
5004.72
5008.73
5012.4
5015.71
5018.66
5021.23
5023.42
5025.2
5026.55
5027.41
5027.72
5027.34
5026.06
5023.51
5019.04
5004.41
4991.52
4968.76
4926.47
4840.13
4638.07
4577.02
4105.08
4099.71
4239.73
4306.74
4357.65
4400.52
4434
4467.87
4497.62
4523.51
4546.07
4571.41
4589.24
4605.47
4620.52
4634.71
4648.28
4661.4
4674.17
4686.69
4698.99
4711.1
4723.05
4734.83
4746.45
4757.91
4769.21
4780.34
4791.3
4802.09
4812.7
4823.12
4833.35
4843.39
4853.23
4862.87
4872.3
4881.51
4890.51
4899.28
4907.83
4916.13
4924.2
4932.02
4939.59
4946.9
4953.95
4960.73
4967.23
4973.46
4979.41
4985.07
4990.44
4995.51
5000.28
5004.76
5008.92
5012.78
5016.33
5019.58
5022.51
5025.12
5027.42
5029.41
5031.07
5032.4
5033.37
5033.96
5034.11
5033.71
5032.61
5030.49
5026.83
5013.57
5003.12
4984.78
4950.95
4881.67
4709.1
4272.72
4096.3
3980.96
4093.24
4193.38
4269.28
4318.29
4345.37
4338.03
4396.15
4399.56
4401.9
4404.49
4407.25
4410.26
4413.57
4417.2
4421.14
4425.36
4429.85
4439.58
4444.59
4449.83
4455.32
4461.04
4467.02
4473.25
4479.73
4486.48
4493.49
4500.78
4508.34
4516.17
4524.29
4532.68
4541.36
4550.31
4559.54
4569.05
4578.83
4588.88
4599.2
4609.77
4620.6
4631.68
4643
4654.55
4666.32
4678.3
4690.49
4702.86
4715.41
4728.12
4740.98
4753.98
4767.1
4780.32
4793.63
4807.01
4820.44
4833.92
4847.42
4860.93
4874.43
4887.92
4901.38
4914.81
4928.2
4941.55
4954.87
4968.19
4981.5
4994.84
5008.17
5021.32
5033.71
5043.47
5044.95
5020.77
4905.01
4384.39
4132.57
4114.96
4033.07
4109.31
4191.29
4259.76
4306.24
4334
4349.24
4355.01
4347.09
4214.65
4222.61
4318.72
4345.95
4359
4367.68
4374.69
4381.01
4387.06
4393.06
4399.13
4405.32
4411.69
4418.26
4425.06
4432.1
4439.4
4446.96
4454.8
4462.93
4476.45
4485.2
4494.23
4503.57
4513.21
4523.15
4533.39
4543.93
4554.76
4565.89
4577.31
4589.01
4600.98
4613.23
4625.74
4638.51
4651.52
4664.75
4678.21
4691.88
4705.73
4719.76
4733.96
4748.29
4762.76
4777.33
4791.98
4806.71
4821.49
4836.31
4851.13
4865.95
4880.75
4895.5
4910.21
4924.84
4939.4
4953.87
4968.24
4975.57
4989.6
5003.32
5016.38
5027.87
5035.25
5031.4
4993.74
4823.51
4124.1
4129.75
4329.69
4241.95
4122.11
4114.75
4243.89
4303.23
4322.75
4328.08
4328.79
4332.13
4329.01
4319.42
4278.74
4075.89
4257.67
4315.86
4335.22
4345.88
4353.85
4360.87
4367.57
4374.21
4380.95
4387.84
4394.95
4402.3
4409.9
4417.78
4425.95
4434.41
4443.17
4452.25
4466.68
4476.42
4486.48
4496.87
4507.57
4518.6
4529.95
4541.61
4553.58
4565.87
4578.46
4591.34
4604.52
4617.97
4631.69
4645.67
4659.9
4674.36
4689.03
4703.91
4718.97
4734.19
4749.56
4765.06
4780.67
4796.36
4812.12
4827.92
4843.74
4859.56
4875.35
4891.11
4906.8
4922.42
4937.93
4953.32
4968.57
4983.62
4998.38
5005.65
5018.95
5030.21
5036.52
5029.81
4985.07
4805.72
4282.98
4095.5
4467.62
4414.5
4352.83
4161.56
4294.36
4330.26
4326.85
4321.4
4317.5
4319.75
4319.11
4319.42
4319.6
4314.06
4153.97
4307.44
4327.94
4335.65
4341.81
4347.76
4353.81
4360.06
4366.55
4377.95
4385.02
4392.38
4400.04
4408
4416.28
4424.88
4433.79
4443.04
4452.61
4462.52
4472.76
4483.33
4494.24
4505.49
4517.07
4528.99
4541.23
4553.79
4566.68
4579.87
4593.38
4607.17
4621.25
4635.61
4650.22
4665.09
4680.18
4695.5
4711.01
4726.7
4742.55
4758.54
4774.65
4790.85
4807.13
4823.46
4839.82
4856.19
4872.53
4888.84
4905.09
4921.26
4937.32
4953.25
4969.01
4984.56
4999.79
5014.48
5028.15
5039.63
5045.89
5038.74
4994.02
4827.03
4362.47
4097.91
4462.63
4409.68
4348.26
4165.3
4298.69
4334.73
4331.29
4325.81
4321.88
4315.39
4314.75
4315.06
4315.24
4309.72
4150.38
4311.77
4332.37
4340.11
4346.3
4352.28
4358.36
4364.63
4371.16
4373.31
4380.35
4387.67
4395.3
4403.23
4411.47
4420.02
4428.9
4438.1
4447.64
4457.5
4467.7
4478.23
4489.09
4500.29
4511.83
4523.69
4535.89
4548.4
4561.23
4574.38
4587.83
4601.57
4615.6
4629.9
4644.46
4659.27
4674.31
4689.56
4705.02
4720.65
4736.45
4752.38
4768.43
4784.58
4800.8
4817.08
4833.38
4849.69
4865.98
4882.23
4898.43
4914.54
4930.55
4946.43
4962.14
4977.64
4992.81
5007.46
5021.08
5032.52
5038.75
5031.61
4987.03
4833.49
4357.97
4129.75
4334.07
4245.99
4125.59
4118.26
4247.99
4307.58
4327.17
4332.53
4333.23
4327.69
4324.59
4315.04
4274.54
4072.68
4261.8
4320.25
4339.7
4350.4
4358.41
4365.47
4372.19
4378.87
4385.64
4392.57
4399.7
4407.08
4414.72
4422.64
4430.84
4439.34
4448.14
4457.25
4461.63
4471.33
4481.35
4491.69
4502.36
4513.34
4524.64
4536.25
4548.18
4560.42
4572.96
4585.79
4598.92
4612.32
4625.99
4639.92
4654.09
4668.49
4683.11
4697.94
4712.94
4728.11
4743.43
4758.87
4774.43
4790.06
4805.77
4821.51
4837.28
4853.04
4868.79
4884.49
4900.13
4915.69
4931.16
4946.5
4961.69
4976.69
4991.41
5012.67
5026.02
5037.32
5043.65
5036.93
4992.06
4812.14
4278.61
4132.57
4114.96
4033.07
4112.67
4195.09
4263.9
4310.59
4338.49
4353.79
4359.59
4342.56
4210.69
4226.63
4323.16
4350.51
4363.61
4372.33
4379.37
4385.72
4391.81
4397.84
4403.93
4410.15
4416.54
4423.14
4429.97
4437.04
4444.37
4451.97
4459.85
4468.01
4471.34
4480.05
4489.05
4498.35
4507.95
4517.85
4528.05
4538.54
4549.33
4560.42
4571.79
4583.45
4595.38
4607.58
4620.05
4632.76
4645.72
4658.91
4672.32
4685.93
4699.74
4713.72
4727.87
4742.15
4756.56
4771.08
4785.69
4800.37
4815.1
4829.86
4844.64
4859.41
4874.16
4888.86
4903.52
4918.11
4932.62
4947.04
4961.37
4982.49
4996.57
5010.33
5023.44
5034.96
5042.37
5038.52
5000.75
4829.99
4120
4099.18
3980.96
4096.05
4196.98
4273.37
4322.67
4349.91
4342.56
4400.94
4404.37
4406.72
4409.33
4412.1
4415.13
4418.46
4422.11
4426.07
4430.31
4434.82
4434.59
4439.58
4444.8
4450.26
4455.96
4461.91
4468.11
4474.57
4481.29
4488.27
4495.53
4503.06
4510.86
4518.95
4527.31
4535.95
4544.87
4554.07
4563.54
4573.28
4583.29
4593.57
4604.11
4614.9
4625.93
4637.21
4648.72
4660.44
4672.38
4684.53
4696.86
4709.36
4722.03
4734.85
4747.8
4760.87
4774.05
4787.31
4800.65
4814.04
4827.47
4840.93
4854.39
4867.85
4881.3
4894.71
4908.1
4921.44
4934.75
4948.04
4961.31
4974.58
4987.87
5001.16
5014.27
5026.62
5036.34
5037.81
5013.7
4898.31
4379.57
3968.55
3930.82
3919.25
3922.07
3933.59
3942.14
3947.91
3953.38
3955.78
3957.4
3958.62
3957.81
3958.78
3959.76
3960.76
3961.8
3962.87
3963.94
3964.97
3965.86
3966.33
3965.64
3961.4
3956.6
3970.35
3976.42
3980
3982.84
3985.49
3988.15
3990.9
3993.79
3996.85
4000.11
4003.6
4007.32
4011.32
4015.61
4020.21
4025.17
4030.5
4036.25
4042.44
4049.12
4053.87
4061.6
4069.95
4078.98
4088.74
4099.31
4110.74
4123.13
4136.53
4151.05
4166.77
4183.79
4202.22
4222.14
4243.69
4270.81
4292.03
4319.04
4348.07
4383.63
4417.04
4452.61
4490.33
4530.13
4571.93
4615.58
4660.93
4707.86
4756.42
4806.91
4860.15
4917.39
4978.59
5033.62
5012.7
4581.68
4089.43
3957.04
3921.46
3922.14
3932.57
3937.85
3940.69
3942.4
3945.27
3946.24
3945.44
3946.35
3947.29
3948.27
3949.31
3950.4
3951.53
3952.7
3953.9
3955.14
3956.4
3957.68
3958.96
3960.2
3961.33
3962.22
3962.57
3961.9
3959.89
3965.21
3972.56
3977.21
3981.03
3984.51
3987.93
3991.42
3995.07
3998.94
4003.06
4007.48
4012.23
4017.34
4022.86
4028.82
4035.27
4042.26
4049.83
4058.05
4066.97
4076.66
4087.21
4098.68
4111.18
4124.78
4139.61
4155.76
4173.37
4192.55
4213.45
4236.2
4260.96
4287.85
4312.93
4344.34
4378.27
4414.8
4453.98
4495.81
4540.23
4587.13
4636.33
4687.63
4740.84
4795.88
4852.82
4911.59
4969.97
5012.5
4922.15
4563.23
4040.71
4004.42
3944.74
3925.35
3938.38
3940.16
3939.86
3939.51
3941.08
3939.67
3940.15
3940.84
3941.67
3942.6
3943.62
3944.7
3945.83
3947
3948.22
3949.48
3950.78
3952.12
3953.5
3954.92
3956.37
3957.84
3959.31
3960.72
3961.92
3962.65
3962.42
3964.24
3970.7
3975.16
3978.93
3982.43
3985.91
3989.52
3993.34
3997.4
4001.76
4006.46
4011.52
4017.01
4022.95
4029.4
4036.41
4044.03
4052.33
4061.37
4071.24
4082.02
4093.8
4106.67
4120.76
4136.19
4153.08
4171.57
4191.83
4214.01
4238.29
4264.84
4289.87
4321.3
4355.5
4392.61
4432.72
4475.9
4522.12
4571.29
4623.24
4677.68
4734.31
4792.82
4852.98
4914.34
4974.22
5015.14
4899.72
4643.19
4040.41
4027.17
3973.37
3925.36
3947.06
3943.57
3940.71
3939
3939.79
3937.95
3938.19
3938.74
3939.49
3940.38
3941.38
3942.45
3943.57
3944.75
3945.97
3947.23
3948.54
3949.89
3951.29
3952.74
3954.26
3955.83
3957.47
3959.18
3960.95
3962.75
3964.4
3965.03
3966.65
3972.68
3976.12
3979.19
3982.34
3985.68
3989.24
3993.08
3997.21
4001.67
4006.51
4011.75
4017.43
4023.61
4030.34
4037.67
4045.66
4054.38
4063.92
4074.35
4083.17
4095.59
4109.2
4124.14
4140.55
4158.56
4178.35
4200.09
4223.95
4250.14
4282.73
4310.25
4348.81
4386.38
4427.15
4471.21
4518.57
4569.16
4622.8
4679.19
4737.99
4798.82
4861.44
4918.84
4982.15
5030.88
4977.38
4654.46
4038.29
4024.92
3971.49
3926.78
3948.81
3945.3
3942.41
3940.66
3938.16
3939.56
3939.79
3940.32
3941.06
3941.94
3942.93
3944
3945.12
3946.3
3947.51
3948.78
3950.08
3951.43
3952.84
3954.29
3955.81
3957.39
3959.03
3960.75
3962.52
3964.31
3965.95
3966.47
3965.41
3971.13
3974.49
3977.52
3980.64
3983.94
3987.48
3991.27
3995.37
3999.8
4004.59
4009.78
4015.41
4021.54
4028.21
4035.47
4043.39
4052.04
4061.5
4071.84
4085.77
4098.28
4112
4127.05
4143.57
4161.71
4181.63
4203.51
4227.52
4253.86
4278.84
4314.32
4344.56
4381.94
4422.51
4466.36
4513.5
4563.87
4617.28
4673.44
4732.01
4792.61
4854.99
4925.52
4989.05
5037.97
4984.34
4648.67
4043.01
4006.48
3946.23
3926.8
3940.02
3941.83
3941.53
3941.17
3939.43
3941.3
3941.77
3942.45
3943.27
3944.2
3945.21
3946.29
3947.42
3948.59
3949.81
3951.06
3952.36
3953.7
3955.08
3956.5
3957.95
3959.42
3960.88
3962.27
3963.45
3964.11
3963.75
3965.42
3969.29
3973.61
3977.29
3980.73
3984.17
3987.75
3991.52
3995.54
3999.86
4004.52
4009.54
4014.97
4020.86
4027.26
4034.2
4041.76
4049.99
4058.96
4068.75
4079.44
4091.13
4103.91
4117.9
4133.21
4149.98
4168.35
4188.48
4210.52
4234.65
4261.04
4289.87
4325.43
4359.81
4397.11
4437.42
4480.8
4527.23
4576.62
4628.78
4683.45
4740.31
4799.04
4859.42
4921
4981.11
5022.19
4906.48
4637.4
4089.43
3957.04
3921.46
3923.47
3934.08
3939.45
3942.33
3944.07
3943.58
3946.24
3947.14
3948.04
3948.98
3949.96
3951
3952.08
3953.21
3954.38
3955.58
3956.82
3958.08
3959.36
3960.63
3961.86
3962.98
3963.84
3964.14
3963.37
3960.99
3966.59
3971
3975.54
3979.29
3982.72
3986.1
3989.56
3993.18
3997.01
4001.1
4005.48
4010.19
4015.26
4020.73
4026.64
4033.04
4039.96
4047.48
4055.63
4064.48
4074.1
4084.56
4095.95
4108.35
4121.86
4136.58
4152.63
4170.12
4189.18
4209.95
4232.56
4257.17
4283.91
4317.02
4348.61
4382.71
4419.42
4458.79
4500.81
4545.43
4592.53
4641.93
4693.44
4746.86
4802.11
4859.26
4918.25
4976.84
5019.53
4928.97
4557.57
3968.55
3930.42
3919.25
3923.21
3935
3943.73
3949.61
3951.61
3953.98
3955.58
3958.62
3959.65
3960.63
3961.61
3962.62
3963.66
3964.73
3965.8
3966.82
3967.7
3968.15
3967.4
3963.02
3958
3968.64
3974.58
3978.11
3980.93
3983.56
3986.2
3988.93
3991.8
3994.84
3998.08
4001.53
4005.23
4009.2
4013.46
4018.03
4022.95
4028.24
4033.94
4040.09
4046.72
4056.34
4064.12
4072.54
4081.63
4091.47
4102.11
4113.63
4126.1
4139.59
4154.21
4170.03
4187.16
4205.7
4225.75
4247.42
4266.95
4292.03
4323.19
4352.37
4379.18
4412.42
4447.82
4485.37
4525
4566.61
4610.07
4655.24
4701.99
4750.35
4800.66
4853.7
4910.73
4971.72
5026.55
5019.76
4575.93
3930.32
3882.94
3881.23
3886.42
3888.4
3889.42
3890.66
3892.07
3893.79
3895.73
3897.84
3900.08
3902.41
3904.83
3907.3
3909.81
3912.35
3914.91
3917.48
3920.07
3922.65
3925.23
3927.81
3930.37
3932.9
3935.4
3937.86
3940.27
3942.6
3944.83
3946.93
3948.84
3950.49
3951.76
3952.48
3952.41
3951.3
3948.98
3946.14
3952.97
3959.59
3965.16
3969.7
3973.43
3976.56
3979.23
3981.55
3983.6
3985.39
3986.97
3988.32
3989.46
3990.37
3991.03
3991.42
3991.51
3991.26
3990.62
3989.53
3987.91
3994.9
4004.35
4015.39
4028.32
4043.54
4061.52
4082.82
4108.12
4138.23
4174.05
4216.65
4267.17
4322.77
4392.54
4474.44
4571.3
4689.28
4846
5012.31
4951.35
4001.17
3893.61
3878.63
3881.1
3884.89
3887.74
3890.17
3892.45
3894.65
3896.83
3899.04
3901.3
3903.6
3905.96
3908.36
3910.79
3913.26
3915.74
3918.25
3920.76
3923.28
3925.8
3928.31
3930.81
3933.3
3935.76
3938.19
3940.58
3942.93
3945.22
3947.43
3949.56
3951.57
3953.46
3955.17
3956.69
3957.95
3958.89
3959.46
3959.58
3959.19
3958.29
3957.24
3955.18
3959.63
3964.84
3969.67
3974.03
3977.86
3981.18
3984.03
3986.45
3988.47
3990.12
3991.41
3992.34
3992.89
3993.04
3992.76
3991.97
3990.61
3991.52
4000.75
4011.73
4024.87
4040.66
4059.71
4082.77
4110.79
4144.91
4186.51
4237.15
4294.68
4368.25
4455.94
4559.14
4679.02
4810.3
4750.21
4947.75
4005.19
3920.31
3885.45
3877.17
3880.48
3885.22
3888.98
3892.06
3894.64
3897.08
3899.43
3901.76
3904.1
3906.47
3908.87
3911.3
3913.77
3916.25
3918.76
3921.29
3923.82
3926.36
3928.9
3931.44
3933.97
3936.49
3938.99
3941.47
3943.92
3946.33
3948.69
3951
3953.23
3955.39
3957.43
3959.34
3961.08
3962.61
3963.87
3964.78
3965.24
3965.14
3964.39
3962.94
3960.85
3958.33
3963.93
3969.58
3974.64
3979.02
3982.73
3985.84
3988.42
3990.53
3992.22
3993.52
3994.42
3994.92
3994.99
3994.58
3993.63
3992.06
3992.63
4002.54
4014.51
4029.03
4046.72
4068.41
4095.08
4128.01
4168.73
4219.08
4281.07
4352.5
4443.03
4549.72
4671.81
4789.31
4168.87
4976.64
4040.3
3937.25
3893.32
3878.42
3877.13
3883.37
3887.89
3891.42
3894.35
3896.96
3899.41
3901.76
3904.14
3906.54
3908.97
3911.42
3913.9
3916.42
3918.95
3921.51
3924.08
3926.66
3929.25
3931.84
3934.44
3937.03
3939.62
3942.2
3944.77
3947.32
3949.85
3952.36
3954.84
3957.28
3959.69
3962.04
3964.33
3966.53
3968.63
3970.58
3972.29
3973.62
3974.27
3973.6
3970.37
3963.18
3965.92
3976.25
3982.83
3987.05
3990
3992.24
3994.01
3995.44
3996.57
3997.42
3997.97
3998.2
3998.08
3997.53
3996.5
3994.89
3992.58
3997.56
4009.2
4023.35
4040.64
4061.91
4088.21
4120.87
4161.53
4212.17
4275.01
4348.13
4441.44
4552.74
4683.8
4828.7
4939.41
4963.26
4038.01
3936.11
3892.49
3879.21
3877.13
3883.37
3887.89
3891.42
3894.35
3896.96
3899.41
3901.76
3904.14
3906.54
3908.97
3911.42
3913.9
3916.42
3918.95
3921.51
3924.08
3926.66
3929.25
3931.84
3934.44
3937.03
3939.62
3942.2
3944.77
3947.32
3949.85
3952.36
3954.84
3957.28
3959.69
3962.04
3964.33
3966.53
3968.63
3970.58
3972.29
3973.62
3974.27
3973.6
3970.37
3963.18
3965.92
3976.25
3982.83
3987.05
3990
3992.24
3994.01
3995.44
3996.57
3997.42
3997.97
3998.2
3998.08
3997.53
3996.5
3994.89
3992.58
3996.11
4007.6
4021.58
4038.68
4059.73
4085.79
4118.17
4158.52
4208.81
4271.25
4352.32
4446.12
4557.94
4689.57
4835.05
4932.62
4956.38
4002.98
3919.24
3885.45
3877.17
3880.48
3885.22
3888.98
3892.06
3894.64
3897.08
3899.43
3901.76
3904.1
3906.47
3908.87
3911.3
3913.77
3916.25
3918.76
3921.29
3923.82
3926.36
3928.9
3931.44
3933.97
3936.49
3938.99
3941.47
3943.92
3946.33
3948.69
3951
3953.23
3955.39
3957.43
3959.34
3961.08
3962.61
3963.87
3964.78
3965.24
3965.14
3964.39
3962.94
3960.85
3958.65
3963.93
3969.58
3974.64
3979.02
3982.73
3985.84
3988.42
3990.53
3992.22
3993.52
3994.42
3994.92
3994.99
3994.58
3993.63
3992.06
3991.27
4001.04
4012.86
4027.2
4044.71
4066.17
4092.6
4125.26
4165.67
4215.67
4277.27
4356.73
4447.73
4554.91
4677.54
4795.54
4164.21
4969.71
4003.71
3894.59
3878.11
3881.1
3884.89
3887.74
3890.17
3892.45
3894.65
3896.83
3899.04
3901.3
3903.6
3905.96
3908.36
3910.79
3913.26
3915.74
3918.25
3920.76
3923.28
3925.8
3928.31
3930.81
3933.3
3935.76
3938.19
3940.58
3942.93
3945.22
3947.43
3949.56
3951.57
3953.46
3955.17
3956.69
3957.95
3958.89
3959.46
3959.58
3959.19
3958.29
3957.24
3955.55
3959.63
3964.84
3969.67
3974.03
3977.86
3981.18
3984.03
3986.45
3988.47
3990.12
3991.41
3992.34
3992.89
3993.04
3992.76
3991.97
3990.61
3990.15
3999.25
4010.09
4023.08
4038.7
4057.55
4080.39
4108.17
4142.03
4183.32
4233.62
4294.68
4372.56
4460.7
4564.38
4684.77
4816.59
4756.49
4940.88
3930.32
3882.94
3881.23
3886.42
3888.4
3889.42
3890.66
3892.07
3893.79
3895.73
3897.84
3900.08
3902.41
3904.83
3907.3
3909.81
3912.35
3914.91
3917.48
3920.07
3922.65
3925.23
3927.81
3930.37
3932.9
3935.4
3937.86
3940.27
3942.6
3944.83
3946.93
3948.84
3950.49
3951.76
3952.48
3952.41
3951.3
3948.98
3945.7
3952.97
3959.59
3965.16
3969.7
3973.43
3976.56
3979.23
3981.55
3983.6
3985.39
3986.97
3988.32
3989.46
3990.37
3991.03
3991.42
3991.51
3991.26
3990.62
3989.53
3987.91
3993.41
4002.75
4013.65
4026.44
4041.51
4059.31
4080.42
4105.51
4135.37
4170.93
4213.24
4263.45
4326.83
4396.98
4479.28
4576.58
4695.07
4839.63
5005.33
4944.51
3877.56
3856.19
3854.72
3857.2
3858.7
3859.8
3860.98
3862.25
3863.57
3864.78
3865.62
3866.67
3869.66
3872.64
3875.39
3878.06
3880.71
3883.38
3886.07
3888.8
3891.57
3894.37
3897.2
3900.07
3902.97
3905.89
3908.83
3911.8
3914.77
3917.76
3920.76
3923.76
3926.76
3929.77
3932.76
3935.75
3938.73
3941.69
3944.64
3947.57
3950.48
3953.36
3956.22
3959.04
3961.84
3964.61
3967.34
3970.03
3972.69
3975.3
3977.88
3980.41
3982.9
3985.35
3987.75
3990.11
3992.42
3994.68
3996.9
3999.06
4001.17
4003.22
4005.22
4007.15
4009
4010.75
4012.39
4013.87
4015.12
4016.04
4016.43
4016
4014.15
4009.81
4000.78
4034.69
4114.9
4293.57
4732.83
3855.24
3877.79
3858.16
3851.06
3853.26
3856.72
3859.33
3861.38
3863.18
3864.91
3866.66
3868.45
3870.28
3872.11
3873.9
3875.56
3877.03
3878.26
3880.11
3883.92
3887.56
3890.98
3894.24
3897.38
3900.46
3903.49
3906.51
3909.51
3912.51
3915.51
3918.51
3921.51
3924.5
3927.5
3930.48
3933.46
3936.43
3939.38
3942.32
3945.24
3948.14
3951.02
3953.87
3956.7
3959.5
3962.26
3965
3967.7
3970.36
3972.99
3975.59
3978.14
3980.65
3983.12
3985.56
3987.95
3990.3
3992.6
3994.87
3997.09
3999.27
4001.41
4003.51
4005.55
4007.55
4009.49
4011.35
4013.12
4014.75
4016.18
4017.28
4017.85
4017.51
4015.57
4010.72
4000.41
4038.2
4127.76
4324.53
4778.24
5029.74
3950.54
3891.45
3864.84
3855.91
3853.31
3857.82
3861.09
3863.52
3865.66
3867.66
3869.64
3871.64
3873.7
3875.82
3877.99
3880.21
3882.44
3884.64
3886.76
3888.69
3890.26
3891.33
3893.02
3897.7
3901.96
3905.75
3909.21
3912.47
3915.61
3918.69
3921.73
3924.75
3927.74
3930.72
3933.68
3936.63
3939.56
3942.47
3945.36
3948.23
3951.08
3953.9
3956.7
3959.47
3962.2
3964.9
3967.57
3970.21
3972.8
3975.36
3977.88
3980.36
3982.8
3985.2
3987.56
3989.87
3992.15
3994.38
3996.58
3998.73
4000.84
4002.91
4004.93
4006.91
4008.83
4010.68
4012.43
4014.06
4015.47
4016.55
4017.06
4016.59
4014.35
4008.95
3998.02
4033.67
4104.3
4241.69
4712.11
4916.88
3986.63
3908.56
3873.28
3859.75
3852.89
3856.51
3860.5
3863.46
3865.88
3868.05
3870.13
3872.17
3874.28
3876.47
3878.72
3881.04
3883.43
3885.89
3888.4
3890.94
3893.52
3896.07
3898.53
3900.6
3901.1
3902.57
3908.79
3912.66
3915.89
3918.94
3921.93
3924.88
3927.83
3930.76
3933.69
3936.6
3939.49
3942.38
3945.24
3948.09
3950.91
3953.7
3956.47
3959.21
3961.92
3964.6
3967.25
3969.85
3972.42
3974.96
3977.45
3979.9
3982.31
3984.68
3987.01
3989.3
3991.55
3993.75
3995.91
3998.03
4000.11
4002.15
4004.15
4006.1
4008.01
4009.86
4011.64
4013.32
4014.85
4016.15
4017.04
4017.2
4015.98
4011.98
4002.46
4019.29
4048.26
4240.22
4473.8
4907.76
3985.39
3908.13
3872.98
3860.13
3853.34
3856.51
3860.5
3863.46
3865.88
3868.05
3870.13
3872.17
3874.28
3876.47
3878.72
3881.04
3883.43
3885.89
3888.4
3890.94
3893.52
3896.07
3898.53
3900.6
3901.1
3902.57
3908.79
3912.66
3915.89
3918.94
3921.93
3924.88
3927.83
3930.76
3933.69
3936.6
3939.49
3942.38
3945.24
3948.09
3950.91
3953.7
3956.47
3959.21
3961.92
3964.6
3967.25
3969.85
3972.42
3974.96
3977.45
3979.9
3982.31
3984.68
3987.01
3989.3
3991.55
3993.75
3995.91
3998.03
4000.11
4002.15
4004.15
4006.1
4008.01
4009.86
4011.64
4013.32
4014.85
4016.15
4017.04
4017.2
4015.98
4011.98
4002.46
4020.69
4050.28
4240.19
4468.78
4914.29
3949.36
3891.05
3865.13
3856.28
3853.31
3857.82
3861.09
3863.52
3865.66
3867.66
3869.64
3871.64
3873.7
3875.82
3877.99
3880.21
3882.44
3884.64
3886.76
3888.69
3890.26
3891.33
3893.02
3897.7
3901.96
3905.75
3909.21
3912.47
3915.61
3918.69
3921.73
3924.75
3927.74
3930.72
3933.68
3936.63
3939.56
3942.47
3945.36
3948.23
3951.08
3953.9
3956.7
3959.47
3962.2
3964.9
3967.57
3970.21
3972.8
3975.36
3977.88
3980.36
3982.8
3985.2
3987.56
3989.87
3992.15
3994.38
3996.58
3998.73
4000.84
4002.91
4004.93
4006.91
4008.83
4010.68
4012.43
4014.06
4015.47
4016.55
4017.06
4016.59
4014.35
4008.95
3998.02
4035.33
4106.74
4241.7
4718.07
4923.65
3877.79
3857.84
3851.37
3853.26
3856.72
3859.33
3861.38
3863.18
3864.91
3866.66
3868.45
3870.28
3872.11
3873.9
3875.56
3877.03
3878.26
3880.11
3883.92
3887.56
3890.98
3894.24
3897.38
3900.46
3903.49
3906.51
3909.51
3912.51
3915.51
3918.51
3921.51
3924.5
3927.5
3930.48
3933.46
3936.43
3939.38
3942.32
3945.24
3948.14
3951.02
3953.87
3956.7
3959.5
3962.26
3965
3967.7
3970.36
3972.99
3975.59
3978.14
3980.65
3983.12
3985.56
3987.95
3990.3
3992.6
3994.87
3997.09
3999.27
4001.41
4003.51
4005.55
4007.55
4009.49
4011.35
4013.12
4014.75
4016.18
4017.28
4017.85
4017.51
4015.57
4010.72
4000.41
4036.43
4125.11
4324.52
4784.38
5022.64
3877.56
3856.19
3854.72
3857.2
3858.7
3859.8
3860.98
3862.25
3863.57
3864.78
3865.62
3866.31
3869.66
3872.64
3875.39
3878.06
3880.71
3883.38
3886.07
3888.8
3891.57
3894.37
3897.2
3900.07
3902.97
3905.89
3908.83
3911.8
3914.77
3917.76
3920.76
3923.76
3926.76
3929.77
3932.76
3935.75
3938.73
3941.69
3944.64
3947.57
3950.48
3953.36
3956.22
3959.04
3961.84
3964.61
3967.34
3970.03
3972.69
3975.3
3977.88
3980.41
3982.9
3985.35
3987.75
3990.11
3992.42
3994.68
3996.9
3999.06
4001.17
4003.22
4005.22
4007.15
4009
4010.75
4012.39
4013.87
4015.12
4016.04
4016.43
4016
4014.15
4009.81
4000.78
4032.93
4112.33
4289.74
4726.91
3852.6
)
;

boundaryField
{
    left
    {
        type            zeroGradient;
    }
    right
    {
        type            zeroGradient;
    }
    back
    {
        type            zeroGradient;
    }
    front
    {
        type            zeroGradient;
    }
    top
    {
        type            zeroGradient;
    }
    bottom
    {
        type            zeroGradient;
    }
}


// ************************************************************************* //
