/*--------------------------------*- C++ -*----------------------------------*\
| =========                 |                                                 |
| \\      /  F ield         | foam-extend: Open Source CFD                    |
|  \\    /   O peration     | Version:     4.1                                |
|   \\  /    A nd           | Web:         http://www.foam-extend.org         |
|    \\/     M anipulation  |                                                 |
\*---------------------------------------------------------------------------*/
FoamFile
{
    version     2.0;
    format      ascii;
    class       volScalarField;
    location    "0.198";
    object      p;
}
// * * * * * * * * * * * * * * * * * * * * * * * * * * * * * * * * * * * * * //

dimensions      [1 -1 -2 0 0 0 0];

internalField   nonuniform List<scalar> 
5120
(
-411.661
-321.74
-309.527
-303.586
-298.076
-292.427
-286.3
-279.686
-272.694
-265.444
-258.043
-250.575
-243.103
-235.671
-228.311
-221.044
-213.884
-206.839
-199.916
-193.118
-186.446
-179.9
-173.482
-167.192
-161.028
-154.991
-149.079
-143.292
-137.63
-132.091
-126.676
-121.383
-116.211
-111.16
-106.229
-101.418
-96.7251
-92.1501
-87.6924
-83.3511
-79.1256
-75.0152
-71.0192
-67.137
-63.368
-59.7114
-56.1667
-52.7333
-49.4105
-46.1978
-43.0946
-40.1004
-37.2146
-34.4367
-31.7662
-29.2025
-26.7453
-24.394
-22.1481
-20.0073
-17.971
-16.0389
-14.2105
-12.4854
-10.8632
-9.34361
-7.92612
-6.61036
-5.39592
-4.28235
-3.26919
-2.35592
-1.54206
-0.827208
-0.211347
0.304721
0.71875
1.02378
1.22781
1.30729
-428.883
-338.889
-323.281
-314.19
-304.967
-296.49
-288.411
-280.482
-272.636
-264.853
-257.133
-249.484
-241.919
-234.45
-227.087
-219.837
-212.706
-205.696
-198.811
-192.051
-185.417
-178.91
-172.529
-166.274
-160.145
-154.14
-148.26
-142.504
-136.871
-131.36
-125.971
-120.704
-115.557
-110.53
-105.622
-100.832
-96.1608
-91.6063
-87.1683
-82.8461
-78.6391
-74.5465
-70.5678
-66.7023
-62.9494
-59.3084
-55.7788
-52.36
-49.0513
-45.8523
-42.7623
-39.7809
-36.9075
-34.1415
-31.4826
-28.9301
-26.4836
-24.1426
-21.9067
-19.7754
-17.7484
-15.8251
-14.0051
-12.2881
-10.6738
-9.16153
-7.7511
-6.4421
-5.23415
-4.12691
-3.12007
-2.2134
-1.40686
-0.70079
-0.0962054
0.404804
0.798471
1.07638
1.25217
1.31999
-449.173
-348.692
-331.438
-321.259
-310.465
-300.454
-291.134
-282.28
-273.778
-265.549
-257.534
-249.696
-242.013
-234.472
-227.067
-219.794
-212.65
-205.636
-198.75
-191.992
-185.361
-178.857
-172.48
-166.228
-160.102
-154.101
-148.224
-142.47
-136.839
-131.33
-125.943
-120.677
-115.531
-110.505
-105.598
-100.809
-96.1375
-91.583
-87.1449
-82.8224
-78.615
-74.5219
-70.5425
-66.6762
-62.9224
-59.2804
-55.7498
-52.3299
-49.0201
-45.8198
-42.7286
-39.7459
-36.8711
-34.1038
-31.4435
-28.8896
-26.4417
-24.0993
-21.862
-19.7294
-17.7009
-15.7763
-13.955
-12.2367
-10.621
-9.10755
-7.69594
-6.38585
-5.17695
-4.069
-3.06183
-2.15545
-1.35013
-0.646627
-0.0464509
0.44785
0.832115
1.09818
1.26155
1.32298
-458.096
-351.745
-334.25
-324.064
-312.894
-302.353
-292.522
-283.242
-274.415
-265.952
-257.776
-249.831
-242.079
-234.495
-227.064
-219.776
-212.624
-205.605
-198.718
-191.96
-185.33
-178.828
-172.452
-166.202
-160.078
-154.078
-148.202
-142.45
-136.82
-131.313
-125.927
-120.661
-115.516
-110.49
-105.583
-100.795
-96.1235
-91.5693
-87.1312
-82.8087
-78.6012
-74.5079
-70.5283
-66.6618
-62.9077
-59.2654
-55.7344
-52.3141
-49.0039
-45.8032
-42.7115
-39.7283
-36.853
-34.0852
-31.4243
-28.8698
-26.4214
-24.0785
-21.8406
-19.7074
-17.6784
-15.7532
-13.9314
-12.2125
-10.5963
-9.08236
-7.67028
-6.35977
-5.15056
-4.04244
-3.03534
-2.12936
-1.32494
-0.622983
-0.0251256
0.466038
0.846401
1.10817
1.26764
1.32768
-458.096
-351.745
-334.25
-324.064
-312.894
-302.353
-292.522
-283.242
-274.415
-265.952
-257.776
-249.831
-242.079
-234.495
-227.064
-219.776
-212.624
-205.605
-198.718
-191.96
-185.33
-178.828
-172.452
-166.202
-160.078
-154.078
-148.202
-142.45
-136.82
-131.313
-125.927
-120.661
-115.516
-110.49
-105.583
-100.795
-96.1235
-91.5693
-87.1312
-82.8087
-78.6012
-74.5079
-70.5283
-66.6618
-62.9077
-59.2654
-55.7344
-52.3141
-49.0039
-45.8032
-42.7115
-39.7283
-36.853
-34.0852
-31.4243
-28.8698
-26.4214
-24.0785
-21.8406
-19.7074
-17.6784
-15.7532
-13.9314
-12.2125
-10.5963
-9.08236
-7.67028
-6.35977
-5.15056
-4.04244
-3.03534
-2.12936
-1.32494
-0.622983
-0.0251248
0.466038
0.846401
1.10816
1.26764
1.32769
-449.173
-348.692
-331.438
-321.259
-310.465
-300.454
-291.134
-282.28
-273.778
-265.549
-257.534
-249.696
-242.013
-234.472
-227.067
-219.794
-212.65
-205.636
-198.75
-191.992
-185.361
-178.857
-172.48
-166.228
-160.102
-154.101
-148.224
-142.47
-136.839
-131.33
-125.943
-120.677
-115.531
-110.505
-105.598
-100.809
-96.1375
-91.583
-87.1449
-82.8224
-78.615
-74.5219
-70.5425
-66.6762
-62.9224
-59.2804
-55.7498
-52.3299
-49.0201
-45.8198
-42.7286
-39.7459
-36.8711
-34.1038
-31.4435
-28.8896
-26.4417
-24.0993
-21.862
-19.7294
-17.7009
-15.7763
-13.955
-12.2367
-10.621
-9.10756
-7.69594
-6.38585
-5.17695
-4.069
-3.06183
-2.15545
-1.35013
-0.646628
-0.0464522
0.447849
0.832114
1.09818
1.26155
1.32299
-428.883
-338.889
-323.281
-314.19
-304.967
-296.49
-288.411
-280.482
-272.636
-264.853
-257.133
-249.484
-241.919
-234.45
-227.087
-219.837
-212.706
-205.696
-198.811
-192.051
-185.417
-178.91
-172.529
-166.274
-160.145
-154.14
-148.26
-142.504
-136.871
-131.36
-125.971
-120.704
-115.557
-110.53
-105.622
-100.832
-96.1608
-91.6063
-87.1683
-82.8461
-78.6391
-74.5465
-70.5678
-66.7023
-62.9494
-59.3084
-55.7788
-52.36
-49.0513
-45.8523
-42.7624
-39.7809
-36.9075
-34.1415
-31.4826
-28.9301
-26.4836
-24.1426
-21.9067
-19.7754
-17.7484
-15.8251
-14.0051
-12.2881
-10.6738
-9.16153
-7.7511
-6.4421
-5.23415
-4.12691
-3.12007
-2.2134
-1.40686
-0.70079
-0.0962065
0.404803
0.798471
1.07638
1.25217
1.31999
-411.661
-321.74
-309.527
-303.586
-298.076
-292.427
-286.3
-279.686
-272.694
-265.444
-258.043
-250.575
-243.103
-235.671
-228.311
-221.044
-213.884
-206.839
-199.916
-193.118
-186.446
-179.9
-173.482
-167.192
-161.028
-154.991
-149.079
-143.292
-137.63
-132.091
-126.676
-121.383
-116.211
-111.16
-106.229
-101.418
-96.7251
-92.1501
-87.6924
-83.3511
-79.1256
-75.0152
-71.0192
-67.137
-63.368
-59.7114
-56.1667
-52.7333
-49.4105
-46.1978
-43.0946
-40.1004
-37.2146
-34.4367
-31.7662
-29.2025
-26.7453
-24.394
-22.1481
-20.0073
-17.971
-16.0389
-14.2105
-12.4854
-10.8632
-9.34361
-7.92612
-6.61036
-5.39592
-4.28235
-3.26919
-2.35592
-1.54206
-0.827207
-0.211347
0.30472
0.718748
1.02378
1.22781
1.30729
-284.484
-215.006
-206.54
-203.151
-198.936
-194.894
-190.809
-186.522
-182.036
-177.396
-172.652
-167.85
-163.028
-158.217
-153.436
-148.7
-144.021
-139.403
-134.854
-130.375
-125.968
-121.636
-117.379
-113.197
-109.092
-105.064
-101.113
-97.2387
-93.4417
-89.7219
-86.0795
-82.5143
-79.0263
-75.6155
-72.2818
-69.025
-65.845
-62.7418
-59.7151
-56.7648
-53.8907
-51.0926
-48.3704
-45.7239
-43.1528
-40.6569
-38.2361
-35.89
-33.6186
-31.4216
-29.2987
-27.2497
-25.2745
-23.3728
-21.5443
-19.7889
-18.1064
-16.4964
-14.9588
-13.4935
-12.1001
-10.7785
-9.52839
-8.34968
-7.24211
-6.20547
-5.23955
-4.34412
-3.51891
-2.76361
-2.07781
-1.46099
-0.912434
-0.431133
-0.0156794
0.335983
0.626291
0.855789
1.03611
1.22306
-333.499
-234.244
-214.603
-208.389
-201.148
-194.923
-189.478
-184.33
-179.322
-174.393
-169.514
-164.678
-159.885
-155.141
-150.45
-145.816
-141.245
-136.739
-132.299
-127.928
-123.626
-119.396
-115.237
-111.15
-107.136
-103.194
-99.3262
-95.5318
-91.811
-88.1643
-84.5916
-81.0931
-77.669
-74.3192
-71.0438
-67.8428
-64.7162
-61.664
-58.6862
-55.7826
-52.9531
-50.1979
-47.5166
-44.9092
-42.3756
-39.9156
-37.5292
-35.2161
-32.9762
-30.8094
-28.7154
-26.6942
-24.7456
-22.8693
-21.0653
-19.3333
-17.6732
-16.0847
-14.5677
-13.1221
-11.7476
-10.4441
-9.21132
-8.04918
-6.95747
-5.936
-4.98458
-4.10303
-3.29112
-2.54865
-1.87536
-1.27098
-0.735187
-0.267622
0.132202
0.465244
0.732216
0.931424
1.08722
1.28094
-362.877
-250.693
-222.82
-213.543
-204.354
-196.69
-190.251
-184.431
-178.98
-173.771
-168.727
-163.802
-158.97
-154.22
-149.542
-144.935
-140.396
-135.926
-131.524
-127.19
-122.926
-118.732
-114.608
-110.555
-106.573
-102.662
-98.8229
-95.0558
-91.3611
-87.7389
-84.1894
-80.7127
-77.3091
-73.9787
-70.7215
-67.5376
-64.427
-61.3898
-58.426
-55.5356
-52.7186
-49.9749
-47.3044
-44.7071
-42.1829
-39.7317
-37.3535
-35.0481
-32.8153
-30.6552
-28.5674
-26.552
-24.6088
-22.7376
-20.9382
-19.2106
-17.5545
-15.9699
-14.4565
-13.0142
-11.6428
-10.3422
-9.11224
-7.95271
-6.86345
-5.8443
-4.8951
-4.01568
-3.20589
-2.46557
-1.7946
-1.19286
-0.660308
-0.19696
0.197172
0.522416
0.778704
0.964717
1.10864
1.2909
-373.055
-255.429
-225.551
-215.639
-205.82
-197.574
-190.691
-184.547
-178.869
-173.511
-168.373
-163.395
-158.537
-153.779
-149.105
-144.508
-139.984
-135.531
-131.147
-126.833
-122.588
-118.412
-114.305
-110.269
-106.303
-102.408
-98.5831
-94.8299
-91.1482
-87.5383
-84.0004
-80.5348
-77.1415
-73.8207
-70.5726
-67.3972
-64.2946
-61.2649
-58.3081
-55.4242
-52.6132
-49.8752
-47.21
-44.6176
-42.098
-39.651
-37.2767
-34.975
-32.7456
-30.5886
-28.5038
-26.491
-24.5503
-22.6813
-20.8841
-19.1584
-17.5042
-15.9212
-14.4094
-12.9685
-11.5985
-10.2991
-9.07028
-7.91181
-6.82355
-5.80534
-4.85704
-3.9785
-3.16959
-2.43021
-1.76029
-1.15982
-0.628849
-0.167539
0.22396
0.545855
0.797944
0.979218
1.11903
1.2973
-373.055
-255.429
-225.551
-215.639
-205.82
-197.574
-190.691
-184.547
-178.869
-173.511
-168.373
-163.395
-158.537
-153.779
-149.105
-144.508
-139.984
-135.531
-131.147
-126.833
-122.588
-118.412
-114.305
-110.269
-106.303
-102.408
-98.5831
-94.8299
-91.1482
-87.5383
-84.0004
-80.5348
-77.1415
-73.8207
-70.5726
-67.3972
-64.2946
-61.2649
-58.3081
-55.4242
-52.6132
-49.8752
-47.21
-44.6176
-42.098
-39.651
-37.2767
-34.975
-32.7456
-30.5886
-28.5038
-26.491
-24.5503
-22.6813
-20.8841
-19.1584
-17.5042
-15.9212
-14.4094
-12.9685
-11.5985
-10.2991
-9.07028
-7.91181
-6.82355
-5.80534
-4.85703
-3.9785
-3.16959
-2.43021
-1.7603
-1.15982
-0.628849
-0.167538
0.22396
0.545855
0.797944
0.979218
1.11903
1.2973
-362.877
-250.693
-222.82
-213.543
-204.354
-196.69
-190.251
-184.431
-178.98
-173.771
-168.727
-163.802
-158.97
-154.22
-149.542
-144.935
-140.396
-135.926
-131.524
-127.19
-122.926
-118.732
-114.608
-110.555
-106.573
-102.662
-98.8229
-95.0558
-91.3611
-87.7389
-84.1894
-80.7127
-77.3091
-73.9787
-70.7215
-67.5376
-64.427
-61.3898
-58.426
-55.5356
-52.7186
-49.9749
-47.3044
-44.7071
-42.1829
-39.7317
-37.3535
-35.0481
-32.8153
-30.6552
-28.5674
-26.552
-24.6088
-22.7376
-20.9382
-19.2106
-17.5545
-15.9699
-14.4565
-13.0142
-11.6428
-10.3422
-9.11224
-7.95271
-6.86345
-5.8443
-4.8951
-4.01568
-3.20589
-2.46557
-1.7946
-1.19286
-0.660309
-0.19696
0.197172
0.522416
0.778704
0.964717
1.10864
1.2909
-333.499
-234.244
-214.603
-208.389
-201.148
-194.923
-189.478
-184.33
-179.322
-174.393
-169.514
-164.678
-159.885
-155.141
-150.45
-145.816
-141.245
-136.739
-132.299
-127.928
-123.626
-119.396
-115.237
-111.15
-107.136
-103.194
-99.3262
-95.5318
-91.811
-88.1643
-84.5916
-81.0931
-77.669
-74.3192
-71.0438
-67.8428
-64.7162
-61.664
-58.6862
-55.7826
-52.9531
-50.1979
-47.5166
-44.9092
-42.3756
-39.9156
-37.5292
-35.2161
-32.9762
-30.8094
-28.7154
-26.6942
-24.7456
-22.8693
-21.0653
-19.3333
-17.6732
-16.0847
-14.5677
-13.1221
-11.7476
-10.4441
-9.21132
-8.04918
-6.95747
-5.936
-4.98458
-4.10303
-3.29112
-2.54865
-1.87536
-1.27098
-0.735188
-0.267622
0.132202
0.465245
0.732217
0.931425
1.08722
1.28094
-284.484
-215.006
-206.54
-203.151
-198.936
-194.894
-190.809
-186.522
-182.036
-177.396
-172.652
-167.85
-163.028
-158.217
-153.436
-148.7
-144.021
-139.403
-134.854
-130.375
-125.968
-121.636
-117.379
-113.197
-109.092
-105.064
-101.113
-97.2387
-93.4417
-89.7219
-86.0795
-82.5143
-79.0263
-75.6155
-72.2818
-69.025
-65.845
-62.7418
-59.7151
-56.7648
-53.8907
-51.0926
-48.3704
-45.7239
-43.1528
-40.6569
-38.2361
-35.89
-33.6186
-31.4216
-29.2987
-27.2497
-25.2745
-23.3728
-21.5443
-19.7889
-18.1064
-16.4964
-14.9588
-13.4935
-12.1001
-10.7785
-9.52839
-8.34968
-7.24211
-6.20547
-5.23955
-4.34412
-3.51891
-2.76361
-2.07781
-1.46099
-0.912433
-0.431133
-0.0156797
0.335983
0.626291
0.855789
1.03611
1.22307
-157.892
-117.273
-113.754
-112.959
-110.91
-108.734
-106.526
-104.239
-101.878
-99.4561
-96.9899
-94.4958
-91.9881
-89.4783
-86.9748
-84.4841
-82.011
-79.5589
-77.1305
-74.7281
-72.3532
-70.0074
-67.6919
-65.4076
-63.1554
-60.9362
-58.7507
-56.5994
-54.483
-52.402
-50.3569
-48.3481
-46.3761
-44.4413
-42.5441
-40.6847
-38.8636
-37.0811
-35.3375
-33.633
-31.9679
-30.3425
-28.7569
-27.2115
-25.7064
-24.2418
-22.818
-21.4349
-20.0929
-18.792
-17.5324
-16.3143
-15.1376
-14.0026
-12.9093
-11.8579
-10.8482
-9.88058
-8.95492
-8.07131
-7.2298
-6.43041
-5.67317
-4.95811
-4.28522
-3.65451
-3.06594
-2.51948
-2.01504
-1.55247
-1.13153
-0.75182
-0.412682
-0.113079
0.148595
0.374809
0.568357
0.729781
0.873706
1.07336
-197.086
-133.466
-118.86
-114.683
-110.289
-106.731
-103.804
-101.137
-98.5988
-96.1294
-93.6966
-91.285
-88.8885
-86.5054
-84.1361
-81.7818
-79.4443
-77.1252
-74.8261
-72.5483
-70.2934
-68.0624
-65.8566
-63.6769
-61.5244
-59.3999
-57.3042
-55.2382
-53.2025
-51.1979
-49.2251
-47.2846
-45.3771
-43.5032
-41.6633
-39.858
-38.0878
-36.3532
-34.6545
-32.9923
-31.367
-29.7788
-28.2282
-26.7155
-25.2411
-23.8051
-22.4081
-21.0501
-19.7314
-18.4524
-17.2132
-16.014
-14.8551
-13.7365
-12.6586
-11.6214
-10.6251
-9.66974
-8.75557
-7.88265
-7.05107
-6.26092
-5.51228
-4.80521
-4.13976
-3.51598
-2.93389
-2.39349
-1.89476
-1.43764
-1.02201
-0.647693
-0.314349
-0.021462
0.231891
0.44749
0.627067
0.771752
0.915032
1.12986
-222.193
-148.037
-124.919
-117.391
-111.342
-106.777
-103.235
-100.19
-97.4261
-94.8343
-92.348
-89.9278
-87.5512
-85.2056
-82.8843
-80.5837
-78.3025
-76.0405
-73.798
-71.5758
-69.3746
-67.1955
-65.0394
-62.9073
-60.8001
-58.7187
-56.664
-54.6368
-52.6379
-50.6681
-48.728
-46.8185
-44.9402
-43.0937
-41.2797
-39.4987
-37.7513
-36.0381
-34.3595
-32.7161
-31.1082
-29.5365
-28.0012
-26.5027
-25.0416
-23.618
-22.2324
-20.8851
-19.5764
-18.3065
-17.0758
-15.8845
-14.7328
-13.6209
-12.5491
-11.5176
-10.5265
-9.57603
-8.66629
-7.79744
-6.96961
-6.18291
-5.43744
-4.73328
-4.07053
-3.44923
-2.86943
-2.33118
-1.83449
-1.37936
-0.965752
-0.593614
-0.262815
0.0268689
0.275958
0.485697
0.657308
0.793808
0.933423
1.13733
-230.854
-152.53
-127.057
-118.601
-111.922
-106.89
-103.035
-99.7847
-96.8906
-94.2228
-91.698
-89.2647
-86.8918
-84.5606
-82.2603
-79.9845
-77.7302
-75.4959
-73.2812
-71.0863
-68.9118
-66.7585
-64.6273
-62.5189
-60.4344
-58.3746
-56.3405
-54.3327
-52.3523
-50.4
-48.4765
-46.5826
-44.719
-42.8864
-41.0855
-39.3168
-37.581
-35.8786
-34.2102
-32.5763
-30.9774
-29.414
-27.8866
-26.3954
-24.9411
-23.5239
-22.1442
-20.8024
-19.4987
-18.2336
-17.0073
-15.82
-14.6721
-13.5637
-12.4952
-11.4666
-10.4783
-9.53032
-8.62291
-7.75621
-6.93036
-6.14548
-5.40169
-4.69908
-4.03776
-3.41778
-2.83922
-2.30214
-1.80656
-1.35253
-0.940056
-0.569139
-0.239736
0.0482744
0.295305
0.502477
0.670898
0.804258
0.942011
1.14192
-230.854
-152.53
-127.057
-118.601
-111.922
-106.89
-103.035
-99.7847
-96.8906
-94.2228
-91.698
-89.2647
-86.8918
-84.5606
-82.2603
-79.9845
-77.7302
-75.4959
-73.2812
-71.0863
-68.9118
-66.7585
-64.6273
-62.5189
-60.4344
-58.3746
-56.3405
-54.3327
-52.3523
-50.4
-48.4765
-46.5826
-44.719
-42.8864
-41.0855
-39.3168
-37.581
-35.8786
-34.2102
-32.5763
-30.9774
-29.414
-27.8866
-26.3954
-24.9411
-23.5239
-22.1442
-20.8024
-19.4987
-18.2336
-17.0073
-15.82
-14.6721
-13.5637
-12.4952
-11.4666
-10.4783
-9.53032
-8.62291
-7.75621
-6.93036
-6.14548
-5.40169
-4.69908
-4.03776
-3.41778
-2.83922
-2.30214
-1.80656
-1.35253
-0.940056
-0.569139
-0.239736
0.0482744
0.295305
0.502478
0.670898
0.804258
0.942011
1.14192
-222.193
-148.037
-124.919
-117.391
-111.342
-106.777
-103.235
-100.19
-97.4261
-94.8343
-92.348
-89.9278
-87.5512
-85.2057
-82.8843
-80.5837
-78.3025
-76.0405
-73.798
-71.5758
-69.3746
-67.1955
-65.0394
-62.9073
-60.8001
-58.7187
-56.664
-54.6368
-52.6379
-50.6681
-48.728
-46.8185
-44.9402
-43.0937
-41.2797
-39.4987
-37.7513
-36.0381
-34.3595
-32.7161
-31.1082
-29.5365
-28.0012
-26.5027
-25.0416
-23.618
-22.2324
-20.8851
-19.5764
-18.3065
-17.0758
-15.8845
-14.7328
-13.6209
-12.5491
-11.5176
-10.5265
-9.57603
-8.66629
-7.79744
-6.96961
-6.18291
-5.43744
-4.73328
-4.07053
-3.44923
-2.86943
-2.33118
-1.83449
-1.37936
-0.965752
-0.593614
-0.262815
0.026869
0.275958
0.485697
0.657308
0.793808
0.933423
1.13733
-197.086
-133.466
-118.86
-114.683
-110.289
-106.731
-103.804
-101.137
-98.5988
-96.1294
-93.6966
-91.285
-88.8885
-86.5054
-84.1361
-81.7818
-79.4443
-77.1252
-74.8261
-72.5483
-70.2934
-68.0624
-65.8566
-63.6769
-61.5244
-59.3999
-57.3042
-55.2382
-53.2025
-51.1979
-49.2251
-47.2846
-45.3771
-43.5032
-41.6633
-39.858
-38.0878
-36.3532
-34.6545
-32.9923
-31.367
-29.7788
-28.2282
-26.7155
-25.2411
-23.8051
-22.4081
-21.0501
-19.7314
-18.4524
-17.2132
-16.014
-14.8551
-13.7365
-12.6586
-11.6214
-10.6251
-9.66974
-8.75557
-7.88265
-7.05107
-6.26092
-5.51228
-4.80521
-4.13976
-3.51598
-2.93389
-2.39349
-1.89476
-1.43764
-1.02202
-0.647694
-0.314349
-0.0214621
0.231891
0.44749
0.627067
0.771752
0.915032
1.12986
-157.892
-117.273
-113.754
-112.959
-110.91
-108.734
-106.526
-104.239
-101.878
-99.4561
-96.9899
-94.4958
-91.9881
-89.4783
-86.9748
-84.4841
-82.011
-79.5589
-77.1305
-74.7281
-72.3532
-70.0074
-67.6919
-65.4076
-63.1554
-60.9362
-58.7507
-56.5994
-54.483
-52.402
-50.3569
-48.3481
-46.3761
-44.4413
-42.5441
-40.6847
-38.8636
-37.0811
-35.3375
-33.633
-31.9679
-30.3425
-28.7569
-27.2115
-25.7064
-24.2418
-22.818
-21.4349
-20.0929
-18.792
-17.5324
-16.3143
-15.1376
-14.0026
-12.9093
-11.8579
-10.8482
-9.88058
-8.95492
-8.07131
-7.2298
-6.43041
-5.67317
-4.95811
-4.28522
-3.65451
-3.06594
-2.51948
-2.01504
-1.55247
-1.13153
-0.75182
-0.412681
-0.113079
0.148595
0.374809
0.568357
0.72978
0.873705
1.07336
-35.1984
-26.6204
-26.9629
-27.6712
-27.5548
-27.1485
-26.6502
-26.1246
-25.6041
-25.0996
-24.6105
-24.1325
-23.6602
-23.189
-22.7154
-22.2368
-21.7519
-21.2604
-20.7621
-20.2576
-19.7475
-19.2328
-18.7141
-18.1923
-17.6684
-17.1429
-16.6168
-16.0906
-15.565
-15.0406
-14.5181
-13.998
-13.4808
-12.9671
-12.4573
-11.9521
-11.4518
-10.9569
-10.4679
-9.98526
-9.50933
-9.04055
-8.57931
-8.12601
-7.68101
-7.24467
-6.81733
-6.39934
-5.991
-5.59262
-5.20451
-4.82693
-4.46017
-4.10447
-3.76008
-3.42724
-3.10616
-2.79707
-2.50015
-2.21559
-1.94358
-1.68427
-1.43782
-1.20438
-0.98407
-0.777019
-0.583329
-0.403082
-0.236339
-0.0831433
0.0565136
0.182719
0.295668
0.395706
0.483398
0.559651
0.62501
0.677138
0.728422
0.851192
-49.9183
-30.4738
-25.7112
-24.7048
-23.6938
-22.9216
-22.3658
-21.9228
-21.549
-21.2188
-20.9123
-20.6156
-20.3194
-20.0176
-19.7063
-19.3836
-19.0484
-18.7005
-18.3401
-17.968
-17.5849
-17.1917
-16.7892
-16.3785
-15.9603
-15.5357
-15.1054
-14.6704
-14.2313
-13.789
-13.3442
-12.8977
-12.4501
-12.0023
-11.5547
-11.1082
-10.6632
-10.2205
-9.78061
-9.34414
-8.91164
-8.48366
-8.06071
-7.64332
-7.23196
-6.82713
-6.42926
-6.03881
-5.6562
-5.28184
-4.91611
-4.5594
-4.21206
-3.87444
-3.54686
-3.22964
-2.92308
-2.62745
-2.34303
-2.07008
-1.80882
-1.55949
-1.32229
-1.09742
-0.885057
-0.685378
-0.498531
-0.324653
-0.163855
-0.0162256
0.118182
0.239361
0.347367
0.442347
0.52466
0.595106
0.653572
0.698665
0.758845
0.875149
-59.1794
-35.0329
-26.6826
-24.1977
-22.472
-21.324
-20.5939
-20.089
-19.7165
-19.4237
-19.1745
-18.9452
-18.7211
-18.493
-18.2553
-18.005
-17.7405
-17.4614
-17.1678
-16.86
-16.5388
-16.2051
-15.8596
-15.5033
-15.1372
-14.7621
-14.3789
-13.9886
-13.592
-13.19
-12.7833
-12.3728
-11.9594
-11.5436
-11.1264
-10.7084
-10.2904
-9.87301
-9.45693
-9.0428
-8.63126
-8.22291
-7.81836
-7.41816
-7.02289
-6.63306
-6.24919
-5.87178
-5.50131
-5.13823
-4.78299
-4.43601
-4.09769
-3.76843
-3.44859
-3.13853
-2.83858
-2.54907
-2.27029
-2.00255
-1.74609
-1.50119
-1.26808
-1.04698
-0.838101
-0.641638
-0.457768
-0.286647
-0.128416
0.0168061
0.148921
0.267865
0.373612
0.466188
0.5458
0.612999
0.667422
0.709576
0.769633
0.866848
-62.4884
-36.6486
-27.1255
-24.094
-22.0178
-20.6445
-19.7891
-19.2234
-18.8305
-18.5422
-18.3125
-18.1113
-17.9199
-17.7265
-17.5244
-17.3096
-17.0802
-16.8353
-16.5748
-16.2991
-16.0089
-15.7049
-15.3879
-15.0589
-14.7189
-14.3686
-14.0091
-13.6413
-13.2661
-12.8843
-12.4968
-12.1046
-11.7083
-11.3088
-10.9069
-10.5034
-10.0991
-9.69451
-9.29051
-8.88774
-8.48687
-8.08854
-7.69337
-7.30197
-6.91492
-6.53278
-6.1561
-5.78539
-5.42117
-5.06392
-4.71409
-4.37215
-4.03852
-3.7136
-3.3978
-3.09147
-2.79499
-2.50868
-2.23287
-1.96787
-1.71395
-1.47139
-1.24045
-1.02135
-0.814331
-0.619586
-0.437309
-0.26767
-0.110826
0.0330873
0.163951
0.281675
0.386198
0.477505
0.555762
0.621445
0.674077
0.714827
0.774187
0.865474
-62.4884
-36.6486
-27.1255
-24.094
-22.0178
-20.6445
-19.7891
-19.2234
-18.8305
-18.5422
-18.3125
-18.1113
-17.9199
-17.7265
-17.5244
-17.3096
-17.0802
-16.8353
-16.5748
-16.2991
-16.0089
-15.7049
-15.3879
-15.0589
-14.7189
-14.3686
-14.0091
-13.6413
-13.2661
-12.8843
-12.4968
-12.1046
-11.7083
-11.3088
-10.9069
-10.5034
-10.0991
-9.69451
-9.29051
-8.88774
-8.48687
-8.08854
-7.69337
-7.30197
-6.91492
-6.53278
-6.1561
-5.78539
-5.42117
-5.06392
-4.71409
-4.37215
-4.03852
-3.7136
-3.3978
-3.09147
-2.79499
-2.50868
-2.23287
-1.96787
-1.71395
-1.47139
-1.24045
-1.02135
-0.814331
-0.619586
-0.437309
-0.26767
-0.110826
0.0330873
0.163951
0.281675
0.386198
0.477505
0.555762
0.621445
0.674077
0.714827
0.774187
0.865474
-59.1794
-35.0329
-26.6826
-24.1977
-22.472
-21.324
-20.5939
-20.089
-19.7165
-19.4237
-19.1745
-18.9452
-18.7211
-18.493
-18.2553
-18.005
-17.7405
-17.4614
-17.1678
-16.86
-16.5388
-16.2051
-15.8596
-15.5033
-15.1372
-14.7621
-14.3789
-13.9886
-13.592
-13.19
-12.7833
-12.3728
-11.9594
-11.5436
-11.1264
-10.7084
-10.2904
-9.87301
-9.45693
-9.0428
-8.63126
-8.22291
-7.81836
-7.41816
-7.02289
-6.63306
-6.24919
-5.87178
-5.50131
-5.13823
-4.78299
-4.43601
-4.09769
-3.76843
-3.44859
-3.13853
-2.83858
-2.54907
-2.27029
-2.00255
-1.74609
-1.50119
-1.26808
-1.04698
-0.838101
-0.641638
-0.457768
-0.286647
-0.128416
0.0168062
0.148921
0.267865
0.373612
0.466188
0.5458
0.612999
0.667422
0.709576
0.769633
0.866848
-49.9183
-30.4738
-25.7112
-24.7048
-23.6938
-22.9216
-22.3658
-21.9228
-21.549
-21.2188
-20.9123
-20.6156
-20.3194
-20.0176
-19.7063
-19.3836
-19.0484
-18.7005
-18.3401
-17.968
-17.5849
-17.1917
-16.7892
-16.3785
-15.9603
-15.5357
-15.1054
-14.6704
-14.2313
-13.789
-13.3442
-12.8977
-12.4501
-12.0023
-11.5547
-11.1082
-10.6632
-10.2205
-9.78061
-9.34414
-8.91164
-8.48366
-8.06071
-7.64332
-7.23196
-6.82713
-6.42926
-6.03881
-5.6562
-5.28184
-4.91611
-4.5594
-4.21206
-3.87444
-3.54686
-3.22964
-2.92308
-2.62745
-2.34303
-2.07008
-1.80882
-1.55949
-1.32229
-1.09742
-0.885057
-0.685378
-0.498532
-0.324653
-0.163855
-0.0162257
0.118182
0.239361
0.347367
0.442347
0.52466
0.595106
0.653572
0.698665
0.758845
0.87515
-35.1984
-26.6204
-26.9629
-27.6712
-27.5548
-27.1485
-26.6502
-26.1246
-25.6041
-25.0996
-24.6105
-24.1325
-23.6602
-23.189
-22.7154
-22.2368
-21.7519
-21.2604
-20.7621
-20.2576
-19.7475
-19.2328
-18.7141
-18.1923
-17.6684
-17.1429
-16.6168
-16.0906
-15.565
-15.0406
-14.5181
-13.998
-13.4808
-12.9671
-12.4573
-11.9521
-11.4518
-10.9569
-10.4679
-9.98526
-9.50933
-9.04055
-8.57931
-8.12601
-7.68101
-7.24467
-6.81733
-6.39934
-5.991
-5.59263
-5.20451
-4.82693
-4.46017
-4.10447
-3.76008
-3.42724
-3.10616
-2.79707
-2.50015
-2.21559
-1.94358
-1.68427
-1.43782
-1.20438
-0.984069
-0.777018
-0.583329
-0.403082
-0.236339
-0.0831436
0.0565131
0.182718
0.295667
0.395705
0.483397
0.55965
0.625009
0.677138
0.728421
0.851191
79.2968
55.5327
52.6537
51.7108
50.5052
49.4729
48.4895
47.4437
46.3031
45.0713
43.768
42.4182
41.0447
39.6661
38.2963
36.9448
35.6178
34.3191
33.0507
31.8136
30.608
29.434
28.2909
27.1784
26.096
25.0431
24.0192
23.0237
22.0563
21.1163
20.2033
19.3168
18.4565
17.6218
16.8123
16.0276
15.2672
14.5307
13.8177
13.1277
12.4604
11.8153
11.1921
10.5904
10.0097
9.44964
8.90995
8.39022
7.8901
7.40925
6.94733
6.50402
6.07901
5.67199
5.28267
4.91076
4.556
4.21811
3.89684
3.59194
3.30318
3.03034
2.77321
2.53158
2.30525
2.09404
1.89776
1.71622
1.54924
1.39662
1.25812
1.13343
1.02213
0.923617
0.837022
0.761156
0.693937
0.630896
0.578698
0.585345
91.4358
64.6474
60.0746
58.8431
56.9531
55.2369
53.6632
52.1047
50.5319
48.9432
47.3458
45.7506
44.1681
42.6067
41.0729
39.5708
38.1031
36.6715
35.2766
33.9186
32.5972
31.3121
30.0628
28.8485
27.6688
26.523
25.4105
24.3306
23.2828
22.2663
21.2807
20.3253
19.3996
18.5028
17.6346
16.7943
15.9813
15.1951
14.4352
13.701
12.9919
12.3075
11.6473
11.0108
10.3974
9.80664
9.23815
8.69143
8.16604
7.66155
7.17753
6.71359
6.26932
5.84434
5.4383
5.05082
4.68157
4.33022
3.99645
3.67995
3.38042
3.09761
2.83122
2.58102
2.34676
2.12821
1.92514
1.73734
1.56459
1.40669
1.26339
1.13446
1.01957
0.918319
0.830166
0.754424
0.688852
0.629332
0.589842
0.56655
102.093
72.2372
64.6315
62.4265
60.1325
58.0884
56.2266
54.4174
52.6321
50.8665
49.1226
47.4047
45.7173
44.0641
42.4477
40.8697
39.3312
37.8325
36.3737
34.9545
33.5745
32.2331
30.9299
29.6642
28.4353
27.2425
26.0852
24.9627
23.8744
22.8195
21.7974
20.8074
19.8489
18.9212
18.0237
17.1558
16.3167
15.5059
14.7229
13.9668
13.2373
12.5337
11.8554
11.2019
10.5727
9.96715
9.38481
8.82516
8.2877
7.77197
7.27749
6.80382
6.35052
5.91717
5.50336
5.10869
4.73279
4.37529
4.03583
3.71409
3.40973
3.12246
2.85197
2.59798
2.36023
2.13846
1.93243
1.74192
1.56669
1.40653
1.26123
1.13057
1.01428
0.912043
0.823481
0.74801
0.683403
0.626581
0.58864
0.539476
105.457
74.1711
66.0151
63.8081
61.5108
59.4031
57.456
55.5561
53.6836
51.8393
50.026
48.2477
46.5074
44.8073
43.1485
41.5316
39.9569
38.424
36.9328
35.4826
34.073
32.7034
31.373
30.0813
28.8276
27.6111
26.4312
25.2872
24.1784
23.1041
22.0635
21.0561
20.081
19.1376
18.2253
17.3433
16.491
15.6677
14.8728
14.1057
13.3657
12.6523
11.9648
11.3027
10.6653
10.0522
9.46274
8.89644
8.35279
7.83126
7.33139
6.8527
6.39472
5.95702
5.53918
5.14076
4.76139
4.40067
4.05824
3.73375
3.42685
3.13722
2.86456
2.60857
2.36897
2.1455
1.93791
1.74595
1.56941
1.40807
1.26171
1.13013
1.0131
0.910314
0.821438
0.745876
0.681323
0.625101
0.587314
0.530759
105.457
74.1711
66.0151
63.8081
61.5108
59.4031
57.456
55.5561
53.6836
51.8393
50.026
48.2477
46.5074
44.8073
43.1485
41.5316
39.9569
38.424
36.9328
35.4826
34.073
32.7034
31.373
30.0813
28.8276
27.6111
26.4312
25.2872
24.1784
23.1041
22.0635
21.0561
20.081
19.1376
18.2253
17.3433
16.491
15.6677
14.8728
14.1057
13.3657
12.6523
11.9648
11.3027
10.6653
10.0522
9.46274
8.89644
8.35279
7.83126
7.33139
6.8527
6.39472
5.95702
5.53918
5.14077
4.76139
4.40067
4.05824
3.73375
3.42685
3.13722
2.86456
2.60857
2.36897
2.1455
1.93791
1.74595
1.56941
1.40807
1.26171
1.13013
1.0131
0.910314
0.821438
0.745876
0.681323
0.625101
0.587314
0.530759
102.093
72.2372
64.6315
62.4265
60.1325
58.0884
56.2266
54.4174
52.6321
50.8665
49.1226
47.4047
45.7173
44.0641
42.4477
40.8697
39.3312
37.8325
36.3737
34.9545
33.5745
32.2331
30.9299
29.6642
28.4353
27.2425
26.0852
24.9627
23.8744
22.8195
21.7974
20.8074
19.8489
18.9212
18.0237
17.1558
16.3167
15.5059
14.7229
13.9668
13.2373
12.5337
11.8554
11.2019
10.5727
9.96715
9.38481
8.82516
8.2877
7.77197
7.27749
6.80382
6.35052
5.91717
5.50336
5.10869
4.73279
4.37529
4.03583
3.71409
3.40973
3.12246
2.85197
2.59798
2.36023
2.13846
1.93244
1.74192
1.56669
1.40653
1.26123
1.13057
1.01428
0.912043
0.823481
0.74801
0.683403
0.626581
0.58864
0.539477
91.4358
64.6474
60.0746
58.8431
56.9531
55.2369
53.6632
52.1047
50.5319
48.9432
47.3458
45.7506
44.1681
42.6067
41.0729
39.5708
38.1031
36.6715
35.2766
33.9186
32.5972
31.3121
30.0628
28.8485
27.6688
26.523
25.4105
24.3306
23.2828
22.2663
21.2807
20.3253
19.3996
18.5028
17.6346
16.7943
15.9813
15.1951
14.4352
13.701
12.9919
12.3075
11.6473
11.0108
10.3974
9.80664
9.23815
8.69143
8.16604
7.66155
7.17753
6.71359
6.26932
5.84434
5.4383
5.05082
4.68157
4.33022
3.99645
3.67995
3.38043
3.09761
2.83122
2.58103
2.34677
2.12821
1.92514
1.73734
1.56459
1.40669
1.26339
1.13446
1.01957
0.918319
0.830166
0.754424
0.688852
0.629332
0.589842
0.566551
79.2968
55.5327
52.6537
51.7108
50.5052
49.4729
48.4895
47.4437
46.3031
45.0713
43.768
42.4182
41.0447
39.6661
38.2963
36.9448
35.6178
34.3191
33.0507
31.8136
30.608
29.434
28.2909
27.1785
26.096
25.0431
24.0192
23.0237
22.0563
21.1163
20.2033
19.3168
18.4565
17.6218
16.8123
16.0276
15.2672
14.5307
13.8177
13.1277
12.4604
11.8153
11.1921
10.5904
10.0097
9.44964
8.90995
8.39022
7.8901
7.40925
6.94733
6.50402
6.07901
5.67199
5.28267
4.91076
4.556
4.2181
3.89683
3.59193
3.30318
3.03034
2.77321
2.53158
2.30525
2.09404
1.89776
1.71622
1.54924
1.39662
1.25812
1.13343
1.02213
0.923617
0.837022
0.761155
0.693937
0.630896
0.578697
0.585344
183.293
132.932
127.842
126.575
124.232
122.029
119.782
117.325
114.652
111.8
108.822
105.769
102.68
99.5868
96.5107
93.4663
90.4627
87.5059
84.5991
81.7442
78.9422
76.1934
73.4979
70.8557
68.2666
65.7304
63.247
60.8161
58.4375
56.1111
53.8365
51.6137
49.4423
47.3221
45.2529
43.2344
41.2663
39.3484
37.4805
35.6622
33.8932
32.1733
30.5021
28.8795
27.305
25.7785
24.2995
22.8679
21.4834
20.1456
18.8543
17.6092
16.41
15.2566
14.1485
13.0856
12.0676
11.0943
10.1654
9.28075
8.44004
7.64308
6.88966
6.17958
5.51262
4.88859
4.30728
3.76846
3.27188
2.81727
2.40424
2.03223
1.70046
1.4077
1.15216
0.931206
0.740978
0.575949
0.435504
0.329772
215.892
151.725
140.539
137.351
132.799
128.879
125.402
122.024
118.665
115.31
111.961
108.628
105.323
102.055
98.8317
95.6577
92.5363
89.4698
86.4592
83.5052
80.6081
77.768
74.9847
72.2581
69.5881
66.9744
64.4167
61.9148
59.4684
57.0772
54.7409
52.4592
50.2319
48.0584
45.9386
43.872
41.8583
39.8972
37.9883
36.1311
34.3255
32.5709
30.867
29.2134
27.6098
26.0558
24.5511
23.0952
21.6879
20.3287
19.0173
17.7535
16.5367
15.3668
14.2434
13.1662
12.1349
11.1491
10.2087
9.31321
8.46248
7.65621
6.89414
6.17604
5.50165
4.87073
4.28305
3.73837
3.23644
2.777
2.35974
1.98428
1.65013
1.35658
1.10259
0.88651
0.704899
0.552232
0.425988
0.281984
243.394
169.663
149.975
143.702
137.651
132.682
128.446
124.509
120.741
117.088
113.522
110.028
106.601
103.237
99.9336
96.6912
93.5087
90.3859
87.3226
84.3186
81.3738
78.4879
75.6608
72.8923
70.1821
67.53
64.9356
62.3988
59.9192
57.4964
55.1302
52.8201
50.5657
48.3668
46.2228
44.1334
42.0983
40.1168
38.1888
36.3137
34.4911
32.7207
31.0019
29.3344
27.7178
26.1516
24.6355
23.169
21.7518
20.3834
19.0635
17.7917
16.5677
15.391
14.2613
13.1783
12.1417
11.151
10.206
9.30644
8.4519
7.64215
6.87689
6.15585
5.47878
4.8454
4.25548
3.70877
3.20504
2.74404
2.32554
1.94926
1.61487
1.32195
1.06983
0.857272
0.681139
0.536062
0.413573
0.246375
252.305
174.68
153.032
146.248
139.819
134.486
129.95
125.773
121.815
118.016
114.338
110.759
107.266
103.849
100.503
97.2233
94.0082
90.8558
87.7651
84.7353
81.766
78.8567
76.0073
73.2175
70.4868
67.8152
65.2023
62.6478
60.1513
57.7125
55.331
53.0065
50.7385
48.5266
46.3704
44.2694
42.2233
40.2316
38.2939
36.4097
34.5785
32.8
31.0737
29.3991
27.7759
26.2035
24.6816
23.2097
21.7875
20.4145
19.0902
17.8144
16.5867
15.4065
14.2737
13.1877
12.1483
11.1552
10.2079
9.30614
8.44966
7.63812
6.87122
6.14868
5.47022
4.8356
4.24454
3.69682
3.1922
2.73046
2.31139
1.93476
1.60032
1.30772
1.05642
0.845226
0.67096
0.528369
0.407139
0.233775
252.305
174.68
153.032
146.248
139.819
134.486
129.95
125.773
121.815
118.016
114.338
110.759
107.266
103.849
100.503
97.2233
94.0082
90.8558
87.7651
84.7353
81.766
78.8567
76.0073
73.2175
70.4868
67.8152
65.2023
62.6478
60.1513
57.7125
55.331
53.0065
50.7385
48.5266
46.3704
44.2694
42.2233
40.2316
38.2939
36.4097
34.5785
32.8
31.0737
29.3991
27.7759
26.2035
24.6816
23.2097
21.7875
20.4145
19.0902
17.8144
16.5867
15.4065
14.2737
13.1877
12.1483
11.1552
10.2079
9.30614
8.44966
7.63812
6.87122
6.14868
5.47022
4.8356
4.24454
3.69682
3.1922
2.73046
2.31139
1.93476
1.60032
1.30772
1.05642
0.845226
0.67096
0.528369
0.407139
0.233775
243.394
169.663
149.975
143.702
137.651
132.682
128.446
124.509
120.741
117.088
113.522
110.028
106.601
103.237
99.9336
96.6912
93.5087
90.3859
87.3226
84.3186
81.3738
78.4879
75.6608
72.8923
70.1821
67.53
64.9356
62.3988
59.9192
57.4964
55.1302
52.8201
50.5657
48.3668
46.2228
44.1334
42.0983
40.1168
38.1888
36.3137
34.4911
32.7207
31.0019
29.3344
27.7178
26.1516
24.6355
23.169
21.7518
20.3834
19.0635
17.7917
16.5677
15.391
14.2613
13.1783
12.1417
11.151
10.206
9.30644
8.4519
7.64215
6.87689
6.15585
5.47878
4.8454
4.25548
3.70877
3.20504
2.74404
2.32554
1.94926
1.61487
1.32195
1.06983
0.857272
0.681139
0.536062
0.413573
0.246375
215.892
151.725
140.539
137.351
132.799
128.879
125.402
122.024
118.665
115.31
111.961
108.628
105.323
102.055
98.8317
95.6577
92.5363
89.4698
86.4592
83.5052
80.6081
77.768
74.9847
72.2581
69.5881
66.9744
64.4167
61.9148
59.4684
57.0772
54.7409
52.4592
50.2319
48.0584
45.9386
43.872
41.8583
39.8972
37.9883
36.1311
34.3255
32.5709
30.867
29.2134
27.6098
26.0558
24.5511
23.0952
21.6879
20.3287
19.0173
17.7535
16.5367
15.3668
14.2434
13.1662
12.1349
11.1491
10.2087
9.31321
8.46248
7.65621
6.89414
6.17604
5.50165
4.87073
4.28305
3.73837
3.23644
2.777
2.35974
1.98428
1.65013
1.35658
1.10259
0.88651
0.704898
0.552232
0.425987
0.281983
183.293
132.932
127.842
126.575
124.232
122.029
119.782
117.325
114.652
111.8
108.822
105.769
102.68
99.5868
96.5107
93.4663
90.4627
87.5059
84.5991
81.7442
78.9422
76.1934
73.4979
70.8557
68.2666
65.7304
63.247
60.8161
58.4375
56.1111
53.8365
51.6137
49.4423
47.3221
45.2529
43.2344
41.2663
39.3484
37.4805
35.6622
33.8932
32.1733
30.5021
28.8795
27.305
25.7785
24.2995
22.8679
21.4834
20.1456
18.8543
17.6092
16.41
15.2566
14.1485
13.0856
12.0676
11.0943
10.1654
9.28075
8.44004
7.64308
6.88966
6.17957
5.51262
4.88859
4.30728
3.76846
3.27188
2.81727
2.40424
2.03223
1.70046
1.4077
1.15216
0.931207
0.740979
0.57595
0.435504
0.329773
268.969
202.056
198.305
197.785
194.876
191.818
188.465
184.69
180.563
176.183
171.641
167.011
162.346
157.685
153.052
148.462
143.927
139.452
135.04
130.695
126.418
122.208
118.068
113.997
109.995
106.064
102.202
98.4118
94.6919
91.0431
87.4655
83.9594
80.5249
77.1622
73.8715
70.6529
67.5065
64.4323
61.4305
58.5012
55.6443
52.86
50.1482
47.509
44.9424
42.4484
40.0269
37.6779
35.4015
33.1975
31.066
29.0068
27.0199
25.1054
23.2629
21.4927
19.7944
18.1681
16.6136
15.1309
13.7199
12.3805
11.1125
9.91584
8.79042
7.73611
6.75277
5.84023
4.99829
4.22669
3.52508
2.89296
2.32961
1.834
1.40462
1.03935
0.735339
0.488877
0.294527
0.129374
302.278
219.446
212.817
211.022
204.96
199.334
194.202
189.178
184.192
179.234
174.306
169.416
164.573
159.784
155.053
150.384
145.779
141.241
136.77
132.367
128.033
123.768
119.573
115.448
111.393
107.41
103.497
99.6566
95.8875
92.1905
88.5656
85.0132
81.5334
78.1263
74.7921
71.5309
68.3428
65.2279
62.1863
59.2181
56.3233
53.5019
50.754
48.0796
45.4787
42.9513
40.4973
38.1169
35.8098
33.5762
31.4159
29.3289
27.3151
25.3745
23.507
21.7125
19.991
18.3423
16.7664
15.2631
13.8323
12.474
11.188
9.97415
8.8324
7.76258
6.76454
5.83813
4.98317
4.19946
3.48679
2.84486
2.27336
1.77186
1.33982
0.976403
0.680034
0.447629
0.268393
0.0875388
333.769
239.18
224.189
219.312
211.093
203.77
197.431
191.564
185.996
180.644
175.45
170.382
165.419
160.545
155.753
151.036
146.393
141.821
137.319
132.887
128.525
124.233
120.013
115.863
111.785
107.778
103.843
99.9811
96.1914
92.4746
88.8307
85.2601
81.7628
78.339
74.9888
71.7123
68.5096
65.3808
62.326
59.3451
56.4382
53.6053
50.8465
48.1617
45.5509
43.0142
40.5514
38.1625
35.8476
33.6064
31.4391
29.3454
27.3253
25.3788
23.5058
21.7061
19.9796
18.3264
16.7461
15.2388
13.8042
12.4424
11.1531
9.93622
8.7916
7.71911
6.71859
5.78991
4.93291
4.14746
3.43341
2.79065
2.2191
1.7187
1.2894
0.930959
0.642402
0.420891
0.251091
0.0651663
343.569
244.248
227.793
222.643
213.852
205.904
199.061
192.811
186.96
181.403
176.065
170.896
165.861
160.937
156.107
151.363
146.696
142.105
137.585
133.138
128.761
124.456
120.222
116.059
111.968
107.95
104.004
100.131
96.3307
92.6039
88.9506
85.3709
81.8649
78.4329
75.0749
71.791
68.5813
65.4458
62.3847
59.3978
56.4852
53.647
50.8832
48.1936
45.5784
43.0374
40.5707
38.1781
35.8596
33.6152
31.4448
29.3483
27.3256
25.3766
23.5012
21.6994
19.9709
18.3158
16.7338
15.2249
13.7889
12.4257
11.1351
9.91707
8.77138
7.69791
6.69651
5.76705
4.9094
4.12344
3.4091
2.76633
2.19517
1.69568
1.26795
0.911839
0.626427
0.40897
0.242775
0.0562556
343.569
244.248
227.793
222.643
213.852
205.904
199.061
192.811
186.96
181.403
176.065
170.896
165.861
160.937
156.107
151.363
146.696
142.105
137.585
133.138
128.761
124.456
120.222
116.059
111.968
107.95
104.004
100.131
96.3307
92.6039
88.9506
85.3709
81.8649
78.4329
75.0749
71.791
68.5813
65.4458
62.3847
59.3978
56.4852
53.647
50.8832
48.1936
45.5784
43.0374
40.5707
38.1781
35.8596
33.6152
31.4448
29.3483
27.3256
25.3766
23.5012
21.6994
19.9709
18.3158
16.7338
15.2249
13.7889
12.4257
11.1351
9.91707
8.77138
7.69791
6.69651
5.76705
4.9094
4.12344
3.4091
2.76633
2.19517
1.69568
1.26795
0.911839
0.626428
0.408971
0.242773
0.0562548
333.769
239.18
224.189
219.312
211.093
203.77
197.431
191.564
185.996
180.644
175.45
170.382
165.419
160.545
155.753
151.036
146.393
141.821
137.319
132.887
128.525
124.233
120.013
115.863
111.785
107.778
103.843
99.9811
96.1914
92.4746
88.8307
85.2601
81.7628
78.339
74.9888
71.7123
68.5096
65.3808
62.326
59.3451
56.4382
53.6053
50.8465
48.1617
45.5509
43.0142
40.5514
38.1625
35.8476
33.6064
31.4391
29.3454
27.3253
25.3788
23.5058
21.7061
19.9796
18.3264
16.7461
15.2388
13.8042
12.4424
11.1531
9.93622
8.7916
7.71911
6.71859
5.78991
4.93291
4.14746
3.43341
2.79065
2.2191
1.7187
1.2894
0.93096
0.642403
0.420892
0.251089
0.0651647
302.278
219.446
212.817
211.022
204.96
199.334
194.202
189.178
184.192
179.234
174.306
169.416
164.573
159.784
155.053
150.384
145.779
141.241
136.77
132.367
128.033
123.768
119.573
115.448
111.393
107.41
103.497
99.6566
95.8875
92.1905
88.5656
85.0132
81.5334
78.1263
74.7921
71.5309
68.3428
65.2279
62.1863
59.2181
56.3233
53.5019
50.754
48.0796
45.4787
42.9513
40.4973
38.1169
35.8098
33.5762
31.4159
29.3289
27.3151
25.3745
23.507
21.7125
19.991
18.3423
16.7664
15.2631
13.8323
12.474
11.188
9.97415
8.8324
7.76258
6.76454
5.83813
4.98317
4.19946
3.48679
2.84486
2.27336
1.77186
1.33982
0.976403
0.680035
0.447629
0.268393
0.0875361
268.969
202.056
198.305
197.785
194.876
191.818
188.465
184.69
180.563
176.183
171.641
167.011
162.346
157.685
153.052
148.462
143.927
139.452
135.04
130.695
126.418
122.208
118.068
113.997
109.995
106.064
102.202
98.4118
94.6919
91.0431
87.4655
83.9594
80.5249
77.1622
73.8715
70.6529
67.5065
64.4323
61.4305
58.5012
55.6443
52.86
50.1482
47.509
44.9424
42.4484
40.0269
37.6779
35.4015
33.1975
31.066
29.0068
27.0199
25.1054
23.2629
21.4927
19.7944
18.1681
16.6136
15.1309
13.7199
12.3805
11.1125
9.91584
8.79042
7.73611
6.75277
5.84023
4.99829
4.22669
3.52508
2.89296
2.32961
1.834
1.40462
1.03935
0.735338
0.488877
0.294528
0.129375
337.833
269.512
266.29
265.889
262.451
257.987
252.857
247.228
241.261
235.089
228.81
222.494
216.188
209.921
203.714
197.578
191.522
185.548
179.662
173.864
168.156
162.539
157.014
151.58
146.24
140.992
135.839
130.779
125.813
120.942
116.166
111.485
106.899
102.409
98.0153
93.717
89.5149
85.409
81.3994
77.4862
73.6696
69.9494
66.3259
62.7991
59.3689
56.0354
52.7986
49.6586
46.6152
43.6685
40.8184
38.065
35.4082
32.848
30.3843
28.0171
25.7463
23.5719
21.4939
19.5121
17.6265
15.8371
14.1438
12.5464
11.045
9.63935
8.32943
7.11509
5.99619
4.97253
4.04391
3.21009
2.47088
1.82627
1.27665
0.823411
0.469735
0.21936
0.0782143
0.0535169
357.102
286.636
282.174
279.021
271.914
264.574
257.402
250.364
243.462
236.687
230.028
223.475
217.021
210.662
204.393
198.213
192.123
186.121
180.208
174.386
168.654
163.014
157.465
152.01
146.647
141.378
136.204
131.124
126.138
121.249
116.454
111.755
107.153
102.646
98.2362
93.9225
89.7055
85.5852
81.5617
77.6351
73.8055
70.0729
66.4373
62.8988
59.4574
56.1131
52.8658
49.7157
46.6626
43.7065
40.8475
38.0855
35.4204
32.8522
30.3808
28.0063
25.7285
23.5474
21.4629
19.475
17.5836
15.7886
14.0899
12.4875
10.9812
9.57104
8.25682
7.03843
5.91579
4.88878
3.95734
3.12149
2.38147
1.73786
1.19196
0.746203
0.404683
0.171032
0.0505759
0.0512473
384.113
303.448
293.684
287.965
278.455
269.084
260.398
252.29
244.66
237.403
230.433
223.683
217.108
210.674
204.36
198.153
192.045
186.032
180.112
174.283
168.546
162.901
157.348
151.888
146.522
141.249
136.072
130.989
126.001
121.109
116.313
111.613
107.009
102.502
98.0916
93.7778
89.5609
85.4411
81.4182
77.4925
73.664
69.9327
66.2986
62.7617
59.322
55.9796
52.7344
49.5864
46.5355
43.5817
40.725
37.9654
35.3027
32.737
30.2681
27.8961
25.6207
23.4421
21.3601
19.3746
17.4856
15.6929
13.9965
12.3963
10.8922
9.48412
8.17193
6.95558
5.835
4.81016
3.88113
3.04817
2.31178
1.67296
1.1334
0.695915
0.364874
0.143875
0.0373356
0.0500474
393.623
308.253
297.702
291.746
281.521
271.345
261.979
253.352
245.345
237.828
230.682
223.817
217.168
210.688
204.346
198.121
192.003
185.983
180.058
174.227
168.487
162.84
157.286
151.825
146.457
141.184
136.005
130.921
125.933
121.04
116.244
111.544
106.94
102.433
98.0221
93.7085
89.492
85.3725
81.3502
77.4251
73.5973
69.8667
66.2334
62.6974
59.2587
55.9173
52.6731
49.5261
46.4764
43.5237
40.6682
37.9097
35.2482
32.6837
30.216
27.8451
25.571
23.3935
21.3126
19.3282
17.4403
15.6488
13.9534
12.3542
10.8511
9.44401
8.13281
6.91745
5.7979
4.77418
3.84646
3.01509
2.28071
1.64446
1.10812
0.674534
0.347968
0.131982
0.030582
0.0461423
393.623
308.253
297.702
291.746
281.521
271.345
261.979
253.352
245.345
237.828
230.682
223.817
217.168
210.688
204.346
198.121
192.003
185.983
180.058
174.227
168.487
162.84
157.286
151.825
146.457
141.184
136.005
130.921
125.933
121.04
116.244
111.544
106.94
102.433
98.0221
93.7085
89.492
85.3725
81.3502
77.4251
73.5973
69.8667
66.2334
62.6974
59.2587
55.9173
52.6731
49.5261
46.4764
43.5237
40.6682
37.9097
35.2482
32.6837
30.216
27.8451
25.5709
23.3935
21.3126
19.3282
17.4403
15.6488
13.9534
12.3542
10.8511
9.44401
8.13281
6.91745
5.7979
4.77418
3.84646
3.01509
2.28071
1.64446
1.10812
0.674535
0.347969
0.131977
0.0305729
0.0461595
384.113
303.448
293.684
287.965
278.455
269.084
260.398
252.29
244.66
237.403
230.433
223.683
217.108
210.674
204.36
198.153
192.045
186.032
180.112
174.283
168.546
162.901
157.348
151.888
146.522
141.249
136.072
130.989
126.001
121.109
116.313
111.613
107.009
102.502
98.0916
93.7778
89.5609
85.4411
81.4182
77.4925
73.664
69.9327
66.2986
62.7617
59.322
55.9796
52.7344
49.5864
46.5355
43.5817
40.725
37.9654
35.3027
32.737
30.2681
27.8961
25.6207
23.4421
21.3601
19.3746
17.4856
15.6929
13.9965
12.3963
10.8922
9.48412
8.17193
6.95558
5.835
4.81016
3.88113
3.04817
2.31178
1.67296
1.1334
0.695917
0.364875
0.143869
0.0373279
0.0500632
357.102
286.636
282.174
279.021
271.914
264.574
257.402
250.364
243.462
236.687
230.028
223.475
217.021
210.662
204.393
198.213
192.123
186.121
180.208
174.386
168.654
163.014
157.465
152.01
146.647
141.378
136.204
131.124
126.138
121.249
116.454
111.755
107.153
102.646
98.2362
93.9225
89.7055
85.5852
81.5617
77.6351
73.8055
70.0729
66.4373
62.8988
59.4574
56.1131
52.8658
49.7157
46.6626
43.7065
40.8475
38.0855
35.4204
32.8522
30.3808
28.0063
25.7285
23.5474
21.4629
19.475
17.5836
15.7886
14.0899
12.4875
10.9812
9.57104
8.25682
7.03844
5.91579
4.88878
3.95734
3.12149
2.38147
1.73786
1.19196
0.746204
0.404681
0.171028
0.0505782
0.0512385
337.833
269.512
266.29
265.889
262.451
257.987
252.857
247.228
241.261
235.089
228.81
222.494
216.188
209.921
203.714
197.578
191.522
185.548
179.662
173.864
168.156
162.539
157.014
151.58
146.24
140.992
135.839
130.779
125.813
120.942
116.166
111.485
106.899
102.409
98.0153
93.717
89.5149
85.409
81.3994
77.4862
73.6696
69.9494
66.3259
62.7991
59.3689
56.0354
52.7986
49.6586
46.6152
43.6685
40.8184
38.065
35.4082
32.848
30.3843
28.0171
25.7463
23.5719
21.4939
19.5121
17.6265
15.8371
14.1438
12.5464
11.045
9.63935
8.32943
7.11509
5.99619
4.97253
4.04391
3.21009
2.47089
1.82627
1.27665
0.82341
0.469733
0.219361
0.078216
0.0535289
)
;

boundaryField
{
    left
    {
        type            calculated;
        value           nonuniform List<scalar> 
64
(
-411.661
-428.883
-449.173
-458.096
-458.096
-449.173
-428.883
-411.661
-284.484
-333.499
-362.877
-373.055
-373.055
-362.877
-333.499
-284.484
-157.892
-197.086
-222.193
-230.854
-230.854
-222.193
-197.086
-157.892
-35.1984
-49.9183
-59.1794
-62.4884
-62.4884
-59.1794
-49.9183
-35.1984
79.2968
91.4358
102.093
105.457
105.457
102.093
91.4358
79.2968
183.293
215.892
243.394
252.305
252.305
243.394
215.892
183.293
268.969
302.278
333.769
343.569
343.569
333.769
302.278
268.969
337.833
357.102
384.113
393.623
393.623
384.113
357.102
337.833
)
;
    }
    right
    {
        type            calculated;
        value           nonuniform List<scalar> 
64
(
1.37478
1.37498
1.3736
1.37835
1.37835
1.3736
1.37498
1.37478
1.26569
1.3444
1.35838
1.36757
1.36757
1.35838
1.3444
1.26569
1.01833
1.12162
1.13927
1.14878
1.14879
1.13927
1.12162
1.01833
0.686502
0.765965
0.766288
0.769734
0.769733
0.766287
0.765965
0.686498
0.366529
0.388401
0.364981
0.359702
0.359701
0.36498
0.3884
0.366527
0.132158
0.0953924
0.05902
0.0484678
0.0484689
0.0590212
0.0953922
0.132161
0.0401997
-0.0193264
-0.0408693
-0.0475578
-0.0475594
-0.0408717
-0.0193251
0.0402023
-0.00167324
-0.00730466
-0.00218769
-0.00413113
-0.00414141
-0.00219398
-0.00728818
-0.00167839
)
;
    }
    back
    {
        type            calculated;
        value           nonuniform List<scalar> 
640
(
-390.008
-252.452
-134.971
-27.3266
75.7449
176.973
274.031
367.877
-313.863
-205.305
-108.193
-22.9928
52.6056
124.399
193.501
260.608
-302.598
-201.707
-110.181
-26.2923
50.2295
122.561
191.968
258.637
-298.224
-199.649
-111.171
-28.1081
49.1726
122.114
191.964
259.436
-294.572
-196.937
-110.364
-28.5951
48.1418
120.758
190.534
257.764
-290.342
-194.025
-108.961
-28.4938
47.3215
119.3
188.668
254.71
-285.198
-190.677
-107.193
-28.1207
46.5321
117.571
186.12
250.58
-279.249
-186.878
-105.168
-27.6308
45.6639
115.499
182.899
245.636
-272.691
-182.709
-102.956
-27.0994
44.6777
113.109
179.146
240.121
-265.714
-178.264
-100.61
-26.5586
43.5754
110.463
175.011
234.241
-258.478
-173.631
-98.1718
-26.0203
42.3799
107.635
170.628
228.147
-251.104
-168.886
-95.6744
-25.4869
41.1203
104.691
166.1
221.947
-243.679
-164.087
-93.1441
-24.9568
39.8241
101.686
161.501
215.715
-236.268
-159.274
-90.6
-24.4275
38.5132
98.6588
156.884
209.498
-228.91
-154.479
-88.0556
-23.8963
37.2044
95.6375
152.282
203.324
-221.636
-149.72
-85.5206
-23.3614
35.909
92.6405
147.716
197.212
-214.463
-145.013
-83.0015
-22.8217
34.6347
89.6798
143.2
191.175
-207.402
-140.366
-80.5033
-22.2768
33.3858
86.7627
138.743
185.22
-200.461
-135.785
-78.0294
-21.727
32.1652
83.8936
134.348
179.349
-193.643
-131.274
-75.5825
-21.1727
30.9739
81.0746
130.02
173.566
-186.952
-126.836
-73.1645
-20.6147
29.8123
78.3071
125.759
167.873
-180.388
-122.473
-70.7771
-20.0538
28.6805
75.5915
121.567
162.27
-173.952
-118.186
-68.4216
-19.4909
27.5781
72.9281
117.443
156.759
-167.644
-113.975
-66.0989
-18.9268
26.5046
70.3167
113.39
151.339
-161.463
-109.842
-63.8101
-18.3624
25.4595
67.7573
109.406
146.012
-155.409
-105.787
-61.556
-17.7983
24.4423
65.2496
105.492
140.777
-149.482
-101.809
-59.3371
-17.2353
23.4525
62.7935
101.648
135.636
-143.68
-97.9094
-57.1541
-16.674
22.4896
60.3887
97.8749
130.588
-138.004
-94.0879
-55.0075
-16.115
21.5532
58.0352
94.1727
125.634
-132.452
-90.3446
-52.8979
-15.5589
20.6428
55.7328
90.5414
120.774
-127.023
-86.6794
-50.8255
-15.0062
19.7581
53.4812
86.9814
116.008
-121.717
-83.0923
-48.791
-14.4575
18.8985
51.2802
83.4927
111.338
-116.533
-79.5832
-46.7945
-13.9131
18.0638
49.1297
80.0757
106.762
-111.47
-76.1519
-44.8365
-13.3737
17.2534
47.0295
76.7303
102.282
-106.528
-72.7985
-42.9173
-12.8396
16.467
44.9793
73.4568
97.8965
-101.706
-69.5227
-41.0372
-12.3112
15.7042
42.9789
70.2552
93.607
-97.0024
-66.3243
-39.1965
-11.7891
14.9646
41.0281
67.1257
89.4133
-92.4174
-63.2033
-37.3954
-11.2735
14.2479
39.1267
64.0683
85.3154
-87.9498
-60.1593
-35.6342
-10.765
13.5536
37.2744
61.0831
81.3136
-83.5991
-57.1924
-33.9131
-10.2639
12.8814
35.471
58.1702
77.4079
-79.3645
-54.3021
-32.2323
-9.77054
12.2309
33.7162
55.3295
73.5984
-75.2454
-51.4885
-30.5921
-9.28532
11.6017
32.0097
52.5611
69.8852
-71.2409
-48.7511
-28.9927
-8.80858
10.9935
30.3514
49.8651
66.2682
-67.3506
-46.0899
-27.4341
-8.34066
10.406
28.7408
47.2413
62.7477
-63.5736
-43.5045
-25.9166
-7.8819
9.8387
27.1779
44.6899
59.3236
-59.9093
-40.9949
-24.4403
-7.43259
9.29136
25.6622
42.2107
55.9959
-56.3572
-38.5606
-23.0055
-6.99306
8.76363
24.1936
39.8039
52.7647
-52.9166
-36.2016
-21.6121
-6.5636
8.25518
22.7718
37.4692
49.63
-49.587
-33.9176
-20.2603
-6.14448
7.7657
21.3965
35.2067
46.5917
-46.3676
-31.7083
-18.9503
-5.73597
7.29486
20.0675
33.0164
43.6499
-43.258
-29.5735
-17.6821
-5.33834
6.84237
18.7844
30.8982
40.8045
-40.2575
-27.5131
-16.4559
-4.95184
6.40793
17.5472
28.852
38.0556
-37.3657
-25.5267
-15.2716
-4.57669
5.99125
16.3554
26.8777
35.403
-34.582
-23.6141
-14.1295
-4.21313
5.59206
15.2089
24.9754
32.8469
-31.9059
-21.7751
-13.0295
-3.86138
5.21009
14.1074
23.1449
30.3871
-29.3369
-20.0095
-11.9717
-3.52164
4.84508
13.0507
21.3861
28.0236
-26.8744
-18.317
-10.9562
-3.1941
4.49677
12.0385
19.6989
25.7563
-24.5181
-16.6974
-9.98302
-2.87894
4.16494
11.0706
18.0834
23.5853
-22.2675
-15.1506
-9.05215
-2.57635
3.84933
10.1469
16.5393
21.5105
-20.122
-13.6762
-8.16366
-2.28649
3.54976
9.26703
15.0665
19.5318
-18.0812
-12.2741
-7.31756
-2.00951
3.26597
8.43084
13.665
17.6491
-16.1448
-10.944
-6.51386
-1.74556
2.99779
7.63812
12.3346
15.8624
-14.3123
-9.68584
-5.75259
-1.49476
2.745
6.88868
11.0754
14.1716
-12.5833
-8.49926
-5.03373
-1.25725
2.50744
6.18233
9.88714
12.5767
-10.9574
-7.38412
-4.35728
-1.03313
2.28491
5.51888
8.76976
11.0776
-9.43423
-6.34019
-3.72322
-0.822512
2.07724
4.89814
7.72311
9.6742
-8.01332
-5.36726
-3.13151
-0.625478
1.88427
4.3199
6.74704
8.36637
-6.69429
-4.46506
-2.58208
-0.442119
1.70582
3.78398
5.84138
7.154
-5.4767
-3.63332
-2.07484
-0.272486
1.54173
3.29012
5.00592
6.03692
-4.36006
-2.87168
-1.6096
-0.116574
1.39178
2.83797
4.24037
5.01489
-3.34382
-2.17969
-1.18603
0.0256719
1.2557
2.4271
3.54431
4.08765
-2.42733
-1.55668
-0.803643
0.154375
1.13317
2.05689
2.91713
3.25482
-1.60986
-1.00176
-0.461627
0.269784
1.02372
1.72639
2.35794
2.51603
-0.890626
-0.513613
-0.158707
0.372335
0.926651
1.43417
1.86539
1.87095
-0.269101
-0.0903803
0.107069
0.462706
0.84091
1.17802
1.43754
1.31961
0.254549
0.270514
0.338516
0.541844
0.765038
0.954805
1.07165
0.863004
0.678772
0.572379
0.539013
0.610587
0.697029
0.760407
0.764196
0.504083
0.996652
0.816363
0.708863
0.666339
0.632237
0.589209
0.511225
0.247202
1.21458
1.00863
0.853604
0.713662
0.573399
0.440973
0.309924
0.0976669
1.30621
1.20319
1.04876
0.839868
0.593046
0.348431
0.138573
0.0514633
)
;
    }
    front
    {
        type            calculated;
        value           nonuniform List<scalar> 
640
(
-390.008
-252.452
-134.971
-27.3266
75.7449
176.973
274.031
367.877
-313.863
-205.305
-108.193
-22.9928
52.6056
124.399
193.501
260.608
-302.598
-201.707
-110.181
-26.2923
50.2295
122.561
191.968
258.637
-298.224
-199.649
-111.171
-28.1081
49.1726
122.114
191.964
259.436
-294.572
-196.937
-110.364
-28.5951
48.1418
120.758
190.534
257.764
-290.342
-194.025
-108.961
-28.4938
47.3215
119.3
188.668
254.71
-285.198
-190.677
-107.193
-28.1207
46.5321
117.571
186.12
250.58
-279.249
-186.878
-105.168
-27.6308
45.6639
115.499
182.899
245.636
-272.691
-182.709
-102.956
-27.0994
44.6777
113.109
179.146
240.121
-265.714
-178.264
-100.61
-26.5586
43.5754
110.463
175.011
234.241
-258.478
-173.631
-98.1718
-26.0203
42.3799
107.635
170.628
228.147
-251.104
-168.886
-95.6744
-25.4869
41.1203
104.691
166.1
221.947
-243.679
-164.087
-93.1441
-24.9568
39.8241
101.686
161.501
215.715
-236.268
-159.274
-90.6
-24.4275
38.5132
98.6588
156.884
209.498
-228.91
-154.479
-88.0556
-23.8963
37.2044
95.6375
152.282
203.324
-221.636
-149.72
-85.5206
-23.3614
35.909
92.6405
147.716
197.212
-214.463
-145.013
-83.0015
-22.8217
34.6347
89.6798
143.2
191.175
-207.402
-140.366
-80.5033
-22.2768
33.3858
86.7627
138.743
185.22
-200.461
-135.785
-78.0294
-21.727
32.1652
83.8936
134.348
179.349
-193.643
-131.274
-75.5825
-21.1727
30.9739
81.0746
130.02
173.566
-186.952
-126.836
-73.1645
-20.6147
29.8123
78.3071
125.759
167.873
-180.388
-122.473
-70.7771
-20.0538
28.6805
75.5915
121.567
162.27
-173.952
-118.186
-68.4216
-19.4909
27.5781
72.9281
117.443
156.759
-167.644
-113.975
-66.0989
-18.9268
26.5046
70.3167
113.39
151.339
-161.463
-109.842
-63.8101
-18.3624
25.4595
67.7573
109.406
146.012
-155.409
-105.787
-61.556
-17.7983
24.4423
65.2496
105.492
140.777
-149.482
-101.809
-59.3371
-17.2353
23.4525
62.7935
101.648
135.636
-143.68
-97.9094
-57.1541
-16.674
22.4896
60.3887
97.8749
130.588
-138.004
-94.0879
-55.0075
-16.115
21.5532
58.0352
94.1727
125.634
-132.452
-90.3446
-52.8979
-15.5589
20.6428
55.7328
90.5414
120.774
-127.023
-86.6794
-50.8255
-15.0062
19.7581
53.4812
86.9814
116.008
-121.717
-83.0923
-48.791
-14.4575
18.8985
51.2802
83.4927
111.338
-116.533
-79.5832
-46.7945
-13.9131
18.0638
49.1297
80.0757
106.762
-111.47
-76.1519
-44.8365
-13.3737
17.2534
47.0295
76.7303
102.282
-106.528
-72.7985
-42.9173
-12.8396
16.467
44.9793
73.4568
97.8965
-101.706
-69.5227
-41.0372
-12.3112
15.7042
42.9789
70.2552
93.607
-97.0024
-66.3243
-39.1965
-11.7891
14.9646
41.0281
67.1257
89.4133
-92.4174
-63.2033
-37.3954
-11.2735
14.2479
39.1267
64.0683
85.3154
-87.9498
-60.1593
-35.6342
-10.765
13.5536
37.2744
61.0831
81.3136
-83.5991
-57.1924
-33.9131
-10.2639
12.8814
35.471
58.1702
77.4079
-79.3645
-54.3021
-32.2323
-9.77054
12.2309
33.7162
55.3295
73.5984
-75.2454
-51.4885
-30.5921
-9.28532
11.6017
32.0097
52.5611
69.8852
-71.2409
-48.7511
-28.9926
-8.80858
10.9935
30.3514
49.8651
66.2682
-67.3506
-46.0899
-27.4341
-8.34066
10.406
28.7408
47.2413
62.7477
-63.5736
-43.5045
-25.9166
-7.8819
9.83869
27.1779
44.6899
59.3236
-59.9093
-40.9949
-24.4403
-7.43259
9.29136
25.6622
42.2107
55.9959
-56.3572
-38.5606
-23.0054
-6.99306
8.76363
24.1936
39.8039
52.7647
-52.9166
-36.2016
-21.6121
-6.5636
8.25518
22.7718
37.4692
49.63
-49.587
-33.9176
-20.2603
-6.14448
7.76569
21.3965
35.2067
46.5917
-46.3676
-31.7083
-18.9503
-5.73597
7.29486
20.0675
33.0164
43.6499
-43.258
-29.5735
-17.6821
-5.33834
6.84237
18.7844
30.8982
40.8045
-40.2575
-27.5131
-16.4559
-4.95184
6.40792
17.5472
28.852
38.0556
-37.3657
-25.5267
-15.2716
-4.57669
5.99125
16.3554
26.8778
35.403
-34.582
-23.6141
-14.1295
-4.21313
5.59206
15.2089
24.9754
32.8469
-31.9059
-21.7751
-13.0295
-3.86138
5.21009
14.1074
23.1449
30.3871
-29.3369
-20.0095
-11.9717
-3.52164
4.84507
13.0507
21.3861
28.0236
-26.8744
-18.317
-10.9562
-3.1941
4.49677
12.0385
19.6989
25.7563
-24.5181
-16.6974
-9.98302
-2.87894
4.16493
11.0706
18.0834
23.5853
-22.2675
-15.1506
-9.05215
-2.57635
3.84933
10.1469
16.5393
21.5105
-20.122
-13.6762
-8.16366
-2.28649
3.54975
9.26703
15.0665
19.5318
-18.0812
-12.2741
-7.31756
-2.00951
3.26597
8.43083
13.665
17.6491
-16.1448
-10.944
-6.51386
-1.74556
2.99779
7.63811
12.3346
15.8624
-14.3123
-9.68584
-5.75259
-1.49476
2.745
6.88867
11.0754
14.1716
-12.5833
-8.49926
-5.03373
-1.25725
2.50744
6.18232
9.88714
12.5767
-10.9574
-7.38412
-4.35728
-1.03313
2.28491
5.51888
8.76976
11.0776
-9.43422
-6.34019
-3.72321
-0.822511
2.07724
4.89814
7.72311
9.6742
-8.01332
-5.36726
-3.13151
-0.625478
1.88427
4.3199
6.74704
8.36637
-6.69429
-4.46506
-2.58208
-0.442119
1.70582
3.78398
5.84139
7.15401
-5.4767
-3.63332
-2.07484
-0.272485
1.54173
3.29012
5.00593
6.03692
-4.36006
-2.87168
-1.6096
-0.116574
1.39178
2.83797
4.24037
5.01489
-3.34382
-2.17969
-1.18603
0.0256712
1.2557
2.4271
3.54431
4.08765
-2.42733
-1.55668
-0.803641
0.154375
1.13317
2.05689
2.91713
3.25482
-1.60985
-1.00176
-0.461626
0.269783
1.02372
1.72639
2.35794
2.51603
-0.890629
-0.513612
-0.158707
0.372334
0.926651
1.43417
1.86539
1.87095
-0.269105
-0.0903811
0.107069
0.462705
0.84091
1.17802
1.43754
1.31961
0.254548
0.270513
0.338516
0.541842
0.765039
0.954807
1.07166
0.863006
0.678775
0.572377
0.539013
0.610585
0.697029
0.76041
0.764195
0.504083
0.996653
0.816361
0.708861
0.666338
0.632238
0.589212
0.511227
0.247192
1.21458
1.00863
0.853601
0.713659
0.573399
0.440976
0.309931
0.097669
1.30621
1.20319
1.04876
0.839862
0.593043
0.348435
0.138583
0.0514508
)
;
    }
    top
    {
        type            calculated;
        value           nonuniform List<scalar> 
640
(
378.883
400.429
433.797
448.522
448.522
433.797
400.429
378.883
301.144
318.48
332.734
337.069
337.069
332.734
318.48
301.144
300.321
317.065
328.403
332.578
332.578
328.403
317.065
300.321
301.265
314.099
323.334
327.361
327.361
323.334
314.099
301.265
298.581
307.205
313.931
317.192
317.192
313.931
307.205
298.581
294.382
299.782
304.262
306.61
306.61
304.262
299.782
294.382
289.235
292.316
295.065
296.612
296.612
295.065
292.316
289.235
283.426
284.912
286.412
287.335
287.335
286.412
284.912
283.426
277.182
277.616
278.253
278.719
278.719
278.253
277.616
277.182
270.678
270.435
270.494
270.64
270.64
270.494
270.435
270.678
264.037
263.363
263.044
262.973
262.973
263.044
263.363
264.037
257.34
256.394
255.832
255.617
255.617
255.832
256.394
257.34
250.636
249.516
248.8
248.493
248.493
248.8
249.516
250.636
243.957
242.722
241.91
241.546
241.546
241.91
242.722
243.957
237.319
236.006
235.136
234.735
234.735
235.136
236.006
237.319
230.735
229.366
228.458
228.036
228.036
228.458
229.366
230.735
224.211
222.798
221.868
221.434
221.434
221.868
222.798
224.211
217.75
216.304
215.36
214.919
214.919
215.36
216.304
217.75
211.357
209.882
208.93
208.485
208.485
208.93
209.882
211.357
205.033
203.534
202.577
202.132
202.132
202.577
203.534
205.033
198.78
197.262
196.301
195.857
195.857
196.301
197.262
198.78
192.6
191.065
190.104
189.661
189.661
190.104
191.065
192.6
186.494
184.946
183.987
183.546
183.546
183.987
184.946
186.494
180.464
178.907
177.95
177.511
177.511
177.95
178.907
180.464
174.512
172.948
171.995
171.56
171.56
171.995
172.948
174.512
168.638
167.072
166.124
165.693
165.693
166.124
167.072
168.638
162.844
161.278
160.338
159.911
159.911
160.338
161.278
162.844
157.133
155.57
154.637
154.215
154.215
154.637
155.57
157.133
151.504
149.948
149.025
148.608
148.608
149.025
149.948
151.504
145.961
144.414
143.501
143.09
143.09
143.501
144.414
145.961
140.503
138.968
138.067
137.662
137.662
138.067
138.968
140.503
135.133
133.613
132.725
132.327
132.327
132.725
133.613
135.133
129.852
128.349
127.474
127.083
127.083
127.474
128.349
129.852
124.661
123.177
122.318
121.934
121.934
122.318
123.177
124.661
119.561
118.099
117.256
116.88
116.88
117.256
118.099
119.561
114.554
113.116
112.289
111.922
111.922
112.289
113.116
114.554
109.641
108.229
107.42
107.061
107.061
107.42
108.229
109.641
104.824
103.438
102.648
102.298
102.298
102.648
103.438
104.824
100.102
98.7464
97.9753
97.6336
97.6336
97.9753
98.7464
100.102
95.4788
94.1535
93.4022
93.0696
93.0696
93.4022
94.1535
95.4788
90.954
89.6608
88.9298
88.6065
88.6065
88.9298
89.6608
90.954
86.5291
85.2692
84.559
84.2452
84.2452
84.559
85.2692
86.5291
82.2052
80.9797
80.2907
79.9866
79.9866
80.2907
80.9797
82.2052
77.9833
76.7933
76.1258
75.8314
75.8314
76.1258
76.7933
77.9833
73.8645
72.7107
72.065
71.7805
71.7805
72.065
72.7107
73.8645
69.8497
68.7329
68.1093
67.8347
67.8347
68.1093
68.7329
69.8497
65.9399
64.8607
64.2593
63.9947
63.9947
64.2593
64.8607
65.9399
62.1361
61.0948
60.5158
60.2611
60.2611
60.5158
61.0948
62.1361
58.439
57.4362
56.8795
56.6348
56.6348
56.8795
57.4362
58.439
54.8496
53.8854
53.351
53.1162
53.1162
53.351
53.8854
54.8496
51.3687
50.4431
49.9311
49.7061
49.7061
49.9311
50.4431
51.3687
47.9971
47.1102
46.6202
46.4051
46.4051
46.6202
47.1102
47.9971
44.7354
43.887
43.4191
43.2136
43.2136
43.4191
43.887
44.7354
41.5845
40.7744
40.3282
40.1322
40.1322
40.3282
40.7744
41.5845
38.5449
37.7728
37.348
37.1615
37.1615
37.348
37.7728
38.5449
35.6172
34.8827
34.479
34.3018
34.3018
34.479
34.8827
35.6172
32.8021
32.1047
31.7218
31.5536
31.5536
31.7218
32.1047
32.8021
30.1001
29.4391
29.0766
28.9173
28.9173
29.0766
29.4391
30.1001
27.5117
26.8865
26.5438
26.3932
26.3932
26.5438
26.8865
27.5117
25.0373
24.4472
24.1239
23.9818
23.9818
24.1239
24.4472
25.0373
22.6774
22.1215
21.8171
21.6831
21.6831
21.8171
22.1215
22.6774
20.4324
19.9097
19.6236
19.4977
19.4977
19.6236
19.9097
20.4324
18.3026
17.8123
17.5439
17.4256
17.4256
17.5439
17.8123
18.3026
16.2884
15.8293
15.578
15.4672
15.4672
15.578
15.8293
16.2884
14.3899
13.9611
13.7263
13.6226
13.6226
13.7263
13.9611
14.3899
12.6074
12.2077
11.9887
11.8919
11.8919
11.9887
12.2077
12.6074
10.9411
10.5692
10.3655
10.2753
10.2753
10.3655
10.5692
10.9411
9.39104
9.04593
8.85669
8.77293
8.77293
8.85669
9.04593
9.39104
7.95736
7.63781
7.46252
7.38491
7.38491
7.46252
7.63781
7.95736
6.64009
6.34499
6.18314
6.11152
6.11152
6.18314
6.34499
6.64009
5.43924
5.1676
5.01883
4.95312
4.95312
5.01883
5.1676
5.43923
4.35476
4.10588
3.97005
3.91029
3.91029
3.97005
4.10588
4.35476
3.38675
3.16037
3.03766
2.98405
2.98405
3.03766
3.16037
3.38674
2.53552
2.33215
2.22318
2.17607
2.17607
2.22318
2.33215
2.53552
1.80207
1.62335
1.52925
1.48917
1.48916
1.52925
1.62335
1.80207
1.18856
1.03784
0.960259
0.927769
0.927766
0.960256
1.03784
1.18856
0.698857
0.581727
0.522764
0.498396
0.498397
0.522766
0.581732
0.698863
0.339103
0.263391
0.226085
0.210305
0.210316
0.226097
0.2634
0.339097
0.108723
0.0879832
0.0773124
0.0706428
0.0706581
0.0773276
0.0879805
0.10872
-0.021212
0.0182128
0.0337919
0.0358181
0.0358016
0.0337762
0.0182138
-0.0212291
)
;
    }
    bottom
    {
        type            calculated;
        value           nonuniform List<scalar> 
640
(
-468.565
-465.423
-475.138
-480.167
-480.167
-475.138
-465.423
-468.565
-376.68
-392.529
-400.095
-402.503
-402.503
-400.095
-392.529
-376.68
-360.685
-376.727
-385.123
-388.015
-388.015
-385.123
-376.727
-360.685
-352.309
-365.422
-373.446
-376.586
-376.586
-373.446
-365.422
-352.309
-345.259
-354.703
-361.283
-364.145
-364.145
-361.283
-354.703
-345.259
-337.95
-344.541
-349.57
-351.931
-351.931
-349.57
-344.541
-337.95
-329.995
-334.576
-338.308
-340.148
-340.148
-338.308
-334.576
-329.995
-321.482
-324.719
-327.48
-328.879
-328.879
-327.48
-324.719
-321.482
-312.581
-314.958
-317.038
-318.102
-318.102
-317.038
-314.958
-312.581
-303.447
-305.299
-306.922
-307.746
-307.746
-306.922
-305.299
-303.447
-294.206
-295.753
-297.079
-297.739
-297.739
-297.079
-295.753
-294.206
-284.954
-286.336
-287.475
-288.028
-288.028
-287.475
-286.336
-284.954
-275.759
-277.062
-278.086
-278.571
-278.571
-278.086
-277.062
-275.759
-266.668
-267.944
-268.9
-269.341
-269.341
-268.9
-267.944
-266.668
-257.713
-258.991
-259.906
-260.321
-260.321
-259.906
-258.991
-257.713
-248.913
-250.208
-251.101
-251.5
-251.5
-251.101
-250.208
-248.913
-240.28
-241.601
-242.481
-242.87
-242.87
-242.481
-241.601
-240.28
-231.823
-233.171
-234.044
-234.426
-234.426
-234.044
-233.171
-231.823
-223.543
-224.919
-225.787
-226.164
-226.164
-225.787
-224.919
-223.543
-215.443
-216.844
-217.708
-218.082
-218.082
-217.708
-216.844
-215.443
-207.522
-208.945
-209.805
-210.176
-210.176
-209.805
-208.945
-207.522
-199.779
-201.221
-202.077
-202.445
-202.445
-202.077
-201.221
-199.779
-192.214
-193.671
-194.521
-194.886
-194.886
-194.521
-193.671
-192.214
-184.824
-186.292
-187.136
-187.497
-187.497
-187.136
-186.292
-184.824
-177.607
-179.083
-179.92
-180.277
-180.277
-179.92
-179.083
-177.607
-170.562
-172.042
-172.87
-173.223
-173.223
-172.87
-172.042
-170.562
-163.687
-165.167
-165.985
-166.333
-166.333
-165.985
-165.167
-163.687
-156.979
-158.456
-159.263
-159.606
-159.606
-159.263
-158.456
-156.979
-150.437
-151.908
-152.703
-153.04
-153.04
-152.703
-151.908
-150.437
-144.059
-145.52
-146.302
-146.633
-146.633
-146.302
-145.52
-144.059
-137.843
-139.291
-140.059
-140.384
-140.384
-140.059
-139.291
-137.843
-131.787
-133.218
-133.972
-134.29
-134.29
-133.972
-133.218
-131.787
-125.888
-127.302
-128.039
-128.35
-128.35
-128.039
-127.302
-125.888
-120.146
-121.538
-122.259
-122.563
-122.563
-122.259
-121.538
-120.146
-114.558
-115.926
-116.63
-116.926
-116.926
-116.63
-115.926
-114.558
-109.123
-110.465
-111.151
-111.438
-111.438
-111.151
-110.465
-109.123
-103.837
-105.151
-105.819
-106.098
-106.098
-105.819
-105.151
-103.837
-98.7011
-99.9849
-100.633
-100.904
-100.904
-100.633
-99.9849
-98.7011
-93.7117
-94.9635
-95.592
-95.8547
-95.8547
-95.592
-94.9635
-93.7117
-88.8675
-90.0857
-90.694
-90.948
-90.948
-90.694
-90.0857
-88.8675
-84.1667
-85.3498
-85.9375
-86.1827
-86.1827
-85.9375
-85.3498
-84.1667
-79.6078
-80.7543
-81.3212
-81.5573
-81.5573
-81.3211
-80.7543
-79.6078
-75.1889
-76.2978
-76.8434
-77.0706
-77.0706
-76.8434
-76.2978
-75.1889
-70.9086
-71.9787
-72.5029
-72.7209
-72.7209
-72.5029
-71.9787
-70.9086
-66.7653
-67.7956
-68.2982
-68.507
-68.507
-68.2982
-67.7956
-66.7653
-62.7572
-63.7471
-64.228
-64.4276
-64.4276
-64.228
-63.7471
-62.7572
-58.8831
-59.8319
-60.291
-60.4813
-60.4813
-60.2909
-59.8319
-58.8831
-55.1413
-56.0485
-56.4857
-56.6668
-56.6668
-56.4857
-56.0485
-55.1413
-51.5305
-52.3957
-52.8111
-52.983
-52.983
-52.8111
-52.3957
-51.5305
-48.0493
-48.8722
-49.2658
-49.4285
-49.4285
-49.2658
-48.8722
-48.0493
-44.6962
-45.4767
-45.8487
-46.0023
-46.0023
-45.8487
-45.4767
-44.6962
-41.47
-42.2081
-42.5586
-42.7032
-42.7032
-42.5586
-42.2081
-41.47
-38.3694
-39.0652
-39.3944
-39.53
-39.53
-39.3944
-39.0652
-38.3694
-35.3931
-36.0469
-36.355
-36.4817
-36.4817
-36.355
-36.0468
-35.3931
-32.5399
-33.1519
-33.4393
-33.5573
-33.5573
-33.4393
-33.1519
-32.5399
-29.8088
-30.3794
-30.6463
-30.7557
-30.7557
-30.6463
-30.3794
-29.8088
-27.1984
-27.7283
-27.9749
-28.0759
-28.0759
-27.9749
-27.7282
-27.1984
-24.7079
-25.1975
-25.4244
-25.5171
-25.5171
-25.4244
-25.1975
-24.7079
-22.3361
-22.7861
-22.9936
-23.0782
-23.0782
-22.9936
-22.7861
-22.3361
-20.082
-20.4932
-20.6817
-20.7584
-20.7584
-20.6817
-20.4932
-20.082
-17.9447
-18.3179
-18.4879
-18.5569
-18.5569
-18.4879
-18.3179
-17.9447
-15.9232
-16.2593
-16.4114
-16.4728
-16.4728
-16.4114
-16.2593
-15.9232
-14.0167
-14.3167
-14.4512
-14.5053
-14.5053
-14.4512
-14.3167
-14.0167
-12.2243
-12.4891
-12.6067
-12.6537
-12.6537
-12.6067
-12.4891
-12.2243
-10.5452
-10.776
-10.8771
-10.9173
-10.9173
-10.8771
-10.776
-10.5452
-8.97867
-9.17643
-9.26177
-9.29531
-9.29531
-9.26177
-9.17643
-8.97866
-7.52389
-7.68986
-7.75997
-7.78719
-7.78719
-7.75996
-7.68986
-7.52388
-6.18017
-6.31557
-6.37111
-6.39232
-6.39231
-6.37111
-6.31557
-6.18017
-4.94683
-5.05295
-5.09466
-5.1102
-5.1102
-5.09466
-5.05295
-4.94682
-3.82317
-3.90144
-3.93017
-3.94047
-3.94047
-3.93017
-3.90144
-3.82317
-2.80857
-2.86057
-2.87737
-2.88295
-2.88295
-2.87737
-2.86057
-2.80857
-1.90249
-1.93012
-1.93626
-1.93779
-1.93779
-1.93626
-1.93012
-1.90249
-1.10467
-1.11023
-1.10732
-1.1056
-1.1056
-1.10732
-1.11023
-1.10467
-0.415349
-0.401794
-0.391846
-0.387836
-0.387837
-0.391846
-0.401793
-0.415354
0.164139
0.193
0.207548
0.212804
0.212803
0.207551
0.193003
0.164136
0.630464
0.669799
0.686246
0.69176
0.691759
0.686249
0.669803
0.630468
0.976131
1.02024
1.03585
1.04087
1.04087
1.03586
1.02024
0.976139
1.19098
1.23201
1.24377
1.2478
1.2478
1.24377
1.23201
1.19099
1.25733
1.28658
1.29235
1.29578
1.29578
1.29235
1.28657
1.25733
1.22903
1.22918
1.22945
1.23419
1.23419
1.22945
1.22918
1.22904
)
;
    }
}


// ************************************************************************* //
