/*--------------------------------*- C++ -*----------------------------------*\
| =========                 |                                                 |
| \\      /  F ield         | foam-extend: Open Source CFD                    |
|  \\    /   O peration     | Version:     4.1                                |
|   \\  /    A nd           | Web:         http://www.foam-extend.org         |
|    \\/     M anipulation  |                                                 |
\*---------------------------------------------------------------------------*/
FoamFile
{
    version     2.0;
    format      ascii;
    class       volScalarField;
    location    "0.198";
    object      sigmaEq;
}
// * * * * * * * * * * * * * * * * * * * * * * * * * * * * * * * * * * * * * //

dimensions      [1 -1 -2 0 0 0 0];

internalField   nonuniform List<scalar> 
5120
(
1090.8
959.661
938.349
918.799
901.949
884.626
865.624
845.084
823.401
800.97
778.126
755.127
732.164
709.37
686.837
664.625
642.773
621.305
600.234
579.568
559.311
539.465
520.027
500.997
482.373
464.151
446.33
428.906
411.876
395.237
378.986
363.12
347.636
332.531
317.801
303.444
289.456
275.834
262.577
249.679
237.139
224.954
213.121
201.637
190.499
179.705
169.253
159.138
149.361
139.916
130.804
122.02
113.563
105.431
97.622
90.1334
82.9636
76.1106
69.5728
63.3484
57.4358
51.8336
46.5404
41.5549
36.8761
32.5031
28.4352
24.672
21.2136
18.0605
15.214
12.6766
10.4522
8.54721
6.97026
5.73108
4.83494
4.27277
4.0255
4.03462
990.264
967.771
962.811
938.959
915.612
892.87
869.756
846.328
822.743
799.129
775.599
752.245
729.14
706.336
683.871
661.773
640.057
618.737
597.816
577.3
557.188
537.481
518.176
499.272
480.766
462.656
444.94
427.614
410.675
394.122
377.951
362.159
346.743
331.701
317.03
302.726
288.788
275.212
261.995
249.136
236.63
224.476
212.671
201.213
190.098
179.324
168.889
158.791
149.027
139.595
130.493
121.718
113.269
105.144
97.3398
89.8555
82.689
75.8386
69.3027
63.0795
57.1678
51.5659
46.2728
41.2871
36.608
32.2346
28.1665
24.4035
20.9459
17.7947
14.952
12.4213
10.2083
8.32142
6.7717
5.57021
4.71963
4.20466
3.99876
4.04207
964.656
947.686
959.833
943.019
920.737
896.911
872.196
847.302
822.586
798.182
774.146
750.499
727.248
704.397
681.95
659.907
638.27
617.039
596.213
575.792
555.774
536.157
516.94
498.119
479.692
461.657
444.01
426.75
409.874
393.378
377.261
361.519
346.15
331.151
316.52
302.254
288.35
274.805
261.618
248.785
236.304
224.172
212.388
200.947
189.849
179.091
168.669
158.583
148.83
139.408
130.314
121.547
113.104
104.984
97.1852
89.705
82.5419
75.6944
69.1608
62.9395
57.0292
51.4285
46.1362
41.1511
36.4724
32.0994
28.0317
24.2693
20.8128
17.6636
14.8243
12.2992
10.0946
8.21969
6.68571
5.50264
4.67091
4.17349
3.98127
4.02812
958.578
938.283
955.8
942.391
921.634
898.124
873.122
847.751
822.578
797.817
773.531
749.726
726.39
703.505
681.057
659.034
637.43
616.239
595.458
575.082
555.108
535.535
516.359
497.578
479.189
461.19
443.578
426.349
409.503
393.035
376.944
361.226
345.88
330.902
316.291
302.042
288.155
274.626
261.452
248.632
236.163
224.042
212.267
200.835
189.745
178.994
168.579
158.499
148.751
139.333
130.243
121.479
113.039
104.922
97.1247
89.6462
82.4846
75.6382
69.1054
62.8848
56.9749
51.3745
46.0823
41.0972
36.4185
32.0454
27.9777
24.2154
20.7593
17.6111
14.7736
12.2513
10.051
8.18182
6.65474
5.47882
4.65329
4.1605
3.97051
4.01505
958.578
938.283
955.8
942.391
921.634
898.124
873.122
847.751
822.578
797.817
773.531
749.726
726.39
703.505
681.057
659.034
637.43
616.239
595.458
575.082
555.108
535.535
516.359
497.578
479.189
461.19
443.578
426.349
409.503
393.035
376.944
361.226
345.88
330.902
316.291
302.042
288.155
274.626
261.452
248.632
236.163
224.042
212.267
200.835
189.745
178.994
168.579
158.499
148.751
139.333
130.243
121.479
113.039
104.922
97.1247
89.6462
82.4846
75.6382
69.1054
62.8848
56.9749
51.3745
46.0823
41.0972
36.4185
32.0454
27.9777
24.2154
20.7593
17.6111
14.7736
12.2513
10.051
8.18182
6.65474
5.47882
4.65329
4.1605
3.97051
4.01505
964.656
947.686
959.833
943.019
920.737
896.911
872.196
847.302
822.586
798.182
774.146
750.499
727.248
704.397
681.95
659.907
638.27
617.039
596.213
575.792
555.774
536.157
516.94
498.119
479.692
461.657
444.01
426.75
409.874
393.378
377.261
361.519
346.15
331.151
316.52
302.254
288.35
274.805
261.618
248.785
236.304
224.172
212.388
200.947
189.849
179.091
168.669
158.583
148.83
139.408
130.314
121.547
113.104
104.984
97.1852
89.705
82.5419
75.6944
69.1608
62.9395
57.0292
51.4285
46.1362
41.1511
36.4724
32.0994
28.0317
24.2693
20.8128
17.6636
14.8243
12.2992
10.0946
8.21969
6.68571
5.50264
4.67091
4.17349
3.98128
4.02812
990.264
967.771
962.811
938.959
915.612
892.87
869.756
846.328
822.743
799.129
775.599
752.245
729.14
706.336
683.871
661.773
640.057
618.737
597.816
577.3
557.188
537.481
518.176
499.272
480.766
462.656
444.94
427.614
410.675
394.122
377.951
362.159
346.743
331.701
317.03
302.726
288.788
275.212
261.995
249.136
236.63
224.476
212.671
201.213
190.098
179.324
168.889
158.791
149.027
139.595
130.493
121.718
113.269
105.144
97.3398
89.8555
82.689
75.8386
69.3027
63.0795
57.1678
51.5659
46.2728
41.2871
36.608
32.2346
28.1665
24.4035
20.9459
17.7947
14.952
12.4213
10.2083
8.32142
6.7717
5.57021
4.71963
4.20466
3.99877
4.04207
1090.8
959.661
938.349
918.799
901.949
884.626
865.624
845.084
823.401
800.97
778.126
755.127
732.164
709.37
686.837
664.625
642.773
621.305
600.234
579.568
559.311
539.465
520.027
500.997
482.373
464.151
446.33
428.906
411.876
395.237
378.986
363.12
347.636
332.531
317.801
303.444
289.456
275.834
262.577
249.679
237.139
224.954
213.121
201.637
190.499
179.705
169.253
159.138
149.361
139.916
130.804
122.02
113.563
105.431
97.622
90.1334
82.9636
76.1106
69.5728
63.3484
57.4358
51.8336
46.5404
41.5549
36.8761
32.5031
28.4352
24.672
21.2136
18.0605
15.214
12.6766
10.4522
8.54721
6.97026
5.73108
4.83494
4.27276
4.0255
4.03462
642.924
651.853
656.468
641.961
628.278
615.53
602.357
588.531
574.109
559.23
544.056
528.737
513.392
498.112
482.96
467.98
453.204
438.649
424.329
410.252
396.422
382.844
369.518
356.446
343.629
331.066
318.757
306.701
294.9
283.35
272.053
261.007
250.21
239.663
229.364
219.312
209.506
199.945
190.627
181.552
172.719
164.125
155.771
147.655
139.776
132.132
124.722
117.546
110.602
103.888
97.4046
91.1496
85.1219
79.3206
73.7445
68.3925
63.2635
58.3563
53.6699
49.2032
44.955
40.9241
37.1094
33.5097
30.1236
26.9497
23.9866
21.2323
18.6849
16.3418
14.2002
12.2561
10.5048
8.94057
7.55691
6.34821
5.31403
4.47444
3.90733
3.74356
556.994
672.765
683.363
659.375
638.757
621.355
604.801
588.624
572.656
556.811
541.075
525.462
509.999
494.711
479.617
464.736
450.079
435.654
421.468
407.525
393.826
380.374
367.17
354.214
341.507
329.048
316.837
304.875
293.161
281.693
270.473
259.498
248.769
238.285
228.044
218.046
208.291
198.777
189.503
180.468
171.672
163.113
154.79
146.703
138.85
131.231
123.844
116.688
109.763
103.067
96.5988
90.3582
84.3439
78.5549
72.9902
67.6489
62.5299
57.6323
52.9552
48.4975
44.2583
40.2368
36.4318
32.8423
29.4674
26.3059
23.3567
20.6185
18.0898
15.7689
13.6537
11.7417
10.0298
8.51398
7.19008
6.05462
5.10704
4.36219
3.88423
3.77443
526.293
664.195
688.993
667.383
645.048
625.506
607.05
589.36
572.285
555.681
539.454
523.55
507.934
492.587
477.497
462.658
448.065
433.719
419.617
405.76
392.147
378.78
365.658
352.781
340.148
327.761
315.618
303.72
292.066
280.655
269.488
258.563
247.881
237.44
227.24
217.28
207.56
198.079
188.835
179.829
171.059
162.524
154.224
146.157
138.324
130.721
123.35
116.209
109.297
102.613
96.1564
89.926
83.921
78.1405
72.5836
67.2494
62.1371
57.2457
52.5744
48.1223
43.8886
39.8723
36.0727
32.4887
29.1197
25.9646
23.0225
20.2924
17.7732
15.4636
13.3622
11.4672
9.77612
8.28589
6.9929
5.89379
4.9871
4.2856
3.84471
3.74612
516.393
659.991
689.766
669.602
647.29
627.293
608.205
589.894
572.307
555.319
538.826
522.753
507.039
491.646
476.544
461.715
447.147
432.833
418.769
404.951
391.379
378.051
364.968
352.128
339.531
327.178
315.067
303.199
291.574
280.19
269.048
258.147
247.487
237.067
226.886
216.945
207.241
197.775
188.546
179.553
170.795
162.272
153.982
145.925
138.099
130.505
123.141
116.007
109.101
102.422
95.9705
89.7445
83.7435
77.9666
72.413
67.0818
61.9721
57.0832
52.4142
47.9642
43.7325
39.7182
35.9206
32.3387
28.9718
25.819
22.8796
20.1527
17.6372
15.3323
13.2367
11.3489
9.66674
8.18739
6.90739
5.82324
4.93295
4.2482
3.82034
3.72443
516.393
659.991
689.766
669.602
647.29
627.293
608.205
589.894
572.307
555.319
538.826
522.753
507.039
491.646
476.544
461.715
447.147
432.833
418.769
404.951
391.379
378.051
364.968
352.128
339.531
327.178
315.067
303.199
291.574
280.19
269.048
258.147
247.487
237.067
226.886
216.945
207.241
197.775
188.546
179.553
170.795
162.272
153.982
145.925
138.099
130.505
123.141
116.007
109.101
102.422
95.9705
89.7445
83.7435
77.9666
72.413
67.0818
61.9721
57.0832
52.4142
47.9642
43.7325
39.7182
35.9206
32.3387
28.9718
25.819
22.8796
20.1527
17.6372
15.3323
13.2367
11.3489
9.66674
8.18739
6.90739
5.82324
4.93295
4.2482
3.82034
3.72443
526.293
664.195
688.993
667.383
645.048
625.506
607.05
589.36
572.285
555.681
539.454
523.55
507.934
492.587
477.497
462.658
448.065
433.719
419.617
405.76
392.147
378.78
365.658
352.781
340.148
327.761
315.618
303.72
292.066
280.655
269.488
258.563
247.881
237.44
227.24
217.28
207.56
198.079
188.835
179.829
171.059
162.524
154.224
146.157
138.324
130.721
123.35
116.209
109.297
102.613
96.1564
89.926
83.921
78.1405
72.5836
67.2494
62.1371
57.2457
52.5744
48.1223
43.8886
39.8723
36.0727
32.4887
29.1197
25.9646
23.0225
20.2924
17.7732
15.4636
13.3622
11.4672
9.77612
8.28589
6.9929
5.89379
4.9871
4.2856
3.84471
3.74612
556.994
672.765
683.363
659.375
638.757
621.355
604.801
588.624
572.656
556.811
541.075
525.462
509.999
494.711
479.617
464.736
450.079
435.654
421.468
407.525
393.826
380.374
367.17
354.214
341.507
329.048
316.837
304.875
293.161
281.693
270.473
259.498
248.769
238.285
228.044
218.046
208.291
198.777
189.503
180.468
171.672
163.113
154.79
146.703
138.85
131.231
123.844
116.688
109.763
103.067
96.5988
90.3582
84.3439
78.5549
72.9902
67.6489
62.5299
57.6323
52.9552
48.4975
44.2583
40.2368
36.4318
32.8423
29.4674
26.306
23.3567
20.6185
18.0898
15.7689
13.6537
11.7417
10.0298
8.51398
7.19008
6.05462
5.10704
4.36219
3.88423
3.77444
642.924
651.853
656.468
641.961
628.278
615.53
602.357
588.531
574.109
559.23
544.056
528.737
513.392
498.112
482.96
467.98
453.204
438.649
424.329
410.252
396.422
382.844
369.518
356.446
343.629
331.066
318.757
306.701
294.9
283.35
272.053
261.007
250.21
239.663
229.364
219.312
209.506
199.945
190.627
181.552
172.719
164.125
155.771
147.655
139.776
132.132
124.722
117.546
110.602
103.888
97.4046
91.1496
85.1219
79.3206
73.7445
68.3925
63.2635
58.3563
53.6699
49.2032
44.955
40.9241
37.1094
33.5097
30.1236
26.9497
23.9866
21.2323
18.6849
16.3418
14.2002
12.2561
10.5048
8.94057
7.55691
6.34821
5.31403
4.47444
3.90733
3.74356
334.185
357.947
378.799
378.289
372.933
366.216
358.701
350.715
342.414
333.892
325.234
316.513
307.79
299.106
290.493
281.971
273.553
265.249
257.065
249.005
241.071
233.266
225.593
218.051
210.643
203.369
196.23
189.227
182.359
175.628
169.033
162.576
156.254
150.07
144.022
138.111
132.336
126.698
121.195
115.829
110.597
105.5
100.538
95.7105
91.0164
86.4553
82.0269
77.7306
73.5656
69.5315
65.6274
61.8525
58.2062
54.6875
51.2955
48.0291
44.8874
41.869
38.9727
36.1971
33.5406
31.0016
28.5781
26.2682
24.0694
21.9795
19.9956
18.1147
16.3337
14.6491
13.0575
11.5552
10.1388
8.80572
7.55445
6.38672
5.3107
4.35434
3.60756
3.18292
283.379
379.965
399.426
389.402
378.023
367.762
357.937
348.452
339.216
330.143
321.191
312.345
303.603
294.967
286.44
278.027
269.731
261.553
253.497
245.563
237.753
230.069
222.51
215.08
207.778
200.605
193.561
186.649
179.868
173.218
166.701
160.315
154.063
147.943
141.956
136.102
130.382
124.794
119.339
114.018
108.829
103.772
98.8484
94.0566
89.3966
84.8682
80.471
76.2045
72.0684
68.0621
64.1852
60.4371
56.8171
53.3247
49.959
46.7192
43.6045
40.614
37.7465
35.0008
32.3757
29.8698
27.4813
25.2086
23.0496
21.0021
19.0637
17.2317
15.5031
13.8747
12.3432
10.9052
9.55722
8.29671
7.12242
6.03632
5.04654
4.183
3.53848
3.22427
260.78
380.876
408.682
398.014
383.492
370.543
358.787
347.975
337.858
328.22
318.926
309.891
301.062
292.408
283.908
275.548
267.32
259.22
251.245
243.394
235.667
228.063
220.583
213.228
205.998
198.894
191.916
185.066
178.344
171.75
165.285
158.949
152.743
146.667
140.722
134.906
129.222
123.669
118.246
112.954
107.794
102.764
97.8649
93.0965
88.4586
83.951
79.5735
75.3258
71.2075
67.2183
63.3579
59.6257
56.0213
52.5441
49.1935
45.9689
42.8694
39.8944
37.0428
34.3136
31.7057
29.2178
26.8484
24.596
22.4588
20.4346
18.5213
16.7163
15.0169
13.42
11.9223
10.5205
9.21123
7.99182
6.86105
5.82103
4.8807
4.07223
3.48272
3.19916
252.618
381.131
412.13
401.555
386.094
372.129
359.509
348.033
337.439
327.477
317.973
308.812
299.917
291.237
282.736
274.394
266.194
258.128
250.191
242.379
234.69
227.125
219.683
212.364
205.168
198.098
191.152
184.332
177.638
171.071
164.631
158.32
152.136
146.082
140.156
134.36
128.693
123.156
117.749
112.471
107.324
102.307
97.4197
92.6624
88.0349
83.5371
79.1687
74.9297
70.8197
66.8384
62.9854
59.2604
55.663
52.1927
48.8488
45.6309
42.5381
39.5699
36.7252
34.0032
31.4028
28.9227
26.5617
24.3181
22.1903
20.1764
18.2741
16.481
14.7945
13.2115
11.7289
10.3433
9.05134
7.85034
6.73915
5.72001
4.80221
4.01823
3.45091
3.17732
252.618
381.131
412.13
401.555
386.094
372.129
359.509
348.033
337.439
327.477
317.973
308.812
299.917
291.237
282.736
274.394
266.194
258.128
250.191
242.379
234.69
227.125
219.683
212.364
205.168
198.098
191.152
184.332
177.638
171.071
164.631
158.32
152.136
146.082
140.156
134.36
128.693
123.156
117.749
112.471
107.324
102.307
97.4197
92.6624
88.0349
83.5371
79.1687
74.9297
70.8197
66.8384
62.9854
59.2604
55.663
52.1927
48.8488
45.6309
42.5381
39.5699
36.7252
34.0032
31.4028
28.9227
26.5617
24.3181
22.1903
20.1764
18.2741
16.481
14.7945
13.2115
11.7289
10.3433
9.05134
7.85034
6.73915
5.72001
4.80221
4.01823
3.45091
3.17732
260.78
380.876
408.682
398.014
383.492
370.543
358.787
347.975
337.858
328.22
318.926
309.891
301.062
292.408
283.908
275.548
267.32
259.22
251.245
243.394
235.667
228.063
220.583
213.228
205.998
198.894
191.916
185.066
178.344
171.75
165.285
158.949
152.743
146.667
140.722
134.906
129.222
123.669
118.246
112.954
107.794
102.764
97.8649
93.0965
88.4586
83.951
79.5735
75.3258
71.2075
67.2183
63.3579
59.6257
56.0213
52.5441
49.1935
45.9689
42.8694
39.8944
37.0428
34.3136
31.7057
29.2178
26.8484
24.596
22.4588
20.4346
18.5213
16.7163
15.0169
13.42
11.9223
10.5205
9.21123
7.99182
6.86105
5.82103
4.8807
4.07223
3.48272
3.19917
283.379
379.965
399.426
389.402
378.023
367.762
357.937
348.452
339.216
330.143
321.191
312.345
303.603
294.967
286.44
278.027
269.731
261.553
253.497
245.563
237.753
230.069
222.51
215.08
207.778
200.605
193.561
186.649
179.868
173.218
166.701
160.315
154.063
147.943
141.956
136.102
130.382
124.794
119.339
114.018
108.829
103.772
98.8484
94.0566
89.3966
84.8682
80.471
76.2045
72.0684
68.0621
64.1852
60.4371
56.8171
53.3247
49.959
46.7192
43.6045
40.614
37.7465
35.0008
32.3757
29.8698
27.4813
25.2086
23.0496
21.0021
19.0637
17.2317
15.5031
13.8747
12.3432
10.9052
9.55722
8.29671
7.12242
6.03632
5.04654
4.183
3.53848
3.22427
334.185
357.947
378.799
378.289
372.933
366.216
358.701
350.715
342.414
333.892
325.234
316.513
307.79
299.106
290.493
281.971
273.553
265.249
257.065
249.005
241.071
233.266
225.593
218.051
210.643
203.369
196.23
189.227
182.359
175.628
169.033
162.576
156.254
150.07
144.022
138.111
132.336
126.698
121.195
115.829
110.597
105.5
100.538
95.7105
91.0164
86.4553
82.0269
77.7306
73.5656
69.5315
65.6274
61.8525
58.2062
54.6875
51.2955
48.0291
44.8874
41.869
38.9727
36.1971
33.5406
31.0016
28.5781
26.2682
24.0694
21.9795
19.9956
18.1147
16.3337
14.6491
13.0575
11.5552
10.1388
8.80572
7.55445
6.38672
5.3107
4.35434
3.60756
3.18292
89.6313
106.06
128.827
138.117
142.002
143.041
142.506
141.083
139.118
136.81
134.288
131.639
128.919
126.167
123.405
120.648
117.904
115.179
112.475
109.795
107.14
104.512
101.911
99.3383
96.7951
94.2818
91.7989
89.347
86.9265
84.5377
82.1808
79.8561
77.5637
75.3037
73.0762
70.881
68.7184
66.588
64.49
62.424
60.39
58.3877
56.417
54.4775
52.5689
50.691
48.8433
47.0255
45.2372
43.478
41.7473
40.0447
38.3696
36.7215
35.0999
33.5041
31.9335
30.3876
28.8655
27.3667
25.8905
24.4362
23.0031
21.5906
20.1978
18.8243
17.4694
16.1328
14.8141
13.5135
12.2316
10.9697
9.7305
8.51845
7.34044
6.20624
5.12801
4.12166
3.22559
2.45622
72.9211
138.812
149.495
147.834
145.403
142.683
139.83
136.986
134.171
131.376
128.599
125.843
123.109
120.398
117.711
115.05
112.413
109.8
107.212
104.648
102.109
99.5955
97.1073
94.6453
92.2102
89.8024
87.4225
85.0711
82.7485
80.4552
78.1916
75.958
73.7546
71.5816
69.4394
67.3279
65.2473
63.1977
61.1791
59.1915
57.2349
55.3092
53.4143
51.5501
49.7163
47.9127
46.1392
44.3955
42.6811
40.9958
39.3393
37.711
36.1106
34.5376
32.9914
31.4716
29.9776
28.5088
27.0646
25.6443
24.2473
22.873
21.5206
20.1895
18.8791
17.5886
16.3176
15.0656
13.8323
12.6177
11.4221
10.2466
9.09319
7.96541
6.86883
5.81189
4.80661
3.87622
3.07762
2.47192
69.0569
158.551
167.867
159.727
151.86
145.412
140.118
135.702
131.887
128.472
125.325
122.363
119.532
116.793
114.123
111.504
108.927
106.384
103.871
101.385
98.9237
96.4876
94.0763
91.6896
89.3281
86.992
84.6819
82.3983
80.1416
77.9123
75.7109
73.5376
71.393
69.2773
67.1907
65.1336
63.1061
61.1085
59.1408
57.2032
55.2957
53.4183
51.571
49.7538
47.9666
46.2093
44.4817
42.7835
41.1147
39.4748
37.8636
36.2808
34.726
33.1987
31.6985
30.2249
28.7775
27.3556
25.9587
24.5861
23.2374
21.9117
20.6086
19.3272
18.0669
16.8272
15.6074
14.407
13.2257
12.0634
10.9201
9.79667
8.69474
7.61737
6.56999
5.56162
4.60694
3.73529
3.00407
2.45388
67.6123
166.982
176.534
166.021
155.778
147.474
140.845
135.514
131.09
127.279
123.886
120.779
117.869
115.096
112.421
109.816
107.264
104.752
102.274
99.8249
97.4023
95.0045
92.631
90.2816
87.9564
85.6558
83.3801
81.1299
78.9056
76.7077
74.5366
72.3929
70.2769
68.1889
66.1294
64.0985
62.0966
60.1239
58.1806
56.2669
54.3827
52.5283
50.7037
48.9088
47.1436
45.408
43.702
42.0253
40.3778
38.7592
37.1693
35.6077
34.0742
32.5682
31.0895
29.6375
28.2118
26.8119
25.4371
24.0869
22.7607
21.4578
20.1777
18.9196
17.6829
16.467
15.2712
14.095
12.9381
11.8002
10.6813
9.58216
8.50417
7.45036
6.42629
5.44153
4.51214
3.66938
2.96825
2.43873
67.6123
166.982
176.534
166.021
155.778
147.474
140.845
135.514
131.09
127.279
123.886
120.779
117.869
115.096
112.421
109.816
107.264
104.752
102.274
99.8249
97.4023
95.0045
92.631
90.2816
87.9564
85.6558
83.3801
81.1299
78.9056
76.7077
74.5366
72.3929
70.2769
68.1889
66.1294
64.0985
62.0966
60.1239
58.1806
56.2669
54.3827
52.5283
50.7037
48.9088
47.1436
45.408
43.702
42.0253
40.3778
38.7592
37.1693
35.6077
34.0742
32.5682
31.0895
29.6375
28.2118
26.8119
25.4371
24.0869
22.7607
21.4578
20.1777
18.9196
17.6829
16.467
15.2712
14.095
12.9381
11.8002
10.6813
9.58216
8.50417
7.45036
6.42629
5.44153
4.51214
3.66938
2.96825
2.43873
69.0569
158.551
167.867
159.727
151.86
145.412
140.118
135.702
131.887
128.472
125.325
122.363
119.532
116.793
114.123
111.504
108.927
106.384
103.871
101.385
98.9237
96.4876
94.0763
91.6896
89.3281
86.992
84.6819
82.3983
80.1416
77.9123
75.7109
73.5376
71.393
69.2773
67.1907
65.1336
63.1061
61.1085
59.1408
57.2032
55.2957
53.4183
51.571
49.7538
47.9666
46.2093
44.4817
42.7835
41.1147
39.4748
37.8636
36.2808
34.726
33.1987
31.6985
30.2249
28.7775
27.3556
25.9587
24.5861
23.2374
21.9117
20.6086
19.3272
18.0669
16.8272
15.6074
14.407
13.2257
12.0634
10.9201
9.79667
8.69474
7.61737
6.56999
5.56162
4.60694
3.73529
3.00407
2.45388
72.9211
138.812
149.495
147.834
145.403
142.683
139.83
136.986
134.171
131.376
128.599
125.843
123.109
120.398
117.711
115.05
112.413
109.8
107.212
104.648
102.109
99.5955
97.1073
94.6453
92.2102
89.8024
87.4225
85.0711
82.7485
80.4552
78.1916
75.958
73.7546
71.5816
69.4394
67.3279
65.2473
63.1977
61.1791
59.1915
57.2349
55.3092
53.4143
51.5501
49.7163
47.9127
46.1392
44.3955
42.6811
40.9958
39.3393
37.711
36.1106
34.5376
32.9914
31.4716
29.9776
28.5088
27.0646
25.6443
24.2473
22.873
21.5206
20.1895
18.8791
17.5886
16.3176
15.0656
13.8323
12.6177
11.4221
10.2466
9.09319
7.96541
6.86883
5.81189
4.80661
3.87622
3.07762
2.47192
89.6313
106.06
128.827
138.117
142.002
143.041
142.506
141.083
139.118
136.81
134.288
131.639
128.919
126.167
123.405
120.648
117.904
115.179
112.475
109.795
107.14
104.512
101.911
99.3383
96.7951
94.2818
91.7989
89.347
86.9265
84.5377
82.1808
79.8561
77.5637
75.3037
73.0762
70.881
68.7184
66.588
64.49
62.424
60.39
58.3877
56.417
54.4775
52.5689
50.691
48.8433
47.0255
45.2372
43.478
41.7473
40.0447
38.3696
36.7215
35.0999
33.5041
31.9335
30.3876
28.8655
27.3667
25.8905
24.4362
23.0031
21.5906
20.1978
18.8243
17.4694
16.1328
14.8141
13.5135
12.2316
10.9697
9.7305
8.51845
7.34044
6.20624
5.12801
4.12166
3.22559
2.45622
166.105
142.338
144.16
142.329
141.832
141.996
142.045
141.649
140.678
139.142
137.13
134.755
132.123
129.323
126.424
123.476
120.512
117.555
114.619
111.714
108.844
106.012
103.221
100.47
97.7602
95.0916
92.464
89.8773
87.3314
84.826
82.3611
79.9362
77.5513
75.206
72.9001
70.6333
68.4052
66.2155
64.0637
61.9495
59.8725
57.8321
55.8279
53.8593
51.9259
50.027
48.1621
46.3306
44.5318
42.7652
41.03
39.3256
37.6512
36.0061
34.3896
32.801
31.2394
29.704
28.1941
26.7087
25.2472
23.8086
22.392
20.9966
19.6215
18.2659
16.929
15.61
14.3084
13.0238
11.7563
10.5067
9.27699
8.0709
6.89464
5.75737
4.67026
3.64256
2.67411
1.68444
127.625
171.601
172.61
163.544
157.135
152.601
148.993
145.878
142.952
140.044
137.083
134.053
130.966
127.844
124.709
121.58
118.47
115.392
112.35
109.351
106.397
103.489
100.629
97.8167
95.052
92.3351
89.6656
87.0433
84.4679
81.9388
79.4558
77.0185
74.6263
72.2789
69.9758
67.7164
65.5002
63.3268
61.1954
59.1056
57.0567
55.0481
53.0792
51.1493
49.2577
47.4037
45.5867
43.8058
42.0603
40.3495
38.6726
37.0287
35.4172
33.837
32.2875
30.7677
29.2768
27.8139
26.3781
24.9685
23.5841
22.224
20.8874
19.5732
18.2805
17.0084
15.7561
14.5228
13.3077
12.1103
10.9307
9.76896
8.6265
7.50579
6.41124
5.34963
4.33063
3.36893
2.48242
1.66008
109.897
184.091
190.208
178.805
168.767
161.071
154.967
149.935
145.567
141.592
137.855
134.268
130.781
127.371
124.024
120.735
117.501
114.32
111.194
108.12
105.101
102.134
99.2206
96.3599
93.5517
90.7957
88.0913
85.4383
82.8362
80.2844
77.7825
75.3299
72.9261
70.5704
68.2623
66.0012
63.7863
61.6171
59.4928
57.4128
55.3763
53.3826
51.431
49.5207
47.6509
45.8208
44.0297
42.2766
40.5609
38.8816
37.2379
35.6288
34.0537
32.5114
31.0012
29.5221
28.0731
26.6533
25.2619
23.8977
22.5598
21.2473
19.9591
18.6942
17.4518
16.2308
15.0303
13.8493
12.6872
11.5432
10.417
9.3086
8.21871
7.14927
6.10424
5.09065
4.12065
3.21532
2.39805
1.65436
102.823
189.791
197.985
185.737
174.319
165.305
158.077
152.137
147.057
142.539
138.394
134.507
130.801
127.231
123.766
120.389
117.087
113.853
110.681
107.57
104.517
101.521
98.5812
95.6965
92.8666
90.0909
87.369
84.7004
82.0846
79.521
77.009
74.5482
72.1378
69.7772
67.4657
65.2028
62.9876
60.8194
58.6976
56.6214
54.5899
52.6025
50.6582
48.7564
46.8962
45.0768
43.2973
41.5569
39.8546
38.1897
36.5612
34.9681
33.4097
31.885
30.393
28.9327
27.5033
26.1037
24.7329
23.39
22.0739
20.7837
19.5183
18.2768
17.058
15.8611
14.685
13.5288
12.3916
11.2728
10.1717
9.08822
8.02292
6.97755
5.95608
4.96605
4.02113
3.14497
2.36146
1.65091
102.823
189.791
197.985
185.737
174.319
165.305
158.077
152.137
147.057
142.539
138.394
134.507
130.801
127.231
123.766
120.389
117.087
113.853
110.681
107.57
104.517
101.521
98.5812
95.6965
92.8666
90.0909
87.369
84.7004
82.0846
79.521
77.009
74.5482
72.1378
69.7772
67.4657
65.2028
62.9876
60.8194
58.6976
56.6214
54.5899
52.6025
50.6582
48.7564
46.8962
45.0768
43.2973
41.5569
39.8546
38.1897
36.5612
34.9681
33.4097
31.885
30.393
28.9327
27.5033
26.1037
24.7329
23.39
22.0739
20.7837
19.5183
18.2768
17.058
15.8611
14.685
13.5288
12.3916
11.2728
10.1717
9.08822
8.02292
6.97755
5.95608
4.96605
4.02113
3.14497
2.36146
1.65091
109.897
184.091
190.208
178.805
168.767
161.071
154.967
149.935
145.567
141.592
137.855
134.268
130.781
127.371
124.024
120.735
117.501
114.32
111.194
108.12
105.101
102.134
99.2206
96.3599
93.5517
90.7957
88.0913
85.4383
82.8362
80.2844
77.7825
75.3299
72.9261
70.5704
68.2623
66.0012
63.7863
61.6171
59.4928
57.4128
55.3763
53.3826
51.431
49.5207
47.6509
45.8208
44.0297
42.2766
40.5609
38.8816
37.2379
35.6288
34.0537
32.5114
31.0012
29.5221
28.0731
26.6533
25.2619
23.8977
22.5598
21.2473
19.9591
18.6942
17.4518
16.2308
15.0303
13.8493
12.6872
11.5432
10.417
9.3086
8.21871
7.14927
6.10424
5.09065
4.12065
3.21532
2.39805
1.65436
127.625
171.601
172.61
163.544
157.135
152.601
148.993
145.878
142.952
140.044
137.083
134.053
130.966
127.844
124.709
121.58
118.47
115.392
112.35
109.351
106.397
103.489
100.629
97.8167
95.052
92.3351
89.6656
87.0433
84.4679
81.9388
79.4558
77.0185
74.6263
72.2789
69.9758
67.7164
65.5002
63.3268
61.1954
59.1056
57.0567
55.0481
53.0792
51.1493
49.2577
47.4037
45.5867
43.8058
42.0603
40.3495
38.6726
37.0287
35.4172
33.837
32.2875
30.7677
29.2768
27.8139
26.3781
24.9685
23.5841
22.224
20.8874
19.5732
18.2805
17.0084
15.7561
14.5228
13.3077
12.1103
10.9307
9.76896
8.6265
7.50579
6.41124
5.34963
4.33063
3.36893
2.48242
1.66008
166.105
142.338
144.16
142.329
141.832
141.996
142.045
141.649
140.678
139.142
137.13
134.755
132.123
129.323
126.424
123.476
120.512
117.555
114.619
111.714
108.844
106.012
103.221
100.47
97.7602
95.0916
92.464
89.8773
87.3314
84.826
82.3611
79.9362
77.5513
75.206
72.9001
70.6333
68.4052
66.2155
64.0637
61.9495
59.8725
57.8321
55.8279
53.8593
51.9259
50.027
48.1621
46.3306
44.5318
42.7652
41.03
39.3256
37.6512
36.0061
34.3896
32.801
31.2394
29.704
28.1941
26.7087
25.2472
23.8086
22.392
20.9966
19.6215
18.2659
16.929
15.61
14.3084
13.0238
11.7563
10.5067
9.27699
8.07089
6.89464
5.75737
4.67026
3.64256
2.67411
1.68444
391.993
369.02
369.37
359.584
351.957
346.2
340.702
334.863
328.474
321.532
314.132
306.405
298.469
290.424
282.344
274.284
266.279
258.353
250.522
242.796
235.181
227.679
220.295
213.03
205.884
198.858
191.954
185.173
178.514
171.978
165.567
159.281
153.12
147.084
141.175
135.392
129.736
124.207
118.805
113.531
108.384
103.365
98.4738
93.7104
89.0747
84.5666
80.186
75.9328
71.8066
67.8074
63.9346
60.188
56.567
53.0713
49.7002
46.4531
43.3293
40.3277
37.4477
34.6879
32.0472
29.5241
27.1171
24.8242
22.6434
20.5722
18.6078
16.747
14.9863
13.3214
11.7476
10.2599
8.85279
7.52067
6.25872
5.06416
3.93885
2.89185
1.92894
0.973596
320.82
396.706
401.862
384.674
370.971
360.456
351.109
342.325
333.788
325.326
316.872
308.418
299.979
291.578
283.236
274.972
266.8
258.731
250.771
242.926
235.199
227.593
220.109
212.749
205.513
198.403
191.419
184.562
177.833
171.233
164.76
158.417
152.204
146.12
140.166
134.342
128.649
123.087
117.655
112.353
107.183
102.143
97.2337
92.4549
87.8064
83.2881
78.8998
74.6411
70.5119
66.5118
62.6405
58.8974
55.2822
51.7944
48.4333
45.1984
42.0889
39.104
36.2429
33.5045
30.8877
28.3911
26.0135
23.753
21.6077
19.5754
17.6536
15.8393
14.1292
12.5193
11.0052
9.58185
8.24372
6.98493
5.79974
4.68359
3.63546
2.66167
1.76904
0.934816
287.251
394.64
413.886
399.231
383.578
370.549
358.944
348.286
338.271
328.685
319.4
310.342
301.467
292.75
284.175
275.734
267.422
259.237
251.178
243.244
235.436
227.754
220.199
212.772
205.473
198.303
191.263
184.353
177.574
170.926
164.41
158.026
151.775
145.656
139.669
133.816
128.095
122.508
117.053
111.731
106.542
101.486
96.5616
91.77
87.1105
82.5829
78.1869
73.9222
69.7883
65.7851
61.912
58.1687
54.5545
51.0691
47.7117
44.4819
41.3788
38.4017
35.5498
32.822
30.2173
27.7346
25.3723
23.129
21.0029
18.9918
17.0935
15.3051
13.6235
12.0448
10.5648
9.17837
7.87991
6.66313
5.52168
4.45026
3.44776
2.52284
1.68946
0.947006
275.083
393.775
417.923
404.683
388.882
375.189
362.769
351.323
340.628
330.493
320.781
311.403
302.29
293.398
284.694
276.155
267.767
259.521
251.41
243.43
235.582
227.862
220.272
212.812
205.482
198.283
191.215
184.279
177.476
170.805
164.268
157.864
151.594
145.458
139.455
133.587
127.853
122.253
116.787
111.455
106.257
101.192
96.2606
91.4626
86.7975
82.2651
77.8651
73.5971
69.4608
65.4557
61.5814
57.8375
54.2235
50.7388
47.3829
44.155
41.0546
38.0807
35.2327
32.5095
29.9101
27.4333
25.0778
22.8421
20.7244
18.7228
16.8349
15.0581
13.3893
11.8247
10.3601
8.99051
7.71003
6.51229
5.39069
4.33981
3.35899
2.45861
1.65613
0.957151
275.083
393.775
417.923
404.683
388.882
375.189
362.769
351.323
340.628
330.493
320.781
311.403
302.29
293.398
284.694
276.155
267.767
259.521
251.41
243.43
235.582
227.862
220.272
212.812
205.482
198.283
191.215
184.279
177.476
170.805
164.268
157.864
151.594
145.458
139.455
133.587
127.853
122.253
116.787
111.455
106.257
101.192
96.2606
91.4626
86.7975
82.2651
77.8651
73.5971
69.4608
65.4557
61.5814
57.8375
54.2235
50.7388
47.3829
44.155
41.0546
38.0807
35.2327
32.5095
29.9101
27.4333
25.0778
22.8421
20.7244
18.7228
16.8349
15.0581
13.3893
11.8247
10.3601
8.99051
7.71003
6.51229
5.39069
4.33981
3.35899
2.45861
1.65613
0.957152
287.251
394.64
413.886
399.231
383.578
370.549
358.944
348.286
338.271
328.685
319.4
310.342
301.467
292.75
284.175
275.734
267.422
259.237
251.178
243.244
235.436
227.754
220.199
212.772
205.473
198.303
191.263
184.353
177.574
170.926
164.41
158.026
151.775
145.656
139.669
133.816
128.095
122.508
117.053
111.731
106.542
101.486
96.5616
91.77
87.1105
82.5829
78.1869
73.9222
69.7883
65.7851
61.912
58.1687
54.5545
51.0691
47.7117
44.4819
41.3788
38.4017
35.5498
32.822
30.2173
27.7346
25.3723
23.129
21.0029
18.9918
17.0935
15.3051
13.6235
12.0448
10.5648
9.17837
7.87991
6.66313
5.52168
4.45026
3.44776
2.52284
1.68946
0.947006
320.82
396.706
401.862
384.674
370.971
360.456
351.109
342.325
333.788
325.326
316.872
308.418
299.979
291.578
283.236
274.972
266.8
258.731
250.771
242.926
235.199
227.593
220.109
212.749
205.513
198.403
191.419
184.562
177.833
171.233
164.76
158.417
152.204
146.12
140.166
134.342
128.649
123.087
117.655
112.353
107.183
102.143
97.2337
92.4549
87.8064
83.2881
78.8998
74.6411
70.5119
66.5118
62.6405
58.8974
55.2822
51.7944
48.4333
45.1984
42.0889
39.104
36.2429
33.5045
30.8877
28.3911
26.0135
23.753
21.6077
19.5754
17.6536
15.8393
14.1292
12.5193
11.0052
9.58185
8.24372
6.98493
5.79974
4.68359
3.63546
2.66167
1.76904
0.934816
391.993
369.02
369.37
359.584
351.957
346.2
340.702
334.863
328.474
321.532
314.132
306.405
298.469
290.424
282.344
274.284
266.279
258.353
250.522
242.796
235.181
227.679
220.295
213.03
205.884
198.858
191.954
185.173
178.514
171.978
165.567
159.281
153.12
147.084
141.175
135.392
129.736
124.207
118.805
113.531
108.384
103.365
98.4738
93.7104
89.0747
84.5666
80.186
75.9328
71.8066
67.8074
63.9346
60.188
56.567
53.0713
49.7002
46.4531
43.3293
40.3277
37.4477
34.6879
32.0472
29.5241
27.1171
24.8242
22.6434
20.5722
18.6078
16.747
14.9863
13.3214
11.7476
10.2599
8.85279
7.52067
6.25872
5.06416
3.93885
2.89185
1.92894
0.973596
640.19
604.718
592.463
575.842
565.443
556.933
547.626
537.179
525.739
513.545
500.838
487.824
474.659
461.458
448.298
435.231
422.29
409.497
396.867
384.406
372.121
360.016
348.093
336.355
324.803
313.44
302.267
291.285
280.497
269.903
259.505
249.304
239.302
229.499
219.896
210.495
201.297
192.302
183.511
174.925
166.544
158.37
150.403
142.642
135.09
127.746
120.61
113.684
106.966
100.458
94.1603
88.0722
82.1941
76.5262
71.0685
65.8212
60.7841
55.9572
51.3403
46.9334
42.7361
38.7482
34.9693
31.3988
28.0362
24.8806
21.9308
19.1856
16.6429
14.3002
12.154
10.1992
8.42899
6.83402
5.4018
4.11717
2.96576
1.9441
1.07728
0.399028
546.872
639.529
632.535
606.25
588.442
574.146
560.156
546.175
532.212
518.272
504.382
490.574
476.873
463.301
449.875
436.606
423.503
410.571
397.816
385.241
372.849
360.642
348.622
336.791
325.152
313.705
302.453
291.397
280.539
269.879
259.42
249.161
239.105
229.252
219.603
210.159
200.92
191.889
183.064
174.447
166.038
157.839
149.848
142.067
134.496
127.135
119.985
113.045
106.317
99.7993
93.4933
87.3986
81.5154
75.8437
70.3834
65.1346
60.0971
55.2709
50.6558
46.2517
42.0582
38.0751
34.3021
30.7388
27.3845
24.2386
21.3004
18.5687
16.042
13.7187
11.5959
9.67006
7.93604
6.38648
5.01121
3.79682
2.72822
1.79408
0.999785
0.383029
511.559
632.861
643.202
621.177
602.266
585.724
569.367
553.279
537.616
522.382
507.542
493.052
478.868
464.954
451.28
437.828
424.583
411.537
398.685
386.023
373.552
361.271
349.182
337.286
325.584
314.079
302.771
291.662
280.754
270.047
259.543
249.243
239.147
229.258
219.575
210.099
200.831
191.772
182.922
174.282
165.852
157.632
149.623
141.826
134.24
126.865
119.703
112.752
106.014
99.4881
93.1745
87.0733
81.1844
75.5079
70.0438
64.7918
59.7519
54.9241
50.308
45.9034
41.7103
37.7281
33.9567
30.3955
27.0442
23.9022
20.9688
18.2432
15.7242
13.4104
11.2997
9.38941
7.67503
6.15007
4.80478
3.62525
2.59429
1.69754
0.943967
0.403544
500.864
629.783
645.646
625.948
607.649
590.844
573.777
556.863
540.44
524.578
509.251
494.396
479.944
465.836
452.022
438.466
425.142
412.033
399.128
386.422
373.911
361.593
349.47
337.541
325.809
314.275
302.939
291.804
280.871
270.141
259.616
249.295
239.181
229.273
219.573
210.082
200.8
191.728
182.865
174.214
165.773
157.544
149.527
141.721
134.128
126.747
119.579
112.623
105.88
99.3501
93.033
86.9287
81.0373
75.3587
69.8927
64.6394
59.5985
54.7699
50.1534
45.7488
41.5558
37.5742
33.8035
30.2435
26.8936
23.7533
20.8222
18.0993
15.5838
13.2745
11.1696
9.26643
7.56105
6.04712
4.71485
3.54994
2.53445
1.65386
0.921555
0.420252
500.864
629.783
645.646
625.948
607.649
590.844
573.777
556.863
540.44
524.578
509.251
494.396
479.944
465.836
452.022
438.466
425.142
412.033
399.128
386.422
373.911
361.593
349.47
337.541
325.809
314.275
302.939
291.804
280.871
270.141
259.616
249.295
239.181
229.273
219.573
210.082
200.8
191.728
182.865
174.214
165.773
157.544
149.527
141.721
134.128
126.747
119.579
112.623
105.88
99.3501
93.033
86.9287
81.0373
75.3587
69.8927
64.6394
59.5985
54.7699
50.1534
45.7488
41.5558
37.5742
33.8035
30.2435
26.8936
23.7533
20.8222
18.0993
15.5838
13.2745
11.1696
9.26643
7.56105
6.04712
4.71485
3.54994
2.53445
1.65386
0.921554
0.42025
511.559
632.861
643.202
621.177
602.266
585.724
569.367
553.279
537.616
522.382
507.542
493.052
478.868
464.954
451.28
437.828
424.583
411.537
398.685
386.023
373.552
361.271
349.182
337.286
325.584
314.079
302.771
291.662
280.754
270.047
259.543
249.243
239.147
229.258
219.575
210.099
200.831
191.772
182.922
174.282
165.852
157.632
149.623
141.826
134.24
126.865
119.703
112.752
106.014
99.4881
93.1745
87.0733
81.1844
75.5079
70.0438
64.7918
59.7519
54.9241
50.308
45.9034
41.7103
37.7281
33.9567
30.3955
27.0442
23.9022
20.9688
18.2432
15.7242
13.4104
11.2997
9.38941
7.67503
6.15007
4.80478
3.62525
2.59429
1.69754
0.943965
0.403542
546.872
639.529
632.535
606.25
588.442
574.146
560.156
546.175
532.212
518.272
504.382
490.574
476.873
463.301
449.875
436.606
423.503
410.571
397.816
385.241
372.849
360.642
348.622
336.791
325.152
313.705
302.453
291.397
280.539
269.879
259.42
249.161
239.105
229.252
219.603
210.159
200.92
191.889
183.064
174.447
166.038
157.839
149.848
142.067
134.496
127.135
119.985
113.045
106.317
99.7993
93.4933
87.3986
81.5154
75.8437
70.3834
65.1346
60.0971
55.2709
50.6558
46.2517
42.0582
38.0751
34.3021
30.7388
27.3845
24.2386
21.3004
18.5687
16.042
13.7187
11.5959
9.67006
7.93604
6.38648
5.01121
3.79682
2.72822
1.79408
0.999785
0.38303
640.19
604.718
592.463
575.842
565.443
556.933
547.626
537.179
525.739
513.545
500.838
487.824
474.659
461.458
448.298
435.231
422.29
409.497
396.867
384.406
372.121
360.016
348.093
336.355
324.803
313.44
302.267
291.285
280.497
269.903
259.505
249.304
239.302
229.499
219.896
210.495
201.297
192.302
183.511
174.925
166.544
158.37
150.403
142.642
135.09
127.746
120.61
113.684
106.966
100.458
94.1603
88.0722
82.1941
76.5262
71.0685
65.8212
60.7841
55.9572
51.3403
46.9334
42.7361
38.7482
34.9693
31.3988
28.0362
24.8806
21.9309
19.1856
16.6429
14.3002
12.154
10.1992
8.42899
6.83402
5.4018
4.11717
2.96576
1.9441
1.07727
0.399023
949.927
813.82
802.005
792.448
782.342
770.478
756.357
740.513
723.519
705.815
687.726
669.473
651.202
633.008
614.951
597.067
579.38
561.906
544.653
527.629
510.837
494.282
477.967
461.895
446.069
430.491
415.164
400.09
385.271
370.71
356.409
342.369
328.594
315.084
301.841
288.868
276.166
263.736
251.58
239.699
228.096
216.77
205.724
194.959
184.475
174.274
164.357
154.725
145.378
136.318
127.546
119.062
110.866
102.961
95.3455
88.0209
80.9876
74.2462
67.7969
61.6402
55.7764
50.2058
44.9287
39.9452
35.2554
30.8594
26.7572
22.9486
19.4336
16.2116
13.2823
10.6449
8.29855
6.24252
4.47645
3.00104
1.81918
0.936142
0.361125
0.0991019
858.263
845.89
843.025
825.185
807.352
789.138
769.884
750.184
730.456
710.886
691.549
672.467
653.644
635.073
616.748
598.663
580.816
563.204
545.829
528.692
511.794
495.139
478.728
462.565
446.653
430.993
415.588
400.441
385.554
370.929
356.568
342.473
328.646
315.088
301.802
288.788
276.048
263.584
251.397
239.488
227.859
216.51
205.443
194.66
184.16
173.945
164.015
154.373
145.017
135.95
127.172
118.683
110.485
102.577
94.9604
87.6355
80.6028
73.8626
67.4152
61.261
55.4001
49.8329
44.5594
39.5799
34.8943
30.5027
26.4051
22.6014
19.0917
15.8759
12.9539
10.3261
7.99293
5.95572
4.21696
2.78074
1.65275
0.83628
0.323233
0.0712971
836.455
828.009
847.588
838.549
821.315
801.196
779.556
757.662
736.145
715.21
694.874
675.082
655.76
636.839
618.265
599.998
582.011
564.288
546.818
529.597
512.623
495.897
479.419
463.192
447.219
431.502
416.043
400.845
385.91
371.239
356.835
342.7
328.835
315.242
301.923
288.879
276.111
263.621
251.41
239.479
227.83
216.463
205.38
194.581
184.067
173.84
163.9
154.248
144.884
135.809
127.025
118.531
110.328
102.416
94.7964
87.4691
80.4346
73.6931
67.245
61.0904
55.2296
49.6628
44.39
39.4115
34.7271
30.337
26.2412
22.4398
18.933
15.7211
12.8045
10.1843
7.86184
5.83933
4.11981
2.70685
1.60337
0.807261
0.304165
0.0631253
832.537
818.903
846.148
841.919
826.445
806.416
784.142
761.415
739.11
717.518
696.671
676.498
656.9
637.782
619.066
600.695
582.63
564.845
547.325
530.06
513.047
496.285
479.774
463.516
447.513
431.767
416.281
401.057
386.098
371.404
356.979
342.824
328.94
315.33
301.995
288.935
276.154
263.651
251.428
239.486
227.827
216.451
205.36
194.553
184.033
173.8
163.854
154.197
144.829
135.751
126.963
118.467
110.261
102.348
94.7267
87.3983
80.3629
73.6208
67.1724
61.0177
55.1569
49.5903
44.3179
39.3399
34.6562
30.2669
26.1721
22.3721
18.867
15.6574
12.7441
10.1284
7.81209
5.79757
4.08777
2.68546
1.59178
0.802233
0.300985
0.0617329
832.537
818.903
846.148
841.919
826.445
806.416
784.142
761.415
739.11
717.518
696.671
676.498
656.9
637.782
619.066
600.695
582.63
564.845
547.325
530.06
513.047
496.285
479.774
463.516
447.513
431.767
416.281
401.057
386.098
371.404
356.979
342.824
328.94
315.33
301.995
288.935
276.154
263.651
251.428
239.486
227.827
216.451
205.36
194.553
184.033
173.8
163.854
154.197
144.829
135.751
126.963
118.467
110.261
102.348
94.7267
87.3983
80.3629
73.6208
67.1724
61.0177
55.1569
49.5903
44.3179
39.3399
34.6562
30.2669
26.1721
22.3721
18.867
15.6574
12.7441
10.1284
7.81209
5.79756
4.08777
2.68545
1.59178
0.802236
0.300986
0.0617397
836.455
828.009
847.588
838.549
821.315
801.196
779.556
757.662
736.145
715.21
694.874
675.082
655.76
636.839
618.265
599.998
582.011
564.288
546.818
529.597
512.623
495.897
479.419
463.192
447.219
431.502
416.043
400.845
385.91
371.239
356.835
342.7
328.835
315.242
301.923
288.879
276.111
263.621
251.41
239.479
227.83
216.463
205.38
194.581
184.067
173.84
163.9
154.248
144.884
135.809
127.025
118.531
110.328
102.416
94.7964
87.4691
80.4346
73.6931
67.245
61.0904
55.2296
49.6628
44.39
39.4115
34.7271
30.337
26.2412
22.4398
18.933
15.7211
12.8045
10.1843
7.86184
5.83933
4.11981
2.70685
1.60337
0.807265
0.304166
0.0631288
858.263
845.89
843.025
825.185
807.352
789.138
769.884
750.184
730.456
710.886
691.549
672.467
653.644
635.073
616.748
598.663
580.816
563.204
545.829
528.692
511.794
495.139
478.728
462.565
446.653
430.993
415.588
400.441
385.554
370.929
356.568
342.473
328.646
315.088
301.802
288.788
276.048
263.584
251.397
239.488
227.859
216.51
205.443
194.66
184.16
173.945
164.015
154.373
145.017
135.95
127.172
118.683
110.485
102.577
94.9604
87.6355
80.6028
73.8626
67.4152
61.261
55.4001
49.8329
44.5594
39.5799
34.8943
30.5027
26.4051
22.6014
19.0917
15.8759
12.9539
10.3261
7.99293
5.95572
4.21696
2.78074
1.65275
0.836283
0.323234
0.0712987
949.927
813.82
802.005
792.448
782.342
770.478
756.357
740.513
723.519
705.815
687.726
669.473
651.202
633.008
614.951
597.067
579.38
561.906
544.653
527.629
510.837
494.282
477.967
461.895
446.069
430.491
415.164
400.09
385.271
370.71
356.409
342.369
328.594
315.084
301.841
288.868
276.166
263.736
251.58
239.699
228.096
216.77
205.724
194.959
184.475
174.274
164.357
154.725
145.378
136.318
127.546
119.062
110.866
102.961
95.3455
88.0209
80.9876
74.2462
67.7969
61.6402
55.7764
50.2058
44.9287
39.9452
35.2554
30.8594
26.7572
22.9486
19.4336
16.2116
13.2823
10.6449
8.29855
6.24252
4.47645
3.00105
1.81918
0.936143
0.361124
0.099109
)
;

boundaryField
{
    left
    {
        type            calculated;
        value           nonuniform List<scalar> 
64
(
1235.67
1040.24
1024.31
1027.06
1027.06
1024.31
1040.24
1235.67
666.666
486.537
439.084
425.978
425.978
439.084
486.537
666.666
349.997
234.009
189.131
172.797
172.797
189.131
234.009
349.997
124.477
77.0805
70.3162
68.7684
68.7684
70.3162
77.0805
124.477
206.772
125.16
95.3337
83.076
83.076
95.3337
125.16
206.772
429.235
279.811
216.412
191.798
191.798
216.412
279.811
429.235
681.315
489.397
433.631
418.72
418.72
433.631
489.397
681.315
1071.32
887.56
873.223
878.145
878.145
873.223
887.56
1071.32
)
;
    }
    right
    {
        type            calculated;
        value           nonuniform List<scalar> 
64
(
4.07549
4.09685
4.08219
4.06744
4.06744
4.08219
4.09685
4.07549
3.767
3.81431
3.7825
3.75899
3.75899
3.7825
3.81432
3.76699
3.16003
3.23195
3.20399
3.18009
3.1801
3.20399
3.23195
3.16003
2.3269
2.39285
2.37685
2.36145
2.36145
2.37685
2.39285
2.3269
1.44907
1.48635
1.49524
1.49723
1.49723
1.49524
1.48635
1.44907
0.700146
0.71575
0.764124
0.790056
0.790057
0.764125
0.71575
0.700145
0.203636
0.209499
0.274597
0.30924
0.309238
0.274593
0.209499
0.203629
0.077101
0.0125965
0.0148394
0.00856567
0.00857209
0.0148247
0.0125764
0.0771163
)
;
    }
    back
    {
        type            calculated;
        value           nonuniform List<scalar> 
640
(
1148.71
693.453
364.709
108.092
192.549
433.436
693.535
1002.16
954.06
639.638
347.365
97.3003
132.482
353.399
582.236
790.751
924.412
641.731
368.375
120.969
130.664
351.751
569.712
777.736
907.773
632.717
372.818
134.312
131.722
346.507
559.643
774.652
894.55
622.738
370.466
140.78
134.036
342.156
553.495
769.228
880.141
612.426
365.503
143.44
136.572
338.885
548.12
760.881
863.311
601.012
359.148
143.962
138.508
335.384
541.286
749.506
844.286
588.407
351.928
143.215
139.52
331.064
532.675
735.684
823.601
574.788
344.111
141.669
139.557
325.776
522.529
720.097
801.793
560.411
335.877
139.608
138.725
319.607
511.22
703.342
779.313
545.532
327.374
137.217
137.198
312.741
499.107
685.878
756.507
530.367
318.722
134.623
135.154
305.378
486.488
668.034
733.627
515.087
310.01
131.912
132.751
297.695
473.589
650.033
710.849
499.814
301.303
129.138
130.113
289.828
460.57
632.02
688.29
484.635
292.645
126.337
127.333
281.88
447.54
614.09
666.028
469.609
284.067
123.53
124.475
273.921
434.571
596.301
644.114
454.774
275.587
120.731
121.583
266
421.71
578.69
622.577
440.155
267.218
117.947
118.686
258.146
408.986
561.28
601.436
425.769
258.967
115.183
115.803
250.381
396.416
544.084
580.701
411.626
250.841
112.442
112.944
242.715
384.012
527.113
560.376
397.732
242.843
109.727
110.115
235.156
371.78
510.371
540.464
384.091
234.977
107.039
107.32
227.708
359.725
493.864
520.963
370.706
227.243
104.38
104.562
220.374
347.85
477.595
501.874
357.577
219.643
101.75
101.841
213.157
336.158
461.566
483.194
344.705
212.18
99.1503
99.1572
206.056
324.65
445.781
464.919
332.09
204.853
96.5821
96.5113
199.074
313.328
430.242
447.048
319.733
197.664
94.0457
93.9033
192.211
302.194
414.952
429.577
307.632
190.613
91.5416
91.333
185.468
291.25
399.913
412.503
295.787
183.701
89.0702
88.8004
178.845
280.496
385.127
395.824
284.197
176.927
86.6317
86.3054
172.343
269.935
370.597
379.535
272.862
170.291
84.2264
83.848
165.963
259.568
356.324
363.634
261.78
163.795
81.8544
81.4279
159.706
249.396
342.312
348.117
250.95
157.438
79.5157
79.0451
153.572
239.42
328.561
332.981
240.372
151.219
77.2104
76.6995
147.561
229.642
315.075
318.223
230.044
145.139
74.9384
74.3908
141.675
220.062
301.854
303.84
219.965
139.197
72.6998
72.1188
135.913
210.683
288.901
289.828
210.134
133.393
70.4944
69.8833
130.277
201.504
276.217
276.184
200.55
127.727
68.322
67.6841
124.765
192.527
263.804
262.906
191.211
122.199
66.1825
65.5208
119.379
183.753
251.663
249.99
182.116
116.807
64.0757
63.3931
114.119
175.182
239.797
237.433
173.264
111.552
62.0014
61.3006
108.986
166.816
228.206
225.232
164.654
106.434
59.9592
59.2431
103.978
158.654
216.892
213.384
156.284
101.451
57.949
57.22
99.0967
150.698
205.857
201.887
148.154
96.6027
55.9703
55.2309
94.3418
142.949
195.1
190.738
140.261
91.8893
54.0228
53.2754
89.7132
135.405
184.625
179.933
132.605
87.3099
52.1062
51.353
85.2109
128.07
174.432
169.471
125.184
82.8639
50.22
49.4631
80.8349
120.941
164.521
159.348
117.997
78.5505
48.3638
47.6053
76.5849
114.021
154.894
149.563
111.044
74.3691
46.5371
45.7789
72.4609
107.309
145.553
140.111
104.322
70.3189
44.7394
43.9834
68.4626
100.806
136.497
130.993
97.8298
66.399
42.9703
42.2181
64.5895
94.5119
127.728
122.204
91.5674
62.6087
41.2292
40.4825
60.8415
88.4269
119.247
113.742
85.5329
58.9471
39.5155
38.7759
57.2181
82.5513
111.054
105.606
79.7252
55.4131
37.8287
37.0976
53.7187
76.8852
103.15
97.793
74.1432
52.0057
36.1681
35.4469
50.3428
71.4288
95.5356
90.3013
68.7855
48.7238
34.5332
33.8231
47.0897
66.182
88.2118
83.1287
63.6512
45.5663
32.9233
32.2255
43.9586
61.1449
81.1789
76.2733
58.7388
42.5318
31.3377
30.6533
40.9488
56.3175
74.4374
69.7334
54.0474
39.6188
29.7757
29.1058
38.059
51.6995
67.9879
63.5073
49.5756
36.826
28.2367
27.5822
35.2883
47.2909
61.8305
57.5932
45.3223
34.1515
26.7201
26.0816
32.6354
43.0915
55.9659
51.9896
41.2862
31.5937
25.225
24.6033
30.0986
39.1008
50.3942
46.6952
37.466
29.1504
23.7507
23.1464
27.6765
35.3185
45.1158
41.7087
33.8604
26.8196
22.2967
21.7101
25.3669
31.744
40.1308
37.0288
30.4679
24.5988
20.8621
20.2936
23.1677
28.3767
35.4395
32.6547
27.2869
22.4854
19.4465
18.896
21.0764
25.2155
31.0418
28.5857
24.3157
20.4766
18.0491
17.5166
19.09
22.2594
26.9378
24.8212
21.5522
18.5692
16.6697
16.1547
17.2053
19.5066
23.1273
21.3611
18.9942
16.7601
15.308
14.8097
15.4186
16.955
19.61
18.2057
16.6388
15.0456
13.964
13.4814
13.7255
14.6016
16.3854
15.3559
14.4825
13.4223
12.6386
12.17
12.1214
12.4426
13.4528
12.8135
12.5209
11.8863
11.3333
10.8765
10.6012
10.4722
10.8109
10.5817
10.7485
10.4345
10.051
9.60326
9.15925
8.68285
8.45827
8.66569
9.15869
9.06402
8.79673
8.35459
7.79036
7.06415
6.39295
7.07287
7.74383
7.77346
7.578
7.13764
6.49004
5.60255
4.61314
5.81245
6.49733
6.56443
6.40534
5.96274
5.25631
4.28201
3.11775
4.89141
5.41881
5.44513
5.29103
4.84179
4.09243
3.08842
1.90815
4.30425
4.53037
4.44188
4.2469
3.78125
3.00895
2.02245
0.990521
4.03575
3.91559
3.64165
3.302
2.77345
2.01329
1.12087
0.382902
4.02807
3.72694
3.16235
2.45278
1.70567
1.00498
0.419029
0.120351
)
;
    }
    front
    {
        type            calculated;
        value           nonuniform List<scalar> 
640
(
1148.71
693.453
364.709
108.092
192.549
433.436
693.535
1002.16
954.06
639.638
347.365
97.3003
132.482
353.399
582.236
790.751
924.412
641.731
368.375
120.969
130.664
351.751
569.712
777.736
907.773
632.717
372.818
134.312
131.722
346.507
559.643
774.652
894.55
622.738
370.466
140.78
134.036
342.156
553.495
769.228
880.141
612.426
365.503
143.44
136.572
338.885
548.12
760.881
863.311
601.012
359.148
143.962
138.508
335.384
541.286
749.506
844.286
588.407
351.928
143.215
139.52
331.064
532.675
735.684
823.601
574.788
344.111
141.669
139.557
325.776
522.529
720.097
801.793
560.411
335.877
139.608
138.725
319.607
511.22
703.342
779.313
545.532
327.374
137.217
137.198
312.741
499.107
685.878
756.507
530.367
318.722
134.623
135.154
305.378
486.488
668.034
733.627
515.087
310.01
131.912
132.751
297.695
473.589
650.033
710.849
499.814
301.303
129.138
130.113
289.828
460.57
632.02
688.29
484.635
292.645
126.337
127.333
281.88
447.54
614.09
666.028
469.609
284.067
123.53
124.475
273.921
434.571
596.301
644.114
454.774
275.587
120.731
121.583
266
421.71
578.69
622.577
440.155
267.218
117.947
118.686
258.146
408.986
561.28
601.436
425.769
258.967
115.183
115.803
250.381
396.416
544.084
580.701
411.626
250.841
112.442
112.944
242.715
384.012
527.113
560.376
397.732
242.843
109.727
110.115
235.156
371.78
510.371
540.464
384.091
234.977
107.039
107.32
227.708
359.725
493.864
520.963
370.706
227.243
104.38
104.562
220.374
347.85
477.595
501.874
357.577
219.643
101.75
101.841
213.157
336.158
461.566
483.194
344.705
212.18
99.1503
99.1572
206.056
324.65
445.781
464.919
332.09
204.853
96.5821
96.5113
199.074
313.328
430.242
447.048
319.733
197.664
94.0457
93.9033
192.211
302.194
414.952
429.577
307.632
190.613
91.5416
91.333
185.468
291.25
399.913
412.503
295.787
183.701
89.0702
88.8004
178.845
280.496
385.127
395.824
284.197
176.927
86.6317
86.3054
172.343
269.935
370.597
379.535
272.862
170.291
84.2264
83.848
165.963
259.568
356.324
363.634
261.78
163.795
81.8544
81.4279
159.706
249.396
342.312
348.117
250.95
157.438
79.5157
79.0451
153.572
239.42
328.561
332.981
240.372
151.219
77.2104
76.6995
147.561
229.642
315.075
318.223
230.044
145.139
74.9384
74.3908
141.675
220.062
301.854
303.84
219.965
139.197
72.6998
72.1188
135.913
210.683
288.901
289.828
210.134
133.393
70.4944
69.8833
130.277
201.504
276.217
276.184
200.55
127.727
68.322
67.6841
124.765
192.527
263.804
262.906
191.211
122.199
66.1825
65.5208
119.379
183.753
251.663
249.99
182.116
116.807
64.0757
63.3931
114.119
175.182
239.797
237.433
173.264
111.552
62.0014
61.3006
108.986
166.816
228.206
225.232
164.654
106.434
59.9592
59.2431
103.978
158.654
216.892
213.384
156.284
101.451
57.949
57.22
99.0967
150.698
205.857
201.887
148.154
96.6026
55.9703
55.2309
94.3418
142.949
195.1
190.738
140.261
91.8893
54.0228
53.2754
89.7132
135.405
184.625
179.933
132.605
87.3099
52.1062
51.353
85.2109
128.07
174.432
169.471
125.184
82.8639
50.22
49.4631
80.8349
120.941
164.521
159.348
117.997
78.5505
48.3638
47.6053
76.5849
114.021
154.894
149.563
111.044
74.3691
46.5371
45.7789
72.4609
107.309
145.553
140.111
104.322
70.3189
44.7394
43.9834
68.4626
100.806
136.497
130.993
97.8298
66.399
42.9703
42.2181
64.5895
94.5119
127.728
122.204
91.5674
62.6087
41.2292
40.4825
60.8415
88.4269
119.247
113.742
85.5329
58.9471
39.5155
38.7759
57.2181
82.5513
111.054
105.606
79.7252
55.4131
37.8287
37.0976
53.7187
76.8852
103.15
97.793
74.1432
52.0057
36.1681
35.4469
50.3428
71.4288
95.5356
90.3013
68.7855
48.7238
34.5332
33.8231
47.0897
66.182
88.2118
83.1287
63.6512
45.5663
32.9233
32.2255
43.9586
61.1449
81.1789
76.2733
58.7388
42.5318
31.3377
30.6533
40.9488
56.3175
74.4374
69.7334
54.0474
39.6188
29.7757
29.1058
38.059
51.6995
67.9879
63.5073
49.5756
36.826
28.2367
27.5822
35.2883
47.2909
61.8305
57.5932
45.3223
34.1515
26.7201
26.0816
32.6354
43.0915
55.9659
51.9896
41.2862
31.5937
25.225
24.6033
30.0986
39.1008
50.3942
46.6952
37.466
29.1504
23.7507
23.1464
27.6765
35.3185
45.1158
41.7087
33.8604
26.8196
22.2967
21.7101
25.3669
31.744
40.1308
37.0288
30.4679
24.5988
20.8621
20.2936
23.1677
28.3767
35.4395
32.6548
27.2869
22.4854
19.4465
18.896
21.0764
25.2155
31.0418
28.5857
24.3157
20.4766
18.0491
17.5166
19.09
22.2594
26.9378
24.8212
21.5522
18.5692
16.6697
16.1547
17.2053
19.5066
23.1273
21.3611
18.9942
16.7601
15.308
14.8097
15.4186
16.955
19.61
18.2057
16.6388
15.0456
13.964
13.4814
13.7255
14.6016
16.3854
15.3559
14.4825
13.4223
12.6386
12.17
12.1214
12.4426
13.4528
12.8135
12.5209
11.8863
11.3333
10.8765
10.6012
10.4722
10.8109
10.5817
10.7485
10.4345
10.051
9.60326
9.15925
8.68285
8.45827
8.66569
9.15869
9.06402
8.79673
8.35459
7.79036
7.06415
6.39295
7.07287
7.74384
7.77346
7.578
7.13764
6.49004
5.60255
4.61314
5.81245
6.49733
6.56443
6.40534
5.96274
5.25631
4.28201
3.11774
4.89142
5.41881
5.44513
5.29102
4.84179
4.09243
3.08842
1.90815
4.30425
4.53037
4.44188
4.24689
3.78125
3.00895
2.02245
0.990521
4.03575
3.91559
3.64165
3.302
2.77345
2.01329
1.12087
0.382905
4.02808
3.72695
3.16235
2.45277
1.70567
1.00498
0.419038
0.120337
)
;
    }
    top
    {
        type            calculated;
        value           nonuniform List<scalar> 
640
(
1106.07
1018.87
1006.63
1007.23
1007.23
1006.63
1018.87
1106.07
912.551
942.508
918.083
905.208
905.208
918.083
942.508
912.551
904.209
945.524
946.766
943.115
943.115
946.766
945.524
904.209
899.955
933.934
946.633
949.347
949.347
946.633
933.934
899.955
890.367
916.38
930.515
935.603
935.603
930.515
916.38
890.367
876.957
896.225
908.536
913.853
913.853
908.536
896.225
876.957
860.547
874.366
884.204
888.884
888.884
884.204
874.366
860.547
842.121
851.855
859.399
863.211
863.211
859.399
851.855
842.121
822.454
829.309
834.98
837.965
837.965
834.98
829.309
822.454
802.094
806.994
811.237
813.533
813.533
811.237
806.994
802.094
781.404
785.004
788.206
789.968
789.968
788.206
785.004
781.404
760.617
763.359
765.823
767.188
767.188
765.823
763.359
760.617
739.875
742.047
743.996
745.075
745.075
743.996
742.047
739.875
719.263
721.049
722.639
723.514
723.514
722.639
721.049
719.263
698.832
700.345
701.682
702.411
702.411
701.682
700.345
698.832
678.614
679.923
681.075
681.699
681.699
681.075
679.923
678.614
658.625
659.771
660.784
661.329
661.329
660.784
659.771
658.625
638.878
639.886
640.787
641.271
641.271
640.787
639.886
638.878
619.38
620.265
621.073
621.507
621.507
621.073
620.265
619.38
600.136
600.909
601.634
602.025
602.025
601.634
600.909
600.136
581.151
581.818
582.468
582.821
582.821
582.468
581.818
581.151
562.429
562.996
563.577
563.894
563.894
563.577
562.996
562.429
543.972
544.445
544.96
545.245
545.245
544.96
544.445
543.972
525.784
526.167
526.622
526.876
526.876
526.622
526.167
525.784
507.868
508.167
508.563
508.788
508.788
508.563
508.167
507.868
490.227
490.447
490.788
490.986
490.986
490.788
490.447
490.227
472.864
473.009
473.299
473.47
473.47
473.299
473.009
472.864
455.781
455.857
456.098
456.245
456.245
456.098
455.857
455.781
438.982
438.993
439.189
439.313
439.313
439.189
438.993
438.982
422.469
422.42
422.573
422.676
422.676
422.573
422.42
422.469
406.244
406.14
406.253
406.336
406.336
406.253
406.14
406.244
390.31
390.156
390.232
390.296
390.296
390.232
390.156
390.31
374.67
374.469
374.511
374.558
374.558
374.511
374.469
374.67
359.325
359.082
359.093
359.124
359.124
359.093
359.082
359.325
344.278
343.997
343.979
343.995
343.995
343.979
343.997
344.278
329.532
329.216
329.171
329.175
329.175
329.171
329.216
329.532
315.087
314.74
314.672
314.663
314.663
314.672
314.74
315.087
300.947
300.572
300.483
300.462
300.462
300.483
300.572
300.947
287.114
286.714
286.605
286.575
286.575
286.605
286.714
287.114
273.588
273.167
273.04
273.001
273.001
273.04
273.167
273.588
260.372
259.933
259.791
259.743
259.743
259.791
259.933
260.372
247.469
247.014
246.857
246.803
246.803
246.857
247.014
247.469
234.878
234.41
234.242
234.181
234.181
234.242
234.41
234.878
222.603
222.124
221.946
221.879
221.879
221.946
222.124
222.603
210.645
210.158
209.97
209.899
209.899
209.97
210.158
210.645
199.005
198.511
198.317
198.241
198.241
198.317
198.511
199.005
187.685
187.187
186.986
186.907
186.907
186.986
187.187
187.685
176.686
176.185
175.98
175.898
175.898
175.98
176.185
176.686
166.01
165.508
165.299
165.215
165.215
165.299
165.508
166.01
155.657
155.156
154.944
154.858
154.858
154.944
155.156
155.657
145.63
145.131
144.917
144.83
144.83
144.917
145.131
145.63
135.929
135.433
135.218
135.131
135.131
135.218
135.433
135.929
126.555
126.064
125.849
125.761
125.761
125.849
126.064
126.555
117.51
117.024
116.81
116.722
116.722
116.81
117.024
117.51
108.794
108.315
108.102
108.014
108.014
108.102
108.315
108.794
100.409
99.9365
99.7257
99.6384
99.6384
99.7257
99.9365
100.409
92.3546
91.89
91.6817
91.5952
91.5952
91.6817
91.89
92.3546
84.6323
84.1762
83.9707
83.8853
83.8853
83.9707
84.1762
84.6323
77.2427
76.7955
76.5933
76.5092
76.5092
76.5933
76.7955
77.2427
70.1865
69.7485
69.5499
69.4673
69.4673
69.5499
69.7485
70.1865
63.4642
63.0357
62.841
62.76
62.76
62.841
63.0357
63.4642
57.0764
56.6577
56.467
56.3876
56.3876
56.467
56.6577
57.0764
51.0237
50.6148
50.4283
50.3508
50.3508
50.4283
50.6148
51.0237
45.3064
44.9073
44.7252
44.6495
44.6495
44.7252
44.9073
45.3064
39.9248
39.5355
39.3578
39.2841
39.2841
39.3578
39.5355
39.9248
34.8791
34.4995
34.3264
34.2548
34.2548
34.3264
34.4995
34.8791
30.1695
29.7996
29.6312
29.5618
29.5618
29.6312
29.7996
30.1695
25.7961
25.4358
25.2724
25.2055
25.2055
25.2724
25.4358
25.7961
21.7589
21.4083
21.2504
21.1863
21.1863
21.2504
21.4083
21.7589
18.0578
17.7171
17.5657
17.505
17.505
17.5657
17.7171
18.0578
14.6926
14.3628
14.2192
14.1629
14.1629
14.2192
14.3628
14.6926
11.6633
11.346
11.2123
11.1616
11.1616
11.2123
11.346
11.6633
8.97006
8.66806
8.54737
8.50412
8.50412
8.54737
8.66805
8.97006
6.61421
6.33208
6.22834
6.19445
6.19445
6.22834
6.33208
6.6142
4.59921
4.34358
4.2611
4.23838
4.23838
4.2611
4.34358
4.59921
2.93263
2.71209
2.65423
2.64352
2.64352
2.65423
2.71209
2.93264
1.62857
1.45257
1.41932
1.41939
1.41939
1.41933
1.45257
1.62858
0.706724
0.582992
0.567976
0.574198
0.574209
0.56799
0.583003
0.706723
0.177119
0.132595
0.11893
0.114473
0.114495
0.118952
0.132591
0.177115
0.0493968
0.0991767
0.126592
0.122246
0.12222
0.126573
0.0991949
0.0494074
)
;
    }
    bottom
    {
        type            calculated;
        value           nonuniform List<scalar> 
640
(
1345.52
1239.25
1218.36
1215.47
1215.47
1218.36
1239.25
1345.52
1122.85
1124.7
1098.59
1086.42
1086.42
1098.59
1124.7
1122.85
1086.53
1110.47
1103.11
1096.53
1096.53
1103.11
1110.47
1086.53
1064.74
1087.15
1089.49
1087.47
1087.47
1089.49
1087.15
1064.74
1046.4
1062.38
1067.27
1067.6
1067.6
1067.27
1062.38
1046.4
1026.67
1036.68
1040.98
1042.02
1042.02
1040.98
1036.68
1026.67
1004.52
1009.9
1012.7
1013.62
1013.62
1012.7
1009.9
1004.52
980.308
982.44
983.745
984.24
984.24
983.745
982.44
980.308
954.644
954.625
954.747
954.798
954.798
954.747
954.625
954.644
928.068
926.71
926
925.692
925.692
926
926.71
928.068
901.014
898.88
897.636
897.075
897.075
897.636
898.88
901.014
873.806
871.268
869.715
868.997
868.997
869.715
871.268
873.806
846.674
843.971
842.266
841.465
841.465
842.266
843.971
846.674
819.779
817.058
815.306
814.473
814.473
815.306
817.058
819.779
793.228
790.576
788.844
788.013
788.013
788.844
790.576
793.228
767.09
764.556
762.883
762.076
762.076
762.883
764.556
767.09
741.408
739.018
737.426
736.656
736.656
737.426
739.018
741.408
716.209
713.974
712.475
711.747
711.747
712.475
713.974
716.209
691.506
689.429
688.027
687.345
687.345
688.027
689.429
691.506
667.307
665.385
664.08
663.445
663.445
664.08
665.385
667.307
643.614
641.842
640.632
640.042
640.042
640.632
641.842
643.614
620.425
618.797
617.678
617.133
617.133
617.678
618.797
620.425
597.739
596.246
595.215
594.712
594.712
595.215
596.246
597.739
575.551
574.187
573.238
572.776
572.776
573.238
574.187
575.551
553.858
552.613
551.742
551.318
551.318
551.742
552.613
553.858
532.654
531.522
530.724
530.336
530.336
530.724
531.522
532.654
511.936
510.907
510.178
509.823
509.823
510.178
510.907
511.936
491.697
490.766
490.1
489.777
489.777
490.1
490.766
491.697
471.934
471.092
470.486
470.192
470.192
470.486
471.092
471.934
452.641
451.882
451.331
451.065
451.065
451.331
451.882
452.641
433.813
433.131
432.631
432.39
432.39
432.631
433.131
433.813
415.446
414.834
414.382
414.164
414.164
414.382
414.834
415.446
397.535
396.987
396.579
396.382
396.382
396.579
396.987
397.535
380.076
379.586
379.218
379.041
379.041
379.218
379.586
380.076
363.063
362.627
362.294
362.136
362.136
362.294
362.627
363.063
346.492
346.104
345.805
345.664
345.664
345.805
346.104
346.492
330.359
330.014
329.746
329.62
329.62
329.746
330.014
330.359
314.659
314.353
314.113
314.001
314.001
314.113
314.353
314.659
299.388
299.117
298.902
298.802
298.802
298.902
299.117
299.388
284.542
284.301
284.108
284.02
284.02
284.108
284.301
284.542
270.116
269.902
269.73
269.652
269.652
269.73
269.902
270.116
256.106
255.916
255.762
255.693
255.693
255.762
255.916
256.106
242.509
242.34
242.202
242.141
242.141
242.202
242.34
242.509
229.321
229.168
229.045
228.991
228.991
229.045
229.168
229.321
216.537
216.399
216.288
216.241
216.241
216.288
216.399
216.537
204.154
204.029
203.928
203.886
203.886
203.928
204.029
204.154
192.169
192.053
191.962
191.925
191.925
191.962
192.053
192.169
180.578
180.47
180.386
180.353
180.353
180.386
180.47
180.578
169.377
169.275
169.198
169.168
169.168
169.198
169.275
169.377
158.564
158.465
158.394
158.367
158.367
158.394
158.465
158.564
148.134
148.038
147.971
147.946
147.946
147.971
148.038
148.134
138.086
137.99
137.927
137.904
137.904
137.927
137.99
138.086
128.415
128.319
128.258
128.237
128.237
128.258
128.319
128.415
119.12
119.022
118.963
118.942
118.942
118.963
119.022
119.12
110.197
110.096
110.038
110.018
110.018
110.038
110.096
110.197
101.643
101.539
101.481
101.461
101.461
101.481
101.539
101.643
93.4564
93.3484
93.2898
93.2699
93.2699
93.2898
93.3484
93.4564
85.6343
85.5213
85.4619
85.4418
85.4418
85.4619
85.5213
85.6343
78.1743
78.0558
77.9953
77.9745
77.9745
77.9953
78.0558
78.1743
71.0742
70.9498
70.8877
70.8662
70.8662
70.8877
70.9498
71.0742
64.3318
64.2012
64.1372
64.1149
64.1149
64.1372
64.2012
64.3318
57.9452
57.8082
57.7421
57.7187
57.7187
57.7421
57.8082
57.9452
51.9125
51.7689
51.7005
51.676
51.676
51.7005
51.7689
51.9125
46.232
46.0819
46.011
45.9853
45.9853
46.011
46.0819
46.232
40.9023
40.7456
40.6722
40.6453
40.6453
40.6722
40.7456
40.9023
35.9221
35.7589
35.6832
35.655
35.655
35.6832
35.7589
35.9221
31.2905
31.1212
31.0431
31.0138
31.0138
31.0431
31.1212
31.2905
27.0068
26.8319
26.7519
26.7217
26.7217
26.7519
26.8319
27.0068
23.0713
22.8914
22.81
22.7794
22.7794
22.81
22.8914
23.0713
19.4845
19.3008
19.2192
19.1887
19.1887
19.2192
19.3008
19.4845
16.2487
16.063
15.9826
15.9532
15.9532
15.9826
16.063
16.2487
13.368
13.183
13.106
13.0789
13.0789
13.106
13.183
13.368
10.8497
10.6695
10.599
10.5757
10.5757
10.599
10.6695
10.8497
8.70621
8.53666
8.47597
8.45788
8.45789
8.47597
8.53666
8.70622
6.95689
6.80535
6.7573
6.74521
6.74521
6.7573
6.80534
6.95689
5.62605
5.49976
5.46495
5.45802
5.45802
5.46495
5.49976
5.62604
4.73085
4.63286
4.60862
4.6043
4.6043
4.60861
4.63286
4.73083
4.24955
4.1786
4.16221
4.15814
4.15814
4.16221
4.1786
4.24954
4.11507
4.07051
4.06208
4.05719
4.05718
4.06209
4.07051
4.11507
4.15656
4.15636
4.15597
4.14876
4.14876
4.15598
4.15637
4.15656
)
;
    }
}


// ************************************************************************* //
