/*--------------------------------*- C++ -*----------------------------------*\
| =========                 |                                                 |
| \\      /  F ield         | foam-extend: Open Source CFD                    |
|  \\    /   O peration     | Version:     4.1                                |
|   \\  /    A nd           | Web:         http://www.foam-extend.org         |
|    \\/     M anipulation  |                                                 |
\*---------------------------------------------------------------------------*/
FoamFile
{
    version     2.0;
    format      ascii;
    class       volVectorField;
    location    "0.198";
    object      traction;
}
// * * * * * * * * * * * * * * * * * * * * * * * * * * * * * * * * * * * * * //

dimensions      [1 -1 -2 0 0 0 0];

internalField   uniform (0 0 0);

boundaryField
{
    left
    {
        type            calculated;
        value           nonuniform List<vector> 
64
(
(-1199.47 -164.997 -125.464)
(-1072.75 -142.782 -163.765)
(-1085.9 -77.5602 -190.687)
(-1097.49 -23.8696 -202.36)
(-1097.49 23.8696 -202.36)
(-1085.9 77.5602 -190.687)
(-1072.75 142.782 -163.765)
(-1199.47 164.997 -125.464)
(-703.873 -117.081 -48.2923)
(-618.231 -102.454 -86.2402)
(-621.154 -53.6436 -104.161)
(-623.624 -16.002 -111.635)
(-623.624 16.002 -111.635)
(-621.154 53.6436 -104.161)
(-618.231 102.454 -86.2402)
(-703.873 117.081 -48.2923)
(-375.592 -67.0923 23.6004)
(-334.86 -62.7093 -5.0903)
(-341.398 -32.9262 -9.82092)
(-343.962 -9.68335 -11.6146)
(-343.962 9.68335 -11.6146)
(-341.398 32.9262 -9.82092)
(-334.86 62.7093 -5.0903)
(-375.592 67.0923 23.6004)
(-82.3728 -13.8023 56.6403)
(-83.0796 -11.8938 29.472)
(-87.9731 -5.76797 30.8736)
(-89.5305 -1.56905 31.9322)
(-89.5305 1.56905 31.9322)
(-87.9731 5.76797 30.8736)
(-83.0796 11.8938 29.472)
(-82.3728 13.8023 56.6403)
(191.957 31.446 59.1661)
(150.088 41.1131 28.7753)
(148.918 23.2926 28.3271)
(148.853 7.11665 28.5434)
(148.853 -7.11665 28.5434)
(148.918 -23.2926 28.3271)
(150.088 -41.1131 28.7753)
(191.957 -31.446 59.1661)
(455.105 60.9571 33.9247)
(372.704 86.944 -4.7991)
(374.616 48.8195 -14.9521)
(376.088 14.796 -19.2873)
(376.088 -14.796 -19.2873)
(374.616 -48.8195 -14.9521)
(372.704 -86.944 -4.7991)
(455.105 -60.9571 33.9247)
(713.166 68.9808 -13.9903)
(589.277 117.158 -65.2628)
(590.521 66.0679 -89.2466)
(592.902 20.1167 -99.7698)
(592.902 -20.1167 -99.7698)
(590.521 -66.0679 -89.2466)
(589.277 -117.158 -65.2628)
(713.166 -68.9808 -13.9903)
(1049.05 52.7862 -11.3603)
(920.059 138.31 -43.0642)
(943.558 80.0072 -54.6695)
(959.257 24.6856 -58.4267)
(959.257 -24.6856 -58.4267)
(943.558 -80.0072 -54.6695)
(920.059 -138.31 -43.0642)
(1049.05 -52.7862 -11.3603)
)
;
    }
    right
    {
        type            calculated;
        value           nonuniform List<vector> 
64
(
(-0.628747 0.0033087 1.47557)
(-0.630968 -0.00128669 1.48079)
(-0.629254 -0.0037531 1.47677)
(-0.628464 -0.00175359 1.47491)
(-0.628464 0.00175352 1.47491)
(-0.629253 0.00375311 1.47676)
(-0.630968 0.00128685 1.48079)
(-0.628748 -0.00330868 1.47557)
(-0.580183 -0.00721881 1.36187)
(-0.596863 -0.0175346 1.40098)
(-0.595597 -0.0168055 1.39799)
(-0.594518 -0.00658874 1.39544)
(-0.594519 0.00658848 1.39544)
(-0.595599 0.0168055 1.39799)
(-0.596864 0.0175349 1.40099)
(-0.580183 0.007219 1.36187)
(-0.479597 -0.0248786 1.12603)
(-0.502318 -0.0477356 1.1793)
(-0.502332 -0.0363386 1.17929)
(-0.501585 -0.013105 1.17752)
(-0.501585 0.0131049 1.17752)
(-0.502332 0.0363386 1.17929)
(-0.502318 0.0477356 1.1793)
(-0.479597 0.0248787 1.12603)
(-0.342444 -0.0370518 0.804141)
(-0.360527 -0.0682584 0.846528)
(-0.359898 -0.0494679 0.845012)
(-0.35978 -0.0174466 0.844718)
(-0.35978 0.0174466 0.844717)
(-0.359898 0.0494679 0.845012)
(-0.360527 0.0682584 0.846528)
(-0.342443 0.0370518 0.804139)
(-0.202369 -0.0363748 0.47521)
(-0.207803 -0.066745 0.48793)
(-0.205952 -0.0482486 0.483559)
(-0.206483 -0.0170851 0.484795)
(-0.206483 0.0170851 0.484794)
(-0.205952 0.0482486 0.483559)
(-0.207803 0.0667451 0.487929)
(-0.202368 0.0363748 0.475209)
(-0.0893012 -0.022709 0.209668)
(-0.0817911 -0.0433039 0.192026)
(-0.0796494 -0.032859 0.186989)
(-0.0807625 -0.012073 0.189597)
(-0.0807629 0.012073 0.189598)
(-0.0796497 0.0328589 0.186989)
(-0.081791 0.043304 0.192025)
(-0.0893018 0.0227091 0.209669)
(-0.0264545 -0.00367348 0.0620947)
(-0.0133551 -0.0118368 0.0313477)
(-0.0137995 -0.012656 0.03239)
(-0.0156454 -0.00542516 0.0367217)
(-0.0156448 0.00542612 0.0367202)
(-0.0137987 0.0126555 0.0323879)
(-0.0133554 0.0118365 0.0313484)
(-0.0264544 0.00367354 0.0620944)
(-0.00603392 0.00603814 0.0141524)
(0.00179713 0.00137057 -0.00423131)
(0.0015379 -0.00191074 -0.0036219)
(0.00112139 -0.00125874 -0.00264442)
(0.00112158 0.00125907 -0.00264489)
(0.00153748 0.00191063 -0.00362094)
(0.00179416 -0.00137077 -0.00422431)
(-0.00603409 -0.00603857 0.0141528)
)
;
    }
    back
    {
        type            calculated;
        value           nonuniform List<vector> 
640
(
(-53.6366 2.50274 -2.8886)
(-26.78 1.01001 -0.751102)
(-9.10729 0.225242 0.739667)
(-1.0065 0.00634506 0.138137)
(-4.2593 -0.102792 -1.44654)
(-18.8242 -0.787441 -2.42037)
(-43.1546 -2.56275 -1.76056)
(-79.6504 -6.17959 -2.1925)
(-15.9596 0.266436 -0.737184)
(-5.12182 0.036831 -0.530308)
(-0.768364 -0.00526246 -0.368048)
(0.239593 -0.0105809 -0.432638)
(-0.727559 -0.0149762 -0.453311)
(-3.50088 -0.0413268 -0.399671)
(-8.96786 -0.137879 -0.243811)
(-17.9046 -0.404781 -0.404989)
(-5.94467 0.0329836 -0.517518)
(-0.907286 -0.0114828 -0.615036)
(0.861173 -0.0125456 -0.516973)
(0.805726 -0.0120289 -0.494472)
(0.307767 -0.00988077 -0.395143)
(-0.448608 -0.00707792 -0.263511)
(-2.18872 -0.010798 -0.168527)
(-4.67047 -0.0274011 -0.157686)
(-2.47185 0.00114246 -0.37416)
(-0.110643 -0.0146842 -0.58399)
(0.965444 -0.0144929 -0.536445)
(1.01119 -0.0135886 -0.511328)
(0.739722 -0.011544 -0.437018)
(0.32514 -0.00873134 -0.341662)
(-0.439762 -0.00702814 -0.282176)
(-1.19414 -0.0033331 -0.119023)
(-0.677606 -0.00465535 -0.246865)
(0.450141 -0.0148757 -0.521218)
(1.03869 -0.0150549 -0.516097)
(1.12966 -0.0146181 -0.50639)
(1.02161 -0.0129607 -0.448931)
(0.8618 -0.0106145 -0.364817)
(0.678097 -0.00817894 -0.279905)
(0.588878 -0.00207675 -0.0314896)
(0.369393 -0.00435654 -0.131125)
(0.873757 -0.0135931 -0.437928)
(1.13572 -0.0142912 -0.461499)
(1.20396 -0.0146691 -0.475802)
(1.20265 -0.0137638 -0.436254)
(1.24218 -0.0121894 -0.35589)
(1.39158 -0.0104424 -0.244008)
(1.65814 -0.0048648 0.0653462)
(0.977239 -0.00270054 -0.0333266)
(1.14198 -0.0118871 -0.355792)
(1.20889 -0.01299 -0.395799)
(1.24501 -0.0140312 -0.429639)
(1.30476 -0.0138058 -0.403911)
(1.46161 -0.0129304 -0.325093)
(1.76636 -0.0119587 -0.198171)
(2.19662 -0.0072769 0.146654)
(1.31677 -0.00108426 0.0455631)
(1.29506 -0.0102428 -0.282455)
(1.24964 -0.01156 -0.330528)
(1.25974 -0.0130087 -0.376698)
(1.34935 -0.0132476 -0.359751)
(1.56226 -0.0128482 -0.282142)
(1.92403 -0.0123925 -0.150234)
(2.40108 -0.0083135 0.208597)
(1.49232 0.000165954 0.107686)
(1.36993 -0.0088018 -0.219306)
(1.26198 -0.0101777 -0.270192)
(1.25407 -0.0118231 -0.322819)
(1.35434 -0.0123333 -0.311045)
(1.58589 -0.012219 -0.235303)
(1.95563 -0.0120654 -0.105093)
(2.42484 -0.00834119 0.254281)
(1.56935 0.00105507 0.156173)
(1.39442 -0.00757555 -0.165586)
(1.2532 -0.00891122 -0.216203)
(1.23345 -0.0106138 -0.2714)
(1.33365 -0.0112641 -0.262679)
(1.56374 -0.0113122 -0.189614)
(1.91966 -0.011339 -0.0648966)
(2.36127 -0.0078575 0.287919)
(1.5882 0.00166521 0.194016)
(1.38784 -0.00653422 -0.119865)
(1.23006 -0.00777834 -0.168595)
(1.20253 -0.00945789 -0.22411)
(1.29727 -0.0101707 -0.21735)
(1.51659 -0.0103128 -0.147547)
(1.85089 -0.0104593 -0.030068)
(2.2605 -0.00718255 0.312964)
(1.57307 0.00207558 0.223629)
(1.36252 -0.00564399 -0.0807633)
(1.19759 -0.00677645 -0.126902)
(1.16485 -0.00839182 -0.181561)
(1.25198 -0.00912504 -0.176237)
(1.45711 -0.00932517 -0.109975)
(1.76851 -0.00956094 -0.000221217)
(2.14751 -0.00647905 0.331849)
(1.53829 0.00234544 0.246819)
(1.32611 -0.00487697 -0.047153)
(1.15928 -0.00589539 -0.0905144)
(1.12305 -0.00742822 -0.143766)
(1.20213 -0.00816008 -0.139618)
(1.39263 -0.00839918 -0.0769298)
(1.68248 -0.00870671 0.0252902)
(2.03395 -0.00581739 0.346176)
(1.49231 0.00251573 0.2649)
(1.28324 -0.00421176 -0.0181574)
(1.1175 -0.0051225 -0.0588216)
(1.07894 -0.00656662 -0.110441)
(1.15038 -0.00728605 -0.107317)
(1.3271 -0.0075532 -0.0480777)
(1.59753 -0.00791987 0.0471015)
(1.92463 -0.00522127 0.356949)
(1.44015 0.0026142 0.278829)
(1.23679 -0.00363209 0.00690049)
(1.07381 -0.00444499 -0.0312605)
(1.03377 -0.00580024 -0.081179)
(1.09832 -0.00650146 -0.078966)
(1.26253 -0.00678946 -0.0229783)
(1.51565 -0.00720451 0.0657407)
(1.82104 -0.00469311 0.364783)
(1.38479 0.00265973 0.289307)
(1.18851 -0.00312529 0.028548)
(1.02925 -0.00385097 -0.00733525)
(0.988373 -0.00511989 -0.0555519)
(1.04683 -0.00579966 -0.0541519)
(1.19981 -0.00610304 -0.0011999)
(1.43742 -0.00655652 0.0816188)
(1.72323 -0.00422702 0.37006)
(1.32805 0.00266548 0.296861)
(1.1395 -0.00268134 0.0472043)
(0.98453 -0.0033299 0.0133815)
(0.943297 -0.00451606 -0.0331564)
(0.996419 -0.00517232 -0.0324798)
(1.13928 -0.00548648 0.0176379)
(1.36283 -0.00596913 0.0950522)
(1.63069 -0.00381483 0.373033)
(1.27103 0.00264084 0.301898)
(1.09046 -0.00229206 0.0632097)
(0.94011 -0.0028726 0.0312541)
(0.898897 -0.00397987 -0.013634)
(0.947319 -0.00461118 -0.0136003)
(1.081 -0.00493208 0.0338573)
(1.29162 -0.00543539 0.10629)
(1.54282 -0.00344869 0.373897)
(1.21441 0.00259276 0.304743)
(1.04185 -0.00195069 0.0768464)
(0.896317 -0.00247122 0.0465925)
(0.855407 -0.00350346 0.0033254)
(0.899658 -0.00410876 0.00278746)
(1.02492 -0.00443283 0.0477295)
(1.22351 -0.00494909 0.115539)
(1.4591 -0.00312186 0.372821)
(1.15865 0.00252652 0.305663)
(0.993983 -0.00165154 0.0883539)
(0.853371 -0.00211905 0.0596618)
(0.812979 -0.00308002 0.0179886)
(0.85349 -0.00365852 0.0169402)
(0.970961 -0.00398262 0.0594858)
(1.15825 -0.004505 0.122976)
(1.37911 -0.00282886 0.369967)
(1.10401 0.00244622 0.304884)
(0.947057 -0.00138973 0.0979392)
(0.811424 -0.00181032 0.0706905)
(0.771713 -0.00270365 0.0305851)
(0.808838 -0.00325483 0.029079)
(0.919034 -0.00357624 0.0693269)
(1.09564 -0.00409877 0.128761)
(1.30256 -0.00256527 0.365498)
(1.05069 0.00235518 0.302599)
(0.901213 -0.00116107 0.105785)
(0.770579 -0.00154007 0.0798783)
(0.731673 -0.00236928 0.0413152)
(0.765709 -0.00289285 0.0393967)
(0.869073 -0.00320924 0.0774316)
(1.03553 -0.00372681 0.133045)
(1.22922 -0.00232755 0.359576)
(0.998779 0.00225607 0.298982)
(0.856549 -0.000961883 0.112053)
(0.730906 -0.00130395 0.0874018)
(0.692902 -0.00207246 0.0503553)
(0.724099 -0.00256836 0.0480644)
(0.821022 -0.00287778 0.0839616)
(0.97781 -0.00338607 0.135967)
(1.15895 -0.00211278 0.352365)
(0.948367 0.00215115 0.294188)
(0.813128 -0.000788914 0.116891)
(0.692453 -0.00109816 0.09342)
(0.655423 -0.0018093 0.0578637)
(0.684002 -0.00227767 0.055236)
(0.774835 -0.0025785 0.0890656)
(0.922403 -0.00307391 0.137661)
(1.09165 -0.00191852 0.344022)
(0.899494 0.00204229 0.288359)
(0.770995 -0.000639279 0.120435)
(0.655248 -0.000919332 0.0980769)
(0.619252 -0.00157634 0.0639838)
(0.645409 -0.0020175 0.0610524)
(0.730477 -0.00230842 0.0928819)
(0.869247 -0.00278803 0.138254)
(1.02722 -0.00174266 0.334702)
(0.852183 0.0019311 0.281624)
(0.730177 -0.00051039 0.122809)
(0.619308 -0.000764442 0.101505)
(0.584392 -0.00137046 0.0688475)
(0.608305 -0.00178489 0.0656434)
(0.687914 -0.00206488 0.0955393)
(0.818291 -0.00252634 0.137866)
(0.965596 -0.00158337 0.32455)
(0.806447 0.00181893 0.274106)
(0.69069 -0.00039992 0.12413)
(0.58464 -0.000630791 0.103827)
(0.550842 -0.00118886 0.0725764)
(0.572676 -0.00157718 0.0691294)
(0.647114 -0.00184545 0.0971587)
(0.769487 -0.00228695 0.13661)
(0.906707 -0.00143901 0.313704)
(0.762288 0.00170694 0.265915)
(0.652545 -0.000305771 0.124506)
(0.551244 -0.000515947 0.105156)
(0.518593 -0.00102902 0.0752838)
(0.538503 -0.00139196 0.0716228)
(0.608046 -0.00164793 0.0978529)
(0.722789 -0.00206812 0.134592)
(0.85049 -0.00130812 0.302295)
(0.719701 0.00159612 0.257157)
(0.615741 -0.000226046 0.124039)
(0.519116 -0.000417716 0.105599)
(0.487635 -0.000888639 0.0770755)
(0.505763 -0.001227 0.0732283)
(0.570674 -0.00147028 0.0977278)
(0.678151 -0.00186824 0.131912)
(0.796876 -0.00118939 0.29044)
(0.678675 0.00148731 0.24793)
(0.580276 -0.000159031 0.122823)
(0.488244 -0.000334121 0.105255)
(0.45795 -0.000765622 0.0780499)
(0.474432 -0.00108031 0.074044)
(0.534964 -0.00131066 0.096882)
(0.635527 -0.00168582 0.128662)
(0.745797 -0.00108161 0.278252)
(0.639197 0.00138121 0.238326)
(0.546143 -0.00010318 0.120949)
(0.458615 -0.000263377 0.104216)
(0.42952 -0.000658077 0.0782993)
(0.444484 -0.000950025 0.0741611)
(0.500879 -0.00116736 0.0954076)
(0.594866 -0.00151946 0.124927)
(0.697182 -0.000983705 0.265831)
(0.601249 0.00127838 0.228428)
(0.51333 -5.70953e-05 0.118498)
(0.430212 -0.000203882 0.102569)
(0.402324 -0.000564282 0.0779095)
(0.415889 -0.000834477 0.0736649)
(0.468378 -0.00103883 0.0933899)
(0.556119 -0.00136788 0.120788)
(0.650959 -0.000894693 0.25327)
(0.564812 0.00117929 0.218316)
(0.481824 -1.95203e-05 0.115549)
(0.403016 -0.000154193 0.100395)
(0.376337 -0.000482681 0.0769606)
(0.388616 -0.000732135 0.0726344)
(0.437421 -0.000923641 0.0909081)
(0.519232 -0.00122989 0.116317)
(0.607053 -0.000813692 0.240652)
(0.529864 0.00108431 0.208062)
(0.451608 1.06746e-05 0.112175)
(0.377007 -0.000113019 0.0977673)
(0.351535 -0.000411866 0.075527)
(0.362633 -0.000641605 0.071143)
(0.407966 -0.000820485 0.0880354)
(0.484152 -0.00110437 0.111581)
(0.565388 -0.000739907 0.228054)
(0.496378 0.000993723 0.197734)
(0.422664 3.45009e-05 0.108442)
(0.35216 -7.92053e-05 0.0947562)
(0.327889 -0.000350567 0.0736775)
(0.337905 -0.000561625 0.0692586)
(0.379969 -0.000728171 0.084839)
(0.450825 -0.000990296 0.10664)
(0.525891 -0.000672624 0.215543)
(0.464331 0.000907724 0.187392)
(0.394972 5.28624e-05 0.104414)
(0.328451 -5.17248e-05 0.0914257)
(0.305372 -0.000297641 0.0714761)
(0.314398 -0.000491049 0.0670438)
(0.353386 -0.000645618 0.0813807)
(0.419196 -0.000886716 0.101551)
(0.488484 -0.000611203 0.203181)
(0.433694 0.000826447 0.177095)
(0.36851 6.65655e-05 0.100148)
(0.305855 -2.96644e-05 0.0878349)
(0.283955 -0.000252065 0.0689813)
(0.292077 -0.000428843 0.0645559)
(0.328172 -0.000571841 0.0777169)
(0.38921 -0.000792752 0.0963637)
(0.453092 -0.000555073 0.191021)
(0.404439 0.000749961 0.166891)
(0.343253 7.63261e-05 0.0956976)
(0.284344 -1.22162e-05 0.0840381)
(0.263607 -0.000212921 0.0662471)
(0.270905 -0.000374076 0.0618478)
(0.304283 -0.000505946 0.0738989)
(0.360812 -0.000707592 0.0911235)
(0.41964 -0.000503726 0.179111)
(0.376536 0.000678281 0.156828)
(0.319178 8.27777e-05 0.0911109)
(0.263892 1.33192e-06 0.0800849)
(0.244297 -0.000179391 0.0633229)
(0.250846 -0.000325907 0.0589674)
(0.281674 -0.000447125 0.0699735)
(0.333947 -0.00063049 0.0858713)
(0.388056 -0.000456707 0.167491)
(0.349955 0.000611375 0.146947)
(0.296259 8.64785e-05 0.0864329)
(0.244471 1.16055e-05 0.0760208)
(0.225996 -0.000150748 0.0602538)
(0.231863 -0.000283584 0.0559584)
(0.2603 -0.000394648 0.0659827)
(0.308561 -0.000560755 0.0806436)
(0.358265 -0.000413615 0.156199)
(0.324663 0.000549173 0.137285)
(0.274468 8.79184e-05 0.0817041)
(0.226051 1.91515e-05 0.0718867)
(0.208671 -0.000126345 0.0570807)
(0.213922 -0.000246434 0.0528603)
(0.240118 -0.000347857 0.0619643)
(0.2846 -0.000497756 0.0754728)
(0.330197 -0.000374095 0.145264)
(0.300629 0.000491567 0.127874)
(0.253778 8.75255e-05 0.0769612)
(0.208604 2.4446e-05 0.0677199)
(0.192292 -0.000105611 0.0538405)
(0.196984 -0.000213852 0.0497089)
(0.221083 -0.000306159 0.0579521)
(0.262011 -0.000440908 0.0703875)
(0.303781 -0.00033783 0.134712)
(0.277821 0.000438425 0.118743)
(0.234162 8.56723e-05 0.0722374)
(0.192102 2.79014e-05 0.0635538)
(0.176828 -8.80425e-05 0.0505666)
(0.181016 -0.000185303 0.0465359)
(0.203153 -0.000269021 0.053976)
(0.240742 -0.000389677 0.0654127)
(0.278951 -0.00030454 0.124563)
(0.256205 0.000389589 0.109916)
(0.215591 8.26812e-05 0.0675623)
(0.176514 2.98731e-05 0.0594182)
(0.162247 -7.31967e-05 0.0472888)
(0.165981 -0.000160308 0.04337)
(0.186285 -0.000235964 0.0500625)
(0.220742 -0.000343571 0.0605701)
(0.255638 -0.000273978 0.114835)
(0.235749 0.000344883 0.101413)
(0.198036 7.88293e-05 0.0629622)
(0.161812 3.06658e-05 0.0553397)
(0.14852 -6.06855e-05 0.0440335)
(0.151845 -0.000138442 0.0402361)
(0.170438 -0.000206561 0.0462347)
(0.201961 -0.000302138 0.0558783)
(0.233778 -0.000245925 0.10554)
(0.21642 0.000304116 0.0932536)
(0.181467 7.43533e-05 0.0584606)
(0.147968 3.05388e-05 0.0513416)
(0.135615 -5.01698e-05 0.0408242)
(0.138573 -0.00011933 0.0371566)
(0.155571 -0.000180426 0.0425126)
(0.184349 -0.000264964 0.051353)
(0.213309 -0.000220185 0.0966873)
(0.198185 0.000267085 0.0854501)
(0.165857 6.9454e-05 0.0540778)
(0.134951 2.97112e-05 0.0474442)
(0.123503 -4.13548e-05 0.0376814)
(0.126132 -0.000102639 0.0341506)
(0.141644 -0.000157216 0.0389133)
(0.167859 -0.000231669 0.0470073)
(0.194169 -0.000196585 0.0882828)
(0.18101 0.000233583 0.0780139)
(0.151174 6.43e-05 0.0498314)
(0.122735 2.83668e-05 0.0436652)
(0.112154 -3.39847e-05 0.0346228)
(0.114489 -8.80746e-05 0.0312347)
(0.12862 -0.000136625 0.0354511)
(0.152444 -0.000201905 0.0428517)
(0.176298 -0.000174968 0.0803294)
(0.164863 0.000203395 0.0709531)
(0.137389 5.90315e-05 0.0457367)
(0.11129 2.66585e-05 0.0400197)
(0.101539 -2.78385e-05 0.0316638)
(0.103612 -7.5379e-05 0.028423)
(0.116459 -0.000118377 0.032138)
(0.138057 -0.000175352 0.0388947)
(0.15964 -0.000155195 0.072827)
(0.14971 0.000176307 0.064273)
(0.124474 5.37634e-05 0.0418062)
(0.100588 2.47119e-05 0.0365201)
(0.0916304 -2.27258e-05 0.0288172)
(0.0934692 -6.43239e-05 0.0257273)
(0.105125 -0.000102228 0.0289835)
(0.124655 -0.000151718 0.0351425)
(0.144139 -0.00013714 0.0657734)
(0.135519 0.000152102 0.0579765)
(0.112398 4.85888e-05 0.0380504)
(0.0906026 2.26289e-05 0.0331768)
(0.0823991 -1.84833e-05 0.0260938)
(0.0840298 -5.47089e-05 0.0231573)
(0.0945814 -8.79584e-05 0.0259951)
(0.112195 -0.000130732 0.0315995)
(0.12974 -0.000120687 0.0591637)
(0.122257 0.000130569 0.052064)
(0.101133 4.35814e-05 0.0344777)
(0.0813055 2.04912e-05 0.029998)
(0.0738177 -1.49716e-05 0.0235021)
(0.0752637 -4.63581e-05 0.0207206)
(0.0847941 -7.53728e-05 0.0231783)
(0.100633 -0.000112149 0.0282681)
(0.116392 -0.00010573 0.0529913)
(0.109891 0.0001115 0.0465339)
(0.0906476 3.87979e-05 0.0310945)
(0.07267 1.83632e-05 0.02699)
(0.0658594 -1.20718e-05 0.0210491)
(0.0671416 -3.91174e-05 0.0184231)
(0.0757287 -6.42959e-05 0.0205367)
(0.0899287 -9.57429e-05 0.0251496)
(0.104044 -9.2173e-05 0.0472478)
(0.0983893 9.46931e-05 0.0413825)
(0.0809141 3.42806e-05 0.0279053)
(0.0646695 1.62939e-05 0.0241574)
(0.0584976 -9.68338e-06 0.0187396)
(0.0596347 -3.28513e-05 0.0162689)
(0.0673519 -5.45709e-05 0.0180724)
(0.0800422 -8.13059e-05 0.0222432)
(0.0926469 -7.99239e-05 0.041923)
(0.0877191 7.9952e-05 0.0366044)
(0.071903 3.00593e-05 0.024913)
(0.0572776 1.43198e-05 0.0215029)
(0.0517062 -7.72118e-06 0.0165772)
(0.0527151 -2.74411e-05 0.0142606)
(0.0596316 -4.60575e-05 0.0157859)
(0.0709346 -6.86477e-05 0.0195474)
(0.0821545 -6.88977e-05 0.0370053)
(0.0778486 6.70897e-05 0.0321923)
(0.0635855 2.6153e-05 0.0221189)
(0.0504686 1.2467e-05 0.0190278)
(0.0454598 -6.11367e-06 0.0145638)
(0.0463553 -2.27827e-05 0.0123994)
(0.0525363 -3.86293e-05 0.0136763)
(0.0625678 -5.75935e-05 0.0170591)
(0.0725206 -5.90133e-05 0.0324821)
(0.0687458 5.59275e-05 0.0281376)
(0.0559326 2.25717e-05 0.0195229)
(0.0442168 1.07526e-05 0.0167321)
(0.0397335 -4.80084e-06 0.0127)
(0.0405288 -1.87846e-05 0.0106853)
(0.0460355 -3.21728e-05 0.0117416)
(0.054905 -4.79827e-05 0.0147742)
(0.0637009 -5.01937e-05 0.0283395)
(0.0603791 4.62962e-05 0.0244302)
(0.0489159 1.9318e-05 0.0171236)
(0.0384972 9.18633e-06 0.0146144)
(0.0345025 -3.73254e-06 0.0109853)
(0.0352095 -1.53663e-05 0.009117)
(0.0400994 -2.65856e-05 0.00997846)
(0.0479101 -3.96679e-05 0.0126878)
(0.0556525 -4.23648e-05 0.0245627)
(0.0527168 3.80362e-05 0.0210588)
(0.0425069 1.6388e-05 0.0149184)
(0.0332847 7.77238e-06 0.0126723)
(0.0297429 -2.86699e-06 0.00941803)
(0.0303718 -1.24572e-05 0.00769223)
(0.0346991 -2.17751e-05 0.00838282)
(0.041548 -3.25137e-05 0.0107939)
(0.0483339 -3.54554e-05 0.0211362)
(0.0457274 3.09979e-05 0.0180109)
(0.0366773 1.37729e-05 0.0129036)
(0.0285548 6.51012e-06 0.0109022)
(0.0254309 -2.16942e-06 0.0079954)
(0.0259909 -9.99469e-06 0.00640774)
(0.0298061 -1.76573e-05 0.00694957)
(0.0357849 -2.63956e-05 0.00908619)
(0.0417049 -2.93968e-05 0.0180441)
(0.0393797 2.5042e-05 0.0152733)
(0.031399 1.14598e-05 0.0110743)
(0.0242833 5.39538e-06 0.00929955)
(0.0215434 -1.61103e-06 0.00671385)
(0.0220425 -7.92345e-06 0.00525948)
(0.0253931 -1.41563e-05 0.00567283)
(0.0305874 -2.11999e-05 0.00755717)
(0.0357264 -2.41224e-05 0.0152695)
(0.0336424 2.00392e-05 0.0128316)
(0.026644 9.43263e-06 0.00942504)
(0.0204462 4.42126e-06 0.00785913)
(0.0180575 -1.16793e-06 0.00556899)
(0.0185026 -6.19447e-06 0.00424264)
(0.0214331 -1.12026e-05 0.00454601)
(0.0259231 -1.68216e-05 0.00619895)
(0.0303605 -1.95673e-05 0.0127957)
(0.0284844 1.58703e-05 0.0106709)
(0.0223846 7.67308e-06 0.00794929)
(0.0170198 3.5789e-06 0.00657483)
(0.0149507 -8.20293e-07 0.00455572)
(0.0153478 -4.76411e-06 0.00335173)
(0.0178996 -8.73287e-06 0.00356195)
(0.0217602 -1.31644e-05 0.0050031)
(0.0255699 -1.56681e-05 0.0106051)
(0.0238745 1.24263e-05 0.00877561)
(0.0185932 6.16109e-06 0.00663986)
(0.0139807 2.85813e-06 0.0054399)
(0.0122008 -5.51656e-07 0.0036683)
(0.0125553 -3.59342e-06 0.00258071)
(0.0147669 -6.68914e-06 0.00271297)
(0.0180679 -1.01401e-05 0.00396076)
(0.0213183 -1.23638e-05 0.00868002)
(0.0197818 9.6076e-06 0.00712954)
(0.0152422 4.87568e-06 0.00548895)
(0.0113055 2.248e-06 0.00444706)
(0.00978611 -3.48301e-07 0.00290046)
(0.0101027 -2.64753e-06 0.00192302)
(0.0120099 -5.01842e-06 0.00199096)
(0.0148155 -7.66781e-06 0.00306275)
(0.0175708 -9.59508e-06 0.00700294)
(0.0161755 7.32422e-06 0.00571616)
(0.0123044 3.7953e-06 0.00448813)
(0.00897141 1.73724e-06 0.00358848)
(0.00768509 -1.98733e-07 0.00224545)
(0.00796769 -1.89515e-06 0.0013717)
(0.00960372 -3.67218e-06 0.00138746)
(0.0119736 -5.67357e-06 0.00229958)
(0.0142927 -7.30502e-06 0.00555618)
(0.0130246 5.49493e-06 0.00451855)
(0.00975244 2.89839e-06 0.00362847)
(0.0069556 1.31456e-06 0.00285591)
(0.0058766 -9.32586e-08 0.00169612)
(0.00612875 -1.30816e-06 0.000919404)
(0.00752422 -2.60595e-06 0.000893697)
(0.00951294 -4.09008e-06 0.00166151)
(0.0114506 -5.43872e-06 0.0043221)
(0.0102982 4.04722e-06 0.00351955)
(0.00755944 2.16374e-06 0.00290061)
(0.00523554 9.68984e-07 0.00224073)
(0.00433971 -2.36485e-08 0.00124497)
(0.0045645 -8.61207e-07 0.000558494)
(0.00574761 -1.77905e-06 0.000500627)
(0.00740509 -2.85608e-06 0.00113856)
(0.00901147 -3.94367e-06 0.00328315)
(0.00796562 2.91679e-06 0.00270182)
(0.0056985 1.57089e-06 0.00229484)
(0.00378887 6.90082e-07 0.00173403)
(0.00305377 1.71432e-08 0.000884183)
(0.00325394 -5.31443e-07 0.000281072)
(0.00425046 -1.15429e-06 0.000199053)
(0.00562206 -1.91604e-06 0.000720588)
(0.00694289 -2.76996e-06 0.00242195)
(0.00599627 2.04712e-06 0.00204796)
(0.00414296 1.10032e-06 0.00180113)
(0.00259338 4.68092e-07 0.00132663)
(0.00199835 3.52325e-08 0.000605707)
(0.00217634 -2.98288e-07 7.90317e-05)
(0.00300976 -6.97822e-07 -2.03898e-05)
(0.0041364 -1.21988e-06 0.000397368)
(0.00521324 -1.87059e-06 0.00172139)
(0.00435975 1.389e-06 0.00154054)
(0.00286634 7.3374e-07 0.00140923)
(0.00162702 2.94069e-07 0.0010092)
(0.00115314 3.59798e-08 0.000401287)
(0.00131121 -1.43225e-07 -5.59644e-05)
(0.00200287 -3.78959e-07 -0.000167236)
(0.00292126 -7.22684e-07 0.000158586)
(0.00379151 -1.2016e-06 0.00116464)
(0.00302596 9.00091e-07 0.00116222)
(0.00184245 4.54218e-07 0.00110875)
(0.000867807 1.59919e-07 0.000772295)
(0.000497818 2.40868e-08 0.000262494)
(0.0006381 -4.96257e-08 -0.000132477)
(0.00120746 -1.69974e-07 -0.000251154)
(0.00195033 -3.84428e-07 -6.11627e-06)
(0.0026474 -7.22341e-07 0.000735266)
(0.00196523 5.44385e-07 0.000895708)
(0.00104541 2.463e-07 0.000889193)
(0.000293791 5.83734e-08 0.000606436)
(1.18654e-05 3.65235e-09 0.000180724)
(0.000136469 -2.62373e-09 -0.000159295)
(0.000601424 -4.59566e-08 -0.000281961)
(0.00119794 -1.69678e-07 -0.000107132)
(0.00175137 -3.95571e-07 0.000417275)
(0.00114841 2.91738e-07 0.000723804)
(0.00044971 9.60433e-08 0.000740084)
(-0.000117105 -1.70907e-08 0.000502226)
(-0.000325713 -2.18404e-08 0.00014728)
(-0.000214602 1.09544e-08 -0.000145462)
(0.000162785 1.53181e-08 -0.000269661)
(0.000639084 -4.73019e-08 -0.000154892)
(0.00107466 -1.87565e-07 0.000195152)
(0.000547056 1.17402e-07 0.000629237)
(3.02754e-05 -8.99469e-09 0.000650969)
(-0.000387199 -7.24237e-08 0.00045058)
(-0.000536772 -4.96562e-08 0.000153542)
(-0.000436723 2.58509e-09 -0.000100269)
(-0.000130306 3.34965e-08 -0.000224514)
(0.000249474 9.81409e-09 -0.000159914)
(0.000589155 -6.81233e-08 5.38448e-05)
(0.000133301 1.59682e-09 0.000594337)
(-0.000237608 -7.97673e-08 0.000611437)
(-0.00053928 -1.13306e-07 0.000443223)
(-0.000644442 -7.81648e-08 0.000191587)
(-0.000552527 -1.81341e-08 -3.29376e-05)
(-0.000299683 2.56965e-08 -0.000157061)
(5.55502e-06 2.50448e-08 -0.000132972)
(0.000267188 -1.05849e-08 -2.13636e-05)
(-0.000121174 -7.09479e-08 0.000600379)
(-0.000378754 -1.25697e-07 0.000611078)
(-0.000596881 -1.45635e-07 0.000473661)
(-0.000673179 -1.07683e-07 0.000255771)
(-0.000585736 -4.41593e-08 4.85597e-05)
(-0.000367602 6.2658e-09 -7.79676e-05)
(-0.000116246 1.81826e-08 -8.55288e-05)
(8.04284e-05 8.16308e-09 -4.53015e-05)
(-0.000247919 -1.11308e-07 0.000625451)
(-0.000419902 -1.53879e-07 0.000636781)
(-0.000584366 -1.74931e-07 0.000535306)
(-0.000645991 -1.40593e-07 0.000342757)
(-0.00055843 -7.15852e-08 0.000138382)
(-0.000357028 -1.39936e-08 2.23001e-06)
(-0.000142261 4.88148e-09 -3.03724e-05)
(-2.68644e-06 7.42341e-09 -3.44933e-05)
(-0.000287827 -1.27177e-07 0.000647152)
(-0.000396013 -1.67897e-07 0.000671584)
(-0.000526878 -2.04567e-07 0.000622649)
(-0.000575422 -1.7989e-07 0.000456121)
(-0.00048155 -1.00594e-07 0.000240214)
(-0.000289456 -3.06146e-08 7.89949e-05)
(-0.000106269 -5.35773e-09 1.8155e-05)
(-1.97871e-05 1.32884e-09 -7.81057e-06)
(-0.000275955 -1.2425e-07 0.000648856)
(-0.00035727 -1.79694e-07 0.00073185)
(-0.00044276 -2.48855e-07 0.000767838)
(-0.000434482 -2.39478e-07 0.000635102)
(-0.000311998 -1.42251e-07 0.00038297)
(-0.000151947 -4.70109e-08 0.000153186)
(-4.31615e-05 -7.36494e-09 3.38632e-05)
(-8.56938e-06 -2.28799e-09 1.31077e-05)
)
;
    }
    front
    {
        type            calculated;
        value           nonuniform List<vector> 
640
(
(-53.6366 -2.50274 -2.8886)
(-26.78 -1.01001 -0.751102)
(-9.10729 -0.225242 0.739667)
(-1.0065 -0.00634506 0.138137)
(-4.2593 0.102792 -1.44654)
(-18.8242 0.787441 -2.42037)
(-43.1546 2.56275 -1.76056)
(-79.6504 6.17959 -2.1925)
(-15.9596 -0.266436 -0.737184)
(-5.12182 -0.036831 -0.530308)
(-0.768364 0.00526246 -0.368048)
(0.239593 0.0105809 -0.432638)
(-0.727559 0.0149762 -0.453311)
(-3.50088 0.0413268 -0.399671)
(-8.96786 0.137879 -0.243811)
(-17.9046 0.404781 -0.404989)
(-5.94467 -0.0329836 -0.517518)
(-0.907286 0.0114828 -0.615036)
(0.861173 0.0125456 -0.516973)
(0.805726 0.0120289 -0.494472)
(0.307767 0.00988077 -0.395144)
(-0.448608 0.00707792 -0.263511)
(-2.18872 0.010798 -0.168527)
(-4.67047 0.0274011 -0.157686)
(-2.47185 -0.00114246 -0.37416)
(-0.110643 0.0146842 -0.58399)
(0.965444 0.0144929 -0.536445)
(1.01119 0.0135886 -0.511329)
(0.739722 0.011544 -0.437018)
(0.32514 0.00873134 -0.341662)
(-0.439762 0.00702814 -0.282176)
(-1.19414 0.0033331 -0.119023)
(-0.677606 0.00465535 -0.246865)
(0.450141 0.0148757 -0.521218)
(1.03869 0.0150549 -0.516097)
(1.12966 0.0146181 -0.50639)
(1.02161 0.0129607 -0.448931)
(0.861799 0.0106145 -0.364817)
(0.678097 0.00817894 -0.279905)
(0.588878 0.00207675 -0.0314896)
(0.369393 0.00435654 -0.131125)
(0.873757 0.0135931 -0.437928)
(1.13572 0.0142912 -0.461499)
(1.20396 0.0146691 -0.475802)
(1.20265 0.0137638 -0.436253)
(1.24218 0.0121894 -0.35589)
(1.39158 0.0104424 -0.244008)
(1.65814 0.0048648 0.0653462)
(0.977239 0.00270053 -0.0333266)
(1.14198 0.0118871 -0.355792)
(1.20889 0.0129901 -0.395799)
(1.24501 0.0140312 -0.429639)
(1.30476 0.0138058 -0.403911)
(1.46161 0.0129304 -0.325093)
(1.76636 0.0119587 -0.198171)
(2.19662 0.0072769 0.146654)
(1.31677 0.00108426 0.0455631)
(1.29506 0.0102428 -0.282455)
(1.24964 0.01156 -0.330528)
(1.25974 0.0130087 -0.376698)
(1.34935 0.0132476 -0.359751)
(1.56226 0.0128482 -0.282142)
(1.92403 0.0123925 -0.150234)
(2.40108 0.0083135 0.208597)
(1.49232 -0.000165954 0.107686)
(1.36993 0.0088018 -0.219306)
(1.26198 0.0101777 -0.270192)
(1.25407 0.0118231 -0.322819)
(1.35434 0.0123333 -0.311045)
(1.58589 0.012219 -0.235303)
(1.95563 0.0120654 -0.105093)
(2.42484 0.00834119 0.254281)
(1.56935 -0.00105507 0.156173)
(1.39442 0.00757555 -0.165586)
(1.2532 0.00891122 -0.216203)
(1.23345 0.0106138 -0.2714)
(1.33365 0.0112641 -0.262679)
(1.56374 0.0113122 -0.189614)
(1.91966 0.011339 -0.0648966)
(2.36127 0.0078575 0.287919)
(1.5882 -0.00166521 0.194016)
(1.38784 0.00653422 -0.119865)
(1.23006 0.00777834 -0.168595)
(1.20253 0.0094579 -0.22411)
(1.29727 0.0101707 -0.21735)
(1.51659 0.0103128 -0.147547)
(1.85089 0.0104593 -0.030068)
(2.2605 0.00718255 0.312964)
(1.57307 -0.00207558 0.223629)
(1.36252 0.00564399 -0.0807633)
(1.19759 0.00677645 -0.126902)
(1.16485 0.00839182 -0.181561)
(1.25198 0.00912504 -0.176237)
(1.45711 0.00932516 -0.109975)
(1.76851 0.00956094 -0.000221226)
(2.14751 0.00647905 0.331849)
(1.53829 -0.00234544 0.246819)
(1.32611 0.00487697 -0.047153)
(1.15928 0.00589539 -0.0905144)
(1.12305 0.00742822 -0.143766)
(1.20213 0.00816008 -0.139618)
(1.39263 0.00839918 -0.0769298)
(1.68248 0.00870671 0.0252902)
(2.03395 0.00581739 0.346176)
(1.49231 -0.00251573 0.2649)
(1.28324 0.00421176 -0.0181574)
(1.1175 0.0051225 -0.0588216)
(1.07894 0.00656662 -0.110441)
(1.15038 0.00728605 -0.107317)
(1.3271 0.00755319 -0.0480777)
(1.59753 0.00791987 0.0471015)
(1.92463 0.00522127 0.356949)
(1.44015 -0.0026142 0.278829)
(1.23679 0.00363209 0.00690048)
(1.07381 0.00444499 -0.0312605)
(1.03377 0.00580024 -0.081179)
(1.09832 0.00650146 -0.078966)
(1.26253 0.00678946 -0.0229783)
(1.51565 0.00720451 0.0657407)
(1.82104 0.00469311 0.364783)
(1.38479 -0.00265973 0.289307)
(1.18851 0.00312529 0.028548)
(1.02925 0.00385097 -0.00733523)
(0.988373 0.00511989 -0.0555519)
(1.04683 0.00579966 -0.0541519)
(1.19981 0.00610304 -0.0011999)
(1.43742 0.00655652 0.0816188)
(1.72323 0.00422702 0.37006)
(1.32805 -0.00266548 0.296861)
(1.1395 0.00268134 0.0472043)
(0.98453 0.0033299 0.0133815)
(0.943297 0.00451606 -0.0331564)
(0.996419 0.00517232 -0.0324798)
(1.13928 0.00548648 0.0176379)
(1.36283 0.00596913 0.0950522)
(1.63069 0.00381483 0.373033)
(1.27103 -0.00264084 0.301898)
(1.09046 0.00229206 0.0632097)
(0.94011 0.0028726 0.0312541)
(0.898897 0.00397987 -0.013634)
(0.947319 0.00461118 -0.0136003)
(1.081 0.00493208 0.0338573)
(1.29162 0.00543539 0.10629)
(1.54282 0.00344869 0.373897)
(1.21441 -0.00259276 0.304743)
(1.04185 0.00195069 0.0768464)
(0.896317 0.00247122 0.0465925)
(0.855407 0.00350346 0.00332539)
(0.899657 0.00410876 0.00278746)
(1.02492 0.00443283 0.0477295)
(1.22351 0.00494909 0.115539)
(1.4591 0.00312186 0.372821)
(1.15865 -0.00252652 0.305663)
(0.993983 0.00165154 0.0883539)
(0.853371 0.00211905 0.0596618)
(0.812979 0.00308002 0.0179885)
(0.85349 0.00365852 0.0169402)
(0.970961 0.00398262 0.0594858)
(1.15825 0.004505 0.122976)
(1.37911 0.00282886 0.369967)
(1.10401 -0.00244622 0.304884)
(0.947057 0.00138973 0.0979392)
(0.811424 0.00181032 0.0706905)
(0.771713 0.00270365 0.0305851)
(0.808838 0.00325483 0.029079)
(0.919034 0.00357624 0.0693269)
(1.09564 0.00409877 0.128761)
(1.30256 0.00256527 0.365498)
(1.05069 -0.00235518 0.302599)
(0.901213 0.00116107 0.105785)
(0.770579 0.00154007 0.0798783)
(0.731673 0.00236928 0.0413152)
(0.765709 0.00289285 0.0393967)
(0.869073 0.00320924 0.0774316)
(1.03553 0.00372681 0.133045)
(1.22922 0.00232755 0.359576)
(0.998779 -0.00225607 0.298982)
(0.856549 0.000961883 0.112053)
(0.730906 0.00130395 0.0874019)
(0.692902 0.00207246 0.0503553)
(0.724099 0.00256836 0.0480643)
(0.821022 0.00287778 0.0839616)
(0.97781 0.00338607 0.135967)
(1.15895 0.00211278 0.352365)
(0.948367 -0.00215115 0.294188)
(0.813128 0.000788914 0.116891)
(0.692453 0.00109816 0.09342)
(0.655423 0.0018093 0.0578637)
(0.684002 0.00227767 0.055236)
(0.774835 0.0025785 0.0890656)
(0.922403 0.00307391 0.137662)
(1.09165 0.00191852 0.344022)
(0.899494 -0.00204229 0.288359)
(0.770995 0.000639279 0.120435)
(0.655248 0.000919332 0.0980769)
(0.619252 0.00157634 0.0639838)
(0.645409 0.0020175 0.0610524)
(0.730477 0.00230842 0.0928819)
(0.869247 0.00278803 0.138254)
(1.02722 0.00174266 0.334702)
(0.852183 -0.0019311 0.281624)
(0.730177 0.00051039 0.122809)
(0.619308 0.000764442 0.101505)
(0.584392 0.00137046 0.0688475)
(0.608305 0.00178489 0.0656434)
(0.687914 0.00206488 0.0955393)
(0.818291 0.00252634 0.137866)
(0.965595 0.00158336 0.32455)
(0.806447 -0.00181893 0.274106)
(0.69069 0.00039992 0.12413)
(0.58464 0.000630792 0.103827)
(0.550842 0.00118886 0.0725764)
(0.572676 0.00157718 0.0691294)
(0.647114 0.00184545 0.0971587)
(0.769487 0.00228695 0.13661)
(0.906707 0.00143901 0.313704)
(0.762288 -0.00170694 0.265915)
(0.652545 0.000305771 0.124506)
(0.551244 0.000515947 0.105156)
(0.518593 0.00102902 0.0752838)
(0.538503 0.00139196 0.0716228)
(0.608046 0.00164793 0.0978529)
(0.722789 0.00206812 0.134592)
(0.85049 0.00130812 0.302295)
(0.719701 -0.00159612 0.257157)
(0.615741 0.000226046 0.124039)
(0.519116 0.000417716 0.105599)
(0.487635 0.000888639 0.0770755)
(0.505763 0.001227 0.0732283)
(0.570674 0.00147028 0.0977278)
(0.678151 0.00186824 0.131912)
(0.796876 0.00118939 0.29044)
(0.678675 -0.00148731 0.24793)
(0.580276 0.000159031 0.122823)
(0.488244 0.000334121 0.105255)
(0.45795 0.000765622 0.0780499)
(0.474432 0.00108031 0.074044)
(0.534964 0.00131066 0.096882)
(0.635527 0.00168582 0.128662)
(0.745797 0.00108161 0.278252)
(0.639197 -0.00138121 0.238326)
(0.546143 0.00010318 0.120949)
(0.458615 0.000263377 0.104216)
(0.42952 0.000658077 0.0782993)
(0.444484 0.000950024 0.0741611)
(0.500879 0.00116736 0.0954076)
(0.594866 0.00151946 0.124927)
(0.697182 0.000983705 0.265831)
(0.601249 -0.00127838 0.228428)
(0.51333 5.70953e-05 0.118498)
(0.430212 0.000203882 0.102569)
(0.402324 0.000564282 0.0779095)
(0.415889 0.000834477 0.0736649)
(0.468378 0.00103883 0.0933899)
(0.556119 0.00136788 0.120788)
(0.650959 0.000894693 0.25327)
(0.564812 -0.00117929 0.218316)
(0.481824 1.95203e-05 0.115549)
(0.403016 0.000154193 0.100395)
(0.376337 0.000482682 0.0769606)
(0.388616 0.000732135 0.0726344)
(0.437421 0.000923641 0.0909081)
(0.519232 0.00122989 0.116317)
(0.607053 0.000813692 0.240652)
(0.529864 -0.00108431 0.208062)
(0.451608 -1.06746e-05 0.112175)
(0.377007 0.000113019 0.0977673)
(0.351535 0.000411866 0.075527)
(0.362633 0.000641605 0.071143)
(0.407966 0.000820484 0.0880354)
(0.484152 0.00110437 0.111581)
(0.565388 0.000739907 0.228054)
(0.496379 -0.000993723 0.197734)
(0.422664 -3.4501e-05 0.108442)
(0.35216 7.92054e-05 0.0947562)
(0.327889 0.000350567 0.0736775)
(0.337905 0.000561625 0.0692586)
(0.379969 0.000728171 0.084839)
(0.450825 0.000990296 0.10664)
(0.525891 0.000672624 0.215543)
(0.464331 -0.000907724 0.187392)
(0.394972 -5.28625e-05 0.104414)
(0.328451 5.1725e-05 0.0914257)
(0.305372 0.000297641 0.0714761)
(0.314398 0.000491049 0.0670438)
(0.353386 0.000645618 0.0813807)
(0.419196 0.000886716 0.101551)
(0.488483 0.000611203 0.203181)
(0.433694 -0.000826447 0.177095)
(0.36851 -6.65655e-05 0.100148)
(0.305855 2.96646e-05 0.0878349)
(0.283955 0.000252065 0.0689813)
(0.292077 0.000428843 0.064556)
(0.328172 0.000571841 0.0777169)
(0.38921 0.000792752 0.0963637)
(0.453092 0.000555073 0.191021)
(0.404439 -0.000749961 0.166891)
(0.343253 -7.63262e-05 0.0956976)
(0.284344 1.22164e-05 0.0840381)
(0.263607 0.000212921 0.0662471)
(0.270905 0.000374075 0.0618478)
(0.304283 0.000505946 0.073899)
(0.360812 0.000707592 0.0911235)
(0.41964 0.000503726 0.179111)
(0.376536 -0.000678281 0.156828)
(0.319178 -8.27778e-05 0.0911109)
(0.263892 -1.33178e-06 0.0800849)
(0.244297 0.000179391 0.0633229)
(0.250846 0.000325907 0.0589674)
(0.281674 0.000447125 0.0699736)
(0.333947 0.00063049 0.0858713)
(0.388056 0.000456707 0.167491)
(0.349955 -0.000611375 0.146947)
(0.296259 -8.64786e-05 0.0864329)
(0.244471 -1.16054e-05 0.0760207)
(0.225996 0.000150748 0.0602538)
(0.231863 0.000283584 0.0559584)
(0.2603 0.000394648 0.0659828)
(0.308561 0.000560755 0.0806436)
(0.358265 0.000413615 0.156199)
(0.324663 -0.000549173 0.137285)
(0.274468 -8.79184e-05 0.0817041)
(0.226051 -1.91514e-05 0.0718867)
(0.208671 0.000126345 0.0570807)
(0.213922 0.000246433 0.0528604)
(0.240118 0.000347857 0.0619643)
(0.2846 0.000497756 0.0754728)
(0.330197 0.000374095 0.145264)
(0.300629 -0.000491567 0.127874)
(0.253778 -8.75255e-05 0.0769612)
(0.208604 -2.44459e-05 0.0677199)
(0.192292 0.000105611 0.0538405)
(0.196984 0.000213852 0.0497089)
(0.221083 0.000306159 0.0579521)
(0.262011 0.000440908 0.0703875)
(0.303781 0.00033783 0.134712)
(0.277821 -0.000438425 0.118743)
(0.234162 -8.56724e-05 0.0722374)
(0.192102 -2.79013e-05 0.0635538)
(0.176828 8.80424e-05 0.0505666)
(0.181016 0.000185303 0.046536)
(0.203153 0.000269021 0.053976)
(0.240742 0.000389677 0.0654127)
(0.278951 0.00030454 0.124563)
(0.256205 -0.000389589 0.109916)
(0.215591 -8.26813e-05 0.0675623)
(0.176514 -2.9873e-05 0.0594182)
(0.162247 7.31967e-05 0.0472888)
(0.165981 0.000160307 0.04337)
(0.186285 0.000235964 0.0500625)
(0.220742 0.000343571 0.0605701)
(0.255638 0.000273978 0.114835)
(0.235749 -0.000344883 0.101413)
(0.198036 -7.88294e-05 0.0629622)
(0.161812 -3.06657e-05 0.0553397)
(0.14852 6.06855e-05 0.0440335)
(0.151845 0.000138442 0.0402362)
(0.170438 0.000206561 0.0462347)
(0.201961 0.000302138 0.0558783)
(0.233778 0.000245925 0.10554)
(0.21642 -0.000304116 0.0932536)
(0.181467 -7.43534e-05 0.0584606)
(0.147968 -3.05387e-05 0.0513415)
(0.135615 5.01698e-05 0.0408242)
(0.138573 0.00011933 0.0371566)
(0.155571 0.000180426 0.0425126)
(0.184349 0.000264964 0.051353)
(0.213309 0.000220185 0.0966873)
(0.198185 -0.000267085 0.0854501)
(0.165857 -6.94541e-05 0.0540778)
(0.134951 -2.97111e-05 0.0474442)
(0.123503 4.13548e-05 0.0376814)
(0.126132 0.000102638 0.0341506)
(0.141644 0.000157216 0.0389133)
(0.167859 0.000231669 0.0470073)
(0.194169 0.000196585 0.0882828)
(0.18101 -0.000233583 0.0780139)
(0.151174 -6.43001e-05 0.0498314)
(0.122735 -2.83667e-05 0.0436652)
(0.112154 3.39847e-05 0.0346228)
(0.114489 8.80745e-05 0.0312347)
(0.12862 0.000136625 0.0354511)
(0.152444 0.000201905 0.0428517)
(0.176298 0.000174968 0.0803294)
(0.164863 -0.000203395 0.0709531)
(0.137389 -5.90315e-05 0.0457367)
(0.11129 -2.66585e-05 0.0400197)
(0.101539 2.78385e-05 0.0316638)
(0.103612 7.53789e-05 0.028423)
(0.116459 0.000118377 0.032138)
(0.138057 0.000175352 0.0388947)
(0.15964 0.000155195 0.072827)
(0.14971 -0.000176307 0.064273)
(0.124474 -5.37634e-05 0.0418062)
(0.100588 -2.47119e-05 0.0365201)
(0.0916304 2.27258e-05 0.0288172)
(0.0934692 6.43238e-05 0.0257273)
(0.105125 0.000102228 0.0289835)
(0.124655 0.000151718 0.0351425)
(0.144139 0.00013714 0.0657734)
(0.135519 -0.000152102 0.0579765)
(0.112398 -4.85888e-05 0.0380504)
(0.0906027 -2.26288e-05 0.0331768)
(0.0823991 1.84833e-05 0.0260938)
(0.0840298 5.47088e-05 0.0231573)
(0.0945814 8.79584e-05 0.0259951)
(0.112195 0.000130732 0.0315995)
(0.12974 0.000120687 0.0591637)
(0.122257 -0.000130569 0.052064)
(0.101133 -4.35814e-05 0.0344777)
(0.0813056 -2.04912e-05 0.029998)
(0.0738177 1.49715e-05 0.0235022)
(0.0752637 4.63581e-05 0.0207206)
(0.0847941 7.53728e-05 0.0231783)
(0.100633 0.000112149 0.0282681)
(0.116392 0.00010573 0.0529913)
(0.109891 -0.0001115 0.0465339)
(0.0906476 -3.87979e-05 0.0310945)
(0.07267 -1.83632e-05 0.02699)
(0.0658594 1.20718e-05 0.0210491)
(0.0671416 3.91174e-05 0.0184231)
(0.0757286 6.42958e-05 0.0205367)
(0.0899287 9.57429e-05 0.0251496)
(0.104044 9.2173e-05 0.0472478)
(0.0983893 -9.46931e-05 0.0413825)
(0.0809141 -3.42806e-05 0.0279053)
(0.0646695 -1.62939e-05 0.0241574)
(0.0584976 9.68335e-06 0.0187396)
(0.0596347 3.28513e-05 0.0162689)
(0.0673519 5.45709e-05 0.0180724)
(0.0800422 8.13059e-05 0.0222432)
(0.0926469 7.99239e-05 0.041923)
(0.0877191 -7.99519e-05 0.0366044)
(0.071903 -3.00593e-05 0.024913)
(0.0572776 -1.43199e-05 0.0215029)
(0.0517062 7.72116e-06 0.0165772)
(0.0527151 2.74411e-05 0.0142606)
(0.0596316 4.60575e-05 0.0157859)
(0.0709346 6.86477e-05 0.0195474)
(0.0821545 6.88977e-05 0.0370053)
(0.0778486 -6.70897e-05 0.0321923)
(0.0635855 -2.6153e-05 0.0221189)
(0.0504686 -1.2467e-05 0.0190278)
(0.0454599 6.11365e-06 0.0145638)
(0.0463553 2.27827e-05 0.0123994)
(0.0525363 3.86293e-05 0.0136763)
(0.0625678 5.75935e-05 0.017059)
(0.0725206 5.90133e-05 0.0324821)
(0.0687458 -5.59275e-05 0.0281376)
(0.0559326 -2.25718e-05 0.0195229)
(0.0442168 -1.07526e-05 0.0167321)
(0.0397335 4.80083e-06 0.0127)
(0.0405288 1.87846e-05 0.0106853)
(0.0460355 3.21728e-05 0.0117416)
(0.054905 4.79827e-05 0.0147742)
(0.0637009 5.01937e-05 0.0283395)
(0.0603791 -4.62962e-05 0.0244302)
(0.0489159 -1.9318e-05 0.0171236)
(0.0384972 -9.18633e-06 0.0146144)
(0.0345025 3.73255e-06 0.0109853)
(0.0352095 1.53663e-05 0.00911702)
(0.0400994 2.65856e-05 0.00997847)
(0.0479101 3.9668e-05 0.0126877)
(0.0556525 4.23648e-05 0.0245627)
(0.0527168 -3.80362e-05 0.0210587)
(0.0425069 -1.6388e-05 0.0149184)
(0.0332847 -7.77238e-06 0.0126723)
(0.0297429 2.867e-06 0.00941803)
(0.0303718 1.24572e-05 0.00769224)
(0.034699 2.1775e-05 0.00838283)
(0.041548 3.25137e-05 0.0107939)
(0.0483339 3.54554e-05 0.0211362)
(0.0457274 -3.09979e-05 0.0180109)
(0.0366773 -1.37729e-05 0.0129036)
(0.0285548 -6.51012e-06 0.0109022)
(0.025431 2.16943e-06 0.00799539)
(0.0259909 9.99468e-06 0.00640775)
(0.0298061 1.76573e-05 0.00694958)
(0.0357849 2.63956e-05 0.00908619)
(0.0417049 2.93968e-05 0.0180441)
(0.0393797 -2.5042e-05 0.0152733)
(0.031399 -1.14598e-05 0.0110743)
(0.0242833 -5.39538e-06 0.00929955)
(0.0215434 1.61104e-06 0.00671384)
(0.0220425 7.92345e-06 0.00525949)
(0.0253931 1.41563e-05 0.00567284)
(0.0305874 2.11999e-05 0.00755716)
(0.0357264 2.41224e-05 0.0152695)
(0.0336424 -2.00392e-05 0.0128316)
(0.026644 -9.43264e-06 0.00942505)
(0.0204462 -4.42126e-06 0.00785913)
(0.0180575 1.16794e-06 0.00556898)
(0.0185026 6.19447e-06 0.00424265)
(0.0214331 1.12026e-05 0.00454602)
(0.0259231 1.68216e-05 0.00619895)
(0.0303605 1.95672e-05 0.0127957)
(0.0284844 -1.58703e-05 0.010671)
(0.0223846 -7.67309e-06 0.0079493)
(0.0170198 -3.5789e-06 0.00657483)
(0.0149507 8.203e-07 0.00455571)
(0.0153478 4.76411e-06 0.00335174)
(0.0178996 8.73286e-06 0.00356195)
(0.0217602 1.31644e-05 0.0050031)
(0.0255699 1.56681e-05 0.0106051)
(0.0238745 -1.24263e-05 0.00877561)
(0.0185932 -6.1611e-06 0.00663987)
(0.0139807 -2.85813e-06 0.00543991)
(0.0122008 5.5166e-07 0.0036683)
(0.0125554 3.59342e-06 0.00258071)
(0.0147669 6.68914e-06 0.00271297)
(0.0180679 1.01401e-05 0.00396075)
(0.0213183 1.23638e-05 0.00868002)
(0.0197818 -9.6076e-06 0.00712954)
(0.0152422 -4.87568e-06 0.00548895)
(0.0113055 -2.248e-06 0.00444706)
(0.00978611 3.48302e-07 0.00290046)
(0.0101027 2.64753e-06 0.00192302)
(0.0120099 5.01842e-06 0.00199096)
(0.0148155 7.6678e-06 0.00306275)
(0.0175708 9.59508e-06 0.00700294)
(0.0161755 -7.32422e-06 0.00571616)
(0.0123044 -3.79531e-06 0.00448814)
(0.00897141 -1.73724e-06 0.00358848)
(0.0076851 1.98732e-07 0.00224545)
(0.00796769 1.89515e-06 0.0013717)
(0.00960372 3.67218e-06 0.00138746)
(0.0119736 5.67357e-06 0.00229958)
(0.0142927 7.30502e-06 0.00555618)
(0.0130246 -5.49493e-06 0.00451855)
(0.00975244 -2.89839e-06 0.00362847)
(0.0069556 -1.31456e-06 0.00285591)
(0.0058766 9.32575e-08 0.00169612)
(0.00612875 1.30816e-06 0.000919405)
(0.00752423 2.60595e-06 0.000893698)
(0.00951294 4.09008e-06 0.00166151)
(0.0114506 5.43872e-06 0.0043221)
(0.0102982 -4.04722e-06 0.00351955)
(0.00755944 -2.16374e-06 0.00290061)
(0.00523554 -9.68985e-07 0.00224073)
(0.00433971 2.36477e-08 0.00124497)
(0.0045645 8.61208e-07 0.000558495)
(0.00574761 1.77905e-06 0.000500628)
(0.00740509 2.85608e-06 0.00113856)
(0.00901147 3.94367e-06 0.00328315)
(0.00796562 -2.91679e-06 0.00270182)
(0.0056985 -1.57089e-06 0.00229484)
(0.00378887 -6.90083e-07 0.00173403)
(0.00305377 -1.71439e-08 0.000884185)
(0.00325394 5.31444e-07 0.000281073)
(0.00425046 1.15429e-06 0.000199054)
(0.00562206 1.91604e-06 0.000720587)
(0.00694289 2.76996e-06 0.00242195)
(0.00599627 -2.04712e-06 0.00204795)
(0.00414296 -1.10032e-06 0.00180113)
(0.00259338 -4.68093e-07 0.00132663)
(0.00199835 -3.52332e-08 0.000605708)
(0.00217634 2.98288e-07 7.90318e-05)
(0.00300976 6.97823e-07 -2.03895e-05)
(0.0041364 1.21988e-06 0.000397368)
(0.00521324 1.87059e-06 0.00172139)
(0.00435975 -1.389e-06 0.00154054)
(0.00286634 -7.3374e-07 0.00140923)
(0.00162702 -2.94069e-07 0.0010092)
(0.00115314 -3.59802e-08 0.000401289)
(0.00131121 1.43225e-07 -5.59641e-05)
(0.00200287 3.7896e-07 -0.000167236)
(0.00292126 7.22684e-07 0.000158585)
(0.00379151 1.2016e-06 0.00116464)
(0.00302596 -9.00092e-07 0.00116222)
(0.00184245 -4.54218e-07 0.00110875)
(0.000867809 -1.5992e-07 0.000772295)
(0.000497819 -2.40871e-08 0.000262495)
(0.000638101 4.96258e-08 -0.000132477)
(0.00120747 1.69975e-07 -0.000251154)
(0.00195033 3.84429e-07 -6.11684e-06)
(0.0026474 7.22341e-07 0.000735266)
(0.00196523 -5.44386e-07 0.000895709)
(0.00104542 -2.46301e-07 0.000889191)
(0.000293793 -5.83739e-08 0.000606436)
(1.18665e-05 -3.65246e-09 0.000180726)
(0.00013647 2.6238e-09 -0.000159295)
(0.000601426 4.59569e-08 -0.000281961)
(0.00119794 1.69678e-07 -0.000107131)
(0.00175137 3.95571e-07 0.000417275)
(0.00114841 -2.91739e-07 0.000723808)
(0.000449712 -9.60438e-08 0.000740083)
(-0.000117102 1.70902e-08 0.000502226)
(-0.000325711 2.18403e-08 0.000147281)
(-0.000214602 -1.09543e-08 -0.000145461)
(0.000162786 -1.5318e-08 -0.000269661)
(0.000639084 4.73022e-08 -0.000154891)
(0.00107466 1.87564e-07 0.000195152)
(0.000547057 -1.17402e-07 0.000629239)
(3.02762e-05 8.99454e-09 0.00065097)
(-0.000387197 7.24232e-08 0.000450579)
(-0.000536771 4.9656e-08 0.000153542)
(-0.000436723 -2.585e-09 -0.000100269)
(-0.000130305 -3.34965e-08 -0.000224514)
(0.000249474 -9.81367e-09 -0.000159913)
(0.000589153 6.81229e-08 5.38447e-05)
(0.000133302 -1.59696e-09 0.000594337)
(-0.000237608 7.97673e-08 0.000611437)
(-0.000539279 1.13305e-07 0.000443222)
(-0.000644441 7.81644e-08 0.000191587)
(-0.000552526 1.81342e-08 -3.29373e-05)
(-0.000299682 -2.56965e-08 -0.000157061)
(5.55583e-06 -2.50443e-08 -0.00013297)
(0.000267187 1.05848e-08 -2.13629e-05)
(-0.000121174 7.09476e-08 0.000600379)
(-0.000378752 1.25697e-07 0.000611077)
(-0.000596879 1.45634e-07 0.00047366)
(-0.000673178 1.07682e-07 0.00025577)
(-0.000585736 4.41595e-08 4.85601e-05)
(-0.000367601 -6.26576e-09 -7.7967e-05)
(-0.000116245 -1.81821e-08 -8.55278e-05)
(8.04282e-05 -8.16326e-09 -4.53017e-05)
(-0.000247918 1.11307e-07 0.000625449)
(-0.0004199 1.53878e-07 0.000636779)
(-0.000584365 1.7493e-07 0.000535304)
(-0.00064599 1.40592e-07 0.000342756)
(-0.00055843 7.15855e-08 0.000138383)
(-0.000357028 1.39938e-08 2.23091e-06)
(-0.00014226 -4.88207e-09 -3.03734e-05)
(-2.68405e-06 -7.42478e-09 -3.44983e-05)
(-0.000287826 1.27176e-07 0.000647149)
(-0.00039601 1.67896e-07 0.000671582)
(-0.000526876 2.04565e-07 0.000622646)
(-0.000575421 1.7989e-07 0.00045612)
(-0.000481549 1.00594e-07 0.000240216)
(-0.000289458 3.06153e-08 7.89966e-05)
(-0.000106268 5.35789e-09 1.81565e-05)
(-1.97854e-05 -1.32848e-09 -7.80932e-06)
(-0.000275955 1.24249e-07 0.000648852)
(-0.000357269 1.79693e-07 0.000731848)
(-0.000442757 2.48853e-07 0.000767835)
(-0.000434479 2.39477e-07 0.0006351)
(-0.000311998 1.42251e-07 0.00038297)
(-0.000151948 4.70114e-08 0.000153188)
(-4.31621e-05 7.365e-09 3.38651e-05)
(-8.5689e-06 2.2878e-09 1.31054e-05)
)
;
    }
    top
    {
        type            calculated;
        value           nonuniform List<vector> 
640
(
(-55.5714 -0.986484 -2.77576)
(-70.1168 -8.41592 -4.65668)
(-83.9386 -6.6223 -6.51852)
(-90.6837 -2.28271 -7.49389)
(-90.6837 2.28271 -7.49389)
(-83.9386 6.6223 -6.51852)
(-70.1168 8.41592 -4.65668)
(-55.5714 0.986484 -2.77576)
(-26.1788 -0.100008 -0.752016)
(-31.2755 -1.56036 -1.03848)
(-32.7705 -1.71844 -1.14589)
(-33.4588 -0.666635 -1.19455)
(-33.4588 0.666635 -1.19455)
(-32.7705 1.71844 -1.14589)
(-31.2755 1.56036 -1.03848)
(-26.1788 0.100008 -0.752016)
(-34.2096 0.0732929 -1.29672)
(-36.8036 -0.504862 -1.43301)
(-36.6628 -0.692041 -1.40571)
(-36.5037 -0.302522 -1.38906)
(-36.5037 0.302522 -1.38906)
(-36.6628 0.692041 -1.40571)
(-36.8036 0.504862 -1.43301)
(-34.2096 -0.0732929 -1.29672)
(-49.0689 0.0968603 -2.68082)
(-51.2031 -0.0359677 -2.80866)
(-51.8349 -0.205833 -2.82506)
(-51.9905 -0.117639 -2.82376)
(-51.9905 0.117639 -2.82376)
(-51.8349 0.205833 -2.82506)
(-51.2031 0.0359677 -2.80866)
(-49.0689 -0.0968603 -2.68082)
(-62.4474 0.117036 -4.39443)
(-64.1077 0.306757 -4.49933)
(-65.155 0.152759 -4.5669)
(-65.5982 0.0290933 -4.59597)
(-65.5982 -0.0290933 -4.59597)
(-65.155 -0.152759 -4.5669)
(-64.1077 -0.306757 -4.49933)
(-62.4474 -0.117036 -4.39443)
(-74.0174 0.0925646 -6.27937)
(-75.2167 0.476898 -6.35107)
(-76.2189 0.355231 -6.43005)
(-76.7256 0.117415 -6.47359)
(-76.7256 -0.117415 -6.47359)
(-76.2189 -0.355231 -6.43005)
(-75.2167 -0.476898 -6.35107)
(-74.0174 -0.0925646 -6.27937)
(-84.1378 0.040796 -8.28529)
(-84.9253 0.526512 -8.32033)
(-85.7231 0.442318 -8.38751)
(-86.1718 0.159572 -8.43081)
(-86.1718 -0.159572 -8.43081)
(-85.7231 -0.442318 -8.38751)
(-84.9253 -0.526512 -8.32033)
(-84.1378 -0.040796 -8.28529)
(-93.0288 -0.0166256 -10.3735)
(-93.4716 0.512093 -10.3717)
(-94.0405 0.46195 -10.4176)
(-94.3894 0.17351 -10.4527)
(-94.3894 -0.17351 -10.4527)
(-94.0405 -0.46195 -10.4176)
(-93.4716 -0.512093 -10.3717)
(-93.0288 0.0166256 -10.3735)
(-100.84 -0.0678428 -12.5106)
(-101.017 0.471889 -12.4755)
(-101.38 0.448748 -12.4974)
(-101.625 0.172784 -12.5208)
(-101.625 -0.172784 -12.5208)
(-101.38 -0.448748 -12.4974)
(-101.017 -0.471889 -12.4755)
(-100.84 0.0678428 -12.5106)
(-107.689 -0.108076 -14.6687)
(-107.672 0.428426 -14.6053)
(-107.865 0.424465 -14.6039)
(-108.019 0.166172 -14.6148)
(-108.019 -0.166173 -14.6148)
(-107.865 -0.424465 -14.6039)
(-107.672 -0.428426 -14.6053)
(-107.689 0.108076 -14.6687)
(-113.671 -0.13655 -16.8239)
(-113.517 0.392781 -16.737)
(-113.579 0.401011 -16.7147)
(-113.659 0.158694 -16.714)
(-113.659 -0.158694 -16.714)
(-113.579 -0.401011 -16.7147)
(-113.517 -0.392781 -16.737)
(-113.671 0.13655 -16.8239)
(-118.86 -0.154392 -18.9547)
(-118.612 0.36886 -18.8487)
(-118.578 0.383729 -18.8087)
(-118.6 0.152786 -18.7977)
(-118.6 -0.152787 -18.7977)
(-118.578 -0.383729 -18.8087)
(-118.612 -0.36886 -18.8487)
(-118.86 0.154392 -18.9547)
(-123.319 -0.163414 -21.0415)
(-123.006 0.356673 -20.92)
(-122.902 0.374085 -20.8654)
(-122.882 0.149306 -20.846)
(-122.882 -0.149306 -20.846)
(-122.902 -0.374085 -20.8654)
(-123.006 -0.356673 -20.92)
(-123.319 0.163414 -21.0415)
(-127.096 -0.1655 -23.0663)
(-126.739 0.354444 -22.9321)
(-126.587 0.371532 -22.8659)
(-126.537 0.148248 -22.8397)
(-126.537 -0.148248 -22.8397)
(-126.587 -0.371532 -22.8659)
(-126.739 -0.354444 -22.9321)
(-127.096 0.1655 -23.0663)
(-130.236 -0.162326 -25.0131)
(-129.848 0.35983 -24.8681)
(-129.662 0.374672 -24.7926)
(-129.592 0.14921 -24.7611)
(-129.592 -0.14921 -24.7611)
(-129.662 -0.374672 -24.7926)
(-129.848 -0.35983 -24.8681)
(-130.236 0.162326 -25.0131)
(-132.779 -0.155264 -26.8675)
(-132.367 0.370559 -26.7132)
(-132.159 0.381918 -26.6303)
(-132.074 0.151663 -26.5946)
(-132.074 -0.151663 -26.5946)
(-132.159 -0.381918 -26.6303)
(-132.367 -0.370559 -26.7132)
(-132.779 0.155264 -26.8675)
(-134.76 -0.145381 -28.6172)
(-134.33 0.384711 -28.4546)
(-134.105 0.391822 -28.3657)
(-134.011 0.155098 -28.3267)
(-134.011 -0.155098 -28.3267)
(-134.105 -0.391822 -28.3657)
(-134.33 -0.384711 -28.4546)
(-134.76 0.145381 -28.6172)
(-136.215 -0.133481 -30.2518)
(-135.769 0.400794 -30.0815)
(-135.532 0.403208 -29.9875)
(-135.43 0.159087 -29.9459)
(-135.43 -0.159087 -29.9459)
(-135.532 -0.403208 -29.9875)
(-135.769 -0.400794 -30.0815)
(-136.215 0.133481 -30.2518)
(-137.177 -0.120155 -31.7627)
(-136.716 0.417719 -31.5852)
(-136.469 0.415193 -31.4868)
(-136.362 0.163302 -31.4431)
(-136.362 -0.163302 -31.4431)
(-136.469 -0.415193 -31.4868)
(-136.716 -0.417719 -31.5852)
(-137.177 0.120155 -31.7627)
(-137.676 -0.105838 -33.1432)
(-137.201 0.434728 -32.9588)
(-136.946 0.42715 -32.8565)
(-136.836 0.167509 -32.8109)
(-136.836 -0.167509 -32.8109)
(-136.946 -0.42715 -32.8565)
(-137.201 -0.434728 -32.9588)
(-137.676 0.105838 -33.1432)
(-137.745 -0.0908503 -34.3882)
(-137.256 0.451321 -34.197)
(-136.994 0.438664 -34.0911)
(-136.88 0.171549 -34.0439)
(-136.88 -0.171549 -34.0439)
(-136.994 -0.438664 -34.0911)
(-137.256 -0.451321 -34.197)
(-137.745 0.0908503 -34.3882)
(-137.413 -0.0754302 -35.4941)
(-136.911 0.467179 -35.2964)
(-136.641 0.449473 -35.187)
(-136.525 0.175322 -35.1384)
(-136.525 -0.175322 -35.1384)
(-136.641 -0.449473 -35.187)
(-136.911 -0.467179 -35.2964)
(-137.413 0.0754302 -35.4941)
(-136.708 -0.0597629 -36.4587)
(-136.193 0.482113 -36.2547)
(-135.917 0.459422 -36.1422)
(-135.798 0.178768 -36.0922)
(-135.798 -0.178768 -36.0922)
(-135.917 -0.459422 -36.1422)
(-136.193 -0.482113 -36.2547)
(-136.708 0.059763 -36.4587)
(-135.659 -0.0439962 -37.2813)
(-135.131 0.496012 -37.0712)
(-134.849 0.468431 -36.9557)
(-134.727 0.181857 -36.9044)
(-134.727 -0.181857 -36.9044)
(-134.849 -0.468431 -36.9557)
(-135.131 -0.496012 -37.0712)
(-135.659 0.0439962 -37.2813)
(-134.291 -0.0282527 -37.9621)
(-133.751 0.508819 -37.7463)
(-133.464 0.476464 -37.6278)
(-133.34 0.184575 -37.5754)
(-133.34 -0.184575 -37.5754)
(-133.464 -0.476464 -37.6278)
(-133.751 -0.508819 -37.7463)
(-134.291 0.0282527 -37.9621)
(-132.631 -0.0126377 -38.5026)
(-132.081 0.520507 -38.2813)
(-131.788 0.483516 -38.1601)
(-131.661 0.186922 -38.1066)
(-131.661 -0.186922 -38.1066)
(-131.788 -0.483516 -38.1601)
(-132.081 -0.520507 -38.2813)
(-132.631 0.0126377 -38.5026)
(-130.704 0.00275614 -38.905)
(-130.143 0.531067 -38.6785)
(-129.845 0.489594 -38.5549)
(-129.717 0.188901 -38.5003)
(-129.717 -0.188901 -38.5003)
(-129.845 -0.489594 -38.5549)
(-130.143 -0.531067 -38.6785)
(-130.704 -0.00275613 -38.905)
(-128.533 0.0178461 -39.1724)
(-127.963 0.540499 -38.9412)
(-127.66 0.494714 -38.8153)
(-127.53 0.190519 -38.7598)
(-127.53 -0.190519 -38.7598)
(-127.66 -0.494714 -38.8153)
(-127.963 -0.540499 -38.9412)
(-128.533 -0.0178461 -39.1724)
(-126.14 0.0325578 -39.3086)
(-125.562 0.54881 -39.0733)
(-125.256 0.498898 -38.9453)
(-125.124 0.191787 -38.8889)
(-125.124 -0.191787 -38.8889)
(-125.256 -0.498898 -38.9453)
(-125.562 -0.54881 -39.0733)
(-126.14 -0.0325578 -39.3086)
(-123.547 0.0468244 -39.3182)
(-122.963 0.556007 -39.0791)
(-122.653 0.502167 -38.9493)
(-122.52 0.192714 -38.8922)
(-122.52 -0.192714 -38.8922)
(-122.653 -0.502167 -38.9493)
(-122.963 -0.556007 -39.0791)
(-123.547 -0.0468244 -39.3182)
(-120.776 0.0605858 -39.2061)
(-120.186 0.562099 -38.9637)
(-119.874 0.504542 -38.8323)
(-119.739 0.193309 -38.7747)
(-119.739 -0.193309 -38.7747)
(-119.874 -0.504543 -38.8323)
(-120.186 -0.562099 -38.9637)
(-120.776 -0.0605858 -39.2061)
(-117.844 0.0737888 -38.9777)
(-117.25 0.567099 -38.7326)
(-116.937 0.506047 -38.6)
(-116.801 0.193582 -38.5418)
(-116.801 -0.193582 -38.5418)
(-116.937 -0.506047 -38.6)
(-117.25 -0.567099 -38.7326)
(-117.844 -0.0737888 -38.9777)
(-114.773 0.0863866 -38.6389)
(-114.176 0.571019 -38.3916)
(-113.861 0.506703 -38.258)
(-113.725 0.193543 -38.1995)
(-113.725 -0.193543 -38.1995)
(-113.861 -0.506703 -38.258)
(-114.176 -0.571019 -38.3916)
(-114.773 -0.0863866 -38.6389)
(-111.578 0.0983387 -38.1958)
(-110.98 0.573872 -37.9468)
(-110.664 0.506531 -37.8126)
(-110.528 0.1932 -37.7538)
(-110.528 -0.1932 -37.7538)
(-110.664 -0.506531 -37.8126)
(-110.98 -0.573872 -37.9468)
(-111.578 -0.0983387 -38.1958)
(-108.277 0.109611 -37.6547)
(-107.678 0.575676 -37.4047)
(-107.363 0.505555 -37.2701)
(-107.227 0.192564 -37.2112)
(-107.227 -0.192564 -37.2112)
(-107.363 -0.505555 -37.2701)
(-107.678 -0.575676 -37.4047)
(-108.277 -0.109611 -37.6547)
(-104.886 0.120174 -37.0223)
(-104.289 0.576447 -36.7718)
(-103.974 0.503795 -36.6371)
(-103.839 0.191642 -36.5783)
(-103.839 -0.191642 -36.5783)
(-103.974 -0.503795 -36.6371)
(-104.289 -0.576447 -36.7718)
(-104.886 -0.120174 -37.0223)
(-101.42 0.130006 -36.3051)
(-100.825 0.576204 -36.0547)
(-100.512 0.501275 -35.9203)
(-100.377 0.190444 -35.8616)
(-100.377 -0.190444 -35.8616)
(-100.512 -0.501275 -35.9203)
(-100.825 -0.576204 -36.0547)
(-101.42 -0.130006 -36.3051)
(-97.8937 0.139088 -35.51)
(-97.3027 0.57497 -35.2602)
(-96.9916 0.498019 -35.1264)
(-96.8578 0.18898 -35.068)
(-96.8578 -0.18898 -35.068)
(-96.9916 -0.498019 -35.1264)
(-97.3027 -0.57497 -35.2602)
(-97.8937 -0.139088 -35.51)
(-94.3205 0.147407 -34.6438)
(-93.7344 0.572767 -34.3952)
(-93.4261 0.49405 -34.2622)
(-93.2935 0.187259 -34.2042)
(-93.2935 -0.187259 -34.2042)
(-93.4261 -0.49405 -34.2622)
(-93.7344 -0.572767 -34.3952)
(-94.3205 -0.147407 -34.6438)
(-90.7133 0.154956 -33.7131)
(-90.1331 0.56962 -33.4663)
(-89.8282 0.489392 -33.3344)
(-89.6972 0.185291 -33.277)
(-89.6972 -0.185291 -33.277)
(-89.8282 -0.489392 -33.3344)
(-90.1331 -0.56962 -33.4663)
(-90.7133 -0.154956 -33.7131)
(-87.0841 0.161729 -32.7248)
(-86.5111 0.565555 -32.4802)
(-86.2101 0.48407 -32.3498)
(-86.0809 0.183084 -32.293)
(-86.0809 -0.183084 -32.293)
(-86.2101 -0.48407 -32.3498)
(-86.5111 -0.565555 -32.4802)
(-87.0841 -0.161729 -32.7248)
(-83.4443 0.167727 -31.6855)
(-82.8795 0.5606 -31.4437)
(-82.5831 0.47811 -31.3149)
(-82.4558 0.18065 -31.259)
(-82.4558 -0.18065 -31.259)
(-82.5831 -0.47811 -31.3149)
(-82.8795 -0.5606 -31.4437)
(-83.4443 -0.167727 -31.6855)
(-79.8048 0.172953 -30.6017)
(-79.2491 0.554783 -30.3632)
(-78.9578 0.471536 -30.2364)
(-78.8327 0.177996 -30.1813)
(-78.8327 -0.177996 -30.1813)
(-78.9578 -0.471536 -30.2364)
(-79.2491 -0.554783 -30.3632)
(-79.8048 -0.172953 -30.6017)
(-76.1757 0.177414 -29.4798)
(-75.63 0.548134 -29.2451)
(-75.3442 0.464374 -29.1204)
(-75.2215 0.175133 -29.0664)
(-75.2215 -0.175133 -29.0664)
(-75.3442 -0.464375 -29.1204)
(-75.63 -0.548134 -29.2451)
(-76.1757 -0.177414 -29.4798)
(-72.5663 0.181119 -28.3262)
(-72.0315 0.540683 -28.0956)
(-71.7517 0.45665 -27.9734)
(-71.6317 0.172071 -27.9204)
(-71.6317 -0.172071 -27.9204)
(-71.7517 -0.45665 -27.9734)
(-72.0315 -0.540683 -28.0956)
(-72.5663 -0.181119 -28.3262)
(-68.9857 0.184081 -27.1468)
(-68.4625 0.532462 -26.9208)
(-68.1891 0.448389 -26.8012)
(-68.0719 0.168818 -26.7494)
(-68.0719 -0.168818 -26.7494)
(-68.1891 -0.448389 -26.8012)
(-68.4625 -0.532462 -26.9208)
(-68.9857 -0.184081 -27.1468)
(-65.4422 0.186313 -25.9476)
(-64.9313 0.523502 -25.7265)
(-64.6647 0.439617 -25.6097)
(-64.5504 0.165385 -25.5592)
(-64.5504 -0.165385 -25.5592)
(-64.6647 -0.439617 -25.6097)
(-64.9313 -0.523502 -25.7265)
(-65.4422 -0.186313 -25.9476)
(-61.9435 0.187833 -24.7342)
(-61.4457 0.513836 -24.5184)
(-61.1861 0.43036 -24.4046)
(-61.0749 0.161782 -24.3554)
(-61.0749 -0.161782 -24.3554)
(-61.1861 -0.43036 -24.4046)
(-61.4457 -0.513836 -24.5184)
(-61.9435 -0.187833 -24.7342)
(-58.4971 0.18866 -23.512)
(-58.0127 0.503495 -23.3018)
(-57.7605 0.420642 -23.1912)
(-57.6526 0.158016 -23.1434)
(-57.6526 -0.158016 -23.1434)
(-57.7605 -0.420642 -23.1912)
(-58.0127 -0.503495 -23.3018)
(-58.4971 -0.18866 -23.512)
(-55.1096 0.188813 -22.2864)
(-54.6392 0.492511 -22.082)
(-54.3947 0.410488 -21.9746)
(-54.29 0.154098 -21.9283)
(-54.29 -0.154098 -21.9283)
(-54.3947 -0.410488 -21.9746)
(-54.6392 -0.492512 -22.082)
(-55.1096 -0.188813 -22.2864)
(-51.7875 0.188314 -21.0621)
(-51.3315 0.480918 -20.8638)
(-51.0948 0.399924 -20.7599)
(-50.9936 0.150036 -20.7151)
(-50.9936 -0.150036 -20.7151)
(-51.0948 -0.399924 -20.7599)
(-51.3315 -0.480918 -20.8638)
(-51.7875 -0.188314 -21.0621)
(-48.5366 0.187187 -19.844)
(-48.0953 0.468748 -19.652)
(-47.8666 0.388973 -19.5516)
(-47.7689 0.145839 -19.5083)
(-47.7689 -0.145839 -19.5083)
(-47.8666 -0.388973 -19.5516)
(-48.0953 -0.468748 -19.652)
(-48.5366 -0.187187 -19.844)
(-45.3623 0.185454 -18.6366)
(-44.9361 0.456031 -18.451)
(-44.7155 0.377659 -18.3541)
(-44.6214 0.141515 -18.3125)
(-44.6214 -0.141515 -18.3125)
(-44.7155 -0.377659 -18.3541)
(-44.9361 -0.456031 -18.451)
(-45.3623 -0.185454 -18.6366)
(-42.2699 0.18314 -17.444)
(-41.8588 0.4428 -17.265)
(-41.6465 0.366005 -17.1717)
(-41.5559 0.137074 -17.1317)
(-41.5559 -0.137074 -17.1317)
(-41.6465 -0.366005 -17.1717)
(-41.8588 -0.4428 -17.265)
(-42.2699 -0.18314 -17.444)
(-39.2638 0.180272 -16.2702)
(-38.868 0.429086 -16.0978)
(-38.664 0.354035 -16.0082)
(-38.577 0.132523 -15.9698)
(-38.577 -0.132523 -15.9698)
(-38.664 -0.354035 -16.0082)
(-38.868 -0.429086 -16.0978)
(-39.2638 -0.180272 -16.2702)
(-36.3485 0.176874 -15.1189)
(-35.9681 0.41492 -14.9532)
(-35.7723 0.34177 -14.8674)
(-35.689 0.127871 -14.8306)
(-35.689 -0.127871 -14.8306)
(-35.7723 -0.34177 -14.8674)
(-35.9681 -0.41492 -14.9532)
(-36.3485 -0.176874 -15.1189)
(-33.5278 0.172974 -13.9936)
(-33.1628 0.400332 -13.8347)
(-32.9753 0.329231 -13.7525)
(-32.8956 0.123125 -13.7174)
(-32.8956 -0.123125 -13.7174)
(-32.9753 -0.329231 -13.7525)
(-33.1628 -0.400332 -13.8347)
(-33.5278 -0.172974 -13.9936)
(-30.8054 0.168596 -12.8974)
(-30.4557 0.385351 -12.7453)
(-30.2765 0.316441 -12.6668)
(-30.2004 0.118292 -12.6333)
(-30.2004 -0.118292 -12.6333)
(-30.2765 -0.316441 -12.6668)
(-30.4557 -0.385352 -12.7453)
(-30.8054 -0.168596 -12.8974)
(-28.1846 0.163768 -11.8334)
(-27.8501 0.370007 -11.688)
(-27.6791 0.303419 -11.6131)
(-27.6066 0.113379 -11.5813)
(-27.6066 -0.113379 -11.5813)
(-27.6791 -0.303419 -11.6131)
(-27.8501 -0.370007 -11.688)
(-28.1846 -0.163768 -11.8334)
(-25.6684 0.158517 -10.8043)
(-25.3489 0.354325 -10.6654)
(-25.1859 0.290183 -10.5942)
(-25.1169 0.108394 -10.5639)
(-25.1169 -0.108394 -10.5639)
(-25.1859 -0.290183 -10.5942)
(-25.3489 -0.354325 -10.6654)
(-25.6684 -0.158517 -10.8043)
(-23.2595 0.152869 -9.81244)
(-22.9547 0.338335 -9.68012)
(-22.7997 0.276755 -9.61247)
(-22.7341 0.103344 -9.58376)
(-22.7341 -0.103344 -9.58376)
(-22.7997 -0.276755 -9.61247)
(-22.9547 -0.338336 -9.68012)
(-23.2595 -0.152869 -9.81244)
(-20.9602 0.146851 -8.86019)
(-20.6699 0.322066 -8.73429)
(-20.5227 0.263153 -8.67011)
(-20.4605 0.0982344 -8.64294)
(-20.4605 -0.0982345 -8.64294)
(-20.5227 -0.263153 -8.67011)
(-20.6699 -0.322066 -8.73429)
(-20.9602 -0.146851 -8.86019)
(-18.773 0.140486 -7.94958)
(-18.4968 0.305534 -7.82994)
(-18.3571 0.24939 -7.76916)
(-18.2983 0.0930708 -7.74348)
(-18.2983 -0.093071 -7.74348)
(-18.3571 -0.24939 -7.76916)
(-18.4968 -0.305534 -7.82994)
(-18.773 -0.140486 -7.94958)
(-16.6995 0.133795 -7.08242)
(-16.4371 0.288759 -6.96887)
(-16.3048 0.235476 -6.91139)
(-16.2492 0.0878557 -6.88718)
(-16.2492 -0.0878558 -6.88718)
(-16.3048 -0.235476 -6.91139)
(-16.4371 -0.288759 -6.96888)
(-16.6995 -0.133795 -7.08242)
(-14.7416 0.126802 -6.2603)
(-14.4925 0.271757 -6.15267)
(-14.3674 0.221418 -6.09839)
(-14.315 0.0825911 -6.07559)
(-14.315 -0.0825912 -6.07559)
(-14.3674 -0.221418 -6.09839)
(-14.4925 -0.271757 -6.15267)
(-14.7416 -0.126802 -6.2603)
(-12.9007 0.119526 -5.48466)
(-12.6645 0.254537 -5.38274)
(-12.5463 0.207218 -5.33155)
(-12.497 0.0772763 -5.31013)
(-12.497 -0.0772763 -5.31013)
(-12.5463 -0.207218 -5.33155)
(-12.6645 -0.254537 -5.38274)
(-12.9007 -0.119526 -5.48466)
(-11.178 0.11198 -4.75671)
(-10.9543 0.237093 -4.6603)
(-10.8428 0.192865 -4.61211)
(-10.7965 0.0719075 -4.59203)
(-10.7965 -0.0719076 -4.59203)
(-10.8428 -0.192865 -4.61211)
(-10.9543 -0.237093 -4.6603)
(-11.178 -0.11198 -4.75671)
(-9.57469 0.104169 -4.07753)
(-9.36298 0.219404 -3.9864)
(-9.25805 0.178337 -3.94113)
(-9.21462 0.0664753 -3.92235)
(-9.21462 -0.0664754 -3.92235)
(-9.25805 -0.178337 -3.94113)
(-9.36298 -0.219404 -3.9864)
(-9.57469 -0.104169 -4.07753)
(-8.09155 0.0960842 -3.44797)
(-7.89142 0.20142 -3.36196)
(-7.79293 0.163585 -3.31953)
(-7.75245 0.06096 -3.30206)
(-7.75245 -0.0609601 -3.30206)
(-7.79293 -0.163585 -3.31953)
(-7.89142 -0.20142 -3.36195)
(-8.09155 -0.0960842 -3.44797)
(-6.72929 0.087701 -2.86879)
(-6.54042 0.183056 -2.78772)
(-6.44839 0.148534 -2.74813)
(-6.41093 0.0553328 -2.732)
(-6.41093 -0.0553328 -2.732)
(-6.44839 -0.148534 -2.74813)
(-6.54042 -0.183056 -2.78772)
(-6.72929 -0.087701 -2.86879)
(-5.48847 0.0789699 -2.34056)
(-5.31072 0.164183 -2.26435)
(-5.22533 0.133077 -2.22768)
(-5.19107 0.0495542 -2.21295)
(-5.19107 -0.0495543 -2.21295)
(-5.22533 -0.133077 -2.22768)
(-5.31072 -0.164183 -2.26435)
(-5.48847 -0.0789699 -2.34056)
(-4.36951 0.0698124 -1.86375)
(-4.20305 0.144619 -1.79246)
(-4.12476 0.117075 -1.75889)
(-4.09399 0.0435764 -1.74568)
(-4.09399 -0.0435764 -1.74568)
(-4.12476 -0.117075 -1.75889)
(-4.20305 -0.144619 -1.79246)
(-4.36951 -0.0698124 -1.86375)
(-3.37286 0.0601205 -1.43878)
(-3.21835 0.124147 -1.37268)
(-3.14794 0.100384 -1.34252)
(-3.1211 0.0373531 -1.33101)
(-3.1211 -0.0373532 -1.33101)
(-3.14794 -0.100384 -1.34252)
(-3.21835 -0.124147 -1.37268)
(-3.37286 -0.0601205 -1.43878)
(-2.49923 0.0497679 -1.0661)
(-2.35804 0.102563 -1.00576)
(-2.29664 0.0829043 -0.979489)
(-2.27426 0.0308638 -0.969904)
(-2.27426 -0.0308639 -0.969904)
(-2.29664 -0.0829043 -0.979488)
(-2.35804 -0.102563 -1.00576)
(-2.49923 -0.0497679 -1.0661)
(-1.74997 0.0386514 -0.746427)
(-1.62447 0.0797973 -0.692829)
(-1.57346 0.0647003 -0.671028)
(-1.55606 0.0241569 -0.663583)
(-1.55606 -0.0241568 -0.663582)
(-1.57346 -0.0647002 -0.671028)
(-1.62446 -0.0797973 -0.692829)
(-1.74997 -0.0386515 -0.746427)
(-1.12779 0.0268063 -0.480969)
(-1.02146 0.0561798 -0.435594)
(-0.982174 0.0461932 -0.418815)
(-0.970024 0.0174151 -0.413622)
(-0.970023 -0.0174145 -0.413621)
(-0.982172 -0.0461931 -0.418815)
(-1.02146 -0.0561801 -0.435594)
(-1.1278 -0.0268066 -0.480971)
(-0.637475 0.0146414 -0.271807)
(-0.554804 0.0328703 -0.236548)
(-0.527921 0.0284195 -0.225077)
(-0.520807 0.0110263 -0.222038)
(-0.520807 -0.0110252 -0.222038)
(-0.527922 -0.0284196 -0.225077)
(-0.554807 -0.0328711 -0.236549)
(-0.637479 -0.0146419 -0.271808)
(-0.285628 0.00325158 -0.121756)
(-0.231091 0.0122391 -0.0985076)
(-0.216442 0.013169 -0.0922607)
(-0.213575 0.00560357 -0.091037)
(-0.213582 -0.00560349 -0.0910397)
(-0.216449 -0.0131695 -0.0922639)
(-0.231096 -0.0122396 -0.09851)
(-0.285626 -0.00325167 -0.121756)
(-0.0724848 -0.00488071 -0.0308919)
(-0.0497235 -0.00174037 -0.021192)
(-0.0467036 0.00275551 -0.0199051)
(-0.0470749 0.00185505 -0.020063)
(-0.047083 -0.00185775 -0.0200664)
(-0.0467119 -0.00275503 -0.0199087)
(-0.0497226 0.00174102 -0.0211917)
(-0.0724835 0.00488088 -0.0308913)
(0.0174809 -0.0055223 0.00744716)
(0.00976306 -0.00324786 0.00415515)
(0.00586193 -0.000380662 0.00249264)
(0.00347724 0.000277223 0.00147644)
(0.00348266 -0.000279032 0.00147873)
(0.00586814 0.000381159 0.00249527)
(0.00976639 0.00324845 0.00415659)
(0.0174878 0.00552254 0.00745012)
)
;
    }
    bottom
    {
        type            calculated;
        value           nonuniform List<vector> 
640
(
(-64.5341 -6.26615 0.921351)
(-76.6983 -8.81742 -0.627299)
(-86.9445 -5.88091 -1.92921)
(-91.7452 -1.94973 -2.56661)
(-91.7452 1.94973 -2.56661)
(-86.9445 5.88091 -1.92921)
(-76.6983 8.81742 -0.627299)
(-64.5341 6.26615 0.921351)
(-39.5521 -1.80793 2.60739)
(-43.1714 -3.06185 2.35802)
(-44.5813 -2.36263 2.23871)
(-45.3469 -0.828898 2.17461)
(-45.3469 0.828898 2.17461)
(-44.5813 2.36263 2.23871)
(-43.1714 3.06185 2.35802)
(-39.5521 1.80793 2.60739)
(-46.4119 -0.867838 2.01595)
(-48.9712 -1.62498 1.85075)
(-49.1057 -1.3649 1.84689)
(-49.1832 -0.511678 1.84012)
(-49.1832 0.511678 1.84012)
(-49.1057 1.3649 1.84689)
(-48.9712 1.62498 1.85075)
(-46.4119 0.867838 2.01595)
(-59.574 -0.43888 0.659187)
(-62.0348 -0.898358 0.468025)
(-62.6216 -0.824732 0.432782)
(-62.7836 -0.328426 0.421725)
(-62.7836 0.328426 0.421725)
(-62.6216 0.824732 0.432782)
(-62.0348 0.898358 0.468025)
(-59.574 0.43888 0.659187)
(-72.8674 -0.126095 -1.09728)
(-74.7476 -0.359193 -1.26471)
(-75.5874 -0.39349 -1.33425)
(-75.8817 -0.169827 -1.35963)
(-75.8817 0.169827 -1.35963)
(-75.5874 0.39349 -1.33425)
(-74.7476 0.359193 -1.26471)
(-72.8674 0.126095 -1.09728)
(-85.19 0.0993485 -3.11978)
(-86.4437 0.00619784 -3.23931)
(-87.2197 -0.0869833 -3.31427)
(-87.5454 -0.0520656 -3.34698)
(-87.5454 0.0520656 -3.34698)
(-87.2197 0.0869833 -3.31427)
(-86.4437 -0.00619783 -3.23931)
(-85.19 -0.0993485 -3.11978)
(-96.3032 0.258924 -5.32621)
(-97.0298 0.244881 -5.39276)
(-97.6085 0.117067 -5.45286)
(-97.8871 0.0279474 -5.48361)
(-97.8871 -0.0279474 -5.48361)
(-97.6085 -0.117067 -5.45286)
(-97.0298 -0.244881 -5.39276)
(-96.3032 -0.258924 -5.32621)
(-106.174 0.371253 -7.65203)
(-106.488 0.400855 -7.667)
(-106.847 0.250055 -7.70252)
(-107.043 0.0803903 -7.72461)
(-107.043 -0.0803903 -7.72461)
(-106.847 -0.250055 -7.70252)
(-106.488 -0.400855 -7.667)
(-106.174 -0.371253 -7.65203)
(-114.841 0.450945 -10.0442)
(-114.852 0.505298 -10.0134)
(-115.018 0.337681 -10.0219)
(-115.129 0.114792 -10.0322)
(-115.129 -0.114792 -10.0322)
(-115.018 -0.337681 -10.0219)
(-114.852 -0.505298 -10.0134)
(-114.841 -0.450945 -10.0442)
(-122.367 0.508811 -12.4584)
(-122.172 0.578762 -12.3898)
(-122.188 0.397894 -12.3733)
(-122.224 0.13816 -12.3714)
(-122.224 -0.13816 -12.3714)
(-122.188 -0.397894 -12.3733)
(-122.172 -0.578762 -12.3898)
(-122.367 -0.508811 -12.4584)
(-128.827 0.552174 -14.8575)
(-128.501 0.633926 -14.7596)
(-128.411 0.442091 -14.722)
(-128.39 0.155056 -14.7092)
(-128.39 -0.155056 -14.7092)
(-128.411 -0.442091 -14.722)
(-128.501 -0.633926 -14.7596)
(-128.827 -0.552174 -14.8575)
(-134.3 0.585674 -17.2107)
(-133.9 0.678132 -17.0916)
(-133.741 0.476985 -17.0376)
(-133.68 0.168212 -17.0158)
(-133.68 -0.168212 -17.0158)
(-133.741 -0.476985 -17.0376)
(-133.9 -0.678132 -17.0916)
(-134.3 -0.585674 -17.2107)
(-138.859 0.612148 -19.4926)
(-138.428 0.715392 -19.3592)
(-138.228 0.506277 -19.2932)
(-138.143 0.179152 -19.2646)
(-138.143 -0.179152 -19.2646)
(-138.228 -0.506277 -19.2932)
(-138.428 -0.715393 -19.3592)
(-138.859 -0.612148 -19.4926)
(-142.578 0.633306 -21.682)
(-142.143 0.747791 -21.5402)
(-141.925 0.531879 -21.4662)
(-141.825 0.188675 -21.4329)
(-141.825 -0.188675 -21.4329)
(-141.925 -0.531879 -21.4662)
(-142.143 -0.747791 -21.5402)
(-142.578 -0.633306 -21.682)
(-145.522 0.650198 -23.7616)
(-145.102 0.776361 -23.616)
(-144.88 0.554721 -23.5374)
(-144.776 0.197172 -23.5009)
(-144.776 -0.197172 -23.5009)
(-144.88 -0.554721 -23.5374)
(-145.102 -0.776361 -23.616)
(-145.522 -0.650198 -23.7616)
(-147.752 0.6635 -25.717)
(-147.36 0.801611 -25.5715)
(-147.145 0.575228 -25.4908)
(-147.041 0.204822 -25.4527)
(-147.041 -0.204822 -25.4527)
(-147.145 -0.575228 -25.4908)
(-147.36 -0.801611 -25.5715)
(-147.752 -0.6635 -25.717)
(-149.324 0.673673 -27.5368)
(-148.969 0.823809 -27.3943)
(-148.767 0.593595 -27.3136)
(-148.667 0.211705 -27.275)
(-148.667 -0.211705 -27.275)
(-148.767 -0.593595 -27.3136)
(-148.969 -0.823809 -27.3943)
(-149.324 -0.673673 -27.5368)
(-150.291 0.681066 -29.212)
(-149.976 0.843127 -29.0748)
(-149.792 0.609925 -28.9958)
(-149.699 0.21786 -28.9576)
(-149.699 -0.21786 -28.9576)
(-149.792 -0.609925 -28.9958)
(-149.976 -0.843127 -29.0748)
(-150.291 -0.681066 -29.212)
(-150.702 0.685956 -30.7359)
(-150.43 0.859703 -30.6059)
(-150.266 0.624292 -30.5297)
(-150.182 0.223314 -30.4925)
(-150.182 -0.223314 -30.4925)
(-150.266 -0.624292 -30.5297)
(-150.43 -0.859703 -30.6059)
(-150.702 -0.685956 -30.7359)
(-150.601 0.688579 -32.1036)
(-150.374 0.87367 -31.9822)
(-150.232 0.636767 -31.9099)
(-150.156 0.228088 -31.8742)
(-150.156 -0.228088 -31.8742)
(-150.232 -0.636767 -31.9099)
(-150.374 -0.87367 -31.9822)
(-150.601 -0.688579 -32.1036)
(-150.033 0.68914 -33.3122)
(-149.85 0.885156 -33.2005)
(-149.729 0.647423 -33.1328)
(-149.664 0.232208 -33.0989)
(-149.664 -0.232208 -33.0989)
(-149.729 -0.647423 -33.1328)
(-149.85 -0.885156 -33.2005)
(-150.033 -0.68914 -33.3122)
(-149.036 0.687823 -34.3603)
(-148.897 0.894287 -34.2592)
(-148.798 0.656338 -34.1966)
(-148.742 0.2357 -34.165)
(-148.742 -0.2357 -34.165)
(-148.798 -0.656338 -34.1966)
(-148.897 -0.894287 -34.2592)
(-149.036 -0.687823 -34.3603)
(-147.65 0.684792 -35.2481)
(-147.552 0.901189 -35.1583)
(-147.475 0.663588 -35.1012)
(-147.429 0.238588 -35.072)
(-147.429 -0.238588 -35.072)
(-147.475 -0.663588 -35.1012)
(-147.552 -0.901189 -35.1583)
(-147.65 -0.684792 -35.2481)
(-145.908 0.680199 -35.977)
(-145.852 0.905979 -35.8989)
(-145.795 0.669249 -35.8476)
(-145.758 0.240901 -35.821)
(-145.758 -0.240901 -35.821)
(-145.795 -0.66925 -35.8476)
(-145.852 -0.905979 -35.8989)
(-145.908 -0.680199 -35.977)
(-143.847 0.674181 -36.5496)
(-143.828 0.908771 -36.4835)
(-143.792 0.673396 -36.4382)
(-143.764 0.242662 -36.4143)
(-143.764 -0.242662 -36.4143)
(-143.792 -0.673396 -36.4382)
(-143.828 -0.908771 -36.4835)
(-143.847 -0.674181 -36.5496)
(-141.496 0.666871 -36.9695)
(-141.514 0.909675 -36.9156)
(-141.496 0.676101 -36.8764)
(-141.477 0.243897 -36.8552)
(-141.477 -0.243897 -36.8552)
(-141.496 -0.676101 -36.8764)
(-141.514 -0.909675 -36.9156)
(-141.496 -0.666871 -36.9695)
(-138.886 0.658388 -37.2412)
(-138.939 0.908798 -37.1994)
(-138.939 0.677433 -37.1664)
(-138.928 0.24463 -37.1479)
(-138.928 -0.24463 -37.1479)
(-138.939 -0.677433 -37.1664)
(-138.939 -0.908798 -37.1994)
(-138.886 -0.658388 -37.2412)
(-136.046 0.648849 -37.3698)
(-136.131 0.906241 -37.3401)
(-136.147 0.677461 -37.3132)
(-136.145 0.244885 -37.2975)
(-136.145 -0.244885 -37.2975)
(-136.147 -0.677461 -37.3132)
(-136.131 -0.906241 -37.3401)
(-136.046 -0.648849 -37.3698)
(-133.002 0.638363 -37.3614)
(-133.117 0.902106 -37.3434)
(-133.148 0.676253 -37.3225)
(-133.153 0.244686 -37.3096)
(-133.153 -0.244686 -37.3096)
(-133.148 -0.676253 -37.3225)
(-133.117 -0.902106 -37.3434)
(-133.002 -0.638363 -37.3614)
(-129.779 0.627032 -37.2222)
(-129.921 0.896489 -37.2156)
(-129.967 0.673875 -37.2006)
(-129.978 0.244055 -37.1903)
(-129.978 -0.244055 -37.1903)
(-129.967 -0.673875 -37.2006)
(-129.921 -0.896489 -37.2156)
(-129.779 -0.627032 -37.2222)
(-126.4 0.614955 -36.959)
(-126.567 0.889488 -36.9634)
(-126.626 0.670393 -36.954)
(-126.643 0.243016 -36.9464)
(-126.643 -0.243016 -36.9464)
(-126.626 -0.670393 -36.954)
(-126.567 -0.889488 -36.9634)
(-126.4 -0.614955 -36.959)
(-122.888 0.602225 -36.579)
(-123.077 0.881196 -36.5938)
(-123.148 0.665871 -36.5899)
(-123.171 0.241591 -36.5848)
(-123.171 -0.241591 -36.5848)
(-123.148 -0.665871 -36.5899)
(-123.077 -0.881196 -36.5938)
(-122.888 -0.602225 -36.579)
(-119.264 0.588929 -36.0895)
(-119.472 0.871702 -36.1142)
(-119.554 0.660371 -36.1154)
(-119.582 0.239802 -36.1127)
(-119.582 -0.239802 -36.1127)
(-119.554 -0.660371 -36.1154)
(-119.472 -0.871702 -36.1142)
(-119.264 -0.588929 -36.0895)
(-115.546 0.575151 -35.4981)
(-115.772 0.861094 -35.5319)
(-115.862 0.653956 -35.538)
(-115.895 0.237671 -35.5376)
(-115.895 -0.237671 -35.5376)
(-115.862 -0.653956 -35.538)
(-115.772 -0.861094 -35.5319)
(-115.546 -0.575151 -35.4981)
(-111.752 0.560966 -34.8123)
(-111.993 0.849456 -34.8547)
(-112.092 0.646683 -34.8653)
(-112.128 0.235219 -34.867)
(-112.128 -0.235219 -34.867)
(-112.092 -0.646683 -34.8653)
(-111.993 -0.849456 -34.8547)
(-111.752 -0.560966 -34.8123)
(-107.9 0.546447 -34.0398)
(-108.153 0.836869 -34.09)
(-108.259 0.638613 -34.1048)
(-108.299 0.232468 -34.1086)
(-108.299 -0.232468 -34.1086)
(-108.259 -0.638613 -34.1048)
(-108.153 -0.836869 -34.09)
(-107.9 -0.546447 -34.0398)
(-104.004 0.531663 -33.1884)
(-104.268 0.823411 -33.2456)
(-104.38 0.6298 -33.2642)
(-104.423 0.229436 -33.2698)
(-104.423 -0.229436 -33.2698)
(-104.38 -0.6298 -33.2642)
(-104.268 -0.823411 -33.2456)
(-104.004 -0.531663 -33.1884)
(-100.081 0.516674 -32.2655)
(-100.352 0.809155 -32.329)
(-100.469 0.620297 -32.3511)
(-100.515 0.226143 -32.3583)
(-100.515 -0.226143 -32.3583)
(-100.469 -0.620297 -32.3511)
(-100.352 -0.809155 -32.329)
(-100.081 -0.516674 -32.2655)
(-96.1417 0.501538 -31.2787)
(-96.4195 0.794171 -31.3477)
(-96.5396 0.610157 -31.3728)
(-96.5875 0.222607 -31.3816)
(-96.5875 -0.222607 -31.3816)
(-96.5396 -0.610157 -31.3728)
(-96.4195 -0.794172 -31.3477)
(-96.1417 -0.501538 -31.2787)
(-92.2003 0.486308 -30.2353)
(-92.4822 0.778526 -30.309)
(-92.6051 0.599427 -30.3368)
(-92.6546 0.218846 -30.3469)
(-92.6546 -0.218846 -30.3469)
(-92.6051 -0.599427 -30.3368)
(-92.4822 -0.778526 -30.309)
(-92.2003 -0.486308 -30.2353)
(-88.2681 0.471031 -29.1425)
(-88.5521 0.76228 -29.2201)
(-88.6768 0.588155 -29.2502)
(-88.7275 0.214877 -29.2615)
(-88.7275 -0.214877 -29.2615)
(-88.6768 -0.588155 -29.2502)
(-88.5521 -0.76228 -29.2201)
(-88.2681 -0.471031 -29.1425)
(-84.3558 0.455751 -28.0073)
(-84.6401 0.745494 -28.088)
(-84.7657 0.576383 -28.1201)
(-84.8172 0.210716 -28.1324)
(-84.8172 -0.210716 -28.1324)
(-84.7657 -0.576383 -28.1201)
(-84.6401 -0.745494 -28.088)
(-84.3558 -0.455751 -28.0073)
(-80.4732 0.440508 -26.8364)
(-80.7562 0.728222 -26.9196)
(-80.8819 0.564154 -26.9532)
(-80.9338 0.206377 -26.9663)
(-80.9338 -0.206377 -26.9663)
(-80.8819 -0.564154 -26.9532)
(-80.7562 -0.728223 -26.9196)
(-80.4732 -0.440508 -26.8364)
(-76.6296 0.425337 -25.6364)
(-76.9096 0.710517 -25.7212)
(-77.0347 0.551508 -25.7561)
(-77.0866 0.201876 -25.7698)
(-77.0866 -0.201877 -25.7698)
(-77.0347 -0.551508 -25.7561)
(-76.9096 -0.710517 -25.7212)
(-76.6296 -0.425337 -25.6364)
(-72.8334 0.41027 -24.4136)
(-73.109 0.692427 -24.4994)
(-73.2326 0.538482 -24.535)
(-73.2843 0.197227 -24.5493)
(-73.2843 -0.197227 -24.5493)
(-73.2326 -0.538482 -24.535)
(-73.109 -0.692427 -24.4994)
(-72.8334 -0.41027 -24.4136)
(-69.0923 0.395333 -23.174)
(-69.3621 0.673997 -23.26)
(-69.4836 0.525111 -23.2962)
(-69.5347 0.192441 -23.3108)
(-69.5347 -0.192441 -23.3108)
(-69.4836 -0.525111 -23.2962)
(-69.3621 -0.673997 -23.26)
(-69.0923 -0.395333 -23.174)
(-65.4134 0.380553 -21.9233)
(-65.6762 0.65527 -22.0089)
(-65.7949 0.511429 -22.0452)
(-65.8451 0.187532 -22.0601)
(-65.8451 -0.187532 -22.0601)
(-65.7949 -0.511429 -22.0452)
(-65.6762 -0.65527 -22.0089)
(-65.4134 -0.380553 -21.9233)
(-61.8033 0.36595 -20.6669)
(-62.0579 0.636284 -20.7515)
(-62.1733 0.497467 -20.7877)
(-62.2223 0.18251 -20.8027)
(-62.2223 -0.18251 -20.8027)
(-62.1733 -0.497467 -20.7877)
(-62.0579 -0.636284 -20.7515)
(-61.8033 -0.36595 -20.6669)
(-58.2678 0.351542 -19.4102)
(-58.5132 0.617077 -19.4931)
(-58.6248 0.483253 -19.5289)
(-58.6724 0.177388 -19.5438)
(-58.6724 -0.177388 -19.5438)
(-58.6248 -0.483253 -19.5289)
(-58.5132 -0.617077 -19.4931)
(-58.2678 -0.351542 -19.4102)
(-54.8125 0.337344 -18.1578)
(-55.0478 0.597681 -18.2386)
(-55.155 0.468817 -18.2737)
(-55.201 0.172174 -18.2885)
(-55.201 -0.172174 -18.2885)
(-55.155 -0.468817 -18.2737)
(-55.0478 -0.597681 -18.2386)
(-54.8125 -0.337344 -18.1578)
(-51.4423 0.32337 -16.9145)
(-51.6665 0.578129 -16.9927)
(-51.769 0.454182 -17.0269)
(-51.8132 0.166879 -17.0413)
(-51.8132 -0.166879 -17.0413)
(-51.769 -0.454182 -17.0269)
(-51.6665 -0.578129 -16.9927)
(-51.4423 -0.32337 -16.9145)
(-48.1616 0.309627 -15.6845)
(-48.3741 0.558447 -15.7596)
(-48.4714 0.439374 -15.7926)
(-48.5136 0.161512 -15.8067)
(-48.5136 -0.161512 -15.8067)
(-48.4714 -0.439374 -15.7926)
(-48.3741 -0.558447 -15.7596)
(-48.1616 -0.309627 -15.6845)
(-44.9745 0.296125 -14.472)
(-45.1746 0.538663 -14.5436)
(-45.2665 0.424413 -14.5752)
(-45.3066 0.15608 -14.5887)
(-45.3066 -0.15608 -14.5887)
(-45.2665 -0.424414 -14.5752)
(-45.1746 -0.538663 -14.5435)
(-44.9745 -0.296125 -14.472)
(-41.8847 0.282868 -13.2806)
(-42.0718 0.5188 -13.3482)
(-42.158 0.409323 -13.3783)
(-42.1958 0.150593 -13.3913)
(-42.1958 -0.150593 -13.3913)
(-42.158 -0.409323 -13.3783)
(-42.0718 -0.5188 -13.3482)
(-41.8847 -0.282868 -13.2806)
(-38.8954 0.269859 -12.1137)
(-39.0692 0.498881 -12.1772)
(-39.1493 0.39412 -12.2055)
(-39.1847 0.145057 -12.2178)
(-39.1847 -0.145057 -12.2178)
(-39.1493 -0.39412 -12.2055)
(-39.0692 -0.498881 -12.1772)
(-38.8954 -0.269859 -12.1137)
(-36.0096 0.257101 -10.9748)
(-36.1696 0.478925 -11.0337)
(-36.2436 0.378825 -11.0601)
(-36.2765 0.139479 -11.0717)
(-36.2765 -0.139479 -11.0717)
(-36.2436 -0.378825 -11.0601)
(-36.1696 -0.478925 -11.0337)
(-36.0096 -0.257101 -10.9748)
(-33.2298 0.244591 -9.86657)
(-33.3758 0.45895 -9.92077)
(-33.4435 0.363452 -9.94512)
(-33.4738 0.133865 -9.95593)
(-33.4738 -0.133865 -9.95593)
(-33.4435 -0.363452 -9.94512)
(-33.3758 -0.45895 -9.92077)
(-33.2298 -0.244591 -9.86657)
(-30.5584 0.232329 -8.79185)
(-30.6902 0.438972 -8.84109)
(-30.7515 0.348017 -8.8633)
(-30.7791 0.128222 -8.87326)
(-30.7791 -0.128222 -8.87326)
(-30.7515 -0.348017 -8.8633)
(-30.6902 -0.438973 -8.84109)
(-30.5584 -0.232329 -8.79185)
(-27.9975 0.220311 -7.75306)
(-28.1149 0.419006 -7.79718)
(-28.1697 0.332534 -7.81714)
(-28.1946 0.122555 -7.82621)
(-28.1946 -0.122555 -7.82621)
(-28.1697 -0.332534 -7.81714)
(-28.1149 -0.419006 -7.79718)
(-27.9975 -0.220311 -7.75306)
(-25.5487 0.208531 -6.75243)
(-25.6518 0.399064 -6.79128)
(-25.7 0.317015 -6.80894)
(-25.7222 0.116868 -6.81707)
(-25.7222 -0.116868 -6.81707)
(-25.7 -0.317015 -6.80894)
(-25.6518 -0.399064 -6.79128)
(-25.5487 -0.208531 -6.75243)
(-23.2137 0.196984 -5.79194)
(-23.3024 0.379156 -5.82545)
(-23.344 0.301472 -5.84073)
(-23.3635 0.111165 -5.8479)
(-23.3635 -0.111165 -5.8479)
(-23.344 -0.301472 -5.84073)
(-23.3024 -0.379156 -5.82545)
(-23.2137 -0.196984 -5.79194)
(-20.9937 0.185661 -4.87338)
(-21.0681 0.359291 -4.90148)
(-21.1032 0.285913 -4.91435)
(-21.12 0.105452 -4.92054)
(-21.12 -0.105452 -4.92054)
(-21.1032 -0.285913 -4.91435)
(-21.0681 -0.359291 -4.90148)
(-20.9937 -0.185661 -4.87338)
(-18.8899 0.174554 -3.99832)
(-18.9501 0.339474 -4.02099)
(-18.9787 0.270346 -4.03143)
(-18.9928 0.0997298 -4.03661)
(-18.9928 -0.0997298 -4.03661)
(-18.9787 -0.270346 -4.03143)
(-18.9501 -0.339474 -4.02099)
(-18.8899 -0.174554 -3.99832)
(-16.9031 0.163649 -3.16815)
(-16.9494 0.319707 -3.18539)
(-16.9716 0.254774 -3.19339)
(-16.983 0.0940007 -3.19756)
(-16.983 -0.0940007 -3.19756)
(-16.9716 -0.254774 -3.19339)
(-16.9494 -0.319707 -3.18539)
(-16.9031 -0.163649 -3.16815)
(-15.0341 0.152936 -2.38405)
(-15.0668 0.299988 -2.3959)
(-15.0826 0.239196 -2.40146)
(-15.0914 0.0882638 -2.40464)
(-15.0914 -0.0882638 -2.40464)
(-15.0826 -0.239196 -2.40146)
(-15.0668 -0.299988 -2.3959)
(-15.0341 -0.152936 -2.38404)
(-13.2835 0.142398 -1.64705)
(-13.3028 0.280307 -1.65357)
(-13.3125 0.223604 -1.65675)
(-13.3188 0.0825159 -1.65894)
(-13.3188 -0.082516 -1.65894)
(-13.3125 -0.223604 -1.65675)
(-13.3028 -0.280307 -1.65357)
(-13.2835 -0.142398 -1.64705)
(-11.6518 0.132011 -0.958014)
(-11.658 0.260641 -0.959315)
(-11.6618 0.207981 -0.960148)
(-11.6656 0.0767506 -0.961387)
(-11.6656 -0.0767506 -0.961386)
(-11.6618 -0.207981 -0.960147)
(-11.658 -0.260641 -0.959315)
(-11.6518 -0.132011 -0.958014)
(-10.1391 0.121746 -0.317649)
(-10.1327 0.240949 -0.313862)
(-10.1309 0.192292 -0.312446)
(-10.1324 0.0709549 -0.31278)
(-10.1324 -0.0709548 -0.31278)
(-10.1309 -0.192292 -0.312445)
(-10.1327 -0.240949 -0.313861)
(-10.1391 -0.121746 -0.317648)
(-8.74561 0.11156 0.273485)
(-8.72722 0.221163 0.282175)
(-8.72016 0.176483 0.2857)
(-8.71958 0.0651075 0.286192)
(-8.71958 -0.0651074 0.286192)
(-8.72016 -0.176483 0.2857)
(-8.72722 -0.221163 0.282176)
(-8.74561 -0.11156 0.273486)
(-7.47142 0.101394 0.814959)
(-7.44169 0.201181 0.828296)
(-7.4299 0.160469 0.833722)
(-7.42754 0.0591775 0.834924)
(-7.42754 -0.0591773 0.834924)
(-7.4299 -0.160469 0.833722)
(-7.44169 -0.201182 0.828296)
(-7.47142 -0.101394 0.814959)
(-6.31641 0.0911634 1.30646)
(-6.27627 0.180855 1.32408)
(-6.26052 0.144133 1.33111)
(-6.25678 0.053122 1.33285)
(-6.25678 -0.0531218 1.33285)
(-6.26052 -0.144133 1.33111)
(-6.27627 -0.180855 1.32408)
(-6.31641 -0.0911635 1.30646)
(-5.2805 0.0807557 1.74775)
(-5.23123 0.159982 1.76914)
(-5.21255 0.127325 1.77734)
(-5.20801 0.0468887 1.77939)
(-5.20801 -0.0468887 1.77939)
(-5.21255 -0.127325 1.77734)
(-5.23123 -0.159982 1.76914)
(-5.2805 -0.0807556 1.74775)
(-4.3637 0.0700248 2.13861)
(-4.3071 0.138321 2.16302)
(-4.2869 0.109883 2.17181)
(-4.28225 0.0404259 2.17387)
(-4.28225 -0.040426 2.17387)
(-4.2869 -0.109883 2.17181)
(-4.3071 -0.138321 2.16302)
(-4.3637 -0.0700247 2.13861)
(-3.56643 0.0588041 2.4787)
(-3.50501 0.115638 2.50508)
(-3.48504 0.0916921 2.51372)
(-3.4811 0.033706 2.51546)
(-3.4811 -0.0337063 2.51546)
(-3.48504 -0.0916923 2.51372)
(-3.50501 -0.115638 2.50508)
(-3.56643 -0.058804 2.4787)
(-2.89002 0.0469554 2.76733)
(-2.82721 0.0918513 2.79425)
(-2.80946 0.0728009 2.8019)
(-2.80699 0.0267709 2.80299)
(-2.80699 -0.0267711 2.80299)
(-2.80945 -0.072801 2.8019)
(-2.82721 -0.0918513 2.79425)
(-2.89002 -0.0469554 2.76733)
(-2.33761 0.034508 3.0031)
(-2.27773 0.0673118 3.02872)
(-2.26397 0.0536325 3.03464)
(-2.26345 0.0198001 3.03488)
(-2.26346 -0.0198002 3.03488)
(-2.26397 -0.0536324 3.03464)
(-2.27772 -0.0673119 3.02872)
(-2.33761 -0.0345081 3.00311)
(-1.91577 0.0219768 3.18318)
(-1.8633 0.0432957 3.20559)
(-1.85452 0.0352538 3.20936)
(-1.85588 0.0131848 3.2088)
(-1.85588 -0.0131847 3.2088)
(-1.85452 -0.0352536 3.20936)
(-1.8633 -0.0432959 3.20559)
(-1.91576 -0.021977 3.18318)
(-1.6345 0.0107821 3.30327)
(-1.5936 0.022478 3.32072)
(-1.58987 0.0194591 3.32233)
(-1.59244 0.00751811 3.32124)
(-1.59244 -0.00751791 3.32124)
(-1.58987 -0.019459 3.32233)
(-1.5936 -0.0224781 3.32072)
(-1.6345 -0.0107822 3.30327)
(-1.50326 0.00261423 3.35934)
(-1.47711 0.0079619 3.3705)
(-1.47748 0.00813007 3.37035)
(-1.4801 0.00337842 3.36924)
(-1.48009 -0.00337792 3.36924)
(-1.47748 -0.00813002 3.37035)
(-1.47711 -0.00796207 3.3705)
(-1.50326 -0.00261443 3.35934)
(-1.50503 -0.00149531 3.35865)
(-1.4921 0.00129698 3.36417)
(-1.4917 0.0020392 3.36434)
(-1.4921 0.000939161 3.36418)
(-1.4921 -0.000938904 3.36418)
(-1.4917 -0.00203919 3.36434)
(-1.4921 -0.00129704 3.36417)
(-1.50503 0.00149524 3.35865)
)
;
    }
}


// ************************************************************************* //
