/*--------------------------------*- C++ -*----------------------------------*\
| =========                 |                                                 |
| \\      /  F ield         | foam-extend: Open Source CFD                    |
|  \\    /   O peration     | Version:     4.1                                |
|   \\  /    A nd           | Web:         http://www.foam-extend.org         |
|    \\/     M anipulation  |                                                 |
\*---------------------------------------------------------------------------*/
FoamFile
{
    version     2.0;
    format      ascii;
    class       volScalarField;
    location    "0.196";
    object      Dp;
}
// * * * * * * * * * * * * * * * * * * * * * * * * * * * * * * * * * * * * * //

dimensions      [1 -1 -2 0 0 0 0];

internalField   nonuniform List<scalar> 
5120
(
-0.048145
-0.0382112
-0.0369186
-0.0364113
-0.0360429
-0.0356751
-0.0352451
-0.0347414
-0.034173
-0.0335536
-0.0328961
-0.0322116
-0.0315092
-0.0307954
-0.0300752
-0.0293521
-0.0286288
-0.0279069
-0.0271876
-0.026472
-0.0257607
-0.0250541
-0.0243527
-0.0236568
-0.0229667
-0.0222826
-0.0216047
-0.0209333
-0.0202686
-0.0196108
-0.01896
-0.0183165
-0.0176804
-0.017052
-0.0164313
-0.0158186
-0.0152141
-0.0146179
-0.0140302
-0.0134512
-0.0128812
-0.0123201
-0.0117684
-0.0112261
-0.0106935
-0.0101708
-0.00965814
-0.00915577
-0.0086639
-0.00818276
-0.00771256
-0.00725354
-0.00680592
-0.00636995
-0.00594586
-0.0055339
-0.00513432
-0.00474738
-0.00437333
-0.00401242
-0.00366494
-0.00333115
-0.00301131
-0.00270572
-0.00241464
-0.00213835
-0.00187715
-0.0016313
-0.00140108
-0.00118677
-0.00098863
-0.000806899
-0.000641822
-0.000493644
-0.000362649
-0.000249272
-0.000154126
-7.94698e-05
-2.25576e-05
1.02316e-05
-0.0498459
-0.0398773
-0.0382275
-0.0373899
-0.0366128
-0.0359288
-0.0352808
-0.0346317
-0.0339703
-0.0332944
-0.0326051
-0.031905
-0.0311972
-0.0304847
-0.0297696
-0.0290541
-0.0283395
-0.0276269
-0.0269173
-0.0262112
-0.0255092
-0.0248117
-0.024119
-0.0234315
-0.0227494
-0.022073
-0.0214025
-0.0207381
-0.0200801
-0.0194287
-0.018784
-0.0181464
-0.017516
-0.0168929
-0.0162775
-0.0156698
-0.0150702
-0.0144787
-0.0138955
-0.013321
-0.0127552
-0.0121983
-0.0116506
-0.0111123
-0.0105835
-0.0100645
-0.00955552
-0.00905671
-0.00856831
-0.00809055
-0.00762365
-0.00716785
-0.00672338
-0.00629047
-0.00586937
-0.00546033
-0.00506359
-0.00467941
-0.00430805
-0.00394977
-0.00360484
-0.00327352
-0.0029561
-0.00265284
-0.00236403
-0.00208995
-0.00183088
-0.00158711
-0.00135892
-0.00114661
-0.000950462
-0.000770787
-0.000607918
-0.000462255
-0.000334309
-0.000224808
-0.000134804
-6.69221e-05
-1.62427e-05
1.31597e-05
-0.0518732
-0.0405791
-0.0389131
-0.038039
-0.0371435
-0.0363232
-0.0355563
-0.0348143
-0.0340849
-0.0333617
-0.0326406
-0.0319201
-0.0311997
-0.0304796
-0.0297605
-0.029043
-0.0283278
-0.0276156
-0.0269067
-0.0262017
-0.0255009
-0.0248047
-0.0241132
-0.0234269
-0.022746
-0.0220706
-0.0214011
-0.0207377
-0.0200805
-0.0194298
-0.0187859
-0.0181489
-0.0175189
-0.0168964
-0.0162813
-0.015674
-0.0150745
-0.0144832
-0.0139003
-0.0133258
-0.01276
-0.0122032
-0.0116555
-0.011117
-0.0105881
-0.010069
-0.00955977
-0.00906072
-0.00857206
-0.00809401
-0.00762679
-0.00717064
-0.00672579
-0.00629248
-0.00587096
-0.00546147
-0.00506427
-0.00467961
-0.00430775
-0.00394895
-0.00360349
-0.00327162
-0.00295364
-0.0026498
-0.00236041
-0.00208574
-0.00182607
-0.00158171
-0.00135294
-0.00114007
-0.000943431
-0.00076336
-0.000600259
-0.000454612
-0.000327026
-0.000218332
-0.000129706
-6.35492e-05
-1.4381e-05
1.45662e-05
-0.0528382
-0.0408184
-0.0391459
-0.0382832
-0.0373654
-0.0365031
-0.0356908
-0.0349083
-0.0341465
-0.0333991
-0.0326612
-0.0319292
-0.0312014
-0.0304768
-0.029755
-0.0290362
-0.0283205
-0.0276082
-0.0268996
-0.026195
-0.0254947
-0.024799
-0.0241082
-0.0234225
-0.0227421
-0.0220673
-0.0213982
-0.0207352
-0.0200785
-0.0194282
-0.0187846
-0.0181479
-0.0175182
-0.0168959
-0.016281
-0.0156739
-0.0150746
-0.0144835
-0.0139006
-0.0133262
-0.0127605
-0.0122037
-0.011656
-0.0111176
-0.0105887
-0.0100695
-0.00956028
-0.00906118
-0.00857245
-0.00809432
-0.00762701
-0.00717075
-0.00672579
-0.00629235
-0.0058707
-0.00546106
-0.0050637
-0.00467887
-0.00430684
-0.00394786
-0.0036022
-0.00327013
-0.00295194
-0.00264789
-0.00235828
-0.00208338
-0.00182349
-0.0015789
-0.00134991
-0.00113685
-0.000940043
-0.000759867
-0.000596746
-0.000451199
-0.00032386
-0.000215576
-0.000127525
-6.1948e-05
-1.31047e-05
1.58718e-05
-0.0528382
-0.0408184
-0.0391459
-0.0382832
-0.0373654
-0.0365031
-0.0356908
-0.0349083
-0.0341465
-0.0333991
-0.0326612
-0.0319292
-0.0312014
-0.0304768
-0.029755
-0.0290362
-0.0283205
-0.0276082
-0.0268996
-0.026195
-0.0254947
-0.024799
-0.0241082
-0.0234225
-0.0227421
-0.0220673
-0.0213982
-0.0207352
-0.0200785
-0.0194282
-0.0187846
-0.0181479
-0.0175182
-0.0168959
-0.016281
-0.0156739
-0.0150746
-0.0144835
-0.0139006
-0.0133262
-0.0127605
-0.0122037
-0.011656
-0.0111176
-0.0105887
-0.0100695
-0.00956028
-0.00906118
-0.00857245
-0.00809432
-0.00762701
-0.00717075
-0.00672579
-0.00629235
-0.0058707
-0.00546106
-0.0050637
-0.00467887
-0.00430684
-0.00394786
-0.0036022
-0.00327013
-0.00295194
-0.00264789
-0.00235828
-0.00208338
-0.00182349
-0.0015789
-0.00134991
-0.00113685
-0.000940043
-0.000759867
-0.000596747
-0.000451199
-0.00032386
-0.000215576
-0.000127526
-6.19485e-05
-1.31043e-05
1.58717e-05
-0.0518732
-0.0405791
-0.0389131
-0.038039
-0.0371435
-0.0363232
-0.0355563
-0.0348143
-0.0340849
-0.0333617
-0.0326406
-0.0319201
-0.0311997
-0.0304796
-0.0297605
-0.029043
-0.0283278
-0.0276156
-0.0269067
-0.0262017
-0.0255009
-0.0248047
-0.0241132
-0.0234269
-0.022746
-0.0220706
-0.0214011
-0.0207377
-0.0200805
-0.0194298
-0.0187859
-0.0181489
-0.0175189
-0.0168964
-0.0162813
-0.015674
-0.0150745
-0.0144832
-0.0139003
-0.0133258
-0.01276
-0.0122032
-0.0116555
-0.011117
-0.0105881
-0.010069
-0.00955977
-0.00906072
-0.00857206
-0.00809401
-0.00762679
-0.00717064
-0.00672579
-0.00629248
-0.00587096
-0.00546147
-0.00506427
-0.00467961
-0.00430775
-0.00394895
-0.00360349
-0.00327162
-0.00295364
-0.00264981
-0.00236041
-0.00208574
-0.00182607
-0.00158171
-0.00135294
-0.00114007
-0.00094343
-0.00076336
-0.000600259
-0.000454612
-0.000327026
-0.000218332
-0.000129707
-6.35493e-05
-1.43812e-05
1.45686e-05
-0.0498459
-0.0398773
-0.0382275
-0.0373899
-0.0366128
-0.0359288
-0.0352808
-0.0346317
-0.0339703
-0.0332944
-0.0326051
-0.031905
-0.0311972
-0.0304847
-0.0297696
-0.0290541
-0.0283395
-0.0276269
-0.0269173
-0.0262112
-0.0255092
-0.0248117
-0.024119
-0.0234315
-0.0227494
-0.022073
-0.0214025
-0.0207381
-0.0200801
-0.0194287
-0.018784
-0.0181464
-0.017516
-0.0168929
-0.0162775
-0.0156698
-0.0150702
-0.0144787
-0.0138955
-0.013321
-0.0127552
-0.0121983
-0.0116506
-0.0111123
-0.0105835
-0.0100645
-0.00955552
-0.00905671
-0.00856831
-0.00809055
-0.00762365
-0.00716785
-0.00672338
-0.00629047
-0.00586937
-0.00546033
-0.00506359
-0.00467941
-0.00430805
-0.00394977
-0.00360484
-0.00327352
-0.0029561
-0.00265284
-0.00236403
-0.00208995
-0.00183088
-0.00158711
-0.00135892
-0.00114661
-0.000950462
-0.000770787
-0.000607918
-0.000462255
-0.000334309
-0.000224809
-0.000134805
-6.69223e-05
-1.62431e-05
1.31604e-05
-0.048145
-0.0382112
-0.0369186
-0.0364113
-0.0360429
-0.0356751
-0.0352451
-0.0347414
-0.034173
-0.0335536
-0.0328961
-0.0322116
-0.0315092
-0.0307954
-0.0300752
-0.0293521
-0.0286288
-0.0279069
-0.0271876
-0.026472
-0.0257607
-0.0250541
-0.0243527
-0.0236568
-0.0229667
-0.0222826
-0.0216047
-0.0209333
-0.0202686
-0.0196108
-0.01896
-0.0183165
-0.0176804
-0.017052
-0.0164313
-0.0158186
-0.0152141
-0.0146179
-0.0140302
-0.0134512
-0.0128812
-0.0123201
-0.0117684
-0.0112261
-0.0106935
-0.0101708
-0.00965814
-0.00915577
-0.0086639
-0.00818276
-0.00771256
-0.00725354
-0.00680592
-0.00636995
-0.00594586
-0.0055339
-0.00513432
-0.00474738
-0.00437333
-0.00401243
-0.00366494
-0.00333115
-0.00301132
-0.00270572
-0.00241464
-0.00213835
-0.00187715
-0.0016313
-0.00140108
-0.00118677
-0.00098863
-0.0008069
-0.000641822
-0.000493643
-0.000362649
-0.000249272
-0.000154127
-7.94702e-05
-2.25575e-05
1.02336e-05
-0.0308541
-0.0238219
-0.0230104
-0.0227974
-0.0225177
-0.0222541
-0.0219862
-0.0216942
-0.0213757
-0.0210331
-0.0206703
-0.0202915
-0.0199004
-0.0195
-0.0190926
-0.01868
-0.0182637
-0.0178447
-0.0174238
-0.0170016
-0.0165787
-0.0161556
-0.0157326
-0.0153102
-0.0148886
-0.0144682
-0.0140493
-0.0136321
-0.0132169
-0.0128039
-0.0123935
-0.0119859
-0.0115812
-0.0111798
-0.0107818
-0.0103876
-0.00999723
-0.00961102
-0.00922917
-0.0088519
-0.00847943
-0.00811197
-0.00774975
-0.00739296
-0.00704184
-0.00669659
-0.00635742
-0.00602456
-0.00569822
-0.0053786
-0.00506594
-0.00476044
-0.00446232
-0.00417181
-0.00388911
-0.00361445
-0.00334805
-0.00309012
-0.00284091
-0.00260062
-0.00236948
-0.00214772
-0.00193557
-0.00173325
-0.001541
-0.00135903
-0.00118758
-0.00102688
-0.000877132
-0.000738562
-0.000611362
-0.000495708
-0.000391742
-0.000299559
-0.000219182
-0.000150498
-9.34099e-05
-4.87516e-05
-1.23864e-05
3.2504e-05
-0.0367903
-0.0257515
-0.0233728
-0.022786
-0.0221763
-0.0216862
-0.0212875
-0.0209214
-0.0205654
-0.0202103
-0.0198514
-0.0194867
-0.0191161
-0.01874
-0.018359
-0.0179737
-0.017585
-0.0171933
-0.0167993
-0.0164033
-0.0160059
-0.0156074
-0.0152081
-0.0148084
-0.0144087
-0.0140093
-0.0136104
-0.0132124
-0.0128155
-0.0124201
-0.0120264
-0.0116347
-0.0112453
-0.0108584
-0.0104743
-0.0100932
-0.00971541
-0.00934118
-0.00897075
-0.00860437
-0.00824228
-0.00788471
-0.00753192
-0.00718414
-0.00684161
-0.00650456
-0.00617323
-0.00584786
-0.00552869
-0.00521594
-0.00490985
-0.00461066
-0.00431859
-0.0040339
-0.0037568
-0.00348754
-0.00322635
-0.00297347
-0.00272914
-0.00249358
-0.00226704
-0.00204976
-0.00184198
-0.00164392
-0.00145584
-0.00127797
-0.00111055
-0.00095381
-0.000807991
-0.000673324
-0.000550037
-0.000438357
-0.000338506
-0.000250712
-0.000175175
-0.00011198
-6.15731e-05
-2.53627e-05
5.29566e-06
4.19847e-05
-0.0398078
-0.0272983
-0.0240478
-0.0231379
-0.0223279
-0.0216925
-0.0211961
-0.0207658
-0.0203694
-0.0199909
-0.0196203
-0.0192522
-0.0188833
-0.0185123
-0.0181386
-0.0177618
-0.0173823
-0.0170001
-0.0166156
-0.0162291
-0.0158409
-0.0154513
-0.0150607
-0.0146694
-0.0142777
-0.0138858
-0.0134942
-0.0131031
-0.0127128
-0.0123235
-0.0119357
-0.0115495
-0.0111652
-0.0107832
-0.0104037
-0.0100269
-0.0096531
-0.00928262
-0.00891569
-0.00855256
-0.00819349
-0.00783873
-0.00748853
-0.00714314
-0.00680282
-0.00646781
-0.00613835
-0.0058147
-0.00549709
-0.00518577
-0.00488099
-0.00458298
-0.004292
-0.00400829
-0.00373208
-0.00346362
-0.00320316
-0.00295094
-0.0027072
-0.00247219
-0.00224615
-0.00202932
-0.00182195
-0.00162428
-0.00143656
-0.00125903
-0.00109193
-0.000935512
-0.000790019
-0.000655697
-0.000532801
-0.00042159
-0.000322339
-0.000235349
-0.000160914
-9.92512e-05
-5.10339e-05
-1.74055e-05
1.12184e-05
4.27458e-05
-0.0408804
-0.0277657
-0.0242778
-0.0232832
-0.0224005
-0.0217023
-0.0211597
-0.0206969
-0.0202789
-0.019887
-0.0195093
-0.0191382
-0.0187694
-0.0184003
-0.0180298
-0.017657
-0.0172819
-0.0169043
-0.0165245
-0.0161427
-0.0157591
-0.015374
-0.0149878
-0.0146006
-0.0142129
-0.0138249
-0.013437
-0.0130493
-0.0126623
-0.0122762
-0.0118913
-0.0115079
-0.0111263
-0.0107468
-0.0103695
-0.00999494
-0.00962323
-0.00925466
-0.00888952
-0.00852805
-0.00817053
-0.00781721
-0.00746835
-0.0071242
-0.00678501
-0.00645105
-0.00612256
-0.00579978
-0.00548298
-0.0051724
-0.00486829
-0.0045709
-0.00428047
-0.00399725
-0.0037215
-0.00345345
-0.00319335
-0.00294145
-0.00269801
-0.00246326
-0.00223745
-0.00202083
-0.00181364
-0.00161614
-0.00142857
-0.00125118
-0.00108422
-0.000927931
-0.000782572
-0.000648398
-0.000525675
-0.000414681
-0.000315715
-0.000229108
-0.000155177
-9.41674e-05
-4.68149e-05
-1.41109e-05
1.38133e-05
4.37145e-05
-0.0408804
-0.0277657
-0.0242778
-0.0232832
-0.0224005
-0.0217023
-0.0211597
-0.0206969
-0.0202789
-0.019887
-0.0195093
-0.0191382
-0.0187694
-0.0184003
-0.0180298
-0.017657
-0.0172819
-0.0169043
-0.0165245
-0.0161427
-0.0157591
-0.015374
-0.0149878
-0.0146006
-0.0142129
-0.0138249
-0.013437
-0.0130493
-0.0126623
-0.0122762
-0.0118913
-0.0115079
-0.0111263
-0.0107468
-0.0103695
-0.00999494
-0.00962323
-0.00925466
-0.00888952
-0.00852805
-0.00817053
-0.00781721
-0.00746835
-0.0071242
-0.00678501
-0.00645105
-0.00612256
-0.00579978
-0.00548298
-0.0051724
-0.00486829
-0.0045709
-0.00428047
-0.00399725
-0.0037215
-0.00345345
-0.00319335
-0.00294145
-0.00269801
-0.00246326
-0.00223745
-0.00202083
-0.00181364
-0.00161614
-0.00142857
-0.00125118
-0.00108422
-0.000927931
-0.000782572
-0.000648398
-0.000525675
-0.000414681
-0.000315716
-0.000229108
-0.000155177
-9.41673e-05
-4.6815e-05
-1.41109e-05
1.38133e-05
4.37143e-05
-0.0398078
-0.0272983
-0.0240478
-0.0231379
-0.0223279
-0.0216925
-0.0211961
-0.0207658
-0.0203694
-0.0199909
-0.0196203
-0.0192522
-0.0188833
-0.0185123
-0.0181386
-0.0177618
-0.0173823
-0.0170001
-0.0166156
-0.0162291
-0.0158409
-0.0154513
-0.0150607
-0.0146694
-0.0142777
-0.0138858
-0.0134942
-0.0131031
-0.0127128
-0.0123235
-0.0119357
-0.0115495
-0.0111652
-0.0107832
-0.0104037
-0.0100269
-0.0096531
-0.00928262
-0.00891569
-0.00855256
-0.00819349
-0.00783873
-0.00748853
-0.00714314
-0.00680282
-0.00646781
-0.00613835
-0.0058147
-0.00549709
-0.00518577
-0.00488099
-0.00458298
-0.004292
-0.00400829
-0.00373208
-0.00346362
-0.00320316
-0.00295094
-0.0027072
-0.00247219
-0.00224615
-0.00202932
-0.00182195
-0.00162428
-0.00143656
-0.00125903
-0.00109193
-0.000935512
-0.000790018
-0.000655697
-0.000532801
-0.00042159
-0.000322339
-0.000235349
-0.000160915
-9.92512e-05
-5.10337e-05
-1.74054e-05
1.12181e-05
4.27454e-05
-0.0367903
-0.0257515
-0.0233728
-0.022786
-0.0221763
-0.0216862
-0.0212875
-0.0209214
-0.0205654
-0.0202103
-0.0198514
-0.0194867
-0.0191161
-0.01874
-0.018359
-0.0179737
-0.017585
-0.0171933
-0.0167993
-0.0164033
-0.0160059
-0.0156074
-0.0152081
-0.0148084
-0.0144087
-0.0140093
-0.0136104
-0.0132124
-0.0128155
-0.0124201
-0.0120264
-0.0116347
-0.0112453
-0.0108584
-0.0104743
-0.0100932
-0.00971541
-0.00934118
-0.00897075
-0.00860437
-0.00824228
-0.00788471
-0.00753192
-0.00718414
-0.00684161
-0.00650456
-0.00617323
-0.00584786
-0.00552869
-0.00521594
-0.00490985
-0.00461065
-0.00431859
-0.0040339
-0.0037568
-0.00348754
-0.00322635
-0.00297347
-0.00272914
-0.00249358
-0.00226704
-0.00204976
-0.00184198
-0.00164392
-0.00145584
-0.00127797
-0.00111055
-0.00095381
-0.000807991
-0.000673324
-0.000550037
-0.000438357
-0.000338506
-0.000250712
-0.000175175
-0.00011198
-6.15729e-05
-2.53625e-05
5.29553e-06
4.19843e-05
-0.0308541
-0.0238219
-0.0230104
-0.0227974
-0.0225177
-0.0222541
-0.0219862
-0.0216942
-0.0213757
-0.0210331
-0.0206703
-0.0202915
-0.0199004
-0.0195
-0.0190926
-0.01868
-0.0182637
-0.0178447
-0.0174238
-0.0170016
-0.0165787
-0.0161556
-0.0157326
-0.0153102
-0.0148886
-0.0144682
-0.0140493
-0.0136321
-0.0132169
-0.0128039
-0.0123935
-0.0119859
-0.0115812
-0.0111798
-0.0107818
-0.0103876
-0.00999723
-0.00961102
-0.00922917
-0.0088519
-0.00847943
-0.00811197
-0.00774975
-0.00739296
-0.00704184
-0.00669659
-0.00635742
-0.00602456
-0.00569822
-0.0053786
-0.00506594
-0.00476044
-0.00446232
-0.00417181
-0.00388911
-0.00361445
-0.00334805
-0.00309012
-0.00284091
-0.00260062
-0.00236948
-0.00214772
-0.00193557
-0.00173325
-0.001541
-0.00135903
-0.00118758
-0.00102688
-0.000877132
-0.000738561
-0.000611362
-0.000495708
-0.000391741
-0.000299558
-0.000219182
-0.000150498
-9.34099e-05
-4.87517e-05
-1.23866e-05
3.2504e-05
-0.0153695
-0.011724
-0.0115711
-0.0116692
-0.0116069
-0.0115074
-0.0113962
-0.0112743
-0.0111437
-0.0110058
-0.0108611
-0.0107103
-0.0105537
-0.0103917
-0.0102246
-0.0100528
-0.00987661
-0.00969633
-0.00951227
-0.00932476
-0.0091341
-0.00894057
-0.00874446
-0.00854604
-0.00834555
-0.00814323
-0.00793933
-0.00773405
-0.00752762
-0.00732025
-0.00711215
-0.00690352
-0.00669456
-0.00648549
-0.00627648
-0.00606775
-0.00585948
-0.00565189
-0.00544515
-0.00523946
-0.00503502
-0.00483203
-0.00463066
-0.00443113
-0.00423361
-0.00403829
-0.00384538
-0.00365506
-0.00346752
-0.00328295
-0.00310153
-0.00292346
-0.00274892
-0.00257811
-0.0024112
-0.00224838
-0.00208984
-0.00193576
-0.00178633
-0.00164173
-0.00150214
-0.00136774
-0.0012387
-0.00111522
-0.000997464
-0.000885607
-0.000779822
-0.000680278
-0.000587134
-0.000500541
-0.000420629
-0.000347502
-0.000281214
-0.000221752
-0.00016899
-0.000122607
-8.24178e-05
-4.94975e-05
-1.73571e-05
4.45065e-05
-0.0198145
-0.0131615
-0.0116054
-0.0112752
-0.0109466
-0.0107053
-0.0105353
-0.0103957
-0.0102703
-0.0101508
-0.0100321
-0.00991119
-0.00978643
-0.00965699
-0.00952251
-0.00938291
-0.00923826
-0.00908875
-0.0089346
-0.00877606
-0.00861339
-0.00844685
-0.0082767
-0.0081032
-0.00792661
-0.00774717
-0.00756513
-0.00738073
-0.00719421
-0.0070058
-0.00681574
-0.00662426
-0.00643158
-0.00623795
-0.00604358
-0.00584871
-0.00565355
-0.00545833
-0.00526328
-0.00506862
-0.00487457
-0.00468134
-0.00448917
-0.00429826
-0.00410884
-0.00392112
-0.00373532
-0.00355165
-0.00337033
-0.00319156
-0.00301556
-0.00284255
-0.00267272
-0.00250629
-0.00234347
-0.00218445
-0.00202945
-0.00187867
-0.00173231
-0.00159056
-0.00145364
-0.00132173
-0.00119503
-0.00107373
-0.00095803
-0.00084811
-0.00074416
-0.000646359
-0.000554886
-0.000469908
-0.000391586
-0.000320063
-0.00025546
-0.000197869
-0.000147285
-0.000103491
-6.67901e-05
-3.80079e-05
-2.80046e-06
5.14743e-05
-0.0223634
-0.014514
-0.0120453
-0.0113445
-0.0108274
-0.0104747
-0.0102416
-0.0100677
-0.00992569
-0.00980112
-0.00968476
-0.00957087
-0.00945601
-0.0093382
-0.00921632
-0.00908981
-0.00895842
-0.00882214
-0.00868103
-0.00853526
-0.00838503
-0.00823055
-0.00807206
-0.00790979
-0.00774399
-0.0075749
-0.00740276
-0.00722782
-0.00705033
-0.00687052
-0.00668863
-0.00650492
-0.00631962
-0.00613297
-0.00594521
-0.00575657
-0.00556731
-0.00537765
-0.00518783
-0.00499809
-0.00480865
-0.00461976
-0.00443164
-0.00424451
-0.00405863
-0.0038742
-0.00369146
-0.00351064
-0.00333195
-0.00315562
-0.00298188
-0.00281095
-0.00264304
-0.00247838
-0.00231717
-0.00215964
-0.002006
-0.00185647
-0.00171124
-0.00157054
-0.00143456
-0.00130352
-0.00117761
-0.00105704
-0.000942006
-0.000832701
-0.000729319
-0.000632049
-0.000541079
-0.00045659
-0.000378758
-0.000307753
-0.000243736
-0.000186857
-0.000137186
-9.4639e-05
-5.97101e-05
-3.24215e-05
2.73911e-06
4.9204e-05
-0.0232562
-0.0149509
-0.0122112
-0.011391
-0.0107924
-0.0103818
-0.0101121
-0.00991622
-0.00976202
-0.00963202
-0.00951473
-0.00940286
-0.00929193
-0.00917922
-0.00906313
-0.00894281
-0.00881779
-0.00868791
-0.00855317
-0.00841367
-0.00826956
-0.00812103
-0.0079683
-0.00781159
-0.00765114
-0.00748719
-0.00731997
-0.00714975
-0.00697675
-0.00680124
-0.00662345
-0.00644363
-0.00626202
-0.00607888
-0.00589445
-0.00570897
-0.00552269
-0.00533584
-0.00514868
-0.00496143
-0.00477435
-0.00458767
-0.00440162
-0.00421644
-0.00403237
-0.00384964
-0.00366849
-0.00348914
-0.00331183
-0.00313679
-0.00296423
-0.0027944
-0.0026275
-0.00246378
-0.00230344
-0.00214671
-0.00199381
-0.00184495
-0.00170035
-0.00156022
-0.00142477
-0.00129421
-0.00116875
-0.0010486
-0.000933941
-0.00082499
-0.00072194
-0.000624984
-0.000534313
-0.000450118
-0.000372584
-0.000301893
-0.000238224
-0.000181747
-0.000132554
-9.05987e-05
-5.64476e-05
-2.9824e-05
5.02041e-06
4.88689e-05
-0.0232562
-0.0149509
-0.0122112
-0.011391
-0.0107924
-0.0103818
-0.0101121
-0.00991622
-0.00976202
-0.00963202
-0.00951473
-0.00940286
-0.00929193
-0.00917922
-0.00906313
-0.0089428
-0.00881779
-0.00868791
-0.00855317
-0.00841367
-0.00826956
-0.00812103
-0.0079683
-0.00781159
-0.00765114
-0.00748719
-0.00731997
-0.00714975
-0.00697675
-0.00680124
-0.00662345
-0.00644363
-0.00626202
-0.00607888
-0.00589445
-0.00570897
-0.00552269
-0.00533584
-0.00514868
-0.00496143
-0.00477435
-0.00458767
-0.00440162
-0.00421644
-0.00403237
-0.00384964
-0.00366849
-0.00348914
-0.00331183
-0.00313679
-0.00296423
-0.0027944
-0.0026275
-0.00246378
-0.00230344
-0.00214671
-0.00199381
-0.00184495
-0.00170035
-0.00156022
-0.00142477
-0.00129421
-0.00116875
-0.00104859
-0.000933941
-0.00082499
-0.00072194
-0.000624983
-0.000534313
-0.000450118
-0.000372584
-0.000301893
-0.000238224
-0.000181747
-0.000132554
-9.05987e-05
-5.64475e-05
-2.9824e-05
5.02039e-06
4.88689e-05
-0.0223634
-0.014514
-0.0120453
-0.0113445
-0.0108274
-0.0104747
-0.0102416
-0.0100677
-0.00992569
-0.00980112
-0.00968476
-0.00957087
-0.00945601
-0.0093382
-0.00921632
-0.00908981
-0.00895842
-0.00882214
-0.00868103
-0.00853526
-0.00838503
-0.00823055
-0.00807206
-0.00790979
-0.00774399
-0.0075749
-0.00740276
-0.00722782
-0.00705033
-0.00687052
-0.00668863
-0.00650492
-0.00631962
-0.00613297
-0.00594521
-0.00575658
-0.00556731
-0.00537765
-0.00518783
-0.00499809
-0.00480865
-0.00461976
-0.00443163
-0.00424451
-0.00405863
-0.0038742
-0.00369146
-0.00351064
-0.00333195
-0.00315562
-0.00298188
-0.00281095
-0.00264304
-0.00247838
-0.00231717
-0.00215964
-0.002006
-0.00185647
-0.00171124
-0.00157054
-0.00143456
-0.00130352
-0.00117761
-0.00105704
-0.000942006
-0.000832701
-0.000729319
-0.000632049
-0.000541079
-0.00045659
-0.000378758
-0.000307753
-0.000243736
-0.000186857
-0.000137186
-9.4639e-05
-5.97101e-05
-3.24215e-05
2.73907e-06
4.92039e-05
-0.0198145
-0.0131615
-0.0116054
-0.0112752
-0.0109466
-0.0107053
-0.0105353
-0.0103957
-0.0102703
-0.0101508
-0.0100321
-0.00991119
-0.00978643
-0.00965699
-0.00952251
-0.00938291
-0.00923826
-0.00908875
-0.0089346
-0.00877606
-0.00861339
-0.00844685
-0.0082767
-0.0081032
-0.00792661
-0.00774717
-0.00756513
-0.00738073
-0.00719421
-0.0070058
-0.00681574
-0.00662426
-0.00643158
-0.00623795
-0.00604358
-0.00584871
-0.00565355
-0.00545833
-0.00526328
-0.00506862
-0.00487457
-0.00468134
-0.00448917
-0.00429826
-0.00410884
-0.00392112
-0.00373532
-0.00355165
-0.00337033
-0.00319156
-0.00301556
-0.00284255
-0.00267272
-0.00250629
-0.00234347
-0.00218445
-0.00202945
-0.00187867
-0.00173231
-0.00159056
-0.00145364
-0.00132173
-0.00119503
-0.00107373
-0.000958029
-0.00084811
-0.00074416
-0.000646359
-0.000554886
-0.000469908
-0.000391586
-0.000320063
-0.00025546
-0.000197869
-0.000147285
-0.000103491
-6.67901e-05
-3.80079e-05
-2.80041e-06
5.14743e-05
-0.0153695
-0.011724
-0.0115711
-0.0116692
-0.0116069
-0.0115074
-0.0113962
-0.0112743
-0.0111437
-0.0110058
-0.0108611
-0.0107103
-0.0105537
-0.0103917
-0.0102246
-0.0100528
-0.00987661
-0.00969633
-0.00951227
-0.00932476
-0.0091341
-0.00894057
-0.00874446
-0.00854604
-0.00834555
-0.00814323
-0.00793933
-0.00773405
-0.00752762
-0.00732025
-0.00711215
-0.00690352
-0.00669456
-0.00648549
-0.00627648
-0.00606775
-0.00585948
-0.00565189
-0.00544515
-0.00523946
-0.00503502
-0.00483203
-0.00463066
-0.00443113
-0.00423361
-0.00403829
-0.00384538
-0.00365506
-0.00346752
-0.00328295
-0.00310153
-0.00292346
-0.00274892
-0.00257811
-0.0024112
-0.00224838
-0.00208984
-0.00193576
-0.00178633
-0.00164173
-0.00150214
-0.00136774
-0.0012387
-0.00111522
-0.000997464
-0.000885607
-0.000779823
-0.000680278
-0.000587134
-0.000500541
-0.000420629
-0.000347502
-0.000281214
-0.000221752
-0.00016899
-0.000122607
-8.24177e-05
-4.94975e-05
-1.73575e-05
4.45059e-05
-0.00150631
-0.0013747
-0.00159366
-0.00179247
-0.00187665
-0.00190431
-0.00191168
-0.00191444
-0.00191997
-0.00193058
-0.0019458
-0.0019641
-0.00198373
-0.00200312
-0.00202103
-0.00203658
-0.0020492
-0.00205855
-0.00206447
-0.00206692
-0.00206593
-0.00206159
-0.00205399
-0.00204327
-0.00202953
-0.00201289
-0.00199349
-0.00197142
-0.00194681
-0.00191978
-0.00189042
-0.00185886
-0.00182521
-0.00178959
-0.0017521
-0.00171286
-0.00167199
-0.00162961
-0.00158583
-0.00154077
-0.00149455
-0.00144729
-0.00139912
-0.00135014
-0.00130049
-0.00125027
-0.00119962
-0.00114865
-0.00109748
-0.00104623
-0.00099502
-0.000943966
-0.000893187
-0.000842798
-0.000792914
-0.000743649
-0.000695117
-0.000647429
-0.000600695
-0.000555023
-0.000510521
-0.000467294
-0.000425446
-0.000385077
-0.000346288
-0.000309176
-0.000273837
-0.000240362
-0.000208841
-0.000179356
-0.000151984
-0.000126786
-0.000103809
-8.30731e-05
-6.45534e-05
-4.8136e-05
-3.40434e-05
-2.40974e-05
-1.13156e-05
4.11403e-05
-0.00313738
-0.00146709
-0.000965694
-0.000892961
-0.000855752
-0.000847504
-0.000865893
-0.000900776
-0.000946812
-0.00100022
-0.00105766
-0.00111647
-0.00117465
-0.00123073
-0.00128374
-0.00133301
-0.00137814
-0.00141893
-0.00145529
-0.0014872
-0.00151471
-0.00153792
-0.00155691
-0.0015718
-0.00158272
-0.00158978
-0.00159311
-0.00159284
-0.00158909
-0.00158201
-0.00157172
-0.00155836
-0.00154206
-0.00152295
-0.00150118
-0.00147689
-0.00145021
-0.00142129
-0.00139028
-0.0013573
-0.00132251
-0.00128606
-0.00124808
-0.00120872
-0.00116812
-0.00112644
-0.0010838
-0.00104036
-0.000996263
-0.000951642
-0.000906643
-0.000861404
-0.000816065
-0.000770762
-0.000725632
-0.00068081
-0.000636428
-0.000592616
-0.000549505
-0.00050722
-0.000465888
-0.00042563
-0.000386567
-0.000348816
-0.000312492
-0.000277708
-0.000244572
-0.000213191
-0.000183666
-0.000156093
-0.000130565
-0.000107164
-8.59639e-05
-6.70286e-05
-5.03574e-05
-3.58167e-05
-2.40814e-05
-1.65601e-05
2.32943e-06
4.12052e-05
-0.00406692
-0.00181363
-0.000883955
-0.000612393
-0.000472003
-0.000412642
-0.000411862
-0.000445235
-0.000499187
-0.00056541
-0.000638016
-0.000712946
-0.00078749
-0.000859864
-0.000928921
-0.000993944
-0.00105451
-0.00111037
-0.00116143
-0.00120766
-0.00124908
-0.00128576
-0.00131779
-0.00134526
-0.0013683
-0.00138701
-0.00140153
-0.00141198
-0.00141851
-0.00142124
-0.00142032
-0.0014159
-0.00140811
-0.00139711
-0.00138305
-0.00136607
-0.00134633
-0.00132398
-0.00129918
-0.00127208
-0.00124284
-0.00121161
-0.00117856
-0.00114384
-0.0011076
-0.00106999
-0.00103119
-0.000991336
-0.000950588
-0.000909097
-0.000867018
-0.0008245
-0.000781694
-0.000738748
-0.000695807
-0.000653018
-0.000610523
-0.000568462
-0.000526976
-0.0004862
-0.000446268
-0.000407312
-0.00036946
-0.000332839
-0.000297572
-0.000263777
-0.000231572
-0.000201069
-0.000172377
-0.000145601
-0.000120842
-9.81929e-05
-7.77458e-05
-5.95902e-05
-4.37534e-05
-3.01829e-05
-1.97001e-05
-1.27648e-05
6.86647e-06
3.4707e-05
-0.00441722
-0.00197248
-0.000880229
-0.000516968
-0.000317099
-0.000221736
-0.000202502
-0.00022857
-0.000281972
-0.000351639
-0.000429937
-0.000511747
-0.000593747
-0.000673814
-0.000750612
-0.000823322
-0.00089146
-0.000954758
-0.00101309
-0.0010664
-0.00111471
-0.00115808
-0.00119658
-0.00123031
-0.00125937
-0.00128389
-0.00130398
-0.00131979
-0.00133145
-0.00133909
-0.00134286
-0.00134292
-0.0013394
-0.00133247
-0.00132228
-0.00130898
-0.00129273
-0.0012737
-0.00125204
-0.00122791
-0.00120148
-0.00117291
-0.00114235
-0.00110999
-0.00107596
-0.00104045
-0.0010036
-0.000965585
-0.000926558
-0.000886679
-0.000846107
-0.000804997
-0.000763505
-0.000721784
-0.000679986
-0.000638261
-0.000596758
-0.000555621
-0.000514995
-0.00047502
-0.000435835
-0.000397576
-0.000360377
-0.000324366
-0.000289671
-0.000256415
-0.000224719
-0.000194699
-0.000166468
-0.000140134
-0.000115803
-9.35755e-05
-7.35502e-05
-5.58264e-05
-4.04385e-05
-2.73679e-05
-1.75124e-05
-1.09872e-05
8.51203e-06
3.28211e-05
-0.00441722
-0.00197248
-0.000880229
-0.000516968
-0.000317099
-0.000221736
-0.000202502
-0.00022857
-0.000281972
-0.000351639
-0.000429937
-0.000511747
-0.000593747
-0.000673814
-0.000750612
-0.000823322
-0.00089146
-0.000954758
-0.00101309
-0.0010664
-0.00111471
-0.00115808
-0.00119658
-0.00123031
-0.00125937
-0.00128389
-0.00130398
-0.00131979
-0.00133145
-0.00133909
-0.00134286
-0.00134292
-0.0013394
-0.00133247
-0.00132228
-0.00130898
-0.00129273
-0.0012737
-0.00125204
-0.00122791
-0.00120148
-0.00117291
-0.00114235
-0.00110999
-0.00107596
-0.00104045
-0.0010036
-0.000965585
-0.000926558
-0.00088668
-0.000846107
-0.000804997
-0.000763505
-0.000721784
-0.000679986
-0.000638261
-0.000596758
-0.000555621
-0.000514995
-0.00047502
-0.000435835
-0.000397576
-0.000360377
-0.000324366
-0.000289671
-0.000256415
-0.000224719
-0.000194699
-0.000166468
-0.000140134
-0.000115803
-9.35756e-05
-7.35502e-05
-5.58264e-05
-4.04386e-05
-2.7368e-05
-1.75124e-05
-1.09872e-05
8.51203e-06
3.28212e-05
-0.00406692
-0.00181363
-0.000883955
-0.000612393
-0.000472003
-0.000412642
-0.000411862
-0.000445235
-0.000499187
-0.00056541
-0.000638016
-0.000712946
-0.00078749
-0.000859864
-0.000928921
-0.000993944
-0.00105451
-0.00111037
-0.00116143
-0.00120766
-0.00124908
-0.00128576
-0.00131779
-0.00134526
-0.0013683
-0.00138701
-0.00140153
-0.00141198
-0.00141851
-0.00142124
-0.00142032
-0.0014159
-0.00140811
-0.00139711
-0.00138305
-0.00136607
-0.00134633
-0.00132398
-0.00129918
-0.00127208
-0.00124284
-0.00121161
-0.00117856
-0.00114384
-0.0011076
-0.00106999
-0.00103119
-0.000991336
-0.000950588
-0.000909097
-0.000867018
-0.0008245
-0.000781694
-0.000738748
-0.000695807
-0.000653018
-0.000610523
-0.000568462
-0.000526976
-0.0004862
-0.000446268
-0.000407312
-0.00036946
-0.000332839
-0.000297572
-0.000263777
-0.000231572
-0.000201069
-0.000172377
-0.000145601
-0.000120842
-9.81929e-05
-7.77459e-05
-5.95902e-05
-4.37534e-05
-3.01829e-05
-1.97001e-05
-1.27648e-05
6.86657e-06
3.47072e-05
-0.00313738
-0.00146709
-0.000965694
-0.000892961
-0.000855752
-0.000847504
-0.000865893
-0.000900776
-0.000946812
-0.00100022
-0.00105766
-0.00111647
-0.00117465
-0.00123073
-0.00128374
-0.00133301
-0.00137814
-0.00141893
-0.00145529
-0.0014872
-0.00151471
-0.00153792
-0.00155691
-0.0015718
-0.00158272
-0.00158978
-0.00159311
-0.00159284
-0.00158909
-0.00158201
-0.00157172
-0.00155836
-0.00154206
-0.00152295
-0.00150118
-0.00147689
-0.00145021
-0.00142129
-0.00139028
-0.0013573
-0.00132251
-0.00128606
-0.00124808
-0.00120872
-0.00116812
-0.00112644
-0.0010838
-0.00104036
-0.000996263
-0.000951642
-0.000906643
-0.000861404
-0.000816065
-0.000770762
-0.000725633
-0.00068081
-0.000636428
-0.000592616
-0.000549505
-0.00050722
-0.000465888
-0.00042563
-0.000386567
-0.000348816
-0.000312492
-0.000277708
-0.000244572
-0.000213191
-0.000183666
-0.000156093
-0.000130565
-0.000107165
-8.5964e-05
-6.70286e-05
-5.03575e-05
-3.58168e-05
-2.40814e-05
-1.65601e-05
2.32961e-06
4.12054e-05
-0.00150631
-0.0013747
-0.00159366
-0.00179247
-0.00187665
-0.00190431
-0.00191168
-0.00191444
-0.00191997
-0.00193058
-0.0019458
-0.0019641
-0.00198373
-0.00200312
-0.00202103
-0.00203658
-0.0020492
-0.00205855
-0.00206447
-0.00206692
-0.00206593
-0.00206159
-0.00205399
-0.00204327
-0.00202953
-0.00201289
-0.00199349
-0.00197142
-0.00194681
-0.00191978
-0.00189042
-0.00185886
-0.00182521
-0.00178959
-0.0017521
-0.00171286
-0.00167199
-0.00162961
-0.00158583
-0.00154077
-0.00149455
-0.00144729
-0.00139912
-0.00135014
-0.00130049
-0.00125027
-0.00119962
-0.00114865
-0.00109748
-0.00104623
-0.00099502
-0.000943967
-0.000893187
-0.000842798
-0.000792914
-0.000743649
-0.000695117
-0.000647429
-0.000600695
-0.000555023
-0.000510521
-0.000467294
-0.000425446
-0.000385077
-0.000346288
-0.000309177
-0.000273837
-0.000240363
-0.000208841
-0.000179357
-0.000151984
-0.000126787
-0.000103809
-8.30733e-05
-6.45536e-05
-4.81363e-05
-3.40436e-05
-2.40974e-05
-1.13158e-05
4.11395e-05
0.0104188
0.0072882
0.006899
0.00677755
0.00664386
0.00655073
0.00646961
0.0063788
0.00627104
0.00614583
0.00600591
0.00585508
0.00569701
0.00553474
0.00537059
0.00520622
0.00504276
0.00488094
0.00472123
0.00456389
0.0044091
0.00425693
0.00410745
0.00396068
0.00381664
0.00367534
0.00353681
0.00340105
0.00326808
0.00313791
0.00301054
0.00288598
0.00276424
0.00264532
0.00252921
0.00241593
0.00230545
0.00219777
0.00209289
0.00199078
0.00189145
0.00179486
0.00170101
0.00160987
0.00152144
0.00143568
0.00135258
0.00127212
0.00119429
0.00111905
0.00104639
0.00097629
0.000908732
0.000843696
0.000781166
0.000721123
0.000663553
0.000608442
0.000555776
0.000505544
0.000457736
0.000412344
0.000369362
0.000328783
0.000290606
0.000254828
0.000221447
0.000190463
0.000161871
0.000135665
0.000111827
9.03275e-05
7.11106e-05
5.40768e-05
3.90757e-05
2.59149e-05
1.39661e-05
1.11125e-06
-6.93379e-06
2.20423e-05
0.0116441
0.00845163
0.00808651
0.00803941
0.00786374
0.00769667
0.00753779
0.00737195
0.00719676
0.00701322
0.00682331
0.0066293
0.00643323
0.00623675
0.00604107
0.00584711
0.00565546
0.00546654
0.00528062
0.00509788
0.00491844
0.00474236
0.00456971
0.0044005
0.00423478
0.00407255
0.00391383
0.00375863
0.00360695
0.0034588
0.00331417
0.00317305
0.00303545
0.00290133
0.0027707
0.00264352
0.00251978
0.00239944
0.00228249
0.00216889
0.00205862
0.00195163
0.0018479
0.00174739
0.00165006
0.00155588
0.00146481
0.00137681
0.00129184
0.00120987
0.00113085
0.00105476
0.000981556
0.000911198
0.000843655
0.000778894
0.000716882
0.000657589
0.000600985
0.000547043
0.000495739
0.000447047
0.000400948
0.000357423
0.000316453
0.000278025
0.000242124
0.000208741
0.000177863
0.000149479
0.000123574
0.000100125
7.90976e-05
6.04253e-05
4.40446e-05
2.99016e-05
1.70114e-05
3.55918e-06
2.26868e-06
1.40586e-05
0.0128247
0.009352
0.00871289
0.00861548
0.00842971
0.00824102
0.00805359
0.0078575
0.00765346
0.00744381
0.00723073
0.00701615
0.00680159
0.00658816
0.00637668
0.00616774
0.00596173
0.00575894
0.00555957
0.00536375
0.00517161
0.0049832
0.00479858
0.00461781
0.0044409
0.00426789
0.00409878
0.00393358
0.00377231
0.00361494
0.00346148
0.00331191
0.00316621
0.00302437
0.00288636
0.00275214
0.00262169
0.00249498
0.00237196
0.0022526
0.00213685
0.00202468
0.00191604
0.00181089
0.00170917
0.00161084
0.00151586
0.00142418
0.00133575
0.00125052
0.00116844
0.00108948
0.00101358
0.000940693
0.000870784
0.000803807
0.000739721
0.000678486
0.000620065
0.000564423
0.000511524
0.000461338
0.000413836
0.000368991
0.000326779
0.000287178
0.000250169
0.000215737
0.000183865
0.000154542
0.000127752
0.000103481
8.17019e-05
6.23676e-05
4.54454e-05
3.08718e-05
1.7571e-05
4.48623e-06
4.12965e-06
3.87246e-06
0.0131683
0.00955269
0.0088942
0.00883412
0.00867203
0.00848921
0.00829835
0.00809404
0.00787971
0.00765933
0.00743588
0.00721157
0.00698796
0.0067661
0.00654669
0.0063302
0.00611696
0.00590719
0.00570106
0.00549868
0.00530017
0.00510558
0.00491498
0.0047284
0.00454589
0.00436746
0.00419314
0.00402293
0.00385682
0.00369482
0.00353692
0.00338309
0.00323332
0.00308759
0.00294585
0.00280809
0.00267425
0.00254432
0.00241823
0.00229596
0.00217744
0.00206265
0.00195152
0.00184401
0.00174006
0.00163963
0.00154266
0.00144911
0.00135891
0.00127201
0.00118837
0.00110794
0.00103065
0.000956471
0.000885345
0.000817226
0.000752069
0.00068983
0.000630467
0.00057394
0.000520212
0.000469246
0.000421009
0.000375472
0.000332607
0.000292389
0.000254796
0.00021981
0.000187414
0.000157594
0.000130338
0.000105631
8.34516e-05
6.37561e-05
4.65213e-05
3.1664e-05
1.8043e-05
4.89511e-06
4.53304e-06
4.98248e-07
0.0131683
0.00955269
0.0088942
0.00883412
0.00867203
0.00848921
0.00829835
0.00809404
0.00787971
0.00765933
0.00743588
0.00721157
0.00698796
0.0067661
0.00654669
0.0063302
0.00611696
0.00590719
0.00570106
0.00549868
0.00530017
0.00510558
0.00491498
0.0047284
0.00454589
0.00436746
0.00419314
0.00402293
0.00385682
0.00369482
0.00353692
0.00338309
0.00323332
0.00308759
0.00294585
0.00280809
0.00267425
0.00254432
0.00241823
0.00229596
0.00217744
0.00206265
0.00195152
0.00184401
0.00174006
0.00163963
0.00154266
0.00144911
0.00135891
0.00127201
0.00118837
0.00110794
0.00103065
0.000956471
0.000885345
0.000817226
0.000752069
0.00068983
0.000630467
0.00057394
0.000520212
0.000469246
0.000421009
0.000375472
0.000332607
0.000292389
0.000254796
0.00021981
0.000187414
0.000157594
0.000130338
0.000105631
8.34516e-05
6.37561e-05
4.65213e-05
3.1664e-05
1.8043e-05
4.89505e-06
4.53303e-06
4.98346e-07
0.0128247
0.009352
0.00871289
0.00861548
0.00842971
0.00824102
0.00805359
0.0078575
0.00765346
0.00744381
0.00723073
0.00701615
0.00680159
0.00658816
0.00637668
0.00616774
0.00596173
0.00575894
0.00555957
0.00536375
0.00517161
0.0049832
0.00479858
0.00461781
0.0044409
0.00426789
0.00409878
0.00393358
0.00377231
0.00361494
0.00346148
0.00331191
0.00316621
0.00302437
0.00288636
0.00275214
0.00262169
0.00249498
0.00237196
0.0022526
0.00213685
0.00202468
0.00191604
0.00181089
0.00170917
0.00161084
0.00151586
0.00142418
0.00133575
0.00125052
0.00116844
0.00108948
0.00101358
0.000940693
0.000870784
0.000803807
0.000739721
0.000678486
0.000620065
0.000564423
0.000511524
0.000461338
0.000413836
0.000368991
0.000326779
0.000287178
0.000250169
0.000215737
0.000183865
0.000154542
0.000127752
0.000103481
8.17019e-05
6.23676e-05
4.54454e-05
3.08718e-05
1.7571e-05
4.48616e-06
4.12962e-06
3.87257e-06
0.0116441
0.00845163
0.00808651
0.00803941
0.00786374
0.00769667
0.00753779
0.00737195
0.00719676
0.00701322
0.00682331
0.0066293
0.00643323
0.00623675
0.00604107
0.00584711
0.00565546
0.00546654
0.00528062
0.00509788
0.00491844
0.00474236
0.00456971
0.0044005
0.00423478
0.00407255
0.00391383
0.00375863
0.00360695
0.0034588
0.00331417
0.00317305
0.00303545
0.00290133
0.0027707
0.00264352
0.00251978
0.00239944
0.00228249
0.00216889
0.00205862
0.00195163
0.0018479
0.00174739
0.00165006
0.00155588
0.00146481
0.00137681
0.00129184
0.00120987
0.00113085
0.00105476
0.000981556
0.000911198
0.000843655
0.000778894
0.000716882
0.000657589
0.000600985
0.000547043
0.000495739
0.000447047
0.000400948
0.000357423
0.000316453
0.000278025
0.000242124
0.000208741
0.000177863
0.000149479
0.000123574
0.000100125
7.90976e-05
6.04253e-05
4.40446e-05
2.99016e-05
1.70113e-05
3.55908e-06
2.26876e-06
1.40586e-05
0.0104188
0.0072882
0.006899
0.00677755
0.00664386
0.00655073
0.00646961
0.0063788
0.00627104
0.00614583
0.00600591
0.00585508
0.00569701
0.00553474
0.00537059
0.00520622
0.00504276
0.00488094
0.00472123
0.00456389
0.0044091
0.00425693
0.00410745
0.00396068
0.00381664
0.00367534
0.00353681
0.00340105
0.00326808
0.00313791
0.00301054
0.00288598
0.00276424
0.00264532
0.00252921
0.00241593
0.00230545
0.00219777
0.00209289
0.00199078
0.00189145
0.00179486
0.00170101
0.00160987
0.00152144
0.00143568
0.00135258
0.00127212
0.00119429
0.00111905
0.00104639
0.00097629
0.000908732
0.000843696
0.000781166
0.000721123
0.000663554
0.000608442
0.000555776
0.000505544
0.000457737
0.000412345
0.000369362
0.000328784
0.000290606
0.000254828
0.000221447
0.000190463
0.000161871
0.000135665
0.000111827
9.03278e-05
7.11108e-05
5.40768e-05
3.90758e-05
2.5915e-05
1.39661e-05
1.11087e-06
-6.93398e-06
2.20422e-05
0.0203235
0.0148075
0.0143807
0.0143929
0.0142655
0.0141581
0.0140406
0.013888
0.0136988
0.0134784
0.0132339
0.0129721
0.0126986
0.0124176
0.0121321
0.0118441
0.0115551
0.0112658
0.0109769
0.0106888
0.0104018
0.010116
0.00983172
0.00954903
0.00926812
0.00898911
0.00871217
0.00843743
0.00816504
0.00789514
0.00762786
0.00736334
0.0071017
0.00684307
0.00658758
0.00633534
0.00608647
0.00584108
0.00559929
0.00536119
0.00512691
0.00489653
0.00467016
0.0044479
0.00422986
0.00401612
0.00380679
0.00360196
0.00340173
0.00320619
0.00301545
0.00282959
0.00264872
0.00247292
0.00230231
0.00213697
0.00197702
0.00182253
0.00167363
0.00153041
0.00139297
0.00126143
0.00113588
0.00101644
0.000903214
0.000796313
0.000695846
0.000601918
0.00051463
0.000434073
0.000360316
0.0002934
0.000233308
0.000179938
0.000133068
9.23253e-05
5.68928e-05
2.48615e-05
-5.67914e-07
-1.09765e-06
0.0234898
0.0167602
0.0160068
0.0159383
0.015604
0.0153106
0.0150484
0.0147812
0.0145031
0.0142148
0.0139182
0.0136155
0.0133087
0.0129995
0.0126889
0.012378
0.0120673
0.0117573
0.0114483
0.0111406
0.0108344
0.0105299
0.0102273
0.00992682
0.00962858
0.00933275
0.00903948
0.00874891
0.0084612
0.00817649
0.0078949
0.00761657
0.00734162
0.00707017
0.00680234
0.00653823
0.00627796
0.00602163
0.00576933
0.00552118
0.00527726
0.00503767
0.00480249
0.00457183
0.00434575
0.00412437
0.00390775
0.00369598
0.00348915
0.00328734
0.00309064
0.00289913
0.00271289
0.00253201
0.00235657
0.00218666
0.00202237
0.00186378
0.00171098
0.00156406
0.00142312
0.00128825
0.00115953
0.00103708
0.00092098
0.000811335
0.000708245
0.000611809
0.000522124
0.000439286
0.000363379
0.000294476
0.000232621
0.000177806
0.000129977
8.89805e-05
5.38084e-05
2.26672e-05
2.83112e-06
-1.31578e-05
0.0264826
0.0187339
0.0171096
0.0167653
0.0163009
0.0159054
0.0155635
0.0152344
0.0149087
0.014584
0.0142593
0.0139345
0.0136097
0.0132852
0.0129612
0.012638
0.0123158
0.0119947
0.011675
0.0113568
0.0110405
0.0107262
0.010414
0.0101042
0.00979692
0.00949233
0.0091906
0.00889187
0.00859629
0.008304
0.00801512
0.00772979
0.00744813
0.00717024
0.00689624
0.00662624
0.00636034
0.00609863
0.00584121
0.00558818
0.00533961
0.0050956
0.00485623
0.00462159
0.00439175
0.00416679
0.0039468
0.00373185
0.00352202
0.00331738
0.00311801
0.00292399
0.00273539
0.00255229
0.00237477
0.00220291
0.00203679
0.00187648
0.00172207
0.00157364
0.00143128
0.00129507
0.0011651
0.00104146
0.000924241
0.000813539
0.000709448
0.000612065
0.000521488
0.000437816
0.000361146
0.00029157
0.000229166
0.00017398
0.000126035
8.52357e-05
5.05468e-05
2.05775e-05
1.71944e-06
-2.37969e-05
0.0274024
0.0192547
0.0174549
0.0170917
0.0166077
0.0161833
0.015814
0.0154607
0.0151145
0.0147728
0.0144342
0.0140981
0.0137638
0.0134312
0.0131001
0.0127704
0.0124421
0.0121153
0.01179
0.0114666
0.0111451
0.0108258
0.0105087
0.0101942
0.00988232
0.0095733
0.00926728
0.00896442
0.00866485
0.00836873
0.00807617
0.0077873
0.00750224
0.0072211
0.00694399
0.00667102
0.00640227
0.00613785
0.00587785
0.00562236
0.00537145
0.00512522
0.00488375
0.0046471
0.00441537
0.00418863
0.00396694
0.00375039
0.00353905
0.00333299
0.00313229
0.00293701
0.00274723
0.00256303
0.00238447
0.00221163
0.00204459
0.00188342
0.0017282
0.00157902
0.00143594
0.00129907
0.00116847
0.00104424
0.000926462
0.000815232
0.000710643
0.000612791
0.000521775
0.000437695
0.000360656
0.000290759
0.000228094
0.000172726
0.000124697
8.39099e-05
4.92854e-05
1.96143e-05
9.05224e-07
-2.76356e-05
0.0274024
0.0192547
0.0174549
0.0170917
0.0166077
0.0161833
0.015814
0.0154607
0.0151145
0.0147728
0.0144342
0.0140981
0.0137638
0.0134312
0.0131001
0.0127704
0.0124421
0.0121153
0.01179
0.0114666
0.0111451
0.0108258
0.0105087
0.0101942
0.00988232
0.0095733
0.00926728
0.00896442
0.00866485
0.00836873
0.00807617
0.0077873
0.00750224
0.0072211
0.00694399
0.00667102
0.00640227
0.00613785
0.00587785
0.00562236
0.00537145
0.00512522
0.00488375
0.0046471
0.00441537
0.00418863
0.00396694
0.00375039
0.00353905
0.00333299
0.00313229
0.00293701
0.00274723
0.00256303
0.00238447
0.00221163
0.00204459
0.00188342
0.0017282
0.00157902
0.00143594
0.00129907
0.00116847
0.00104424
0.000926462
0.000815232
0.000710643
0.000612791
0.000521775
0.000437695
0.000360656
0.000290759
0.000228094
0.000172725
0.000124697
8.39098e-05
4.92853e-05
1.96142e-05
9.05074e-07
-2.76355e-05
0.0264826
0.0187339
0.0171096
0.0167653
0.0163009
0.0159054
0.0155635
0.0152344
0.0149087
0.014584
0.0142593
0.0139345
0.0136097
0.0132852
0.0129612
0.012638
0.0123158
0.0119947
0.011675
0.0113568
0.0110405
0.0107262
0.010414
0.0101042
0.00979692
0.00949233
0.0091906
0.00889187
0.00859629
0.008304
0.00801512
0.00772979
0.00744813
0.00717024
0.00689624
0.00662624
0.00636034
0.00609863
0.00584121
0.00558818
0.00533961
0.0050956
0.00485623
0.00462159
0.00439175
0.00416679
0.0039468
0.00373185
0.00352202
0.00331738
0.00311801
0.00292399
0.00273539
0.00255229
0.00237477
0.00220291
0.00203679
0.00187648
0.00172207
0.00157364
0.00143128
0.00129507
0.0011651
0.00104146
0.000924241
0.000813539
0.000709448
0.000612065
0.000521488
0.000437816
0.000361146
0.00029157
0.000229166
0.00017398
0.000126035
8.52356e-05
5.05467e-05
2.05774e-05
1.71931e-06
-2.37968e-05
0.0234898
0.0167602
0.0160068
0.0159383
0.015604
0.0153106
0.0150484
0.0147812
0.0145031
0.0142148
0.0139182
0.0136155
0.0133087
0.0129995
0.0126889
0.012378
0.0120673
0.0117573
0.0114483
0.0111406
0.0108344
0.0105299
0.0102273
0.00992682
0.00962858
0.00933275
0.00903948
0.00874891
0.0084612
0.00817649
0.0078949
0.00761657
0.00734162
0.00707017
0.00680234
0.00653823
0.00627796
0.00602163
0.00576933
0.00552118
0.00527726
0.00503767
0.00480249
0.00457183
0.00434575
0.00412437
0.00390775
0.00369598
0.00348915
0.00328734
0.00309064
0.00289913
0.00271289
0.00253201
0.00235657
0.00218666
0.00202237
0.00186378
0.00171098
0.00156406
0.00142312
0.00128825
0.00115953
0.00103708
0.00092098
0.000811335
0.000708245
0.000611809
0.000522124
0.000439286
0.000363379
0.000294476
0.000232621
0.000177806
0.000129977
8.89803e-05
5.38082e-05
2.26671e-05
2.83113e-06
-1.31579e-05
0.0203235
0.0148075
0.0143807
0.0143929
0.0142655
0.0141581
0.0140406
0.013888
0.0136988
0.0134784
0.0132339
0.0129721
0.0126986
0.0124176
0.0121321
0.0118441
0.0115551
0.0112658
0.0109769
0.0106888
0.0104018
0.010116
0.00983172
0.00954903
0.00926812
0.00898911
0.00871217
0.00843743
0.00816504
0.00789514
0.00762786
0.00736334
0.0071017
0.00684307
0.00658758
0.00633534
0.00608647
0.00584108
0.00559929
0.00536119
0.00512691
0.00489653
0.00467016
0.0044479
0.00422986
0.00401612
0.00380679
0.00360196
0.00340173
0.00320619
0.00301545
0.00282959
0.00264872
0.00247292
0.00230231
0.00213697
0.00197702
0.00182253
0.00167363
0.00153041
0.00139297
0.00126143
0.00113588
0.00101644
0.000903214
0.000796313
0.000695846
0.000601918
0.00051463
0.000434073
0.000360317
0.0002934
0.000233308
0.000179938
0.000133068
9.23256e-05
5.68933e-05
2.48622e-05
-5.67772e-07
-1.09853e-06
0.0271156
0.0207854
0.0209776
0.0213412
0.021297
0.0212092
0.021073
0.020872
0.0206159
0.0203181
0.0199904
0.019642
0.0192797
0.018908
0.0185298
0.0181472
0.0177612
0.0173729
0.0169826
0.0165908
0.0161978
0.015804
0.0154094
0.0150145
0.0146194
0.0142244
0.0138297
0.0134357
0.0130425
0.0126504
0.0122597
0.0118706
0.0114834
0.0110984
0.0107157
0.0103356
0.00995848
0.00958447
0.00921384
0.00884685
0.00848375
0.00812478
0.0077702
0.00742026
0.00707519
0.00673526
0.00640072
0.0060718
0.00574877
0.00543188
0.00512136
0.00481748
0.00452049
0.00423064
0.00394817
0.00367335
0.00340642
0.00314764
0.00289726
0.00265553
0.0024227
0.00219903
0.00198476
0.00178016
0.00158548
0.00140095
0.00122683
0.00106337
0.000910787
0.000769316
0.000639155
0.000520474
0.000413395
0.000317966
0.000234136
0.000161736
0.000100331
4.89645e-05
8.72257e-06
-1.96973e-05
0.0299129
0.022319
0.0226992
0.0230478
0.0226702
0.0222953
0.0219577
0.0216141
0.0212596
0.0208955
0.0205235
0.0201455
0.0197626
0.0193759
0.018986
0.0185933
0.0181984
0.0178014
0.0174026
0.0170024
0.016601
0.0161986
0.0157955
0.015392
0.0149882
0.0145846
0.0141812
0.0137785
0.0133766
0.0129759
0.0125765
0.0121787
0.0117828
0.0113891
0.0109978
0.0106091
0.0102233
0.00984069
0.00946149
0.00908596
0.00871436
0.00834695
0.00798397
0.00762568
0.00727234
0.00692421
0.00658153
0.00624458
0.00591359
0.00558883
0.00527056
0.00495903
0.0046545
0.00435721
0.00406744
0.00378543
0.00351144
0.00324572
0.00298852
0.00274011
0.00250073
0.00227064
0.00205008
0.00183931
0.00163859
0.00144815
0.00126824
0.00109911
0.000941006
0.000794152
0.000658778
0.000535102
0.000423321
0.00032361
0.000236122
0.000160981
9.7855e-05
4.58414e-05
7.45149e-06
-2.90162e-05
0.0333178
0.0244842
0.0239964
0.0240464
0.0234444
0.0228852
0.0224164
0.0219814
0.0215635
0.021156
0.0207543
0.0203557
0.0199583
0.0195608
0.0191624
0.0187626
0.0183613
0.0179584
0.017554
0.0171483
0.0167414
0.0163337
0.0159253
0.0155166
0.0151077
0.0146991
0.0142908
0.0138833
0.0134768
0.0130714
0.0126676
0.0122655
0.0118654
0.0114676
0.0110722
0.0106797
0.0102902
0.00990389
0.00952116
0.00914222
0.00876731
0.00839669
0.00803062
0.00766935
0.00731313
0.00696222
0.00661688
0.00627735
0.00594389
0.00561675
0.0052962
0.00498247
0.00467583
0.00437653
0.00408482
0.00380095
0.00352517
0.00325775
0.00299891
0.00274893
0.00250804
0.00227649
0.00205454
0.00184243
0.00164041
0.00144872
0.00126762
0.00109733
0.00093812
0.000790221
0.000653881
0.000529349
0.000416874
0.000316705
0.000229104
0.000154316
9.20849e-05
4.16769e-05
4.87218e-06
-3.47146e-05
0.0342847
0.0250041
0.0243989
0.0244481
0.0237918
0.0231665
0.0226448
0.0221696
0.0217215
0.0212918
0.020874
0.0204637
0.0200576
0.0196536
0.01925
0.018846
0.0184409
0.0180346
0.017627
0.0172182
0.0168084
0.0163978
0.0159866
0.0155751
0.0151636
0.0147523
0.0143415
0.0139315
0.0135225
0.0131148
0.0127087
0.0123044
0.0119022
0.0115023
0.011105
0.0107105
0.0103191
0.00993111
0.00954668
0.00916609
0.00878961
0.00841748
0.00804996
0.0076873
0.00732976
0.00697758
0.00663102
0.00629034
0.00595577
0.00562759
0.00530603
0.00499135
0.0046838
0.00438364
0.00409111
0.00380646
0.00352994
0.00326181
0.0030023
0.00275168
0.00251018
0.00227806
0.00205556
0.00184292
0.00164039
0.00144822
0.00126665
0.00109593
0.000936311
0.000788034
0.000651361
0.000526553
0.000413882
0.000313624
0.000226073
0.000151493
8.96257e-05
3.98464e-05
3.59376e-06
-3.71074e-05
0.0342847
0.0250041
0.0243989
0.0244481
0.0237918
0.0231665
0.0226448
0.0221696
0.0217215
0.0212918
0.020874
0.0204637
0.0200576
0.0196536
0.01925
0.018846
0.0184409
0.0180346
0.017627
0.0172182
0.0168084
0.0163978
0.0159866
0.0155751
0.0151636
0.0147523
0.0143415
0.0139315
0.0135225
0.0131148
0.0127087
0.0123044
0.0119022
0.0115023
0.011105
0.0107105
0.0103191
0.00993111
0.00954668
0.00916609
0.00878961
0.00841748
0.00804996
0.0076873
0.00732976
0.00697758
0.00663102
0.00629034
0.00595577
0.00562759
0.00530603
0.00499135
0.0046838
0.00438364
0.00409111
0.00380646
0.00352994
0.00326181
0.0030023
0.00275168
0.00251018
0.00227806
0.00205556
0.00184292
0.00164039
0.00144822
0.00126665
0.00109593
0.000936311
0.000788034
0.000651361
0.000526553
0.000413882
0.000313624
0.000226073
0.000151492
8.96258e-05
3.98462e-05
3.59221e-06
-3.7108e-05
0.0333178
0.0244842
0.0239964
0.0240464
0.0234444
0.0228852
0.0224164
0.0219814
0.0215635
0.021156
0.0207543
0.0203557
0.0199583
0.0195608
0.0191624
0.0187626
0.0183613
0.0179584
0.017554
0.0171483
0.0167414
0.0163337
0.0159253
0.0155166
0.0151077
0.0146991
0.0142908
0.0138833
0.0134768
0.0130714
0.0126676
0.0122655
0.0118654
0.0114676
0.0110722
0.0106797
0.0102902
0.00990389
0.00952116
0.00914222
0.00876731
0.00839669
0.00803062
0.00766935
0.00731313
0.00696222
0.00661688
0.00627735
0.00594389
0.00561675
0.0052962
0.00498247
0.00467583
0.00437653
0.00408482
0.00380095
0.00352517
0.00325775
0.00299891
0.00274893
0.00250804
0.00227649
0.00205454
0.00184243
0.00164041
0.00144872
0.00126762
0.00109733
0.00093812
0.000790221
0.000653881
0.000529349
0.000416874
0.000316705
0.000229104
0.000154316
9.2085e-05
4.16765e-05
4.87083e-06
-3.47155e-05
0.0299129
0.022319
0.0226992
0.0230478
0.0226702
0.0222953
0.0219577
0.0216141
0.0212596
0.0208955
0.0205235
0.0201455
0.0197626
0.0193759
0.018986
0.0185933
0.0181984
0.0178014
0.0174026
0.0170024
0.016601
0.0161986
0.0157955
0.015392
0.0149882
0.0145846
0.0141812
0.0137785
0.0133766
0.0129759
0.0125765
0.0121787
0.0117828
0.0113891
0.0109978
0.0106091
0.0102233
0.00984069
0.00946149
0.00908596
0.00871436
0.00834695
0.00798397
0.00762568
0.00727234
0.00692421
0.00658153
0.00624458
0.00591359
0.00558883
0.00527056
0.00495903
0.0046545
0.00435721
0.00406744
0.00378543
0.00351144
0.00324572
0.00298852
0.00274011
0.00250073
0.00227064
0.00205008
0.00183931
0.00163859
0.00144815
0.00126824
0.00109911
0.000941006
0.000794152
0.000658778
0.000535102
0.000423321
0.00032361
0.000236122
0.000160981
9.78549e-05
4.58412e-05
7.4517e-06
-2.90169e-05
0.0271156
0.0207854
0.0209776
0.0213412
0.021297
0.0212092
0.021073
0.020872
0.0206159
0.0203181
0.0199904
0.019642
0.0192797
0.018908
0.0185298
0.0181472
0.0177612
0.0173729
0.0169826
0.0165908
0.0161978
0.015804
0.0154094
0.0150145
0.0146194
0.0142244
0.0138297
0.0134357
0.0130425
0.0126504
0.0122597
0.0118706
0.0114834
0.0110984
0.0107157
0.0103356
0.00995848
0.00958447
0.00921384
0.00884685
0.00848375
0.00812478
0.0077702
0.00742026
0.00707519
0.00673526
0.00640072
0.0060718
0.00574877
0.00543188
0.00512136
0.00481748
0.00452049
0.00423064
0.00394817
0.00367335
0.00340642
0.00314764
0.00289726
0.00265553
0.0024227
0.00219903
0.00198476
0.00178016
0.00158548
0.00140095
0.00122683
0.00106337
0.000910787
0.000769316
0.000639155
0.000520474
0.000413395
0.000317966
0.000234136
0.000161736
0.000100332
4.89657e-05
8.72301e-06
-1.96993e-05
0.0319218
0.0265751
0.0271982
0.0278257
0.0278364
0.0276615
0.0273903
0.0270476
0.0266534
0.0262236
0.0257699
0.0253
0.0248191
0.0243305
0.0238361
0.0233375
0.0228355
0.0223307
0.0218238
0.0213151
0.020805
0.0202938
0.0197819
0.0192696
0.0187572
0.0182451
0.0177336
0.017223
0.0167136
0.0162058
0.0156998
0.015196
0.0146946
0.0141961
0.0137007
0.0132087
0.0127205
0.0122362
0.0117564
0.0112812
0.0108111
0.0103462
0.00988695
0.00943366
0.00898662
0.00854619
0.00811267
0.0076864
0.00726771
0.00685693
0.00645442
0.00606049
0.00567551
0.00529982
0.00493376
0.00457769
0.00423197
0.00389695
0.00357299
0.00326047
0.00295973
0.00267115
0.0023951
0.00213194
0.00188205
0.0016458
0.00142356
0.00121569
0.00102257
0.000844559
0.000682024
0.000535335
0.000404881
0.000291093
0.000194513
0.00011592
5.6398e-05
1.70589e-05
6.31113e-07
-2.8002e-06
0.0343181
0.0282065
0.0289493
0.0293592
0.028984
0.0284958
0.0279991
0.0274993
0.0270003
0.0265029
0.0260062
0.0255093
0.0250113
0.0245113
0.024009
0.0235042
0.0229969
0.0224873
0.0219758
0.0214625
0.0209478
0.0204321
0.0199158
0.019399
0.0188823
0.018366
0.0178503
0.0173355
0.0168222
0.0163104
0.0158006
0.0152931
0.0147881
0.014286
0.0137871
0.0132918
0.0128002
0.0123127
0.0118297
0.0113514
0.0108782
0.0104103
0.00994816
0.00949198
0.00904211
0.00859889
0.00816263
0.00773367
0.00731234
0.00689896
0.00649389
0.00609745
0.00570999
0.00533186
0.0049634
0.00460497
0.00425692
0.00391961
0.00359339
0.00327863
0.0029757
0.00268495
0.00240675
0.00214148
0.0018895
0.00165117
0.00142688
0.00121699
0.00102188
0.000841918
0.00067751
0.000529068
0.000397056
0.000282015
0.00018463
0.000105849
4.67703e-05
8.2044e-06
-6.22408e-06
-1.79236e-06
0.0377842
0.0303197
0.0303087
0.0303934
0.0297375
0.0290159
0.0283481
0.0277292
0.0271496
0.026599
0.0260679
0.0255491
0.0250371
0.0245283
0.0240202
0.0235115
0.0230013
0.0224894
0.0219757
0.0214605
0.020944
0.0204265
0.0199084
0.0193901
0.0188717
0.0183539
0.0178367
0.0173207
0.016806
0.0162931
0.0157822
0.0152737
0.0147678
0.0142649
0.0137653
0.0132693
0.0127771
0.0122892
0.0118058
0.0113271
0.0108536
0.0103856
0.00992325
0.00946698
0.00901709
0.0085739
0.00813772
0.00770888
0.00728771
0.00687455
0.00646971
0.00607355
0.0056864
0.0053086
0.0049405
0.00458244
0.00423479
0.00389788
0.00357209
0.00325776
0.00295526
0.00266495
0.0023872
0.00212236
0.00187081
0.00163293
0.00140906
0.00119961
0.00100494
0.000825462
0.000661588
0.000513779
0.000382553
0.000268522
0.00017245
9.53376e-05
3.82804e-05
2.05997e-06
-9.54094e-06
-1.91614e-06
0.0388815
0.0309121
0.0307864
0.0308403
0.0300937
0.0292746
0.0285284
0.0278513
0.0272303
0.0266509
0.0261005
0.0255689
0.0250486
0.0245345
0.024023
0.023512
0.0230003
0.0224872
0.0219727
0.0214567
0.0209396
0.0204214
0.0199027
0.0193837
0.0188649
0.0183464
0.0178288
0.0173123
0.0167972
0.0162838
0.0157726
0.0152637
0.0147576
0.0142544
0.0137545
0.0132583
0.012766
0.0122779
0.0117944
0.0113157
0.0108421
0.010374
0.00991171
0.00945546
0.00900561
0.00856247
0.00812636
0.00769762
0.00727656
0.00686351
0.00645881
0.00606279
0.00567579
0.00529815
0.00493022
0.00457234
0.00422487
0.00388815
0.00356255
0.00324842
0.00294611
0.002656
0.00237844
0.00211379
0.00186244
0.00162474
0.00140107
0.00119182
0.000997363
0.000818117
0.000654516
0.000507039
0.000376231
0.000262729
0.000167311
9.09722e-05
3.47924e-05
-4.50269e-07
-1.11316e-05
-2.72841e-06
0.0388815
0.0309121
0.0307864
0.0308403
0.0300937
0.0292746
0.0285284
0.0278513
0.0272303
0.0266509
0.0261005
0.0255689
0.0250486
0.0245345
0.024023
0.023512
0.0230003
0.0224872
0.0219727
0.0214567
0.0209396
0.0204214
0.0199027
0.0193837
0.0188649
0.0183464
0.0178288
0.0173123
0.0167972
0.0162838
0.0157726
0.0152637
0.0147576
0.0142544
0.0137545
0.0132583
0.012766
0.0122779
0.0117944
0.0113157
0.0108421
0.010374
0.00991171
0.00945546
0.00900561
0.00856247
0.00812636
0.00769762
0.00727656
0.00686351
0.00645881
0.00606279
0.00567579
0.00529815
0.00493022
0.00457234
0.00422487
0.00388815
0.00356255
0.00324842
0.00294611
0.002656
0.00237844
0.00211379
0.00186244
0.00162474
0.00140107
0.00119182
0.000997363
0.000818117
0.000654516
0.000507039
0.000376232
0.000262729
0.000167311
9.09725e-05
3.47929e-05
-4.51563e-07
-1.11351e-05
-2.71514e-06
0.0377842
0.0303197
0.0303087
0.0303934
0.0297375
0.0290159
0.0283481
0.0277292
0.0271496
0.026599
0.0260679
0.0255491
0.0250371
0.0245283
0.0240202
0.0235115
0.0230013
0.0224894
0.0219757
0.0214605
0.020944
0.0204265
0.0199084
0.0193901
0.0188717
0.0183539
0.0178367
0.0173207
0.016806
0.0162931
0.0157822
0.0152737
0.0147678
0.0142649
0.0137653
0.0132693
0.0127771
0.0122892
0.0118058
0.0113271
0.0108536
0.0103856
0.00992325
0.00946698
0.00901709
0.0085739
0.00813772
0.00770888
0.00728771
0.00687455
0.00646971
0.00607355
0.0056864
0.0053086
0.0049405
0.00458244
0.00423479
0.00389788
0.00357209
0.00325776
0.00295526
0.00266495
0.0023872
0.00212236
0.00187081
0.00163293
0.00140906
0.00119961
0.00100494
0.000825462
0.000661588
0.000513779
0.000382553
0.000268522
0.00017245
9.53378e-05
3.82801e-05
2.05792e-06
-9.54107e-06
-1.90364e-06
0.0343181
0.0282065
0.0289493
0.0293592
0.028984
0.0284958
0.0279991
0.0274993
0.0270003
0.0265029
0.0260062
0.0255093
0.0250113
0.0245113
0.024009
0.0235042
0.0229969
0.0224873
0.0219758
0.0214625
0.0209478
0.0204321
0.0199158
0.019399
0.0188823
0.018366
0.0178503
0.0173355
0.0168222
0.0163104
0.0158006
0.0152931
0.0147881
0.014286
0.0137871
0.0132918
0.0128002
0.0123127
0.0118297
0.0113514
0.0108782
0.0104103
0.00994816
0.00949198
0.00904211
0.00859889
0.00816263
0.00773367
0.00731234
0.00689896
0.00649389
0.00609745
0.00570999
0.00533186
0.0049634
0.00460497
0.00425692
0.00391961
0.00359339
0.00327863
0.0029757
0.00268495
0.00240675
0.00214148
0.0018895
0.00165117
0.00142688
0.00121699
0.00102188
0.000841918
0.00067751
0.000529069
0.000397057
0.000282015
0.00018463
0.000105849
4.6769e-05
8.20379e-06
-6.2211e-06
-1.79982e-06
0.0319218
0.0265751
0.0271982
0.0278257
0.0278364
0.0276615
0.0273903
0.0270476
0.0266534
0.0262236
0.0257699
0.0253
0.0248191
0.0243305
0.0238361
0.0233375
0.0228355
0.0223307
0.0218238
0.0213151
0.020805
0.0202938
0.0197819
0.0192696
0.0187572
0.0182451
0.0177336
0.017223
0.0167136
0.0162058
0.0156998
0.015196
0.0146946
0.0141961
0.0137007
0.0132087
0.0127205
0.0122362
0.0117564
0.0112812
0.0108111
0.0103462
0.00988695
0.00943366
0.00898662
0.00854619
0.00811267
0.0076864
0.00726771
0.00685693
0.00645442
0.00606049
0.00567551
0.00529982
0.00493376
0.00457769
0.00423197
0.00389695
0.00357299
0.00326047
0.00295973
0.00267115
0.0023951
0.00213194
0.00188205
0.0016458
0.00142356
0.00121569
0.00102257
0.000844559
0.000682024
0.000535335
0.000404881
0.000291093
0.000194514
0.00011592
5.63981e-05
1.70597e-05
6.31092e-07
-2.8009e-06
)
;

boundaryField
{
    left
    {
        type            zeroGradient;
    }
    right
    {
        type            pressureTraction;
        value           nonuniform List<scalar> 
64
(
2.31466e-05
2.55085e-05
2.56462e-05
2.67475e-05
2.6747e-05
2.56447e-05
2.55085e-05
2.31443e-05
-4.12139e-07
2.07132e-05
2.33494e-05
2.54666e-05
2.54673e-05
2.33507e-05
2.07141e-05
-4.13409e-07
-4.45195e-05
-1.08097e-05
-8.33994e-06
-6.34437e-06
-6.34418e-06
-8.3395e-06
-1.08093e-05
-4.45211e-05
-9.41707e-05
-6.13495e-05
-6.26437e-05
-6.19775e-05
-6.19779e-05
-6.26445e-05
-6.13498e-05
-9.41711e-05
-0.000123671
-0.000105225
-0.000110863
-0.000111904
-0.000111904
-0.000110864
-0.000105225
-0.00012367
-0.000118659
-0.000120506
-0.000127837
-0.000129802
-0.000129802
-0.000127837
-0.000120507
-0.000118659
-7.70665e-05
-9.56541e-05
-9.87606e-05
-9.93957e-05
-9.93979e-05
-9.87637e-05
-9.5652e-05
-7.70653e-05
-6.61133e-06
-1.70782e-05
-1.59855e-05
-1.6712e-05
-1.67203e-05
-1.59935e-05
-1.70679e-05
-6.6067e-06
)
;
    }
    back
    {
        type            pressureTraction;
        value           nonuniform List<scalar> 
640
(
-0.0452676
-0.0267246
-0.012651
-0.000611212
0.0105032
0.0213013
0.0313413
0.0412175
-0.0375369
-0.0228343
-0.0107845
-0.000963299
0.00704775
0.0140084
0.0200527
0.0257109
-0.0362593
-0.0226556
-0.0113347
-0.0016312
0.00657731
0.0137979
0.0203229
0.0264027
-0.0359074
-0.0226002
-0.0116643
-0.00201718
0.00636477
0.0138187
0.0206597
0.0270891
-0.0357399
-0.0224752
-0.0117459
-0.00219287
0.00621764
0.0137682
0.0207584
0.0272734
-0.0355298
-0.0223278
-0.0117317
-0.0022624
0.00613501
0.0137296
0.0207936
0.0272478
-0.0352096
-0.0221343
-0.0116649
-0.0022832
0.00607235
0.0136644
0.0207398
0.0270835
-0.0347802
-0.0218906
-0.0115657
-0.00228515
0.00600329
0.0135537
0.0205952
0.0268139
-0.0342602
-0.0216019
-0.011445
-0.00228287
0.00591697
0.0133972
0.0203767
0.0264681
-0.0336706
-0.0212763
-0.0113086
-0.0022823
0.00581131
0.0132018
0.0201032
0.0260695
-0.0330304
-0.0209215
-0.0111604
-0.0022849
0.00568872
0.0129764
0.0197908
0.0256359
-0.032355
-0.0205447
-0.0110028
-0.00229013
0.00555323
0.0127296
0.0194519
0.025179
-0.0316562
-0.0201517
-0.0108374
-0.00229668
0.0054089
0.0124682
0.0190955
0.0247067
-0.0309426
-0.0197469
-0.0106656
-0.00230319
0.00525917
0.0121974
0.0187275
0.024224
-0.0302206
-0.0193337
-0.0104881
-0.0023085
0.00510669
0.011921
0.0183518
0.0237343
-0.0294945
-0.0189144
-0.0103056
-0.00231174
0.00495336
0.0116413
0.017971
0.0232394
-0.0287673
-0.0184908
-0.0101186
-0.00231235
0.00480048
0.0113601
0.0175867
0.0227407
-0.0280412
-0.0180643
-0.00992763
-0.00231
0.00464888
0.0110783
0.0172
0.0222391
-0.0273177
-0.0176359
-0.00973308
-0.00230452
0.00449908
0.0107968
0.0168114
0.0217353
-0.0265977
-0.0172063
-0.0095353
-0.00229589
0.00435137
0.0105158
0.0164214
0.0212296
-0.0258821
-0.0167762
-0.00933466
-0.00228416
0.00420594
0.0102357
0.0160303
0.0207224
-0.0251713
-0.016346
-0.00913146
-0.00226941
0.00406286
0.00995678
0.0156385
0.0202142
-0.0244658
-0.0159162
-0.00892601
-0.00225176
0.0039222
0.00967912
0.0152461
0.0197052
-0.023766
-0.0154871
-0.00871859
-0.00223133
0.00378397
0.00940292
0.0148535
0.0191957
-0.0230721
-0.0150592
-0.00850944
-0.00220824
0.00364819
0.00912831
0.0144608
0.0186862
-0.0223843
-0.0146327
-0.00829882
-0.00218261
0.00351489
0.00885545
0.0140683
0.0181768
-0.021703
-0.0142079
-0.00808695
-0.00215457
0.00338406
0.00858446
0.0136763
0.017668
-0.0210283
-0.0137851
-0.00787405
-0.00212422
0.00325573
0.0083155
0.0132849
0.0171599
-0.0203603
-0.0133645
-0.00766033
-0.00209167
0.00312991
0.0080487
0.0128945
0.0166531
-0.0196994
-0.0129464
-0.00744601
-0.00205704
0.00300661
0.00778422
0.0125053
0.0161477
-0.0190457
-0.0125311
-0.00723127
-0.00202041
0.00288586
0.00752217
0.0121176
0.0156441
-0.0183993
-0.0121187
-0.00701632
-0.00198191
0.00276765
0.00726271
0.0117316
0.0151426
-0.0177605
-0.0117095
-0.00680135
-0.00194163
0.00265201
0.00700596
0.0113475
0.0146435
-0.0171294
-0.0113038
-0.00658654
-0.00189967
0.00253894
0.00675205
0.0109656
0.0141472
-0.0165062
-0.0109017
-0.00637209
-0.00185615
0.00242845
0.00650111
0.0105862
0.0136539
-0.015891
-0.0105034
-0.00615819
-0.00181117
0.00232054
0.00625327
0.0102095
0.013164
-0.0152841
-0.0101092
-0.00594502
-0.00176483
0.0022152
0.00600863
0.00983571
0.0126778
-0.0146856
-0.00971937
-0.00573276
-0.00171725
0.00211246
0.00576732
0.00946513
0.0121955
-0.0140957
-0.009334
-0.00552161
-0.00166852
0.00201228
0.00552945
0.00909798
0.0117176
-0.0135145
-0.00895334
-0.00531175
-0.00161877
0.00191468
0.00529514
0.00873451
0.0112443
-0.0129423
-0.00857761
-0.00510336
-0.0015681
0.00181965
0.00506448
0.00837497
0.0107759
-0.0123792
-0.008207
-0.00489663
-0.00151661
0.00172717
0.0048376
0.00801959
0.0103128
-0.0118255
-0.00784174
-0.00469174
-0.00146443
0.00163724
0.00461459
0.00766862
0.00985528
-0.0112813
-0.00748202
-0.00448887
-0.00141167
0.00154984
0.00439556
0.0073223
0.00940366
-0.0107468
-0.00712806
-0.0042882
-0.00135842
0.00146497
0.00418062
0.00698088
0.00895826
-0.0102222
-0.00678007
-0.00408993
-0.00130482
0.00138261
0.00396985
0.0066446
0.00851941
-0.00970773
-0.00643824
-0.00389422
-0.00125095
0.00130274
0.00376337
0.0063137
0.00808744
-0.0092036
-0.0061028
-0.00370127
-0.00119695
0.00122536
0.00356128
0.00598843
0.00766268
-0.00871002
-0.00577394
-0.00351125
-0.00114292
0.00115045
0.00336368
0.00566903
0.00724547
-0.0082272
-0.00545188
-0.00332435
-0.00108897
0.001078
0.00317066
0.00535576
0.00683613
-0.00775537
-0.00513683
-0.00314074
-0.00103522
0.00100799
0.00298232
0.00504885
0.00643502
-0.00729476
-0.004829
-0.00296061
-0.000981763
0.000940401
0.00279877
0.00474854
0.00604247
-0.00684559
-0.00452861
-0.00278414
-0.00092872
0.000875232
0.00262011
0.0044551
0.00565882
-0.00640811
-0.00423586
-0.0026115
-0.000876197
0.000812466
0.00244644
0.00416877
0.00528444
-0.00598256
-0.00395097
-0.00244288
-0.000824302
0.000752091
0.00227785
0.00388978
0.00491966
-0.00556917
-0.00367417
-0.00227846
-0.000773142
0.000694096
0.00211446
0.0036184
0.00456484
-0.0051682
-0.00340565
-0.00211841
-0.000722823
0.000638471
0.00195636
0.00335487
0.00422034
-0.0047799
-0.00314566
-0.00196291
-0.000673448
0.000585209
0.00180366
0.00309944
0.00388652
-0.00440453
-0.00289439
-0.00181214
-0.000625122
0.0005343
0.00165647
0.00285237
0.00356373
-0.00404236
-0.00265208
-0.00166627
-0.000577947
0.00048574
0.00151489
0.00261389
0.00325235
-0.00369363
-0.00241895
-0.00152549
-0.000532023
0.000439524
0.00137902
0.00238427
0.00295274
-0.00335863
-0.00219522
-0.00138996
-0.000487449
0.000395649
0.00124899
0.00216375
0.00266527
-0.00303763
-0.00198111
-0.00125986
-0.000444323
0.000354113
0.0011249
0.00195259
0.0023903
-0.00273089
-0.00177686
-0.00113537
-0.000402741
0.000314916
0.00100685
0.00175103
0.00212822
-0.00243871
-0.00158268
-0.00101665
-0.000362796
0.000278061
0.000894977
0.00155933
0.00187938
-0.00216136
-0.0013988
-0.00090387
-0.000324582
0.000243549
0.000789376
0.00137773
0.00164417
-0.00189911
-0.00122546
-0.000797207
-0.000288188
0.000211383
0.000690163
0.00120649
0.00142295
-0.00165226
-0.00106286
-0.000696819
-0.000253701
0.000181565
0.000597446
0.00104584
0.00121609
-0.00142106
-0.000911232
-0.000602859
-0.000221207
0.000154093
0.000511325
0.00089602
0.00102396
-0.00120578
-0.00077077
-0.000515469
-0.000190781
0.000128962
0.000431888
0.000757235
0.000846914
-0.00100666
-0.000641659
-0.00043477
-0.000162495
0.000106152
0.000359196
0.00062968
0.000685307
-0.000823926
-0.000524052
-0.000360842
-0.000136403
8.56291e-05
0.000293273
0.0005135
0.000539486
-0.000657761
-0.000418051
-0.000293713
-0.000112536
6.73261e-05
0.000234075
0.000408782
0.000409805
-0.000508332
-0.000323692
-0.000233318
-9.08973e-05
5.1126e-05
0.000181451
0.000315514
0.000296645
-0.000375806
-0.000240915
-0.000179472
-7.14501e-05
3.68341e-05
0.000135095
0.000233546
0.000200485
-0.000260473
-0.000169513
-0.000131805
-5.40918e-05
2.41839e-05
9.45188e-05
0.000162577
0.000122054
-0.000162733
-0.000109135
-8.98829e-05
-3.88213e-05
1.27102e-05
5.89756e-05
0.00010212
6.24835e-05
-8.48195e-05
-6.04745e-05
-5.4968e-05
-2.77191e-05
7.84445e-08
2.64174e-05
5.11322e-05
2.30846e-05
-2.46516e-05
-2.12401e-05
-2.42656e-05
-1.7936e-05
-1.1357e-05
-1.89351e-06
9.98785e-06
6.11822e-06
1.08623e-05
2.98522e-05
4.20085e-05
4.14123e-05
2.59115e-05
4.36414e-06
-1.65113e-05
-2.42776e-06
)
;
    }
    front
    {
        type            pressureTraction;
        value           nonuniform List<scalar> 
640
(
-0.0452676
-0.0267246
-0.012651
-0.000611212
0.0105032
0.0213013
0.0313413
0.0412175
-0.0375369
-0.0228343
-0.0107845
-0.000963299
0.00704775
0.0140084
0.0200527
0.0257109
-0.0362593
-0.0226556
-0.0113347
-0.0016312
0.00657731
0.0137979
0.0203229
0.0264027
-0.0359074
-0.0226002
-0.0116643
-0.00201718
0.00636477
0.0138187
0.0206597
0.0270891
-0.0357399
-0.0224752
-0.0117459
-0.00219287
0.00621764
0.0137682
0.0207584
0.0272734
-0.0355298
-0.0223278
-0.0117317
-0.0022624
0.00613501
0.0137296
0.0207936
0.0272478
-0.0352096
-0.0221343
-0.0116649
-0.0022832
0.00607235
0.0136644
0.0207398
0.0270835
-0.0347802
-0.0218906
-0.0115657
-0.00228515
0.00600329
0.0135537
0.0205952
0.0268139
-0.0342602
-0.0216019
-0.011445
-0.00228287
0.00591697
0.0133972
0.0203767
0.0264681
-0.0336706
-0.0212763
-0.0113086
-0.0022823
0.00581131
0.0132018
0.0201032
0.0260695
-0.0330304
-0.0209215
-0.0111604
-0.0022849
0.00568872
0.0129764
0.0197908
0.0256359
-0.032355
-0.0205447
-0.0110028
-0.00229013
0.00555323
0.0127296
0.0194519
0.025179
-0.0316562
-0.0201517
-0.0108374
-0.00229668
0.0054089
0.0124682
0.0190955
0.0247067
-0.0309426
-0.0197469
-0.0106656
-0.00230319
0.00525917
0.0121974
0.0187275
0.024224
-0.0302206
-0.0193337
-0.0104881
-0.0023085
0.00510669
0.011921
0.0183518
0.0237343
-0.0294945
-0.0189144
-0.0103056
-0.00231174
0.00495336
0.0116413
0.017971
0.0232394
-0.0287673
-0.0184908
-0.0101186
-0.00231235
0.00480048
0.0113601
0.0175867
0.0227407
-0.0280412
-0.0180643
-0.00992763
-0.00231
0.00464888
0.0110783
0.0172
0.0222391
-0.0273177
-0.0176359
-0.00973308
-0.00230452
0.00449908
0.0107968
0.0168114
0.0217353
-0.0265977
-0.0172063
-0.0095353
-0.00229589
0.00435137
0.0105158
0.0164214
0.0212296
-0.0258821
-0.0167762
-0.00933466
-0.00228416
0.00420594
0.0102357
0.0160303
0.0207224
-0.0251713
-0.016346
-0.00913146
-0.00226941
0.00406286
0.00995678
0.0156385
0.0202142
-0.0244658
-0.0159162
-0.00892601
-0.00225176
0.0039222
0.00967912
0.0152461
0.0197052
-0.023766
-0.0154871
-0.00871859
-0.00223133
0.00378397
0.00940292
0.0148535
0.0191957
-0.0230721
-0.0150592
-0.00850944
-0.00220824
0.00364819
0.00912831
0.0144608
0.0186862
-0.0223843
-0.0146327
-0.00829882
-0.00218262
0.00351489
0.00885545
0.0140683
0.0181768
-0.021703
-0.0142079
-0.00808695
-0.00215457
0.00338406
0.00858446
0.0136763
0.017668
-0.0210283
-0.0137851
-0.00787405
-0.00212422
0.00325573
0.0083155
0.0132849
0.0171599
-0.0203603
-0.0133645
-0.00766033
-0.00209167
0.00312991
0.0080487
0.0128945
0.0166531
-0.0196994
-0.0129464
-0.00744601
-0.00205704
0.00300661
0.00778422
0.0125053
0.0161477
-0.0190457
-0.0125311
-0.00723127
-0.00202041
0.00288586
0.00752217
0.0121176
0.0156441
-0.0183993
-0.0121187
-0.00701632
-0.00198191
0.00276765
0.00726271
0.0117316
0.0151426
-0.0177605
-0.0117095
-0.00680135
-0.00194163
0.00265201
0.00700596
0.0113475
0.0146435
-0.0171294
-0.0113038
-0.00658654
-0.00189967
0.00253894
0.00675205
0.0109656
0.0141472
-0.0165062
-0.0109017
-0.00637209
-0.00185615
0.00242845
0.00650111
0.0105862
0.0136539
-0.015891
-0.0105034
-0.00615819
-0.00181117
0.00232054
0.00625327
0.0102095
0.013164
-0.0152841
-0.0101092
-0.00594502
-0.00176483
0.0022152
0.00600863
0.00983571
0.0126778
-0.0146856
-0.00971937
-0.00573276
-0.00171725
0.00211246
0.00576732
0.00946513
0.0121955
-0.0140957
-0.009334
-0.00552161
-0.00166852
0.00201228
0.00552945
0.00909798
0.0117176
-0.0135145
-0.00895334
-0.00531175
-0.00161877
0.00191468
0.00529514
0.00873451
0.0112443
-0.0129423
-0.00857761
-0.00510336
-0.0015681
0.00181965
0.00506448
0.00837497
0.0107759
-0.0123792
-0.008207
-0.00489663
-0.00151662
0.00172717
0.0048376
0.00801959
0.0103128
-0.0118255
-0.00784174
-0.00469174
-0.00146443
0.00163724
0.00461459
0.00766862
0.00985528
-0.0112813
-0.00748202
-0.00448887
-0.00141167
0.00154984
0.00439556
0.0073223
0.00940366
-0.0107468
-0.00712806
-0.0042882
-0.00135842
0.00146497
0.00418062
0.00698088
0.00895826
-0.0102222
-0.00678007
-0.00408993
-0.00130482
0.00138261
0.00396985
0.0066446
0.00851941
-0.00970773
-0.00643824
-0.00389422
-0.00125095
0.00130274
0.00376337
0.0063137
0.00808744
-0.0092036
-0.00610279
-0.00370127
-0.00119695
0.00122536
0.00356128
0.00598843
0.00766268
-0.00871002
-0.00577394
-0.00351125
-0.00114292
0.00115045
0.00336368
0.00566903
0.00724547
-0.0082272
-0.00545188
-0.00332435
-0.00108897
0.001078
0.00317066
0.00535576
0.00683613
-0.00775537
-0.00513683
-0.00314074
-0.00103522
0.00100799
0.00298232
0.00504885
0.00643502
-0.00729476
-0.004829
-0.00296061
-0.000981763
0.000940401
0.00279877
0.00474854
0.00604247
-0.00684559
-0.00452861
-0.00278414
-0.00092872
0.000875232
0.00262011
0.0044551
0.00565882
-0.00640811
-0.00423586
-0.0026115
-0.000876197
0.000812466
0.00244644
0.00416876
0.00528444
-0.00598256
-0.00395097
-0.00244288
-0.000824302
0.000752091
0.00227785
0.00388978
0.00491966
-0.00556917
-0.00367417
-0.00227846
-0.000773142
0.000694096
0.00211446
0.0036184
0.00456484
-0.0051682
-0.00340565
-0.00211841
-0.000722822
0.000638472
0.00195636
0.00335487
0.00422034
-0.0047799
-0.00314566
-0.00196291
-0.000673448
0.000585209
0.00180366
0.00309944
0.00388652
-0.00440453
-0.00289439
-0.00181214
-0.000625122
0.000534301
0.00165647
0.00285237
0.00356373
-0.00404235
-0.00265208
-0.00166627
-0.000577947
0.000485741
0.00151489
0.00261389
0.00325235
-0.00369363
-0.00241895
-0.00152549
-0.000532023
0.000439525
0.00137902
0.00238427
0.00295274
-0.00335863
-0.00219522
-0.00138996
-0.000487449
0.000395649
0.00124899
0.00216375
0.00266527
-0.00303763
-0.00198111
-0.00125986
-0.000444323
0.000354113
0.0011249
0.00195259
0.0023903
-0.00273089
-0.00177686
-0.00113537
-0.000402741
0.000314917
0.00100685
0.00175103
0.00212822
-0.00243871
-0.00158268
-0.00101665
-0.000362796
0.000278062
0.000894977
0.00155933
0.00187938
-0.00216136
-0.0013988
-0.000903871
-0.000324582
0.00024355
0.000789376
0.00137773
0.00164417
-0.00189911
-0.00122546
-0.000797208
-0.000288188
0.000211383
0.000690163
0.00120649
0.00142295
-0.00165226
-0.00106286
-0.000696819
-0.000253702
0.000181565
0.000597446
0.00104584
0.00121609
-0.00142106
-0.000911231
-0.000602859
-0.000221207
0.000154094
0.000511325
0.00089602
0.00102396
-0.00120578
-0.000770769
-0.00051547
-0.000190782
0.000128962
0.000431888
0.000757235
0.000846914
-0.00100666
-0.000641658
-0.000434769
-0.000162496
0.000106153
0.000359197
0.000629679
0.000685307
-0.000823925
-0.000524051
-0.000360842
-0.000136403
8.56294e-05
0.000293274
0.0005135
0.000539486
-0.000657759
-0.000418051
-0.000293712
-0.000112537
6.73262e-05
0.000234075
0.000408782
0.000409805
-0.000508331
-0.000323691
-0.000233318
-9.08975e-05
5.1126e-05
0.000181452
0.000315513
0.000296645
-0.000375809
-0.000240914
-0.000179473
-7.14504e-05
3.68343e-05
0.000135095
0.000233546
0.000200484
-0.000260472
-0.000169513
-0.000131805
-5.40923e-05
2.41842e-05
9.45195e-05
0.000162577
0.000122055
-0.000162731
-0.000109136
-8.98827e-05
-3.88216e-05
1.27103e-05
5.89768e-05
0.000102121
6.24843e-05
-8.48184e-05
-6.04752e-05
-5.4968e-05
-2.77191e-05
7.78906e-08
2.64186e-05
5.11341e-05
2.3087e-05
-2.46514e-05
-2.12406e-05
-2.42666e-05
-1.79365e-05
-1.13573e-05
-1.89329e-06
9.9886e-06
6.1238e-06
1.08602e-05
2.98518e-05
4.2006e-05
4.14107e-05
2.59119e-05
4.36334e-06
-1.6513e-05
-2.43048e-06
)
;
    }
    top
    {
        type            pressureTraction;
        value           nonuniform List<scalar> 
640
(
0.0355539
0.039918
0.0454057
0.0478421
0.0478421
0.0454057
0.039918
0.0355539
0.028983
0.0307226
0.0325823
0.0331315
0.0331315
0.0325823
0.0307226
0.028983
0.0301989
0.0319922
0.0333416
0.033849
0.033849
0.0333416
0.0319922
0.0301989
0.0311921
0.032585
0.0336352
0.0341121
0.0341121
0.0336352
0.032585
0.0311921
0.0314276
0.0323588
0.0331028
0.0334753
0.0334753
0.0331028
0.0323588
0.0314276
0.0314048
0.0319752
0.0324517
0.0327067
0.0327067
0.0324517
0.0319752
0.0314048
0.0312453
0.0315528
0.0318259
0.0319829
0.0319829
0.0318259
0.0315528
0.0312453
0.0309869
0.0311121
0.0312395
0.0313219
0.0313219
0.0312395
0.0311121
0.0309869
0.03066
0.030664
0.0306905
0.0307186
0.0307186
0.0306905
0.030664
0.03066
0.0302881
0.0302127
0.0301708
0.0301606
0.0301606
0.0301708
0.0302127
0.0302881
0.0298873
0.0297595
0.0296716
0.0296351
0.0296351
0.0296716
0.0297595
0.0298873
0.0294673
0.029304
0.0291854
0.029131
0.029131
0.0291854
0.029304
0.0294673
0.0290337
0.0288451
0.0287059
0.0286394
0.0286394
0.0287059
0.0288451
0.0290337
0.0285895
0.0283818
0.0282283
0.0281537
0.0281537
0.0282283
0.0283818
0.0285895
0.0281363
0.0279129
0.0277493
0.0276693
0.0276693
0.0277493
0.0279129
0.0281363
0.027675
0.027438
0.0272668
0.0271829
0.0271829
0.0272668
0.027438
0.027675
0.0272059
0.0269566
0.0267793
0.0266927
0.0266927
0.0267793
0.0269566
0.0272059
0.0267293
0.0264686
0.0262861
0.0261975
0.0261975
0.0262861
0.0264686
0.0267293
0.0262453
0.0259738
0.0257869
0.0256967
0.0256967
0.0257869
0.0259738
0.0262453
0.0257542
0.0254726
0.0252816
0.0251901
0.0251901
0.0252816
0.0254726
0.0257542
0.0252562
0.024965
0.0247704
0.0246777
0.0246777
0.0247704
0.024965
0.0252562
0.0247516
0.0244513
0.0242534
0.0241597
0.0241597
0.0242534
0.0244513
0.0247516
0.0242405
0.0239318
0.023731
0.0236364
0.0236364
0.023731
0.0239318
0.0242405
0.0237234
0.0234069
0.0232035
0.0231082
0.0231082
0.0232035
0.0234069
0.0237234
0.0232005
0.022877
0.0226712
0.0225753
0.0225753
0.0226712
0.022877
0.0232005
0.0226721
0.0223423
0.0221345
0.0220381
0.0220381
0.0221345
0.0223423
0.0226721
0.0221388
0.0218033
0.0215938
0.0214971
0.0214971
0.0215938
0.0218033
0.0221388
0.0216008
0.0212603
0.0210495
0.0209526
0.0209526
0.0210495
0.0212603
0.0216008
0.0210586
0.0207138
0.020502
0.020405
0.020405
0.020502
0.0207138
0.0210586
0.0205125
0.0201642
0.0199518
0.0198548
0.0198548
0.0199518
0.0201642
0.0205125
0.0199631
0.0196119
0.0193992
0.0193024
0.0193024
0.0193992
0.0196119
0.0199631
0.0194107
0.0190573
0.0188447
0.0187483
0.0187483
0.0188447
0.0190573
0.0194107
0.0188557
0.0185009
0.0182887
0.0181928
0.0181928
0.0182887
0.0185009
0.0188557
0.0182988
0.0179431
0.0177317
0.0176364
0.0176364
0.0177317
0.0179431
0.0182988
0.0177402
0.0173845
0.0171741
0.0170796
0.0170796
0.0171741
0.0173845
0.0177402
0.0171806
0.0168254
0.0166165
0.0165228
0.0165228
0.0166165
0.0168254
0.0171806
0.0166205
0.0162664
0.0160592
0.0159665
0.0159665
0.0160592
0.0162664
0.0166205
0.0160603
0.015708
0.0155029
0.0154113
0.0154113
0.0155029
0.015708
0.0160603
0.0155005
0.0151507
0.0149479
0.0148575
0.0148575
0.0149479
0.0151507
0.0155005
0.0149417
0.0145949
0.0143948
0.0143058
0.0143058
0.0143948
0.0145949
0.0149417
0.0143845
0.0140413
0.0138441
0.0137565
0.0137565
0.0138441
0.0140413
0.0143845
0.0138294
0.0134903
0.0132962
0.0132102
0.0132102
0.0132962
0.0134903
0.0138294
0.013277
0.0129425
0.0127519
0.0126675
0.0126675
0.0127519
0.0129425
0.013277
0.0127278
0.0123984
0.0122114
0.0121288
0.0121288
0.0122114
0.0123984
0.0127278
0.0121824
0.0118586
0.0116755
0.0115947
0.0115947
0.0116755
0.0118586
0.0121824
0.0116413
0.0113236
0.0111446
0.0110657
0.0110657
0.0111446
0.0113236
0.0116413
0.0111053
0.010794
0.0106192
0.0105423
0.0105423
0.0106192
0.010794
0.0111053
0.0105747
0.0102704
0.0101
0.0100251
0.0100251
0.0101
0.0102704
0.0105747
0.0100503
0.00975319
0.00958743
0.00951467
0.00951467
0.00958743
0.00975319
0.0100503
0.0095327
0.0092431
0.00908206
0.00901147
0.00901147
0.00908206
0.0092431
0.0095327
0.00902237
0.00874063
0.00858446
0.00851606
0.00851606
0.00858446
0.00874063
0.00902237
0.00851997
0.00824637
0.00809517
0.00802901
0.00802901
0.00809517
0.00824637
0.00851997
0.00802608
0.00776087
0.00761474
0.00755086
0.00755086
0.00761474
0.00776087
0.00802608
0.00754131
0.0072847
0.00714373
0.00708215
0.00708215
0.00714373
0.0072847
0.00754131
0.00706624
0.00681843
0.00668268
0.00662343
0.00662343
0.00668268
0.00681843
0.00706624
0.00660147
0.00636263
0.00623214
0.00617523
0.00617523
0.00623214
0.00636263
0.00660147
0.00614758
0.00591784
0.00579267
0.00573811
0.00573811
0.00579267
0.00591784
0.00614758
0.00570515
0.00548464
0.00536481
0.0053126
0.0053126
0.00536481
0.00548464
0.00570515
0.00527477
0.00506358
0.0049491
0.00489925
0.00489925
0.0049491
0.00506358
0.00527477
0.004857
0.0046552
0.00454607
0.00449857
0.00449857
0.00454607
0.0046552
0.004857
0.00445243
0.00426006
0.00415627
0.00411111
0.00411111
0.00415627
0.00426006
0.00445243
0.00406161
0.00387869
0.00378022
0.00373739
0.00373739
0.00378022
0.00387869
0.00406161
0.0036851
0.00351164
0.00341846
0.00337793
0.00337793
0.00341846
0.00351164
0.0036851
0.00332345
0.00315943
0.0030715
0.00303326
0.00303326
0.0030715
0.00315943
0.00332345
0.00297721
0.00282259
0.00273986
0.00270388
0.00270388
0.00273986
0.00282259
0.00297721
0.0026469
0.00250164
0.00242404
0.00239031
0.00239031
0.00242404
0.00250164
0.0026469
0.00233306
0.00219708
0.00212457
0.00209304
0.00209304
0.00212457
0.00219708
0.00233306
0.00203619
0.00190943
0.00184194
0.00181259
0.00181259
0.00184194
0.00190943
0.00203619
0.00175679
0.00163918
0.00157665
0.00154947
0.00154947
0.00157665
0.00163918
0.00175679
0.00149537
0.00138684
0.00132922
0.00130419
0.00130419
0.00132922
0.00138684
0.00149537
0.00125237
0.00115289
0.00110018
0.0010773
0.0010773
0.00110018
0.00115289
0.00125237
0.00102827
0.000937864
0.000890083
0.000869392
0.000869392
0.000890082
0.000937864
0.00102827
0.000823491
0.000742318
0.000699564
0.000681119
0.000681119
0.000699564
0.000742318
0.000823491
0.000638511
0.000566907
0.000529374
0.000513271
0.000513271
0.000529374
0.000566906
0.00063851
0.000473827
0.000412452
0.00038047
0.000366844
0.000366844
0.00038047
0.000412451
0.000473826
0.000330017
0.00028008
0.00025415
0.000243179
0.000243178
0.000254149
0.00028008
0.000330018
0.000207749
0.000171251
0.000152062
0.000143917
0.000143915
0.000152062
0.000171253
0.000207751
0.000107743
8.7617e-05
7.60988e-05
7.09733e-05
7.09746e-05
7.61009e-05
8.76175e-05
0.000107745
3.06204e-05
3.01004e-05
2.72988e-05
2.56704e-05
2.56744e-05
2.72961e-05
3.00955e-05
3.06269e-05
-3.18927e-05
-1.49582e-05
-8.32989e-06
-6.55168e-06
-6.5661e-06
-8.34502e-06
-1.49547e-05
-3.1894e-05
)
;
    }
    bottom
    {
        type            pressureTraction;
        value           nonuniform List<scalar> 
640
(
-0.0556079
-0.0545552
-0.0549364
-0.0552459
-0.0552459
-0.0549364
-0.0545552
-0.0556079
-0.0457739
-0.0472661
-0.0477712
-0.0479322
-0.0479322
-0.0477712
-0.0472661
-0.0457739
-0.0439035
-0.0455425
-0.0462858
-0.0465262
-0.0465262
-0.0462858
-0.0455425
-0.0439035
-0.0430397
-0.0444442
-0.045234
-0.0455216
-0.0455216
-0.045234
-0.0444442
-0.0430397
-0.0424633
-0.0435024
-0.044198
-0.0444814
-0.0444814
-0.044198
-0.0435024
-0.0424633
-0.0418821
-0.0426255
-0.0431928
-0.0434439
-0.0434439
-0.0431928
-0.0426255
-0.0418821
-0.0412139
-0.0417495
-0.0422002
-0.0424105
-0.0424105
-0.0422002
-0.0417495
-0.0412139
-0.040457
-0.0408568
-0.041217
-0.0413896
-0.0413896
-0.041217
-0.0408568
-0.040457
-0.0396283
-0.0399453
-0.0402411
-0.0403839
-0.0403839
-0.0402411
-0.0399453
-0.0396283
-0.0387472
-0.0390176
-0.0392705
-0.0393915
-0.0393915
-0.0392705
-0.0390176
-0.0387472
-0.0378305
-0.0380783
-0.038304
-0.0384102
-0.0384102
-0.038304
-0.0380783
-0.0378305
-0.0368918
-0.0371321
-0.0373415
-0.0374383
-0.0374383
-0.0373415
-0.0371321
-0.0368918
-0.0359413
-0.0361835
-0.0363839
-0.036475
-0.036475
-0.0363839
-0.0361835
-0.0359413
-0.0349865
-0.035236
-0.0354321
-0.0355199
-0.0355199
-0.0354321
-0.035236
-0.0349865
-0.0340326
-0.0342925
-0.0344872
-0.0345733
-0.0345733
-0.0344872
-0.0342925
-0.0340326
-0.0330834
-0.0333551
-0.03355
-0.0336355
-0.0336355
-0.03355
-0.0333551
-0.0330834
-0.0321411
-0.0324253
-0.0326213
-0.0327068
-0.0327068
-0.0326213
-0.0324253
-0.0321411
-0.0312075
-0.0315041
-0.0317018
-0.0317875
-0.0317875
-0.0317018
-0.0315041
-0.0312075
-0.0302837
-0.0305924
-0.0307919
-0.030878
-0.030878
-0.0307919
-0.0305924
-0.0302837
-0.0293704
-0.0296907
-0.029892
-0.0299785
-0.0299785
-0.029892
-0.0296907
-0.0293704
-0.0284681
-0.0287993
-0.0290023
-0.0290893
-0.0290893
-0.0290023
-0.0287993
-0.0284681
-0.0275771
-0.0279185
-0.028123
-0.0282104
-0.0282104
-0.028123
-0.0279185
-0.0275771
-0.0266979
-0.0270486
-0.0272544
-0.0273421
-0.0273421
-0.0272544
-0.0270486
-0.0266979
-0.0258306
-0.0261898
-0.0263966
-0.0264845
-0.0264845
-0.0263966
-0.0261898
-0.0258306
-0.0249753
-0.0253422
-0.0255497
-0.0256378
-0.0256378
-0.0255497
-0.0253422
-0.0249753
-0.0241324
-0.024506
-0.024714
-0.0248021
-0.0248021
-0.024714
-0.024506
-0.0241324
-0.0233018
-0.0236813
-0.0238895
-0.0239775
-0.0239775
-0.0238895
-0.0236813
-0.0233018
-0.0224839
-0.0228683
-0.0230764
-0.0231642
-0.0231642
-0.0230764
-0.0228683
-0.0224839
-0.0216786
-0.0220671
-0.0222748
-0.0223623
-0.0223623
-0.0222748
-0.0220671
-0.0216786
-0.0208861
-0.0212778
-0.0214848
-0.0215719
-0.0215719
-0.0214848
-0.0212778
-0.0208861
-0.0201066
-0.0205006
-0.0207066
-0.0207931
-0.0207931
-0.0207066
-0.0205006
-0.0201066
-0.0193401
-0.0197356
-0.0199402
-0.0200262
-0.0200262
-0.0199402
-0.0197356
-0.0193401
-0.0185866
-0.0189828
-0.0191859
-0.0192711
-0.0192711
-0.0191859
-0.0189828
-0.0185866
-0.0178464
-0.0182424
-0.0184436
-0.018528
-0.018528
-0.0184436
-0.0182424
-0.0178464
-0.0171194
-0.0175144
-0.0177136
-0.017797
-0.017797
-0.0177136
-0.0175144
-0.0171194
-0.0164058
-0.0167991
-0.016996
-0.0170783
-0.0170783
-0.016996
-0.0167991
-0.0164058
-0.0157057
-0.0160965
-0.0162908
-0.0163719
-0.0163719
-0.0162908
-0.0160965
-0.0157057
-0.0150191
-0.0154066
-0.0155981
-0.015678
-0.015678
-0.0155981
-0.0154066
-0.0150191
-0.014346
-0.0147297
-0.0149181
-0.0149967
-0.0149967
-0.0149181
-0.0147297
-0.014346
-0.0136867
-0.0140657
-0.0142509
-0.0143281
-0.0143281
-0.0142509
-0.0140657
-0.0136867
-0.0130411
-0.0134149
-0.0135967
-0.0136724
-0.0136724
-0.0135967
-0.0134149
-0.0130411
-0.0124093
-0.0127773
-0.0129554
-0.0130295
-0.0130295
-0.0129554
-0.0127773
-0.0124093
-0.0117915
-0.0121531
-0.0123273
-0.0123998
-0.0123998
-0.0123273
-0.0121531
-0.0117915
-0.0111876
-0.0115423
-0.0117125
-0.0117833
-0.0117833
-0.0117125
-0.0115423
-0.0111876
-0.0105978
-0.010945
-0.0111111
-0.0111801
-0.0111801
-0.0111111
-0.010945
-0.0105978
-0.0100222
-0.0103615
-0.0105232
-0.0105904
-0.0105904
-0.0105232
-0.0103615
-0.0100222
-0.00946086
-0.00979172
-0.009949
-0.0100143
-0.0100143
-0.009949
-0.00979172
-0.00946086
-0.00891388
-0.00923593
-0.00938861
-0.00945201
-0.00945201
-0.00938861
-0.00923593
-0.00891388
-0.00838137
-0.00869423
-0.00884219
-0.00890362
-0.00890362
-0.00884219
-0.00869423
-0.00838137
-0.00786344
-0.00816675
-0.00830988
-0.00836929
-0.00836929
-0.00830988
-0.00816675
-0.00786344
-0.0073602
-0.00765364
-0.00779185
-0.00784921
-0.00784921
-0.00779185
-0.00765364
-0.0073602
-0.00687177
-0.00715506
-0.00728826
-0.00734352
-0.00734352
-0.00728826
-0.00715506
-0.00687177
-0.00639829
-0.00667116
-0.00679927
-0.00685241
-0.00685241
-0.00679927
-0.00667116
-0.00639829
-0.00593988
-0.00620211
-0.00632506
-0.00637606
-0.00637606
-0.00632506
-0.00620211
-0.00593988
-0.00549669
-0.00574809
-0.00586582
-0.00591464
-0.00591464
-0.00586582
-0.00574809
-0.00549669
-0.00506887
-0.00530926
-0.00542172
-0.00546835
-0.00546835
-0.00542172
-0.00530926
-0.00506887
-0.00465658
-0.00488582
-0.00499297
-0.00503739
-0.00503739
-0.00499297
-0.00488582
-0.00465658
-0.00425997
-0.00447795
-0.00457976
-0.00462197
-0.00462197
-0.00457976
-0.00447795
-0.00425997
-0.00387923
-0.00408586
-0.00418231
-0.00422228
-0.00422228
-0.00418231
-0.00408586
-0.00387923
-0.00351453
-0.00370975
-0.00380081
-0.00383855
-0.00383855
-0.00380081
-0.00370975
-0.00351452
-0.00316606
-0.00334983
-0.00343551
-0.003471
-0.003471
-0.00343551
-0.00334983
-0.00316606
-0.00283402
-0.00300633
-0.00308662
-0.00311987
-0.00311987
-0.00308662
-0.00300633
-0.00283402
-0.00251863
-0.00267946
-0.00275438
-0.00278539
-0.00278539
-0.00275438
-0.00267946
-0.00251863
-0.00222009
-0.00236948
-0.00243902
-0.0024678
-0.0024678
-0.00243902
-0.00236948
-0.00222009
-0.00193862
-0.00207661
-0.0021408
-0.00216735
-0.00216735
-0.0021408
-0.00207661
-0.00193862
-0.00167447
-0.00180111
-0.00185998
-0.00188431
-0.00188431
-0.00185998
-0.00180111
-0.00167447
-0.00142787
-0.00154323
-0.00159681
-0.00161894
-0.00161894
-0.00159681
-0.00154323
-0.00142787
-0.00119906
-0.00130323
-0.00135157
-0.00137152
-0.00137152
-0.00135157
-0.00130323
-0.00119906
-0.000988296
-0.00108139
-0.00112455
-0.00114236
-0.00114236
-0.00112455
-0.00108139
-0.000988296
-0.000795847
-0.000877987
-0.000916063
-0.000931778
-0.000931778
-0.000916063
-0.000877988
-0.000795846
-0.000621983
-0.000693338
-0.00072645
-0.000740143
-0.000740143
-0.000726451
-0.000693339
-0.000621982
-0.000467014
-0.000527797
-0.00055612
-0.00056789
-0.00056789
-0.000556121
-0.000527798
-0.000467012
-0.000331317
-0.000381809
-0.000405583
-0.000415558
-0.000415558
-0.000405584
-0.00038181
-0.000331315
-0.000215421
-0.000255992
-0.000275529
-0.000283862
-0.000283862
-0.000275529
-0.000255992
-0.000215421
-0.000120156
-0.000151282
-0.000166952
-0.0001738
-0.000173801
-0.000166952
-0.000151281
-0.00012016
-4.68321e-05
-6.90685e-05
-8.12497e-05
-8.67328e-05
-8.67332e-05
-8.12482e-05
-6.90669e-05
-4.68307e-05
2.05371e-06
-1.18664e-05
-2.08703e-05
-2.5035e-05
-2.50338e-05
-2.08694e-05
-1.18652e-05
2.05752e-06
2.35489e-05
1.65497e-05
1.03133e-05
7.47664e-06
7.47744e-06
1.03135e-05
1.65503e-05
2.35516e-05
1.21418e-05
1.10353e-05
7.88501e-06
6.71229e-06
6.71097e-06
7.88473e-06
1.10355e-05
1.21421e-05
-2.64232e-05
-2.55181e-05
-2.43524e-05
-2.30773e-05
-2.30772e-05
-2.43544e-05
-2.55192e-05
-2.64256e-05
)
;
    }
}


// ************************************************************************* //
