/*--------------------------------*- C++ -*----------------------------------*\
| =========                 |                                                 |
| \\      /  F ield         | foam-extend: Open Source CFD                    |
|  \\    /   O peration     | Version:     4.1                                |
|   \\  /    A nd           | Web:         http://www.foam-extend.org         |
|    \\/     M anipulation  |                                                 |
\*---------------------------------------------------------------------------*/
FoamFile
{
    version     2.0;
    format      ascii;
    class       volScalarField;
    location    "0.196";
    object      muEff;
}
// * * * * * * * * * * * * * * * * * * * * * * * * * * * * * * * * * * * * * //

dimensions      [1 -1 -2 0 0 0 0];

internalField   nonuniform List<scalar> 
5120
(
4438.2
4356.61
4345.64
4334.56
4325.83
4317.26
4308.24
4298.79
4289.06
4279.19
4270.35
4262.06
4253.76
4245.5
4237.34
4229.28
4221.34
4213.52
4205.81
4198.19
4190.66
4183.19
4175.79
4168.45
4161.19
4154.04
4147.05
4140.35
4135.25
4130.23
4125.24
4120.23
4115.17
4110
4104.68
4099.15
4094.71
4092.06
4089.93
4088.23
4086.81
4085.5
4084.19
4082.82
4081.38
4079.88
4078.38
4076.92
4075.52
4074.23
4073.07
4072.06
4071.23
4070.58
4070.15
4069.94
4069.98
4070.28
4070.88
4074.31
4075.58
4077.23
4079.3
4081.83
4084.87
4088.48
4092.69
4097.56
4103.11
4109.34
4116.15
4123.28
4130.17
4135.69
4134.65
4132.64
4115.2
4081.24
4034.53
4001.66
4456.91
4387.12
4367.54
4349.9
4336.29
4324.46
4313.2
4302.27
4291.58
4281.11
4270.85
4260.82
4251.01
4241.43
4233.15
4225.3
4217.63
4210.15
4202.86
4195.77
4188.87
4182.16
4175.65
4169.32
4163.19
4157.25
4151.5
4145.94
4140.57
4135.39
4130.39
4125.58
4120.96
4116.52
4112.27
4108.2
4104.31
4100.59
4097.05
4093.69
4090.49
4087.46
4084.6
4081.9
4079.37
4077
4074.8
4072.77
4070.91
4069.23
4067.73
4068.84
4067.71
4066.79
4066.07
4065.58
4065.33
4065.33
4065.6
4066.17
4067.05
4068.28
4069.89
4071.92
4074.4
4077.39
4080.94
4085.08
4089.86
4092.54
4098.45
4104.68
4110.75
4115.6
4120.19
4115.18
4098.62
4066.64
4021.68
4006.76
4447
4399.24
4381.41
4361.3
4344.49
4330.12
4317.05
4304.86
4293.34
4282.33
4271.72
4261.46
4251.51
4241.84
4232.44
4223.29
4215.66
4208.27
4201.08
4194.08
4187.27
4180.66
4174.24
4168.01
4161.97
4156.11
4150.44
4144.95
4139.63
4134.5
4129.54
4124.76
4120.15
4115.71
4111.44
4107.34
4103.4
4099.63
4096.03
4092.59
4089.31
4086.2
4083.24
4082.94
4080.31
4077.83
4075.52
4073.39
4071.42
4069.62
4068.01
4066.58
4065.34
4064.3
4063.46
4062.85
4062.46
4062.32
4062.44
4062.84
4063.55
4064.59
4066
4067.8
4070.05
4072.79
4076.06
4079.92
4084.39
4089.5
4092.45
4098.44
4104.31
4109.05
4113.61
4108.85
4092.84
4061.87
4019.19
4012.57
4440.16
4401.26
4386.65
4366.29
4348.32
4332.82
4318.89
4306.06
4294.1
4282.74
4271.95
4261.58
4251.55
4241.83
4232.4
4224.58
4217.09
4209.78
4202.67
4195.76
4189.02
4182.48
4176.12
4169.95
4163.95
4158.14
4152.51
4147.05
4141.76
4136.65
4131.7
4126.93
4122.32
4117.88
4113.61
4109.49
4105.54
4101.75
4098.13
4094.66
4091.35
4088.2
4085.21
4082.38
4079.71
4077.21
4074.87
4072.69
4070.69
4068.85
4067.2
4065.73
4064.45
4063.36
4062.48
4061.81
4061.38
4061.18
4061.24
4061.58
4062.22
4063.19
4064.53
4066.26
4068.42
4071.08
4074.27
4078.05
4082.46
4087.52
4093.17
4099.23
4105.24
4110.21
4109.37
4105.18
4092.93
4063.78
4023.8
4004.18
4440.16
4401.26
4386.65
4366.29
4348.32
4332.82
4318.89
4306.06
4294.1
4282.74
4271.95
4261.58
4251.55
4241.83
4232.4
4223.22
4214.8
4207.45
4200.29
4193.33
4186.57
4179.99
4173.61
4167.41
4161.4
4155.57
4149.92
4144.46
4139.17
4134.05
4129.11
4124.33
4119.73
4115.29
4111.03
4106.92
4102.98
4099.2
4095.58
4092.12
4088.83
4085.69
4082.71
4079.9
4077.24
4074.75
4072.42
4070.26
4068.26
4066.44
4064.8
4063.33
4062.06
4060.98
4060.1
4059.44
4059
4058.8
4058.86
4059.2
4059.83
4060.79
4062.11
4063.82
4065.96
4068.59
4071.75
4075.5
4079.87
4084.87
4090.47
4096.48
4102.44
4107.37
4112.23
4108
4090.25
4061.37
4025.78
4003.93
4447
4399.24
4381.41
4361.3
4344.49
4330.12
4317.05
4304.86
4293.34
4282.33
4271.72
4261.46
4251.51
4241.84
4233.19
4225.47
4217.95
4210.61
4203.46
4196.5
4189.73
4183.15
4176.76
4170.55
4164.52
4158.68
4153.02
4147.53
4142.23
4137.1
4132.14
4127.35
4122.74
4118.3
4114.02
4109.91
4105.97
4102.19
4098.58
4095.13
4091.84
4088.71
4085.75
4080.46
4077.83
4075.37
4073.07
4070.94
4068.98
4067.2
4065.59
4064.17
4062.94
4061.9
4061.07
4060.46
4060.07
4059.93
4060.05
4060.44
4061.14
4062.17
4063.56
4065.34
4067.57
4070.28
4073.52
4077.34
4081.77
4086.83
4095.17
4101.21
4107.13
4111.92
4110.73
4106
4090.13
4059.44
4017.19
4013.22
4456.91
4387.12
4367.54
4349.9
4336.29
4324.46
4313.2
4302.27
4291.58
4281.11
4270.85
4260.82
4251.36
4243.26
4235.31
4227.53
4219.91
4212.48
4205.24
4198.18
4191.32
4184.64
4178.15
4171.85
4165.73
4159.81
4154.07
4148.52
4143.15
4137.97
4132.98
4128.17
4123.54
4119.1
4114.85
4110.77
4106.87
4103.15
4099.6
4096.23
4093.02
4089.98
4087.11
4084.4
4081.86
4079.48
4077.27
4075.23
4073.37
4071.68
4070.17
4066.41
4065.29
4064.36
4063.65
4063.16
4062.91
4062.91
4063.17
4063.73
4064.6
4065.82
4067.41
4069.41
4071.87
4074.84
4078.35
4082.45
4087.18
4095.26
4101.22
4107.52
4113.63
4118.53
4117.24
4112.27
4095.85
4064.16
4019.64
4006.34
4438.2
4356.61
4345.64
4334.56
4325.83
4317.26
4308.24
4298.79
4289.06
4280.28
4272.2
4264
4255.78
4247.6
4239.5
4231.5
4223.6
4215.81
4208.12
4200.51
4192.98
4185.5
4178.07
4170.7
4163.4
4156.2
4149.16
4142.31
4135.71
4130.23
4125.24
4120.23
4115.17
4110
4104.68
4099.9
4096.74
4094.16
4092.1
4090.47
4089.11
4087.87
4086.6
4085.26
4083.84
4082.36
4080.87
4079.41
4078.01
4076.72
4075.56
4074.55
4073.72
4073.07
4072.64
4072.43
4072.47
4072.78
4073.39
4071.79
4073.04
4074.68
4076.73
4079.24
4082.25
4085.82
4089.99
4094.82
4100.32
4106.5
4113.25
4120.32
4127.16
4132.63
4137.72
4129.61
4112.32
4078.65
4032.42
4002.85
4229.97
4226.14
4236.6
4229.25
4221.34
4213.55
4205.66
4201.44
4200.03
4198.18
4195.98
4193.56
4191
4188.37
4185.74
4183.15
4180.63
4178.2
4175.88
4176.51
4174.5
4172.62
4170.89
4169.31
4167.88
4166.6
4165.49
4164.53
4163.75
4163.13
4162.69
4162.43
4162.36
4162.48
4162.81
4163.34
4164.09
4165.06
4166.27
4167.73
4169.44
4171.43
4173.71
4176.29
4179.2
4182.45
4186.06
4190.06
4194.48
4199.35
4204.69
4210.55
4216.97
4223.98
4231.63
4239.98
4249.09
4259
4269.78
4281.49
4294.2
4307.97
4322.85
4338.87
4356.04
4374.33
4393.65
4413.8
4434.46
4455.09
4474.86
4492.52
4501
4507.87
4508.97
4487.33
4433.47
4343.55
4201.14
4030.48
4242.97
4239.28
4247.91
4237.33
4227.02
4217.77
4208.84
4200.24
4195.65
4192.86
4189.99
4187.08
4184.15
4181.25
4178.4
4175.61
4172.91
4170.32
4167.83
4165.47
4163.24
4161.13
4159.17
4157.34
4155.66
4154.12
4152.74
4151.51
4150.43
4149.52
4148.77
4148.19
4147.79
4147.56
4147.52
4147.67
4148.03
4148.59
4152.61
4153.63
4154.89
4156.4
4158.17
4160.22
4162.57
4165.23
4168.23
4171.58
4175.31
4179.45
4184.03
4189.09
4194.65
4200.77
4207.49
4214.86
4222.93
4231.77
4241.43
4251.99
4263.51
4276.06
4289.72
4304.52
4320.52
4337.71
4356.03
4370.77
4390.73
4410.94
4430.64
4448.59
4462.87
4470.51
4471.95
4445.04
4394.72
4307.87
4172.96
4041.56
4231.33
4250.25
4257.93
4243.39
4230.22
4219.4
4209.63
4200.58
4195.26
4191.7
4188.25
4184.9
4181.65
4178.51
4175.48
4172.55
4169.73
4167.03
4164.45
4161.99
4159.65
4157.45
4155.37
4153.43
4151.63
4149.97
4148.46
4147.09
4145.87
4144.8
4143.89
4143.14
4142.56
4142.15
4141.91
4141.86
4145.15
4145.5
4146.06
4146.84
4147.84
4149.08
4150.58
4152.33
4154.37
4156.71
4159.36
4162.35
4165.71
4169.45
4173.62
4178.24
4183.35
4188.98
4195.19
4202.03
4209.54
4217.79
4226.84
4236.76
4247.63
4259.51
4272.48
4286.61
4301.94
4318.5
4336.25
4355.08
4370.16
4390.13
4409.72
4427.71
4442.1
4449.8
4450.91
4423.38
4372.01
4285.24
4156.52
4037.27
4235.23
4253.38
4262.26
4245.9
4231.06
4219.27
4209.05
4200.15
4195.98
4191.97
4188.15
4184.53
4181.08
4180.07
4177
4174.05
4171.23
4168.53
4165.95
4163.5
4161.16
4158.96
4156.88
4154.92
4153.11
4151.42
4149.87
4148.47
4147.21
4146.09
4145.13
4144.32
4143.68
4143.2
4142.89
4142.76
4142.81
4143.06
4143.51
4144.17
4145.05
4146.17
4147.52
4149.14
4151.03
4153.22
4155.71
4158.54
4161.72
4165.28
4169.25
4173.66
4178.56
4183.97
4189.95
4196.54
4203.79
4211.77
4220.54
4230.17
4240.73
4252.31
4264.96
4278.78
4293.8
4310.05
4327.52
4346.11
4365.58
4385.5
4405.1
4423.13
4437.57
4445.22
4441.15
4413.27
4366
4275.16
4149.79
4035.85
4232.71
4253.38
4262.26
4245.9
4231.06
4219.27
4209.05
4201.92
4197.84
4193.93
4190.2
4186.66
4183.29
4177.78
4174.64
4171.62
4168.74
4165.98
4163.35
4160.84
4158.46
4156.21
4154.09
4152.1
4150.25
4148.53
4146.96
4145.53
4144.24
4143.1
4142.12
4141.29
4140.62
4140.12
4139.8
4139.65
4139.69
4139.92
4140.36
4141
4141.86
4142.96
4144.3
4145.9
4147.77
4149.94
4152.41
4155.21
4158.37
4161.9
4165.84
4170.23
4175.09
4180.46
4186.4
4192.95
4200.16
4208.09
4216.8
4226.37
4236.88
4248.38
4260.97
4274.7
4289.64
4305.81
4323.19
4341.68
4361.05
4380.87
4400.38
4418.32
4432.69
4440.31
4436.27
4418.04
4361.5
4271.17
4146.64
4033.76
4228.93
4250.25
4257.93
4243.39
4230.22
4219.4
4209.63
4200.66
4197.11
4193.66
4190.3
4187.04
4183.88
4180.81
4177.85
4174.99
4172.24
4169.59
4167.07
4164.66
4162.37
4160.21
4158.17
4156.27
4154.51
4152.88
4151.39
4150.05
4148.85
4147.81
4146.92
4146.19
4145.63
4145.24
4145.02
4144.99
4142
4142.34
4142.88
4143.64
4144.63
4145.85
4147.32
4149.06
4151.08
4153.39
4156.02
4158.99
4162.32
4166.04
4170.18
4174.76
4179.84
4185.44
4191.61
4198.4
4205.86
4214.06
4223.06
4232.92
4243.72
4255.54
4268.44
4282.49
4297.74
4314.2
4331.86
4350.59
4374.75
4394.81
4414.49
4432.56
4447.02
4454.75
4445.97
4428.2
4376.57
4281.19
4153.32
4035.16
4240.76
4239.28
4247.91
4237.33
4227.02
4217.77
4208.84
4200.24
4197.5
4194.82
4192.06
4189.25
4186.41
4183.59
4180.81
4178.1
4175.46
4172.93
4170.5
4168.19
4166
4163.94
4162.02
4160.23
4158.58
4157.08
4155.73
4154.52
4153.48
4152.59
4151.86
4151.3
4150.92
4150.71
4150.69
4150.87
4151.24
4151.81
4149.36
4150.37
4151.61
4153.1
4154.85
4156.88
4159.21
4161.84
4164.81
4168.14
4171.84
4175.96
4180.51
4185.53
4191.06
4197.14
4203.82
4211.14
4219.16
4227.95
4237.55
4248.05
4259.5
4271.99
4285.57
4300.29
4316.2
4333.3
4351.54
4375.36
4395.42
4415.73
4435.52
4453.55
4467.89
4475.57
4466.92
4449.96
4399.39
4303.69
4169.63
4039.4
4230.75
4226.14
4236.6
4229.25
4221.34
4213.55
4205.66
4203.2
4201.93
4200.21
4198.13
4195.81
4193.34
4190.8
4188.25
4185.72
4183.27
4180.9
4178.64
4173.69
4171.63
4169.72
4167.94
4166.32
4164.85
4163.54
4162.4
4161.41
4160.6
4159.95
4159.49
4159.21
4159.11
4159.21
4159.52
4160.03
4160.75
4161.71
4162.9
4164.33
4166.03
4168
4170.26
4172.82
4175.7
4178.92
4182.51
4186.48
4190.87
4195.7
4201.01
4206.84
4213.21
4220.18
4227.79
4236.09
4245.14
4255
4265.72
4277.37
4290.01
4303.71
4318.5
4334.44
4351.52
4369.73
4388.95
4409.01
4429.57
4450.11
4469.79
4487.38
4506.2
4513.1
4503.77
4482.23
4438.33
4347.95
4204.69
4032.73
4111.52
4117.81
4128.45
4136.34
4145.81
4155.65
4165.04
4173.61
4183.85
4190.7
4196.75
4202.17
4207.11
4211.72
4216.13
4220.41
4224.66
4228.93
4233.25
4237.67
4242.2
4246.86
4251.68
4256.65
4261.8
4267.13
4272.65
4278.37
4284.31
4290.46
4296.86
4303.49
4310.38
4317.54
4324.99
4332.72
4340.77
4349.15
4357.86
4366.93
4376.37
4386.2
4396.44
4407.1
4418.2
4429.76
4441.79
4454.32
4467.35
4480.89
4494.97
4509.58
4524.74
4540.44
4556.68
4573.45
4585.06
4602.73
4620.84
4639.32
4658.09
4677.06
4696.11
4715.09
4733.81
4752.06
4769.55
4785.97
4800.9
4813.84
4830.64
4837.47
4839.58
4835.2
4815.03
4793.55
4742.13
4646.16
4450.13
4066.24
4175.57
4176.09
4161.59
4155.35
4155.9
4159.02
4163.12
4167.59
4172.09
4176.46
4180.63
4184.61
4188.44
4192.15
4195.8
4202.63
4206.35
4210.11
4213.94
4217.86
4221.89
4226.04
4230.34
4234.78
4239.38
4244.14
4249.09
4254.22
4259.55
4265.08
4270.84
4276.83
4283.06
4289.54
4296.3
4303.34
4310.67
4318.33
4326.31
4334.64
4343.34
4352.42
4361.9
4371.81
4382.16
4392.98
4404.28
4416.09
4428.43
4441.31
4454.76
4468.79
4483.42
4498.64
4514.48
4530.93
4547.99
4565.62
4583.81
4602.5
4621.64
4635.31
4654.98
4680.73
4700.49
4719.95
4738.8
4756.71
4773.23
4787.78
4799.63
4807.79
4810.84
4806.64
4785.36
4759.97
4700.47
4591.12
4391.44
4099.65
4164.21
4219.4
4195.18
4179.52
4172.5
4169.44
4168.63
4169.31
4170.9
4173.07
4175.6
4178.36
4181.26
4184.27
4187.35
4190.52
4193.76
4200.35
4203.84
4207.43
4211.13
4214.95
4218.91
4223.01
4227.26
4231.67
4236.25
4241.01
4245.95
4251.1
4256.45
4262.03
4267.85
4273.91
4280.23
4286.82
4293.71
4300.91
4308.42
4316.28
4324.5
4333.1
4342.11
4351.53
4361.39
4371.72
4382.54
4393.87
4405.73
4418.16
4431.16
4444.77
4458.99
4473.85
4489.36
4505.53
4522.35
4539.81
4557.9
4576.57
4595.78
4615.45
4635.46
4655.7
4675.96
4696.04
4709.54
4734.37
4751.78
4767.25
4779.99
4788.89
4792.37
4788.04
4765.8
4737.91
4674.17
4559.48
4361.37
4094.51
4165.22
4238.54
4212.91
4194.4
4184.1
4177.76
4174.07
4172.39
4172.17
4172.96
4174.45
4179.23
4181.64
4184.29
4187.12
4190.08
4193.17
4196.37
4199.68
4203.1
4206.64
4210.3
4214.09
4218.03
4222.11
4226.34
4230.74
4235.32
4240.07
4245.03
4250.19
4255.57
4261.17
4267.02
4273.13
4279.51
4286.17
4293.14
4300.43
4308.06
4316.04
4324.4
4333.16
4342.34
4351.95
4362.04
4372.61
4383.7
4395.32
4407.51
4420.29
4433.67
4447.68
4462.35
4477.68
4493.68
4510.36
4527.71
4545.72
4564.35
4583.56
4603.27
4623.38
4643.77
4664.24
4684.59
4704.5
4717.49
4735.24
4751.07
4764.15
4773.32
4783.25
4772.5
4762.25
4726.97
4661.56
4545.58
4351.17
4096.43
4167.61
4241.44
4215.47
4196.83
4186.49
4180.15
4176.49
4174.87
4174.71
4175.58
4177.16
4176.44
4178.77
4181.35
4184.1
4186.99
4190.01
4193.14
4196.39
4199.74
4203.22
4206.83
4210.56
4214.44
4218.47
4222.65
4227
4231.53
4236.24
4241.15
4246.26
4251.59
4257.15
4262.96
4269.02
4275.36
4281.98
4288.9
4296.14
4303.72
4311.66
4319.97
4328.68
4337.81
4347.38
4357.41
4367.93
4378.96
4390.53
4402.66
4415.38
4428.7
4442.65
4457.25
4472.51
4488.45
4505.06
4522.34
4540.27
4558.83
4577.96
4597.6
4617.63
4637.94
4658.34
4678.61
4698.45
4723.6
4741.41
4757.3
4770.42
4779.62
4776.94
4778.79
4756.02
4720.88
4655.72
4540.23
4346.76
4093.72
4166.56
4222.08
4197.55
4181.78
4174.76
4171.74
4171
4171.75
4173.44
4175.7
4178.32
4181.17
4184.15
4187.24
4190.4
4193.64
4196.95
4197.08
4200.5
4204.03
4207.67
4211.44
4215.34
4219.39
4223.58
4227.94
4232.47
4237.17
4242.07
4247.17
4252.48
4258.01
4263.78
4269.79
4276.07
4282.62
4289.46
4296.61
4304.08
4311.9
4320.07
4328.62
4337.57
4346.95
4356.76
4367.04
4377.8
4389.08
4400.89
4413.25
4426.2
4439.74
4453.9
4468.7
4484.14
4500.24
4516.99
4534.38
4552.4
4571
4590.13
4609.72
4629.66
4649.82
4670.01
4690.02
4715.63
4728.21
4745.56
4760.98
4773.68
4782.55
4786.02
4781.72
4772.06
4731.78
4668.29
4554.07
4356.9
4091.78
4173.27
4173.97
4163.52
4157.3
4157.95
4161.19
4165.42
4170.01
4174.64
4179.12
4183.39
4187.47
4191.39
4195.19
4198.93
4199.43
4203.07
4206.76
4210.52
4214.38
4218.35
4222.44
4226.67
4231.06
4235.6
4240.32
4245.21
4250.29
4255.57
4261.06
4266.76
4272.7
4278.89
4285.33
4292.03
4299.03
4306.32
4313.92
4321.86
4330.14
4338.79
4347.82
4357.26
4367.12
4377.42
4388.18
4399.43
4411.18
4423.46
4436.29
4449.68
4463.65
4478.21
4493.37
4509.15
4525.53
4542.51
4560.08
4578.19
4596.82
4615.88
4641.14
4660.88
4674.75
4694.44
4713.83
4732.62
4750.47
4766.93
4781.43
4793.25
4801.39
4804.43
4800.24
4791.69
4753.76
4694.49
4585.57
4386.8
4096.83
4111.52
4116.69
4129.83
4137.96
4147.67
4157.74
4167.32
4176.07
4181.24
4187.95
4193.88
4199.18
4204.02
4208.54
4212.86
4217.07
4221.24
4225.43
4229.68
4234.03
4238.5
4243.1
4247.86
4252.77
4257.87
4263.14
4268.61
4274.28
4280.16
4286.27
4292.61
4299.19
4306.04
4313.15
4320.54
4328.23
4336.23
4344.56
4353.22
4362.24
4371.64
4381.42
4391.6
4402.21
4413.26
4424.77
4436.74
4449.21
4462.18
4475.67
4489.69
4504.24
4519.34
4534.98
4551.15
4567.85
4590.72
4608.46
4626.64
4645.19
4664.03
4683.07
4702.18
4721.23
4740.01
4758.32
4775.87
4792.34
4807.32
4820.3
4824.15
4830.96
4833.07
4828.7
4821.48
4787.21
4735.99
4640.39
4455.07
4068.42
4105.74
4102.35
4236.67
4303.26
4353.83
4396.41
4439.08
4473.13
4503.01
4529.02
4551.67
4566.12
4583.83
4599.95
4614.89
4628.98
4642.46
4655.48
4668.18
4680.61
4692.83
4704.87
4716.74
4728.45
4740
4751.39
4762.63
4773.7
4784.6
4795.32
4805.87
4816.24
4826.42
4836.41
4846.2
4855.79
4865.17
4874.34
4883.3
4892.03
4900.54
4908.81
4916.84
4924.63
4932.17
4939.45
4946.47
4953.23
4959.72
4965.93
4971.86
4977.5
4982.86
4987.92
4992.68
4997.14
5001.3
5005.16
5008.71
5011.95
5014.88
5017.5
5019.8
5021.79
5023.45
5024.78
5025.76
5026.34
5026.49
5026.09
5024.97
5022.83
5019.14
5020.01
5009.4
4990.81
4956.56
4886.57
4712.79
4273.77
4051.83
4362.62
4385.38
4396.41
4412.85
4428.94
4446.51
4465.39
4484.48
4508.18
4525.9
4542.59
4558.32
4573.21
4587.41
4601.07
4614.31
4627.23
4639.89
4652.34
4664.62
4676.74
4688.74
4700.6
4712.33
4723.94
4735.43
4746.78
4758
4769.08
4780.02
4790.81
4801.46
4811.95
4822.28
4832.44
4835.74
4845.52
4855.12
4864.52
4873.74
4882.74
4891.54
4900.12
4908.47
4916.58
4924.45
4932.08
4939.44
4946.54
4953.36
4959.9
4973.21
4972.1
4977.74
4983.07
4988.08
4992.76
4997.11
5001.12
5004.78
5008.09
5011.04
5013.61
5015.8
5017.58
5018.92
5019.78
5020.08
5019.69
5018.39
5015.82
5011.31
5010.75
4997.68
4974.64
4931.87
4844.74
4629.98
4574.83
4141.83
4596.55
4552.35
4509.99
4488.13
4477.04
4474.84
4479.34
4488.06
4504.37
4516.91
4530.04
4543.34
4556.58
4569.67
4582.57
4595.28
4607.82
4620.2
4632.44
4644.55
4656.55
4668.44
4680.22
4691.9
4703.48
4714.96
4726.33
4737.6
4748.75
4759.8
4770.72
4781.52
4792.19
4802.73
4813.13
4823.39
4833.49
4843.44
4853.23
4856.09
4865.5
4874.71
4883.73
4892.54
4901.14
4909.51
4917.65
4925.55
4933.19
4940.57
4947.67
4954.49
4968.04
4967.23
4973.12
4978.7
4983.94
4988.83
4993.36
4997.53
5001.32
5004.72
5007.72
5010.29
5012.42
5014.05
5015.15
5015.6
5015.27
5013.92
5011.12
5006.13
5004.64
4989.95
4964.01
4916.12
4820.24
4599.42
4402.25
4245.66
4697
4634.44
4574.55
4535.49
4509.87
4501.27
4497.09
4499.46
4506.09
4515.36
4526.2
4537.9
4550.05
4562.37
4574.75
4587.08
4593.66
4611.51
4623.59
4635.57
4647.46
4659.25
4670.96
4682.57
4694.1
4705.54
4716.88
4728.13
4739.28
4750.33
4761.28
4772.11
4782.84
4793.44
4803.93
4814.28
4824.49
4834.57
4844.49
4854.25
4863.85
4866.5
4875.71
4884.73
4893.54
4902.14
4910.51
4918.65
4926.55
4934.18
4941.55
4948.64
4955.43
4961.92
4968.1
4973.95
4979.46
4984.62
4989.41
4993.84
4997.87
5001.51
5004.72
5007.5
5009.8
5011.6
5012.83
5013.38
5013.11
5011.75
5008.86
5010.73
5001.75
4986.31
4959.09
4909.16
4811.11
4602.01
4145.57
4249.1
4702.85
4640.06
4579.92
4540.71
4514.99
4496.19
4492.02
4494.36
4500.94
4510.15
4520.92
4532.55
4544.63
4556.89
4569.19
4581.46
4599.34
4605.77
4617.79
4629.71
4641.54
4653.28
4664.94
4676.5
4687.98
4699.36
4710.66
4721.86
4732.97
4743.98
4754.88
4765.68
4776.37
4786.94
4797.38
4807.7
4817.88
4827.92
4837.81
4847.54
4857.11
4873.27
4882.51
4891.55
4900.39
4909.01
4917.41
4925.57
4933.49
4941.14
4948.53
4955.63
4962.45
4968.95
4975.14
4981
4986.53
4991.7
4996.5
5000.93
5004.98
5008.62
5011.84
5014.62
5016.92
5018.72
5019.94
5020.49
5020.22
5018.85
5015.95
5003.66
4994.72
4979.33
4952.2
4902.44
4804.72
4596.42
4148.99
4139.1
4602.03
4557.62
4515.09
4493.13
4482
4479.81
4484.35
4493.13
4499.23
4511.69
4524.75
4537.96
4551.13
4564.15
4576.98
4589.62
4602.1
4614.41
4626.59
4638.65
4650.59
4662.42
4674.16
4685.79
4697.32
4708.75
4720.08
4731.3
4742.41
4753.41
4764.29
4775.05
4785.68
4796.18
4806.55
4816.77
4826.84
4836.76
4846.51
4862.84
4872.27
4881.51
4890.56
4899.39
4908.02
4916.41
4924.58
4932.49
4940.16
4947.55
4954.67
4961.51
4961.01
4974.27
4980.19
4985.77
4991.02
4995.92
5000.46
5004.64
5008.44
5011.84
5014.85
5017.42
5019.55
5021.18
5022.27
5022.72
5022.39
5021.03
5018.21
5013.2
4997.6
4982.96
4957.1
4909.37
4813.82
4605.04
4398.16
4051.83
4358.18
4389.87
4400.93
4417.46
4433.65
4451.32
4470.32
4489.53
4503.02
4520.64
4537.24
4552.87
4567.68
4581.81
4595.4
4608.57
4621.42
4634.01
4646.4
4658.62
4670.7
4682.63
4694.44
4706.13
4717.69
4729.12
4740.43
4751.61
4762.65
4773.55
4784.3
4794.91
4805.36
4815.65
4825.78
4842.43
4852.24
4861.87
4871.31
4880.55
4889.58
4898.4
4907.01
4915.38
4923.52
4931.41
4939.05
4946.44
4953.55
4960.39
4966.95
4966.15
4979.17
4984.83
4990.17
4995.19
4999.88
5004.24
5008.25
5011.92
5015.23
5018.18
5020.76
5022.94
5024.72
5026.07
5026.92
5027.22
5026.82
5025.51
5022.93
5018.41
5003.69
4990.66
4967.69
4925.07
4838.23
4635.73
4570.09
4105.74
4100.02
4240.11
4307.15
4358.05
4400.91
4434.36
4468.2
4497.91
4523.77
4546.3
4571.61
4589.41
4605.62
4620.64
4634.81
4648.35
4661.44
4674.2
4686.69
4698.97
4711.06
4722.98
4734.74
4746.35
4757.79
4769.07
4780.18
4791.12
4801.89
4812.48
4822.88
4833.1
4843.12
4852.94
4862.56
4871.98
4881.18
4890.16
4898.92
4907.45
4915.75
4923.8
4931.61
4939.17
4946.47
4953.51
4960.29
4966.79
4973.02
4978.96
4984.61
4989.98
4995.05
4999.82
5004.29
5008.46
5012.32
5015.88
5019.12
5022.05
5024.67
5026.98
5028.96
5030.63
5031.95
5032.92
5033.51
5033.65
5033.24
5032.11
5029.97
5026.26
5012.92
5002.34
4983.82
4949.68
4879.92
4706.77
4269.78
4096.17
3980.95
4093.55
4193.51
4269.18
4317.94
4344.42
4331.32
4396.74
4400.25
4402.57
4405.14
4407.88
4410.89
4414.21
4417.84
4421.78
4426.01
4430.5
4440.24
4445.25
4450.5
4455.99
4461.72
4467.7
4473.93
4480.42
4487.17
4494.18
4501.47
4509.03
4516.87
4524.99
4533.38
4542.06
4551.01
4560.24
4569.75
4579.52
4589.57
4599.88
4610.45
4621.28
4632.35
4643.66
4655.2
4666.96
4678.93
4691.11
4703.47
4716.01
4728.71
4741.56
4754.55
4767.65
4780.86
4794.15
4807.52
4820.94
4834.4
4847.89
4861.38
4874.87
4888.34
4901.79
4915.2
4928.57
4941.91
4955.21
4968.5
4981.79
4995.1
5008.39
5021.48
5033.79
5043.39
5044.6
5019.87
4903.09
4379.46
4132.82
4115.38
4033.78
4108.65
4190.45
4259.08
4305.93
4334.08
4349.64
4355.62
4346.74
4199.26
4234.6
4321.97
4347.5
4360.05
4368.55
4375.47
4381.75
4387.79
4393.78
4399.84
4406.03
4412.4
4418.97
4425.78
4432.82
4440.12
4447.69
4455.53
4463.66
4477.19
4485.93
4494.97
4504.3
4513.94
4523.88
4534.12
4544.65
4555.48
4566.6
4578.02
4589.71
4601.68
4613.92
4626.43
4639.18
4652.18
4665.41
4678.85
4692.51
4706.35
4720.37
4734.55
4748.87
4763.32
4777.88
4792.52
4807.24
4822
4836.8
4851.61
4866.41
4881.19
4895.93
4910.61
4925.23
4939.77
4954.22
4968.56
4975.86
4989.85
5003.53
5016.53
5027.9
5035.11
5030.94
4992.68
4821.31
4119.13
4130.12
4330.36
4242.99
4123.94
4112.57
4242.56
4302.99
4323.04
4328.6
4329.39
4332.74
4329.49
4319.21
4274.42
4056.28
4264.62
4318.02
4336.42
4346.79
4354.67
4361.64
4368.32
4374.96
4381.69
4388.59
4395.69
4403.04
4410.65
4418.53
4426.7
4435.16
4443.93
4453
4467.43
4477.18
4487.24
4497.62
4508.32
4519.35
4530.69
4542.35
4554.32
4566.6
4579.18
4592.06
4605.22
4618.67
4632.38
4646.35
4660.56
4675.01
4689.67
4704.53
4719.58
4734.79
4750.15
4765.64
4781.23
4796.9
4812.64
4828.43
4844.23
4860.03
4875.81
4891.55
4907.23
4922.82
4938.31
4953.68
4968.9
4983.92
4998.64
5005.85
5019.08
5030.23
5036.34
5029.28
4983.88
4803.37
4279.46
4096.02
4468.19
4415.15
4353.98
4167.77
4292.56
4330.56
4327.39
4322
4318.12
4320.38
4319.74
4320.03
4320.09
4313.51
4112.08
4310.55
4328.94
4336.43
4342.55
4348.49
4354.54
4360.79
4371.9
4378.69
4385.76
4393.13
4400.79
4408.76
4417.04
4425.64
4434.56
4443.8
4453.38
4463.28
4473.52
4484.1
4495.01
4506.25
4517.83
4529.74
4541.98
4554.54
4567.41
4580.6
4594.1
4607.88
4621.95
4636.3
4650.9
4665.76
4680.84
4696.14
4711.64
4727.31
4743.15
4759.12
4775.22
4791.41
4807.67
4823.98
4840.33
4856.67
4873
4889.29
4905.52
4921.67
4937.71
4953.61
4969.35
4984.87
5000.05
5014.69
5028.28
5039.64
5045.69
5038.16
4992.76
4824.65
4359.42
4098.43
4463.2
4410.33
4349.4
4171.53
4296.88
4335.03
4331.83
4326.41
4322.5
4316.02
4315.38
4315.67
4315.73
4309.17
4108.7
4314.9
4333.37
4340.9
4347.04
4353.01
4359.09
4365.37
4367.29
4374.05
4381.09
4388.42
4396.05
4403.98
4412.23
4420.79
4429.67
4438.87
4448.4
4458.27
4468.46
4478.99
4489.86
4501.05
4512.58
4524.44
4536.63
4549.14
4561.97
4575.11
4588.55
4602.28
4616.3
4630.59
4645.14
4659.93
4674.96
4690.2
4705.64
4721.26
4737.04
4752.96
4769
4785.13
4801.34
4817.6
4833.88
4850.17
4866.45
4882.68
4898.86
4914.95
4930.93
4946.79
4962.48
4977.94
4993.08
5007.66
5021.21
5032.52
5038.55
5031.04
4985.77
4831.1
4354.94
4130.12
4334.74
4247.02
4127.43
4116.07
4246.65
4307.33
4327.46
4333.05
4333.84
4328.31
4325.06
4314.83
4270.23
4053.17
4268.78
4322.42
4340.9
4351.32
4359.23
4366.24
4372.95
4379.62
4386.38
4393.31
4400.45
4407.83
4415.47
4423.39
4431.59
4440.09
4448.9
4458.01
4462.39
4472.09
4482.11
4492.45
4503.11
4514.08
4525.38
4536.99
4548.92
4561.15
4573.68
4586.51
4599.62
4613.01
4626.67
4640.59
4654.75
4669.15
4683.75
4698.56
4713.55
4728.71
4744.02
4759.45
4774.98
4790.6
4806.29
4822.02
4837.77
4853.52
4869.24
4884.93
4900.55
4916.1
4931.54
4946.86
4962.02
4976.99
4991.67
5012.87
5026.15
5037.33
5043.47
5036.39
4990.86
4809.78
4275.11
4132.82
4115.38
4033.78
4112
4194.25
4263.22
4310.28
4338.56
4354.19
4360.2
4342.21
4195.38
4238.67
4326.43
4352.06
4364.67
4373.2
4380.16
4386.47
4392.54
4398.56
4404.64
4410.86
4417.26
4423.86
4430.69
4437.77
4445.1
4452.7
4460.58
4468.74
4472.07
4480.78
4489.78
4499.08
4508.68
4518.57
4528.77
4539.26
4550.05
4561.13
4572.5
4584.15
4596.07
4608.27
4620.72
4633.43
4646.38
4659.56
4672.96
4686.56
4700.36
4714.33
4728.46
4742.73
4757.13
4771.63
4786.23
4800.89
4815.61
4830.35
4845.11
4859.87
4874.6
4889.29
4903.92
4918.49
4932.99
4947.39
4961.69
4982.78
4996.82
5010.54
5023.58
5035
5042.23
5038.06
4999.69
4827.78
4115.04
4099.05
3980.95
4096.37
4197.11
4273.27
4322.32
4348.95
4335.83
4401.52
4405.06
4407.4
4409.98
4412.74
4415.77
4419.1
4422.75
4426.71
4430.96
4435.47
4435.25
4440.23
4445.46
4450.93
4456.63
4462.59
4468.79
4475.25
4481.98
4488.96
4496.22
4503.75
4511.56
4519.64
4528.01
4536.65
4545.57
4554.76
4564.23
4573.97
4583.98
4594.25
4604.78
4615.57
4626.6
4637.87
4649.36
4661.08
4673.02
4685.15
4697.47
4709.96
4722.62
4735.43
4748.37
4761.43
4774.59
4787.84
4801.16
4814.54
4827.95
4841.4
4854.84
4868.29
4881.72
4895.12
4908.49
4921.82
4935.11
4948.37
4961.62
4974.87
4988.13
5001.38
5014.43
5026.69
5036.26
5037.46
5012.8
4896.4
4374.65
3968.64
3930.92
3919.33
3922.34
3933.88
3942.44
3948.22
3953.7
3956.11
3957.73
3958.95
3958.15
3959.12
3960.11
3961.12
3962.16
3963.23
3964.3
3965.32
3966.19
3966.63
3965.82
3961.26
3957.44
3970.99
3976.92
3980.46
3983.3
3985.95
3988.62
3991.37
3994.27
3997.35
4000.62
4004.11
4007.85
4011.85
4016.15
4020.77
4025.74
4031.08
4036.84
4043.05
4049.74
4054.49
4062.24
4070.6
4079.64
4089.42
4100
4111.44
4123.84
4137.26
4151.79
4167.52
4184.55
4202.99
4222.93
4244.48
4271.61
4292.84
4319.86
4348.89
4384.46
4417.88
4453.45
4491.17
4530.98
4572.77
4616.42
4661.77
4708.7
4757.25
4807.74
4860.96
4918.15
4979.22
5033.84
5011.69
4577.13
4089.56
3957.22
3921.61
3922.39
3932.86
3938.16
3941
3942.72
3945.6
3946.57
3945.78
3946.68
3947.62
3948.61
3949.66
3950.74
3951.88
3953.05
3954.26
3955.5
3956.76
3958.04
3959.32
3960.55
3961.67
3962.52
3962.82
3962.04
3960.26
3965.66
3973.03
3977.67
3981.49
3984.98
3988.41
3991.91
3995.57
3999.45
4003.58
4008.01
4012.77
4017.9
4023.43
4029.4
4035.86
4042.86
4050.45
4058.68
4067.61
4077.32
4087.88
4099.37
4111.88
4125.49
4140.33
4156.5
4174.12
4193.32
4214.23
4236.99
4261.76
4288.66
4313.74
4345.17
4379.11
4415.65
4454.83
4496.66
4541.09
4587.98
4637.19
4688.49
4741.7
4796.73
4853.64
4912.36
4970.59
5012.64
4920.35
4558.25
4040.96
4004.69
3945.04
3925.5
3938.66
3940.47
3940.19
3939.84
3941.41
3940
3940.49
3941.17
3942
3942.94
3943.96
3945.04
3946.17
3947.35
3948.57
3949.84
3951.14
3952.48
3953.86
3955.28
3956.74
3958.21
3959.68
3961.07
3962.25
3962.91
3962.56
3964.57
3971.12
3975.6
3979.38
3982.89
3986.39
3990.01
3993.83
3997.91
4002.28
4006.99
4012.07
4017.57
4023.52
4029.98
4037
4044.64
4052.95
4062.01
4071.9
4082.69
4094.48
4107.37
4121.47
4136.91
4153.82
4172.33
4192.6
4214.8
4239.08
4265.64
4290.68
4322.13
4356.34
4393.46
4433.58
4476.76
4522.99
4572.17
4624.12
4678.57
4735.2
4793.71
4853.84
4915.13
4974.84
5015.2
4897.27
4637.59
4040.66
4027.45
3973.68
3925.11
3947.36
3943.89
3941.04
3939.32
3940.12
3938.28
3938.52
3939.07
3939.82
3940.72
3941.71
3942.79
3943.92
3945.1
3946.32
3947.59
3948.9
3950.26
3951.66
3953.12
3954.64
3956.22
3957.87
3959.58
3961.35
3963.14
3964.77
3965.25
3967.16
3973.14
3976.57
3979.66
3982.82
3986.16
3989.74
3993.58
3997.73
4002.2
4007.05
4012.3
4018
4024.19
4030.93
4038.27
4046.28
4055.01
4064.56
4075.01
4083.84
4096.27
4109.9
4124.86
4141.28
4159.31
4179.11
4200.86
4224.74
4250.94
4283.55
4311.08
4349.66
4387.24
4428.02
4472.09
4519.47
4570.06
4623.71
4680.11
4738.91
4799.74
4862.33
4919.67
4982.8
5030.98
4975.57
4648.64
4038.54
4025.2
3971.79
3926.52
3949.11
3945.62
3942.73
3940.98
3938.49
3939.89
3940.12
3940.65
3941.39
3942.28
3943.27
3944.34
3945.47
3946.65
3947.87
3949.13
3950.44
3951.8
3953.21
3954.67
3956.19
3957.77
3959.42
3961.14
3962.92
3964.7
3966.31
3966.68
3965.89
3971.58
3974.94
3977.98
3981.11
3984.42
3987.97
3991.78
3995.89
4000.32
4005.12
4010.33
4015.98
4022.11
4028.79
4036.07
4044.01
4052.67
4062.14
4072.5
4086.44
4098.97
4112.7
4127.77
4144.3
4162.46
4182.39
4204.29
4228.31
4254.67
4279.66
4315.15
4345.4
4382.79
4423.37
4467.24
4514.39
4564.77
4618.18
4674.35
4732.92
4793.52
4855.88
4926.35
4989.71
5038.07
4982.53
4642.88
4043.27
4006.75
3946.54
3926.95
3940.29
3942.14
3941.86
3941.49
3939.76
3941.63
3942.11
3942.78
3943.61
3944.54
3945.55
3946.63
3947.76
3948.94
3950.16
3951.42
3952.72
3954.06
3955.45
3956.87
3958.32
3959.79
3961.24
3962.62
3963.77
3964.37
3963.89
3965.77
3969.7
3974.04
3977.74
3981.19
3984.65
3988.23
3992.02
3996.05
4000.39
4005.05
4010.08
4015.53
4021.43
4027.84
4034.8
4042.37
4050.61
4059.6
4069.4
4080.11
4091.81
4104.6
4118.6
4133.93
4150.72
4169.1
4189.24
4211.3
4235.44
4261.84
4290.68
4326.26
4360.65
4397.96
4438.28
4481.67
4528.11
4577.5
4629.67
4684.35
4741.2
4799.93
4860.28
4921.81
4981.73
5022.25
4904.02
4631.82
4089.56
3957.22
3921.61
3923.72
3934.36
3939.76
3942.65
3944.4
3943.91
3946.57
3947.47
3948.37
3949.31
3950.3
3951.34
3952.43
3953.56
3954.73
3955.94
3957.18
3958.44
3959.72
3960.99
3962.21
3963.31
3964.14
3964.39
3963.5
3960.99
3967.05
3971.46
3975.99
3979.75
3983.19
3986.58
3990.05
3993.68
3997.52
4001.62
4006.01
4010.73
4015.81
4021.29
4027.22
4033.63
4040.57
4048.09
4056.26
4065.12
4074.76
4085.23
4096.63
4109.05
4122.57
4137.3
4153.36
4170.87
4189.94
4210.72
4233.35
4257.97
4284.72
4317.84
4349.44
4383.55
4420.27
4459.64
4501.66
4546.29
4593.39
4642.8
4694.3
4747.72
4802.96
4860.09
4919.02
4977.46
5019.67
4927.16
4552.61
3968.64
3930.52
3919.33
3923.48
3935.29
3944.03
3949.92
3951.93
3954.3
3955.91
3958.95
3959.99
3960.97
3961.96
3962.97
3964.01
3965.08
3966.15
3967.17
3968.04
3968.45
3967.58
3962.87
3958.86
3969.27
3975.08
3978.57
3981.38
3984.02
3986.66
3989.4
3992.28
3995.33
3998.58
4002.04
4005.75
4009.73
4014
4018.58
4023.51
4028.81
4034.53
4040.68
4047.33
4056.96
4064.76
4073.19
4082.3
4092.15
4102.8
4114.33
4126.81
4140.32
4154.95
4170.79
4187.93
4206.47
4226.53
4248.21
4267.75
4292.84
4324.01
4353.19
4380
4413.25
4448.66
4486.2
4525.83
4567.45
4610.91
4656.08
4702.82
4751.19
4801.48
4854.51
4911.5
4972.35
5026.77
5018.74
4571.41
3930.36
3883.09
3881.36
3886.54
3888.51
3889.53
3890.77
3892.18
3893.9
3895.84
3897.95
3900.19
3902.53
3904.95
3907.42
3909.92
3912.46
3915.02
3917.6
3920.18
3922.76
3925.34
3927.91
3930.47
3933
3935.5
3937.96
3940.36
3942.68
3944.91
3947
3948.9
3950.54
3951.8
3952.5
3952.42
3951.28
3948.95
3946.12
3953.28
3959.83
3965.33
3969.82
3973.51
3976.6
3979.25
3981.56
3983.58
3985.36
3986.93
3988.27
3989.39
3990.29
3990.94
3991.32
3991.39
3991.13
3990.47
3989.37
3987.74
3995.41
4004.88
4015.94
4028.89
4044.13
4062.14
4083.47
4108.8
4138.93
4174.8
4217.44
4268
4323.65
4393.49
4475.47
4572.45
4690.58
4847.44
5013.22
4946.32
4001.3
3893.78
3878.79
3881.22
3885
3887.85
3890.28
3892.56
3894.76
3896.94
3899.16
3901.41
3903.72
3906.08
3908.48
3910.91
3913.38
3915.86
3918.36
3920.88
3923.39
3925.91
3928.42
3930.92
3933.4
3935.86
3938.29
3940.68
3943.02
3945.3
3947.51
3949.63
3951.65
3953.52
3955.24
3956.74
3958
3958.94
3959.5
3959.61
3959.22
3958.31
3957.28
3955.23
3959.86
3965.03
3969.83
3974.14
3977.94
3981.24
3984.06
3986.45
3988.45
3990.08
3991.35
3992.26
3992.8
3992.94
3992.63
3991.83
3990.46
3992
4001.25
4012.25
4025.42
4041.24
4060.31
4083.4
4111.46
4145.62
4187.26
4237.95
4295.54
4369.18
4456.96
4560.27
4680.26
4811.42
4744.34
4944.85
4005.35
3920.45
3885.63
3877.34
3880.59
3885.32
3889.09
3892.17
3894.75
3897.19
3899.55
3901.88
3904.22
3906.59
3908.99
3911.43
3913.89
3916.37
3918.88
3921.4
3923.94
3926.47
3929.01
3931.55
3934.08
3936.6
3939.09
3941.57
3944.01
3946.42
3948.78
3951.08
3953.31
3955.46
3957.5
3959.4
3961.14
3962.66
3963.91
3964.81
3965.26
3965.16
3964.41
3962.96
3960.88
3958.38
3964.14
3969.74
3974.76
3979.1
3982.78
3985.86
3988.41
3990.51
3992.18
3993.45
3994.34
3994.82
3994.88
3994.45
3993.49
3991.9
3993.11
4003.05
4015.04
4029.58
4047.31
4069.02
4095.73
4128.7
4169.47
4219.87
4281.93
4353.44
4444.06
4550.85
4673
4789.77
4193.72
4970.89
4040.43
3937.37
3893.49
3878.63
3877.24
3883.48
3887.99
3891.53
3894.46
3897.07
3899.53
3901.88
3904.26
3906.66
3909.09
3911.54
3914.03
3916.54
3919.07
3921.62
3924.19
3926.77
3929.36
3931.95
3934.55
3937.14
3939.72
3942.3
3944.86
3947.41
3949.94
3952.44
3954.92
3957.36
3959.75
3962.1
3964.38
3966.58
3968.67
3970.61
3972.31
3973.63
3974.26
3973.57
3970.3
3963.08
3966.22
3976.41
3982.9
3987.07
3989.99
3992.21
3993.96
3995.38
3996.5
3997.33
3997.87
3998.09
3997.95
3997.4
3996.35
3994.73
3992.4
3998.07
4009.73
4023.9
4041.23
4062.53
4088.87
4121.57
4162.29
4212.99
4275.9
4349.11
4442.54
4553.99
4685.21
4829.71
4944.87
4956.12
4038.14
3936.23
3892.67
3879.42
3877.24
3883.48
3887.99
3891.53
3894.46
3897.07
3899.53
3901.88
3904.26
3906.66
3909.09
3911.54
3914.03
3916.54
3919.07
3921.62
3924.19
3926.77
3929.36
3931.95
3934.55
3937.14
3939.72
3942.3
3944.86
3947.41
3949.94
3952.44
3954.92
3957.36
3959.75
3962.1
3964.38
3966.58
3968.67
3970.61
3972.31
3973.63
3974.26
3973.57
3970.3
3963.08
3966.22
3976.41
3982.9
3987.07
3989.99
3992.21
3993.96
3995.38
3996.5
3997.33
3997.87
3998.09
3997.95
3997.4
3996.35
3994.73
3992.4
3996.62
4008.13
4022.13
4039.26
4060.35
4086.45
4118.87
4159.28
4209.63
4272.14
4353.31
4447.23
4559.2
4690.98
4836.07
4938.07
4949.27
4003.14
3919.38
3885.63
3877.34
3880.59
3885.32
3889.09
3892.17
3894.75
3897.19
3899.55
3901.88
3904.22
3906.59
3908.99
3911.43
3913.89
3916.37
3918.88
3921.4
3923.94
3926.47
3929.01
3931.55
3934.08
3936.6
3939.09
3941.57
3944.01
3946.42
3948.78
3951.08
3953.31
3955.46
3957.5
3959.4
3961.14
3962.66
3963.91
3964.81
3965.26
3965.16
3964.41
3962.96
3960.88
3958.7
3964.14
3969.74
3974.76
3979.1
3982.78
3985.86
3988.41
3990.51
3992.18
3993.45
3994.34
3994.82
3994.88
3994.45
3993.49
3991.9
3991.74
4001.54
4013.38
4027.75
4045.29
4066.79
4093.25
4125.95
4166.41
4216.46
4278.13
4357.67
4448.76
4556.05
4678.74
4796.01
4188.98
4963.98
4003.83
3894.76
3878.26
3881.22
3885
3887.85
3890.28
3892.56
3894.76
3896.94
3899.16
3901.41
3903.72
3906.08
3908.48
3910.91
3913.38
3915.86
3918.36
3920.88
3923.39
3925.91
3928.42
3930.92
3933.4
3935.86
3938.29
3940.68
3943.02
3945.3
3947.51
3949.63
3951.65
3953.52
3955.24
3956.74
3958
3958.94
3959.5
3959.61
3959.22
3958.31
3957.28
3955.6
3959.86
3965.03
3969.83
3974.14
3977.94
3981.24
3984.06
3986.45
3988.45
3990.08
3991.35
3992.26
3992.8
3992.94
3992.63
3991.83
3990.46
3990.62
3999.74
4010.61
4023.62
4039.27
4058.15
4081.02
4108.84
4142.73
4184.07
4234.42
4295.54
4373.49
4461.72
4565.51
4686.02
4817.72
4750.61
4937.98
3930.36
3883.09
3881.36
3886.54
3888.51
3889.53
3890.77
3892.18
3893.9
3895.84
3897.95
3900.19
3902.53
3904.95
3907.42
3909.92
3912.46
3915.02
3917.6
3920.18
3922.76
3925.34
3927.91
3930.47
3933
3935.5
3937.96
3940.36
3942.68
3944.91
3947
3948.9
3950.54
3951.8
3952.5
3952.42
3951.28
3948.95
3946.06
3953.28
3959.83
3965.33
3969.82
3973.51
3976.6
3979.25
3981.56
3983.58
3985.36
3986.93
3988.27
3989.39
3990.29
3990.94
3991.32
3991.39
3991.13
3990.47
3989.37
3987.74
3993.91
4003.27
4014.2
4027.01
4042.1
4059.93
4081.06
4106.18
4136.08
4171.68
4214.03
4264.28
4327.72
4397.94
4480.32
4577.74
4696.37
4841.06
5006.24
4939.49
3877.52
3856.27
3854.83
3857.31
3858.81
3859.92
3861.1
3862.38
3863.71
3864.92
3865.77
3866.83
3869.83
3872.81
3875.57
3878.24
3880.89
3883.56
3886.25
3888.98
3891.75
3894.55
3897.39
3900.26
3903.15
3906.07
3909.01
3911.98
3914.95
3917.94
3920.93
3923.93
3926.93
3929.93
3932.92
3935.91
3938.88
3941.84
3944.78
3947.71
3950.61
3953.49
3956.34
3959.16
3961.95
3964.71
3967.43
3970.12
3972.77
3975.38
3977.95
3980.48
3982.96
3985.4
3987.8
3990.15
3992.45
3994.7
3996.91
3999.06
4001.17
4003.21
4005.2
4007.12
4008.96
4010.71
4012.34
4013.8
4015.04
4015.94
4016.33
4015.87
4014
4009.62
4000.53
4035.4
4115.95
4295.44
4735.89
3863.55
3877.82
3858.28
3851.19
3853.37
3856.82
3859.44
3861.5
3863.31
3865.04
3866.79
3868.59
3870.43
3872.27
3874.06
3875.73
3877.19
3878.43
3880.31
3884.12
3887.75
3891.17
3894.43
3897.57
3900.64
3903.67
3906.69
3909.69
3912.69
3915.68
3918.68
3921.68
3924.67
3927.66
3930.64
3933.62
3936.58
3939.53
3942.46
3945.38
3948.27
3951.15
3954
3956.82
3959.61
3962.37
3965.1
3967.79
3970.45
3973.08
3975.66
3978.21
3980.71
3983.18
3985.61
3987.99
3990.33
3992.63
3994.89
3997.11
3999.28
4001.41
4003.5
4005.54
4007.53
4009.45
4011.31
4013.06
4014.68
4016.1
4017.18
4017.73
4017.36
4015.39
4010.49
4000.1
4038.96
4128.8
4326.22
4781.59
5026.86
3950.45
3891.5
3864.94
3856.04
3853.42
3857.92
3861.2
3863.64
3865.79
3867.8
3869.78
3871.79
3873.85
3875.98
3878.15
3880.37
3882.6
3884.81
3886.93
3888.86
3890.44
3891.51
3893.23
3897.9
3902.15
3905.93
3909.39
3912.64
3915.79
3918.86
3921.9
3924.91
3927.9
3930.88
3933.83
3936.78
3939.7
3942.61
3945.5
3948.37
3951.21
3954.03
3956.82
3959.58
3962.31
3965
3967.67
3970.29
3972.88
3975.44
3977.95
3980.42
3982.86
3985.25
3987.6
3989.91
3992.18
3994.41
3996.59
3998.74
4000.84
4002.9
4004.92
4006.89
4008.8
4010.64
4012.38
4013.99
4015.39
4016.45
4016.94
4016.43
4014.14
4008.66
3997.65
4034.32
4104.21
4238.88
4712.7
4913.42
3986.48
3908.59
3873.36
3859.87
3853.03
3856.62
3860.61
3863.58
3866
3868.18
3870.26
3872.31
3874.43
3876.62
3878.88
3881.2
3883.6
3886.06
3888.57
3891.12
3893.69
3896.25
3898.71
3900.77
3901.26
3902.79
3908.98
3912.83
3916.06
3919.11
3922.09
3925.05
3927.99
3930.92
3933.84
3936.75
3939.64
3942.52
3945.38
3948.22
3951.03
3953.83
3956.59
3959.33
3962.03
3964.7
3967.34
3969.94
3972.51
3975.03
3977.52
3979.97
3982.37
3984.74
3987.06
3989.34
3991.58
3993.77
3995.93
3998.04
4000.12
4002.15
4004.14
4006.08
4007.98
4009.82
4011.59
4013.26
4014.78
4016.07
4016.94
4017.08
4015.81
4011.74
4002.08
4019.11
4053.08
4247.8
4447.73
4901.1
3985.24
3908.16
3873.07
3860.25
3853.48
3856.62
3860.61
3863.58
3866
3868.18
3870.26
3872.31
3874.43
3876.62
3878.88
3881.2
3883.6
3886.06
3888.57
3891.12
3893.69
3896.25
3898.71
3900.77
3901.26
3902.79
3908.98
3912.83
3916.06
3919.11
3922.09
3925.05
3927.99
3930.92
3933.84
3936.75
3939.64
3942.52
3945.38
3948.22
3951.03
3953.83
3956.59
3959.33
3962.03
3964.7
3967.34
3969.94
3972.51
3975.03
3977.52
3979.97
3982.37
3984.74
3987.06
3989.34
3991.58
3993.77
3995.93
3998.04
4000.12
4002.15
4004.14
4006.08
4007.98
4009.82
4011.59
4013.26
4014.78
4016.07
4016.94
4017.08
4015.81
4011.74
4002.08
4020.5
4055.14
4247.77
4442.81
4907.61
3949.27
3891.11
3865.23
3856.4
3853.42
3857.92
3861.2
3863.64
3865.79
3867.8
3869.78
3871.79
3873.85
3875.98
3878.15
3880.37
3882.6
3884.81
3886.93
3888.86
3890.44
3891.51
3893.23
3897.9
3902.15
3905.93
3909.39
3912.64
3915.79
3918.86
3921.9
3924.91
3927.9
3930.88
3933.83
3936.78
3939.7
3942.61
3945.5
3948.37
3951.21
3954.03
3956.82
3959.58
3962.31
3965
3967.67
3970.29
3972.88
3975.44
3977.95
3980.42
3982.86
3985.25
3987.6
3989.91
3992.18
3994.41
3996.59
3998.74
4000.84
4002.9
4004.92
4006.89
4008.8
4010.64
4012.38
4013.99
4015.39
4016.45
4016.94
4016.43
4014.14
4008.66
3997.65
4035.98
4106.65
4238.9
4718.67
4920.18
3877.82
3857.95
3851.5
3853.37
3856.82
3859.44
3861.5
3863.31
3865.04
3866.79
3868.59
3870.43
3872.27
3874.06
3875.73
3877.19
3878.43
3880.31
3884.12
3887.75
3891.17
3894.43
3897.57
3900.64
3903.67
3906.69
3909.69
3912.69
3915.68
3918.68
3921.68
3924.67
3927.66
3930.64
3933.62
3936.58
3939.53
3942.46
3945.38
3948.27
3951.15
3954
3956.82
3959.61
3962.37
3965.1
3967.79
3970.45
3973.08
3975.66
3978.21
3980.71
3983.18
3985.61
3987.99
3990.33
3992.63
3994.89
3997.11
3999.28
4001.41
4003.5
4005.54
4007.53
4009.45
4011.31
4013.06
4014.68
4016.1
4017.18
4017.73
4017.36
4015.39
4010.49
4000.1
4037.18
4126.14
4326.21
4787.74
5019.77
3877.52
3856.27
3854.83
3857.31
3858.81
3859.92
3861.1
3862.38
3863.71
3864.92
3865.77
3866.49
3869.83
3872.81
3875.57
3878.24
3880.89
3883.56
3886.25
3888.98
3891.75
3894.55
3897.39
3900.26
3903.15
3906.07
3909.01
3911.98
3914.95
3917.94
3920.93
3923.93
3926.93
3929.93
3932.92
3935.91
3938.88
3941.84
3944.78
3947.71
3950.61
3953.49
3956.34
3959.16
3961.95
3964.71
3967.43
3970.12
3972.77
3975.38
3977.95
3980.48
3982.96
3985.4
3987.8
3990.15
3992.45
3994.7
3996.91
3999.06
4001.17
4003.21
4005.2
4007.12
4008.96
4010.71
4012.34
4013.8
4015.04
4015.94
4016.33
4015.87
4014
4009.62
4000.53
4033.62
4113.37
4291.6
4729.95
3860.88
)
;

boundaryField
{
    left
    {
        type            zeroGradient;
    }
    right
    {
        type            zeroGradient;
    }
    back
    {
        type            zeroGradient;
    }
    front
    {
        type            zeroGradient;
    }
    top
    {
        type            zeroGradient;
    }
    bottom
    {
        type            zeroGradient;
    }
}


// ************************************************************************* //
