/*--------------------------------*- C++ -*----------------------------------*\
| =========                 |                                                 |
| \\      /  F ield         | foam-extend: Open Source CFD                    |
|  \\    /   O peration     | Version:     4.1                                |
|   \\  /    A nd           | Web:         http://www.foam-extend.org         |
|    \\/     M anipulation  |                                                 |
\*---------------------------------------------------------------------------*/
FoamFile
{
    version     2.0;
    format      ascii;
    class       volScalarField;
    location    "0.196";
    object      p;
}
// * * * * * * * * * * * * * * * * * * * * * * * * * * * * * * * * * * * * * //

dimensions      [1 -1 -2 0 0 0 0];

internalField   nonuniform List<scalar> 
5120
(
-410.712
-320.987
-308.8
-302.868
-297.366
-291.724
-285.606
-279.001
-272.02
-264.783
-257.395
-249.94
-242.481
-235.063
-227.718
-220.465
-213.319
-206.289
-199.38
-192.596
-185.938
-179.406
-173.002
-166.725
-160.575
-154.551
-148.653
-142.879
-137.23
-131.705
-126.302
-121.022
-115.862
-110.824
-105.905
-101.106
-96.4251
-91.8619
-87.4158
-83.0859
-78.8716
-74.7723
-70.7872
-66.9157
-63.1572
-59.5109
-55.9763
-52.5528
-49.2397
-46.0365
-42.9425
-39.9574
-37.0804
-34.3111
-31.649
-29.0934
-26.6441
-24.3004
-22.0619
-19.9282
-17.8988
-15.9732
-14.1511
-12.432
-10.8156
-9.30144
-7.8891
-6.57819
-5.36829
-4.25895
-3.24969
-2.34001
-1.5294
-0.817471
-0.204194
0.309639
0.721792
1.02535
1.22825
1.30709
-427.9
-338.102
-322.528
-313.453
-304.245
-295.781
-287.715
-279.8
-271.967
-264.197
-256.49
-248.855
-241.304
-233.849
-226.501
-219.265
-212.147
-205.151
-198.28
-191.534
-184.914
-178.421
-172.054
-165.812
-159.696
-153.705
-147.838
-142.095
-136.475
-130.977
-125.601
-120.346
-115.212
-110.197
-105.301
-100.523
-95.8637
-91.3209
-86.8944
-82.5835
-78.3876
-74.306
-70.3381
-66.4832
-62.7407
-59.11
-55.5904
-52.1814
-48.8824
-45.6928
-42.6121
-39.6396
-36.7749
-34.0175
-31.3669
-28.8224
-26.3837
-24.0503
-21.8218
-19.6976
-17.6773
-15.7605
-13.9468
-12.2358
-10.6271
-9.12032
-7.715
-6.41081
-5.20736
-4.1043
-3.10132
-2.1982
-1.39487
-0.691673
-0.0896111
0.409239
0.801132
1.0777
1.25249
1.31973
-448.15
-347.892
-330.671
-320.51
-309.733
-299.738
-290.433
-281.593
-273.106
-264.891
-256.89
-249.066
-241.398
-233.871
-226.481
-219.221
-212.092
-205.092
-198.219
-191.475
-184.858
-178.368
-172.004
-165.766
-159.654
-153.666
-147.802
-142.061
-136.443
-130.947
-125.573
-120.319
-115.186
-110.172
-105.277
-100.5
-95.8403
-91.2975
-86.8709
-82.5597
-78.3634
-74.2813
-70.3127
-66.457
-62.7136
-59.0819
-55.5613
-52.1512
-48.8511
-45.6603
-42.5783
-39.6045
-36.7385
-33.9798
-31.3277
-28.7819
-26.3418
-24.0071
-21.7771
-19.6515
-17.6299
-15.7118
-13.8968
-12.1845
-10.5745
-9.06643
-7.65994
-6.35466
-5.15027
-4.04652
-3.04323
-2.14039
-1.33829
-0.637661
-0.04
0.452158
0.834674
1.09943
1.26183
1.3227
-457.054
-350.941
-333.478
-323.31
-312.157
-301.633
-291.818
-282.554
-273.742
-265.294
-257.132
-249.202
-241.464
-233.895
-226.477
-219.203
-212.066
-205.061
-198.188
-191.443
-184.827
-178.339
-171.977
-165.741
-159.63
-153.643
-147.781
-142.041
-136.424
-130.93
-125.556
-120.303
-115.171
-110.157
-105.262
-100.486
-95.8264
-91.2837
-86.8572
-82.546
-78.3496
-74.2673
-70.2985
-66.4426
-62.699
-59.0669
-55.546
-52.1355
-48.8349
-45.6436
-42.5611
-39.5869
-36.7204
-33.9611
-31.3085
-28.7622
-26.3216
-23.9862
-21.7557
-19.6296
-17.6074
-15.6887
-13.8732
-12.1603
-10.5498
-9.04128
-7.63432
-6.32864
-5.12394
-4.02002
-3.0168
-2.11438
-1.31317
-0.614084
-0.0187371
0.470291
0.848918
1.10939
1.2679
1.32737
-457.054
-350.941
-333.478
-323.31
-312.157
-301.633
-291.818
-282.554
-273.742
-265.294
-257.132
-249.202
-241.464
-233.895
-226.477
-219.203
-212.066
-205.061
-198.188
-191.443
-184.827
-178.339
-171.977
-165.741
-159.63
-153.643
-147.781
-142.041
-136.424
-130.93
-125.556
-120.303
-115.171
-110.157
-105.262
-100.486
-95.8264
-91.2837
-86.8572
-82.546
-78.3496
-74.2673
-70.2985
-66.4426
-62.699
-59.0669
-55.546
-52.1355
-48.8349
-45.6436
-42.5611
-39.5869
-36.7204
-33.9611
-31.3085
-28.7622
-26.3216
-23.9862
-21.7557
-19.6296
-17.6074
-15.6887
-13.8732
-12.1603
-10.5498
-9.04128
-7.63432
-6.32864
-5.12394
-4.02002
-3.0168
-2.11438
-1.31317
-0.614083
-0.0187363
0.470291
0.848918
1.10939
1.2679
1.32737
-448.15
-347.892
-330.671
-320.51
-309.733
-299.738
-290.433
-281.593
-273.106
-264.891
-256.89
-249.066
-241.398
-233.871
-226.481
-219.221
-212.092
-205.092
-198.219
-191.475
-184.858
-178.368
-172.004
-165.766
-159.654
-153.666
-147.802
-142.061
-136.443
-130.947
-125.573
-120.319
-115.186
-110.172
-105.277
-100.5
-95.8403
-91.2975
-86.8709
-82.5597
-78.3634
-74.2813
-70.3127
-66.457
-62.7136
-59.0819
-55.5613
-52.1512
-48.8511
-45.6603
-42.5783
-39.6045
-36.7385
-33.9798
-31.3277
-28.7819
-26.3418
-24.0071
-21.7771
-19.6515
-17.6299
-15.7118
-13.8968
-12.1845
-10.5745
-9.06643
-7.65994
-6.35466
-5.15027
-4.04652
-3.04323
-2.14039
-1.33829
-0.637661
-0.0400014
0.452156
0.834674
1.09943
1.26183
1.3227
-427.9
-338.102
-322.528
-313.453
-304.245
-295.781
-287.715
-279.8
-271.967
-264.197
-256.49
-248.855
-241.304
-233.849
-226.501
-219.265
-212.147
-205.151
-198.28
-191.534
-184.914
-178.421
-172.054
-165.812
-159.696
-153.705
-147.838
-142.095
-136.475
-130.977
-125.601
-120.346
-115.212
-110.197
-105.301
-100.523
-95.8637
-91.3209
-86.8944
-82.5835
-78.3876
-74.306
-70.3381
-66.4832
-62.7407
-59.11
-55.5904
-52.1814
-48.8824
-45.6928
-42.6121
-39.6396
-36.7749
-34.0175
-31.3669
-28.8224
-26.3837
-24.0503
-21.8218
-19.6976
-17.6773
-15.7605
-13.9468
-12.2358
-10.6271
-9.12032
-7.715
-6.41081
-5.20736
-4.1043
-3.10132
-2.1982
-1.39487
-0.691673
-0.0896122
0.409238
0.801131
1.0777
1.25249
1.31973
-410.712
-320.987
-308.8
-302.868
-297.366
-291.724
-285.606
-279.001
-272.02
-264.783
-257.395
-249.94
-242.481
-235.063
-227.718
-220.465
-213.319
-206.289
-199.38
-192.596
-185.938
-179.406
-173.002
-166.725
-160.575
-154.551
-148.653
-142.879
-137.23
-131.705
-126.302
-121.022
-115.862
-110.824
-105.905
-101.106
-96.4251
-91.8619
-87.4158
-83.0859
-78.8716
-74.7723
-70.7872
-66.9157
-63.1572
-59.5109
-55.9763
-52.5528
-49.2397
-46.0365
-42.9425
-39.9574
-37.0804
-34.3111
-31.649
-29.0934
-26.6441
-24.3004
-22.0619
-19.9282
-17.8988
-15.9732
-14.1511
-12.432
-10.8156
-9.30144
-7.8891
-6.5782
-5.36829
-4.25895
-3.24969
-2.34001
-1.5294
-0.81747
-0.204193
0.309637
0.72179
1.02535
1.22825
1.30709
-283.876
-214.537
-206.087
-202.701
-198.492
-194.456
-190.376
-186.094
-181.615
-176.981
-172.244
-167.45
-162.636
-157.832
-153.059
-148.332
-143.661
-139.052
-134.51
-130.04
-125.641
-121.317
-117.069
-112.896
-108.799
-104.779
-100.836
-96.97
-93.1811
-89.4695
-85.8352
-82.278
-78.798
-75.3951
-72.0692
-68.8202
-65.648
-62.5523
-59.5332
-56.5903
-53.7236
-50.9327
-48.2177
-45.5781
-43.014
-40.5249
-38.1107
-35.7713
-33.5063
-31.3155
-29.1988
-27.1559
-25.1866
-23.2905
-21.4677
-19.7177
-18.0404
-16.4355
-14.9028
-13.4422
-12.0534
-10.7361
-9.49024
-8.31551
-7.21173
-6.17868
-5.21614
-4.32388
-3.50162
-2.74905
-2.06576
-1.45122
-0.904712
-0.425228
-0.0113589
0.33895
0.628132
0.85675
1.03635
1.22242
-332.774
-233.737
-214.142
-207.94
-200.711
-194.496
-189.058
-183.917
-178.917
-173.994
-169.123
-164.293
-159.508
-154.771
-150.088
-145.462
-140.899
-136.4
-131.968
-127.604
-123.311
-119.088
-114.937
-110.858
-106.852
-102.918
-99.058
-95.2713
-91.5584
-87.9194
-84.3545
-80.8638
-77.4473
-74.1052
-70.8373
-67.6439
-64.5247
-61.4799
-58.5093
-55.613
-52.7907
-50.0424
-47.3681
-44.7676
-42.2407
-39.7874
-37.4075
-35.1008
-32.8672
-30.7066
-28.6187
-26.6034
-24.6605
-22.7898
-20.9913
-19.2646
-17.6096
-16.0261
-14.5139
-13.0729
-11.7029
-10.4037
-9.17501
-8.01678
-6.92878
-5.91081
-4.96269
-4.08423
-3.2752
-2.53538
-1.86452
-1.26234
-0.728516
-0.262682
0.135654
0.46745
0.733429
0.931923
1.08712
1.28012
-362.093
-250.155
-222.346
-213.087
-203.914
-196.262
-189.833
-184.022
-178.578
-173.377
-168.34
-163.422
-158.598
-153.855
-149.185
-144.585
-140.053
-135.591
-131.196
-126.87
-122.614
-118.428
-114.311
-110.266
-106.291
-102.388
-98.5569
-94.7976
-91.1105
-87.496
-83.9541
-80.4851
-77.0891
-73.7661
-70.5164
-67.3399
-64.2367
-61.2069
-58.2503
-55.3671
-52.5571
-49.8204
-47.1568
-44.5663
-42.0488
-39.6043
-37.2325
-34.9335
-32.707
-30.553
-28.4712
-26.4617
-24.5242
-22.6585
-20.8646
-19.1423
-17.4914
-15.9117
-14.4031
-12.9654
-11.5985
-10.3022
-9.07633
-7.92069
-6.83513
-5.81948
-4.87358
-3.99725
-3.19032
-2.45265
-1.7841
-1.18455
-0.653956
-0.192322
0.200342
0.524371
0.779709
0.96506
1.10842
1.29006
-372.25
-254.882
-225.072
-215.18
-205.378
-197.146
-190.274
-184.139
-178.469
-173.119
-167.989
-163.018
-158.167
-153.416
-148.749
-144.16
-139.644
-135.198
-130.822
-126.515
-122.277
-118.109
-114.01
-109.981
-106.023
-102.135
-98.3182
-94.5726
-90.8986
-87.2963
-83.766
-80.3079
-76.9222
-73.6089
-70.3682
-67.2002
-64.1049
-61.0825
-58.1329
-55.2561
-52.4522
-49.7211
-47.0627
-44.4772
-41.9642
-39.5239
-37.1561
-34.8607
-32.6375
-30.4866
-28.4078
-26.4009
-24.4659
-22.6026
-20.8108
-19.0904
-17.4413
-15.8633
-14.3562
-12.92
-11.5544
-10.2593
-9.03454
-7.87996
-6.79539
-5.78068
-4.83567
-3.96021
-3.15417
-2.41743
-1.74994
-1.15165
-0.622628
-0.163024
0.227017
0.54771
0.798865
0.979495
1.11876
1.29644
-372.25
-254.882
-225.072
-215.18
-205.378
-197.146
-190.274
-184.139
-178.469
-173.119
-167.989
-163.018
-158.167
-153.416
-148.749
-144.16
-139.644
-135.198
-130.822
-126.515
-122.277
-118.109
-114.01
-109.981
-106.023
-102.135
-98.3182
-94.5726
-90.8986
-87.2963
-83.766
-80.3079
-76.9222
-73.6089
-70.3682
-67.2002
-64.1049
-61.0825
-58.1329
-55.2561
-52.4522
-49.7211
-47.0627
-44.4772
-41.9642
-39.5239
-37.1561
-34.8607
-32.6375
-30.4866
-28.4078
-26.4009
-24.4659
-22.6026
-20.8108
-19.0904
-17.4413
-15.8633
-14.3562
-12.92
-11.5544
-10.2593
-9.03454
-7.87996
-6.79539
-5.78068
-4.83567
-3.96021
-3.15417
-2.41744
-1.74994
-1.15165
-0.622628
-0.163024
0.227018
0.54771
0.798866
0.979495
1.11876
1.29644
-362.093
-250.155
-222.346
-213.087
-203.914
-196.262
-189.833
-184.022
-178.578
-173.377
-168.34
-163.422
-158.598
-153.855
-149.185
-144.585
-140.053
-135.591
-131.196
-126.87
-122.614
-118.428
-114.311
-110.266
-106.291
-102.388
-98.5569
-94.7976
-91.1105
-87.496
-83.9541
-80.4851
-77.0891
-73.7661
-70.5164
-67.3399
-64.2367
-61.2069
-58.2503
-55.3671
-52.5571
-49.8204
-47.1568
-44.5663
-42.0488
-39.6043
-37.2325
-34.9335
-32.707
-30.553
-28.4712
-26.4617
-24.5242
-22.6585
-20.8646
-19.1423
-17.4914
-15.9117
-14.4031
-12.9654
-11.5985
-10.3022
-9.07633
-7.92069
-6.83513
-5.81948
-4.87358
-3.99724
-3.19032
-2.45265
-1.7841
-1.18455
-0.653957
-0.192322
0.200342
0.524371
0.779709
0.96506
1.10842
1.29006
-332.774
-233.737
-214.142
-207.94
-200.711
-194.496
-189.058
-183.917
-178.917
-173.994
-169.123
-164.293
-159.508
-154.771
-150.088
-145.462
-140.899
-136.4
-131.968
-127.604
-123.311
-119.088
-114.937
-110.858
-106.852
-102.918
-99.058
-95.2713
-91.5584
-87.9194
-84.3545
-80.8638
-77.4473
-74.1052
-70.8373
-67.6439
-64.5247
-61.4799
-58.5093
-55.613
-52.7907
-50.0424
-47.3681
-44.7676
-42.2407
-39.7874
-37.4075
-35.1008
-32.8672
-30.7066
-28.6187
-26.6034
-24.6605
-22.7898
-20.9913
-19.2646
-17.6096
-16.0261
-14.5139
-13.0729
-11.7029
-10.4037
-9.17501
-8.01678
-6.92878
-5.91081
-4.96269
-4.08423
-3.2752
-2.53538
-1.86452
-1.26234
-0.728517
-0.262682
0.135654
0.467451
0.733429
0.931924
1.08712
1.28011
-283.876
-214.537
-206.087
-202.701
-198.492
-194.456
-190.376
-186.094
-181.615
-176.981
-172.244
-167.45
-162.636
-157.832
-153.059
-148.332
-143.661
-139.052
-134.51
-130.04
-125.641
-121.317
-117.069
-112.896
-108.799
-104.779
-100.836
-96.97
-93.1811
-89.4695
-85.8352
-82.278
-78.798
-75.3951
-72.0692
-68.8202
-65.648
-62.5523
-59.5332
-56.5903
-53.7236
-50.9327
-48.2177
-45.5781
-43.014
-40.5249
-38.1107
-35.7713
-33.5063
-31.3155
-29.1988
-27.1559
-25.1866
-23.2905
-21.4677
-19.7177
-18.0404
-16.4355
-14.9028
-13.4422
-12.0534
-10.7361
-9.49024
-8.31551
-7.21173
-6.17868
-5.21614
-4.32388
-3.50162
-2.74905
-2.06576
-1.45122
-0.904711
-0.425228
-0.0113592
0.338949
0.628132
0.85675
1.03635
1.22243
-157.589
-117.042
-113.526
-112.729
-110.681
-108.507
-106.302
-104.017
-101.658
-99.2392
-96.7759
-94.2847
-91.7801
-89.2735
-86.7733
-84.286
-81.8163
-79.3678
-76.943
-74.5443
-72.1732
-69.8312
-67.5195
-65.2391
-62.9909
-60.7757
-58.5942
-56.447
-54.3346
-52.2577
-50.2167
-48.212
-46.2442
-44.3135
-42.4203
-40.5651
-38.7481
-36.9697
-35.2302
-33.5297
-31.8687
-30.2472
-28.6657
-27.1242
-25.623
-24.1622
-22.7422
-21.3629
-20.0245
-18.7273
-17.4713
-16.2567
-15.0835
-13.9518
-12.8618
-11.8135
-10.807
-9.84242
-8.91971
-8.03895
-7.20018
-6.40344
-5.64875
-4.93612
-4.26556
-3.63705
-3.05057
-2.50607
-2.00347
-1.5426
-1.12324
-0.744968
-0.407137
-0.108706
0.151928
0.377227
0.569983
0.730757
0.874049
1.07249
-196.695
-133.206
-118.631
-114.461
-110.074
-106.52
-103.596
-100.932
-98.3964
-95.9294
-93.4989
-91.0897
-88.6956
-86.3151
-83.9484
-81.5969
-79.2623
-76.9461
-74.65
-72.3754
-70.1236
-67.896
-65.6935
-63.5172
-61.3682
-59.2472
-57.1551
-55.0927
-53.0607
-51.0598
-49.0908
-47.1541
-45.2503
-43.3802
-41.5442
-39.7427
-37.9764
-36.2456
-34.5508
-32.8924
-31.2709
-29.6865
-28.1397
-26.6308
-25.1601
-23.7279
-22.3344
-20.9801
-19.665
-18.3895
-17.1538
-15.958
-14.8024
-13.6871
-12.6124
-11.5783
-10.585
-9.63271
-8.72142
-7.85129
-7.02241
-6.23486
-5.48872
-4.78404
-4.12088
-3.49926
-2.91922
-2.38074
-1.88382
-1.42837
-1.01429
-0.641383
-0.309312
-0.0175606
0.234795
0.449531
0.628384
0.772502
0.915088
1.12884
-221.752
-147.751
-124.682
-117.167
-111.129
-106.57
-103.033
-99.9918
-97.2305
-94.6412
-92.1572
-89.7392
-87.3649
-85.0216
-82.7027
-80.4046
-78.126
-75.8667
-73.6269
-71.4076
-69.2094
-67.0333
-64.8804
-62.7514
-60.6475
-58.5695
-56.5181
-54.4944
-52.4989
-50.5327
-48.5962
-46.6903
-44.8157
-42.9729
-41.1625
-39.3852
-37.6416
-35.9321
-34.2572
-32.6175
-31.0135
-29.4454
-27.9138
-26.4191
-24.9616
-23.5417
-22.1597
-20.8159
-19.5107
-18.2443
-17.017
-15.829
-14.6807
-13.5721
-12.5035
-11.475
-10.487
-9.53943
-8.63256
-7.76648
-6.94133
-6.15721
-5.41422
-4.71245
-4.05196
-3.43281
-2.85506
-2.31872
-1.82382
-1.37035
-0.958285
-0.587546
-0.258009
0.0305532
0.278663
0.487563
0.658486
0.794447
0.933369
1.13636
-230.396
-152.235
-126.816
-118.376
-111.71
-106.685
-102.835
-99.5893
-96.6982
-94.033
-91.5105
-89.0794
-86.7087
-84.3798
-82.0817
-79.8083
-77.5565
-75.3247
-73.1126
-70.9205
-68.7489
-66.5985
-64.4702
-62.365
-60.2836
-58.2271
-56.1962
-54.1918
-52.2148
-50.2659
-48.346
-46.4556
-44.5956
-42.7666
-40.9693
-39.2043
-37.4721
-35.7734
-34.1087
-32.4785
-30.8833
-29.3236
-27.7998
-26.3123
-24.8616
-23.448
-22.0719
-20.7336
-19.4335
-18.1718
-16.9489
-15.7649
-14.6203
-13.5152
-12.4498
-11.4243
-10.439
-9.49395
-8.58939
-7.72546
-6.90227
-6.11997
-5.37865
-4.67841
-4.01935
-3.40152
-2.82499
-2.28982
-1.79603
-1.34365
-0.93271
-0.563187
-0.235039
0.0518578
0.297918
0.504264
0.672011
0.804846
0.941912
1.14095
-230.396
-152.235
-126.816
-118.376
-111.71
-106.685
-102.835
-99.5893
-96.6982
-94.033
-91.5105
-89.0794
-86.7087
-84.3798
-82.0817
-79.8083
-77.5565
-75.3247
-73.1126
-70.9205
-68.7489
-66.5985
-64.4702
-62.365
-60.2836
-58.2271
-56.1962
-54.1918
-52.2148
-50.2659
-48.346
-46.4556
-44.5956
-42.7666
-40.9693
-39.2043
-37.4721
-35.7734
-34.1087
-32.4785
-30.8833
-29.3236
-27.7998
-26.3123
-24.8616
-23.448
-22.0719
-20.7336
-19.4335
-18.1718
-16.9489
-15.7649
-14.6203
-13.5152
-12.4498
-11.4243
-10.439
-9.49395
-8.58939
-7.72546
-6.90227
-6.11997
-5.37865
-4.67841
-4.01935
-3.40152
-2.82499
-2.28982
-1.79603
-1.34365
-0.93271
-0.563187
-0.235039
0.0518578
0.297918
0.504264
0.672011
0.804846
0.941912
1.14095
-221.752
-147.751
-124.682
-117.167
-111.129
-106.57
-103.033
-99.9918
-97.2305
-94.6412
-92.1572
-89.7392
-87.3649
-85.0216
-82.7027
-80.4046
-78.126
-75.8667
-73.6269
-71.4076
-69.2094
-67.0333
-64.8804
-62.7514
-60.6475
-58.5695
-56.5181
-54.4944
-52.4989
-50.5327
-48.5962
-46.6903
-44.8157
-42.9729
-41.1625
-39.3852
-37.6416
-35.9321
-34.2572
-32.6175
-31.0135
-29.4454
-27.9138
-26.4191
-24.9616
-23.5417
-22.1597
-20.8159
-19.5107
-18.2443
-17.017
-15.829
-14.6807
-13.5721
-12.5035
-11.475
-10.487
-9.53943
-8.63256
-7.76648
-6.94133
-6.15721
-5.41422
-4.71245
-4.05196
-3.43281
-2.85506
-2.31872
-1.82382
-1.37035
-0.958285
-0.587546
-0.258009
0.0305532
0.278663
0.487563
0.658486
0.794447
0.933369
1.13636
-196.695
-133.206
-118.631
-114.461
-110.074
-106.52
-103.596
-100.932
-98.3964
-95.9294
-93.4989
-91.0897
-88.6956
-86.3151
-83.9484
-81.5969
-79.2623
-76.9461
-74.65
-72.3754
-70.1236
-67.896
-65.6935
-63.5172
-61.3682
-59.2472
-57.1551
-55.0927
-53.0607
-51.0598
-49.0908
-47.1541
-45.2503
-43.3802
-41.5442
-39.7427
-37.9764
-36.2456
-34.5508
-32.8924
-31.2709
-29.6865
-28.1397
-26.6308
-25.1601
-23.7279
-22.3344
-20.9801
-19.665
-18.3895
-17.1538
-15.958
-14.8024
-13.6871
-12.6124
-11.5783
-10.585
-9.63271
-8.72142
-7.85129
-7.02241
-6.23486
-5.48872
-4.78404
-4.12088
-3.49926
-2.91922
-2.38074
-1.88382
-1.42837
-1.01429
-0.641383
-0.309313
-0.0175606
0.234795
0.449531
0.628384
0.772502
0.915088
1.12884
-157.589
-117.042
-113.526
-112.729
-110.681
-108.507
-106.302
-104.017
-101.658
-99.2392
-96.7759
-94.2847
-91.7801
-89.2735
-86.7733
-84.286
-81.8163
-79.3678
-76.943
-74.5443
-72.1732
-69.8312
-67.5195
-65.2391
-62.9909
-60.7757
-58.5942
-56.447
-54.3346
-52.2577
-50.2167
-48.212
-46.2442
-44.3135
-42.4203
-40.5651
-38.7481
-36.9697
-35.2302
-33.5297
-31.8687
-30.2472
-28.6657
-27.1242
-25.623
-24.1622
-22.7421
-21.3629
-20.0245
-18.7273
-17.4713
-16.2567
-15.0835
-13.9518
-12.8618
-11.8135
-10.807
-9.84242
-8.91971
-8.03895
-7.20018
-6.40344
-5.64875
-4.93612
-4.26556
-3.63705
-3.05057
-2.50607
-2.00347
-1.5426
-1.12324
-0.744968
-0.407136
-0.108706
0.151928
0.377227
0.569983
0.730756
0.874048
1.07249
-35.1689
-26.5933
-26.9316
-27.6359
-27.5179
-27.111
-26.6126
-26.0869
-25.5663
-25.0616
-24.5722
-24.0938
-23.6212
-23.1496
-22.6756
-22.1967
-21.7116
-21.2198
-20.7214
-20.2169
-19.7068
-19.1921
-18.6736
-18.1521
-17.6284
-17.1033
-16.5775
-16.0517
-15.5266
-15.0028
-14.4808
-13.9613
-13.4448
-12.9318
-12.4228
-11.9183
-11.4188
-10.9248
-10.4367
-9.9549
-9.47987
-9.01202
-8.55173
-8.09939
-7.65537
-7.22002
-6.79369
-6.3767
-5.96936
-5.572
-5.18489
-4.80832
-4.44256
-4.08785
-3.74445
-3.41257
-3.09246
-2.7843
-2.4883
-2.20465
-1.93351
-1.67505
-1.42943
-1.19678
-0.977241
-0.770922
-0.577929
-0.398341
-0.23222
-0.079606
0.0595113
0.185219
0.297716
0.397344
0.484672
0.560601
0.625682
0.677614
0.728646
0.85038
-49.8565
-30.445
-25.6922
-24.6873
-23.6771
-22.905
-22.3488
-21.9051
-21.5305
-21.1992
-20.8915
-20.5937
-20.2963
-19.9934
-19.6811
-19.3574
-19.0213
-18.6725
-18.3115
-17.9388
-17.5551
-17.1614
-16.7586
-16.3475
-15.9292
-15.5044
-15.0741
-14.639
-14.2
-13.7578
-13.3132
-12.867
-12.4198
-11.9723
-11.5251
-11.0791
-10.6346
-10.1925
-9.75322
-9.3174
-8.88558
-8.45831
-8.03612
-7.6195
-7.20894
-6.80493
-6.4079
-6.01831
-5.63657
-5.26308
-4.89824
-4.54242
-4.19598
-3.85925
-3.53256
-3.21622
-2.91053
-2.61577
-2.3322
-2.06008
-1.79963
-1.55109
-1.31466
-1.09054
-0.878896
-0.679903
-0.493709
-0.320449
-0.160234
-0.0131476
0.120757
0.241474
0.349063
0.443669
0.525653
0.595812
0.654047
0.698992
0.758799
0.874336
-59.0994
-34.9972
-26.6653
-24.1858
-22.4628
-21.3159
-20.5859
-20.0803
-19.7068
-19.4126
-19.162
-18.9312
-18.7057
-18.4761
-18.237
-17.9855
-17.7198
-17.4396
-17.1449
-16.8363
-16.5143
-16.1798
-15.8337
-15.4769
-15.1103
-14.7348
-14.3513
-13.9608
-13.5641
-13.162
-12.7553
-12.3449
-11.9316
-11.5161
-11.0992
-10.6815
-10.2639
-9.84693
-9.43133
-9.01774
-8.60677
-8.19904
-7.79513
-7.39563
-7.00106
-6.61197
-6.22887
-5.85224
-5.48257
-5.12031
-4.7659
-4.41976
-4.08228
-3.75387
-3.43488
-3.12566
-2.82655
-2.53786
-2.25991
-1.99296
-1.73729
-1.49316
-1.26079
-1.04042
-0.832235
-0.636438
-0.453202
-0.282683
-0.125017
0.0196769
0.151304
0.269801
0.375145
0.467363
0.546663
0.613594
0.66781
0.709828
0.769498
0.866163
-62.4015
-36.6098
-27.1082
-24.0839
-22.0117
-20.6402
-19.7852
-19.219
-18.825
-18.5354
-18.3041
-18.1013
-17.9082
-17.7133
-17.5097
-17.2935
-17.0627
-16.8165
-16.5549
-16.2782
-15.987
-15.6821
-15.3644
-15.0347
-14.6941
-14.3433
-13.9835
-13.6153
-13.2399
-12.8579
-12.4704
-12.0781
-11.6819
-11.2826
-10.8809
-10.4777
-10.0736
-9.66942
-9.26585
-8.86355
-8.4632
-8.06543
-7.67086
-7.2801
-6.89372
-6.51228
-6.13632
-5.76636
-5.40291
-5.04644
-4.69742
-4.35629
-4.02347
-3.69938
-3.3844
-3.07889
-2.78323
-2.49773
-2.22272
-1.9585
-1.70536
-1.46356
-1.23334
-1.01496
-0.80862
-0.614531
-0.432879
-0.263832
-0.107544
0.0358502
0.166235
0.28352
0.387649
0.478606
0.55656
0.621985
0.674422
0.715044
0.774019
0.864826
-62.4015
-36.6098
-27.1082
-24.0839
-22.0117
-20.6402
-19.7852
-19.219
-18.825
-18.5354
-18.3041
-18.1013
-17.9082
-17.7133
-17.5097
-17.2935
-17.0627
-16.8165
-16.5549
-16.2782
-15.987
-15.6821
-15.3644
-15.0347
-14.6941
-14.3433
-13.9835
-13.6153
-13.2399
-12.8579
-12.4704
-12.0781
-11.6819
-11.2826
-10.8809
-10.4777
-10.0736
-9.66942
-9.26585
-8.86355
-8.4632
-8.06543
-7.67086
-7.2801
-6.89372
-6.51228
-6.13632
-5.76636
-5.40291
-5.04644
-4.69742
-4.35629
-4.02347
-3.69938
-3.3844
-3.07889
-2.78323
-2.49773
-2.22272
-1.9585
-1.70536
-1.46356
-1.23334
-1.01496
-0.80862
-0.614531
-0.432878
-0.263832
-0.107544
0.0358501
0.166235
0.28352
0.387648
0.478606
0.55656
0.621985
0.674422
0.715044
0.774019
0.864826
-59.0994
-34.9972
-26.6653
-24.1858
-22.4628
-21.3159
-20.5859
-20.0803
-19.7068
-19.4126
-19.162
-18.9312
-18.7057
-18.4761
-18.237
-17.9855
-17.7198
-17.4396
-17.1449
-16.8363
-16.5143
-16.1798
-15.8337
-15.4769
-15.1103
-14.7348
-14.3513
-13.9608
-13.5641
-13.162
-12.7553
-12.3449
-11.9316
-11.5161
-11.0992
-10.6815
-10.2639
-9.84693
-9.43133
-9.01774
-8.60677
-8.19904
-7.79513
-7.39563
-7.00106
-6.61197
-6.22887
-5.85224
-5.48257
-5.12031
-4.7659
-4.41976
-4.08228
-3.75387
-3.43488
-3.12566
-2.82655
-2.53786
-2.25991
-1.99296
-1.73729
-1.49316
-1.26079
-1.04042
-0.832235
-0.636438
-0.453202
-0.282683
-0.125017
0.019677
0.151304
0.269801
0.375145
0.467363
0.546663
0.613594
0.66781
0.709828
0.769498
0.866163
-49.8565
-30.445
-25.6922
-24.6873
-23.6771
-22.905
-22.3488
-21.9051
-21.5305
-21.1992
-20.8915
-20.5937
-20.2963
-19.9934
-19.6811
-19.3574
-19.0213
-18.6725
-18.3115
-17.9388
-17.5551
-17.1614
-16.7586
-16.3475
-15.9292
-15.5044
-15.0741
-14.639
-14.2
-13.7578
-13.3132
-12.867
-12.4198
-11.9723
-11.5251
-11.0791
-10.6346
-10.1925
-9.75322
-9.3174
-8.88558
-8.45831
-8.03612
-7.6195
-7.20894
-6.80493
-6.4079
-6.01831
-5.63657
-5.26308
-4.89824
-4.54242
-4.19598
-3.85925
-3.53256
-3.21622
-2.91053
-2.61577
-2.3322
-2.06008
-1.79963
-1.55109
-1.31466
-1.09054
-0.878896
-0.679903
-0.493709
-0.320449
-0.160234
-0.0131478
0.120757
0.241474
0.349062
0.443669
0.525653
0.595812
0.654047
0.698992
0.7588
0.874336
-35.1689
-26.5933
-26.9316
-27.6359
-27.5179
-27.111
-26.6126
-26.0869
-25.5663
-25.0616
-24.5722
-24.0938
-23.6212
-23.1496
-22.6756
-22.1967
-21.7116
-21.2198
-20.7214
-20.2169
-19.7068
-19.1921
-18.6736
-18.1521
-17.6284
-17.1033
-16.5775
-16.0517
-15.5266
-15.0028
-14.4808
-13.9613
-13.4448
-12.9318
-12.4228
-11.9183
-11.4188
-10.9248
-10.4367
-9.9549
-9.47987
-9.01202
-8.55173
-8.09939
-7.65537
-7.22002
-6.79369
-6.3767
-5.96936
-5.572
-5.18489
-4.80832
-4.44256
-4.08785
-3.74445
-3.41258
-3.09246
-2.7843
-2.4883
-2.20465
-1.93351
-1.67505
-1.42943
-1.19678
-0.97724
-0.770922
-0.577929
-0.398341
-0.23222
-0.0796062
0.0595108
0.185219
0.297715
0.397344
0.484671
0.5606
0.625681
0.677614
0.728645
0.850378
79.0914
55.389
52.5176
51.5772
50.3742
49.3438
48.3619
47.3179
46.1795
44.9501
43.6496
42.3027
40.9323
39.557
38.1905
36.8422
35.5184
34.2228
32.9576
31.7236
30.5211
29.35
28.2099
27.1004
26.0208
24.9707
23.9495
22.9567
21.9918
21.0544
20.1439
19.2599
18.402
17.5696
16.7624
15.9799
15.2217
14.4873
13.7764
13.0885
12.4231
11.78
11.1586
10.5586
9.97966
9.42134
8.88329
8.36515
7.86656
7.38719
6.9267
6.48478
6.0611
5.65536
5.26727
4.89655
4.54292
4.20612
3.88588
3.58197
3.29416
3.02222
2.76593
2.5251
2.29952
2.08901
1.89339
1.71247
1.54606
1.39395
1.25592
1.13165
1.02073
0.922552
0.836253
0.760646
0.693663
0.630875
0.578835
0.584909
91.2063
64.4808
59.9151
58.6846
56.7981
55.0851
53.5146
51.9594
50.39
48.8049
47.2112
45.6199
44.0412
42.4837
40.9537
39.4555
37.9916
36.5637
35.1725
33.8181
32.5002
31.2186
29.9726
28.7618
27.5853
26.4427
25.3333
24.2565
23.2117
22.1981
21.2154
20.2628
19.3397
18.4456
17.58
16.7422
15.9316
15.1478
14.3902
13.6582
12.9513
12.2691
11.6109
10.9763
10.3648
9.77597
9.20927
8.66429
8.14058
7.6377
7.15524
6.69279
6.24997
5.82638
5.42167
5.03547
4.66744
4.31726
3.9846
3.66916
3.37065
3.0888
2.82332
2.57398
2.34053
2.12273
1.92037
1.73323
1.56109
1.40374
1.26096
1.13249
1.01802
0.917129
0.829299
0.753836
0.688517
0.629263
0.589797
0.566272
101.841
72.0529
64.4597
62.2566
59.9662
57.9259
56.0678
54.2625
52.4811
50.7198
48.98
47.2663
45.5832
43.9342
42.3219
40.7481
39.2136
37.7189
36.264
34.8487
33.4725
32.1349
30.8353
29.5731
28.3477
27.1583
26.0044
24.8852
23.8
22.7482
21.7291
20.7421
19.7865
18.8616
17.9668
17.1015
16.265
15.4568
14.6761
13.9224
13.1952
12.4938
11.8176
11.1662
10.539
9.93539
9.35492
8.79708
8.26137
7.74732
7.25446
6.78235
6.33054
5.89863
5.48619
5.09285
4.71821
4.36191
4.02361
3.70296
3.39965
3.11336
2.84381
2.59071
2.35379
2.1328
1.9275
1.73767
1.56307
1.40349
1.25872
1.12853
1.01267
0.910814
0.822586
0.747402
0.683057
0.626493
0.588558
0.539399
105.197
73.9828
65.8397
63.6339
61.3398
59.2357
57.2924
55.3965
53.5283
51.6882
49.8794
48.1055
46.3696
44.6738
43.0194
41.4068
39.8363
38.3076
36.8204
35.3742
33.9685
32.6027
31.2761
29.9881
28.7379
27.525
26.3485
25.2079
24.1024
23.0312
21.9938
20.9894
20.0172
19.0767
18.1672
17.2879
16.4382
15.6175
14.8251
14.0604
13.3228
12.6116
11.9263
11.2663
10.631
10.0199
9.43232
8.86787
8.32599
7.80619
7.30796
6.83085
6.3744
5.93817
5.52172
5.12465
4.74657
4.38708
4.04582
3.72243
3.41659
3.12797
2.85626
2.60117
2.36242
2.13974
1.93289
1.74162
1.56572
1.40496
1.25914
1.12805
1.01145
0.909058
0.820521
0.745253
0.680967
0.625005
0.587224
0.530749
105.197
73.9828
65.8397
63.6339
61.3398
59.2357
57.2924
55.3965
53.5283
51.6882
49.8794
48.1055
46.3696
44.6738
43.0194
41.4068
39.8363
38.3076
36.8204
35.3742
33.9685
32.6027
31.2761
29.9881
28.7379
27.525
26.3485
25.2079
24.1024
23.0312
21.9938
20.9894
20.0172
19.0767
18.1672
17.2879
16.4382
15.6175
14.8251
14.0604
13.3228
12.6116
11.9263
11.2663
10.631
10.0199
9.43232
8.86787
8.32599
7.80619
7.30796
6.83085
6.3744
5.93817
5.52172
5.12466
4.74657
4.38708
4.04582
3.72243
3.41659
3.12797
2.85626
2.60117
2.36242
2.13974
1.93289
1.74162
1.56572
1.40496
1.25914
1.12805
1.01145
0.909058
0.820521
0.745253
0.680967
0.625005
0.587224
0.530749
101.841
72.0529
64.4597
62.2566
59.9662
57.9259
56.0678
54.2625
52.4811
50.7198
48.98
47.2663
45.5832
43.9342
42.3219
40.7481
39.2136
37.7189
36.264
34.8487
33.4725
32.1349
30.8353
29.5731
28.3477
27.1583
26.0044
24.8852
23.8
22.7482
21.7291
20.7421
19.7865
18.8616
17.9668
17.1015
16.265
15.4568
14.6761
13.9224
13.1952
12.4938
11.8176
11.1662
10.539
9.93539
9.35492
8.79708
8.26137
7.74732
7.25446
6.78235
6.33054
5.89863
5.48619
5.09285
4.71821
4.36191
4.02361
3.70296
3.39965
3.11336
2.84381
2.59071
2.35379
2.1328
1.9275
1.73767
1.56307
1.40349
1.25872
1.12853
1.01267
0.910814
0.822586
0.747402
0.683057
0.626493
0.588558
0.539399
91.2063
64.4808
59.9151
58.6846
56.7981
55.0851
53.5146
51.9594
50.39
48.8049
47.2112
45.6199
44.0412
42.4837
40.9537
39.4555
37.9916
36.5637
35.1725
33.8181
32.5002
31.2186
29.9726
28.7618
27.5853
26.4427
25.3333
24.2565
23.2117
22.1981
21.2154
20.2628
19.3397
18.4456
17.58
16.7422
15.9316
15.1478
14.3902
13.6582
12.9513
12.2691
11.6109
10.9763
10.3648
9.77597
9.20927
8.66429
8.14058
7.6377
7.15524
6.69279
6.24997
5.82638
5.42167
5.03547
4.66744
4.31726
3.9846
3.66916
3.37065
3.0888
2.82332
2.57398
2.34053
2.12273
1.92037
1.73323
1.56109
1.40374
1.26096
1.13249
1.01802
0.917128
0.829299
0.753836
0.688517
0.629262
0.589798
0.566273
79.0914
55.389
52.5176
51.5772
50.3742
49.3438
48.3619
47.3179
46.1795
44.9501
43.6496
42.3027
40.9324
39.557
38.1905
36.8422
35.5184
34.2228
32.9576
31.7236
30.5211
29.35
28.2099
27.1004
26.0208
24.9707
23.9495
22.9567
21.9918
21.0544
20.1439
19.2599
18.402
17.5696
16.7624
15.9799
15.2217
14.4873
13.7764
13.0885
12.4231
11.78
11.1586
10.5586
9.97966
9.42134
8.88329
8.36515
7.86656
7.38719
6.9267
6.48478
6.0611
5.65536
5.26727
4.89655
4.54292
4.20611
3.88588
3.58197
3.29416
3.02222
2.76593
2.5251
2.29952
2.08901
1.89339
1.71247
1.54606
1.39395
1.25592
1.13165
1.02073
0.922552
0.836253
0.760646
0.693662
0.630875
0.578835
0.584908
182.892
132.64
127.558
126.291
123.951
121.75
119.505
117.051
114.381
111.534
108.562
105.513
102.43
99.342
96.2716
93.2328
90.235
87.2838
84.3827
81.5335
78.7371
75.994
73.3041
70.6675
68.0839
65.5532
63.0752
60.6498
58.2766
55.9554
53.6862
51.4685
49.3023
47.1872
45.123
43.1095
41.1463
39.2333
37.3701
35.5565
33.7921
32.0768
30.4101
28.7918
27.2217
25.6993
24.2245
22.7969
21.4163
20.0824
18.7949
17.5534
16.3578
15.2078
14.1031
13.0435
12.0287
11.0584
10.1324
9.25059
8.41259
7.61822
6.86728
6.15954
5.49482
4.87289
4.29357
3.7566
3.26174
2.80872
2.39714
2.02645
1.69586
1.40415
1.14954
0.929387
0.739858
0.575459
0.435515
0.329793
215.43
151.395
140.224
137.037
132.491
128.577
125.105
121.732
118.379
115.03
111.687
108.36
105.061
101.799
98.5816
95.4137
92.2985
89.238
86.2335
83.2856
80.3945
77.5604
74.7831
72.0625
69.3983
66.7904
64.2385
61.7423
59.3016
56.916
54.5853
52.3091
50.0871
47.919
45.8045
43.7431
41.7346
39.7785
37.8745
36.0223
34.2214
32.4716
30.7723
29.1233
27.5242
25.9745
24.4741
23.0224
21.6191
20.2639
18.9564
17.6963
16.4833
15.3169
14.197
13.1231
12.095
11.1124
10.175
9.28238
8.43443
7.63082
6.87129
6.1556
5.4835
4.85474
4.26909
3.72631
3.22615
2.76834
2.35258
1.97848
1.64555
1.35308
1.10003
0.884757
0.703839
0.551786
0.425932
0.282242
242.872
169.294
149.638
143.371
137.33
132.369
128.139
124.209
120.447
116.801
113.241
109.753
106.332
102.975
99.6781
96.442
93.2659
90.1495
87.0925
84.0948
81.1561
78.2765
75.4555
72.6931
69.9889
67.3428
64.7545
62.2235
59.7497
57.3327
54.9722
52.6677
50.4189
48.2254
46.0869
44.0028
41.9729
39.9966
38.0737
36.2035
34.3859
32.6202
30.9062
29.2433
27.6312
26.0695
24.5577
23.0954
21.6823
20.318
19.0021
17.7341
16.5138
15.3407
14.2145
13.1349
12.1015
11.114
10.1721
9.27542
8.42369
7.61662
6.85393
6.13533
5.46056
4.82937
4.2415
3.69671
3.19476
2.73542
2.31842
1.94351
1.61036
1.31852
1.06734
0.855593
0.680143
0.535657
0.413539
0.246844
251.765
174.3
152.688
145.911
139.492
134.167
129.638
125.468
121.517
117.725
114.054
110.481
106.994
103.584
100.244
96.9715
93.7629
90.617
87.5327
84.5093
81.5463
78.6433
75.8002
73.0165
70.292
67.6265
65.0196
62.4711
59.9805
57.5475
55.1718
52.853
50.5906
48.3842
46.2335
44.1379
42.0971
40.1106
38.178
36.2988
34.4726
32.699
30.9774
29.3075
27.6888
26.1209
24.6034
23.1358
21.7177
20.3488
19.0285
17.7565
16.5325
15.356
14.2267
13.1441
12.108
11.118
10.1738
9.27502
8.42136
7.61251
6.84818
6.12809
5.45196
4.81953
4.23054
3.68474
3.18192
2.72183
2.30428
1.92903
1.59582
1.30432
1.05397
0.843573
0.669989
0.527983
0.407122
0.23432
251.765
174.3
152.688
145.911
139.492
134.167
129.638
125.468
121.517
117.725
114.054
110.481
106.994
103.584
100.244
96.9715
93.7629
90.617
87.5327
84.5093
81.5463
78.6433
75.8002
73.0165
70.292
67.6265
65.0196
62.4711
59.9805
57.5475
55.1718
52.853
50.5906
48.3842
46.2335
44.1379
42.0971
40.1106
38.178
36.2988
34.4726
32.699
30.9774
29.3075
27.6888
26.1209
24.6034
23.1358
21.7177
20.3488
19.0285
17.7565
16.5325
15.356
14.2267
13.1441
12.108
11.118
10.1738
9.27502
8.42136
7.61251
6.84818
6.12809
5.45196
4.81953
4.23054
3.68474
3.18192
2.72183
2.30428
1.92903
1.59582
1.30432
1.05397
0.843573
0.669989
0.527983
0.407121
0.234319
242.872
169.294
149.638
143.371
137.33
132.369
128.139
124.209
120.447
116.801
113.241
109.753
106.332
102.975
99.6781
96.442
93.2659
90.1495
87.0925
84.0948
81.1561
78.2765
75.4555
72.6931
69.9889
67.3428
64.7545
62.2235
59.7497
57.3327
54.9722
52.6677
50.4189
48.2254
46.0869
44.0028
41.9729
39.9966
38.0737
36.2035
34.3859
32.6202
30.9062
29.2433
27.6312
26.0695
24.5577
23.0954
21.6823
20.318
19.0021
17.7341
16.5138
15.3407
14.2145
13.1349
12.1015
11.114
10.1721
9.27542
8.42369
7.61662
6.85393
6.13533
5.46056
4.82937
4.2415
3.69671
3.19476
2.73542
2.31842
1.94351
1.61036
1.31852
1.06734
0.855593
0.680143
0.535657
0.413539
0.246844
215.43
151.395
140.224
137.037
132.491
128.577
125.105
121.732
118.379
115.03
111.687
108.36
105.061
101.799
98.5816
95.4137
92.2985
89.238
86.2335
83.2856
80.3945
77.5604
74.7831
72.0625
69.3983
66.7904
64.2385
61.7423
59.3016
56.916
54.5853
52.3091
50.0871
47.919
45.8045
43.7431
41.7346
39.7785
37.8745
36.0223
34.2214
32.4716
30.7723
29.1233
27.5242
25.9745
24.4741
23.0224
21.6191
20.2639
18.9564
17.6963
16.4833
15.3169
14.197
13.1231
12.095
11.1124
10.175
9.28238
8.43443
7.63082
6.87129
6.1556
5.4835
4.85474
4.26909
3.72631
3.22615
2.76834
2.35258
1.97848
1.64555
1.35308
1.10003
0.884756
0.703838
0.551786
0.425932
0.282241
182.892
132.64
127.558
126.291
123.951
121.75
119.505
117.051
114.381
111.534
108.562
105.513
102.43
99.342
96.2716
93.2328
90.235
87.2838
84.3827
81.5335
78.7371
75.994
73.3041
70.6675
68.0839
65.5532
63.0752
60.6498
58.2766
55.9554
53.6862
51.4685
49.3023
47.1872
45.123
43.1095
41.1463
39.2333
37.3701
35.5565
33.7921
32.0768
30.4101
28.7918
27.2217
25.6993
24.2245
22.7969
21.4163
20.0824
18.7949
17.5534
16.3578
15.2078
14.1031
13.0435
12.0287
11.0584
10.1324
9.25059
8.41259
7.61822
6.86727
6.15954
5.49482
4.87289
4.29357
3.7566
3.26174
2.80872
2.39714
2.02645
1.69586
1.40416
1.14954
0.929388
0.739858
0.57546
0.435516
0.329794
268.434
201.646
197.892
197.365
194.456
191.4
188.049
184.279
180.156
175.782
171.247
166.624
161.966
157.312
152.687
148.105
143.577
139.109
134.706
130.368
126.098
121.897
117.764
113.701
109.707
105.783
101.93
98.147
94.4348
90.7937
87.2239
83.7254
80.2986
76.9435
73.6603
70.4492
67.3102
64.2434
61.2489
58.3268
55.4771
52.6999
49.9951
47.3628
44.8029
42.3156
39.9007
37.5582
35.2882
33.0904
30.965
28.9118
26.9308
25.022
23.1851
21.4202
19.7272
18.106
16.5565
15.0786
13.6721
12.3371
11.0734
9.88075
8.75917
7.7085
6.72859
5.81927
4.98033
4.21152
3.51248
2.8827
2.32146
1.82773
1.4
1.03616
0.733361
0.487912
0.294355
0.129763
301.689
219.006
212.37
210.568
204.514
198.894
193.769
188.752
183.773
178.822
173.901
169.019
164.183
159.402
154.679
150.017
145.421
140.89
136.427
132.032
127.705
123.448
119.261
115.144
111.098
107.122
103.218
99.385
95.6239
91.9347
88.3177
84.7731
81.3011
77.9018
74.5753
71.3217
68.1413
65.0339
61.9998
59.039
56.1515
53.3374
50.5966
47.9293
45.3353
42.8148
40.3676
37.9938
35.6932
33.466
31.312
29.2311
27.2233
25.2886
23.4268
21.6379
19.9218
18.2783
16.7075
15.209
13.783
12.4292
11.1476
9.93789
8.8001
7.73403
6.73954
5.81646
4.96462
4.18381
3.4738
2.83431
2.26501
1.76548
1.33517
0.973229
0.678105
0.446725
0.268247
0.0881106
333.113
238.697
223.716
218.838
210.631
203.319
196.989
191.131
185.571
180.227
175.041
169.981
165.025
160.159
155.375
150.666
146.031
141.467
136.973
132.549
128.195
123.911
119.699
115.557
111.487
107.488
103.562
99.7074
95.9258
92.2169
88.581
85.0183
81.5289
78.1129
74.7705
71.5018
68.3068
65.1856
62.1383
59.1649
56.2654
53.4398
50.6882
48.0105
45.4068
42.8769
40.421
38.0388
35.7304
33.4957
31.3347
29.2472
27.2332
25.2926
23.4253
21.6312
19.9102
18.2621
16.687
15.1846
13.7548
12.3975
11.1126
9.8999
8.75926
7.69055
6.6936
5.76828
4.91442
4.13188
3.42052
2.78021
2.21088
1.71246
1.28489
0.927917
0.640586
0.420069
0.250995
0.0658505
342.894
243.755
227.312
222.161
213.383
205.448
198.615
192.374
186.531
180.983
175.654
170.493
165.466
160.549
155.728
150.991
146.333
141.749
137.238
132.798
128.43
124.133
119.906
115.752
111.669
107.659
103.721
99.8562
96.0642
92.3454
88.7001
85.1283
81.6303
78.2062
74.856
71.5799
68.3779
65.2501
62.1965
59.2171
56.312
53.4811
50.7245
48.0421
45.4339
42.8999
40.4399
38.0541
35.7422
33.5043
31.3402
29.2499
27.2332
25.2902
23.4206
21.6243
19.9013
18.2515
16.6746
15.1706
13.7394
12.3808
11.0946
9.88073
8.73904
7.66936
6.67154
5.74545
4.89094
4.10791
3.39626
2.75595
2.18701
1.68949
1.2635
0.908852
0.62466
0.408185
0.242704
0.0569871
342.894
243.755
227.312
222.161
213.383
205.448
198.615
192.374
186.531
180.983
175.654
170.493
165.466
160.549
155.728
150.991
146.333
141.749
137.238
132.798
128.43
124.133
119.906
115.752
111.669
107.659
103.721
99.8562
96.0642
92.3454
88.7001
85.1283
81.6303
78.2062
74.856
71.5799
68.3779
65.2501
62.1965
59.2171
56.312
53.4811
50.7245
48.0421
45.4339
42.8999
40.4399
38.0541
35.7422
33.5043
31.3402
29.2499
27.2332
25.2902
23.4206
21.6243
19.9013
18.2515
16.6746
15.1706
13.7394
12.3808
11.0946
9.88073
8.73904
7.66936
6.67154
5.74545
4.89094
4.10791
3.39626
2.75595
2.18701
1.68949
1.2635
0.908852
0.624661
0.408185
0.242702
0.0569863
333.113
238.697
223.716
218.838
210.631
203.319
196.989
191.131
185.571
180.227
175.041
169.981
165.025
160.159
155.375
150.666
146.031
141.467
136.973
132.549
128.195
123.911
119.699
115.557
111.487
107.488
103.562
99.7074
95.9258
92.2169
88.581
85.0183
81.5289
78.1129
74.7705
71.5018
68.3068
65.1856
62.1383
59.1649
56.2654
53.4398
50.6882
48.0105
45.4068
42.8769
40.421
38.0388
35.7304
33.4957
31.3347
29.2472
27.2332
25.2926
23.4253
21.6312
19.9102
18.2621
16.687
15.1846
13.7548
12.3975
11.1126
9.8999
8.75926
7.69055
6.6936
5.76828
4.91442
4.13188
3.42052
2.78021
2.21088
1.71246
1.28489
0.927917
0.640588
0.420071
0.250993
0.065849
301.689
219.006
212.37
210.568
204.514
198.894
193.769
188.752
183.773
178.822
173.901
169.019
164.183
159.402
154.679
150.017
145.421
140.89
136.427
132.032
127.705
123.448
119.261
115.144
111.098
107.122
103.218
99.385
95.6239
91.9347
88.3177
84.7731
81.3011
77.9018
74.5753
71.3217
68.1413
65.0339
61.9998
59.039
56.1515
53.3374
50.5966
47.9293
45.3353
42.8148
40.3676
37.9938
35.6932
33.466
31.312
29.2311
27.2233
25.2886
23.4268
21.6379
19.9218
18.2783
16.7075
15.209
13.783
12.4292
11.1476
9.93789
8.8001
7.73403
6.73954
5.81646
4.96462
4.18381
3.4738
2.83431
2.26501
1.76548
1.33517
0.97323
0.678106
0.446725
0.268246
0.088108
268.434
201.646
197.892
197.365
194.456
191.4
188.049
184.279
180.156
175.782
171.247
166.624
161.966
157.312
152.687
148.105
143.577
139.109
134.706
130.368
126.098
121.897
117.764
113.701
109.707
105.783
101.93
98.147
94.4348
90.7937
87.2239
83.7254
80.2986
76.9435
73.6603
70.4492
67.3102
64.2434
61.2489
58.3268
55.4771
52.6999
49.9951
47.3628
44.8029
42.3156
39.9007
37.5582
35.2882
33.0904
30.965
28.9118
26.9308
25.022
23.1851
21.4202
19.7272
18.106
16.5565
15.0786
13.6721
12.3371
11.0734
9.88075
8.75917
7.7085
6.72859
5.81927
4.98033
4.21152
3.51248
2.8827
2.32146
1.82773
1.4
1.03616
0.733361
0.487912
0.294356
0.129763
337.204
268.989
265.754
265.341
261.903
257.442
252.317
246.695
240.736
234.572
228.302
221.995
215.699
209.442
203.245
197.119
191.072
185.108
179.232
173.444
167.746
162.139
156.624
151.201
145.87
140.633
135.489
130.439
125.484
120.623
115.857
111.186
106.61
102.13
97.7453
93.4567
89.2642
85.1678
81.1677
77.2639
73.4565
69.7455
66.1311
62.6132
59.1918
55.867
52.6388
49.5071
46.4719
43.5333
40.6912
37.9456
35.2964
32.7435
30.287
27.9269
25.6629
23.4951
21.4234
19.4478
17.5682
15.7845
14.0966
12.5044
11.0079
9.60692
8.30138
7.09114
5.97604
4.95589
4.03047
3.19954
2.46291
1.82054
1.27282
0.821129
0.468625
0.219024
0.0782018
0.053572
356.426
286.08
281.603
278.442
271.343
264.013
256.85
249.822
242.93
236.165
229.516
222.972
216.528
210.178
203.92
197.75
191.669
185.678
179.775
173.963
168.241
162.611
157.073
151.627
146.275
141.016
135.852
130.782
125.807
120.927
116.143
111.454
106.861
102.365
97.9644
93.6605
89.4532
85.3425
81.3286
77.4114
73.5911
69.8677
66.2412
62.7117
59.2792
55.9436
52.7049
49.5633
46.5185
43.5706
40.7195
37.9653
35.3078
32.7471
30.283
27.9155
25.6446
23.4701
21.3921
19.4104
17.5249
15.7357
14.0425
12.4453
10.944
9.5385
8.2287
7.01446
5.89566
4.87219
3.94399
3.11107
2.37364
1.7323
1.18832
0.744119
0.403763
0.170871
0.0506988
0.0512823
383.368
302.851
293.087
287.366
277.869
268.512
259.839
251.744
244.125
236.879
229.919
223.18
216.614
210.19
203.887
197.69
191.592
185.589
179.679
173.86
168.133
162.498
156.955
151.506
146.15
140.888
135.72
130.647
125.67
120.788
116.002
111.312
106.718
102.221
97.8203
93.5163
89.3091
85.1989
81.1856
77.2693
73.4501
69.728
66.103
62.5751
59.1443
55.8106
52.574
49.4344
46.3918
43.4462
40.5975
37.8457
35.1907
32.6324
30.1707
27.8057
25.5373
23.3653
21.2897
19.3104
17.4273
15.6404
13.9495
12.3545
10.8553
9.45194
8.14416
6.93194
5.8152
4.79389
3.8681
3.03805
2.30425
1.66767
1.13
0.694038
0.364122
0.143835
0.0375239
0.0500848
392.856
307.644
297.096
291.139
280.928
270.768
261.416
252.803
244.809
237.302
230.167
223.314
216.675
210.204
203.872
197.658
191.549
185.54
179.625
173.804
168.075
162.438
156.894
151.443
146.085
140.822
135.654
130.58
125.602
120.72
115.933
111.243
106.649
102.152
97.751
93.4472
89.2404
85.1305
81.1177
77.2021
73.3836
69.6622
66.0381
62.5111
59.0812
55.7485
52.5129
49.3744
46.3329
43.3885
40.5409
37.7902
35.1364
32.5792
30.1188
27.755
25.4877
23.3169
21.2424
19.2642
17.3823
15.5964
13.9065
12.3126
10.8144
9.412
8.10521
6.89397
5.77825
4.75806
3.83357
3.0051
2.2733
1.63928
1.10483
0.672744
0.347284
0.131993
0.0308017
0.0461956
392.856
307.644
297.096
291.139
280.928
270.768
261.416
252.803
244.809
237.302
230.167
223.314
216.675
210.204
203.872
197.658
191.549
185.54
179.625
173.804
168.075
162.438
156.894
151.443
146.085
140.822
135.654
130.58
125.602
120.72
115.933
111.243
106.649
102.152
97.751
93.4472
89.2404
85.1305
81.1177
77.2021
73.3836
69.6622
66.0381
62.5111
59.0812
55.7485
52.5129
49.3744
46.3329
43.3885
40.5409
37.7902
35.1364
32.5792
30.1188
27.755
25.4877
23.3168
21.2424
19.2642
17.3822
15.5964
13.9065
12.3126
10.8144
9.412
8.10521
6.89397
5.77825
4.75806
3.83357
3.0051
2.2733
1.63928
1.10483
0.672745
0.347285
0.131987
0.0307926
0.0462125
383.368
302.851
293.087
287.366
277.869
268.512
259.839
251.744
244.125
236.879
229.919
223.18
216.614
210.19
203.887
197.69
191.592
185.589
179.679
173.86
168.133
162.498
156.955
151.506
146.15
140.888
135.72
130.647
125.67
120.788
116.002
111.312
106.718
102.221
97.8203
93.5163
89.3091
85.1989
81.1856
77.2693
73.4501
69.728
66.103
62.5751
59.1443
55.8106
52.574
49.4344
46.3918
43.4462
40.5975
37.8457
35.1906
32.6324
30.1707
27.8057
25.5373
23.3653
21.2897
19.3104
17.4273
15.6404
13.9495
12.3545
10.8553
9.45194
8.14416
6.93194
5.8152
4.79389
3.8681
3.03805
2.30425
1.66767
1.13
0.69404
0.364122
0.14383
0.0375162
0.0501003
356.426
286.08
281.603
278.442
271.343
264.013
256.85
249.822
242.93
236.165
229.516
222.972
216.528
210.178
203.92
197.75
191.669
185.678
179.775
173.963
168.241
162.611
157.073
151.627
146.275
141.016
135.852
130.782
125.807
120.927
116.143
111.454
106.861
102.365
97.9644
93.6605
89.4532
85.3425
81.3286
77.4114
73.5911
69.8677
66.2412
62.7117
59.2792
55.9436
52.7049
49.5633
46.5185
43.5706
40.7195
37.9653
35.3078
32.7471
30.283
27.9155
25.6446
23.4701
21.3921
19.4104
17.5249
15.7357
14.0425
12.4453
10.944
9.5385
8.2287
7.01446
5.89566
4.8722
3.94399
3.11107
2.37364
1.73231
1.18832
0.74412
0.403761
0.170867
0.050701
0.0512736
337.204
268.989
265.754
265.341
261.903
257.442
252.317
246.695
240.736
234.572
228.302
221.995
215.699
209.442
203.245
197.119
191.072
185.108
179.232
173.444
167.746
162.139
156.624
151.201
145.87
140.633
135.489
130.439
125.484
120.623
115.857
111.186
106.61
102.13
97.7453
93.4567
89.2642
85.1678
81.1677
77.2639
73.4565
69.7455
66.1311
62.6132
59.1918
55.867
52.6388
49.5071
46.4719
43.5333
40.6912
37.9456
35.2964
32.7435
30.287
27.9269
25.6629
23.4951
21.4234
19.4478
17.5682
15.7845
14.0966
12.5044
11.0079
9.60692
8.30138
7.09114
5.97604
4.95589
4.03047
3.19955
2.46291
1.82054
1.27282
0.821128
0.468623
0.219026
0.0782035
0.053584
)
;

boundaryField
{
    left
    {
        type            calculated;
        value           nonuniform List<scalar> 
64
(
-410.712
-427.9
-448.15
-457.054
-457.054
-448.15
-427.9
-410.712
-283.876
-332.774
-362.093
-372.25
-372.25
-362.093
-332.774
-283.876
-157.589
-196.695
-221.752
-230.396
-230.396
-221.752
-196.695
-157.589
-35.1689
-49.8565
-59.0994
-62.4015
-62.4015
-59.0994
-49.8565
-35.1689
79.0914
91.2063
101.841
105.197
105.197
101.841
91.2063
79.0914
182.892
215.43
242.872
251.765
251.765
242.872
215.43
182.892
268.434
301.689
333.113
342.894
342.894
333.113
301.689
268.434
337.204
356.426
383.368
392.856
392.856
383.368
356.426
337.204
)
;
    }
    right
    {
        type            calculated;
        value           nonuniform List<scalar> 
64
(
1.37432
1.37447
1.3731
1.37782
1.37782
1.3731
1.37447
1.37433
1.2657
1.34399
1.35792
1.36707
1.36707
1.35793
1.34399
1.2657
1.01921
1.12184
1.13943
1.14891
1.14891
1.13943
1.12184
1.01921
0.688363
0.767178
0.767527
0.770959
0.770959
0.767526
0.767178
0.68836
0.368972
0.390479
0.36717
0.361912
0.361911
0.36717
0.390478
0.36897
0.134501
0.0977713
0.0615434
0.0510299
0.051031
0.0615446
0.0977711
0.134504
0.0417208
-0.0174382
-0.03892
-0.0455961
-0.0455976
-0.0389224
-0.0174369
0.0417234
-0.00154418
-0.00696836
-0.00187295
-0.003802
-0.00381212
-0.00187908
-0.00695209
-0.00154942
)
;
    }
    back
    {
        type            calculated;
        value           nonuniform List<scalar> 
640
(
-389.116
-251.926
-134.722
-27.3146
75.5378
176.553
273.414
367.064
-313.123
-204.855
-107.98
-22.9739
52.4666
124.123
193.106
260.101
-301.883
-201.261
-109.958
-26.2602
50.0999
122.289
191.567
258.117
-297.516
-199.204
-110.941
-28.0684
49.0472
121.842
191.557
258.902
-293.867
-196.494
-110.132
-28.5519
48.0192
120.486
190.125
257.226
-289.641
-193.585
-108.73
-28.4493
47.2005
119.029
188.258
254.173
-284.504
-190.24
-106.963
-28.0758
46.4124
117.302
185.711
250.046
-278.563
-186.447
-104.94
-27.5858
45.5455
115.232
182.493
245.107
-272.015
-182.283
-102.731
-27.0544
44.5611
112.845
178.744
239.6
-265.05
-177.844
-100.388
-26.5137
43.4608
110.203
174.614
233.727
-257.827
-173.219
-97.9518
-25.9753
42.2677
107.379
170.237
227.641
-250.466
-168.481
-95.4575
-25.4418
41.0108
104.44
165.716
221.451
-243.055
-163.69
-92.9305
-24.9116
39.7174
101.44
161.125
215.228
-235.658
-158.885
-90.3898
-24.3822
38.4096
98.4184
156.515
209.02
-228.315
-154.098
-87.8489
-23.8508
37.1037
95.4025
151.92
202.856
-221.055
-149.347
-85.3174
-23.3159
35.8114
92.411
147.362
196.754
-213.896
-144.648
-82.8021
-22.7761
34.54
89.4559
142.853
190.727
-206.849
-140.009
-80.3076
-22.2313
33.2942
86.5444
138.404
184.781
-199.922
-135.437
-77.8376
-21.6816
32.0765
83.6807
134.017
178.921
-193.119
-130.935
-75.3946
-21.1274
30.8881
80.8673
129.696
173.148
-186.442
-126.505
-72.9805
-20.5697
29.7294
78.1053
125.443
167.465
-179.892
-122.151
-70.5971
-20.0091
28.6004
75.3953
121.258
161.872
-173.47
-117.872
-68.2456
-19.4465
27.5007
72.7373
117.143
156.371
-167.175
-113.67
-65.9271
-18.8828
26.4299
70.1314
113.097
150.961
-161.008
-109.545
-63.6424
-18.3188
25.3875
67.5773
109.12
145.644
-154.968
-105.498
-61.3924
-17.7553
24.373
65.075
105.214
140.419
-149.054
-101.529
-59.1777
-17.1928
23.3857
62.6243
101.378
135.288
-143.266
-97.6376
-56.9989
-16.6321
22.4254
60.2248
97.6131
130.25
-137.602
-93.8245
-54.8565
-16.0738
21.4915
57.8766
93.9185
125.306
-132.063
-90.0894
-52.7511
-15.5184
20.5836
55.5793
90.2949
120.456
-126.647
-86.4324
-50.683
-14.9664
19.7012
53.3329
86.7425
115.7
-121.354
-82.8534
-48.6527
-14.4184
18.844
51.137
83.2615
111.039
-116.183
-79.3523
-46.6604
-13.8749
18.0115
48.9916
79.852
106.473
-111.133
-75.9291
-44.7067
-13.3362
17.2033
46.8964
76.5142
102.003
-106.203
-72.5836
-42.7917
-12.803
16.4191
44.8511
73.2481
97.6274
-101.392
-69.3156
-40.9158
-12.2755
15.6584
42.8557
70.054
93.3475
-96.7011
-66.125
-39.0793
-11.7543
14.9209
40.9097
66.9318
89.1634
-92.1278
-63.0117
-37.2824
-11.2397
14.2062
39.0131
63.8818
85.0751
-87.6719
-59.9753
-35.5253
-10.7321
13.5139
37.1654
60.9038
81.0827
-83.3327
-57.0159
-33.8084
-10.232
12.8436
35.3666
57.998
77.1863
-79.1094
-54.1331
-32.1317
-9.73963
12.195
33.6164
55.1644
73.386
-75.0013
-51.3267
-30.4956
-9.25543
11.5677
31.9144
52.403
69.6819
-71.0078
-48.5965
-28.9002
-8.77971
10.9613
30.2604
49.7139
66.074
-67.1281
-45.9424
-27.3456
-8.31284
10.3754
28.6542
47.097
62.5624
-63.3617
-43.364
-25.8321
-7.85512
9.80982
27.0955
44.5523
59.1471
-59.7078
-40.8612
-24.3597
-7.40687
9.26411
25.584
42.0798
55.828
-56.1659
-38.4337
-22.9287
-6.9684
8.73796
24.1194
39.6794
52.6053
-52.7352
-36.0813
-21.5391
-6.54
8.23103
22.7016
37.3512
49.479
-49.4152
-33.8038
-20.1911
-6.12195
7.74302
21.3302
35.095
46.4489
-46.2054
-31.6008
-18.8848
-5.7145
7.27362
20.005
32.9109
43.5152
-43.1051
-29.4723
-17.6202
-5.31793
6.8225
18.7257
30.7987
40.6777
-40.1137
-27.4179
-16.3975
-4.93248
6.38939
17.492
28.7584
37.9365
-37.2308
-25.4374
-15.2168
-4.55838
5.974
16.3037
26.7899
35.2915
-34.4557
-23.5306
-14.078
-4.19586
5.57605
15.1607
24.8932
32.7427
-31.788
-21.6972
-12.9814
-3.84513
5.19527
14.0625
23.0682
30.2901
-29.2271
-19.937
-11.9268
-3.50639
4.8314
13.009
21.3147
27.9336
-26.7726
-18.2499
-10.9145
-3.17984
4.48419
11.9999
19.6328
25.6732
-24.4239
-16.6354
-9.94432
-2.86567
4.1534
11.0351
18.0223
23.5087
-22.1806
-15.0935
-9.01643
-2.56403
3.83881
10.1143
16.483
21.4403
-20.0423
-13.6239
-8.13081
-2.2751
3.54018
9.23718
15.015
19.4677
-18.0084
-12.2264
-7.28748
-1.99902
3.25731
8.40366
13.618
17.5909
-16.0786
-10.9008
-6.48646
-1.73595
2.98999
7.6135
12.292
15.8099
-14.2524
-9.64678
-5.72775
-1.486
2.73803
6.86651
11.0369
14.1245
-12.5295
-8.46423
-5.01135
-1.24931
2.50123
6.16249
9.85263
12.5348
-10.9093
-7.35292
-4.33723
-1.02598
2.27943
5.50124
8.73903
11.0406
-9.39161
-6.31262
-3.70539
-0.816111
2.07244
4.88258
7.69596
9.6418
-7.97587
-5.3431
-3.11579
-0.619795
1.8801
4.3063
6.72326
8.33834
-6.66171
-4.44411
-2.56834
-0.437115
1.70225
3.7722
5.82077
7.13004
-5.44868
-3.61536
-2.06296
-0.268123
1.5387
3.28004
4.98826
6.01674
-4.33629
-2.85649
-1.59944
-0.112811
1.38924
2.82946
4.22545
4.99821
-3.32397
-2.16704
-1.17746
0.0288771
1.25361
2.42002
3.5319
4.07415
-2.41108
-1.54635
-0.796527
0.157066
1.13148
2.05111
2.90701
3.2442
-1.59688
-0.993523
-0.455836
0.272004
1.02239
1.72178
2.34988
2.50796
-0.880599
-0.507232
-0.154106
0.374128
0.925645
1.4306
1.85917
1.86511
-0.261688
-0.0856308
0.110608
0.464116
0.840185
1.17536
1.43293
1.31566
0.259688
0.273856
0.341116
0.542911
0.764563
0.952943
1.06845
0.860601
0.681983
0.57453
0.540786
0.611353
0.69678
0.759246
0.762183
0.502854
0.998326
0.817556
0.709947
0.666886
0.632237
0.588689
0.510218
0.246748
1.21507
1.00905
0.854083
0.714017
0.573623
0.441011
0.309727
0.0975462
1.30599
1.2026
1.04793
0.83905
0.592534
0.348344
0.138898
0.051511
)
;
    }
    front
    {
        type            calculated;
        value           nonuniform List<scalar> 
640
(
-389.116
-251.926
-134.722
-27.3146
75.5378
176.553
273.414
367.064
-313.123
-204.855
-107.98
-22.9739
52.4666
124.123
193.106
260.101
-301.883
-201.261
-109.958
-26.2602
50.0999
122.289
191.567
258.117
-297.516
-199.204
-110.941
-28.0684
49.0472
121.842
191.557
258.902
-293.867
-196.494
-110.132
-28.5519
48.0192
120.486
190.125
257.226
-289.641
-193.585
-108.73
-28.4493
47.2005
119.029
188.258
254.173
-284.504
-190.24
-106.963
-28.0758
46.4124
117.302
185.711
250.046
-278.563
-186.447
-104.94
-27.5858
45.5455
115.232
182.493
245.107
-272.015
-182.283
-102.731
-27.0544
44.5611
112.845
178.744
239.6
-265.05
-177.844
-100.388
-26.5137
43.4608
110.203
174.614
233.727
-257.827
-173.219
-97.9518
-25.9753
42.2677
107.379
170.237
227.641
-250.466
-168.481
-95.4575
-25.4418
41.0108
104.44
165.716
221.451
-243.055
-163.69
-92.9305
-24.9116
39.7174
101.44
161.125
215.228
-235.658
-158.885
-90.3898
-24.3822
38.4096
98.4184
156.515
209.02
-228.315
-154.098
-87.8489
-23.8508
37.1037
95.4025
151.92
202.856
-221.055
-149.347
-85.3174
-23.3159
35.8114
92.411
147.362
196.754
-213.896
-144.648
-82.8021
-22.7761
34.54
89.4559
142.853
190.727
-206.849
-140.009
-80.3076
-22.2313
33.2942
86.5444
138.404
184.781
-199.922
-135.437
-77.8376
-21.6816
32.0765
83.6807
134.017
178.921
-193.119
-130.935
-75.3946
-21.1274
30.8881
80.8673
129.696
173.148
-186.442
-126.505
-72.9805
-20.5697
29.7294
78.1053
125.443
167.465
-179.892
-122.151
-70.5971
-20.0091
28.6004
75.3953
121.258
161.872
-173.47
-117.872
-68.2456
-19.4465
27.5007
72.7373
117.143
156.371
-167.175
-113.67
-65.9271
-18.8828
26.4299
70.1314
113.097
150.961
-161.008
-109.545
-63.6424
-18.3188
25.3875
67.5773
109.12
145.644
-154.968
-105.498
-61.3924
-17.7553
24.373
65.075
105.214
140.419
-149.054
-101.529
-59.1777
-17.1928
23.3857
62.6242
101.378
135.288
-143.266
-97.6376
-56.9989
-16.6321
22.4254
60.2248
97.6131
130.25
-137.602
-93.8245
-54.8565
-16.0738
21.4915
57.8766
93.9185
125.306
-132.063
-90.0894
-52.7511
-15.5184
20.5836
55.5793
90.2949
120.456
-126.647
-86.4324
-50.683
-14.9664
19.7012
53.3329
86.7425
115.7
-121.354
-82.8534
-48.6527
-14.4184
18.844
51.137
83.2615
111.039
-116.183
-79.3523
-46.6604
-13.8749
18.0115
48.9916
79.852
106.473
-111.133
-75.9291
-44.7067
-13.3362
17.2033
46.8964
76.5142
102.003
-106.203
-72.5836
-42.7917
-12.803
16.4191
44.8511
73.2481
97.6274
-101.392
-69.3156
-40.9158
-12.2755
15.6584
42.8557
70.054
93.3475
-96.7011
-66.125
-39.0793
-11.7543
14.9209
40.9097
66.9318
89.1634
-92.1278
-63.0117
-37.2824
-11.2397
14.2062
39.0131
63.8818
85.0751
-87.6719
-59.9753
-35.5253
-10.7321
13.5139
37.1654
60.9038
81.0827
-83.3327
-57.0159
-33.8084
-10.232
12.8436
35.3666
57.998
77.1863
-79.1094
-54.1331
-32.1317
-9.73963
12.195
33.6164
55.1644
73.386
-75.0013
-51.3267
-30.4956
-9.25543
11.5677
31.9144
52.403
69.6819
-71.0078
-48.5965
-28.9002
-8.77971
10.9612
30.2604
49.7139
66.074
-67.1281
-45.9424
-27.3456
-8.31284
10.3754
28.6542
47.097
62.5624
-63.3617
-43.364
-25.8321
-7.85512
9.80982
27.0955
44.5523
59.1471
-59.7078
-40.8612
-24.3597
-7.40687
9.26411
25.584
42.0798
55.828
-56.1659
-38.4337
-22.9287
-6.9684
8.73795
24.1194
39.6794
52.6053
-52.7352
-36.0813
-21.5391
-6.54
8.23103
22.7016
37.3512
49.479
-49.4152
-33.8038
-20.1911
-6.12195
7.74302
21.3302
35.095
46.4489
-46.2054
-31.6008
-18.8848
-5.7145
7.27361
20.005
32.9109
43.5152
-43.1051
-29.4723
-17.6202
-5.31793
6.8225
18.7257
30.7987
40.6777
-40.1137
-27.4179
-16.3975
-4.93248
6.38939
17.492
28.7584
37.9365
-37.2308
-25.4374
-15.2168
-4.55838
5.974
16.3037
26.7899
35.2915
-34.4557
-23.5306
-14.078
-4.19586
5.57605
15.1607
24.8932
32.7427
-31.788
-21.6972
-12.9814
-3.84513
5.19527
14.0625
23.0682
30.2901
-29.2271
-19.937
-11.9268
-3.50639
4.8314
13.009
21.3147
27.9336
-26.7726
-18.2499
-10.9145
-3.17984
4.48419
11.9999
19.6328
25.6732
-24.4239
-16.6354
-9.94432
-2.86567
4.1534
11.0351
18.0223
23.5088
-22.1806
-15.0935
-9.01643
-2.56403
3.8388
10.1143
16.483
21.4403
-20.0423
-13.6239
-8.13081
-2.2751
3.54018
9.23717
15.015
19.4677
-18.0084
-12.2264
-7.28748
-1.99902
3.25731
8.40365
13.618
17.5909
-16.0786
-10.9008
-6.48646
-1.73594
2.98999
7.6135
12.292
15.8099
-14.2524
-9.64679
-5.72775
-1.486
2.73803
6.8665
11.0369
14.1245
-12.5295
-8.46424
-5.01135
-1.24931
2.50123
6.16248
9.85263
12.5348
-10.9093
-7.35292
-4.33723
-1.02598
2.27943
5.50124
8.73903
11.0406
-9.39161
-6.31262
-3.70539
-0.816109
2.07244
4.88258
7.69596
9.6418
-7.97587
-5.3431
-3.11579
-0.619794
1.8801
4.3063
6.72326
8.33834
-6.66171
-4.44411
-2.56834
-0.437115
1.70225
3.7722
5.82077
7.13004
-5.44868
-3.61536
-2.06295
-0.268122
1.5387
3.28004
4.98826
6.01674
-4.33628
-2.85649
-1.59944
-0.112811
1.38924
2.82946
4.22545
4.99821
-3.32397
-2.16704
-1.17746
0.0288765
1.25361
2.42002
3.5319
4.07415
-2.41108
-1.54635
-0.796526
0.157066
1.13148
2.05111
2.90701
3.24419
-1.59688
-0.993521
-0.455835
0.272003
1.02239
1.72178
2.34988
2.50796
-0.880602
-0.507231
-0.154106
0.374127
0.925645
1.4306
1.85917
1.86511
-0.261692
-0.0856316
0.110608
0.464114
0.840185
1.17536
1.43293
1.31567
0.259687
0.273855
0.341116
0.542909
0.764563
0.952945
1.06845
0.860603
0.681986
0.574529
0.540786
0.611351
0.69678
0.759249
0.762183
0.502853
0.998328
0.817554
0.709945
0.666885
0.632237
0.588692
0.51022
0.246738
1.21507
1.00905
0.854081
0.714014
0.573623
0.441014
0.309734
0.0975482
1.306
1.20261
1.04793
0.839044
0.592531
0.348348
0.138908
0.0514985
)
;
    }
    top
    {
        type            calculated;
        value           nonuniform List<scalar> 
640
(
378.182
399.643
432.902
447.579
447.579
432.902
399.643
378.182
300.573
317.875
332.092
336.416
336.416
332.092
317.875
300.573
299.726
316.434
327.746
331.911
331.911
327.746
316.434
299.726
300.65
313.457
322.671
326.689
326.689
322.671
313.457
300.65
297.961
306.567
313.279
316.532
316.532
313.279
306.567
297.961
293.763
299.151
303.623
305.965
305.965
303.623
299.151
293.763
288.619
291.695
294.438
295.982
295.982
294.438
291.695
288.619
282.815
284.299
285.797
286.718
286.718
285.797
284.299
282.815
276.578
277.012
277.648
278.114
278.114
277.648
277.012
276.578
270.081
269.839
269.899
270.046
270.046
269.899
269.839
270.081
263.448
262.777
262.459
262.389
262.389
262.459
262.777
263.448
256.759
255.816
255.256
255.043
255.043
255.256
255.816
256.759
250.064
248.947
248.234
247.929
247.929
248.234
248.947
250.064
243.393
242.162
241.354
240.991
240.991
241.354
242.162
243.393
236.765
235.456
234.589
234.19
234.19
234.589
235.456
236.765
230.189
228.825
227.921
227.501
227.501
227.921
228.825
230.189
223.674
222.267
221.341
220.908
220.908
221.341
222.267
223.674
217.224
215.782
214.842
214.402
214.402
214.842
215.782
217.224
210.84
209.37
208.421
207.979
207.979
208.421
209.37
210.84
204.526
203.032
202.078
201.635
201.635
202.078
203.032
204.526
198.283
196.769
195.813
195.37
195.37
195.813
196.769
198.283
192.112
190.583
189.626
189.185
189.185
189.626
190.583
192.112
186.017
184.475
183.519
183.08
183.08
183.519
184.475
186.017
179.997
178.446
177.493
177.056
177.056
177.493
178.446
179.997
174.054
172.497
171.548
171.115
171.115
171.548
172.497
174.054
168.191
166.631
165.688
165.258
165.258
165.688
166.631
168.191
162.408
160.849
159.912
159.487
159.487
159.912
160.849
162.408
156.707
155.151
154.222
153.802
153.802
154.222
155.151
156.707
151.089
149.54
148.621
148.206
148.206
148.621
149.54
151.089
145.556
144.016
143.108
142.699
142.699
143.108
144.016
145.556
140.11
138.582
137.685
137.282
137.282
137.685
138.582
140.11
134.75
133.237
132.353
131.957
131.957
132.353
133.237
134.75
129.48
127.984
127.114
126.725
126.725
127.114
127.984
129.48
124.3
122.823
121.968
121.586
121.586
121.968
122.823
124.3
119.211
117.756
116.917
116.543
116.543
116.917
117.756
119.211
114.215
112.784
111.962
111.596
111.596
111.962
112.784
114.215
109.314
107.908
107.103
106.746
106.746
107.103
107.908
109.314
104.507
103.129
102.343
101.994
101.994
102.343
103.129
104.507
99.7968
98.4477
97.6807
97.3407
97.3407
97.6807
98.4477
99.7968
95.1842
93.8658
93.1184
92.7876
92.7876
93.1184
93.8658
95.1842
90.6704
89.384
88.6569
88.3353
88.3353
88.6569
89.384
90.6704
86.2565
85.0033
84.2969
83.9848
83.9848
84.2969
85.0033
86.2565
81.9434
80.7246
80.0393
79.7369
79.7369
80.0393
80.7246
81.9434
77.7324
76.5488
75.885
75.5923
75.5923
75.885
76.5488
77.7324
73.6243
72.4769
71.8349
71.552
71.552
71.8349
72.4769
73.6243
69.6202
68.5097
67.8896
67.6166
67.6166
67.8896
68.5097
69.6202
65.721
64.6479
64.05
63.7868
63.7868
64.05
64.6479
65.721
61.9276
60.8924
60.3167
60.0635
60.0635
60.3167
60.8924
61.9276
58.2409
57.2439
56.6905
56.4472
56.4472
56.6905
57.2439
58.2409
54.6617
53.7031
53.172
52.9386
52.9386
53.172
53.7031
54.6617
51.1909
50.2708
49.7618
49.5383
49.5383
49.7618
50.2708
51.1909
47.8291
46.9476
46.4606
46.2468
46.2468
46.4606
46.9476
47.8291
44.5772
43.734
43.269
43.0647
43.0647
43.269
43.734
44.5772
41.4358
40.6308
40.1873
39.9926
39.9926
40.1873
40.6308
41.4358
38.4055
37.6383
37.2162
37.0309
37.0309
37.2162
37.6383
38.4055
35.4871
34.7572
34.3562
34.1801
34.1801
34.3562
34.7572
35.4871
32.6809
31.988
31.6076
31.4405
31.4405
31.6076
31.988
32.6809
29.9876
29.331
28.9708
28.8126
28.8126
28.9708
29.331
29.9876
27.4077
26.7867
26.4463
26.2967
26.2967
26.4463
26.7867
27.4077
24.9416
24.3554
24.0343
23.8931
23.8931
24.0343
24.3554
24.9416
22.5896
22.0375
21.7351
21.6021
21.6021
21.7351
22.0375
22.5896
20.3523
19.8333
19.5491
19.424
19.424
19.5491
19.8333
20.3523
18.2299
17.7431
17.4765
17.359
17.359
17.4765
17.7431
18.2299
16.2228
15.767
15.5175
15.4074
15.4074
15.5175
15.767
16.2228
14.3312
13.9054
13.6722
13.5693
13.5693
13.6722
13.9054
14.3312
12.5552
12.1583
11.9409
11.8448
11.8448
11.9409
12.1583
12.5552
10.8951
10.5259
10.3236
10.2341
10.2341
10.3236
10.5259
10.8951
9.35089
9.00827
8.82037
8.73719
8.73719
8.82037
9.00827
9.35089
7.92271
7.60549
7.43144
7.35436
7.35436
7.43144
7.60549
7.92271
6.6106
6.31764
6.15693
6.08581
6.08581
6.15693
6.31764
6.6106
5.41453
5.14486
4.99714
4.93187
4.93187
4.99714
5.14486
5.41453
4.33448
4.08739
3.9525
3.89315
3.89315
3.9525
4.08739
4.33448
3.3705
3.14573
3.02386
2.97062
2.97062
3.02386
3.14573
3.3705
2.52293
2.32097
2.21274
2.16595
2.16595
2.21274
2.32097
2.52292
1.79273
1.61522
1.52175
1.48193
1.48193
1.52174
1.61522
1.79273
1.18205
1.03231
0.955246
0.922972
0.92297
0.955244
1.03231
1.18205
0.694758
0.578348
0.519764
0.495557
0.495558
0.519766
0.578353
0.694765
0.336978
0.261662
0.224583
0.208905
0.208916
0.224596
0.261672
0.336971
0.10812
0.0873897
0.0767741
0.0701368
0.0701519
0.0767894
0.0873871
0.108117
-0.0205807
0.0185095
0.0339576
0.0359486
0.0359325
0.0339422
0.0185104
-0.0205978
)
;
    }
    bottom
    {
        type            calculated;
        value           nonuniform List<scalar> 
640
(
-467.469
-464.348
-474.055
-479.078
-479.078
-474.055
-464.348
-467.469
-375.777
-391.597
-399.154
-401.558
-401.558
-399.154
-391.597
-375.777
-359.819
-375.829
-384.21
-387.098
-387.098
-384.21
-375.829
-359.819
-351.46
-364.546
-372.554
-375.688
-375.688
-372.554
-364.546
-351.46
-344.422
-353.845
-360.412
-363.268
-363.268
-360.412
-353.845
-344.422
-337.125
-343.701
-348.718
-351.074
-351.074
-348.718
-343.701
-337.125
-329.182
-333.753
-337.476
-339.312
-339.312
-337.476
-333.753
-329.182
-320.685
-323.913
-326.667
-328.063
-328.063
-326.667
-323.913
-320.685
-311.8
-314.171
-316.245
-317.306
-317.306
-316.245
-314.171
-311.8
-302.683
-304.53
-306.148
-306.969
-306.969
-306.148
-304.53
-302.683
-293.46
-295.002
-296.324
-296.982
-296.982
-296.324
-295.002
-293.46
-284.227
-285.604
-286.739
-287.29
-287.29
-286.739
-285.604
-284.227
-275.05
-276.349
-277.369
-277.851
-277.851
-277.369
-276.349
-275.05
-265.978
-267.249
-268.201
-268.641
-268.641
-268.201
-267.249
-265.978
-257.042
-258.314
-259.226
-259.639
-259.639
-259.226
-258.314
-257.042
-248.261
-249.551
-250.44
-250.837
-250.837
-250.44
-249.551
-248.261
-239.647
-240.962
-241.838
-242.225
-242.225
-241.838
-240.962
-239.647
-231.207
-232.55
-233.419
-233.799
-233.799
-233.419
-232.55
-231.207
-222.946
-224.316
-225.18
-225.556
-225.556
-225.18
-224.316
-222.946
-214.864
-216.258
-217.118
-217.491
-217.491
-217.118
-216.258
-214.864
-206.961
-208.377
-209.233
-209.603
-209.603
-209.233
-208.377
-206.961
-199.236
-200.671
-201.523
-201.889
-201.889
-201.523
-200.671
-199.236
-191.687
-193.138
-193.984
-194.347
-194.347
-193.984
-193.138
-191.687
-184.314
-185.776
-186.616
-186.975
-186.975
-186.616
-185.776
-184.314
-177.115
-178.584
-179.416
-179.771
-179.771
-179.416
-178.584
-177.115
-170.086
-171.559
-172.383
-172.734
-172.734
-172.383
-171.559
-170.086
-163.227
-164.7
-165.514
-165.86
-165.86
-165.514
-164.7
-163.227
-156.536
-158.005
-158.809
-159.149
-159.149
-158.809
-158.005
-156.536
-150.01
-151.473
-152.264
-152.599
-152.599
-152.264
-151.473
-150.01
-143.647
-145.1
-145.879
-146.208
-146.208
-145.879
-145.1
-143.647
-137.446
-138.887
-139.651
-139.974
-139.974
-139.651
-138.887
-137.446
-131.405
-132.829
-133.579
-133.895
-133.895
-133.579
-132.829
-131.405
-125.522
-126.927
-127.661
-127.97
-127.97
-127.661
-126.927
-125.522
-119.794
-121.178
-121.896
-122.197
-122.197
-121.896
-121.178
-119.794
-114.221
-115.581
-116.281
-116.575
-116.575
-116.281
-115.581
-114.221
-108.799
-110.134
-110.816
-111.102
-111.102
-110.816
-110.134
-108.799
-103.528
-104.834
-105.498
-105.776
-105.776
-105.498
-104.834
-103.528
-98.405
-99.6812
-100.326
-100.595
-100.595
-100.326
-99.6812
-98.405
-93.4289
-94.6732
-95.2979
-95.559
-95.559
-95.2979
-94.6732
-93.4289
-88.5977
-89.8084
-90.413
-90.6655
-90.6655
-90.413
-89.8084
-88.5977
-83.9097
-85.0853
-85.6695
-85.9131
-85.9131
-85.6695
-85.0853
-83.9097
-79.3632
-80.5025
-81.0658
-81.3005
-81.3005
-81.0658
-80.5025
-79.3632
-74.9565
-76.0582
-76.6004
-76.8261
-76.8261
-76.6004
-76.0582
-74.9565
-70.6881
-71.7512
-72.272
-72.4886
-72.4886
-72.272
-71.7512
-70.6881
-66.5564
-67.5799
-68.0792
-68.2867
-68.2867
-68.0792
-67.5799
-66.5564
-62.5597
-63.5429
-64.0206
-64.2188
-64.2188
-64.0206
-63.5429
-62.5597
-58.6966
-59.6389
-60.0948
-60.2839
-60.2839
-60.0948
-59.6389
-58.6966
-54.9657
-55.8664
-56.3007
-56.4805
-56.4805
-56.3007
-55.8664
-54.9657
-51.3654
-52.2243
-52.6368
-52.8075
-52.8075
-52.6368
-52.2243
-51.3653
-47.8943
-48.7112
-49.102
-49.2636
-49.2636
-49.102
-48.7112
-47.8943
-44.5511
-45.3259
-45.6952
-45.8476
-45.8476
-45.6951
-45.3259
-44.5511
-41.3346
-42.0671
-42.415
-42.5584
-42.5584
-42.415
-42.0671
-41.3346
-38.2433
-38.9337
-39.2604
-39.3949
-39.3949
-39.2604
-38.9337
-38.2433
-35.276
-35.9246
-36.2303
-36.3561
-36.3561
-36.2303
-35.9246
-35.276
-32.4316
-33.0386
-33.3237
-33.4407
-33.4407
-33.3237
-33.0386
-32.4316
-29.7089
-30.2748
-30.5394
-30.6479
-30.6479
-30.5394
-30.2748
-29.7089
-27.1067
-27.632
-27.8765
-27.9766
-27.9766
-27.8765
-27.632
-27.1067
-24.6239
-25.1092
-25.3341
-25.426
-25.426
-25.3341
-25.1092
-24.6239
-22.2596
-22.7055
-22.9112
-22.995
-22.995
-22.9112
-22.7055
-22.2596
-20.0127
-20.42
-20.6068
-20.6827
-20.6827
-20.6068
-20.42
-20.0127
-17.8823
-18.2518
-18.4202
-18.4884
-18.4884
-18.4202
-18.2518
-17.8823
-15.8674
-16.2
-16.3505
-16.4113
-16.4113
-16.3505
-16.2
-15.8674
-13.9671
-14.2639
-14.3969
-14.4504
-14.4504
-14.3969
-14.2638
-13.9671
-12.1806
-12.4424
-12.5587
-12.6051
-12.6051
-12.5587
-12.4424
-12.1806
-10.507
-10.735
-10.8349
-10.8746
-10.8746
-10.8349
-10.735
-10.507
-8.94568
-9.14095
-9.22511
-9.25818
-9.25818
-9.22511
-9.14094
-8.94568
-7.49576
-7.65946
-7.7285
-7.75528
-7.75528
-7.7285
-7.65945
-7.49576
-6.15655
-6.2899
-6.34448
-6.36529
-6.36529
-6.34448
-6.2899
-6.15655
-4.92736
-5.03165
-5.0725
-5.08769
-5.08769
-5.0725
-5.03165
-4.92736
-3.8075
-3.88414
-3.91212
-3.92211
-3.92211
-3.91212
-3.88414
-3.8075
-2.79633
-2.84691
-2.86305
-2.86837
-2.86837
-2.86306
-2.84691
-2.79632
-1.8933
-1.91973
-1.9253
-1.9266
-1.9266
-1.9253
-1.91973
-1.8933
-1.09815
-1.10272
-1.09933
-1.09742
-1.09742
-1.09933
-1.10272
-1.09815
-0.411114
-0.396755
-0.386421
-0.382246
-0.382247
-0.386421
-0.396754
-0.411119
0.166498
0.195975
0.210834
0.216226
0.216224
0.210837
0.195978
0.166495
0.631379
0.671155
0.687843
0.693465
0.693464
0.687846
0.671159
0.631383
0.976084
1.02047
1.03626
1.04136
1.04136
1.03626
1.02047
0.976092
1.19051
1.23168
1.24357
1.24765
1.24765
1.24357
1.23168
1.19052
1.25709
1.28636
1.29219
1.29565
1.29565
1.29219
1.28635
1.25709
1.22956
1.22968
1.22993
1.23465
1.23465
1.22993
1.22968
1.22956
)
;
    }
}


// ************************************************************************* //
