/*--------------------------------*- C++ -*----------------------------------*\
| =========                 |                                                 |
| \\      /  F ield         | foam-extend: Open Source CFD                    |
|  \\    /   O peration     | Version:     4.1                                |
|   \\  /    A nd           | Web:         http://www.foam-extend.org         |
|    \\/     M anipulation  |                                                 |
\*---------------------------------------------------------------------------*/
FoamFile
{
    version     2.0;
    format      ascii;
    class       volScalarField;
    location    "0.196";
    object      sigmaEq;
}
// * * * * * * * * * * * * * * * * * * * * * * * * * * * * * * * * * * * * * //

dimensions      [1 -1 -2 0 0 0 0];

internalField   nonuniform List<scalar> 
5120
(
1088.32
957.434
936.155
916.634
899.807
882.507
863.533
843.025
821.379
798.988
776.185
753.229
730.309
707.56
685.072
662.904
641.097
619.673
598.646
578.024
557.811
538.007
518.612
499.624
481.042
462.861
445.081
427.697
410.707
394.108
377.896
362.069
346.623
331.555
316.862
302.541
288.589
275.003
261.78
248.916
236.41
224.258
212.457
201.004
189.898
179.134
168.711
158.627
148.877
139.461
130.375
121.618
113.187
105.08
97.2948
89.8297
82.6826
75.8517
69.335
63.131
57.2381
51.6547
46.3794
41.4111
36.7485
32.3909
28.3375
24.5879
21.1422
18.0009
15.1654
12.6379
10.4226
8.52559
6.95562
5.72224
4.83046
4.271
4.02472
4.03356
988.028
965.553
960.583
936.766
913.455
890.747
867.67
844.28
820.735
797.162
773.674
750.364
727.302
704.542
682.121
660.066
638.395
617.118
596.241
575.767
555.698
536.033
516.77
497.907
479.443
461.374
443.698
426.412
409.513
392.998
376.866
361.112
345.734
330.729
316.094
301.826
287.924
274.383
261.201
248.375
235.903
223.782
212.009
200.581
189.498
178.754
168.349
158.28
148.545
139.14
130.065
121.317
112.894
104.793
97.0131
89.5523
82.4086
75.5802
69.0654
62.8627
56.9706
51.3876
46.1124
41.1439
36.481
32.1231
28.0695
24.3201
20.8752
17.7359
14.9041
12.3834
10.1794
8.30048
6.75766
5.56182
4.71544
4.203
3.99801
4.04097
962.481
945.518
957.622
940.829
918.58
894.79
870.115
845.261
820.586
796.226
772.232
748.628
725.421
702.614
680.21
658.21
636.617
615.428
594.645
574.267
554.291
534.716
515.54
496.76
478.374
460.379
442.773
425.552
408.715
392.258
376.179
360.475
345.143
330.182
315.587
301.356
287.488
273.978
260.825
248.026
235.578
223.479
211.726
200.317
189.25
178.522
168.13
158.073
148.348
138.954
129.887
121.146
112.729
104.634
96.8589
89.4022
82.2619
75.4363
68.9239
62.723
56.8324
51.2504
45.9761
41.0082
36.3458
31.9882
27.935
24.1862
20.7425
17.6051
14.7767
12.2615
10.0659
8.199
6.67187
5.49438
4.66677
4.17183
3.98052
4.0271
956.419
936.137
953.602
940.208
919.481
896.005
871.043
845.713
820.583
795.865
771.622
747.861
724.568
701.726
679.321
657.342
635.781
614.633
593.894
573.56
553.629
534.097
514.963
496.223
477.874
459.915
442.343
425.154
408.346
391.917
375.864
360.184
344.875
329.934
315.358
301.146
287.294
273.799
260.66
247.874
235.438
223.349
211.606
200.206
189.146
178.425
168.04
157.989
148.269
138.878
129.816
121.078
112.664
104.571
96.7986
89.3435
82.2046
75.3802
68.8686
62.6684
56.7782
51.1966
45.9223
40.9544
36.292
31.9343
27.8811
24.1325
20.6892
17.5528
14.7261
12.2138
10.0224
8.1612
6.64093
5.47057
4.64914
4.15884
3.96977
4.01409
956.419
936.137
953.602
940.208
919.481
896.005
871.043
845.713
820.583
795.865
771.622
747.861
724.568
701.726
679.321
657.342
635.781
614.633
593.894
573.56
553.629
534.097
514.963
496.223
477.874
459.915
442.343
425.154
408.346
391.917
375.864
360.184
344.875
329.934
315.358
301.146
287.294
273.799
260.66
247.874
235.438
223.349
211.606
200.206
189.146
178.425
168.04
157.989
148.269
138.878
129.816
121.078
112.664
104.571
96.7986
89.3435
82.2046
75.3802
68.8686
62.6684
56.7782
51.1966
45.9223
40.9544
36.292
31.9343
27.8811
24.1325
20.6892
17.5528
14.7261
12.2138
10.0224
8.1612
6.64094
5.47057
4.64914
4.15884
3.96977
4.01409
962.481
945.518
957.622
940.829
918.58
894.79
870.115
845.261
820.586
796.226
772.232
748.628
725.421
702.614
680.21
658.21
636.617
615.428
594.645
574.267
554.291
534.716
515.54
496.76
478.374
460.379
442.773
425.552
408.715
392.258
376.179
360.475
345.143
330.182
315.587
301.356
287.488
273.978
260.825
248.026
235.578
223.479
211.726
200.317
189.25
178.522
168.13
158.073
148.348
138.954
129.887
121.146
112.729
104.634
96.8589
89.4022
82.2619
75.4363
68.9239
62.723
56.8324
51.2504
45.9761
41.0082
36.3458
31.9882
27.935
24.1862
20.7425
17.6051
14.7767
12.2615
10.0659
8.199
6.67186
5.49438
4.66677
4.17183
3.98052
4.0271
988.028
965.553
960.583
936.766
913.455
890.747
867.67
844.28
820.735
797.162
773.674
750.364
727.302
704.542
682.121
660.066
638.395
617.118
596.241
575.767
555.698
536.033
516.77
497.907
479.443
461.374
443.698
426.412
409.513
392.998
376.866
361.112
345.734
330.729
316.094
301.826
287.924
274.383
261.201
248.375
235.903
223.782
212.009
200.581
189.498
178.754
168.349
158.28
148.545
139.14
130.065
121.317
112.894
104.793
97.0131
89.5523
82.4086
75.5802
69.0654
62.8627
56.9706
51.3876
46.1124
41.1439
36.481
32.1231
28.0695
24.3201
20.8752
17.7359
14.9041
12.3834
10.1794
8.30048
6.75766
5.56182
4.71543
4.203
3.99801
4.04097
1088.32
957.434
936.155
916.634
899.807
882.507
863.533
843.025
821.379
798.988
776.185
753.229
730.309
707.56
685.072
662.904
641.097
619.673
598.646
578.024
557.811
538.007
518.612
499.624
481.042
462.861
445.081
427.697
410.707
394.108
377.896
362.069
346.623
331.555
316.862
302.541
288.589
275.003
261.78
248.916
236.41
224.258
212.457
201.004
189.898
179.134
168.711
158.627
148.877
139.461
130.375
121.618
113.187
105.08
97.2948
89.8297
82.6826
75.8517
69.335
63.131
57.2381
51.6547
46.3794
41.4111
36.7485
32.3909
28.3375
24.5879
21.1422
18.0009
15.1654
12.6379
10.4226
8.52559
6.95562
5.72223
4.83046
4.27099
4.02472
4.03356
641.563
650.421
654.999
640.506
626.842
614.111
600.957
587.152
572.753
557.897
542.749
527.455
512.137
496.884
481.759
466.807
452.058
437.531
423.239
409.189
395.387
381.836
368.538
355.493
342.703
330.167
317.884
305.856
294.08
282.557
271.286
260.265
249.494
238.972
228.698
218.67
208.888
199.351
190.057
181.005
172.195
163.624
155.292
147.198
139.34
131.717
124.328
117.172
110.248
103.554
97.0891
90.8525
84.8429
79.0591
73.5
68.1645
63.0515
58.1599
53.4884
49.0361
44.8018
40.7842
36.9823
33.3947
30.0202
26.8573
23.9044
21.1599
18.6216
16.2871
14.1534
12.2166
10.4721
8.91408
7.53611
6.33264
5.30324
4.46789
3.90396
3.74205
555.823
671.307
681.852
657.9
637.313
619.938
603.409
587.256
571.313
555.494
539.783
524.197
508.76
493.498
478.431
463.577
448.947
434.549
420.39
406.473
392.802
379.377
366.199
353.27
340.589
328.157
315.973
304.037
292.348
280.907
269.712
258.762
248.058
237.599
227.382
217.409
207.678
198.187
188.936
179.925
171.151
162.615
154.314
146.249
138.418
130.819
123.453
116.317
109.411
102.735
96.2856
90.0634
84.0671
78.2956
72.7479
67.423
62.32
57.4379
52.7757
48.3325
44.1072
40.099
36.3067
32.7294
29.3661
26.2156
23.2768
20.5483
18.0287
15.7163
13.609
11.7043
9.99906
8.48935
7.17097
6.04051
5.0974
4.35637
3.88114
3.77273
525.188
662.761
687.478
665.9
643.601
624.089
605.662
587.999
570.951
554.373
538.172
522.294
506.705
491.385
476.321
461.508
446.943
432.622
418.547
404.717
391.131
377.79
364.694
351.843
339.237
326.876
314.759
302.886
291.258
279.873
268.731
257.831
247.173
236.757
226.582
216.646
206.95
197.492
188.272
179.288
170.541
162.028
153.75
145.705
137.892
130.311
122.961
115.84
108.947
102.282
95.8445
89.6325
83.6454
77.8824
72.3424
67.0248
61.9284
57.0525
52.3961
47.9585
43.7386
39.7356
35.9487
32.377
29.0195
25.8754
22.9437
20.2233
17.7132
15.4122
13.3187
11.4309
9.74642
8.26221
6.97466
5.88043
4.97806
4.2802
3.84182
3.74452
515.311
658.568
688.252
668.117
645.841
625.877
606.818
588.536
570.976
554.015
537.549
521.502
505.815
490.448
475.372
460.57
446.028
431.741
417.703
403.912
390.366
377.064
364.007
351.193
338.622
326.295
314.21
302.368
290.768
279.409
268.293
257.417
246.781
236.386
226.229
216.312
206.632
197.189
187.983
179.013
170.278
161.777
153.509
145.473
137.669
130.096
122.752
115.638
108.751
102.092
95.6591
89.4515
83.4684
77.709
72.1723
66.8576
61.7639
56.8905
52.2364
47.8009
43.583
39.582
35.7971
32.2274
28.8721
25.7303
22.8013
20.0841
17.5778
15.2814
13.1936
11.313
9.63747
8.16412
6.88952
5.8102
4.92417
4.24298
3.81757
3.72291
515.311
658.568
688.252
668.117
645.841
625.877
606.818
588.536
570.976
554.015
537.549
521.502
505.815
490.448
475.372
460.57
446.028
431.741
417.703
403.912
390.366
377.064
364.007
351.193
338.622
326.295
314.21
302.368
290.768
279.409
268.293
257.417
246.781
236.386
226.229
216.312
206.632
197.189
187.983
179.013
170.278
161.777
153.509
145.473
137.669
130.096
122.752
115.638
108.751
102.092
95.6591
89.4515
83.4684
77.709
72.1723
66.8576
61.7639
56.8905
52.2364
47.8009
43.583
39.582
35.7971
32.2274
28.8721
25.7303
22.8013
20.0841
17.5778
15.2814
13.1936
11.313
9.63747
8.16412
6.88952
5.8102
4.92417
4.24298
3.81757
3.72291
525.188
662.761
687.478
665.9
643.601
624.089
605.662
587.999
570.951
554.373
538.172
522.294
506.705
491.385
476.321
461.508
446.943
432.622
418.547
404.717
391.131
377.79
364.694
351.843
339.237
326.876
314.759
302.886
291.258
279.873
268.731
257.831
247.173
236.757
226.582
216.646
206.95
197.492
188.272
179.288
170.541
162.028
153.75
145.705
137.892
130.311
122.961
115.84
108.947
102.282
95.8445
89.6325
83.6454
77.8824
72.3424
67.0248
61.9284
57.0525
52.3961
47.9585
43.7386
39.7356
35.9487
32.377
29.0195
25.8754
22.9437
20.2233
17.7132
15.4122
13.3187
11.4309
9.74642
8.26221
6.97466
5.88043
4.97806
4.2802
3.84182
3.74452
555.823
671.307
681.852
657.9
637.313
619.938
603.409
587.256
571.313
555.494
539.783
524.197
508.76
493.498
478.431
463.577
448.947
434.549
420.39
406.473
392.802
379.377
366.199
353.27
340.589
328.157
315.973
304.037
292.348
280.907
269.712
258.762
248.058
237.599
227.382
217.409
207.678
198.187
188.936
179.925
171.151
162.615
154.314
146.249
138.418
130.819
123.453
116.317
109.411
102.735
96.2856
90.0634
84.0671
78.2956
72.7479
67.423
62.32
57.4379
52.7757
48.3325
44.1072
40.099
36.3067
32.7294
29.3661
26.2156
23.2768
20.5483
18.0287
15.7163
13.609
11.7043
9.99906
8.48935
7.17097
6.04051
5.0974
4.35637
3.88114
3.77273
641.563
650.421
654.999
640.506
626.842
614.111
600.957
587.152
572.753
557.897
542.749
527.455
512.137
496.884
481.759
466.807
452.058
437.531
423.239
409.189
395.387
381.836
368.538
355.493
342.703
330.167
317.884
305.856
294.08
282.557
271.286
260.265
249.494
238.972
228.698
218.67
208.888
199.351
190.057
181.005
172.195
163.624
155.292
147.198
139.34
131.717
124.328
117.172
110.248
103.554
97.0891
90.8525
84.8429
79.0591
73.5
68.1645
63.0515
58.1599
53.4884
49.0361
44.8018
40.7842
36.9823
33.3947
30.0202
26.8573
23.9044
21.1599
18.6216
16.2871
14.1534
12.2166
10.4721
8.91408
7.53611
6.33264
5.30324
4.46789
3.90396
3.74204
333.537
357.214
377.998
377.474
372.119
365.409
357.905
349.931
341.642
333.133
324.488
315.782
307.072
298.402
289.803
281.295
272.892
264.602
256.432
248.386
240.467
232.677
225.018
217.491
210.097
202.837
195.713
188.724
181.871
175.154
168.573
162.129
155.822
149.652
143.618
137.72
131.959
126.334
120.845
115.491
110.272
105.188
100.239
95.4236
90.7416
86.1926
81.776
77.4912
73.3376
69.3146
65.4213
61.6572
58.0212
54.5127
51.1306
47.8739
44.7415
41.7322
38.8447
36.0776
33.4294
30.8984
28.4826
26.1801
23.9885
21.9054
19.928
18.0535
16.2786
14.5998
13.0138
11.5169
10.1057
8.77762
7.53127
6.36836
5.29709
4.34537
3.60271
3.18183
282.834
379.199
398.6
388.582
377.215
366.967
357.155
347.683
338.461
329.401
320.463
311.63
302.901
294.278
285.765
277.365
269.083
260.919
252.876
244.956
237.16
229.49
221.946
214.529
207.241
200.082
193.053
186.154
179.387
172.751
166.248
159.876
153.637
147.531
141.558
135.717
130.01
124.436
118.994
113.685
108.509
103.465
98.5537
93.7742
89.1264
84.6098
80.2243
75.9693
71.8445
67.8493
63.9833
60.2458
56.6362
53.1538
49.798
46.5678
43.4625
40.481
37.6223
34.8851
32.2683
29.7703
27.3895
25.1241
22.9722
20.9315
18.9996
17.1738
15.4511
13.8284
12.3023
10.8694
9.52649
8.27079
7.10118
6.01963
5.03433
4.17511
3.53424
3.22292
260.279
380.111
407.842
397.184
382.682
369.751
358.012
347.215
337.112
327.488
318.207
309.186
300.371
291.73
283.242
274.895
266.681
258.594
250.633
242.796
235.082
227.492
220.025
212.684
205.467
198.377
191.413
184.577
177.868
171.288
164.836
158.514
152.322
146.259
140.327
134.525
128.854
123.314
117.904
112.625
107.477
102.46
97.573
92.8169
88.191
83.6953
79.3294
75.0931
70.9861
67.0079
63.1583
59.4367
55.8426
52.3755
49.0348
45.8197
42.7296
39.7636
36.9208
34.2001
31.6004
29.1204
26.7587
24.5136
22.3834
20.3659
18.4591
16.6602
14.9667
13.3753
11.883
10.4863
9.18191
7.96719
6.84097
5.80536
4.86933
4.06495
3.4788
3.19789
252.133
380.367
411.286
400.722
385.283
371.338
358.736
347.276
336.698
326.75
317.259
308.112
299.23
290.563
282.075
273.746
265.559
257.507
249.582
241.784
234.109
226.557
219.128
211.823
204.641
197.584
190.651
183.845
177.165
170.611
164.185
157.887
151.717
145.676
139.763
133.98
128.326
122.802
117.408
112.143
107.009
102.004
97.1291
92.384
87.7685
83.2825
78.9258
74.6982
70.5993
66.629
62.7869
59.0725
55.4854
52.0251
48.6911
45.4827
42.3993
39.4401
36.6042
33.8907
31.2984
28.8263
26.4728
24.2366
22.1158
20.1086
18.2127
16.4258
14.7451
13.1677
11.6904
10.3098
9.02267
7.82631
6.71959
5.7048
4.79123
4.01123
3.44715
3.17613
252.133
380.367
411.286
400.722
385.283
371.338
358.736
347.276
336.698
326.75
317.259
308.112
299.23
290.563
282.075
273.746
265.559
257.507
249.582
241.784
234.109
226.557
219.128
211.823
204.641
197.584
190.651
183.845
177.165
170.611
164.185
157.887
151.717
145.676
139.763
133.98
128.326
122.802
117.408
112.143
107.009
102.004
97.1291
92.384
87.7685
83.2825
78.9258
74.6982
70.5993
66.629
62.7869
59.0725
55.4854
52.0251
48.6911
45.4827
42.3993
39.4401
36.6042
33.8907
31.2984
28.8263
26.4728
24.2366
22.1158
20.1086
18.2127
16.4258
14.7451
13.1677
11.6904
10.3098
9.02267
7.82631
6.71959
5.7048
4.79123
4.01123
3.44715
3.17613
260.279
380.111
407.842
397.184
382.682
369.751
358.012
347.215
337.112
327.488
318.207
309.186
300.371
291.73
283.242
274.895
266.681
258.594
250.633
242.796
235.082
227.492
220.025
212.684
205.467
198.377
191.413
184.577
177.868
171.288
164.836
158.514
152.322
146.259
140.327
134.525
128.854
123.314
117.904
112.625
107.477
102.46
97.573
92.8169
88.191
83.6953
79.3294
75.0931
70.9861
67.0079
63.1583
59.4367
55.8426
52.3755
49.0348
45.8197
42.7296
39.7636
36.9208
34.2001
31.6004
29.1204
26.7587
24.5136
22.3834
20.3659
18.4591
16.6602
14.9667
13.3753
11.883
10.4863
9.18191
7.96719
6.84097
5.80536
4.86933
4.06495
3.4788
3.19789
282.834
379.199
398.6
388.582
377.215
366.967
357.155
347.683
338.461
329.401
320.463
311.63
302.901
294.278
285.765
277.365
269.083
260.919
252.876
244.956
237.16
229.49
221.946
214.529
207.241
200.082
193.053
186.154
179.387
172.751
166.248
159.876
153.637
147.531
141.558
135.717
130.01
124.436
118.994
113.685
108.509
103.465
98.5537
93.7742
89.1264
84.6098
80.2243
75.9693
71.8445
67.8493
63.9833
60.2458
56.6362
53.1538
49.798
46.5678
43.4625
40.481
37.6223
34.8851
32.2683
29.7703
27.3895
25.1241
22.9722
20.9315
18.9996
17.1738
15.4511
13.8284
12.3023
10.8694
9.52649
8.27079
7.10118
6.01963
5.03433
4.17511
3.53424
3.22292
333.537
357.214
377.998
377.474
372.119
365.409
357.905
349.931
341.642
333.133
324.488
315.782
307.072
298.402
289.803
281.295
272.892
264.602
256.432
248.386
240.467
232.677
225.018
217.491
210.097
202.837
195.713
188.724
181.871
175.154
168.573
162.129
155.822
149.652
143.618
137.72
131.959
126.334
120.845
115.491
110.272
105.188
100.239
95.4236
90.7416
86.1926
81.776
77.4912
73.3376
69.3146
65.4213
61.6572
58.0212
54.5127
51.1306
47.8739
44.7415
41.7322
38.8447
36.0776
33.4294
30.8984
28.4826
26.1801
23.9885
21.9054
19.928
18.0535
16.2786
14.5998
13.0138
11.5169
10.1057
8.77762
7.53127
6.36836
5.29709
4.34537
3.60271
3.18183
89.4753
105.897
128.604
137.865
141.735
142.768
142.233
140.811
138.848
136.543
134.024
131.378
128.661
125.912
123.153
120.399
117.658
114.936
112.235
109.558
106.907
104.281
101.684
99.1149
96.5751
94.0653
91.5859
89.1376
86.7206
84.3354
81.9822
79.6611
77.3724
75.1161
72.8923
70.7009
68.542
66.4154
64.3211
62.2589
60.2287
58.2302
56.2633
54.3276
52.4229
50.5488
48.705
46.8911
45.1066
43.3512
41.6244
39.9256
38.2544
36.6103
34.9925
33.4006
31.834
30.2919
28.7738
27.279
25.8068
24.3565
22.9274
21.5188
20.1301
18.7607
17.41
16.0775
14.7631
13.4667
12.1891
10.9316
9.69678
8.48919
7.31568
6.18603
5.1124
4.11074
3.21942
2.45584
72.8307
138.597
149.247
147.578
145.144
142.423
139.57
136.729
133.916
131.123
128.35
125.597
122.865
120.157
117.473
114.814
112.18
109.57
106.985
104.424
101.888
99.3772
96.8921
94.4333
92.0013
89.5968
87.2202
84.872
82.5528
80.263
78.0028
75.7726
73.5727
71.4033
69.2646
67.1567
65.0797
63.0337
61.0188
59.0349
57.0819
55.1599
53.2687
51.4081
49.578
47.7782
46.0084
44.2684
42.5577
40.8762
39.2234
37.5989
36.0022
34.4329
32.8905
31.3744
29.8842
28.4191
26.9787
25.5622
24.169
22.7984
21.4499
20.1226
18.816
17.5294
16.2623
15.0142
13.7849
12.5742
11.3827
10.2113
9.06202
7.93841
6.84608
5.79344
4.79254
3.86662
3.07243
2.47142
68.9775
158.297
167.587
159.454
151.594
145.153
139.863
135.452
131.641
128.229
125.085
122.127
119.298
116.562
113.894
111.278
108.704
106.163
103.652
101.169
98.7106
96.2774
93.8688
91.4851
89.1265
86.7935
84.4865
82.206
79.9526
77.7265
75.5284
73.3585
71.2172
69.1048
67.0217
64.9681
62.9441
60.95
58.9858
57.0517
55.1478
53.274
51.4303
49.6168
47.8332
46.0795
44.3555
42.661
40.9958
39.3595
37.752
36.1728
34.6216
33.098
31.6015
30.1316
28.6878
27.2695
25.8763
24.5074
23.1623
21.8404
20.5409
19.2632
18.0067
16.7707
15.5546
14.358
13.1806
12.022
10.8826
9.7631
8.66514
7.59179
6.5485
5.54427
4.59382
3.72643
2.99931
2.45345
67.5374
166.711
176.238
165.738
155.507
147.213
140.592
135.266
130.847
127.041
123.651
120.547
117.64
114.87
112.197
109.594
107.044
104.535
102.06
99.6132
97.1932
94.7981
92.4274
90.0808
87.7585
85.4608
83.1881
80.9409
78.7197
76.525
74.3572
72.2167
70.1039
68.0193
65.9631
63.9357
61.9372
59.968
58.0282
56.1179
54.2373
52.3864
50.5653
48.774
47.0124
45.2804
43.5779
41.9049
40.2609
38.646
37.0597
35.5017
33.9718
32.4695
30.9943
29.546
28.1239
26.7275
25.3564
24.0098
22.6872
21.388
20.1115
18.857
17.624
16.4117
15.2196
14.0472
12.894
11.7598
10.6447
9.54942
8.47533
7.42546
6.4054
5.42471
4.49947
3.66086
2.96369
2.43837
67.5374
166.711
176.238
165.738
155.507
147.213
140.592
135.266
130.847
127.041
123.651
120.547
117.64
114.87
112.197
109.594
107.044
104.535
102.06
99.6132
97.1932
94.7981
92.4274
90.0808
87.7585
85.4608
83.1881
80.9409
78.7197
76.525
74.3572
72.2167
70.1039
68.0193
65.9631
63.9357
61.9372
59.968
58.0282
56.1179
54.2373
52.3864
50.5653
48.774
47.0124
45.2804
43.5779
41.9049
40.2609
38.646
37.0597
35.5017
33.9718
32.4695
30.9943
29.546
28.1239
26.7275
25.3564
24.0098
22.6872
21.388
20.1115
18.857
17.624
16.4117
15.2196
14.0472
12.894
11.7598
10.6447
9.54942
8.47533
7.42546
6.4054
5.42471
4.49947
3.66086
2.96369
2.43837
68.9775
158.297
167.587
159.454
151.594
145.153
139.863
135.452
131.641
128.229
125.085
122.127
119.298
116.562
113.894
111.278
108.704
106.163
103.652
101.169
98.7106
96.2774
93.8688
91.4851
89.1265
86.7935
84.4865
82.206
79.9526
77.7265
75.5284
73.3585
71.2172
69.1048
67.0217
64.9681
62.9441
60.95
58.9858
57.0517
55.1478
53.274
51.4303
49.6168
47.8332
46.0795
44.3555
42.661
40.9958
39.3595
37.752
36.1728
34.6216
33.098
31.6015
30.1316
28.6878
27.2695
25.8763
24.5074
23.1623
21.8404
20.5409
19.2632
18.0067
16.7707
15.5546
14.358
13.1806
12.022
10.8826
9.7631
8.66514
7.59179
6.5485
5.54427
4.59382
3.72643
2.99931
2.45345
72.8307
138.597
149.247
147.578
145.144
142.423
139.57
136.729
133.916
131.123
128.35
125.597
122.865
120.157
117.473
114.814
112.18
109.57
106.985
104.424
101.888
99.3772
96.8921
94.4333
92.0013
89.5968
87.2202
84.872
82.5528
80.263
78.0028
75.7726
73.5727
71.4033
69.2646
67.1567
65.0797
63.0337
61.0188
59.0349
57.0819
55.1599
53.2687
51.4081
49.578
47.7782
46.0084
44.2684
42.5577
40.8762
39.2234
37.5989
36.0022
34.4329
32.8905
31.3744
29.8842
28.4191
26.9787
25.5622
24.169
22.7984
21.4499
20.1226
18.816
17.5294
16.2623
15.0142
13.7849
12.5742
11.3827
10.2113
9.06202
7.93841
6.84608
5.79344
4.79254
3.86662
3.07243
2.47142
89.4753
105.897
128.604
137.865
141.735
142.768
142.233
140.811
138.848
136.543
134.024
131.378
128.661
125.912
123.153
120.399
117.658
114.936
112.235
109.558
106.907
104.281
101.684
99.1149
96.5751
94.0653
91.5859
89.1376
86.7206
84.3354
81.9822
79.6611
77.3724
75.1161
72.8923
70.7009
68.542
66.4154
64.3211
62.2589
60.2287
58.2302
56.2633
54.3276
52.4229
50.5488
48.705
46.8911
45.1066
43.3512
41.6244
39.9256
38.2544
36.6103
34.9925
33.4006
31.834
30.2919
28.7738
27.279
25.8068
24.3565
22.9274
21.5188
20.1301
18.7607
17.41
16.0775
14.7631
13.4667
12.1891
10.9316
9.69679
8.48919
7.31568
6.18603
5.1124
4.11074
3.21942
2.45584
165.659
142.012
143.862
142.05
141.559
141.723
141.769
141.371
140.398
138.862
136.851
134.477
131.847
129.051
126.155
123.211
120.251
117.298
114.366
111.465
108.599
105.772
102.985
100.238
97.5325
94.8681
92.2448
89.6623
87.1206
84.6194
82.1586
79.7379
77.3572
75.016
72.7143
70.4515
68.2275
66.0419
63.8942
61.7841
59.711
57.6747
55.6744
53.7098
51.7804
49.8855
48.0245
46.1969
44.4021
42.6393
40.908
39.2075
37.537
35.8958
34.2832
32.6984
31.1407
29.6092
28.1032
26.6217
25.1641
23.7294
22.3168
20.9254
19.5543
18.2028
16.8699
15.5551
14.2576
12.9772
11.7139
10.4686
9.24327
8.04157
6.86975
5.73696
4.65437
3.6313
2.66774
1.68463
127.307
171.236
172.254
163.212
156.817
152.291
148.687
145.575
142.653
139.748
136.79
133.764
130.681
127.564
124.434
121.309
118.204
115.13
112.094
109.1
106.15
103.248
100.392
97.5845
94.8247
92.1125
89.4478
86.8302
84.2593
81.7349
79.2565
76.8237
74.4361
72.0931
69.7944
67.5394
65.3276
63.1585
61.0314
58.9458
56.9011
54.8967
52.9319
51.0061
49.1185
47.2686
45.4555
43.6785
41.937
40.2301
38.557
36.917
35.3093
33.7329
32.1872
30.6712
29.1841
27.7249
26.2929
24.887
23.5063
22.15
20.8171
19.5067
18.2178
16.9496
15.7011
14.4716
13.2604
12.067
10.8913
9.73363
8.59524
7.47864
6.38826
5.33088
4.31619
3.35892
2.47704
1.66034
109.638
183.716
189.822
178.442
168.421
160.736
154.641
149.616
145.253
141.284
137.553
133.971
130.489
127.084
123.743
120.459
117.23
114.055
110.934
107.866
104.852
101.891
98.9823
96.1268
93.3238
90.5729
87.8736
85.2257
82.6285
80.0817
77.5846
75.1368
72.7378
70.3868
68.0834
65.8268
63.6165
61.4517
59.3319
57.2562
55.224
53.2346
51.2872
49.381
47.5154
45.6894
43.9022
42.1532
40.4414
38.766
37.1261
35.521
33.9496
32.4111
30.9046
29.4292
27.9839
26.5679
25.18
23.8195
22.4853
21.1764
19.8919
18.6307
17.3919
16.1746
14.9777
13.8005
12.6421
11.502
10.3796
9.27499
8.18899
7.12351
6.08249
5.07297
4.10713
3.20604
2.39316
1.65467
102.589
189.41
197.586
185.36
173.961
164.959
157.742
151.81
146.737
142.225
138.087
134.205
130.506
126.941
123.482
120.111
116.814
113.586
110.42
107.315
104.267
101.277
98.3422
95.4629
92.6383
89.8679
87.1513
84.4879
81.8772
79.3186
76.8117
74.3558
71.9503
69.5945
67.2878
65.0295
62.819
60.6554
58.5381
56.4662
54.4392
52.456
50.5161
48.6185
46.7625
44.9471
43.1717
41.4352
39.7369
38.0759
36.4512
34.8621
33.3074
31.7864
30.2982
28.8416
27.4158
26.0199
24.6527
23.3134
22.001
20.7144
19.4526
18.2146
16.9994
15.8061
14.6336
13.4811
12.3476
11.2325
10.1351
9.05542
7.99394
6.95246
5.93492
4.9489
4.00805
3.13604
2.35681
1.65126
102.589
189.41
197.586
185.36
173.961
164.959
157.742
151.81
146.737
142.225
138.087
134.205
130.506
126.941
123.482
120.111
116.814
113.586
110.42
107.315
104.267
101.277
98.3422
95.4629
92.6383
89.8679
87.1513
84.4879
81.8772
79.3186
76.8117
74.3558
71.9503
69.5945
67.2878
65.0295
62.819
60.6554
58.5381
56.4662
54.4392
52.456
50.5161
48.6185
46.7625
44.9471
43.1717
41.4352
39.7369
38.0759
36.4512
34.8621
33.3074
31.7864
30.2982
28.8416
27.4158
26.0199
24.6527
23.3134
22.001
20.7144
19.4526
18.2146
16.9994
15.8061
14.6336
13.4811
12.3476
11.2325
10.1351
9.05542
7.99394
6.95246
5.93492
4.9489
4.00805
3.13604
2.35681
1.65126
109.638
183.716
189.822
178.442
168.421
160.736
154.641
149.616
145.253
141.284
137.553
133.971
130.489
127.084
123.743
120.459
117.23
114.055
110.934
107.866
104.852
101.891
98.9823
96.1268
93.3238
90.5729
87.8736
85.2257
82.6285
80.0817
77.5846
75.1368
72.7378
70.3868
68.0834
65.8268
63.6165
61.4517
59.3319
57.2562
55.224
53.2346
51.2872
49.381
47.5154
45.6894
43.9022
42.1532
40.4414
38.766
37.1261
35.521
33.9496
32.4111
30.9046
29.4292
27.9839
26.5679
25.18
23.8195
22.4853
21.1764
19.8919
18.6307
17.3919
16.1746
14.9777
13.8005
12.6421
11.502
10.3796
9.27499
8.18899
7.12351
6.08249
5.07297
4.10713
3.20604
2.39316
1.65467
127.307
171.236
172.254
163.212
156.817
152.291
148.687
145.575
142.653
139.748
136.79
133.764
130.681
127.564
124.434
121.309
118.204
115.13
112.094
109.1
106.15
103.248
100.392
97.5845
94.8247
92.1125
89.4478
86.8302
84.2593
81.7349
79.2565
76.8237
74.4361
72.0931
69.7944
67.5394
65.3276
63.1585
61.0314
58.9458
56.9011
54.8967
52.9319
51.0061
49.1185
47.2686
45.4555
43.6785
41.937
40.2301
38.557
36.917
35.3093
33.7329
32.1872
30.6712
29.1841
27.7249
26.2929
24.887
23.5063
22.15
20.8171
19.5067
18.2178
16.9496
15.7011
14.4716
13.2604
12.067
10.8913
9.73363
8.59524
7.47864
6.38826
5.33088
4.31619
3.35892
2.47704
1.66034
165.659
142.012
143.862
142.05
141.559
141.723
141.769
141.371
140.398
138.862
136.851
134.477
131.847
129.051
126.155
123.211
120.251
117.298
114.366
111.465
108.599
105.772
102.985
100.238
97.5325
94.8681
92.2448
89.6623
87.1206
84.6194
82.1586
79.7379
77.3572
75.016
72.7143
70.4515
68.2275
66.0419
63.8942
61.7841
59.711
57.6747
55.6744
53.7098
51.7804
49.8855
48.0245
46.1969
44.4021
42.6393
40.908
39.2075
37.537
35.8958
34.2832
32.6984
31.1407
29.6092
28.1032
26.6217
25.1641
23.7294
22.3168
20.9254
19.5543
18.2028
16.8699
15.5551
14.2576
12.9772
11.7139
10.4686
9.24327
8.04157
6.86975
5.73696
4.65437
3.6313
2.66774
1.68463
391.111
368.234
368.601
358.842
351.228
345.476
339.981
334.146
327.763
320.827
313.436
305.718
297.793
289.759
281.692
273.644
265.651
257.738
249.92
242.207
234.604
227.116
219.745
212.492
205.36
198.347
191.457
184.688
178.043
171.521
165.123
158.849
152.701
146.679
140.782
135.012
129.369
123.852
118.463
113.202
108.067
103.06
98.1813
93.4298
88.8058
84.3093
79.9402
75.6981
71.583
67.5945
63.7323
59.996
56.3852
52.8994
49.538
46.3003
43.1856
40.193
37.3215
34.5701
31.9375
29.4222
27.0228
24.7372
22.5633
20.4988
18.5409
16.6863
14.9315
13.2722
11.7039
10.2215
8.81939
7.49216
6.23495
5.04502
3.92428
2.88182
1.92358
0.97395
320.118
395.862
401.018
383.868
370.189
359.688
350.354
341.58
333.054
324.603
316.16
307.718
299.291
290.902
282.573
274.322
266.164
258.108
250.161
242.33
234.616
227.024
219.553
212.207
204.985
197.888
190.918
184.075
177.36
170.773
164.314
157.985
151.784
145.714
139.773
133.963
128.283
122.733
117.314
112.026
106.867
101.84
96.943
92.1762
87.5397
83.0331
78.6563
74.409
70.291
66.3018
62.4411
58.7085
55.1036
51.6257
48.2743
45.0489
41.9486
38.9726
36.1202
33.3901
30.7814
28.2927
25.9226
23.6693
21.5309
19.5053
17.5898
15.7816
14.0773
12.4729
10.9641
9.54578
8.21249
6.95834
5.77764
4.66586
3.62202
2.6525
1.7643
0.935194
286.634
393.807
413.016
398.391
382.763
369.754
358.165
347.521
337.52
327.948
318.676
309.631
300.769
292.065
283.504
275.077
266.779
258.608
250.562
242.642
234.848
227.18
219.639
212.226
204.941
197.785
190.759
183.863
177.098
170.464
163.962
157.592
151.354
145.249
139.276
133.436
127.729
122.154
116.712
111.403
106.227
101.183
96.2717
91.4923
86.8449
82.3291
77.9447
73.6914
69.5688
65.5766
61.7143
57.9814
54.3776
50.9022
47.5546
44.3343
41.2404
38.2723
35.429
32.7096
30.1131
27.6381
25.2834
23.0473
20.9281
18.9236
17.0316
15.2492
13.5733
12
10.5252
9.14374
7.84999
6.63773
5.50062
4.43343
3.43509
2.51429
1.68519
0.947374
274.496
392.947
417.046
403.83
388.054
374.38
361.978
350.548
339.869
329.748
320.051
310.686
301.588
292.71
284.019
275.495
267.121
258.888
250.791
242.826
234.991
227.286
219.71
212.264
204.949
197.764
190.71
183.788
176.999
170.343
163.819
157.429
151.173
145.05
139.062
133.207
127.486
121.899
116.447
111.127
105.942
100.89
95.971
91.1853
86.5323
82.0118
77.6235
73.367
69.2419
65.2478
61.3844
57.6511
54.0474
50.5728
47.2266
44.0083
40.9171
37.9522
35.1129
32.3981
29.8068
27.3378
24.9898
22.7612
20.6505
18.6554
16.7738
15.003
13.3399
11.7807
10.3213
8.95655
7.68074
6.48745
5.37013
4.32342
3.34669
2.45037
1.65208
0.957532
274.496
392.947
417.046
403.83
388.054
374.38
361.978
350.548
339.869
329.748
320.051
310.686
301.588
292.71
284.019
275.495
267.121
258.888
250.791
242.826
234.991
227.286
219.71
212.264
204.949
197.764
190.71
183.788
176.999
170.343
163.819
157.429
151.173
145.05
139.062
133.207
127.486
121.899
116.447
111.127
105.942
100.89
95.971
91.1853
86.5323
82.0118
77.6235
73.367
69.2419
65.2478
61.3844
57.6511
54.0474
50.5728
47.2266
44.0083
40.9171
37.9522
35.1129
32.3981
29.8068
27.3378
24.9898
22.7612
20.6505
18.6554
16.7738
15.003
13.3399
11.7807
10.3213
8.95655
7.68074
6.48745
5.37013
4.32342
3.34669
2.45037
1.65208
0.957533
286.634
393.807
413.016
398.391
382.763
369.754
358.165
347.521
337.52
327.948
318.676
309.631
300.769
292.065
283.504
275.077
266.779
258.608
250.562
242.642
234.848
227.18
219.639
212.226
204.941
197.785
190.759
183.863
177.098
170.464
163.962
157.592
151.354
145.249
139.276
133.436
127.729
122.154
116.712
111.403
106.227
101.183
96.2717
91.4923
86.8449
82.3291
77.9447
73.6914
69.5688
65.5766
61.7143
57.9814
54.3776
50.9022
47.5546
44.3343
41.2404
38.2723
35.429
32.7096
30.1131
27.6381
25.2834
23.0473
20.9281
18.9236
17.0316
15.2492
13.5733
12
10.5252
9.14374
7.84999
6.63773
5.50062
4.43343
3.43509
2.51429
1.68519
0.947374
320.118
395.862
401.018
383.868
370.189
359.688
350.354
341.58
333.054
324.603
316.16
307.718
299.291
290.902
282.573
274.322
266.164
258.108
250.161
242.33
234.616
227.024
219.553
212.207
204.985
197.888
190.918
184.075
177.36
170.773
164.314
157.985
151.784
145.714
139.773
133.963
128.283
122.733
117.314
112.026
106.867
101.84
96.943
92.1762
87.5397
83.0331
78.6563
74.409
70.291
66.3018
62.4411
58.7085
55.1036
51.6257
48.2743
45.0489
41.9486
38.9726
36.1202
33.3901
30.7814
28.2927
25.9226
23.6693
21.5309
19.5053
17.5898
15.7816
14.0773
12.4729
10.9641
9.54578
8.21249
6.95834
5.77764
4.66586
3.62202
2.6525
1.7643
0.935194
391.111
368.234
368.601
358.842
351.228
345.476
339.981
334.146
327.763
320.827
313.436
305.718
297.793
289.759
281.692
273.644
265.651
257.738
249.92
242.207
234.604
227.116
219.745
212.492
205.36
198.347
191.457
184.688
178.043
171.521
165.123
158.849
152.701
146.679
140.782
135.012
129.369
123.852
118.463
113.202
108.067
103.06
98.1813
93.4298
88.8058
84.3093
79.9402
75.6981
71.583
67.5945
63.7323
59.996
56.3852
52.8994
49.538
46.3003
43.1856
40.193
37.3215
34.5701
31.9375
29.4222
27.0228
24.7372
22.5633
20.4988
18.5409
16.6863
14.9315
13.2722
11.7039
10.2215
8.81939
7.49216
6.23495
5.04502
3.92428
2.88182
1.92358
0.973949
638.839
603.48
591.259
574.666
564.275
555.767
546.465
536.027
524.599
512.419
499.728
486.731
473.585
460.402
447.261
434.214
421.293
408.521
395.91
383.47
371.206
359.122
347.22
335.503
323.973
312.631
301.479
290.519
279.752
269.18
258.803
248.624
238.642
228.861
219.279
209.9
200.722
191.748
182.978
174.412
166.052
157.898
149.95
142.21
134.677
127.352
120.235
113.327
106.628
100.138
93.8576
87.7867
81.9255
76.2742
70.8326
65.6009
60.5791
55.767
51.1645
46.7714
42.5874
38.6123
34.8457
31.287
27.9356
24.7906
21.8509
19.115
16.5812
14.2468
12.1081
10.1604
8.39665
6.80758
5.38074
4.10105
2.95419
1.93678
1.07393
0.399491
545.737
638.203
631.234
604.997
587.212
572.932
558.958
544.995
531.048
517.127
503.256
489.467
475.785
462.234
448.828
435.579
422.497
409.586
396.852
384.298
371.927
359.741
347.743
335.934
324.316
312.891
301.661
290.627
279.79
269.153
258.715
248.478
238.443
228.612
218.984
209.561
200.344
191.334
182.53
173.934
165.546
157.366
149.396
141.634
134.083
126.741
119.61
112.689
105.979
99.4801
93.1918
87.1146
81.2483
75.5932
70.1491
64.916
59.8939
55.0825
50.4818
46.0915
41.9114
37.9412
34.1805
30.6289
27.2858
24.1506
21.2224
18.5001
15.9823
13.6671
11.5519
9.63305
7.90537
6.36157
4.99149
3.78179
2.71745
1.78721
0.996602
0.383123
510.506
631.55
641.875
619.887
601.001
584.479
568.142
552.076
536.434
521.222
506.403
491.935
477.771
463.878
450.225
436.794
423.57
410.546
397.714
385.074
372.625
360.366
348.299
336.424
324.745
313.262
301.976
290.889
280.002
269.318
258.836
248.557
238.484
228.616
218.955
209.5
200.254
191.216
182.387
173.768
165.358
157.159
149.171
141.393
133.827
126.472
119.328
112.397
105.677
99.1693
92.8735
86.7897
80.9179
75.2581
69.8102
64.574
59.5495
54.7365
50.1348
45.7442
41.5644
37.5952
33.8361
30.2867
26.9466
23.8152
20.8919
18.1756
15.6654
13.3598
11.2568
9.35336
7.64527
6.126
4.78581
3.61086
2.58403
1.69107
0.941121
0.403673
499.836
628.477
644.313
624.646
606.369
589.585
572.54
555.65
539.249
523.41
508.105
493.272
478.843
464.756
450.963
437.428
424.126
411.038
398.155
385.471
372.981
360.685
348.584
336.678
324.968
313.455
302.142
291.03
280.119
269.411
258.907
248.609
238.516
228.631
218.953
209.483
200.222
191.171
182.33
173.699
165.28
157.071
149.074
141.288
133.715
126.353
119.204
112.268
105.543
99.0315
92.7322
86.6455
80.7711
75.1092
69.6595
64.422
59.3964
54.5828
49.9807
45.59
41.4104
37.4417
33.6834
30.1351
26.7964
23.6668
20.7457
18.0323
15.5256
13.2245
11.1271
9.23082
7.5317
6.02342
4.69621
3.53584
2.52444
1.64761
0.918887
0.420404
499.836
628.477
644.313
624.646
606.369
589.585
572.54
555.65
539.249
523.41
508.105
493.272
478.843
464.756
450.963
437.428
424.126
411.038
398.155
385.471
372.981
360.685
348.584
336.678
324.968
313.455
302.142
291.03
280.119
269.411
258.907
248.609
238.516
228.631
218.953
209.483
200.222
191.171
182.33
173.699
165.28
157.071
149.074
141.288
133.715
126.353
119.204
112.268
105.543
99.0315
92.7322
86.6455
80.7711
75.1092
69.6595
64.422
59.3964
54.5828
49.9807
45.59
41.4104
37.4417
33.6834
30.1351
26.7964
23.6668
20.7457
18.0323
15.5256
13.2245
11.1271
9.23082
7.5317
6.02342
4.69621
3.53584
2.52444
1.64761
0.918886
0.420402
510.506
631.55
641.875
619.887
601.001
584.479
568.142
552.076
536.434
521.222
506.403
491.935
477.771
463.878
450.225
436.794
423.57
410.546
397.714
385.074
372.625
360.366
348.299
336.424
324.745
313.262
301.976
290.889
280.002
269.318
258.836
248.557
238.484
228.616
218.955
209.5
200.254
191.216
182.387
173.768
165.358
157.159
149.171
141.393
133.827
126.472
119.328
112.397
105.677
99.1693
92.8735
86.7897
80.9179
75.2581
69.8102
64.574
59.5495
54.7365
50.1348
45.7442
41.5644
37.5952
33.8361
30.2867
26.9466
23.8152
20.8919
18.1756
15.6654
13.3598
11.2568
9.35336
7.64527
6.126
4.78581
3.61086
2.58403
1.69107
0.941119
0.403671
545.737
638.203
631.234
604.997
587.212
572.932
558.958
544.995
531.048
517.127
503.256
489.467
475.785
462.234
448.828
435.579
422.497
409.586
396.852
384.298
371.927
359.741
347.743
335.934
324.316
312.891
301.661
290.627
279.79
269.153
258.715
248.478
238.443
228.612
218.984
209.561
200.344
191.334
182.53
173.934
165.546
157.366
149.396
141.634
134.083
126.741
119.61
112.689
105.979
99.4801
93.1918
87.1146
81.2483
75.5932
70.1491
64.916
59.8939
55.0825
50.4818
46.0915
41.9114
37.9412
34.1805
30.6289
27.2858
24.1506
21.2224
18.5001
15.9823
13.6671
11.5519
9.63305
7.90537
6.36157
4.99149
3.78179
2.71745
1.78721
0.996602
0.383123
638.839
603.48
591.259
574.666
564.275
555.767
546.465
536.027
524.599
512.419
499.728
486.731
473.585
460.402
447.261
434.214
421.293
408.521
395.91
383.47
371.206
359.122
347.22
335.503
323.973
312.631
301.479
290.519
279.752
269.18
258.803
248.624
238.642
228.861
219.279
209.9
200.722
191.748
182.978
174.412
166.052
157.898
149.95
142.21
134.677
127.352
120.235
113.327
106.628
100.138
93.8576
87.7867
81.9255
76.2742
70.8326
65.6009
60.5791
55.767
51.1645
46.7714
42.5874
38.6123
34.8457
31.287
27.9356
24.7906
21.8509
19.115
16.5812
14.2468
12.1081
10.1604
8.39665
6.80758
5.38074
4.10105
2.95419
1.93677
1.07392
0.399486
948.026
812.208
800.392
790.83
780.722
768.863
754.753
738.926
721.951
704.27
686.205
667.976
649.731
631.563
613.531
595.674
578.015
560.568
543.343
526.346
509.582
493.056
476.769
460.726
444.929
429.379
414.081
399.036
384.246
369.714
355.442
341.432
327.685
314.204
300.991
288.047
275.373
262.972
250.844
238.992
227.416
216.119
205.1
194.362
183.905
173.731
163.84
154.234
144.913
135.878
127.131
118.671
110.499
102.617
95.0241
87.7217
80.71
73.9894
67.5604
61.4234
55.5785
50.0261
44.7665
39.7997
35.1258
30.7449
26.657
22.8619
19.3594
16.1491
13.2305
10.6028
8.26531
6.21711
4.45786
2.98827
1.81119
0.931915
0.359642
0.0992615
856.566
844.183
841.307
823.483
805.667
787.472
768.242
748.567
728.866
709.323
690.011
670.957
652.16
633.616
615.319
597.261
579.442
561.858
544.511
527.402
510.533
493.906
477.525
461.391
445.507
429.877
414.501
399.384
384.526
369.931
355.599
341.534
327.736
314.207
300.95
287.965
275.254
262.819
250.661
238.78
227.179
215.859
204.82
194.063
183.59
173.402
163.499
153.883
144.553
135.511
126.758
118.293
110.119
102.234
94.6403
87.3376
80.3264
73.6071
67.18
61.0454
55.2035
49.6545
44.3985
39.4357
34.7661
30.3896
26.3063
22.516
19.0189
15.8146
12.9034
10.2853
7.96091
5.93146
4.19943
2.76887
1.64545
0.832469
0.32189
0.0713406
834.8
826.341
845.853
836.81
819.591
799.497
777.886
756.022
734.536
713.631
693.324
673.561
654.267
635.374
616.828
598.589
580.631
562.935
545.494
528.302
511.357
494.659
478.211
462.014
446.07
430.383
414.953
399.785
384.879
370.238
355.864
341.758
327.923
314.359
301.07
288.055
275.316
262.855
250.673
238.771
227.15
215.811
204.756
193.984
183.498
173.298
163.384
153.758
144.42
135.371
126.611
118.141
109.962
102.074
94.4767
87.1716
80.1587
73.4382
67.0103
60.8754
55.0336
49.485
44.2297
39.2679
34.5994
30.2245
26.143
22.355
18.8607
15.6604
12.7546
10.1441
7.83033
5.81554
4.10268
2.6953
1.59631
0.803627
0.302975
0.0632729
830.885
817.255
844.414
840.169
824.706
804.702
782.458
759.764
737.491
715.931
695.114
674.972
655.402
636.312
617.625
599.282
581.246
563.49
545.998
528.762
511.778
495.045
478.564
462.335
446.361
430.646
415.189
399.995
385.066
370.402
356.007
341.881
328.027
314.447
301.141
288.111
275.358
262.884
250.69
238.778
227.147
215.799
204.735
193.956
183.463
173.257
163.338
153.707
144.365
135.312
126.55
118.077
109.896
102.006
94.4072
87.101
80.0872
73.3661
66.938
60.8029
54.9611
49.4128
44.1579
39.1966
34.5288
30.1546
26.0742
22.2875
18.795
15.597
12.6944
10.0884
7.78078
5.77395
4.07078
2.67401
1.58479
0.798656
0.299861
0.062013
830.885
817.255
844.414
840.169
824.706
804.702
782.458
759.764
737.491
715.931
695.114
674.972
655.402
636.312
617.625
599.282
581.246
563.49
545.998
528.762
511.778
495.045
478.564
462.335
446.361
430.646
415.189
399.995
385.066
370.402
356.007
341.881
328.027
314.447
301.141
288.111
275.358
262.884
250.69
238.778
227.147
215.799
204.735
193.956
183.463
173.257
163.338
153.707
144.365
135.312
126.55
118.077
109.896
102.006
94.4072
87.101
80.0872
73.3661
66.938
60.8029
54.9612
49.4128
44.1579
39.1966
34.5288
30.1546
26.0742
22.2875
18.795
15.597
12.6944
10.0884
7.78078
5.77395
4.07078
2.67401
1.58479
0.798659
0.299862
0.0620197
834.8
826.341
845.853
836.81
819.591
799.497
777.886
756.022
734.536
713.631
693.324
673.561
654.267
635.374
616.828
598.589
580.631
562.935
545.494
528.302
511.357
494.659
478.211
462.014
446.07
430.383
414.953
399.785
384.879
370.238
355.864
341.758
327.923
314.359
301.07
288.055
275.316
262.855
250.673
238.771
227.15
215.811
204.756
193.984
183.498
173.298
163.384
153.758
144.42
135.371
126.611
118.141
109.962
102.074
94.4767
87.1716
80.1587
73.4382
67.0103
60.8754
55.0336
49.485
44.2297
39.2679
34.5994
30.2245
26.143
22.355
18.8607
15.6604
12.7546
10.1441
7.83033
5.81554
4.10268
2.6953
1.59631
0.803631
0.302976
0.0632764
856.566
844.183
841.307
823.483
805.667
787.472
768.242
748.567
728.866
709.323
690.011
670.957
652.16
633.616
615.319
597.261
579.442
561.858
544.511
527.402
510.533
493.906
477.525
461.391
445.507
429.877
414.501
399.384
384.526
369.931
355.599
341.534
327.736
314.207
300.95
287.965
275.254
262.819
250.661
238.78
227.179
215.859
204.82
194.063
183.59
173.402
163.499
153.883
144.553
135.511
126.758
118.293
110.119
102.234
94.6403
87.3376
80.3264
73.6071
67.18
61.0454
55.2035
49.6545
44.3985
39.4357
34.7661
30.3896
26.3063
22.516
19.0189
15.8146
12.9034
10.2853
7.96091
5.93146
4.19942
2.76887
1.64545
0.832473
0.321891
0.0713422
948.026
812.208
800.392
790.83
780.722
768.863
754.753
738.926
721.951
704.27
686.205
667.976
649.731
631.563
613.531
595.674
578.015
560.568
543.343
526.346
509.582
493.056
476.769
460.726
444.929
429.379
414.081
399.036
384.246
369.714
355.442
341.432
327.685
314.204
300.991
288.047
275.373
262.972
250.844
238.992
227.416
216.119
205.1
194.362
183.905
173.731
163.84
154.234
144.913
135.878
127.131
118.671
110.499
102.617
95.0241
87.7217
80.71
73.9894
67.5604
61.4234
55.5785
50.0261
44.7665
39.7997
35.1258
30.7449
26.657
22.8619
19.3594
16.1491
13.2305
10.6028
8.26531
6.21711
4.45786
2.98827
1.81119
0.931916
0.359641
0.0992686
)
;

boundaryField
{
    left
    {
        type            calculated;
        value           nonuniform List<scalar> 
64
(
1232.87
1037.9
1022.01
1024.75
1024.75
1022.01
1037.9
1232.87
665.275
485.534
438.184
425.108
425.108
438.184
485.534
665.275
349.328
233.562
188.766
172.461
172.461
188.766
233.562
349.328
124.216
76.9057
70.1346
68.5828
68.5828
70.1346
76.9057
124.216
206.217
124.819
95.071
82.8463
82.8463
95.071
124.819
206.217
428.254
279.182
215.937
191.384
191.384
215.937
279.182
428.254
679.865
488.378
432.744
417.867
417.867
432.744
488.378
679.865
1069.19
885.831
871.518
876.422
876.422
871.518
885.831
1069.19
)
;
    }
    right
    {
        type            calculated;
        value           nonuniform List<scalar> 
64
(
4.07409
4.09541
4.08087
4.0662
4.0662
4.08087
4.09541
4.07409
3.76574
3.81274
3.78104
3.75762
3.75762
3.78104
3.81275
3.76574
3.1596
3.23101
3.20312
3.17933
3.17933
3.20313
3.23101
3.1596
2.32789
2.39333
2.37736
2.36203
2.36203
2.37736
2.39332
2.32789
1.4513
1.48816
1.49693
1.49891
1.49891
1.49693
1.48816
1.4513
0.702833
0.717915
0.765818
0.791592
0.791593
0.765819
0.717915
0.702832
0.206235
0.210919
0.275464
0.309965
0.309963
0.275461
0.210919
0.206228
0.0772257
0.01207
0.0141869
0.00806553
0.00807331
0.0141725
0.0120499
0.077241
)
;
    }
    back
    {
        type            calculated;
        value           nonuniform List<scalar> 
640
(
1146.09
691.978
363.999
107.885
192.028
432.449
692.057
1000.13
951.828
638.222
346.644
97.1349
132.165
352.647
581.056
789.21
922.237
640.284
367.586
120.749
130.393
351.024
568.564
776.187
905.624
631.273
372.005
134.056
131.47
345.798
558.506
773.078
892.416
621.305
369.649
140.507
133.787
341.454
552.358
767.642
878.025
611.007
364.69
143.16
136.318
338.183
546.979
759.292
861.219
599.609
358.344
143.68
138.248
334.681
540.145
747.922
842.224
587.022
351.135
142.935
139.254
330.361
531.537
734.111
821.573
573.424
343.33
141.391
139.287
325.076
521.401
718.541
799.804
559.071
335.109
139.333
138.453
318.912
510.103
701.806
777.364
544.216
326.62
136.945
136.925
312.053
498.005
684.364
754.601
529.078
317.981
134.354
134.882
304.699
485.402
666.544
731.765
513.824
309.283
131.646
132.481
297.025
472.52
648.567
709.031
498.578
300.591
128.876
129.845
289.17
459.519
630.58
686.517
483.427
291.948
126.078
127.068
281.233
446.508
612.675
664.301
468.429
283.384
123.274
124.213
273.286
433.559
594.913
642.431
453.621
274.918
120.478
121.325
265.377
420.718
577.329
620.939
439.031
266.564
117.697
118.432
257.536
408.014
559.946
599.842
424.673
258.328
114.937
115.552
249.782
395.464
542.778
579.151
410.558
250.217
112.199
112.696
242.129
383.08
525.834
558.87
396.692
242.233
109.487
109.871
234.583
370.869
509.12
539.001
383.079
234.381
106.803
107.081
227.148
358.835
492.641
519.544
369.721
226.662
104.147
104.326
219.827
346.981
476.4
500.497
356.619
219.078
101.52
101.609
212.622
335.309
460.399
481.859
343.775
211.629
98.9245
98.9293
205.535
323.822
444.643
463.626
331.187
204.317
96.3599
96.2874
198.566
312.522
429.133
445.796
318.856
197.142
93.8272
93.6833
191.715
301.409
413.871
428.366
306.782
190.106
91.3268
91.117
184.985
290.486
398.861
411.332
294.964
183.208
88.859
88.5884
178.375
279.753
384.104
394.692
283.401
176.448
86.4243
86.0973
171.886
269.213
369.603
378.443
272.091
169.827
84.0227
83.6439
165.52
258.867
355.359
362.58
261.035
163.345
81.6544
81.2278
159.275
248.716
341.376
347.101
250.231
157.002
79.3195
78.849
153.154
238.761
327.654
332.003
239.678
150.797
77.018
76.5073
147.156
229.004
314.196
317.282
229.376
144.731
74.7498
74.2026
141.283
219.446
301.004
302.935
219.321
138.803
72.515
71.9346
135.534
210.087
288.08
288.959
209.515
133.013
70.3134
69.7031
129.91
200.93
275.425
275.351
199.954
127.36
68.1449
67.5078
124.411
191.973
263.04
262.108
190.639
121.845
66.0092
65.3484
119.038
183.22
250.928
249.226
181.568
116.467
63.9063
63.2247
113.79
174.67
239.09
236.702
172.739
111.225
61.8359
61.1362
108.668
166.323
227.527
224.534
164.151
106.119
59.7976
59.0826
103.673
158.182
216.241
212.719
155.804
101.149
57.7912
57.0634
98.8035
150.246
205.233
201.254
147.695
96.3132
55.8164
55.0783
94.0604
142.516
194.504
190.136
139.824
91.6121
53.8728
53.1267
89.4434
134.992
184.055
179.362
132.189
87.0447
51.9601
51.2082
84.9526
127.675
173.888
168.929
124.789
82.6105
50.0778
49.3223
80.5879
120.566
164.004
158.836
117.622
78.3088
48.2255
47.4683
76.3491
113.664
154.403
149.078
110.689
74.1387
46.4027
45.6458
72.236
106.97
145.087
139.655
103.986
70.0997
44.609
43.8542
68.2483
100.485
136.057
130.564
97.5131
66.1907
42.8438
42.0929
64.3858
94.2085
127.312
121.801
91.2691
62.4111
41.1067
40.3612
60.6481
88.1407
118.855
113.365
85.2527
58.7599
39.3969
38.6585
57.0348
82.282
110.686
105.254
79.4625
55.2361
37.7141
36.9841
53.5452
76.6324
102.805
97.4654
73.8975
51.8386
36.0575
35.3373
50.1789
71.192
95.2138
89.9971
68.5564
48.5664
34.4265
33.7175
46.9352
65.9609
87.9121
82.8473
63.4381
45.4183
32.8206
32.1238
43.8133
60.939
80.9007
76.014
58.5412
42.3929
31.239
30.5556
40.8123
56.1263
74.1801
69.4953
53.8648
39.4888
29.6811
29.0121
37.9312
51.5227
67.7508
63.2895
49.4074
36.7045
28.1462
27.4924
35.1689
47.1279
61.6131
57.395
45.168
34.0384
26.6335
25.9958
32.524
42.9418
55.7673
51.8103
41.1452
31.4885
25.1425
24.5215
29.9951
38.9639
50.2138
46.5338
37.3377
29.053
23.6724
23.0687
27.5804
35.1939
44.9529
41.5644
33.7442
26.7296
22.2225
21.6365
25.2782
31.6311
39.9847
36.9008
30.3633
24.516
20.7922
20.2241
23.086
28.275
35.3093
32.5421
27.1932
22.4095
19.3807
18.8307
21.0014
25.1245
30.9267
28.4876
24.2324
20.4073
17.9876
17.4555
19.0215
22.1783
26.837
24.7367
21.4787
18.5063
16.6125
16.0978
17.1431
19.435
23.0399
21.2893
18.9299
16.7033
15.2551
14.7571
15.3623
16.8922
19.5351
18.1457
16.583
14.9948
13.9155
13.4331
13.675
14.5472
16.3222
15.3068
14.4346
13.3771
12.5946
12.1261
12.0765
12.3958
13.4003
12.7744
12.4804
11.8467
11.2937
10.8371
10.5615
10.4325
10.7682
10.5517
10.7148
10.4001
10.016
9.56831
9.12477
8.64964
8.4244
8.64368
9.13124
9.03481
8.76633
8.32418
7.76088
7.03691
6.36694
7.05789
7.72217
7.74929
7.55224
7.1118
6.46543
5.5808
4.59401
5.80334
6.48102
6.54521
6.38424
5.9415
5.23648
4.26533
3.10451
4.88677
5.40744
5.43081
5.27464
4.82517
4.07729
3.07645
1.89981
4.30243
4.52344
4.43236
4.23531
3.76937
2.99849
2.01489
0.986079
4.03498
3.91208
3.63648
3.29534
2.76658
2.00761
1.11742
0.381341
4.02706
3.72552
3.16138
2.4524
1.70576
1.00526
0.419579
0.120455
)
;
    }
    front
    {
        type            calculated;
        value           nonuniform List<scalar> 
640
(
1146.09
691.978
363.999
107.885
192.028
432.449
692.057
1000.13
951.828
638.222
346.644
97.1349
132.165
352.647
581.056
789.21
922.237
640.284
367.586
120.749
130.393
351.024
568.564
776.187
905.624
631.273
372.005
134.056
131.47
345.798
558.506
773.078
892.416
621.305
369.649
140.507
133.787
341.454
552.358
767.642
878.025
611.007
364.69
143.16
136.318
338.183
546.979
759.292
861.219
599.609
358.344
143.68
138.248
334.681
540.145
747.922
842.224
587.022
351.135
142.935
139.254
330.361
531.537
734.111
821.573
573.424
343.33
141.391
139.287
325.076
521.401
718.541
799.804
559.071
335.109
139.333
138.453
318.912
510.103
701.806
777.364
544.216
326.62
136.945
136.925
312.053
498.005
684.364
754.601
529.078
317.981
134.354
134.882
304.699
485.402
666.544
731.765
513.824
309.283
131.646
132.481
297.025
472.52
648.567
709.031
498.578
300.591
128.876
129.845
289.17
459.519
630.58
686.517
483.427
291.948
126.078
127.068
281.233
446.508
612.675
664.301
468.429
283.384
123.274
124.213
273.286
433.559
594.913
642.431
453.621
274.918
120.478
121.325
265.377
420.718
577.329
620.939
439.031
266.564
117.697
118.432
257.536
408.014
559.946
599.842
424.673
258.328
114.937
115.552
249.782
395.464
542.778
579.151
410.558
250.217
112.199
112.696
242.129
383.08
525.834
558.87
396.692
242.233
109.487
109.871
234.583
370.869
509.12
539.001
383.079
234.381
106.803
107.081
227.148
358.835
492.641
519.544
369.721
226.662
104.147
104.326
219.827
346.981
476.4
500.497
356.619
219.078
101.52
101.609
212.622
335.309
460.399
481.859
343.775
211.629
98.9245
98.9293
205.535
323.822
444.643
463.626
331.187
204.317
96.3599
96.2874
198.566
312.522
429.133
445.796
318.856
197.142
93.8272
93.6833
191.715
301.409
413.871
428.366
306.782
190.106
91.3268
91.117
184.985
290.486
398.861
411.332
294.964
183.208
88.859
88.5884
178.375
279.753
384.104
394.692
283.401
176.448
86.4243
86.0973
171.886
269.213
369.603
378.443
272.091
169.827
84.0227
83.6439
165.52
258.867
355.359
362.58
261.035
163.345
81.6544
81.2278
159.275
248.716
341.376
347.101
250.231
157.002
79.3195
78.849
153.154
238.761
327.654
332.003
239.678
150.797
77.018
76.5073
147.156
229.004
314.196
317.282
229.376
144.731
74.7498
74.2026
141.283
219.446
301.004
302.935
219.321
138.803
72.515
71.9346
135.534
210.087
288.08
288.959
209.515
133.013
70.3134
69.7031
129.91
200.93
275.425
275.351
199.954
127.36
68.1449
67.5078
124.411
191.973
263.04
262.108
190.639
121.845
66.0092
65.3484
119.038
183.22
250.928
249.226
181.568
116.467
63.9063
63.2247
113.79
174.67
239.09
236.702
172.739
111.225
61.8359
61.1362
108.668
166.323
227.527
224.534
164.151
106.119
59.7976
59.0826
103.673
158.182
216.241
212.719
155.804
101.149
57.7912
57.0634
98.8035
150.246
205.233
201.254
147.695
96.3131
55.8164
55.0783
94.0604
142.516
194.504
190.136
139.824
91.6121
53.8728
53.1267
89.4434
134.992
184.055
179.362
132.189
87.0447
51.9601
51.2082
84.9526
127.675
173.888
168.929
124.789
82.6105
50.0778
49.3223
80.5879
120.566
164.004
158.836
117.622
78.3088
48.2255
47.4683
76.3491
113.664
154.403
149.078
110.689
74.1387
46.4027
45.6458
72.236
106.97
145.087
139.655
103.986
70.0997
44.609
43.8542
68.2483
100.485
136.057
130.564
97.5131
66.1907
42.8438
42.0929
64.3858
94.2085
127.312
121.801
91.2691
62.4111
41.1067
40.3612
60.6481
88.1407
118.855
113.365
85.2527
58.7599
39.3969
38.6585
57.0348
82.282
110.686
105.254
79.4625
55.2361
37.7141
36.9841
53.5452
76.6324
102.805
97.4654
73.8975
51.8386
36.0575
35.3373
50.1789
71.192
95.2138
89.9971
68.5564
48.5664
34.4265
33.7175
46.9352
65.9609
87.9121
82.8473
63.4381
45.4183
32.8206
32.1238
43.8133
60.939
80.9007
76.014
58.5412
42.3929
31.239
30.5556
40.8123
56.1263
74.1801
69.4953
53.8648
39.4888
29.6811
29.0121
37.9312
51.5227
67.7508
63.2895
49.4074
36.7045
28.1462
27.4924
35.1689
47.1279
61.6131
57.395
45.168
34.0384
26.6335
25.9958
32.524
42.9418
55.7673
51.8103
41.1452
31.4885
25.1425
24.5215
29.9951
38.9639
50.2138
46.5338
37.3377
29.053
23.6724
23.0687
27.5804
35.1939
44.9529
41.5644
33.7442
26.7296
22.2225
21.6365
25.2782
31.6311
39.9847
36.9008
30.3633
24.516
20.7922
20.2241
23.086
28.275
35.3093
32.5421
27.1932
22.4095
19.3807
18.8307
21.0014
25.1245
30.9267
28.4876
24.2324
20.4073
17.9876
17.4555
19.0215
22.1783
26.837
24.7367
21.4787
18.5063
16.6125
16.0978
17.1431
19.435
23.0399
21.2893
18.9299
16.7033
15.2551
14.7571
15.3623
16.8922
19.5351
18.1457
16.583
14.9948
13.9155
13.4331
13.675
14.5472
16.3222
15.3068
14.4346
13.3771
12.5946
12.1261
12.0765
12.3958
13.4003
12.7744
12.4804
11.8467
11.2937
10.8371
10.5615
10.4325
10.7682
10.5517
10.7148
10.4001
10.016
9.56831
9.12477
8.64964
8.4244
8.64367
9.13124
9.03481
8.76633
8.32418
7.76088
7.03691
6.36694
7.05789
7.72217
7.74929
7.55224
7.1118
6.46543
5.5808
4.59401
5.80335
6.48102
6.54521
6.38424
5.9415
5.23648
4.26533
3.1045
4.88678
5.40744
5.43081
5.27464
4.82517
4.07729
3.07645
1.8998
4.30243
4.52343
4.43236
4.23531
3.76937
2.99849
2.01489
0.986079
4.03498
3.91208
3.63648
3.29533
2.76658
2.00761
1.11743
0.381344
4.02706
3.72553
3.16138
2.4524
1.70576
1.00526
0.419588
0.120441
)
;
    }
    top
    {
        type            calculated;
        value           nonuniform List<scalar> 
640
(
1103.89
1016.88
1004.65
1005.24
1005.24
1004.65
1016.88
1103.89
910.769
940.631
916.263
903.418
903.418
916.263
940.631
910.769
902.397
943.603
944.835
941.19
941.19
944.835
943.603
902.397
898.114
932.007
944.668
947.372
947.372
944.668
932.007
898.114
888.521
914.465
928.561
933.634
933.634
928.561
914.465
888.521
875.117
894.333
906.608
911.91
911.91
906.608
894.333
875.117
858.721
872.501
882.31
886.977
886.977
882.31
872.501
858.721
840.315
850.02
857.541
861.342
861.342
857.541
850.02
840.315
820.672
827.505
833.158
836.133
836.133
833.158
827.505
820.672
800.338
805.22
809.449
811.737
811.737
809.449
805.22
800.338
779.676
783.261
786.451
788.206
788.206
786.451
783.261
779.676
758.917
761.646
764.101
765.46
765.46
764.101
761.646
758.917
738.203
740.365
742.306
743.38
743.38
742.306
740.365
738.203
717.621
719.397
720.98
721.851
721.851
720.98
719.397
717.621
697.22
698.725
700.054
700.78
700.78
700.054
698.725
697.22
677.032
678.333
679.479
680.1
680.1
679.479
678.333
677.032
657.073
658.212
659.219
659.762
659.762
659.219
658.212
657.073
637.357
638.358
639.254
639.736
639.736
639.254
638.358
637.357
617.89
618.769
619.572
620.003
620.003
619.572
618.769
617.89
598.678
599.444
600.165
600.554
600.554
600.165
599.444
598.678
579.724
580.386
581.032
581.383
581.383
581.032
580.386
579.724
561.033
561.596
562.173
562.489
562.489
562.173
561.596
561.033
542.608
543.077
543.589
543.872
543.872
543.589
543.077
542.608
524.453
524.832
525.283
525.536
525.536
525.283
524.832
524.453
506.569
506.865
507.258
507.482
507.482
507.258
506.865
506.569
488.96
489.177
489.516
489.712
489.712
489.516
489.177
488.96
471.63
471.772
472.06
472.23
472.23
472.06
471.772
471.63
454.58
454.654
454.892
455.038
455.038
454.892
454.654
454.58
437.813
437.823
438.016
438.14
438.14
438.016
437.823
437.813
421.333
421.283
421.434
421.536
421.536
421.434
421.283
421.333
405.141
405.036
405.147
405.23
405.23
405.147
405.036
405.141
389.24
389.085
389.159
389.223
389.223
389.159
389.085
389.24
373.632
373.431
373.472
373.519
373.519
373.472
373.431
373.632
358.32
358.077
358.087
358.118
358.118
358.087
358.077
358.32
343.306
343.025
343.006
343.022
343.022
343.006
343.025
343.306
328.592
328.276
328.232
328.235
328.235
328.232
328.276
328.592
314.18
313.834
313.765
313.756
313.756
313.765
313.834
314.18
300.073
299.698
299.608
299.588
299.588
299.608
299.698
300.073
286.271
285.873
285.763
285.733
285.733
285.763
285.873
286.271
272.778
272.358
272.231
272.192
272.192
272.231
272.358
272.778
259.594
259.156
259.014
258.966
258.966
259.014
259.156
259.594
246.722
246.268
246.112
246.058
246.058
246.112
246.268
246.722
234.163
233.696
233.528
233.468
233.468
233.528
233.696
234.163
221.919
221.442
221.264
221.197
221.197
221.264
221.442
221.919
209.991
209.506
209.319
209.248
209.248
209.319
209.506
209.991
198.382
197.89
197.696
197.62
197.62
197.696
197.89
198.382
187.092
186.595
186.395
186.317
186.317
186.395
186.595
187.092
176.122
175.624
175.419
175.337
175.337
175.419
175.624
176.122
165.475
164.976
164.767
164.683
164.683
164.767
164.976
165.475
155.152
154.653
154.441
154.356
154.356
154.441
154.653
155.152
145.153
144.656
144.443
144.356
144.356
144.443
144.656
145.153
135.479
134.986
134.772
134.684
134.684
134.772
134.986
135.479
126.133
125.644
125.43
125.342
125.342
125.43
125.644
126.133
117.114
116.631
116.418
116.33
116.33
116.418
116.631
117.114
108.425
107.947
107.736
107.648
107.648
107.736
107.947
108.425
100.065
99.5944
99.3846
99.2976
99.2976
99.3846
99.5944
100.065
92.0351
91.5727
91.3653
91.2793
91.2793
91.3653
91.5727
92.0351
84.337
83.8829
83.6784
83.5934
83.5934
83.6784
83.8829
84.3369
76.9707
76.5255
76.3243
76.2406
76.2406
76.3243
76.5255
76.9707
69.9371
69.5012
69.3035
69.2213
69.2213
69.3035
69.5012
69.9371
63.2367
62.8102
62.6164
62.5357
62.5357
62.6164
62.8102
63.2367
56.8699
56.4532
56.2634
56.1844
56.1844
56.2634
56.4532
56.8699
50.8374
50.4304
50.2448
50.1676
50.1676
50.2448
50.4304
50.8374
45.1394
44.7422
44.5609
44.4856
44.4856
44.5609
44.7422
45.1394
39.7762
39.3888
39.2119
39.1386
39.1386
39.2119
39.3888
39.7762
34.748
34.3703
34.198
34.1267
34.1267
34.198
34.3703
34.748
30.055
29.6868
29.5193
29.4502
29.4502
29.5193
29.6868
30.055
25.6972
25.3386
25.176
25.1094
25.1094
25.176
25.3386
25.6972
21.6745
21.3255
21.1685
21.1047
21.1047
21.1685
21.3255
21.6745
17.9869
17.6479
17.4972
17.4368
17.4368
17.4972
17.6479
17.9869
14.6342
14.306
14.1631
14.107
14.107
14.1631
14.306
14.6342
11.6163
11.3005
11.1674
11.117
11.117
11.1674
11.3005
11.6163
8.93328
8.63275
8.51266
8.46964
8.46963
8.51266
8.63275
8.93328
6.58653
6.30579
6.20258
6.16887
6.16887
6.20258
6.30579
6.58653
4.57945
4.32508
4.24305
4.22047
4.22047
4.24305
4.32508
4.57945
2.91955
2.70011
2.64259
2.63198
2.63197
2.64259
2.70011
2.91955
1.62085
1.44574
1.41274
1.41286
1.41286
1.41274
1.44574
1.62086
0.703004
0.579865
0.565018
0.571267
0.571278
0.565032
0.579876
0.703003
0.176092
0.131689
0.118095
0.113655
0.113676
0.118117
0.131685
0.176088
0.0484855
0.0987039
0.126022
0.121699
0.121674
0.126003
0.0987218
0.0484957
)
;
    }
    bottom
    {
        type            calculated;
        value           nonuniform List<scalar> 
640
(
1342.34
1236.34
1215.5
1212.62
1212.62
1215.5
1236.34
1342.34
1120.17
1122.05
1096
1083.86
1083.86
1096
1122.05
1120.17
1083.93
1107.84
1100.51
1093.95
1093.95
1100.51
1107.84
1083.93
1062.18
1084.56
1086.91
1084.9
1084.9
1086.91
1084.56
1062.18
1043.87
1059.83
1064.71
1065.05
1065.05
1064.71
1059.83
1043.87
1024.17
1034.16
1038.46
1039.51
1039.51
1038.46
1034.16
1024.17
1002.04
1007.43
1010.23
1011.16
1011.16
1010.23
1007.43
1002.04
977.875
980.015
981.326
981.825
981.825
981.326
980.015
977.875
952.257
952.249
952.38
952.435
952.435
952.38
952.249
952.257
925.73
924.386
923.686
923.382
923.382
923.686
924.386
925.73
898.727
896.608
895.374
894.819
894.819
895.374
896.608
898.727
871.572
869.05
867.507
866.794
866.794
867.507
869.05
871.572
844.495
841.807
840.113
839.316
839.316
840.113
841.807
844.495
817.655
814.948
813.207
812.378
812.378
813.207
814.948
817.655
791.158
788.52
786.798
785.971
785.971
786.798
788.52
791.158
765.075
762.554
760.89
760.088
760.088
760.89
762.554
765.075
739.448
737.07
735.487
734.72
734.72
735.487
737.07
739.448
714.302
712.079
710.588
709.864
709.864
710.588
712.079
714.302
689.653
687.587
686.192
685.514
685.514
686.192
687.587
689.653
665.508
663.595
662.297
661.665
661.665
662.297
663.595
665.508
641.867
640.104
638.9
638.314
638.314
638.9
640.104
641.867
618.73
617.11
615.997
615.455
615.455
615.997
617.11
618.73
596.095
594.61
593.584
593.084
593.084
593.584
594.61
596.095
573.958
572.601
571.657
571.197
571.197
571.657
572.601
573.958
552.315
551.077
550.21
549.788
549.788
550.21
551.077
552.315
531.161
530.034
529.24
528.854
528.854
529.24
530.034
531.161
510.491
509.468
508.742
508.39
508.39
508.742
509.468
510.491
490.3
489.374
488.712
488.39
488.39
488.712
489.374
490.3
470.585
469.747
469.144
468.852
468.852
469.144
469.747
470.585
451.338
450.583
450.035
449.77
449.77
450.035
450.583
451.338
432.557
431.878
431.381
431.141
431.141
431.381
431.878
432.557
414.236
413.626
413.176
412.959
412.959
413.176
413.626
414.236
396.37
395.824
395.417
395.222
395.222
395.417
395.824
396.37
378.954
378.466
378.1
377.924
377.924
378.1
378.466
378.954
361.985
361.55
361.219
361.062
361.062
361.219
361.55
361.985
345.457
345.069
344.772
344.632
344.632
344.772
345.069
345.457
329.365
329.021
328.755
328.629
328.629
328.755
329.021
329.365
313.707
313.401
313.162
313.05
313.05
313.162
313.401
313.707
298.476
298.205
297.991
297.892
297.892
297.991
298.205
298.476
283.67
283.429
283.237
283.149
283.149
283.237
283.429
283.67
269.283
269.069
268.897
268.82
268.82
268.897
269.069
269.283
255.311
255.121
254.968
254.899
254.899
254.968
255.121
255.311
241.752
241.582
241.444
241.384
241.384
241.444
241.582
241.752
228.6
228.447
228.324
228.271
228.271
228.324
228.447
228.6
215.852
215.714
215.603
215.556
215.556
215.603
215.714
215.852
203.505
203.379
203.278
203.237
203.237
203.278
203.379
203.505
191.554
191.438
191.347
191.31
191.31
191.347
191.438
191.554
179.996
179.888
179.804
179.771
179.771
179.804
179.888
179.996
168.828
168.725
168.649
168.619
168.619
168.649
168.725
168.828
158.047
157.948
157.876
157.85
157.85
157.876
157.948
158.047
147.649
147.552
147.485
147.46
147.46
147.485
147.552
147.649
137.631
137.535
137.471
137.448
137.448
137.471
137.535
137.631
127.99
127.893
127.832
127.81
127.81
127.832
127.893
127.99
118.723
118.625
118.565
118.544
118.544
118.565
118.625
118.723
109.827
109.727
109.668
109.648
109.648
109.668
109.727
109.827
101.301
101.197
101.138
101.118
101.118
101.138
101.197
101.301
93.1402
93.0317
92.973
92.953
92.953
92.973
93.0317
93.1402
85.3433
85.2298
85.1703
85.1501
85.1501
85.1703
85.2298
85.3433
77.9075
77.7887
77.728
77.7072
77.7072
77.728
77.7887
77.9075
70.8307
70.706
70.6438
70.6222
70.6222
70.6438
70.706
70.8307
64.1107
63.9799
63.9158
63.8934
63.8934
63.9158
63.9799
64.1107
57.7456
57.6083
57.5421
57.5187
57.5187
57.5421
57.6083
57.7456
51.7334
51.5896
51.5211
51.4966
51.4966
51.5211
51.5896
51.7334
46.0724
45.9221
45.8512
45.8254
45.8254
45.8512
45.9221
46.0724
40.7613
40.6044
40.5311
40.5041
40.5041
40.5311
40.6044
40.7613
35.7986
35.6354
35.5596
35.5314
35.5314
35.5596
35.6354
35.7986
31.1835
31.0142
30.9361
30.9068
30.9068
30.9361
31.0142
31.1835
26.9153
26.7404
26.6605
26.6303
26.6303
26.6605
26.7404
26.9153
22.9942
22.8144
22.7331
22.7025
22.7025
22.7331
22.8144
22.9942
19.421
19.2374
19.1558
19.1253
19.1253
19.1558
19.2374
19.421
16.1976
16.012
15.9316
15.9022
15.9022
15.9316
16.012
16.1976
13.3282
13.1433
13.0664
13.0393
13.0393
13.0664
13.1433
13.3282
10.8201
10.6401
10.5696
10.5462
10.5462
10.5696
10.6401
10.8201
8.68581
8.5164
8.45565
8.4375
8.4375
8.45565
8.5164
8.68582
6.94439
6.79293
6.74475
6.73256
6.73256
6.74475
6.79292
6.9444
5.61992
5.49362
5.45862
5.45155
5.45156
5.45861
5.49362
5.61991
4.72909
4.63102
4.60655
4.6021
4.6021
4.60655
4.63101
4.72908
4.24986
4.1788
4.16223
4.15807
4.15806
4.16223
4.1788
4.24986
4.11542
4.07083
4.0623
4.05737
4.05737
4.06231
4.07083
4.11542
4.15578
4.15561
4.15526
4.14808
4.14808
4.15526
4.15561
4.15577
)
;
    }
}


// ************************************************************************* //
