/*--------------------------------*- C++ -*----------------------------------*\
| =========                 |                                                 |
| \\      /  F ield         | foam-extend: Open Source CFD                    |
|  \\    /   O peration     | Version:     4.1                                |
|   \\  /    A nd           | Web:         http://www.foam-extend.org         |
|    \\/     M anipulation  |                                                 |
\*---------------------------------------------------------------------------*/
FoamFile
{
    version     2.0;
    format      ascii;
    class       volVectorField;
    location    "0.196";
    object      traction;
}
// * * * * * * * * * * * * * * * * * * * * * * * * * * * * * * * * * * * * * //

dimensions      [1 -1 -2 0 0 0 0];

internalField   uniform (0 0 0);

boundaryField
{
    left
    {
        type            calculated;
        value           nonuniform List<vector> 
64
(
(-1196.78 -164.56 -125.105)
(-1070.34 -142.468 -163.315)
(-1083.47 -77.3949 -190.166)
(-1095.05 -23.8189 -201.808)
(-1095.05 23.8189 -201.808)
(-1083.47 77.3949 -190.166)
(-1070.34 142.468 -163.315)
(-1196.78 164.56 -125.105)
(-702.399 -116.805 -48.2046)
(-616.909 -102.25 -86.0807)
(-619.826 -53.5411 -103.968)
(-622.293 -15.9718 -111.428)
(-622.293 15.9718 -111.428)
(-619.826 53.5411 -103.968)
(-616.909 102.25 -86.0807)
(-702.399 116.805 -48.2046)
(-374.881 -66.9578 23.5119)
(-334.197 -62.6013 -5.12409)
(-340.719 -32.8721 -9.84708)
(-343.277 -9.66782 -11.6379)
(-343.277 9.66782 -11.6379)
(-340.719 32.8721 -9.84708)
(-334.197 62.6013 -5.12409)
(-374.881 66.9578 23.5119)
(-82.3069 -13.7933 56.4768)
(-82.9736 -11.8963 29.3663)
(-87.8515 -5.77203 30.7665)
(-89.4044 -1.57085 31.8239)
(-89.4044 1.57085 31.8239)
(-87.8515 5.77203 30.7665)
(-82.9736 11.8963 29.3663)
(-82.3069 13.7933 56.4768)
(191.452 31.3725 58.9966)
(149.709 41.0019 28.6753)
(148.548 23.2286 28.2333)
(148.485 7.09692 28.4517)
(148.485 -7.09692 28.4517)
(148.548 -23.2286 28.2333)
(149.709 -41.0019 28.6753)
(191.452 -31.3725 58.9966)
(454.082 60.8576 33.8068)
(371.892 86.7428 -4.82573)
(373.806 48.704 -14.9494)
(375.276 14.7607 -19.2714)
(375.276 -14.7607 -19.2714)
(373.806 -48.704 -14.9494)
(371.892 -86.7428 -4.82573)
(454.082 -60.8576 33.8068)
(711.673 68.9171 -14.0219)
(588.083 116.899 -65.1752)
(589.328 65.9182 -89.1014)
(591.706 20.0708 -99.5986)
(591.706 -20.0708 -99.5986)
(589.328 -65.9182 -89.1014)
(588.083 -116.899 -65.1752)
(711.673 -68.9171 -14.0219)
(1046.98 52.8355 -11.4481)
(918.283 138.021 -43.0938)
(941.721 79.8364 -54.6934)
(957.383 24.6331 -58.453)
(957.383 -24.6331 -58.453)
(941.721 -79.8364 -54.6934)
(918.283 -138.021 -43.0938)
(1046.98 -52.8355 -11.4481)
)
;
    }
    right
    {
        type            calculated;
        value           nonuniform List<vector> 
64
(
(-0.625534 0.00330011 1.47219)
(-0.627732 -0.00126705 1.47737)
(-0.626037 -0.00372351 1.47338)
(-0.625257 -0.00174106 1.47153)
(-0.625257 0.00174099 1.47153)
(-0.626037 0.00372352 1.47337)
(-0.627732 0.00126721 1.47737)
(-0.625534 -0.00330009 1.47219)
(-0.577287 -0.00715426 1.3589)
(-0.593791 -0.0173996 1.39772)
(-0.592535 -0.0166856 1.39474)
(-0.591464 -0.00654349 1.3922)
(-0.591464 0.00654324 1.3922)
(-0.592536 0.0166856 1.39474)
(-0.593793 0.0173998 1.39772)
(-0.577287 0.00715445 1.3589)
(-0.477403 -0.0247058 1.12405)
(-0.49986 -0.0474147 1.17685)
(-0.499872 -0.0360964 1.17684)
(-0.499129 -0.0130186 1.17507)
(-0.499129 0.0130184 1.17507)
(-0.499872 0.0360963 1.17684)
(-0.49986 0.0474147 1.17685)
(-0.477402 0.0247059 1.12405)
(-0.341216 -0.0368073 0.803525)
(-0.359058 -0.0678187 0.845466)
(-0.358432 -0.0491495 0.843953)
(-0.358312 -0.0173345 0.843653)
(-0.358312 0.0173345 0.843652)
(-0.358432 0.0491495 0.843952)
(-0.359058 0.0678187 0.845466)
(-0.341216 0.0368074 0.803523)
(-0.20205 -0.0361401 0.475803)
(-0.207367 -0.0663251 0.488284)
(-0.205528 -0.0479454 0.48393)
(-0.206051 -0.0169774 0.48515)
(-0.206051 0.0169774 0.48515)
(-0.205528 0.0479453 0.483929)
(-0.207367 0.0663252 0.488283)
(-0.20205 0.0361402 0.475803)
(-0.089574 -0.0225665 0.210903)
(-0.0820989 -0.04304 0.193294)
(-0.0799697 -0.0326594 0.188272)
(-0.0810698 -0.011999 0.190857)
(-0.0810702 0.011999 0.190858)
(-0.07997 0.0326593 0.188273)
(-0.0820988 0.0430401 0.193293)
(-0.0895745 0.0225666 0.210904)
(-0.026855 -0.00366072 0.0632131)
(-0.0138921 -0.0117791 0.0327005)
(-0.014323 -0.0125867 0.0337138)
(-0.0161475 -0.00539383 0.0380075)
(-0.0161469 0.00539478 0.0380061)
(-0.0143221 0.0125862 0.0337117)
(-0.0138924 0.0117788 0.0327012)
(-0.0268548 0.00366078 0.0632127)
(-0.00605248 0.00598705 0.0142359)
(0.00165938 0.00135041 -0.00391941)
(0.00139643 -0.00190438 -0.0032995)
(0.000980141 -0.0012523 -0.00231975)
(0.000980314 0.00125262 -0.0023202)
(0.001396 0.00190428 -0.00329851)
(0.00165645 -0.0013506 -0.00391249)
(-0.00605263 -0.00598747 0.0142363)
)
;
    }
    back
    {
        type            calculated;
        value           nonuniform List<vector> 
640
(
(-53.427 2.48888 -2.87466)
(-26.6791 1.00453 -0.748278)
(-9.07564 0.224107 0.736469)
(-1.00302 0.00633658 0.138456)
(-4.23598 -0.101947 -1.43822)
(-18.7331 -0.781624 -2.40642)
(-42.9531 -2.54433 -1.74774)
(-79.2809 -6.13496 -2.1749)
(-15.8923 0.264808 -0.733416)
(-5.10268 0.0366443 -0.527944)
(-0.766455 -0.00521302 -0.366123)
(0.239148 -0.0104935 -0.429959)
(-0.722087 -0.0148362 -0.450235)
(-3.48226 -0.0409775 -0.396658)
(-8.92536 -0.136849 -0.241382)
(-17.8262 -0.402024 -0.402075)
(-5.91682 0.0327474 -0.514838)
(-0.903621 -0.0113978 -0.611931)
(0.857381 -0.0124514 -0.514165)
(0.80306 -0.0119303 -0.491489)
(0.308215 -0.00979139 -0.392467)
(-0.44422 -0.00700359 -0.261377)
(-2.17712 -0.0106948 -0.166774)
(-4.65073 -0.0272179 -0.156352)
(-2.45849 0.00112166 -0.372163)
(-0.109399 -0.0145722 -0.580769)
(0.961752 -0.0143789 -0.533402)
(1.0077 -0.0134771 -0.508224)
(0.737989 -0.0114452 -0.434156)
(0.325608 -0.00865095 -0.339192)
(-0.436242 -0.00695964 -0.280011)
(-1.18851 -0.00330178 -0.118018)
(-0.671916 -0.00462918 -0.245524)
(0.449499 -0.0147566 -0.518168)
(1.03503 -0.0149328 -0.513062)
(1.12569 -0.0144977 -0.503288)
(1.01839 -0.0128527 -0.446049)
(0.859456 -0.0105244 -0.362337)
(0.676349 -0.00810882 -0.277954)
(0.587024 -0.00205733 -0.0311117)
(0.370512 -0.00432644 -0.130411)
(0.871511 -0.0134783 -0.435229)
(1.13181 -0.0141716 -0.45868)
(1.19964 -0.0145472 -0.472849)
(1.19842 -0.0136509 -0.433495)
(1.23783 -0.0120908 -0.353583)
(1.38642 -0.0103606 -0.242425)
(1.65156 -0.00482992 0.065044)
(0.975576 -0.00267821 -0.0331655)
(1.13861 -0.0117816 -0.35349)
(1.20472 -0.0128782 -0.393292)
(1.24046 -0.0139134 -0.426934)
(1.29991 -0.0136933 -0.401381)
(1.45606 -0.0128283 -0.323057)
(1.75939 -0.0118688 -0.196964)
(2.18764 -0.00722788 0.145792)
(1.31342 -0.0010715 0.0452596)
(1.29095 -0.0101479 -0.280541)
(1.24526 -0.011458 -0.328365)
(1.25504 -0.0128984 -0.374293)
(1.34416 -0.0131397 -0.357509)
(1.5561 -0.0127478 -0.280419)
(1.91625 -0.0123009 -0.149376)
(2.39119 -0.00825893 0.207319)
(1.48797 0.000170316 0.107002)
(1.36536 -0.0087173 -0.217751)
(1.25746 -0.010086 -0.268367)
(1.2493 -0.0117218 -0.32073)
(1.349 -0.0122327 -0.309109)
(1.57949 -0.0121239 -0.233893)
(1.94762 -0.011977 -0.104541)
(2.41484 -0.00828731 0.252698)
(1.56443 0.00105278 0.15518)
(1.3896 -0.00750067 -0.164353)
(1.24862 -0.00882955 -0.214697)
(1.22868 -0.0105221 -0.269619)
(1.32829 -0.0111718 -0.261044)
(1.55733 -0.0112241 -0.188498)
(1.91172 -0.011256 -0.0646053)
(2.35151 -0.00780732 0.286112)
(1.58298 0.00165786 0.192773)
(1.3829 -0.00646803 -0.118919)
(1.22547 -0.00770594 -0.167381)
(1.19779 -0.00937535 -0.22262)
(1.29198 -0.0100868 -0.215997)
(1.51029 -0.0102322 -0.146697)
(1.84317 -0.0103826 -0.0299984)
(2.25112 -0.00713708 0.310986)
(1.56772 0.00206445 0.222183)
(1.35755 -0.00558559 -0.0800721)
(1.19303 -0.00671248 -0.125952)
(1.16019 -0.00831791 -0.180336)
(1.2468 -0.00904929 -0.175139)
(1.451 -0.00925202 -0.109361)
(1.76108 -0.00949065 -0.000340674)
(2.13857 -0.00643831 0.329735)
(1.53291 0.0023315 0.245207)
(1.32116 -0.00482551 -0.0466878)
(1.1548 -0.005839 -0.0898018)
(1.11848 -0.00736221 -0.142782)
(1.19709 -0.00809188 -0.138751)
(1.38672 -0.00833296 -0.0765238)
(1.67535 -0.0086424 0.025008)
(2.02543 -0.005781 0.343953)
(1.48698 0.00249974 0.263153)
(1.27836 -0.0041665 -0.0178928)
(1.11311 -0.00507288 -0.0583205)
(1.07449 -0.00650777 -0.109673)
(1.1455 -0.00722474 -0.106655)
(1.32141 -0.00749332 -0.0478558)
(1.5907 -0.00786107 0.0466783)
(1.91651 -0.00518875 0.354637)
(1.4349 0.00259674 0.276972)
(1.232 -0.00359234 0.00698704)
(1.06952 -0.0044014 -0.0309478)
(1.02945 -0.00574783 -0.0806049)
(1.0936 -0.0064464 -0.0784883)
(1.25706 -0.00673535 -0.022919)
(1.5091 -0.00715071 0.0651945)
(1.8133 -0.00466398 0.362398)
(1.37966 0.00264125 0.287361)
(1.18383 -0.00309046 0.0284767)
(1.02508 -0.00381276 -0.00718982)
(0.984193 -0.00507326 -0.0551504)
(1.04229 -0.00575023 -0.0538374)
(1.19456 -0.00605414 -0.00128428)
(1.43115 -0.00650728 0.0809653)
(1.71584 -0.00420085 0.367617)
(1.32305 0.00264634 0.294845)
(1.13494 -0.0026509 0.0469932)
(0.980485 -0.00329646 0.0133786)
(0.939259 -0.00447461 -0.0329086)
(0.992046 -0.00512797 -0.0323104)
(1.13424 -0.0054423 0.0174268)
(1.35683 -0.00592404 0.0943057)
(1.62364 -0.00379127 0.370547)
(1.26617 0.00262134 0.299828)
(1.08603 -0.00226553 0.0628752)
(0.936197 -0.00284342 0.0311199)
(0.895004 -0.00394308 -0.0135231)
(0.943116 -0.00457142 -0.0135596)
(1.07618 -0.00489219 0.0335347)
(1.28588 -0.0053941 0.105464)
(1.5361 -0.00342744 0.37138)
(1.20971 0.00257313 0.302633)
(1.03756 -0.00192765 0.0764035)
(0.89254 -0.00244582 0.0463427)
(0.851661 -0.00347086 0.00331503)
(0.895624 -0.00407315 0.00271426)
(1.0203 -0.00439682 0.0473097)
(1.21802 -0.00491128 0.114645)
(1.45269 -0.00310266 0.370286)
(1.1541 0.00250695 0.303526)
(0.989832 -0.0016316 0.0878163)
(0.849732 -0.00209702 0.0593105)
(0.809379 -0.00305118 0.017871)
(0.849625 -0.00362666 0.0167667)
(0.966543 -0.00395014 0.0589815)
(1.153 -0.00447038 0.122025)
(1.373 -0.00281149 0.367427)
(1.09962 0.00242687 0.30273)
(0.94305 -0.00137256 0.0973196)
(0.807923 -0.00179128 0.0702508)
(0.768259 -0.00267818 0.0303733)
(0.805139 -0.00322636 0.0288177)
(0.914814 -0.00354697 0.0687503)
(1.09063 -0.0040671 0.127765)
(1.29673 -0.00254954 0.362965)
(1.04645 0.00233618 0.30044)
(0.897352 -0.00114636 0.105094)
(0.767217 -0.00152367 0.0793621)
(0.728365 -0.00234684 0.041021)
(0.762172 -0.00286745 0.0390591)
(0.865045 -0.00318288 0.0767938)
(1.03075 -0.00369786 0.132013)
(1.22368 -0.0023133 0.357061)
(0.994707 0.00223754 0.296827)
(0.852834 -0.000949344 0.111303)
(0.727683 -0.0012899 0.0868204)
(0.689737 -0.00205273 0.0499897)
(0.720723 -0.00254573 0.0476611)
(0.817181 -0.00285407 0.0832729)
(0.973253 -0.00335962 0.134908)
(1.15369 -0.00209985 0.349877)
(0.944454 0.00213318 0.292046)
(0.809559 -0.000778299 0.116092)
(0.689366 -0.00108619 0.0927834)
(0.6524 -0.001792 0.057437)
(0.680784 -0.00225754 0.0547771)
(0.771179 -0.0025572 0.0883357)
(0.918066 -0.00304978 0.136584)
(1.08665 -0.00190678 0.341571)
(0.895738 0.00202494 0.286237)
(0.767571 -0.00063036 0.119595)
(0.652296 -0.000909181 0.0973948)
(0.616368 -0.0015612 0.0635054)
(0.642344 -0.00199962 0.0605469)
(0.726999 -0.00228931 0.0921196)
(0.865124 -0.00276603 0.137167)
(1.02248 -0.001732 0.332296)
(0.848584 0.00191443 0.279531)
(0.726896 -0.00050296 0.121938)
(0.616489 -0.000755894 0.100786)
(0.581645 -0.00135725 0.0683261)
(0.605391 -0.00176904 0.0650998)
(0.684611 -0.00204775 0.0947528)
(0.814375 -0.00250631 0.136776)
(0.961106 -0.00157368 0.322196)
(0.803002 0.00180299 0.272047)
(0.687552 -0.000393794 0.123235)
(0.581952 -0.000623645 0.103079)
(0.548228 -0.00117738 0.0720201)
(0.569908 -0.00156315 0.0685555)
(0.64398 -0.00183012 0.0963554)
(0.765772 -0.00226872 0.135523)
(0.90246 -0.00143019 0.311409)
(0.758994 0.00169176 0.263896)
(0.649546 -0.00030078 0.123595)
(0.548685 -0.000510022 0.104387)
(0.516109 -0.00101906 0.0747001)
(0.535877 -0.00137956 0.0710256)
(0.605076 -0.00163421 0.0970397)
(0.71927 -0.00205155 0.133515)
(0.846476 -0.00130009 0.300063)
(0.716555 0.00158173 0.255184)
(0.61288 -0.00022204 0.123118)
(0.516681 -0.000412849 0.104816)
(0.485278 -0.000880027 0.076471)
(0.503275 -0.00121606 0.0726146)
(0.567863 -0.00145802 0.0969108)
(0.674822 -0.0018532 0.130849)
(0.793088 -0.00118207 0.288278)
(0.675675 0.00147371 0.246008)
(0.57755 -0.000155875 0.121898)
(0.485932 -0.000330167 0.104463)
(0.455716 -0.000758199 0.077431)
(0.472078 -0.00107067 0.0734195)
(0.532307 -0.00129972 0.0960668)
(0.632381 -0.00167217 0.127618)
(0.742226 -0.00107493 0.276163)
(0.63634 0.0013684 0.236458)
(0.543549 -0.000100752 0.120025)
(0.456422 -0.000260209 0.103422)
(0.427406 -0.000651698 0.0776716)
(0.44226 -0.00094155 0.0735314)
(0.498371 -0.00115761 0.0945991)
(0.591897 -0.0015071 0.123907)
(0.693819 -0.000977601 0.263818)
(0.598532 0.00126637 0.226618)
(0.510865 -5.52885e-05 0.117582)
(0.428135 -0.000201383 0.101777)
(0.400326 -0.00055882 0.0772781)
(0.41379 -0.000827038 0.0730347)
(0.466013 -0.00103014 0.0925927)
(0.553319 -0.0013567 0.119794)
(0.647796 -0.000889111 0.251336)
(0.562231 0.00116807 0.216567)
(0.479485 -1.82383e-05 0.114644)
(0.401052 -0.000152262 0.0996096)
(0.374452 -0.000478019 0.0763302)
(0.386638 -0.000725613 0.0720081)
(0.435195 -0.00091591 0.090126)
(0.516597 -0.00121979 0.115353)
(0.604082 -0.000808583 0.238799)
(0.527415 0.00107386 0.206377)
(0.449393 1.15167e-05 0.111286)
(0.375151 -0.000111565 0.0969932)
(0.349757 -0.000407902 0.0749016)
(0.360771 -0.000635897 0.0705245)
(0.405872 -0.000813611 0.0872719)
(0.481675 -0.00109525 0.110649)
(0.562601 -0.000735226 0.226283)
(0.494059 0.00098403 0.196115)
(0.420569 3.49779e-05 0.107572)
(0.350409 -7.81513e-05 0.0939969)
(0.326217 -0.000347208 0.0730609)
(0.336156 -0.000556636 0.0686512)
(0.378003 -0.000722067 0.084097)
(0.448499 -0.000982075 0.105743)
(0.523279 -0.000668333 0.213856)
(0.462137 0.000898761 0.185841)
(0.392993 5.304e-05 0.103567)
(0.326802 -5.10012e-05 0.0906844)
(0.303801 -0.000294807 0.0708714)
(0.312756 -0.000486696 0.0664505)
(0.351542 -0.000640201 0.0806627)
(0.417016 -0.000879316 0.10069)
(0.48604 -0.000607267 0.201577)
(0.431622 0.000818187 0.175612)
(0.366644 6.65011e-05 0.0993255)
(0.304305 -2.92113e-05 0.0871143)
(0.28248 -0.000249683 0.0683914)
(0.290538 -0.00042505 0.0639793)
(0.326445 -0.000567038 0.0770251)
(0.387169 -0.0007861 0.09554)
(0.450809 -0.000551462 0.1895)
(0.402485 0.000742377 0.165478)
(0.341496 7.60697e-05 0.0949021)
(0.282889 -1.19816e-05 0.0833405)
(0.262225 -0.000210927 0.0656744)
(0.269465 -0.000370775 0.06129)
(0.302668 -0.000501691 0.0732351)
(0.358904 -0.000701622 0.0903384)
(0.41751 -0.000500411 0.177673)
(0.374697 0.000671341 0.155486)
(0.317527 8.23724e-05 0.0903448)
(0.262529 1.39272e-06 0.0794124)
(0.243005 -0.00017773 0.0627695)
(0.249501 -0.00032304 0.0584303)
(0.280166 -0.00044336 0.0693389)
(0.332166 -0.00062514 0.0851254)
(0.386071 -0.000453666 0.166136)
(0.348226 0.000605048 0.145675)
(0.29471 8.59614e-05 0.0856977)
(0.243195 1.15307e-05 0.075375)
(0.224789 -0.00014937 0.0597214)
(0.23061 -0.000281097 0.0554435)
(0.258895 -0.00039132 0.0653785)
(0.306902 -0.00055597 0.0799372)
(0.356419 -0.000410826 0.154925)
(0.323041 0.000543424 0.136082)
(0.273017 8.7321e-05 0.0810011)
(0.22486 1.89735e-05 0.0712689)
(0.207547 -0.000125207 0.0565707)
(0.212754 -0.000244278 0.0523688)
(0.23881 -0.000344918 0.0613911)
(0.283057 -0.000493483 0.0748061)
(0.328482 -0.000371538 0.144069)
(0.29911 0.000486364 0.126741)
(0.252423 8.68746e-05 0.0762914)
(0.207494 2.41921e-05 0.0671312)
(0.191246 -0.000104677 0.053354)
(0.1959 -0.000211987 0.0492417)
(0.219869 -0.000303567 0.0574104)
(0.260579 -0.000437101 0.0697603)
(0.302192 -0.000335488 0.133595)
(0.276401 0.000433733 0.117678)
(0.232898 8.49902e-05 0.0716014)
(0.191069 2.75945e-05 0.0629949)
(0.175857 -8.72793e-05 0.0501044)
(0.18001 -0.000183691 0.0460936)
(0.202027 -0.000266737 0.0534661)
(0.239415 -0.000386291 0.0648247)
(0.27748 -0.000302399 0.123522)
(0.25488 0.000385374 0.108918)
(0.214414 8.19865e-05 0.0669605)
(0.175555 2.9532e-05 0.0588896)
(0.161347 -7.25767e-05 0.0468515)
(0.16505 -0.000158917 0.042953)
(0.185243 -0.000233955 0.0495843)
(0.219515 -0.000340567 0.0600207)
(0.254279 -0.000272023 0.113867)
(0.234516 0.000341112 0.100481)
(0.196943 7.8137e-05 0.062395)
(0.160924 3.0306e-05 0.0548416)
(0.147688 -6.01846e-05 0.0436214)
(0.150985 -0.000137244 0.0398447)
(0.169476 -0.000204796 0.0457881)
(0.200828 -0.000299479 0.0553668)
(0.232526 -0.000244144 0.104643)
(0.215276 0.000300755 0.0923858)
(0.180455 7.36757e-05 0.0579278)
(0.147147 3.01725e-05 0.050874)
(0.134848 -4.97678e-05 0.0404375)
(0.13778 -0.0001183 0.0367906)
(0.154685 -0.000178878 0.042097)
(0.183306 -0.000262617 0.0508784)
(0.212157 -0.000218565 0.0958587)
(0.197125 0.000264103 0.0846449)
(0.164921 6.88005e-05 0.0535791)
(0.134195 2.93482e-05 0.047007)
(0.122797 -4.10342e-05 0.03732)
(0.125403 -0.000101754 0.0338099)
(0.14083 -0.000155861 0.0385282)
(0.166901 -0.000229603 0.0465686)
(0.193112 -0.000195116 0.08752)
(0.18003 0.000230948 0.0772693)
(0.150312 6.36779e-05 0.0493665)
(0.12204 2.80148e-05 0.043258)
(0.111506 -3.37308e-05 0.0342866)
(0.113821 -8.73163e-05 0.0309189)
(0.127873 -0.000135441 0.0350958)
(0.151565 -0.000200092 0.0424479)
(0.175331 -0.00017364 0.0796294)
(0.16396 0.000201078 0.070267)
(0.136597 5.8446e-05 0.0453049)
(0.110653 2.6323e-05 0.0396419)
(0.100947 -2.76388e-05 0.0313523)
(0.103001 -7.47304e-05 0.0281317)
(0.115776 -0.000117346 0.0318116)
(0.137255 -0.000173766 0.0385244)
(0.158757 -0.000153998 0.0721871)
(0.148881 0.000174278 0.0636432)
(0.123748 5.32183e-05 0.0414068)
(0.100006 2.43969e-05 0.0361711)
(0.0910898 -2.257e-05 0.02853)
(0.0929125 -6.37702e-05 0.0254598)
(0.104502 -0.000101332 0.028685)
(0.123924 -0.000150335 0.0348043)
(0.143334 -0.000136065 0.0651905)
(0.134759 0.000150335 0.0574006)
(0.111736 4.80862e-05 0.0376825)
(0.0900724 2.23371e-05 0.0328557)
(0.0819075 -1.83628e-05 0.0258301)
(0.0835239 -5.42375e-05 0.0229128)
(0.0940156 -8.71824e-05 0.0257234)
(0.11153 -0.000129532 0.031292)
(0.129009 -0.000119726 0.058635)
(0.121563 0.000129039 0.0515397)
(0.100529 4.31223e-05 0.0341403)
(0.0808242 2.02242e-05 0.029704)
(0.0733723 -1.48792e-05 0.0232612)
(0.0748055 -4.59579e-05 0.0204984)
(0.0842814 -7.47028e-05 0.0229323)
(0.100031 -0.000111111 0.0279899)
(0.115731 -0.000104875 0.0525137)
(0.10926 0.000110182 0.0460586)
(0.0901006 3.83823e-05 0.0307864)
(0.0722348 1.81216e-05 0.0267221)
(0.0654573 -1.20017e-05 0.0208301)
(0.0667281 -3.87787e-05 0.0182221)
(0.0752658 -6.37197e-05 0.0203152)
(0.0893861 -9.48497e-05 0.024899)
(0.103448 -9.14154e-05 0.0468182)
(0.0978175 9.35635e-05 0.0409536)
(0.0804201 3.39078e-05 0.0276253)
(0.0642775 1.60776e-05 0.0239144)
(0.0581361 -9.63073e-06 0.0185417)
(0.0592631 -3.25657e-05 0.0160882)
(0.0669357 -5.40776e-05 0.017874)
(0.0795546 -8.05411e-05 0.0220189)
(0.0921115 -7.92566e-05 0.0415384)
(0.087203 7.89904e-05 0.0362193)
(0.0714587 2.97277e-05 0.0246599)
(0.0569262 1.41283e-05 0.0212836)
(0.0513827 -7.68211e-06 0.0163993)
(0.0523826 -2.72013e-05 0.0140991)
(0.0592588 -4.56371e-05 0.0156093)
(0.0704982 -6.79964e-05 0.0193476)
(0.0816755 -6.83134e-05 0.0366629)
(0.0773849 6.62766e-05 0.0318485)
(0.0631877 2.58608e-05 0.0218913)
(0.050155 1.22991e-05 0.0188311)
(0.0451717 -6.08507e-06 0.0144049)
(0.0460592 -2.25822e-05 0.0122561)
(0.052204 -3.82731e-05 0.0135202)
(0.0621789 -5.70423e-05 0.0168822)
(0.0720939 -5.8505e-05 0.0321788)
(0.0683311 5.52449e-05 0.0278323)
(0.0555784 2.23165e-05 0.0193194)
(0.0439385 1.06069e-05 0.0165567)
(0.0394782 -4.78022e-06 0.012559)
(0.0402664 -1.86179e-05 0.010559)
(0.0457407 -3.18728e-05 0.0116045)
(0.0545602 -4.75193e-05 0.0146187)
(0.0633226 -4.97546e-05 0.0280724)
(0.0600102 4.57274e-05 0.0241608)
(0.0486021 1.90972e-05 0.0169428)
(0.0382515 9.06126e-06 0.0144591)
(0.0342776 -3.71794e-06 0.0108611)
(0.0349783 -1.52287e-05 0.00900658)
(0.0398393 -2.63347e-05 0.00985913)
(0.047606 -3.92812e-05 0.012552)
(0.055319 -4.19885e-05 0.0243291)
(0.0523904 3.75662e-05 0.0208227)
(0.0422305 1.61989e-05 0.0147588)
(0.0330693 7.66618e-06 0.0125356)
(0.0295461 -2.85688e-06 0.00930942)
(0.0301694 -1.23443e-05 0.00759652)
(0.0344709 -2.15669e-05 0.00827981)
(0.0412815 -3.21936e-05 0.0106764)
(0.0480415 -3.51357e-05 0.0209333)
(0.0454405 3.06129e-05 0.0178056)
(0.0364355 1.36125e-05 0.0127637)
(0.0283672 6.42095e-06 0.0107828)
(0.0252599 -2.16261e-06 0.00790126)
(0.025815 -9.90292e-06 0.00632557)
(0.0296074 -1.74861e-05 0.00686152)
(0.0355526 -2.6133e-05 0.00898535)
(0.0414501 -2.91277e-05 0.0178691)
(0.0391292 2.47297e-05 0.0150962)
(0.031189 1.13253e-05 0.0109527)
(0.0241212 5.3214e-06 0.00919624)
(0.021396 -1.60662e-06 0.00663302)
(0.0218906 -7.84956e-06 0.00518971)
(0.0252212 -1.4017e-05 0.00559839)
(0.0303865 -2.09867e-05 0.00747148)
(0.0355061 -2.38982e-05 0.01512)
(0.0334254 1.97885e-05 0.0126802)
(0.0264631 9.32125e-06 0.00932027)
(0.0203074 4.36067e-06 0.00777051)
(0.0179316 -1.16523e-06 0.00550033)
(0.0183727 -6.13564e-06 0.00418411)
(0.0212856 -1.10905e-05 0.00448386)
(0.0257507 -1.66505e-05 0.00612695)
(0.0301714 -1.93827e-05 0.012669)
(0.0282978 1.56715e-05 0.0105428)
(0.0222301 7.58196e-06 0.00785988)
(0.016902 3.52995e-06 0.00649959)
(0.0148442 -8.18788e-07 0.0044981)
(0.0152378 -4.7179e-06 0.00330333)
(0.0177742 -8.64382e-06 0.00351081)
(0.0216137 -1.30289e-05 0.00494337)
(0.025409 -1.55182e-05 0.010499)
(0.0237157 1.22706e-05 0.00866844)
(0.0184625 6.0876e-06 0.00656438)
(0.0138818 2.81917e-06 0.00537677)
(0.0121118 -5.50969e-07 0.00362061)
(0.0124632 -3.55767e-06 0.00254134)
(0.0146614 -6.61951e-06 0.0026716)
(0.0179445 -1.00343e-05 0.00391192)
(0.0211828 -1.22437e-05 0.00859221)
(0.0196481 9.48745e-06 0.00704105)
(0.015133 4.8173e-06 0.00542601)
(0.0112236 2.21752e-06 0.00439479)
(0.00971266 -3.48155e-07 0.00286162)
(0.0100265 -2.6204e-06 0.00189163)
(0.0119222 -4.96495e-06 0.00195818)
(0.0147128 -7.58659e-06 0.0030235)
(0.0174578 -9.50047e-06 0.00693124)
(0.0160641 7.23294e-06 0.00564418)
(0.0122142 3.74973e-06 0.00443639)
(0.00890461 1.71383e-06 0.00354586)
(0.00762546 -1.9893e-07 0.00221442)
(0.00790569 -1.87502e-06 0.00134728)
(0.0095318 -3.63196e-06 0.00136213)
(0.0118892 -5.61247e-06 0.00226869)
(0.0141999 -7.23189e-06 0.00549856)
(0.0129331 5.42682e-06 0.00446103)
(0.0096792 2.86349e-06 0.00358661)
(0.00690204 1.29696e-06 0.00282177)
(0.00582907 -9.36566e-08 0.00167189)
(0.00607915 -1.29363e-06 0.000900983)
(0.00746619 -2.57647e-06 0.000874741)
(0.00944461 -4.0452e-06 0.00163778)
(0.0113754 -5.38344e-06 0.00427665)
(0.0102243 3.99743e-06 0.00347454)
(0.00750095 2.1376e-06 0.0028674)
(0.00519348 9.56076e-07 0.00221397)
(0.00430268 -2.41488e-08 0.00122658)
(0.00452567 -8.51076e-07 0.000545156)
(0.00570165 -1.75811e-06 0.000487036)
(0.00735075 -2.82403e-06 0.0011209)
(0.00895149 -3.90294e-06 0.00324809)
(0.00790696 2.88122e-06 0.00266749)
(0.00565277 1.5518e-06 0.00226908)
(0.00375669 6.80885e-07 0.00171359)
(0.00302573 1.66095e-08 0.000870745)
(0.00322434 -5.24697e-07 0.000271958)
(0.00421489 -1.13999e-06 0.000189886)
(0.00557973 -1.89393e-06 0.00070797)
(0.00689606 -2.74088e-06 0.00239564)
(0.00595074 2.02236e-06 0.0020226)
(0.00410809 1.08678e-06 0.00178171)
(0.00256954 4.61763e-07 0.00131152)
(0.00197788 3.47124e-08 0.000596367)
(0.00215452 -2.94068e-07 7.33407e-05)
(0.00298299 -6.8855e-07 -2.60022e-05)
(0.00410426 -1.20529e-06 0.000388848)
(0.00517755 -1.8506e-06 0.00170231)
(0.00432533 1.37229e-06 0.00152258)
(0.00284059 7.24463e-07 0.00139511)
(0.0016101 2.89896e-07 0.000998496)
(0.00113891 3.55043e-08 0.000395261)
(0.00129583 -1.40822e-07 -5.89665e-05)
(0.00198343 -3.73364e-07 -0.000170086)
(0.00289759 -7.13601e-07 0.000153302)
(0.00376509 -1.1885e-06 0.0011514)
(0.00300079 8.89181e-07 0.00115021)
(0.0018242 4.48115e-07 0.00109894)
(0.000856496 1.57313e-07 0.000765144)
(0.000488614 2.36756e-08 0.00025906)
(0.000627921 -4.84638e-08 -0.000133457)
(0.001194 -1.66949e-07 -0.000251953)
(0.00193358 -3.79213e-07 -8.93809e-06)
(0.00262855 -7.14279e-07 0.000726621)
(0.00194759 5.37525e-07 0.000888345)
(0.00103318 2.42476e-07 0.000882823)
(0.000286892 5.6861e-08 0.000602056)
(6.57754e-06 3.31632e-09 0.000179233)
(0.000130358 -2.24726e-09 -0.000158844)
(0.000592686 -4.46181e-08 -0.000281335)
(0.00118669 -1.67033e-07 -0.000108178)
(0.00173855 -3.9102e-07 0.000412116)
(0.00113673 2.87587e-07 0.000719916)
(0.000442144 9.37787e-08 0.000736337)
(-0.000120666 -1.7879e-08 0.000499913)
(-0.000328077 -2.20959e-08 0.000147151)
(-0.000217661 1.08899e-08 -0.000144094)
(0.000157654 1.56489e-08 -0.000268151)
(0.000632044 -4.62336e-08 -0.000154756)
(0.00106646 -1.85306e-07 0.000192502)
(0.000539911 1.1497e-07 0.000627797)
(2.61811e-05 -1.02513e-08 0.000649121)
(-0.000388368 -7.27606e-08 0.000449705)
(-0.000537079 -4.98287e-08 0.000154275)
(-0.00043762 2.32533e-09 -9.84146e-05)
(-0.000132828 3.33124e-08 -0.000222563)
(0.000245502 1.00283e-08 -0.000159095)
(0.000584343 -6.72251e-08 5.28631e-05)
(0.000129426 1.8575e-10 0.000594461)
(-0.00023928 -8.04167e-08 0.000610844)
(-0.000538866 -1.13375e-07 0.000443232)
(-0.000643417 -7.82498e-08 0.000192757)
(-0.000552016 -1.84303e-08 -3.09351e-05)
(-0.000300467 2.53229e-08 -0.000155015)
(3.64858e-06 2.48908e-08 -0.000131868)
(0.000264685 -1.03782e-08 -2.13816e-05)
(-0.000122879 -7.17943e-08 0.000601331)
(-0.0003789 -1.26005e-07 0.000611181)
(-0.000595548 -1.45538e-07 0.000474066)
(-0.000671391 -1.07663e-07 0.000257022)
(-0.000584419 -4.44008e-08 5.04567e-05)
(-0.000367372 5.8842e-09 -7.60677e-05)
(-0.000116936 1.79424e-08 -8.4432e-05)
(7.93352e-05 8.11081e-09 -4.49168e-05)
(-0.000248361 -1.11853e-07 0.00062666)
(-0.000419265 -1.54e-07 0.00063713)
(-0.000582637 -1.74703e-07 0.000535717)
(-0.000643864 -1.40439e-07 0.00034382)
(-0.000556758 -7.17345e-08 0.000140018)
(-0.000356351 -1.43192e-08 3.85797e-06)
(-0.000142397 4.67297e-09 -2.94494e-05)
(-3.05374e-06 7.34122e-09 -3.4101e-05)
(-0.000287646 -1.27544e-07 0.000648258)
(-0.000395108 -1.67921e-07 0.000671913)
(-0.000525106 -2.04233e-07 0.000622842)
(-0.000573295 -1.79603e-07 0.000456835)
(-0.000479901 -1.00669e-07 0.000241497)
(-0.00028875 -3.08935e-08 8.02964e-05)
(-0.000106268 -5.51777e-09 1.88563e-05)
(-1.98556e-05 1.29131e-09 -7.60885e-06)
(-0.000275565 -1.24504e-07 0.000649696)
(-0.000356209 -1.79609e-07 0.000731954)
(-0.000441029 -2.48332e-07 0.000767521)
(-0.000432795 -2.38963e-07 0.000635067)
(-0.000311083 -1.42175e-07 0.000383525)
(-0.000151831 -4.72005e-08 0.000153987)
(-4.33057e-05 -7.48806e-09 3.4403e-05)
(-8.55588e-06 -2.29977e-09 1.31722e-05)
)
;
    }
    front
    {
        type            calculated;
        value           nonuniform List<vector> 
640
(
(-53.427 -2.48888 -2.87466)
(-26.6791 -1.00453 -0.748278)
(-9.07564 -0.224107 0.736469)
(-1.00302 -0.00633658 0.138456)
(-4.23598 0.101947 -1.43822)
(-18.7331 0.781624 -2.40642)
(-42.9531 2.54433 -1.74774)
(-79.2809 6.13496 -2.1749)
(-15.8923 -0.264808 -0.733416)
(-5.10268 -0.0366443 -0.527944)
(-0.766455 0.00521302 -0.366123)
(0.239148 0.0104935 -0.429959)
(-0.722087 0.0148362 -0.450235)
(-3.48226 0.0409775 -0.396658)
(-8.92536 0.136849 -0.241382)
(-17.8262 0.402024 -0.402075)
(-5.91682 -0.0327474 -0.514838)
(-0.903621 0.0113978 -0.611931)
(0.857381 0.0124514 -0.514165)
(0.80306 0.0119303 -0.491489)
(0.308215 0.00979139 -0.392467)
(-0.44422 0.00700359 -0.261377)
(-2.17712 0.0106948 -0.166774)
(-4.65073 0.0272179 -0.156352)
(-2.45849 -0.00112166 -0.372163)
(-0.109399 0.0145722 -0.580769)
(0.961752 0.0143789 -0.533402)
(1.0077 0.0134771 -0.508224)
(0.737989 0.0114452 -0.434156)
(0.325608 0.00865095 -0.339192)
(-0.436242 0.00695964 -0.280011)
(-1.18851 0.00330178 -0.118018)
(-0.671916 0.00462918 -0.245524)
(0.449499 0.0147566 -0.518168)
(1.03503 0.0149328 -0.513062)
(1.12569 0.0144977 -0.503288)
(1.01839 0.0128527 -0.446049)
(0.859456 0.0105244 -0.362337)
(0.676349 0.00810882 -0.277954)
(0.587024 0.00205733 -0.0311117)
(0.370512 0.00432644 -0.130411)
(0.871511 0.0134783 -0.435229)
(1.13181 0.0141716 -0.45868)
(1.19964 0.0145472 -0.472849)
(1.19842 0.0136509 -0.433495)
(1.23783 0.0120908 -0.353583)
(1.38642 0.0103606 -0.242425)
(1.65156 0.00482992 0.065044)
(0.975576 0.00267821 -0.0331654)
(1.13861 0.0117816 -0.35349)
(1.20472 0.0128782 -0.393292)
(1.24046 0.0139134 -0.426934)
(1.29991 0.0136933 -0.401381)
(1.45606 0.0128283 -0.323057)
(1.75939 0.0118688 -0.196964)
(2.18764 0.00722788 0.145792)
(1.31342 0.0010715 0.0452596)
(1.29095 0.0101479 -0.280541)
(1.24526 0.011458 -0.328365)
(1.25504 0.0128984 -0.374293)
(1.34416 0.0131397 -0.357508)
(1.5561 0.0127478 -0.280419)
(1.91625 0.0123009 -0.149376)
(2.39119 0.00825893 0.207319)
(1.48797 -0.000170315 0.107002)
(1.36536 0.0087173 -0.217751)
(1.25746 0.010086 -0.268367)
(1.2493 0.0117218 -0.32073)
(1.349 0.0122327 -0.309109)
(1.57949 0.0121239 -0.233893)
(1.94762 0.011977 -0.104541)
(2.41484 0.00828731 0.252698)
(1.56443 -0.00105278 0.15518)
(1.3896 0.00750067 -0.164353)
(1.24862 0.00882955 -0.214697)
(1.22868 0.0105221 -0.269619)
(1.32829 0.0111718 -0.261044)
(1.55733 0.0112241 -0.188498)
(1.91172 0.011256 -0.0646053)
(2.35151 0.00780732 0.286112)
(1.58298 -0.00165786 0.192773)
(1.3829 0.00646803 -0.118919)
(1.22547 0.00770594 -0.167382)
(1.19779 0.00937535 -0.22262)
(1.29198 0.0100868 -0.215997)
(1.51029 0.0102322 -0.146697)
(1.84317 0.0103826 -0.0299984)
(2.25112 0.00713708 0.310985)
(1.56772 -0.00206445 0.222183)
(1.35755 0.00558559 -0.0800722)
(1.19303 0.00671248 -0.125952)
(1.16019 0.00831791 -0.180336)
(1.2468 0.00904929 -0.175139)
(1.451 0.00925202 -0.109361)
(1.76108 0.00949065 -0.000340684)
(2.13857 0.00643831 0.329735)
(1.53291 -0.0023315 0.245207)
(1.32116 0.00482551 -0.0466879)
(1.1548 0.005839 -0.0898017)
(1.11848 0.00736221 -0.142782)
(1.19709 0.00809188 -0.138751)
(1.38672 0.00833296 -0.0765238)
(1.67535 0.0086424 0.025008)
(2.02543 0.005781 0.343953)
(1.48698 -0.00249974 0.263153)
(1.27836 0.0041665 -0.0178928)
(1.11311 0.00507288 -0.0583205)
(1.07449 0.00650777 -0.109673)
(1.1455 0.00722474 -0.106655)
(1.32141 0.00749332 -0.0478558)
(1.5907 0.00786107 0.0466783)
(1.91651 0.00518875 0.354637)
(1.4349 -0.00259674 0.276972)
(1.232 0.00359234 0.00698702)
(1.06952 0.0044014 -0.0309477)
(1.02945 0.00574783 -0.0806049)
(1.0936 0.0064464 -0.0784883)
(1.25706 0.00673535 -0.022919)
(1.5091 0.00715071 0.0651945)
(1.8133 0.00466398 0.362398)
(1.37966 -0.00264125 0.287361)
(1.18383 0.00309046 0.0284767)
(1.02508 0.00381276 -0.0071898)
(0.984193 0.00507326 -0.0551504)
(1.04229 0.00575023 -0.0538374)
(1.19456 0.00605414 -0.00128428)
(1.43115 0.00650728 0.0809653)
(1.71584 0.00420085 0.367617)
(1.32305 -0.00264634 0.294845)
(1.13494 0.0026509 0.0469932)
(0.980485 0.00329646 0.0133786)
(0.939259 0.00447461 -0.0329086)
(0.992046 0.00512797 -0.0323104)
(1.13424 0.0054423 0.0174268)
(1.35683 0.00592404 0.0943057)
(1.62364 0.00379127 0.370547)
(1.26617 -0.00262134 0.299828)
(1.08603 0.00226553 0.0628752)
(0.936197 0.00284342 0.0311199)
(0.895004 0.00394308 -0.0135231)
(0.943116 0.00457142 -0.0135596)
(1.07618 0.00489219 0.0335348)
(1.28588 0.0053941 0.105464)
(1.5361 0.00342744 0.37138)
(1.20971 -0.00257313 0.302633)
(1.03756 0.00192765 0.0764035)
(0.89254 0.00244582 0.0463427)
(0.851661 0.00347086 0.00331502)
(0.895624 0.00407315 0.00271426)
(1.0203 0.00439682 0.0473097)
(1.21802 0.00491128 0.114645)
(1.45269 0.00310266 0.370286)
(1.1541 -0.00250695 0.303526)
(0.989832 0.0016316 0.0878164)
(0.849732 0.00209702 0.0593105)
(0.809379 0.00305118 0.017871)
(0.849625 0.00362666 0.0167667)
(0.966543 0.00395014 0.0589815)
(1.153 0.00447038 0.122025)
(1.373 0.00281149 0.367427)
(1.09962 -0.00242687 0.30273)
(0.94305 0.00137256 0.0973196)
(0.807923 0.00179128 0.0702508)
(0.768259 0.00267818 0.0303733)
(0.805139 0.00322636 0.0288177)
(0.914814 0.00354697 0.0687503)
(1.09063 0.0040671 0.127765)
(1.29673 0.00254954 0.362965)
(1.04645 -0.00233618 0.30044)
(0.897352 0.00114636 0.105094)
(0.767217 0.00152367 0.0793621)
(0.728365 0.00234684 0.041021)
(0.762172 0.00286745 0.0390591)
(0.865045 0.00318288 0.0767938)
(1.03075 0.00369786 0.132013)
(1.22368 0.0023133 0.357061)
(0.994707 -0.00223754 0.296827)
(0.852834 0.000949344 0.111303)
(0.727683 0.0012899 0.0868204)
(0.689737 0.00205273 0.0499897)
(0.720723 0.00254573 0.0476611)
(0.817181 0.00285407 0.0832729)
(0.973253 0.00335962 0.134908)
(1.15369 0.00209985 0.349877)
(0.944454 -0.00213318 0.292046)
(0.809559 0.000778299 0.116092)
(0.689366 0.00108619 0.0927834)
(0.6524 0.001792 0.057437)
(0.680784 0.00225754 0.054777)
(0.771179 0.0025572 0.0883357)
(0.918066 0.00304978 0.136585)
(1.08665 0.00190678 0.341571)
(0.895739 -0.00202494 0.286237)
(0.767571 0.00063036 0.119595)
(0.652296 0.000909181 0.0973948)
(0.616368 0.0015612 0.0635054)
(0.642344 0.00199962 0.0605469)
(0.726999 0.00228931 0.0921196)
(0.865124 0.00276603 0.137167)
(1.02248 0.001732 0.332295)
(0.848584 -0.00191443 0.279531)
(0.726896 0.00050296 0.121938)
(0.616489 0.000755894 0.100786)
(0.581645 0.00135725 0.0683261)
(0.605391 0.00176904 0.0650998)
(0.684611 0.00204775 0.0947528)
(0.814375 0.00250631 0.136776)
(0.961106 0.00157367 0.322196)
(0.803002 -0.00180299 0.272047)
(0.687552 0.000393794 0.123235)
(0.581952 0.000623645 0.103079)
(0.548228 0.00117738 0.0720201)
(0.569908 0.00156315 0.0685555)
(0.64398 0.00183012 0.0963554)
(0.765772 0.00226872 0.135523)
(0.90246 0.00143019 0.311409)
(0.758994 -0.00169176 0.263896)
(0.649546 0.00030078 0.123595)
(0.548685 0.000510022 0.104387)
(0.516109 0.00101906 0.0747001)
(0.535877 0.00137956 0.0710257)
(0.605076 0.00163421 0.0970397)
(0.71927 0.00205155 0.133515)
(0.846476 0.00130009 0.300063)
(0.716555 -0.00158173 0.255185)
(0.61288 0.00022204 0.123118)
(0.516681 0.000412849 0.104816)
(0.485278 0.000880027 0.076471)
(0.503275 0.00121606 0.0726146)
(0.567863 0.00145802 0.0969108)
(0.674822 0.0018532 0.130849)
(0.793087 0.00118207 0.288278)
(0.675675 -0.00147371 0.246008)
(0.57755 0.000155875 0.121898)
(0.485932 0.000330167 0.104463)
(0.455716 0.000758199 0.077431)
(0.472078 0.00107067 0.0734195)
(0.532307 0.00129972 0.0960668)
(0.632381 0.00167217 0.127618)
(0.742226 0.00107493 0.276163)
(0.63634 -0.0013684 0.236458)
(0.543549 0.000100752 0.120025)
(0.456422 0.000260209 0.103422)
(0.427406 0.000651698 0.0776716)
(0.44226 0.00094155 0.0735314)
(0.498371 0.00115761 0.0945991)
(0.591897 0.0015071 0.123907)
(0.693819 0.000977601 0.263818)
(0.598532 -0.00126637 0.226618)
(0.510865 5.52885e-05 0.117582)
(0.428135 0.000201383 0.101777)
(0.400326 0.00055882 0.0772781)
(0.41379 0.000827037 0.0730347)
(0.466013 0.00103014 0.0925927)
(0.553319 0.0013567 0.119794)
(0.647796 0.000889111 0.251336)
(0.562231 -0.00116807 0.216567)
(0.479485 1.82382e-05 0.114644)
(0.401052 0.000152262 0.0996096)
(0.374452 0.000478019 0.0763302)
(0.386638 0.000725613 0.0720081)
(0.435195 0.00091591 0.0901261)
(0.516597 0.00121979 0.115353)
(0.604082 0.000808583 0.238799)
(0.527415 -0.00107386 0.206377)
(0.449393 -1.15167e-05 0.111286)
(0.375151 0.000111566 0.0969932)
(0.349758 0.000407902 0.0749016)
(0.360771 0.000635897 0.0705245)
(0.405872 0.000813611 0.0872719)
(0.481675 0.00109525 0.110649)
(0.562601 0.000735226 0.226283)
(0.494059 -0.00098403 0.196115)
(0.420569 -3.4978e-05 0.107572)
(0.350409 7.81515e-05 0.0939969)
(0.326217 0.000347208 0.0730609)
(0.336156 0.000556636 0.0686512)
(0.378003 0.000722066 0.084097)
(0.448499 0.000982075 0.105743)
(0.523279 0.000668332 0.213856)
(0.462137 -0.000898761 0.185841)
(0.392993 -5.30401e-05 0.103567)
(0.326802 5.10014e-05 0.0906844)
(0.303801 0.000294807 0.0708714)
(0.312756 0.000486696 0.0664505)
(0.351542 0.000640201 0.0806627)
(0.417015 0.000879316 0.10069)
(0.48604 0.000607267 0.201577)
(0.431622 -0.000818188 0.175612)
(0.366644 -6.65012e-05 0.0993255)
(0.304305 2.92114e-05 0.0871143)
(0.28248 0.000249683 0.0683914)
(0.290538 0.00042505 0.0639793)
(0.326445 0.000567037 0.0770251)
(0.387169 0.0007861 0.09554)
(0.450809 0.000551462 0.1895)
(0.402485 -0.000742377 0.165479)
(0.341496 -7.60697e-05 0.0949021)
(0.282889 1.19817e-05 0.0833405)
(0.262225 0.000210927 0.0656744)
(0.269465 0.000370775 0.06129)
(0.302668 0.000501691 0.0732351)
(0.358904 0.000701622 0.0903383)
(0.41751 0.000500411 0.177673)
(0.374697 -0.000671341 0.155486)
(0.317527 -8.23725e-05 0.0903448)
(0.262529 -1.39258e-06 0.0794124)
(0.243005 0.00017773 0.0627695)
(0.249501 0.000323039 0.0584303)
(0.280166 0.00044336 0.069339)
(0.332166 0.00062514 0.0851254)
(0.386071 0.000453666 0.166136)
(0.348226 -0.000605048 0.145675)
(0.29471 -8.59614e-05 0.0856977)
(0.243195 -1.15305e-05 0.075375)
(0.224789 0.00014937 0.0597214)
(0.23061 0.000281096 0.0554435)
(0.258895 0.00039132 0.0653785)
(0.306902 0.00055597 0.0799372)
(0.356419 0.000410826 0.154925)
(0.323041 -0.000543424 0.136082)
(0.273017 -8.7321e-05 0.0810011)
(0.22486 -1.89733e-05 0.0712689)
(0.207547 0.000125207 0.0565707)
(0.212754 0.000244278 0.0523689)
(0.23881 0.000344918 0.0613911)
(0.283057 0.000493483 0.0748061)
(0.328482 0.000371538 0.144069)
(0.29911 -0.000486364 0.126741)
(0.252423 -8.68746e-05 0.0762914)
(0.207494 -2.4192e-05 0.0671312)
(0.191246 0.000104677 0.053354)
(0.1959 0.000211987 0.0492417)
(0.219869 0.000303567 0.0574104)
(0.260579 0.000437101 0.0697603)
(0.302192 0.000335488 0.133594)
(0.276401 -0.000433733 0.117678)
(0.232898 -8.49902e-05 0.0716014)
(0.191069 -2.75943e-05 0.0629949)
(0.175857 8.72793e-05 0.0501044)
(0.18001 0.000183691 0.0460937)
(0.202027 0.000266737 0.0534661)
(0.239415 0.000386291 0.0648247)
(0.27748 0.000302399 0.123522)
(0.254881 -0.000385374 0.108918)
(0.214414 -8.19865e-05 0.0669606)
(0.175555 -2.95319e-05 0.0588896)
(0.161347 7.25767e-05 0.0468515)
(0.16505 0.000158917 0.042953)
(0.185243 0.000233955 0.0495844)
(0.219515 0.000340567 0.0600207)
(0.254279 0.000272023 0.113867)
(0.234516 -0.000341112 0.100481)
(0.196943 -7.81371e-05 0.062395)
(0.160924 -3.03059e-05 0.0548416)
(0.147688 6.01846e-05 0.0436214)
(0.150985 0.000137244 0.0398447)
(0.169476 0.000204796 0.0457881)
(0.200828 0.000299479 0.0553667)
(0.232526 0.000244144 0.104643)
(0.215276 -0.000300755 0.0923858)
(0.180455 -7.36757e-05 0.0579278)
(0.147147 -3.01724e-05 0.0508739)
(0.134848 4.97678e-05 0.0404375)
(0.13778 0.000118299 0.0367906)
(0.154685 0.000178878 0.042097)
(0.183306 0.000262617 0.0508784)
(0.212157 0.000218565 0.0958587)
(0.197125 -0.000264103 0.0846449)
(0.164921 -6.88006e-05 0.0535791)
(0.134195 -2.93481e-05 0.0470069)
(0.122797 4.10342e-05 0.03732)
(0.125403 0.000101754 0.0338099)
(0.14083 0.000155861 0.0385282)
(0.166901 0.000229603 0.0465686)
(0.193112 0.000195116 0.0875199)
(0.18003 -0.000230948 0.0772693)
(0.150312 -6.36779e-05 0.0493665)
(0.12204 -2.80147e-05 0.043258)
(0.111506 3.37308e-05 0.0342866)
(0.113821 8.73162e-05 0.030919)
(0.127873 0.000135441 0.0350958)
(0.151565 0.000200092 0.0424478)
(0.175331 0.00017364 0.0796294)
(0.16396 -0.000201078 0.070267)
(0.136597 -5.84461e-05 0.0453049)
(0.110653 -2.63229e-05 0.0396419)
(0.100947 2.76388e-05 0.0313523)
(0.103001 7.47302e-05 0.0281317)
(0.115776 0.000117346 0.0318116)
(0.137255 0.000173766 0.0385243)
(0.158757 0.000153998 0.0721871)
(0.148881 -0.000174278 0.0636432)
(0.123748 -5.32183e-05 0.0414068)
(0.100006 -2.43968e-05 0.0361711)
(0.0910898 2.257e-05 0.02853)
(0.0929125 6.37701e-05 0.0254598)
(0.104502 0.000101332 0.028685)
(0.123924 0.000150335 0.0348043)
(0.143334 0.000136065 0.0651905)
(0.134759 -0.000150335 0.0574006)
(0.111736 -4.80862e-05 0.0376825)
(0.0900724 -2.2337e-05 0.0328557)
(0.0819075 1.83628e-05 0.0258301)
(0.0835239 5.42374e-05 0.0229128)
(0.0940156 8.71824e-05 0.0257235)
(0.11153 0.000129532 0.031292)
(0.129009 0.000119726 0.0586349)
(0.121563 -0.000129039 0.0515397)
(0.100529 -4.31223e-05 0.0341403)
(0.0808243 -2.02242e-05 0.029704)
(0.0733723 1.48792e-05 0.0232613)
(0.0748055 4.59578e-05 0.0204984)
(0.0842814 7.47028e-05 0.0229323)
(0.100031 0.000111111 0.0279899)
(0.115731 0.000104875 0.0525137)
(0.10926 -0.000110182 0.0460586)
(0.0901006 -3.83823e-05 0.0307864)
(0.0722348 -1.81216e-05 0.0267221)
(0.0654573 1.20017e-05 0.0208301)
(0.0667281 3.87786e-05 0.0182221)
(0.0752658 6.37197e-05 0.0203152)
(0.0893861 9.48497e-05 0.024899)
(0.103448 9.14154e-05 0.0468182)
(0.0978175 -9.35635e-05 0.0409536)
(0.0804201 -3.39078e-05 0.0276253)
(0.0642775 -1.60776e-05 0.0239144)
(0.0581361 9.63069e-06 0.0185417)
(0.0592631 3.25656e-05 0.0160882)
(0.0669357 5.40776e-05 0.017874)
(0.0795546 8.05411e-05 0.0220188)
(0.0921115 7.92566e-05 0.0415384)
(0.087203 -7.89904e-05 0.0362193)
(0.0714587 -2.97278e-05 0.0246599)
(0.0569262 -1.41283e-05 0.0212836)
(0.0513827 7.68209e-06 0.0163993)
(0.0523826 2.72012e-05 0.0140991)
(0.0592588 4.56371e-05 0.0156093)
(0.0704982 6.79964e-05 0.0193476)
(0.0816755 6.83134e-05 0.0366629)
(0.0773849 -6.62766e-05 0.0318485)
(0.0631877 -2.58608e-05 0.0218913)
(0.050155 -1.22991e-05 0.0188311)
(0.0451717 6.08505e-06 0.0144049)
(0.0460592 2.25822e-05 0.0122561)
(0.052204 3.82731e-05 0.0135202)
(0.0621789 5.70423e-05 0.0168822)
(0.0720939 5.8505e-05 0.0321788)
(0.0683311 -5.52449e-05 0.0278323)
(0.0555784 -2.23166e-05 0.0193194)
(0.0439385 -1.06069e-05 0.0165567)
(0.0394782 4.78021e-06 0.012559)
(0.0402664 1.86179e-05 0.010559)
(0.0457407 3.18728e-05 0.0116045)
(0.0545602 4.75193e-05 0.0146187)
(0.0633226 4.97546e-05 0.0280724)
(0.0600102 -4.57274e-05 0.0241608)
(0.0486021 -1.90972e-05 0.0169428)
(0.0382515 -9.06127e-06 0.0144591)
(0.0342777 3.71794e-06 0.0108611)
(0.0349783 1.52287e-05 0.00900659)
(0.0398393 2.63347e-05 0.00985914)
(0.047606 3.92812e-05 0.012552)
(0.055319 4.19885e-05 0.0243291)
(0.0523904 -3.75661e-05 0.0208227)
(0.0422305 -1.61989e-05 0.0147588)
(0.0330693 -7.66618e-06 0.0125356)
(0.0295461 2.85688e-06 0.00930942)
(0.0301694 1.23443e-05 0.00759653)
(0.0344709 2.15668e-05 0.00827982)
(0.0412815 3.21936e-05 0.0106764)
(0.0480415 3.51357e-05 0.0209333)
(0.0454405 -3.06129e-05 0.0178056)
(0.0364355 -1.36126e-05 0.0127637)
(0.0283672 -6.42095e-06 0.0107828)
(0.02526 2.16262e-06 0.00790125)
(0.025815 9.90291e-06 0.00632558)
(0.0296074 1.74861e-05 0.00686153)
(0.0355526 2.6133e-05 0.00898535)
(0.0414501 2.91277e-05 0.0178691)
(0.0391292 -2.47297e-05 0.0150962)
(0.031189 -1.13254e-05 0.0109527)
(0.0241212 -5.3214e-06 0.00919624)
(0.021396 1.60663e-06 0.00663302)
(0.0218907 7.84955e-06 0.00518971)
(0.0252212 1.40169e-05 0.00559839)
(0.0303865 2.09867e-05 0.00747148)
(0.035506 2.38982e-05 0.01512)
(0.0334254 -1.97886e-05 0.0126802)
(0.0264631 -9.32126e-06 0.00932028)
(0.0203074 -4.36067e-06 0.00777051)
(0.0179316 1.16524e-06 0.00550033)
(0.0183727 6.13564e-06 0.00418412)
(0.0212855 1.10905e-05 0.00448387)
(0.0257507 1.66505e-05 0.00612695)
(0.0301714 1.93827e-05 0.012669)
(0.0282979 -1.56715e-05 0.0105428)
(0.0222301 -7.58198e-06 0.00785988)
(0.016902 -3.52995e-06 0.00649959)
(0.0148442 8.18795e-07 0.0044981)
(0.0152379 4.7179e-06 0.00330334)
(0.0177742 8.64382e-06 0.00351082)
(0.0216137 1.30289e-05 0.00494337)
(0.025409 1.55181e-05 0.010499)
(0.0237157 -1.22706e-05 0.00866844)
(0.0184625 -6.0876e-06 0.00656439)
(0.0138818 -2.81918e-06 0.00537678)
(0.0121118 5.50972e-07 0.00362061)
(0.0124633 3.55768e-06 0.00254135)
(0.0146614 6.61951e-06 0.00267161)
(0.0179445 1.00343e-05 0.00391192)
(0.0211828 1.22437e-05 0.00859221)
(0.0196481 -9.48745e-06 0.00704104)
(0.015133 -4.81731e-06 0.00542601)
(0.0112237 -2.21752e-06 0.00439479)
(0.00971266 3.48156e-07 0.00286162)
(0.0100265 2.6204e-06 0.00189164)
(0.0119222 4.96494e-06 0.00195818)
(0.0147128 7.58658e-06 0.0030235)
(0.0174578 9.50046e-06 0.00693124)
(0.0160641 -7.23294e-06 0.00564418)
(0.0122142 -3.74974e-06 0.00443639)
(0.00890461 -1.71383e-06 0.00354586)
(0.00762546 1.98929e-07 0.00221442)
(0.00790569 1.87502e-06 0.00134728)
(0.0095318 3.63197e-06 0.00136213)
(0.0118892 5.61247e-06 0.00226869)
(0.0141999 7.23189e-06 0.00549856)
(0.0129331 -5.42682e-06 0.00446103)
(0.0096792 -2.86349e-06 0.00358662)
(0.00690204 -1.29696e-06 0.00282178)
(0.00582907 9.36555e-08 0.00167189)
(0.00607916 1.29363e-06 0.000900984)
(0.00746619 2.57648e-06 0.000874742)
(0.00944461 4.0452e-06 0.00163778)
(0.0113754 5.38344e-06 0.00427665)
(0.0102243 -3.99743e-06 0.00347454)
(0.00750095 -2.1376e-06 0.0028674)
(0.00519349 -9.56077e-07 0.00221397)
(0.00430268 2.4148e-08 0.00122658)
(0.00452568 8.51077e-07 0.000545157)
(0.00570165 1.75811e-06 0.000487037)
(0.00735075 2.82403e-06 0.0011209)
(0.00895149 3.90294e-06 0.00324809)
(0.00790696 -2.88122e-06 0.00266749)
(0.00565277 -1.5518e-06 0.00226908)
(0.00375669 -6.80886e-07 0.00171359)
(0.00302573 -1.66102e-08 0.000870746)
(0.00322434 5.24697e-07 0.000271958)
(0.00421489 1.13999e-06 0.000189887)
(0.00557973 1.89393e-06 0.00070797)
(0.00689606 2.74088e-06 0.00239564)
(0.00595074 -2.02236e-06 0.0020226)
(0.00410809 -1.08678e-06 0.00178171)
(0.00256954 -4.61764e-07 0.00131152)
(0.00197788 -3.47131e-08 0.000596368)
(0.00215453 2.94069e-07 7.33408e-05)
(0.00298299 6.88551e-07 -2.60019e-05)
(0.00410426 1.20529e-06 0.000388848)
(0.00517755 1.8506e-06 0.00170231)
(0.00432533 -1.37229e-06 0.00152258)
(0.00284059 -7.24463e-07 0.00139511)
(0.0016101 -2.89896e-07 0.000998496)
(0.00113891 -3.55048e-08 0.000395262)
(0.00129583 1.40823e-07 -5.89663e-05)
(0.00198343 3.73365e-07 -0.000170086)
(0.00289759 7.13601e-07 0.000153302)
(0.00376509 1.1885e-06 0.0011514)
(0.00300079 -8.89181e-07 0.00115021)
(0.0018242 -4.48116e-07 0.00109894)
(0.000856499 -1.57314e-07 0.000765144)
(0.000488615 -2.36759e-08 0.000259062)
(0.000627922 4.84639e-08 -0.000133456)
(0.001194 1.6695e-07 -0.000251953)
(0.00193358 3.79213e-07 -8.93869e-06)
(0.00262855 7.14279e-07 0.000726621)
(0.00194759 -5.37526e-07 0.000888346)
(0.00103318 -2.42476e-07 0.000882821)
(0.000286894 -5.68615e-08 0.000602056)
(6.57857e-06 -3.31643e-09 0.000179234)
(0.000130359 2.24733e-09 -0.000158844)
(0.000592688 4.46184e-08 -0.000281336)
(0.00118669 1.67033e-07 -0.000108177)
(0.00173855 3.9102e-07 0.000412115)
(0.00113673 -2.87588e-07 0.00071992)
(0.000442146 -9.37792e-08 0.000736336)
(-0.000120663 1.78784e-08 0.000499913)
(-0.000328076 2.20958e-08 0.000147152)
(-0.000217661 -1.08898e-08 -0.000144094)
(0.000157655 -1.56488e-08 -0.000268151)
(0.000632045 4.62339e-08 -0.000154755)
(0.00106646 1.85306e-07 0.000192502)
(0.000539912 -1.1497e-07 0.000627799)
(2.61819e-05 1.02511e-08 0.000649121)
(-0.000388366 7.27601e-08 0.000449705)
(-0.000537077 4.98285e-08 0.000154275)
(-0.00043762 -2.32523e-09 -9.84142e-05)
(-0.000132828 -3.33123e-08 -0.000222563)
(0.000245502 -1.00279e-08 -0.000159094)
(0.000584341 6.72247e-08 5.2863e-05)
(0.000129427 -1.85891e-10 0.000594461)
(-0.000239279 8.04167e-08 0.000610845)
(-0.000538864 1.13375e-07 0.000443232)
(-0.000643415 7.82494e-08 0.000192757)
(-0.000552016 1.84304e-08 -3.09348e-05)
(-0.000300466 -2.53229e-08 -0.000155015)
(3.64939e-06 -2.48903e-08 -0.000131867)
(0.000264683 1.03781e-08 -2.13809e-05)
(-0.000122879 7.1794e-08 0.000601331)
(-0.000378899 1.26005e-07 0.00061118)
(-0.000595547 1.45537e-07 0.000474065)
(-0.00067139 1.07663e-07 0.000257021)
(-0.000584419 4.4401e-08 5.04571e-05)
(-0.000367371 -5.88417e-09 -7.60671e-05)
(-0.000116935 -1.79419e-08 -8.44309e-05)
(7.93351e-05 -8.11101e-09 -4.49171e-05)
(-0.00024836 1.11852e-07 0.000626659)
(-0.000419263 1.54e-07 0.000637129)
(-0.000582636 1.74702e-07 0.000535715)
(-0.000643864 1.40438e-07 0.000343819)
(-0.000556758 7.17348e-08 0.000140019)
(-0.000356351 1.43194e-08 3.85886e-06)
(-0.000142395 -4.67358e-09 -2.94504e-05)
(-3.05132e-06 -7.34261e-09 -3.41061e-05)
(-0.000287644 1.27542e-07 0.000648254)
(-0.000395106 1.6792e-07 0.000671911)
(-0.000525103 2.04232e-07 0.00062284)
(-0.000573294 1.79603e-07 0.000456834)
(-0.000479901 1.0067e-07 0.000241498)
(-0.000288752 3.08942e-08 8.0298e-05)
(-0.000106266 5.51793e-09 1.88578e-05)
(-1.98538e-05 -1.29093e-09 -7.60757e-06)
(-0.000275565 1.24503e-07 0.000649693)
(-0.000356208 1.79608e-07 0.000731952)
(-0.000441026 2.4833e-07 0.000767518)
(-0.000432792 2.38962e-07 0.000635065)
(-0.000311083 1.42175e-07 0.000383524)
(-0.000151831 4.7201e-08 0.000153988)
(-4.33063e-05 7.48811e-09 3.44048e-05)
(-8.55542e-06 2.29961e-09 1.317e-05)
)
;
    }
    top
    {
        type            calculated;
        value           nonuniform List<vector> 
640
(
(-55.3554 -0.990411 -2.75955)
(-69.8358 -8.38202 -4.62841)
(-83.5949 -6.59408 -6.47802)
(-90.3092 -2.27285 -7.4469)
(-90.3092 2.27285 -7.4469)
(-83.5949 6.59408 -6.47802)
(-69.8358 8.38202 -4.62841)
(-55.3554 0.990411 -2.75955)
(-26.0893 -0.101516 -0.748347)
(-31.1628 -1.55606 -1.03305)
(-32.6515 -1.7124 -1.13981)
(-33.3371 -0.664175 -1.1882)
(-33.3371 0.664175 -1.1882)
(-32.6515 1.7124 -1.13981)
(-31.1628 1.55606 -1.03305)
(-26.0893 0.101516 -0.748347)
(-34.0836 0.0721278 -1.28976)
(-36.6667 -0.503991 -1.42523)
(-36.5267 -0.689917 -1.39812)
(-36.3685 -0.301508 -1.38159)
(-36.3685 0.301508 -1.38159)
(-36.5267 0.689917 -1.39812)
(-36.6667 0.503991 -1.42523)
(-34.0836 -0.0721278 -1.28976)
(-48.8753 0.0960555 -2.66513)
(-51.0006 -0.0365406 -2.79221)
(-51.6296 -0.205492 -2.8085)
(-51.7845 -0.117327 -2.80722)
(-51.7845 0.117327 -2.80722)
(-51.6296 0.205492 -2.8085)
(-51.0006 0.0365406 -2.79221)
(-48.8753 -0.0960555 -2.66513)
(-62.1939 0.116453 -4.36779)
(-63.8471 0.305037 -4.47206)
(-64.8896 0.151753 -4.53917)
(-65.3306 0.0288359 -4.56804)
(-65.3306 -0.0288359 -4.56804)
(-64.8896 -0.151753 -4.53917)
(-63.8471 -0.305037 -4.47206)
(-62.1939 -0.116453 -4.36779)
(-73.7123 0.0923644 -6.24063)
(-74.9062 0.474705 -6.31186)
(-75.9037 0.353519 -6.3903)
(-76.4079 0.116833 -6.43353)
(-76.4079 -0.116833 -6.43353)
(-75.9037 -0.353519 -6.3903)
(-74.9062 -0.474705 -6.31186)
(-73.7123 -0.0923644 -6.24063)
(-83.7872 0.041051 -8.23354)
(-84.5708 0.524329 -8.26832)
(-85.3648 0.440379 -8.33503)
(-85.8114 0.15886 -8.37801)
(-85.8114 -0.15886 -8.37801)
(-85.3648 -0.440379 -8.33503)
(-84.5708 -0.524329 -8.26832)
(-83.7872 -0.041051 -8.23354)
(-92.6377 -0.0159447 -10.308)
(-93.0781 0.510162 -10.3062)
(-93.6441 0.460056 -10.3518)
(-93.9913 0.172783 -10.3866)
(-93.9913 -0.172783 -10.3866)
(-93.6441 -0.460056 -10.3518)
(-93.0781 -0.510162 -10.3062)
(-92.6377 0.0159447 -10.308)
(-100.413 -0.0668076 -12.431)
(-100.589 0.470285 -12.3961)
(-100.949 0.447019 -12.4178)
(-101.193 0.172097 -12.4409)
(-101.193 -0.172097 -12.4409)
(-100.949 -0.447019 -12.4178)
(-100.589 -0.470285 -12.3961)
(-100.413 0.0668076 -12.431)
(-107.23 -0.106766 -14.5746)
(-107.212 0.427131 -14.5115)
(-107.404 0.422928 -14.51)
(-107.557 0.165546 -14.5208)
(-107.557 -0.165546 -14.5208)
(-107.404 -0.422928 -14.51)
(-107.212 -0.427131 -14.5115)
(-107.23 0.106766 -14.5746)
(-113.183 -0.13504 -16.7152)
(-113.029 0.391733 -16.6288)
(-113.09 0.399643 -16.6065)
(-113.169 0.158124 -16.6057)
(-113.169 -0.158124 -16.6057)
(-113.09 -0.399643 -16.6065)
(-113.029 -0.391733 -16.6288)
(-113.183 0.13504 -16.7152)
(-118.347 -0.152744 -18.8313)
(-118.099 0.367983 -18.726)
(-118.064 0.382486 -18.6861)
(-118.086 0.15226 -18.6752)
(-118.086 -0.15226 -18.6752)
(-118.064 -0.382486 -18.6861)
(-118.099 -0.367983 -18.726)
(-118.347 0.152744 -18.8313)
(-122.782 -0.161678 -20.9036)
(-122.47 0.355898 -20.7828)
(-122.366 0.372919 -20.7285)
(-122.347 0.148807 -20.7092)
(-122.347 -0.148807 -20.7092)
(-122.366 -0.372919 -20.7285)
(-122.47 -0.355898 -20.7828)
(-122.782 0.161678 -20.9036)
(-126.54 -0.163716 -22.9141)
(-126.184 0.353712 -22.7806)
(-126.032 0.3704 -22.7148)
(-125.982 0.147763 -22.6887)
(-125.982 -0.147763 -22.6887)
(-126.032 -0.3704 -22.7148)
(-126.184 -0.353712 -22.7806)
(-126.54 0.163716 -22.9141)
(-129.663 -0.160525 -24.8469)
(-129.276 0.359095 -24.7028)
(-129.091 0.373539 -24.6277)
(-129.021 0.148725 -24.5964)
(-129.021 -0.148725 -24.5964)
(-129.091 -0.37354 -24.6277)
(-129.276 -0.359095 -24.7028)
(-129.663 0.160525 -24.8469)
(-132.191 -0.153469 -26.6879)
(-131.781 0.369788 -26.5345)
(-131.573 0.38076 -26.4521)
(-131.488 0.151169 -26.4166)
(-131.488 -0.151169 -26.4166)
(-131.573 -0.38076 -26.4521)
(-131.781 -0.369788 -26.5345)
(-132.191 0.153469 -26.6879)
(-134.16 -0.143611 -28.4247)
(-133.732 0.383881 -28.263)
(-133.507 0.39062 -28.1746)
(-133.413 0.154588 -28.1359)
(-133.413 -0.154588 -28.1359)
(-133.507 -0.39062 -28.1746)
(-133.732 -0.383881 -28.263)
(-134.16 0.143611 -28.4247)
(-135.605 -0.13175 -30.047)
(-135.161 0.39989 -29.8778)
(-134.924 0.401951 -29.7843)
(-134.823 0.158558 -29.743)
(-134.823 -0.158558 -29.743)
(-134.924 -0.401951 -29.7843)
(-135.161 -0.39989 -29.8778)
(-135.605 0.13175 -30.047)
(-136.559 -0.118476 -31.5464)
(-136.1 0.416731 -31.37)
(-135.854 0.413874 -31.2722)
(-135.748 0.162752 -31.2287)
(-135.748 -0.162752 -31.2287)
(-135.854 -0.413874 -31.2722)
(-136.1 -0.416731 -31.37)
(-136.559 0.118476 -31.5464)
(-137.053 -0.10422 -32.9161)
(-136.58 0.433651 -32.7328)
(-136.326 0.425767 -32.6312)
(-136.216 0.166936 -32.5859)
(-136.216 -0.166936 -32.5859)
(-136.326 -0.425767 -32.6312)
(-136.58 -0.433651 -32.7328)
(-137.053 0.10422 -32.9161)
(-137.119 -0.0893012 -34.1511)
(-136.632 0.450153 -33.9612)
(-136.37 0.437215 -33.8559)
(-136.257 0.170952 -33.8091)
(-136.257 -0.170952 -33.8091)
(-136.37 -0.437215 -33.8559)
(-136.632 -0.450153 -33.9612)
(-137.119 0.0893012 -34.1511)
(-136.785 -0.0739571 -35.2479)
(-136.285 0.465921 -35.0515)
(-136.016 0.447958 -34.943)
(-135.9 0.174702 -34.8946)
(-135.9 -0.174702 -34.8946)
(-136.016 -0.447958 -34.943)
(-136.285 -0.465921 -35.0515)
(-136.785 0.0739572 -35.2479)
(-136.08 -0.0583716 -36.2044)
(-135.567 0.480763 -36.0018)
(-135.292 0.457844 -35.8901)
(-135.174 0.178125 -35.8404)
(-135.174 -0.178125 -35.8404)
(-135.292 -0.457844 -35.8901)
(-135.567 -0.480763 -36.0018)
(-136.08 0.0583716 -36.2044)
(-135.032 -0.0426913 -37.0198)
(-134.507 0.494573 -36.8112)
(-134.226 0.466791 -36.6964)
(-134.105 0.181193 -36.6455)
(-134.105 -0.181193 -36.6455)
(-134.226 -0.466791 -36.6964)
(-134.507 -0.494573 -36.8112)
(-135.032 0.0426913 -37.0198)
(-133.668 -0.0270381 -37.6944)
(-133.131 0.507292 -37.48)
(-132.844 0.474767 -37.3624)
(-132.721 0.183891 -37.3103)
(-132.721 -0.183891 -37.3103)
(-132.844 -0.474767 -37.3624)
(-133.131 -0.507292 -37.48)
(-133.668 0.0270381 -37.6944)
(-132.013 -0.0115165 -38.2295)
(-131.465 0.518895 -38.0097)
(-131.173 0.481762 -37.8895)
(-131.047 0.186218 -37.8363)
(-131.047 -0.186218 -37.8363)
(-131.173 -0.481762 -37.8895)
(-131.465 -0.518895 -38.0097)
(-132.013 0.0115165 -38.2295)
(-130.091 0.00378158 -38.6275)
(-129.533 0.529373 -38.4027)
(-129.237 0.487787 -38.28)
(-129.109 0.188179 -38.2258)
(-129.109 -0.188179 -38.2258)
(-129.237 -0.487787 -38.28)
(-129.533 -0.529373 -38.4027)
(-130.091 -0.00378158 -38.6275)
(-127.927 0.0187741 -38.8914)
(-127.36 0.538727 -38.6621)
(-127.059 0.492858 -38.5371)
(-126.93 0.189781 -38.482)
(-126.93 -0.189781 -38.482)
(-127.059 -0.492858 -38.5371)
(-127.36 -0.538727 -38.6621)
(-127.927 -0.0187741 -38.8914)
(-125.543 0.0333873 -39.0252)
(-124.968 0.546962 -38.7916)
(-124.663 0.496996 -38.6646)
(-124.532 0.191033 -38.6087)
(-124.532 -0.191033 -38.6087)
(-124.663 -0.496996 -38.6646)
(-124.968 -0.546962 -38.7916)
(-125.543 -0.0333873 -39.0252)
(-122.96 0.0475551 -39.0332)
(-122.378 0.554086 -38.7959)
(-122.071 0.500221 -38.6671)
(-121.938 0.191946 -38.6105)
(-121.938 -0.191946 -38.6105)
(-122.071 -0.500221 -38.6671)
(-122.378 -0.554086 -38.7959)
(-122.96 -0.047555 -39.0332)
(-120.198 0.0612178 -38.9204)
(-119.612 0.560111 -38.6799)
(-119.301 0.502557 -38.5496)
(-119.168 0.192528 -38.4924)
(-119.168 -0.192528 -38.4924)
(-119.301 -0.502557 -38.5496)
(-119.612 -0.560111 -38.6799)
(-120.198 -0.0612178 -38.9204)
(-117.278 0.0743228 -38.6922)
(-116.688 0.565046 -38.449)
(-116.376 0.504026 -38.3174)
(-116.241 0.192789 -38.2598)
(-116.241 -0.192789 -38.2598)
(-116.376 -0.504026 -38.3174)
(-116.688 -0.565046 -38.449)
(-117.278 -0.0743228 -38.6922)
(-114.219 0.0868239 -38.3544)
(-113.625 0.568906 -38.109)
(-113.312 0.504649 -37.9765)
(-113.177 0.19274 -37.9185)
(-113.177 -0.19274 -37.9185)
(-113.312 -0.504649 -37.9765)
(-113.625 -0.568906 -38.109)
(-114.219 -0.0868239 -38.3544)
(-111.036 0.098681 -37.9131)
(-110.442 0.571704 -37.6661)
(-110.128 0.504448 -37.533)
(-109.993 0.192388 -37.4747)
(-109.993 -0.192388 -37.4747)
(-110.128 -0.504448 -37.533)
(-110.442 -0.571704 -37.6661)
(-111.036 -0.098681 -37.9131)
(-107.749 0.10986 -37.3746)
(-107.154 0.573456 -37.1266)
(-106.84 0.503446 -36.9932)
(-106.705 0.191743 -36.9348)
(-106.705 -0.191743 -36.9348)
(-106.84 -0.503446 -36.9932)
(-107.154 -0.573456 -37.1266)
(-107.749 -0.10986 -37.3746)
(-104.372 0.120333 -36.7454)
(-103.778 0.57418 -36.497)
(-103.465 0.501665 -36.3635)
(-103.331 0.190815 -36.3052)
(-103.331 -0.190815 -36.3052)
(-103.465 -0.501665 -36.3635)
(-103.778 -0.57418 -36.497)
(-104.372 -0.120333 -36.7454)
(-100.921 0.130077 -36.0323)
(-100.33 0.573896 -35.784)
(-100.018 0.499127 -35.6507)
(-99.8843 0.189613 -35.5926)
(-99.8843 -0.189613 -35.5926)
(-100.018 -0.499127 -35.6507)
(-100.33 -0.573896 -35.784)
(-100.921 -0.130077 -36.0323)
(-97.4092 0.139075 -35.2418)
(-96.8218 0.572625 -34.9942)
(-96.5127 0.495856 -34.8615)
(-96.3798 0.188145 -34.8036)
(-96.3798 -0.188145 -34.8036)
(-96.5127 -0.495857 -34.8615)
(-96.8218 -0.572625 -34.9942)
(-97.4092 -0.139075 -35.2418)
(-93.8513 0.147314 -34.3808)
(-93.2689 0.57039 -34.1344)
(-92.9625 0.491877 -34.0025)
(-92.8308 0.186422 -33.9451)
(-92.8308 -0.186422 -33.9451)
(-92.9625 -0.491877 -34.0025)
(-93.2689 -0.57039 -34.1344)
(-93.8513 -0.147314 -34.3808)
(-90.2597 0.154785 -33.4559)
(-89.6833 0.567216 -33.2113)
(-89.3803 0.487212 -33.0806)
(-89.2501 0.184453 -33.0237)
(-89.2501 -0.184453 -33.0237)
(-89.3803 -0.487212 -33.0806)
(-89.6833 -0.567216 -33.2113)
(-90.2597 -0.154785 -33.4559)
(-86.6464 0.161485 -32.4739)
(-86.0771 0.563129 -32.2315)
(-85.7781 0.481888 -32.1023)
(-85.6497 0.182247 -32.046)
(-85.6497 -0.182247 -32.046)
(-85.7781 -0.481888 -32.1023)
(-86.0771 -0.563129 -32.2315)
(-86.6464 -0.161485 -32.4739)
(-83.0228 0.167414 -31.4414)
(-82.4616 0.558157 -31.2018)
(-82.1672 0.475928 -31.0742)
(-82.0407 0.179814 -31.0187)
(-82.0407 -0.179814 -31.0187)
(-82.1672 -0.475928 -31.0742)
(-82.4616 -0.558157 -31.2018)
(-83.0228 -0.167414 -31.4414)
(-79.3996 0.172575 -30.3648)
(-78.8475 0.552329 -30.1285)
(-78.5581 0.469359 -30.0028)
(-78.4339 0.177164 -29.9483)
(-78.4339 -0.177164 -29.9483)
(-78.5581 -0.469359 -30.0028)
(-78.8475 -0.552329 -30.1285)
(-79.3996 -0.172575 -30.3648)
(-75.7868 0.176976 -29.2505)
(-75.2447 0.545673 -29.0179)
(-74.9609 0.462205 -28.8945)
(-74.839 0.174305 -28.8409)
(-74.839 -0.174305 -28.8409)
(-74.9609 -0.462205 -28.8945)
(-75.2447 -0.545673 -29.0179)
(-75.7868 -0.176976 -29.2505)
(-72.1939 0.180625 -28.1048)
(-71.6627 0.538222 -27.8764)
(-71.3848 0.454493 -27.7553)
(-71.2656 0.171249 -27.7028)
(-71.2656 -0.171249 -27.7028)
(-71.3848 -0.454493 -27.7553)
(-71.6627 -0.538222 -27.8764)
(-72.1939 -0.180625 -28.1048)
(-68.6297 0.183535 -26.9336)
(-68.1101 0.530004 -26.7097)
(-67.8386 0.446247 -26.5913)
(-67.7222 0.168003 -26.54)
(-67.7222 -0.168003 -26.54)
(-67.8386 -0.446247 -26.5913)
(-68.1101 -0.530004 -26.7097)
(-68.6297 -0.183535 -26.9336)
(-65.1027 0.185721 -25.7429)
(-64.5953 0.521053 -25.5239)
(-64.3306 0.437494 -25.4082)
(-64.2171 0.164579 -25.3582)
(-64.2171 -0.164579 -25.3582)
(-64.3306 -0.437494 -25.4082)
(-64.5953 -0.521053 -25.5239)
(-65.1027 -0.185721 -25.7429)
(-61.6204 0.187199 -24.5381)
(-61.126 0.511401 -24.3244)
(-60.8683 0.428259 -24.2117)
(-60.7579 0.160985 -24.163)
(-60.7579 -0.160985 -24.163)
(-60.8683 -0.428259 -24.2117)
(-61.126 -0.511401 -24.3244)
(-61.6204 -0.187199 -24.5381)
(-58.1902 0.187988 -23.3248)
(-57.7093 0.501078 -23.1166)
(-57.4589 0.418567 -23.007)
(-57.3517 0.15723 -22.9597)
(-57.3517 -0.15723 -22.9597)
(-57.4589 -0.418567 -23.007)
(-57.7093 -0.501079 -23.1166)
(-58.1902 -0.187988 -23.3248)
(-54.8189 0.188109 -22.108)
(-54.3519 0.490119 -21.9057)
(-54.1091 0.408443 -21.7994)
(-54.0053 0.153324 -21.7535)
(-54.0053 -0.153324 -21.7535)
(-54.1091 -0.408443 -21.7994)
(-54.3519 -0.490119 -21.9057)
(-54.8189 -0.188109 -22.108)
(-51.5128 0.187582 -20.8928)
(-51.0601 0.478554 -20.6965)
(-50.8251 0.397911 -20.5935)
(-50.7246 0.149275 -20.5492)
(-50.7246 -0.149275 -20.5492)
(-50.8251 -0.397911 -20.5935)
(-51.0601 -0.478554 -20.6965)
(-51.5128 -0.187582 -20.8928)
(-48.2776 0.186431 -19.6837)
(-47.8396 0.466416 -19.4937)
(-47.6126 0.386996 -19.3942)
(-47.5156 0.145092 -19.3514)
(-47.5156 -0.145092 -19.3514)
(-47.6126 -0.386996 -19.3942)
(-47.8396 -0.466416 -19.4937)
(-48.2776 -0.186431 -19.6837)
(-45.119 0.184679 -18.4853)
(-44.6959 0.453737 -18.3016)
(-44.4769 0.37572 -18.2057)
(-44.3835 0.140784 -18.1645)
(-44.3835 -0.140784 -18.1645)
(-44.4769 -0.37572 -18.2057)
(-44.6959 -0.453737 -18.3016)
(-45.119 -0.184679 -18.4853)
(-42.0418 0.182351 -17.3018)
(-41.6337 0.440548 -17.1246)
(-41.423 0.364109 -17.0323)
(-41.3331 0.136359 -16.9927)
(-41.3331 -0.136359 -16.9927)
(-41.423 -0.364109 -17.0323)
(-41.6337 -0.440548 -17.1246)
(-42.0418 -0.182351 -17.3018)
(-39.0507 0.179473 -16.1369)
(-38.6579 0.42688 -15.9663)
(-38.4554 0.352183 -15.8777)
(-38.3691 0.131826 -15.8397)
(-38.3691 -0.131826 -15.8397)
(-38.4554 -0.352183 -15.8777)
(-38.6579 -0.42688 -15.9663)
(-39.0507 -0.179473 -16.1369)
(-36.15 0.176069 -14.9945)
(-35.7725 0.412765 -14.8306)
(-35.5782 0.339966 -14.7456)
(-35.4956 0.127192 -14.7092)
(-35.4956 -0.127192 -14.7092)
(-35.5782 -0.339966 -14.7456)
(-35.7725 -0.412765 -14.8306)
(-36.15 -0.176069 -14.9945)
(-33.3436 0.172167 -13.8779)
(-32.9814 0.398231 -13.7206)
(-32.7954 0.327478 -13.6393)
(-32.7163 0.122466 -13.6046)
(-32.7163 -0.122466 -13.6046)
(-32.7954 -0.327478 -13.6393)
(-32.9814 -0.398231 -13.7206)
(-33.3436 -0.172167 -13.8779)
(-30.6352 0.167792 -12.7903)
(-30.2881 0.383309 -12.6397)
(-30.1103 0.314741 -12.5621)
(-30.0348 0.117653 -12.5289)
(-30.0348 -0.117653 -12.5289)
(-30.1103 -0.314741 -12.5621)
(-30.2881 -0.383309 -12.6397)
(-30.6352 -0.167792 -12.7903)
(-28.0279 0.162971 -11.7347)
(-27.6959 0.368026 -11.5908)
(-27.5262 0.301775 -11.5167)
(-27.4543 0.112762 -11.4852)
(-27.4543 -0.112762 -11.4852)
(-27.5262 -0.301775 -11.5167)
(-27.6959 -0.368027 -11.5908)
(-28.0279 -0.162971 -11.7347)
(-25.5247 0.15773 -10.7137)
(-25.2077 0.352411 -10.5763)
(-25.046 0.288598 -10.5059)
(-24.9776 0.107799 -10.4759)
(-24.9776 -0.107799 -10.4759)
(-25.046 -0.288598 -10.5059)
(-25.2077 -0.352411 -10.5763)
(-25.5247 -0.15773 -10.7137)
(-23.1284 0.152096 -9.72979)
(-22.826 0.336491 -9.59888)
(-22.6722 0.27523 -9.53194)
(-22.6072 0.102772 -9.50355)
(-22.6072 -0.102772 -9.50355)
(-22.6722 -0.27523 -9.53194)
(-22.826 -0.336491 -9.59888)
(-23.1284 -0.152096 -9.72979)
(-20.8414 0.146096 -8.7852)
(-20.5534 0.320294 -8.66064)
(-20.4073 0.261691 -8.59715)
(-20.3456 0.0976865 -8.57027)
(-20.3456 -0.0976866 -8.57027)
(-20.4073 -0.261691 -8.59715)
(-20.5534 -0.320294 -8.66064)
(-20.8414 -0.146096 -8.7852)
(-18.6658 0.139752 -7.88197)
(-18.3918 0.303839 -7.76361)
(-18.2532 0.247994 -7.70348)
(-18.1949 0.0925477 -7.67808)
(-18.1949 -0.0925478 -7.67808)
(-18.2532 -0.247994 -7.70348)
(-18.3918 -0.303839 -7.76361)
(-18.6658 -0.139752 -7.88197)
(-16.6035 0.133085 -7.02187)
(-16.3432 0.287143 -6.90955)
(-16.2119 0.234147 -6.85269)
(-16.1568 0.0873581 -6.82874)
(-16.1568 -0.0873582 -6.82874)
(-16.2119 -0.234147 -6.85269)
(-16.3432 -0.287143 -6.90955)
(-16.6035 -0.133085 -7.02187)
(-14.6562 0.12612 -6.20651)
(-14.4092 0.270224 -6.10004)
(-14.285 0.220159 -6.04635)
(-14.233 0.0821198 -6.0238)
(-14.233 -0.0821199 -6.0238)
(-14.285 -0.220159 -6.04635)
(-14.4092 -0.270224 -6.10004)
(-14.6562 -0.12612 -6.20651)
(-12.8254 0.118875 -5.43728)
(-12.5911 0.25309 -5.33646)
(-12.4739 0.206031 -5.28583)
(-12.4249 0.0768321 -5.26464)
(-12.4249 -0.0768322 -5.26464)
(-12.4739 -0.206031 -5.28583)
(-12.5911 -0.25309 -5.33646)
(-12.8254 -0.118875 -5.43728)
(-11.1123 0.111362 -4.71539)
(-10.8903 0.235735 -4.62002)
(-10.7798 0.191753 -4.57236)
(-10.7338 0.0714913 -4.55249)
(-10.7338 -0.0714914 -4.55249)
(-10.7798 -0.191753 -4.57236)
(-10.8903 -0.235735 -4.62002)
(-11.1123 -0.111362 -4.71539)
(-9.51789 0.103588 -4.0419)
(-9.30787 0.218138 -3.95176)
(-9.20378 0.177301 -3.90697)
(-9.16071 0.0660879 -3.8884)
(-9.16071 -0.066088 -3.8884)
(-9.20378 -0.177301 -3.90697)
(-9.30787 -0.218138 -3.95176)
(-9.51789 -0.103588 -4.0419)
(-8.0431 0.0955427 -3.41766)
(-7.84457 0.20025 -3.33256)
(-7.74687 0.162629 -3.2906)
(-7.70672 0.0606025 -3.27332)
(-7.70672 -0.0606025 -3.27332)
(-7.74687 -0.162629 -3.2906)
(-7.84457 -0.20025 -3.33256)
(-8.0431 -0.0955427 -3.41766)
(-6.68861 0.0872023 -2.84339)
(-6.50123 0.181987 -2.76319)
(-6.40994 0.147661 -2.72403)
(-6.37279 0.0550063 -2.70808)
(-6.37279 -0.0550064 -2.70808)
(-6.40994 -0.147661 -2.72403)
(-6.50123 -0.181987 -2.76319)
(-6.68861 -0.0872023 -2.84339)
(-5.45492 0.0785174 -2.31968)
(-5.27857 0.163219 -2.24429)
(-5.19387 0.132291 -2.20801)
(-5.15988 0.0492602 -2.19344)
(-5.15988 -0.0492603 -2.19344)
(-5.19387 -0.132291 -2.20801)
(-5.27857 -0.163219 -2.24429)
(-5.45492 -0.0785174 -2.31968)
(-4.34247 0.06941 -1.84698)
(-4.17731 0.143766 -1.77645)
(-4.09964 0.116381 -1.74324)
(-4.06912 0.0433166 -1.73017)
(-4.06912 -0.0433167 -1.73017)
(-4.09964 -0.116381 -1.74324)
(-4.17731 -0.143766 -1.77645)
(-4.34247 -0.06941 -1.84698)
(-3.35169 0.0597727 -1.4257)
(-3.19836 0.123414 -1.3603)
(-3.12851 0.0997862 -1.33046)
(-3.10189 0.0371296 -1.31908)
(-3.10189 -0.0371297 -1.31908)
(-3.12851 -0.0997862 -1.33046)
(-3.19836 -0.123414 -1.3603)
(-3.35169 -0.0597727 -1.4257)
(-2.48326 0.04948 -1.0563)
(-2.34315 0.101956 -0.996584)
(-2.28223 0.0824098 -0.970594)
(-2.26004 0.0306786 -0.961116)
(-2.26004 -0.0306787 -0.961116)
(-2.28223 -0.0824098 -0.970594)
(-2.34315 -0.101956 -0.996584)
(-2.48326 -0.04948 -1.0563)
(-1.73854 0.0384292 -0.739454)
(-1.61397 0.0793269 -0.68641)
(-1.56337 0.0643146 -0.664844)
(-1.54612 0.0240118 -0.657482)
(-1.54612 -0.0240117 -0.657482)
(-1.56337 -0.0643146 -0.664843)
(-1.61397 -0.0793269 -0.68641)
(-1.73854 -0.0384293 -0.739454)
(-1.1202 0.0266552 -0.47638)
(-1.01465 0.0558518 -0.431467)
(-0.975679 0.0459189 -0.414871)
(-0.963638 0.0173106 -0.409738)
(-0.963636 -0.01731 -0.409737)
(-0.975677 -0.0459188 -0.41487)
(-1.01465 -0.0558521 -0.431467)
(-1.1202 -0.0266555 -0.476381)
(-0.632991 0.014564 -0.269132)
(-0.550913 0.0326835 -0.234226)
(-0.524249 0.0282527 -0.22288)
(-0.517205 0.0109603 -0.21988)
(-0.517205 -0.0109592 -0.21988)
(-0.52425 -0.0282528 -0.22288)
(-0.550916 -0.0326843 -0.234227)
(-0.632995 -0.0145644 -0.269134)
(-0.283493 0.0032431 -0.120505)
(-0.229318 0.0121778 -0.097476)
(-0.214791 0.0130946 -0.0912984)
(-0.211959 0.00557025 -0.090093)
(-0.211965 -0.00557016 -0.0900957)
(-0.214798 -0.013095 -0.0913015)
(-0.229324 -0.0121784 -0.0974784)
(-0.283492 -0.00324319 -0.120505)
(-0.0719167 -0.00484238 -0.0305632)
(-0.0492652 -0.00171729 -0.0209375)
(-0.0462729 0.00274395 -0.0196659)
(-0.046646 0.00184439 -0.0198241)
(-0.0466541 -0.00184706 -0.0198275)
(-0.0462812 -0.00274348 -0.0196694)
(-0.0492644 0.00171792 -0.0209371)
(-0.0719153 0.00484254 -0.0305626)
(0.0170134 -0.00548857 0.00722734)
(0.00945522 -0.00322327 0.00401245)
(0.00560867 -0.000376054 0.00237784)
(0.00325309 0.000275824 0.00137688)
(0.00325839 -0.000277612 0.00137912)
(0.00561475 0.000376541 0.0023804)
(0.00945853 0.00322386 0.00401388)
(0.0170203 0.00548881 0.00723028)
)
;
    }
    bottom
    {
        type            calculated;
        value           nonuniform List<vector> 
640
(
(-64.2666 -6.23708 0.939695)
(-76.3805 -8.78077 -0.599675)
(-86.5863 -5.85711 -1.89401)
(-91.3681 -1.94188 -2.52773)
(-91.3681 1.94188 -2.52773)
(-86.5863 5.85711 -1.89401)
(-76.3805 8.78077 -0.599675)
(-64.2666 6.23708 0.939695)
(-39.381 -1.79909 2.61612)
(-42.9861 -3.0482 2.36825)
(-44.3902 -2.35249 2.24968)
(-45.1525 -0.82539 2.18598)
(-45.1525 0.82539 2.18598)
(-44.3902 2.35249 2.24968)
(-42.9861 3.0482 2.36825)
(-39.381 1.79909 2.61612)
(-46.2097 -0.863321 2.02851)
(-48.7582 -1.61721 1.86437)
(-48.892 -1.35861 1.86057)
(-48.969 -0.509362 1.85387)
(-48.969 0.509362 1.85387)
(-48.892 1.35861 1.86057)
(-48.7582 1.61721 1.86437)
(-46.2097 0.863321 2.02851)
(-59.3137 -0.436451 0.680394)
(-61.7638 -0.893657 0.4905)
(-62.3483 -0.820591 0.455508)
(-62.5096 -0.326818 0.444536)
(-62.5096 0.326818 0.444536)
(-62.3483 0.820591 0.455508)
(-61.7638 0.893657 0.4905)
(-59.3137 0.436451 0.680394)
(-72.5468 -0.125226 -1.06467)
(-74.4189 -0.356858 -1.23096)
(-75.2553 -0.391155 -1.30004)
(-75.5485 -0.168867 -1.32526)
(-75.5485 0.168867 -1.32526)
(-75.2553 0.391155 -1.30004)
(-74.4189 0.356858 -1.23096)
(-72.5468 0.125226 -1.06467)
(-84.8122 0.0990533 -3.07379)
(-86.0605 0.00685206 -3.19249)
(-86.8335 -0.0859992 -3.26696)
(-87.158 -0.0516125 -3.29947)
(-87.158 0.0516125 -3.29947)
(-86.8335 0.0859992 -3.26696)
(-86.0605 -0.00685206 -3.19249)
(-84.8122 -0.0990533 -3.07379)
(-95.8727 0.257766 -5.26539)
(-96.5963 0.244378 -5.33146)
(-97.1728 0.117103 -5.39117)
(-97.4504 0.0280366 -5.42173)
(-97.4504 -0.0280366 -5.42173)
(-97.1728 -0.117103 -5.39117)
(-96.5963 -0.244378 -5.33146)
(-95.8727 -0.257766 -5.26539)
(-105.696 0.369457 -7.57537)
(-106.009 0.399551 -7.59021)
(-106.367 0.249439 -7.6255)
(-106.562 0.080228 -7.64746)
(-106.562 -0.080228 -7.64746)
(-106.367 -0.249439 -7.6255)
(-106.009 -0.399551 -7.59021)
(-105.696 -0.369457 -7.57537)
(-114.32 0.448677 -9.95107)
(-114.332 0.503428 -9.9204)
(-114.498 0.336611 -9.92891)
(-114.608 0.114456 -9.93914)
(-114.608 -0.114456 -9.93914)
(-114.498 -0.336611 -9.92891)
(-114.332 -0.503428 -9.9204)
(-114.32 -0.448677 -9.95107)
(-121.809 0.506188 -12.3484)
(-121.615 0.576475 -12.2802)
(-121.632 0.396497 -12.2638)
(-121.667 0.1377 -12.262)
(-121.667 -0.1377 -12.262)
(-121.632 -0.396497 -12.2638)
(-121.615 -0.576475 -12.2802)
(-121.809 -0.506188 -12.3484)
(-128.236 0.549278 -14.7306)
(-127.913 0.631318 -14.6333)
(-127.823 0.440445 -14.596)
(-127.802 0.154503 -14.5833)
(-127.802 -0.154503 -14.5833)
(-127.823 -0.440446 -14.596)
(-127.913 -0.631318 -14.6333)
(-128.236 -0.549278 -14.7306)
(-133.681 0.582566 -17.067)
(-133.284 0.675262 -16.9487)
(-133.125 0.47514 -16.8951)
(-133.065 0.167585 -16.8734)
(-133.065 -0.167585 -16.8734)
(-133.125 -0.47514 -16.8951)
(-133.284 -0.675262 -16.9487)
(-133.681 -0.582566 -17.067)
(-138.217 0.608869 -19.3325)
(-137.787 0.712303 -19.2)
(-137.589 0.504262 -19.1345)
(-137.504 0.178463 -19.1061)
(-137.504 -0.178463 -19.1061)
(-137.589 -0.504262 -19.1345)
(-137.787 -0.712303 -19.2)
(-138.217 -0.608869 -19.3325)
(-141.915 0.62989 -21.5059)
(-141.482 0.74451 -21.3651)
(-141.265 0.529717 -21.2917)
(-141.166 0.187931 -21.2585)
(-141.166 -0.187931 -21.2585)
(-141.265 -0.529717 -21.2917)
(-141.482 -0.74451 -21.3651)
(-141.915 -0.62989 -21.5059)
(-144.842 0.646672 -23.5702)
(-144.425 0.772912 -23.4257)
(-144.204 0.552426 -23.3475)
(-144.1 0.196379 -23.3113)
(-144.1 -0.196379 -23.3113)
(-144.204 -0.552426 -23.3475)
(-144.425 -0.772912 -23.4257)
(-144.842 -0.646672 -23.5702)
(-147.059 0.659884 -25.511)
(-146.67 0.798012 -25.3665)
(-146.456 0.572814 -25.2864)
(-146.352 0.203985 -25.2486)
(-146.352 -0.203985 -25.2486)
(-146.456 -0.572814 -25.2864)
(-146.67 -0.798012 -25.3665)
(-147.059 -0.659884 -25.511)
(-148.622 0.669986 -27.3171)
(-148.268 0.820076 -27.1756)
(-148.067 0.591073 -27.0955)
(-147.968 0.210828 -27.0571)
(-147.968 -0.210828 -27.0571)
(-148.067 -0.591073 -27.0955)
(-148.268 -0.820076 -27.1756)
(-148.622 -0.669986 -27.3171)
(-149.582 0.677323 -28.9795)
(-149.269 0.839274 -28.8432)
(-149.086 0.607304 -28.7648)
(-148.993 0.216946 -28.7268)
(-148.993 -0.216946 -28.7268)
(-149.086 -0.607304 -28.7648)
(-149.269 -0.839274 -28.8432)
(-149.582 -0.677323 -28.9795)
(-149.988 0.682171 -30.4915)
(-149.718 0.855744 -30.3624)
(-149.555 0.621581 -30.2868)
(-149.471 0.222366 -30.2498)
(-149.471 -0.222366 -30.2498)
(-149.555 -0.621581 -30.2868)
(-149.718 -0.855744 -30.3624)
(-149.988 -0.682171 -30.4915)
(-149.886 0.684764 -31.8484)
(-149.66 0.869616 -31.7278)
(-149.518 0.633975 -31.656)
(-149.443 0.227109 -31.6205)
(-149.443 -0.227109 -31.6205)
(-149.518 -0.633975 -31.656)
(-149.66 -0.869616 -31.7278)
(-149.886 -0.684764 -31.8484)
(-149.318 0.685307 -33.0473)
(-149.136 0.881019 -32.9363)
(-149.016 0.644558 -32.869)
(-148.95 0.231202 -32.8354)
(-148.95 -0.231202 -32.8354)
(-149.016 -0.644558 -32.869)
(-149.136 -0.881019 -32.9363)
(-149.318 -0.685307 -33.0473)
(-148.324 0.683982 -34.0867)
(-148.185 0.890079 -33.9863)
(-148.087 0.653407 -33.9241)
(-148.031 0.234668 -33.8926)
(-148.031 -0.234668 -33.8926)
(-148.087 -0.653407 -33.9241)
(-148.185 -0.890079 -33.9863)
(-148.324 -0.683982 -34.0867)
(-146.942 0.680953 -34.967)
(-146.845 0.89692 -34.8777)
(-146.768 0.660599 -34.8209)
(-146.722 0.237534 -34.7919)
(-146.722 -0.237534 -34.7919)
(-146.768 -0.660599 -34.8209)
(-146.845 -0.89692 -34.8777)
(-146.942 -0.680953 -34.967)
(-145.207 0.67637 -35.6894)
(-145.15 0.901658 -35.6117)
(-145.094 0.666209 -35.5608)
(-145.057 0.239826 -35.5343)
(-145.057 -0.239826 -35.5343)
(-145.094 -0.666209 -35.5608)
(-145.15 -0.901658 -35.6117)
(-145.207 -0.67637 -35.6894)
(-143.153 0.670371 -36.2567)
(-143.135 0.904408 -36.1909)
(-143.098 0.670312 -36.1459)
(-143.071 0.241569 -36.1221)
(-143.071 -0.241569 -36.1221)
(-143.098 -0.670312 -36.1459)
(-143.135 -0.904408 -36.1909)
(-143.153 -0.670371 -36.2567)
(-140.812 0.663087 -36.6723)
(-140.83 0.90528 -36.6186)
(-140.812 0.672979 -36.5796)
(-140.793 0.242789 -36.5585)
(-140.793 -0.242789 -36.5585)
(-140.812 -0.672979 -36.5796)
(-140.83 -0.90528 -36.6186)
(-140.812 -0.663087 -36.6723)
(-138.213 0.654638 -36.9408)
(-138.265 0.904378 -36.8991)
(-138.265 0.67428 -36.8662)
(-138.254 0.24351 -36.8479)
(-138.254 -0.24351 -36.8479)
(-138.265 -0.67428 -36.8662)
(-138.265 -0.904378 -36.8991)
(-138.213 -0.654638 -36.9408)
(-135.385 0.645139 -37.0674)
(-135.469 0.901807 -37.0375)
(-135.485 0.674284 -37.0107)
(-135.482 0.243754 -36.9952)
(-135.482 -0.243754 -36.9952)
(-135.485 -0.674284 -37.0107)
(-135.469 -0.901807 -37.0375)
(-135.385 -0.645139 -37.0674)
(-132.354 0.634698 -37.0578)
(-132.467 0.897664 -37.0396)
(-132.499 0.673058 -37.0188)
(-132.503 0.243546 -37.0059)
(-132.503 -0.243546 -37.0059)
(-132.499 -0.673058 -37.0188)
(-132.467 -0.897664 -37.0396)
(-132.354 -0.634698 -37.0578)
(-129.145 0.623419 -36.9185)
(-129.285 0.892049 -36.9116)
(-129.331 0.670668 -36.8966)
(-129.342 0.24291 -36.8864)
(-129.342 -0.24291 -36.8864)
(-129.331 -0.670668 -36.8966)
(-129.285 -0.892049 -36.9116)
(-129.145 -0.623419 -36.9185)
(-125.782 0.611399 -36.6561)
(-125.946 0.885056 -36.6601)
(-126.005 0.667179 -36.6507)
(-126.022 0.241866 -36.6431)
(-126.022 -0.241866 -36.6431)
(-126.005 -0.667179 -36.6507)
(-125.946 -0.885056 -36.6601)
(-125.782 -0.611399 -36.6561)
(-122.285 0.59873 -36.2778)
(-122.472 0.876779 -36.2921)
(-122.542 0.662655 -36.2881)
(-122.565 0.240439 -36.283)
(-122.565 -0.240439 -36.283)
(-122.542 -0.662655 -36.2881)
(-122.472 -0.876779 -36.2921)
(-122.285 -0.59873 -36.2778)
(-118.677 0.585501 -35.7908)
(-118.884 0.867307 -35.8149)
(-118.964 0.65716 -35.816)
(-118.992 0.23865 -35.8133)
(-118.992 -0.23865 -35.8133)
(-118.964 -0.65716 -35.816)
(-118.884 -0.867307 -35.8149)
(-118.677 -0.585501 -35.7908)
(-114.976 0.571791 -35.2027)
(-115.199 0.856728 -35.2359)
(-115.289 0.650753 -35.2418)
(-115.321 0.236521 -35.2413)
(-115.321 -0.236521 -35.2413)
(-115.289 -0.650753 -35.2418)
(-115.199 -0.856728 -35.2359)
(-114.976 -0.571791 -35.2027)
(-111.2 0.557679 -34.521)
(-111.438 0.845125 -34.5626)
(-111.536 0.643495 -34.573)
(-111.572 0.234073 -34.5747)
(-111.572 -0.234073 -34.5747)
(-111.536 -0.643495 -34.573)
(-111.438 -0.845125 -34.5626)
(-111.2 -0.557679 -34.521)
(-107.365 0.543236 -33.7533)
(-107.616 0.832579 -33.8027)
(-107.72 0.635443 -33.8172)
(-107.76 0.231327 -33.8209)
(-107.76 -0.231327 -33.8209)
(-107.72 -0.635443 -33.8172)
(-107.616 -0.832579 -33.8027)
(-107.365 -0.543236 -33.7533)
(-103.488 0.52853 -32.9073)
(-103.749 0.819166 -32.9636)
(-103.859 0.626653 -32.9819)
(-103.902 0.228302 -32.9874)
(-103.902 -0.228302 -32.9874)
(-103.859 -0.626653 -32.9819)
(-103.749 -0.819166 -32.9636)
(-103.488 -0.52853 -32.9073)
(-99.582 0.513621 -31.9905)
(-99.8509 0.804961 -32.053)
(-99.9662 0.617178 -32.0747)
(-100.012 0.225017 -32.0818)
(-100.012 -0.225017 -32.0818)
(-99.9662 -0.617178 -32.0747)
(-99.8509 -0.804961 -32.053)
(-99.582 -0.513621 -31.9905)
(-95.6615 0.498567 -31.0102)
(-95.9364 0.790033 -31.0782)
(-96.0554 0.607068 -31.103)
(-96.1028 0.221491 -31.1115)
(-96.1028 -0.221492 -31.1115)
(-96.0554 -0.607069 -31.103)
(-95.9364 -0.790033 -31.0782)
(-95.6615 -0.498567 -31.0102)
(-91.7386 0.48342 -29.9739)
(-92.0176 0.774447 -30.0465)
(-92.1393 0.596374 -30.0739)
(-92.1883 0.217742 -30.0839)
(-92.1883 -0.217742 -30.0839)
(-92.1393 -0.596374 -30.0739)
(-92.0176 -0.774447 -30.0465)
(-91.7386 -0.48342 -29.9739)
(-87.8249 0.468228 -28.8886)
(-88.106 0.758266 -28.9651)
(-88.2295 0.585139 -28.9948)
(-88.2797 0.213786 -29.0059)
(-88.2797 -0.213786 -29.0059)
(-88.2295 -0.585139 -28.9948)
(-88.106 -0.758266 -28.9651)
(-87.8249 -0.468228 -28.8886)
(-83.9311 0.453034 -27.7613)
(-84.2126 0.741548 -27.841)
(-84.3369 0.573409 -27.8725)
(-84.3879 0.209638 -27.8846)
(-84.3879 -0.209638 -27.8846)
(-84.3369 -0.573409 -27.8725)
(-84.2126 -0.741548 -27.841)
(-83.9311 -0.453034 -27.7613)
(-80.0671 0.437876 -26.5988)
(-80.3472 0.724347 -26.6807)
(-80.4716 0.561226 -26.7138)
(-80.523 0.205315 -26.7267)
(-80.523 -0.205315 -26.7267)
(-80.4716 -0.561226 -26.7138)
(-80.3472 -0.724347 -26.6807)
(-80.0671 -0.437876 -26.5988)
(-76.2419 0.422791 -25.4073)
(-76.519 0.706717 -25.4909)
(-76.6428 0.548627 -25.5252)
(-76.6942 0.200831 -25.5388)
(-76.6942 -0.200831 -25.5388)
(-76.6428 -0.548628 -25.5252)
(-76.519 -0.706717 -25.4909)
(-76.2419 -0.422791 -25.4073)
(-72.464 0.40781 -24.1933)
(-72.7367 0.688705 -24.2778)
(-72.859 0.535652 -24.313)
(-72.9102 0.196198 -24.3271)
(-72.9102 -0.196198 -24.3271)
(-72.859 -0.535652 -24.313)
(-72.7367 -0.688705 -24.2778)
(-72.464 -0.40781 -24.1933)
(-68.741 0.392959 -22.9627)
(-69.008 0.670355 -23.0475)
(-69.1282 0.522335 -23.0831)
(-69.1787 0.191431 -23.0975)
(-69.1787 -0.191431 -23.0975)
(-69.1282 -0.522335 -23.0831)
(-69.008 -0.670355 -23.0475)
(-68.741 -0.392959 -22.9627)
(-65.08 0.378265 -21.7212)
(-65.34 0.651711 -21.8055)
(-65.4574 0.508708 -21.8413)
(-65.5071 0.186541 -21.856)
(-65.5071 -0.186541 -21.856)
(-65.4574 -0.508709 -21.8413)
(-65.34 -0.651711 -21.8055)
(-65.08 -0.378265 -21.7212)
(-61.4875 0.363746 -20.4741)
(-61.7394 0.632811 -20.5574)
(-61.8535 0.494804 -20.5931)
(-61.902 0.18154 -20.6078)
(-61.902 -0.18154 -20.6078)
(-61.8535 -0.494804 -20.5931)
(-61.7394 -0.632811 -20.5574)
(-61.4875 -0.363746 -20.4741)
(-57.9695 0.349422 -19.2266)
(-58.2121 0.613691 -19.3084)
(-58.3225 0.480651 -19.3436)
(-58.3696 0.176439 -19.3583)
(-58.3696 -0.176439 -19.3583)
(-58.3225 -0.480651 -19.3436)
(-58.2121 -0.613691 -19.3084)
(-57.9695 -0.349422 -19.2266)
(-54.5312 0.335308 -17.9837)
(-54.7638 0.594385 -18.0633)
(-54.8698 0.466277 -18.0979)
(-54.9153 0.171247 -18.1124)
(-54.9153 -0.171247 -18.1124)
(-54.8698 -0.466277 -18.0979)
(-54.7638 -0.594385 -18.0633)
(-54.5312 -0.335308 -17.9837)
(-51.1777 0.321416 -16.7497)
(-51.3993 0.574924 -16.8267)
(-51.5007 0.451707 -16.8604)
(-51.5444 0.165975 -16.8746)
(-51.5444 -0.165975 -16.8746)
(-51.5007 -0.451707 -16.8604)
(-51.3993 -0.574924 -16.8267)
(-51.1777 -0.321416 -16.7497)
(-47.9134 0.307755 -15.5291)
(-48.1234 0.555336 -15.6031)
(-48.2196 0.436965 -15.6355)
(-48.2613 0.160631 -15.6494)
(-48.2613 -0.160631 -15.6494)
(-48.2196 -0.436965 -15.6355)
(-48.1234 -0.555336 -15.6031)
(-47.9134 -0.307755 -15.5291)
(-44.7423 0.294332 -14.3258)
(-44.94 0.535647 -14.3963)
(-45.0308 0.422073 -14.4274)
(-45.0704 0.155224 -14.4408)
(-45.0704 -0.155224 -14.4408)
(-45.0308 -0.422073 -14.4274)
(-44.94 -0.535647 -14.3963)
(-44.7423 -0.294332 -14.3258)
(-41.6681 0.281154 -13.1436)
(-41.8529 0.51588 -13.2102)
(-41.938 0.407052 -13.2397)
(-41.9753 0.149762 -13.2525)
(-41.9753 -0.149762 -13.2525)
(-41.938 -0.407052 -13.2397)
(-41.8529 -0.51588 -13.2102)
(-41.6681 -0.281154 -13.1436)
(-38.6939 0.268223 -11.9858)
(-38.8654 0.496059 -12.0482)
(-38.9446 0.39192 -12.076)
(-38.9796 0.144251 -12.0882)
(-38.9796 -0.144251 -12.0882)
(-38.9446 -0.39192 -12.076)
(-38.8654 -0.496059 -12.0482)
(-38.6939 -0.268223 -11.9858)
(-35.8228 0.25554 -10.8557)
(-35.9807 0.476201 -10.9136)
(-36.0537 0.376697 -10.9396)
(-36.0862 0.138699 -10.951)
(-36.0862 -0.138699 -10.951)
(-36.0537 -0.376697 -10.9396)
(-35.9807 -0.476201 -10.9136)
(-35.8228 -0.25554 -10.8557)
(-33.0573 0.243105 -9.75612)
(-33.2012 0.456326 -9.80938)
(-33.268 0.361398 -9.8333)
(-33.2979 0.133112 -9.84393)
(-33.2979 -0.133112 -9.84393)
(-33.268 -0.361398 -9.8333)
(-33.2012 -0.456326 -9.80938)
(-33.0573 -0.243105 -9.75612)
(-30.3996 0.230916 -8.68986)
(-30.5295 0.436449 -8.7382)
(-30.5899 0.346038 -8.76001)
(-30.6172 0.127496 -8.76979)
(-30.6172 -0.127496 -8.76979)
(-30.5899 -0.346038 -8.76001)
(-30.5295 -0.436449 -8.7382)
(-30.3996 -0.230916 -8.68986)
(-27.852 0.218969 -7.65928)
(-27.9676 0.416584 -7.70256)
(-28.0215 0.330632 -7.72215)
(-28.0462 0.121856 -7.73105)
(-28.0462 -0.121856 -7.73105)
(-28.0215 -0.330632 -7.72215)
(-27.9676 -0.416584 -7.70255)
(-27.852 -0.218969 -7.65928)
(-25.416 0.20726 -6.6666)
(-25.5173 0.396744 -6.70467)
(-25.5648 0.31519 -6.72198)
(-25.5867 0.116197 -6.72996)
(-25.5867 -0.116197 -6.72996)
(-25.5648 -0.31519 -6.72198)
(-25.5173 -0.396744 -6.70467)
(-25.416 -0.20726 -6.6666)
(-23.0932 0.195782 -5.71378)
(-23.1803 0.37694 -5.74657)
(-23.2212 0.299726 -5.76153)
(-23.2404 0.110524 -5.76855)
(-23.2404 -0.110524 -5.76855)
(-23.2212 -0.299726 -5.76153)
(-23.1803 -0.37694 -5.74657)
(-23.0932 -0.195782 -5.71378)
(-20.8849 0.184526 -4.80259)
(-20.9579 0.357179 -4.83004)
(-20.9923 0.284246 -4.84261)
(-21.0088 0.104839 -4.84866)
(-21.0088 -0.104839 -4.84866)
(-20.9923 -0.284247 -4.84261)
(-20.9579 -0.357179 -4.83004)
(-20.8849 -0.184526 -4.80259)
(-18.7922 0.173485 -3.93459)
(-18.8511 0.337466 -3.95667)
(-18.8791 0.26876 -3.96683)
(-18.893 0.0991466 -3.97189)
(-18.893 -0.0991466 -3.97189)
(-18.8791 -0.26876 -3.96683)
(-18.8511 -0.337466 -3.95667)
(-18.7922 -0.173485 -3.93459)
(-16.816 0.162645 -3.11114)
(-16.8611 0.317805 -3.12785)
(-16.8828 0.253269 -3.13561)
(-16.894 0.0934473 -3.13968)
(-16.894 -0.0934473 -3.13968)
(-16.8828 -0.253269 -3.13561)
(-16.8611 -0.317805 -3.12785)
(-16.816 -0.162645 -3.11114)
(-14.957 0.151996 -2.33342)
(-14.9886 0.298192 -2.34481)
(-15.004 0.237774 -2.35016)
(-15.0126 0.0877405 -2.35324)
(-15.0126 -0.0877405 -2.35324)
(-15.004 -0.237774 -2.35016)
(-14.9886 -0.298192 -2.34481)
(-14.957 -0.151996 -2.33342)
(-13.2159 0.14152 -1.60245)
(-13.2342 0.278618 -1.60857)
(-13.2435 0.222265 -1.61156)
(-13.2496 0.0820233 -1.61367)
(-13.2496 -0.0820234 -1.61367)
(-13.2435 -0.222265 -1.61156)
(-13.2342 -0.278618 -1.60857)
(-13.2159 -0.14152 -1.60245)
(-11.5929 0.131195 -0.919071)
(-11.5983 0.25906 -0.920035)
(-11.6018 0.206727 -0.92071)
(-11.6054 0.0762891 -0.921875)
(-11.6054 -0.0762891 -0.921875)
(-11.6018 -0.206727 -0.92071)
(-11.5983 -0.25906 -0.920035)
(-11.5929 -0.131195 -0.91907)
(-10.0885 0.120991 -0.283983)
(-10.0814 0.239476 -0.279923)
(-10.0793 0.191124 -0.278379)
(-10.0807 0.070525 -0.27865)
(-10.0807 -0.070525 -0.27865)
(-10.0793 -0.191124 -0.278378)
(-10.0814 -0.239476 -0.279923)
(-10.0885 -0.120991 -0.283982)
(-8.70265 0.110865 0.30226)
(-8.6837 0.219801 0.311159)
(-8.67636 0.175402 0.314785)
(-8.67565 0.06471 0.315329)
(-8.67565 -0.0647099 0.315329)
(-8.67636 -0.175402 0.314785)
(-8.6837 -0.219802 0.311159)
(-8.70265 -0.110865 0.302261)
(-7.43546 0.100759 0.839237)
(-7.40529 0.199933 0.852722)
(-7.39328 0.159478 0.858223)
(-7.39081 0.0588131 0.859466)
(-7.39081 -0.058813 0.859466)
(-7.39328 -0.159478 0.858223)
(-7.40529 -0.199933 0.852722)
(-7.43546 -0.100759 0.839238)
(-6.28684 0.0905896 1.32664)
(-6.24636 0.179723 1.34435)
(-6.23044 0.143234 1.35143)
(-6.22662 0.052792 1.3532)
(-6.22662 -0.0527919 1.3532)
(-6.23044 -0.143234 1.35143)
(-6.24637 -0.179723 1.34435)
(-6.28684 -0.0905896 1.32664)
(-5.25668 0.0802438 1.76425)
(-5.20718 0.15897 1.78567)
(-5.18838 0.126523 1.79389)
(-5.18376 0.0465946 1.79597)
(-5.18376 -0.0465946 1.79597)
(-5.18838 -0.126523 1.79389)
(-5.20718 -0.15897 1.78567)
(-5.25668 -0.0802437 1.76425)
(-4.34499 0.069577 2.15183)
(-4.28826 0.137435 2.17622)
(-4.26796 0.109183 2.18502)
(-4.26325 0.0401695 2.18711)
(-4.26325 -0.0401696 2.18711)
(-4.26796 -0.109184 2.18502)
(-4.28826 -0.137435 2.17622)
(-4.34499 -0.0695769 2.15183)
(-3.55217 0.0584238 2.48906)
(-3.49071 0.114887 2.51539)
(-3.47067 0.0911 2.52403)
(-3.46667 0.0334894 2.52579)
(-3.46667 -0.0334897 2.52579)
(-3.47067 -0.0911002 2.52403)
(-3.49071 -0.114887 2.51539)
(-3.55218 -0.0584238 2.48906)
(-2.87954 0.0466471 2.77527)
(-2.81677 0.0912431 2.80209)
(-2.79895 0.0723223 2.80975)
(-2.79643 0.026596 2.81086)
(-2.79643 -0.0265962 2.81086)
(-2.79895 -0.0723224 2.80975)
(-2.81676 -0.0912431 2.80209)
(-2.87954 -0.0466471 2.77527)
(-2.33022 0.034276 3.00906)
(-2.27041 0.0668531 3.03457)
(-2.2566 0.0532707 3.04049)
(-2.25603 0.0196678 3.04076)
(-2.25603 -0.0196679 3.04076)
(-2.2566 -0.0532706 3.04049)
(-2.27041 -0.0668532 3.03457)
(-2.33022 -0.0342761 3.00906)
(-1.91071 0.0218225 3.18763)
(-1.85834 0.0429854 3.20994)
(-1.84951 0.0350059 3.21372)
(-1.85081 0.0130935 3.21319)
(-1.85081 -0.0130935 3.21319)
(-1.84951 -0.0350057 3.21372)
(-1.85834 -0.0429856 3.20994)
(-1.91071 -0.0218226 3.18764)
(-1.63095 0.0106977 3.30674)
(-1.59015 0.022299 3.32411)
(-1.58635 0.0193116 3.32574)
(-1.58888 0.00746291 3.32467)
(-1.58887 -0.00746271 3.32467)
(-1.58635 -0.0193114 3.32573)
(-1.59015 -0.0222991 3.32411)
(-1.63095 -0.0106978 3.30675)
(-1.5003 0.00258415 3.36241)
(-1.47422 0.00788128 3.3735)
(-1.47454 0.00805948 3.37338)
(-1.47713 0.00335126 3.37228)
(-1.47712 -0.00335077 3.37228)
(-1.47454 -0.00805943 3.37337)
(-1.47422 -0.00788145 3.3735)
(-1.5003 -0.00258435 3.36241)
(-1.50173 -0.00148943 3.36186)
(-1.48887 0.0012785 3.36734)
(-1.48848 0.00201992 3.36751)
(-1.48887 0.000931388 3.36734)
(-1.48887 -0.000931133 3.36734)
(-1.48848 -0.00201991 3.36751)
(-1.48887 -0.00127856 3.36734)
(-1.50173 0.00148936 3.36186)
)
;
    }
}


// ************************************************************************* //
