# Shallow ironing benchmark: vertical (y) component of the total reaction force
# on the top surface of the rounded block, from
#
#   Code_Aster, "General public licensed structural mechanics finite element
#   software, [v6.03.153] SSNP153 - deformable-deformable 2D rubbing contact in
#   large deformations (shallow ironing)", 2020.
#   https://www.code-aster.org/V2/doc/default/en/man_v/v6/v6.03.153.pdf
#
# Copied from the solid-benchmarks repository
# (https://github.com/solids4foam/solid-benchmarks, commit e51b66a),
# hyperElasticity/shallowIroning/data/asterVertical.dat, where the benchmark
# case was prepared by Ivan Batistić. The curve was digitised from the
# published figure using WebPlotDigitizer (https://apps.automeris.io/wpd/).
#
# Column 1: normalised time; the vertical displacement is applied from 0 to 1
#           and the horizontal displacement from 1 to 2. The solids4foam time t
#           in (1, 6] s corresponds to 1 + (t - 1)/5.
# Column 2: magnitude of the vertical reaction force.
# As in the benchmark plot script, multiply the forces by 100 to compare with
# the solids4foam force (N) on the 1 mm thick domain in
# postProcessing/0/solidForcesdisplacement.dat.
0.1841205055413182 0.00521766307826077
0.19105558312516802 0.008693022437849862
0.1979909970775196 0.009855511979733222
0.20492561215467953 0.01651106733866925
0.2121215091102756 0.032996548765014566
0.21905433455411172 0.051957622858608055
0.2257245834065698 0.06999121707403244
0.23176429818837352 0.08820718784476433
0.23889759803606603 0.10157339388847575
0.24583079868367635 0.11795456683086414
0.25287930084752863 0.1363403278591493
0.25969697797568586 0.15224340679532755
0.2659740817696705 0.17597893393156738
0.27125013103863616 0.19454432246712994
0.27798362374388963 0.21125017418841807
0.2849162473666248 0.23159897017263553
0.2917448184512538 0.2448513692974803
0.2987821138359278 0.26803877906756446
0.3054526605274046 0.2840244321898573
0.3123853625087112 0.303834434636995
0.3184239167427365 0.3300303319310429
0.32509335188920996 0.3536589684963918
0.33133217190217346 0.3756945026797678
0.3379188810380226 0.3900978691963668
0.34288612720400036 0.4124792238363426
0.34889484593416176 0.42705555103651616
0.35443980500181327 0.4511720625925246
0.3609101895005612 0.4706058200520826
0.36694948412752737 0.4917107754860224
0.3740817913823503 0.5119020501008915
0.3809377677084186 0.5293991154566227
0.3865913099685522 0.5535446326801123
0.39352393359128734 0.5738934286643285
0.40057893419073276 0.5957667231456476
0.4062327459279047 0.6180593162538153
0.41316518607691144 0.6396696775931443
0.4189416041329539 0.6619098125045246
0.42445923524298845 0.6830757971471
0.4305212598994955 0.7026185505019464
0.43543050275748707 0.7264217439723049
0.44111081307009137 0.7471505446265811
0.4478239237553264 0.7715335303675341
0.4548794059733082 0.7900952157916827
0.4605329883683199 0.8139647655937412
0.46720224921475173 0.8387918892464468
0.4732409980073764 0.8636500016118447
0.47964801526724676 0.8852599042668534
0.4874318911468887 0.9106241663015564
0.4934706720474158 0.9352615047298096
0.49839506267004974 0.9578162872160525
0.5050967846058434 0.9762094550787439
0.5096016081741058 0.9989373365491749
0.5159880603224665 1.017440616169846
0.5210284276493972 1.0428340223109585
0.5275405065528788 1.0646017123722196
0.5333168787404892 1.0871572386223778
0.5390620902087863 1.1072053762081908
0.5431044659516955 1.1304532497454032
0.5498058002992383 1.1515114744207695
0.5546851164585492 1.174539304626082
0.5612498919774711 1.2007225199939846
0.566819204444267 1.222331691348432
0.5725956225003095 1.2445718262598118
0.578372086424784 1.2664965698324138
0.584148894362499 1.2860558783641802
0.5890844523221946 1.3095568447357597
0.5946681426938696 1.3322961810826204
0.600444577950574 1.3544180442419584
0.606220866046059 1.3775517879465435
0.6117693275507345 1.4016709308216035
0.6165135846539207 1.4242518386695666
0.6218885272492871 1.451085824185221
0.6268841542851696 1.4691778808492075
0.6329829728212601 1.4940991239301287
0.6384439307358765 1.5177582446554174
0.6442202111866228 1.5409445535831314
0.6491560672911268 1.5623954762526537
0.6546435925838235 1.5840177175158838
0.659552674902303 1.6089247806719658
0.6651363136719919 1.6320189322749523
0.6709120972147242 1.658621980706096
0.6765660102446835 1.6802180846077954
0.6813966441660642 1.7026150895567875
0.6857363966758884 1.7283583189396703
0.6916099653451365 1.7449390155862137
0.6964142210957188 1.7680719107248049
0.7010348922693891 1.7890494711755678
0.705644671983869 1.8126605401314406
0.7102758906034892 1.8333700271179287
0.7148965388429435 1.8545052832380802
0.7193904044427888 1.880323990654849
0.7239811697109069 1.905477067804199
0.7294398275848666 1.9296402632989613
0.7345232281013916 1.9481621173411914
0.7388739584559533 1.9706778511975984
0.7437750284512396 1.9904641778890588
0.7483847806446603 2.0142644816481985
0.7525426358988103 2.0382930496594374
0.7576367438274418 2.055446902943404
0.7622464088708417 2.0798464502462224
0.766877742161542 2.099767458885765
0.7714881250459034 2.119231131736706
0.7751836964543449 2.1426521677785946
0.7805293113163059 2.1645923047969924
0.7853492487193322 2.1882824050612886
0.7899805705429247 2.2082822615355253
0.7946011041112987 2.2302059960026215
0.7992107508073255 2.2547316998409515
0.8038316971915881 2.2738169122590453
0.807411759656545 2.296659629935957
0.811646891369355 2.3192138107121085
0.816074121031184 2.345598850308086
0.8206943736554116 2.369454356725198
0.8253147524178276 2.392442536960671
0.829853100813536 2.4117445088452105
0.8335453133422249 2.4298748515751485
0.8361573705853814 2.4478307860914446
0.8420644427019294 2.4701551394290524
0.8464278149060133 2.494058606388366
0.8494449533134577 2.5123714620084154
0.8547705498203543 2.5329221073100285
0.8589576361980696 2.554661923125133
0.8627112564006926 2.576348357259018
0.8668981738933895 2.5992494264617623
0.8715184454383457 2.622974833951629
0.8761387611316674 2.646396677277921
0.8807591714286304 2.669168025967984
0.8852972495282213 2.6903285539560375
0.8889271822275039 2.7108997463093667
0.8933829596642698 2.73023262205
0.8970127121661405 2.752042851805671
0.9014683814844596 2.7721191499877103
0.9050155134730998 2.79430101888512
0.9085628256591517 2.8152438503801873
0.913018422898506 2.835815763523163
0.9166481393608946 2.857873800759303
0.9211858300360504 2.881698259162392
0.9258059565220901 2.9064210917611444
0.9303437192762106 2.9297499352032967
0.9338908993174938 2.9516013941267483
0.9374382355298673 2.9723790206348366
0.9418939048481861 2.9924553188168757
0.94552354923161 3.0150089710139527
0.9500613209956011 3.038275862585988
0.9546813528779997 3.06364918982097
0.9593013532258513 3.089239348601362
0.9639215743155319 3.1133116865638844
0.9684592559808171 3.137198096837091
0.9720890084826882 3.159008326592762
0.9766267171775854 3.1827088812556172
0.9812467490599838 3.208082208490599
0.9858667494078354 3.233672367270991
0.990486938962969 3.2579615367789234
0.9952517144162564 3.2816003377888143
0.9986544316942841 3.3032554896520403
1.000879653490975 3.331259681077025
1.0029953861390455 3.355141911971598
1.0045882603801735 3.378594153399916
1.006896517144142 3.403376919657775
1.0092783825485658 3.426672905103014
1.0112646735895043 3.4574647224551494
1.013820530606918 3.482929175521191
1.0147254639883636 3.505604352852669
1.0172817624894357 3.528033164282971
1.0189294515818643 3.553063161389581
1.0217142063635896 3.5816460588041976
1.0242054515968708 3.609815687470603
1.026513888558251 3.63335941632612
1.028574301802268 3.6591331962689586
1.031295498954719 3.6831729004802356
1.0331913799487609 3.7048164115906705
1.0357889331455796 3.727441439982493
1.0377256633911922 3.7520690022097183
1.0404051178132399 3.779268215757486
1.0426719381824046 3.805104127767854
1.0450215862918237 3.82914350762379
1.0505100354511892 3.8444132416717984
1.0540564862936135 3.8712786719500625
1.0568607274232127 3.8920349991240966
1.0634083084931012 3.9105436759302727
1.0672569598051322 3.941144379912024
1.0707261524088572 3.9315104496547644
1.0735605004305433 3.951697972231892
1.0775387245843868 3.98251518285766
1.0837482690705942 3.989080744352912
1.0880524659008404 4.0184509435527875
1.092099763836158 4.007853822090904
1.0944088179736728 4.0271538478433975
1.0994917139374456 4.049145006612187
1.1055018454153136 4.054007280577996
1.1107774658144396 4.075521578131133
1.115210045837749 4.065117532189227
1.1175191315098107 4.08420072639631
1.1215633740979043 4.094612172445255
1.1276575227827594 4.099821450273211
1.13344973596101 4.11667741757786
1.1360113262594034 4.1027198306260395
1.1410941822794163 4.124985642685681
1.1473046234934703 4.125385303507822
1.1530556017703866 4.141908947469633
1.156896662767001 4.130079491949119
1.1618974472752308 4.148942009198029
1.168370985228682 4.146692612116595
1.17511270698547 4.154986282078821
1.177503137773527 4.144619001214149
1.1824321977053485 4.164629630654128
1.1877317465187645 4.154081787177742
1.19206424990514 4.169456518653558
1.198653207103809 4.168402205221821
1.1990015419149596 4.157705485046583
1.203043471969604 4.184017911092256
1.2069761327164703 4.166848283654507
1.2132539126111435 4.185934942457158
1.2140275223236028 4.1653799846893005
1.220338505994 4.180336864981324
1.2270572818128302 4.170398197563551
1.2273161341933152 4.196933351541573
1.2336747749734944 4.189899104114208
1.236649802704898 4.171780776947678
1.2413807552041325 4.191433289259686
1.2466236105081219 4.173301109717466
1.2485355591047003 4.198009187752154
1.2550589504740524 4.193603908838022
1.2562174456399782 4.17596928558352
1.2624066512989405 4.198516911979152
1.2635653494872834 4.1794863065846775
1.26893217500433 4.179449690470634
1.2695071843441714 4.199774538546478
1.2756171325742618 4.199569236031464
1.2770236874970329 4.179456754209171
1.2830637611228695 4.195205313406195
1.28684940666475 4.177325927024586
1.2903140975366938 4.19864590449429
1.2960963561730843 4.180726208934595
1.2966710978196598 4.20289171590703
1.3030289950852967 4.200969874472553
1.3069325235168447 4.185409593721986
1.3121609009599067 4.200592368103092
1.3163248360747248 4.182815814159296
1.319211599610075 4.203875089221756
1.3251563202284005 4.204320825539155
1.3271398972961004 4.19069314400854
1.3330825676683205 4.205236372548146
1.3373779934350605 4.19169331172203
1.3408845719962144 4.208857043100471
1.3466395178925032 4.198099336257979
1.3527331594763594 4.206795440553537
1.3567809479490753 4.192825383940832
1.3608244477233944 4.208344417503876
1.3671823975466095 4.2060611901603835
1.3679936321782873 4.19173655910082
1.373828461006887 4.209753128789006
1.3778756363078553 4.199999241114828
1.3830759669247845 4.209327538542228
1.3874119951727506 4.2004653217199985
1.393190497694205 4.20837267245802
1.3973202299387615 4.198684250503485
1.4020524622400576 4.209536843842412
1.407351765784774 4.200675467941437
1.408794345173419 4.216722263683653
1.41531762662235 4.2130727975849505
1.4168883173607907 4.199816466880215
1.4236652291238228 4.206997536865151
1.4286399816587059 4.2018504872100095
1.4324917654024087 4.210912591014375
1.4390071188022895 4.21016484383509
1.4409694009043572 4.205330555728623
1.4469413083066138 4.208082302348925
1.4538768904432158 4.208088356981955
1.4608124515567869 4.208238965978593
1.4677480547164206 4.208100466248017
1.47422097459275 4.210100967456617
1.481619029782343 4.209413564786538
1.4880921893212298 4.209766146250022
1.4954902571246422 4.208992010961779
1.5027466997734829 4.2105884439015675
1.5092037314620117 4.209437645713364
1.5162970876265747 4.208431957406445
1.5232326907862084 4.208293457675868
1.530430770314696 4.209771567898691
1.5371038340363814 4.208450121305536
1.5440392479887333 4.20961261084742
1.5509222171225892 4.210104847925968
1.555516618789961 4.2052653482919355
1.5612955858202984 4.209978735948362
1.5677358728463697 4.209271911601258
1.5758280160300133 4.204942344431595
1.5816078465062815 4.203718677868465
1.5891216881433734 4.201701475963755
1.5960573753951324 4.200984758778753
1.6035707194871485 4.202388676812733
1.6096661244573927 4.198959736306379
1.6171272441542115 4.198177771276785
1.6238002295173257 4.19739511822071
1.6306835445756067 4.1955087789526395
1.6374088199512582 4.196460824128277
1.6446076066180737 4.193076651211603
1.6515433653481395 4.191868449190338
1.6584791913519057 4.190197673205532
1.6654148575806333 4.189625510384136
1.6723511124542387 4.185005825381755
1.6790239411002106 4.185300759399839
1.6853294744541696 4.1821523502239035
1.6918097079245769 4.182035355143221
1.694892937694533 4.176889157330389
1.7006723732381412 4.178381047740726
1.7055858025461497 4.173398210894694
1.71107619493438 4.175306303266663
1.715700589095785 4.1706846000532725
1.721480100722745 4.171653341338176
1.7261047471605262 4.165296985761504
1.7318840380456564 4.167783547864277
1.7353530904958392 4.159113313364395
1.7411323743732923 4.161648060255037
1.745757217026033 4.153942530618037
1.7515363992921675 4.157175956932777
1.7550059562951028 4.145036417706336
1.7609005578064556 4.149464927670775
1.7664502344423436 4.141143440033458
1.7723452900511734 4.142449575743994
1.7758149101232026 4.129876373426733
1.781709448565461 4.134738546481992
1.7872465618378106 4.124489656117637
1.7933194308465108 4.126917964401618
1.7953033322695515 4.111060015546786
1.8015626040334713 4.116337021390981
1.8078695822430397 4.103253785043536
1.814129420809727 4.104633455058545
1.8161133222327681 4.088775506203714
1.8220571979254525 4.095030951229874
1.8266833019600743 4.078652159776477
1.8325782300291804 4.080835258626227
1.8378592295212628 4.065362913011218
1.8440240407554072 4.066404267846426
1.847494417656565 4.0486271084393275
1.8532740729409056 4.048608061572918
1.8576113625707533 4.031072582934293
1.8642585675816337 4.0269152196190765
1.8703034673309964 4.009479353454335
1.8763990465375762 4.004852363904149
1.879869486507828 3.9866415414062306
1.8856495972911813 3.983490483328345
1.8902763180013897 3.962871430542488
1.8960568387338546 3.956901562374273
1.9003944717398813 3.937005029130073
1.906149440570386 3.9260896266181917
1.9128245282366358 3.910851537201455
1.9128265884937088 3.8966852095680062
1.918259637760844 3.895475695709585
1.9212102054955933 3.8752262025873354
1.9267029748879025 3.8607900149141834
1.9322929484702942 3.840325994370761
1.937304727022827 3.821441930316685
1.9427022081239773 3.7998598545104536
1.947521464763025 3.7800601113026184
1.9521482450384888 3.759031487819876
1.9567748045721238 3.7395206851550027
1.9614018371239639 3.716757409308981
1.966028869675804 3.6939941334629585
1.9706560283658323 3.6703635314352967
1.973879435704486 3.647568054311817
1.9784056054581298 3.637064967067216
1.9810675585069024 3.614285520305475
1.9822260536728282 3.5966508970509725
1.9877194348353502 3.578008177396868
1.9913354382747142 3.5524252084932
1.99371263556508 3.5289681726124167
1.9955313199879812 3.513688297054082

