# Shallow ironing benchmark: horizontal (x) component of the total reaction
# force on the top surface of the rounded block, from
#
#   Code_Aster, "General public licensed structural mechanics finite element
#   software, [v6.03.153] SSNP153 - deformable-deformable 2D rubbing contact in
#   large deformations (shallow ironing)", 2020.
#   https://www.code-aster.org/V2/doc/default/en/man_v/v6/v6.03.153.pdf
#
# Copied from the solid-benchmarks repository
# (https://github.com/solids4foam/solid-benchmarks, commit e51b66a),
# hyperElasticity/shallowIroning/data/asterHorizontal.dat, where the benchmark
# case was prepared by Ivan Batistić. The curve was digitised from the
# published figure using WebPlotDigitizer (https://apps.automeris.io/wpd/).
#
# Column 1: normalised time; the vertical displacement is applied from 0 to 1
#           and the horizontal displacement from 1 to 2. The solids4foam time t
#           in (1, 6] s corresponds to 1 + (t - 1)/5.
# Column 2: magnitude of the horizontal reaction force.
# As in the benchmark plot script, multiply the forces by 100 to compare with
# the solids4foam force (N) on the 1 mm thick domain in
# postProcessing/0/solidForcesdisplacement.dat.
0.21218252431788737 0.01487911949124232
0.21879658722060202 0.01782416587718938
0.22931540812977375 0.018832647044525253
0.23555713261073186 0.020897059296470566
0.24191449400324022 0.022659881493745537
0.24884988857739415 0.023955615522377016
0.25535155863646786 0.026974313622863733
0.2627197333341247 0.03304072006507841
0.2699176304542879 0.03577306992731799
0.2771681587280002 0.03789443242449764
0.2835254026348313 0.040465086138684825
0.2904605012417125 0.04379589113466764
0.29739570496375045 0.04640392431261642
0.3043304882251613 0.05190304476269958
0.3112655658090111 0.05537840412228867
0.3186626471747829 0.061387014046697885
0.3252929863631985 0.06481479866856521
0.3320704428138612 0.06825059650551069
0.3390055059540147 0.07182527072127165
0.3459399495572564 0.07965988074277774
0.3528747328186672 0.08515900119285913
0.3598098104025169 0.08863436055244911
0.3668274184008916 0.09235759947147137
0.3736796712477777 0.09760884036212047
0.38061470678556475 0.1013733084489239
0.38754944800091284 0.10716153762621783
0.3947324291705173 0.10923287083338007
0.4008417431057191 0.11338897997461128
0.4083541761997097 0.12105692043154637
0.41471136218611915 0.12402583496576014
0.42222382681465687 0.13147694387728315
0.4285810443356133 0.1342290268660875
0.4360934774296039 0.14189696732302082
0.4430284288752656 0.14623965286425022
0.44996321213667645 0.15173877331433339
0.4568981215362754 0.15637056758277534
0.4638328627516235 0.16215879676007106
0.47076768805909697 0.1673688084829399
0.4777024713205078 0.17286792893302128
0.4846373386740441 0.17778883192867756
0.4913248370274802 0.18043795011647745
0.49850738872658706 0.18546232246588978
0.5050292466159659 0.1916012518456922
0.5123767239960637 0.1980506613657269
0.5193113811192864 0.20441710799744772
0.5264940018940676 0.20896651600929506
0.5331812629875784 0.2132470334435137
0.5406940464654251 0.21850573450700406
0.5475003509745398 0.22429385156146608
0.5537231020016329 0.22836432834444587
0.5609206272865667 0.23365341724416844
0.5676977454575431 0.23941522620460365
0.5745274173845413 0.24509823319877544
0.581724850932611 0.2510181047760547
0.5886596972631158 0.25608356213531724
0.5955944174554326 0.2620163456762201
0.6025288979851919 0.2695970489622366
0.6100412343732384 0.2779299394917616
0.615984829758838 0.2861127760326765
0.6233321629810064 0.29355341547458513
0.630266693966041 0.3007871882879467
0.6372013090432009 0.30744274364688184
0.6445490026601927 0.31240530828410495
0.6506080763836204 0.32137690768441196
0.6582678247385901 0.3276914220773661
0.6647821741294583 0.33384724086911266
0.6718744215405623 0.3404653413449208
0.6788089945716596 0.3474100054310689
0.6857435991373039 0.3541378379718072
0.6930910826671708 0.3605449616799241
0.6996954980006862 0.36674591500880904
0.7065474598148007 0.3739982972362328
0.7134822010301488 0.3797865264135276
0.7204166058769953 0.3878876254085295
0.727351389138406 0.39338674585861133
0.7342860462616287 0.39975319249033303
0.7412204931545379 0.40756518275812104
0.7485680666399218 0.41335377233024007
0.7553789791972906 0.41899733902548153
0.7626025121495479 0.4260981196284721
0.7689590115977706 0.43378767073361857
0.7758934358228146 0.44175552524187234
0.7828280508999746 0.44841108060080703
0.7897626239310719 0.45535574468695517
0.7966974088373163 0.46084355526017884
0.8036317926611315 0.469089208618787
0.8105660487019247 0.47821349803589364
0.8175008546312007 0.48355675424550926
0.8244352805010783 0.49151329887690487
0.8314223515974909 0.498762090293404
0.8383043004250849 0.5062699532308406
0.8452388944792134 0.5130700629533824
0.8521732783030286 0.5213157163119901
0.859107809288063 0.5285494891253522
0.8660422982270347 0.5360723706659267
0.8729766804060161 0.5443293339013935
0.8801737259835981 0.5529168905525048
0.8868457003300224 0.5590859882553296
0.8937801051768689 0.5671870872503306
0.9007147218988626 0.5738313327324072
0.9076487730721857 0.5843642908745705
0.9150458170830978 0.5906297528149009
0.9215179784854647 0.597845520990198
0.9283995218755577 0.6081411721824312
0.9353865779488438 0.6154932626162668
0.9423212350720666 0.621859709247989
0.9486739134344208 0.6299121156127012
0.9561895402130068 0.64153121196455
0.9628761635369173 0.6501970331698796
0.9701408942655964 0.6578854080132914
0.9810639015446002 0.6726291736555714
0.9911090615167383 0.6834278865585675
0.9980577259453719 0.6967031938811568
1.0006822472265382 0.7145360865172625
1.0016691704302745 0.7411762556152008
1.0028216049565892 0.7652145903261496
1.0041408302071053 0.7778539250934768
1.004977997894672 0.8019820964049127
1.0076003802471147 0.8345222629437865
1.0085875617338078 0.8593864784317007
1.00973996022064 0.8836726206231176
1.010892719102296 0.9054806880098503
1.0120451896680933 0.92927121524033
1.0129289597645306 0.9555333878318479
1.015093913635916 0.9721445762830703
1.0153527491979761 0.9987953737519781
1.0179759820275964 1.0254876592176756
1.0189632566162854 1.0497117053810463
1.0197029189383682 1.0733366672297238
1.021433114419 1.0987797488827469
1.0224208124716063 1.1200920571506128
1.0235734271953327 1.1428913544592185
1.0247264023138825 1.1632125769631396
1.0266207744549307 1.1952309612558554
1.029042779033014 1.232701571424252
1.0314651367980243 1.2677436682840573
1.033685799600201 1.2987091554966916
1.0361385566685524 1.323430096022622
1.0374348788280505 1.351619332169606
1.039887635896402 1.3763402726955363
1.0421962170157113 1.3988927716291788
1.045516047989326 1.422747142802598
1.0491326821196307 1.3928275429907315
1.0559526459929853 1.3930069619495393
1.0612728015817368 1.3732365668934778
1.0653151324755123 1.3967928230730506
1.0713837738527165 1.3967499360890834
1.071676509052839 1.3709472344616782
1.0768780379825555 1.372035933163501
1.0786077709564972 1.4006592108158693
1.0791892680038155 1.3763745822827098
1.0830451442309559 1.3572967699716534
1.0860079452676512 1.3854007282942429
1.0901666540568744 1.403560389143053
1.0919092951720692 1.3434272875409565
1.0924819625462177 1.379855491722577
1.0937051946333671 1.3586552502271951
1.0996780085742177 1.3953159512978939
1.1011539629807334 1.3625165363810714
1.1066032408267596 1.3632647160341431
1.1071609157762605 1.3892354301242014
1.112938902532679 1.400689181249371
1.1132885407717739 1.3810300905305222
1.1143319979101176 1.3595791311662544
1.1204842504312724 1.3988034199235448
1.1214643376004747 1.3692250697790245
1.1252375692880627 1.350684101596685
1.1277359323191032 1.3929925317408167
1.1288946937767599 1.373526886547297
1.134092512141442 1.4001294304256877
1.1346765424640384 1.3584260010779308
1.135664001755074 1.3813800339039006
1.1417749644965922 1.3741989508136983
1.1421839909972946 1.4003677811459938
1.1459462642796239 1.3625556392193943
1.1495832571134939 1.3913540471321735
1.1533289702536944 1.4106367414976173
1.1537473225711063 1.3726812561340167
1.1575053786333451 1.363866719546905
1.159787006315271 1.3911106417106551
1.1632777774680294 1.4137430205187136
1.1663489900728234 1.3587572147323446
1.1665254433826746 1.3818475220510757
1.1710816002881352 1.4048597386190664
1.1733910328402146 1.4215577858266406
1.1739749445328482 1.3806700561020926
1.176867464374403 1.362148969700836
1.1796363363560487 1.3990127542737358
1.1801400145504974 1.3799320155567143
1.1837947424136197 1.419253997958481
1.1855376358051908 1.3573862439931057
1.1865223425807638 1.3992665731398564
1.1873329185909025 1.3768544680118047
1.1930428579994263 1.41463633116711
1.1947807899555976 1.3868834070128968
1.197094921155185 1.371273553954392
1.2004412159206712 1.4118673456610957
1.2019084385066718 1.3909371520111637
1.2065347247408988 1.3733055560731766
1.206913601812004 1.417539527705304
1.208650976657844 1.3936172941866656
1.213849377360495 1.4162156821931533
1.2167433826293794 1.38748079747192
1.221258158882923 1.4140301798375652
1.223678733512637 1.3890769501046236
1.2277194232084314 1.4239180836030867
1.2281354389660728 1.4020287832231935
1.2283026441443208 1.3877799972541847
1.2344623502856837 1.4239239700518662
1.23523662853054 1.3987721835213183
1.239860711551081 1.3962898848893053
1.2419127444141416 1.416606385420164
1.2462133838926581 1.43029462128986
1.2485302901323845 1.3956035922352816
1.2487210391035584 1.4087100227198657
1.254567584895713 1.4304596100399443
1.256620793519582 1.4025492654269347
1.2615885946935874 1.4211143848676966
1.2641340885578582 1.4042904769759974
1.2657806604263344 1.437002505977131
1.268758566811389 1.3990905563081792
1.2699112736360147 1.4212565678333666
1.275977581456738 1.437259215209734
1.276270137961094 1.412685225672985
1.2799312988718112 1.4077735728111263
1.283664316503705 1.4386536476519662
1.2872510811110582 1.4154124342110883
1.2931961108680543 1.413732533029357
1.2938676116080048 1.4415326164843507
1.2990426303040628 1.4081371871614663
1.3012356183877616 1.4306895851845587
1.3051627206451375 1.4517401314843998
1.307742193079397 1.4180480710114458
1.313371978931861 1.436944929300168
1.3149933003377043 1.4161883354339646
1.3155652949748493 1.457242279250997
1.3198486198847408 1.4133593081503966
1.3218103462143072 1.4364319000613714
1.325390997324142 1.4552270955572975
1.328685907919818 1.4211596160813755
1.3343240273607173 1.4494527186464818
1.3346357492249314 1.473738126942986
1.3357992118328377 1.421947372630577
1.339730924741319 1.4112950819291488
1.34241698470903 1.4395249552135079
1.345232954778941 1.465652332714812
1.349224717412144 1.429317069737662
1.3525614994176571 1.4130409353635351
1.3548667504887995 1.458490845492466
1.3566055457907917 1.4248015554728082
1.3600752149165607 1.4118910596404652
1.3627704516285766 1.4251924156717863
1.3632226302764674 1.4471125112432741
1.3652681559379682 1.4720302158755918
1.368551659113399 1.4145004382924218
1.3702434244927115 1.4392496253632827
1.3747090106752502 1.4668344998140448
1.377179940051906 1.4328374662521797
1.3791475612394644 1.4153770146078584
1.3840279318306652 1.457065502313875
1.3841157744648847 1.4311088685219304
1.3849177106097934 1.4807206324855757
1.388972643409332 1.4176261846405547
1.3912786351919455 1.4579829626917458
1.391281718569878 1.4367816560294417
1.3958997217297506 1.4761044793524625
1.3972272841138444 1.4314176836380796
1.3976369809489184 1.4529772948336608
1.3987982511549832 1.4162614955830848
1.4044917986056298 1.440592903364303
1.4045699898664825 1.4706768035721418
1.4082376623107788 1.4209918458225266
1.4119708200962147 1.4509082249059886
1.4152618284938399 1.4742421751427868
1.4175539715138132 1.4291826328916635
1.4178723213664584 1.4078939927347354
1.4224893001313488 1.4542605559571333
1.4249699370155953 1.4292116348459851
1.4249899629546072 1.4807556148097527
1.4288526506439072 1.4148421886901517
1.4305807157906947 1.4549334458553114
1.4315746767044515 1.4331823208506536
1.435035620271111 1.4802687694561816
1.4380165179331978 1.4217887989083455
1.4384421298036663 1.4474620286954973
1.4446138334886953 1.476807825889522
1.4449480996872621 1.4493014838733784
1.4450240709160038 1.4946503248780765
1.4456117667542818 1.4277428097043372
1.4493700360501247 1.4174620788577865
1.4502348394680014 1.4322073807747904
1.452439138707044 1.4492404395429523
1.4548494789428572 1.4946589022748702
1.454852064775714 1.4768787155512562
1.458906125119451 1.4197832737959093
1.4593648728912858 1.4447048497238923
1.4640964172389075 1.4981362798454696
1.464741796270841 1.4761645771914331
1.4657858891966176 1.4423134806715758
1.469391770455923 1.4218161889149128
1.4730346839214756 1.456354725090823
1.474501304102069 1.487737447615339
1.4770130097503436 1.4383020416571366
1.478969731397131 1.4200898977115326
1.4804299250827624 1.4569525398328431
1.4849052449288194 1.4838435617475065
1.4860688318729394 1.431197871627481
1.4872215835466989 1.4530555005103065
1.4912715023532588 1.4244372683854643
1.4938408111074502 1.4606306720634188
1.4941598145852524 1.4348477053289037
1.494729917149575 1.4889115418705314
1.4976279840681177 1.4322487541004998
1.4993637296290276 1.4195294837613752
1.5007779069023104 1.450228812516773
1.5045559979134318 1.4842943796319128
1.5074506675101076 1.4509915770207105
1.5086122236293988 1.412309838425085
1.5090225871948952 1.429285011231999
1.514380144558404 1.492976218845104
1.514705188653882 1.465800278794144
1.515543327860322 1.4431059725063253
1.5192447646945122 1.4261963411019671
1.521905296586365 1.4131887693200333
1.5230544154803058 1.4600253922340825
1.5250326947441044 1.4828254103323357
1.5310189208329077 1.4502026471245344
1.5324723611199897 1.4231102946462482
1.5340312128884865 1.4912587212754107
1.5346116377612056 1.474346365286189
1.538083276044245 1.4478959440626928
1.540142271735291 1.4203360393670401
1.5417404425790049 1.4704496202860917
1.545591525554996 1.4843302028773442
1.5456614061112246 1.445396950340712
1.546757105482489 1.4179807590874112
1.54848450489995 1.4626495711001142
1.5526501176526706 1.43333757894051
1.5546478830641237 1.4735447150545067
1.5554213063723714 1.4542714726439612
1.5571615929080544 1.4103284597658066
1.5599323275302774 1.4343847277231605
1.562643705725769 1.4691668790048498
1.5668669762442877 1.4408089961003245
1.568365169960083 1.471860585240183
1.5731492718860958 1.4288453776002745
1.5739170610219406 1.4483127046363022
1.5756471443797384 1.4745267428952267
1.5804669686406325 1.4508240318700127
1.5810485497800761 1.4259611858824268
1.5858034068674982 1.4704880864268937
1.5874741055312334 1.440527363927536
1.5887835597136175 1.4171294704754067
1.5944068896934804 1.459772290226029
1.5954632091046452 1.42213650783382
1.5974258275752145 1.4149893499096464
1.601194399357738 1.4663383562740337
1.6014949253929522 1.4437385735395805
1.603590144768122 1.41942773228961
1.6039769405143711 1.4092128936299106
1.607271549856939 1.464559447426459
1.608364598524278 1.442753340587565
1.6113726411244524 1.4247155796837725
1.6154127968352503 1.4632283940178437
1.6187436859233588 1.43312544253877
1.6207371318026351 1.4147205914767857
1.622960689776559 1.4541652282500666
1.6275498132979282 1.464973641988927
1.6277865494494264 1.4268114918178805
1.6286309016623997 1.4497096430238727
1.6291766528290421 1.4062744187632576
1.6348372957517991 1.4297665563790365
1.6358809883480938 1.406696588142375
1.6360782124129254 1.4635933650544741
1.6374884934177296 1.4809411220384416
1.641772499473837 1.4323745895569866
1.6426184974898366 1.406107731832766
1.6434636593898464 1.4612869422997177
1.6484717238735058 1.467940815816144
1.6485916560627873 1.4381048960782885
1.6503423111575355 1.4111807614877034
1.655524992939641 1.4535493567445066
1.65662294559763 1.4186680287390372
1.6575264696168959 1.4682378292031477
1.662545311907964 1.4007834989772476
1.6635050413200925 1.4251658425601512
1.6640791522757272 1.4516679804407842
1.6697211207200375 1.4048613784155113
1.6698637094302122 1.417943674460099
1.6700894631501302 1.45529672383715
1.670439235936625 1.434712485191219
1.677179920557199 1.4501375037580377
1.6773762560485723 1.4248310213535564
1.677957332635263 1.4034374800925296
1.6837369760065526 1.403500347365498
1.6843130911578434 1.4162216359156328
1.6847714941519638 1.4435139034067648
1.6908971177548917 1.4490701392284357
1.6911054538933303 1.4074820254122749
1.6912467391755612 1.4295266920004726
1.6926967186712436 1.3946903517531588
1.6981803871932786 1.442831748085312
1.6981840872467973 1.417390180090547
1.704333935497639 1.4008900666343775
1.7051189966463962 1.4220219743589895
1.7056938714388372 1.4432719703619155
1.7103164786425769 1.4509373880550864
1.7111648000038704 1.3983728988203197
1.7120535696774937 1.428966638445138
1.7177833624723569 1.410521244785714
1.718987259741274 1.4419825858027644
1.7233302290934263 1.385393336596417
1.7252205745230929 1.4135589989175736
1.7288137749811119 1.4343779667162755
1.730397273023062 1.384670163429604
1.7327474476365547 1.410250455910262
1.7362463335702056 1.4235359930114742
1.7402494350870317 1.401429550746184
1.7415298946686044 1.4282985096902063
1.7470566365788178 1.4010500149534297
1.7496223153562616 1.422060824920936
1.7536738949822985 1.382022798071171
1.756394278243107 1.4116588212163608
1.7610700623036761 1.394316377252966
1.761181114364513 1.4255402207025463
1.76465669796977 1.3719617639088746
1.767830930435888 1.4034292054273876
1.7712771002720311 1.3714594128410593
1.7733202331303266 1.4128300323129674
1.7750571559809925 1.3920157176118724
1.7755243381930073 1.3589420828608794
1.781003586472535 1.3807043656892657
1.7811240033928541 1.4043081363223364
1.7849392191661666 1.3637442508333297
1.7870856347373838 1.3452484202460235
1.7884645521824747 1.4016258329792106
1.7912414843943418 1.3830674745453329
1.7912484219946894 1.3353645345551488
1.7943984594999622 1.3525561146244773
1.7978283314412766 1.396522564436672
1.798178643258296 1.3722319519078674
1.8022265648768774 1.3573463843256537
1.8033753474023162 1.406495877057409
1.803378753133396 1.3830780701531364
1.805696920755004 1.3397137792821612
1.8084684037971437 1.3586239118951196
1.8137835138583691 1.3735465641046458
1.8146950965243045 1.3505012612896876
1.8170647045003512 1.3319177665182043
1.8228410486572528 1.3546660319198374
1.826794688987878 1.3257104221877878
1.8333562323538772 1.342835519241175
1.8338550187892588 1.3195420485509253
1.839079676056758 1.3035320491201636
1.8407896638993209 1.3259910976761367
1.8461562491531516 1.3276065314318841
1.8470678137993457 1.3046851323571595
1.8496296743938565 1.2888689893018257
1.8544435140984912 1.3063160871166288
1.8591414990626283 1.277391790234192
1.8617658919813427 1.29610730308996
1.8662765515431095 1.2787068932231933
1.8709033759669396 1.2573747055768765
1.8767978324193755 1.2628006406502008
1.8794432340355613 1.2402834423894955
1.8820048063142134 1.2264497591779095
1.8866265515736678 1.240041905778952
1.8910225935684792 1.215934072530287
1.8941448921394697 1.207090070062426
1.8995387292485186 1.2105640839480087
1.9015449150847976 1.1928723789587674
1.9031077041667386 1.1771751373635206
1.9091755186380426 1.1828180553480805
1.9120682877526836 1.1625829672069168
1.9136391166424729 1.1483767078270515
1.9195837972169292 1.1490977857894156
1.9236330236649901 1.1252402107060178
1.929677606922171 1.1099805447788444
1.9364370084112683 1.0827276192971453
1.9414422473995137 1.0709611319601504
1.947225582415109 1.0456402529837963
1.95527156622979 1.0180663008988105
1.9596778574529363 0.99918170826566
1.9648824942874552 0.9789004535476376
1.9692013270973074 0.9558044335705187
1.9738148369346118 0.9377102524567076
1.9772698950535883 0.9148736763080225
1.9819355115571136 0.8977677670026569
1.9865518871521224 0.8760255614422419
1.9911784088443003 0.856774956631861
1.9951980418718884 0.8376972872774173

