# Shallow ironing benchmark: vertical (y) component of the total reaction force
# on the top surface of the rounded block, from
#
#   K. A. Fischer and P. Wriggers, "Mortar based frictional contact formulation
#   for higher order interpolations using the moving friction cone", Computer
#   Methods in Applied Mechanics and Engineering, 195(37-40), 5020-5036, 2006.
#
# Copied from the solid-benchmarks repository
# (https://github.com/solids4foam/solid-benchmarks, commit e51b66a),
# hyperElasticity/shallowIroning/data/fischerWriggersVertical.dat, where the
# benchmark case was prepared by Ivan Batistić. The curve was digitised from
# the published figure using WebPlotDigitizer (https://apps.automeris.io/wpd/).
#
# Column 1: normalised time; the vertical displacement is applied from 0 to 1
#           and the horizontal displacement from 1 to 2. The solids4foam time t
#           in (1, 6] s corresponds to 1 + (t - 1)/5.
# Column 2: magnitude of the vertical reaction force.
# As in the benchmark plot script, multiply the forces by 100 to compare with
# the solids4foam force (N) on the 1 mm thick domain in
# postProcessing/0/solidForcesdisplacement.dat.
0.20272783266572852 0.013637762215640059
0.21099926617056014 0.0236777051324788
0.21861384755325658 0.03558257660898789
0.2256325685032271 0.047081391226667435
0.23355617162159453 0.06237659474242019
0.24090153036707113 0.07567296409649327
0.24853552512047256 0.09351955535636236
0.25642458652834027 0.10757774481252458
0.26380473155373957 0.12032491544511714
0.2711848373787415 0.13335838618011042
0.27907334729219097 0.15144441511938478
0.286708160582053 0.1633128253398377
0.2943425874137035 0.17800373310720996
0.30197656483174923 0.1959769331381258
0.30961009910587495 0.21718663478832134
0.3172430983884274 0.24230364739283328
0.32487607123488565 0.2676137360128479
0.3325089119008719 0.29388920471037494
0.3398527724090495 0.3181279501766481
0.3467914973671565 0.3436295574858761
0.3541353290359584 0.36807893133269776
0.3617683547546054 0.393002867921707
0.3694013011649691 0.4185060325572234
0.37703403608657765 0.44555380531676114
0.3846671146774134 0.47009158987476507
0.3922998231629276 0.4973324386498055
0.39993316611470736 0.5199394630527827
0.4078550109713151 0.5480761313311069
0.41548772666667316 0.5752643230110088
0.4228318731653266 0.597414337036847
0.430464793139596 0.6231105776878656
0.43809766024167657 0.6491929703698904
0.44573068596032356 0.6741169069588993
0.45365268943349774 0.7010951191442079
0.4609965523449567 0.7253163122454351
0.46862955162750924 0.7504333248499471
0.4762625509100619 0.7755503374544586
0.4838956030648032 0.8002811980279652
0.49152844373078947 0.8265566667254922
0.4981734226931707 0.8552675002876118
0.5070830547516625 0.8815129270177593
0.5147153666957607 0.9116499160253384
0.5220593569811289 0.9349408337791445
0.5289282473909374 0.963454271197584
0.5363413512402113 0.9889990683558851
0.5439741822930724 1.0153447465135956
0.5516066672734246 1.0442179652378845
0.558950556620978 1.0682460823236095
0.5665831857982089 1.0960661591451575
0.5739265560369993 1.123885587080752
0.580864819565095 1.152757248478752
0.5884973622241987 1.1812092104419447
0.5958410160501837 1.2069574593021475
0.6037627070967875 1.2362174789433955
0.6111059677459503 1.2648372947250728
0.6177552838008631 1.2914335207271983
0.6250987405577808 1.3186210635211477
0.6317478893443145 1.346438934130453
0.6390912860191995 1.374065286050545
0.6464346298218955 1.4020777900016412
0.6544570079313647 1.4346062096389303
0.661004888060956 1.4634033525932515
0.6683483390499985 1.4906330210633105
0.6752176418628797 1.51613447263991
0.6826300074241354 1.547071356340247
0.6899735242630858 1.5738200900080543
0.6978944871154529 1.608398476258146
0.7047289202391547 1.6350583060614463
0.7105369196059665 1.665577354792616
0.7166849611679189 1.6913861101050411
0.7230451048025184 1.7173498020795686
0.7294049946506118 1.7451670238029204
0.735764884498705 1.7729842455262723
0.7421248060701118 1.800569776031021
0.748773807775829 1.8294618513811223
0.7561170395856163 1.858292295543348
0.7624769294337095 1.8861095172667
0.7688368827284293 1.9134633565528456
0.7754860488185884 1.941154850133822
0.7828290845206207 1.9714175672837762
0.7891890378153406 1.9987714065699222
0.7955489911100604 2.026125245856068
0.8019086588949607 2.055564306109641
0.8082686121896805 2.082918145395787
0.8146281213580144 2.113515661742376
0.8207761029981526 2.1397620560232737
0.8262874647120284 2.167834809035165
0.832859636398211 2.1944940505152006
0.840067395240568 2.2268697696032107
0.8464271264720948 2.2558454474195777
0.8528448190809375 2.2840208671670528
0.8591464620418954 2.314723567926725
0.8655062249967356 2.343467554524489
0.8718660831215155 2.371516467466444
0.8782257509064157 2.4009555277200176
0.8845854821379426 2.429931205536385
0.8909455623259157 2.456358279948118
0.8975936382876728 2.492011526313819
0.9049363048456958 2.5249702867347907
0.9115855228467311 2.5522826492307806
0.9178295072438183 2.5815740100635893
0.9240155302635895 2.61166562896529
0.9301631629472817 2.640460626650822
0.9359714760224138 2.6686885066646946
0.9421114540949156 2.697052869024147
0.9483553519738754 2.7269761149986
0.9545413201988331 2.7574679278233427
0.9609007976438535 2.788297135388535
0.9672609730017665 2.814029136144459
0.9725598907361739 2.8444440689614154
0.9788815427764417 2.8698506793670315
0.9850674908138362 2.9004899320581585
0.9917166222967442 2.9284341796957927
0.9980753297304332 2.9648871650216235
1.002418049444009 2.9972434181490115
1.0070662127536774 3.0441878807908704
1.009861726636465 3.0771522378531926
1.0136755606382217 3.109179242385292
1.0174489055745453 3.141463590855886
1.0200311149668322 3.1686609306510674
1.022572465188364 3.1988186786017794
1.0256295692841488 3.224794268573655
1.0289279930808803 3.2584934428830574
1.0324244970174052 3.284276942472691
1.035439991994291 3.315877973829097
1.0403698387553784 3.3520644682778222
1.0441839327120634 3.3821928919908135
1.0479983835560234 3.4097147894945192
1.0518127639037311 3.437751556372899
1.0571015892895974 3.469906259796514
1.0618715183806455 3.4922332755525107
1.0669470120239364 3.5206795013638734
1.0719062224203992 3.5533590980698744
1.0781735234527536 3.5813656776922143
1.085518220302827 3.599496200122588
1.0931519069238342 3.6195932363240324
1.1007864659359565 3.6333187640138918
1.108421130692457 3.646271987641741
1.1160561919903733 3.656329071037051
1.1236916233936114 3.663683090215325
1.1313272134134158 3.669878653300583
1.138962909177598 3.6753019123238317
1.146598869302724 3.6787944111920536
1.1542348029917557 3.6824799860757786
1.1618710010417317 3.684234800804478
1.1695071197834244 3.6865688435796846
1.177143370705589 3.6879375062773785
1.18477978024432 3.6881477128820572
1.1924162690913345 3.6877786914402275
1.2000526521939712 3.6881819740604085
1.2076890881687967 3.6881991046495846
1.215325973557227 3.684933942975216
1.2229624888403356 3.6843718455178847
1.2305989248151612 3.6843889761070603
1.2382353607899867 3.684406106696236
1.2458721139979452 3.682106325099381
1.2535088672059036 3.679806543502526
1.2610876388489833 3.678454459840947
1.2687823736218202 3.6752069803088157
1.2764188095966458 3.6752241108979913
1.2840552455714713 3.675241241487167
1.2916918930350523 3.673713763952322
1.299328751987388 3.6706416782934568
1.3069651879622135 3.6706588088826324
1.313965095655904 3.671832968015726
1.3222375840621654 3.674168438340031
1.329874020036991 3.6741855689292064
1.338019825696387 3.6722030264375967
1.3451476951526788 3.6683539069568614
1.3527844382774326 3.6661277680456257
1.36042100643273 3.6651795185572884
1.3680578653850661 3.662107432898423
1.3756943806681747 3.661545335441091
1.3833306580264337 3.6627209221232824
1.3909672790539203 3.66138652060394
1.3986037679009344 3.661017499162111
1.4062401774396658 3.6612277057667892
1.413877195008568 3.6569971640149084
1.4215136309833936 3.6570142946040844
1.4291500669582191 3.65703142519326
1.4367867672939887 3.65511779562741
1.444423573374136 3.65243186199955
1.4520597714241117 3.6541866767282487
1.4596963660155036 3.653045351224409
1.4673329606068957 3.6519040257205697
1.4749693701456268 3.652114232325248
1.4826059383009242 3.6511659828369107
1.4902428236893546 3.6479008211625428
1.4978787045061976 3.6519725480772727
1.5055155370224391 3.6490935384339096
1.5126972419607825 3.6504335991657477
1.521424778636659 3.6491292271613593
1.528425188616143 3.646634941999904
1.5360620740045734 3.6433697803255356
1.543698509979399 3.6433869109147117
1.5513349988264133 3.6430178894728824
1.5589718577787495 3.6399458038140167
1.566608373061858 3.6393837063566847
1.5742444918035505 3.6417177491318915
1.5818815886807363 3.636907979333503
1.5895183947608835 3.6342220457056427
1.597154830735709 3.6342391762948183
1.604791557507573 3.632132470713466
1.6124283371516257 3.629639613101108
1.6200647731264513 3.629656743690284
1.6277012619734657 3.6292877222484545
1.6353382795423683 3.6250571804965737
1.6429747155171939 3.6250743110857493
1.6506112308003023 3.6245122136284174
1.6582484069857713 3.619123215783521
1.6658848958327857 3.6187541943416917
1.673521437551989 3.617999020868857
1.6811587194818354 3.6118377189619504
1.6887953405093217 3.610503317442608
1.6964318293563359 3.610134296000779
1.7040691112861825 3.603972994093872
1.7117058909302354 3.6014801364815145
1.7193424062133442 3.600918039024182
1.7264701271362737 3.5981537329508426
1.7325805131253529 3.589131479896662
1.7397075044120769 3.591696071851194
1.7473446012892626 3.5868863020528052
1.7549819625273926 3.5801457720993906
1.7626187157353506 3.5778459905025355
1.7699662965229959 3.574913674878082
1.7769098088174717 3.565450971016297
1.7842575049626201 3.5616761418696496
1.7916047108383808 3.561481995192324
1.7985484538478624 3.5503342642861524
1.80589647924255 3.5441547611282465
1.8135913606155472 3.5398365873283275
1.8205344178887615 3.533697131248527
1.82809060291276 3.528917990289727
1.833081179641362 3.5250460477576757
1.8387195604945552 3.510715902040923
1.845866082767828 3.503428141534354
1.8527049946465783 3.497377383838508
1.8596484781016789 3.4881253083572705
1.8657443302000292 3.4794662022724987
1.8701800990047224 3.4691923735566386
1.8766716088796496 3.465268183841185
1.8827823121018616 3.4539290186009737
1.8892748547468774 3.442461992546553
1.8943675039734698 3.4301165479471716
1.9010792982928104 3.4229234308558665
1.9080235027323036 3.408405645860922
1.914917221784649 3.400447319194033
1.9189488888057322 3.3902321657752164
1.924263626022457 3.3792437086235907
1.9286996428352043 3.367158553082588
1.933832887464104 3.3537791331881412
1.940734793291712 3.3320735576120724
1.9490721758461504 3.3036364349091105
1.9573082287214543 3.2766242601281803
1.9640287478025702 3.2533780862679103
1.9701229699712763 3.229616087510814
1.9764905368611856 3.201364034332216
1.9820112287539804 3.1612938256060623
1.988244436837675 3.128449770918067
1.9928369151580843 3.107256809600005

