# Shallow ironing benchmark: total reaction force on the top surface of the
# rounded block, from
#
#   V. Yastrebov, Computational contact mechanics: geometry, detection and
#   numerical techniques, PhD thesis, Ecole Nationale Superieure des Mines de
#   Paris, 2011. https://pastel.hal.science/pastel-00657305/file/yastrebov.pdf
#
# Copied from the solid-benchmarks repository
# (https://github.com/solids4foam/solid-benchmarks, commit e51b66a),
# hyperElasticity/shallowIroning/data/yastrebov.dat, where the benchmark case
# was prepared by Ivan Batistić.
#
# Column 1: normalised time; the vertical displacement is applied from 0 to 1
#           and the horizontal displacement from 1 to 2. The solids4foam time t
#           in (1, 6] s corresponds to 1 + (t - 1)/5.
# Column 2: horizontal (x) reaction force.
# Column 3: vertical (y) reaction force (negative is downwards).
# As in the benchmark plot script, multiply the forces by 100 to compare with
# the solids4foam force (N) on the 1 mm thick domain in
# postProcessing/0/solidForcesdisplacement.dat.
0.0 0.0 0.0
1.00000000e-01 0.0 -3.39999693e-08
2.00000000e-01 0.0 -3.59999685e-08
3.00000000e-01 4.55366549e-02 -2.53715766e-01
4.00000000e-01 1.05784120e-01 -5.67836996e-01
5.00000000e-01 1.71848788e-01 -9.23067753e-01
6.00000000e-01 2.48955140e-01 -1.27785725e+00
7.00000000e-01 3.27174022e-01 -1.66349177e+00
8.00000000e-01 4.10232793e-01 -2.06269797e+00
9.00000000e-01 4.97613016e-01 -2.47995474e+00
1.00000000e+00 5.84669883e-01 -2.89668635e+00
1.00001000e+00 5.84844678e-01 -2.89680958e+00
1.00002000e+00 5.85056745e-01 -2.89687774e+00
1.00004000e+00 5.85464020e-01 -2.89705535e+00
1.00008000e+00 5.86018764e-01 -2.89747172e+00
1.00016000e+00 5.87522254e-01 -2.89811109e+00
1.00032000e+00 5.90563162e-01 -2.89936473e+00
1.00064000e+00 5.96176780e-01 -2.90214379e+00
1.00128000e+00 6.07554643e-01 -2.90759031e+00
1.00256000e+00 6.30338543e-01 -2.91815068e+00
1.00455998e+00 6.65553610e-01 -2.93469766e+00
1.00655996e+00 7.01060125e-01 -2.95095230e+00
1.00855994e+00 7.36360476e-01 -2.96723424e+00
1.01055992e+00 7.72804496e-01 -2.98450475e+00
1.01255990e+00 8.05043128e-01 -2.99693595e+00
1.01455988e+00 8.33769503e-01 -3.00594570e+00
1.01655986e+00 8.53502811e-01 -3.00595028e+00
1.01855984e+00 8.89506885e-01 -3.02219516e+00
1.02055982e+00 9.24879779e-01 -3.03816722e+00
1.02255980e+00 9.60030075e-01 -3.05394412e+00
1.02455978e+00 9.95215739e-01 -3.06975871e+00
1.02655976e+00 1.03010803e+00 -3.08554353e+00
1.02855974e+00 1.06514608e+00 -3.10130395e+00
1.03055972e+00 1.10015565e+00 -3.11708025e+00
1.03255970e+00 1.13512771e+00 -3.13283434e+00
1.03455968e+00 1.17008710e+00 -3.14856973e+00
1.03655966e+00 1.20502971e+00 -3.16427877e+00
1.03855964e+00 1.23993815e+00 -3.17987734e+00
1.04055962e+00 1.27477739e+00 -3.19565598e+00
1.04255960e+00 1.30953308e+00 -3.21130673e+00
1.04455958e+00 1.34431728e+00 -3.22693979e+00
1.04655956e+00 1.37847154e+00 -3.24239286e+00
1.04855954e+00 1.41050453e+00 -3.25504357e+00
1.05055952e+00 1.44487123e+00 -3.27042069e+00
1.05255950e+00 1.47917514e+00 -3.28575207e+00
1.05455948e+00 1.51340364e+00 -3.30096547e+00
1.05655946e+00 1.54013340e+00 -3.30765030e+00
1.05855944e+00 1.57402659e+00 -3.32272585e+00
1.06055942e+00 1.60797962e+00 -3.33792916e+00
1.06255940e+00 1.63086967e+00 -3.34328763e+00
1.06455938e+00 1.62823050e+00 -3.38119820e+00
1.06655936e+00 1.63780716e+00 -3.39184270e+00
1.06855934e+00 1.64140328e+00 -3.40125012e+00
1.07055932e+00 1.61290520e+00 -3.39576050e+00
1.07255930e+00 1.63476131e+00 -3.39703989e+00
1.07455928e+00 1.65478003e+00 -3.40111781e+00
1.07655926e+00 1.68524562e+00 -3.41605321e+00
1.07855924e+00 1.66309982e+00 -3.44843039e+00
1.08055922e+00 1.67081229e+00 -3.45807660e+00
1.08255920e+00 1.67166852e+00 -3.46657603e+00
1.08455918e+00 1.65879066e+00 -3.46212044e+00
1.08655916e+00 1.68171425e+00 -3.46545662e+00
1.08855914e+00 1.70148568e+00 -3.46760907e+00
1.09055912e+00 1.68102806e+00 -3.49999857e+00
1.09255910e+00 1.68853603e+00 -3.50850730e+00
1.09455908e+00 1.67065561e+00 -3.50902131e+00
1.09655906e+00 1.66726789e+00 -3.49829268e+00
1.09855904e+00 1.68798556e+00 -3.49902185e+00
1.10055902e+00 1.66820646e+00 -3.53014139e+00
1.10255900e+00 1.67607415e+00 -3.53802539e+00
1.10455898e+00 1.67708971e+00 -3.54493056e+00
1.10655896e+00 1.66381164e+00 -3.53729959e+00
1.10855894e+00 1.68724297e+00 -3.53773815e+00
1.11055892e+00 1.70788147e+00 -3.53704149e+00
1.11255890e+00 1.68988884e+00 -3.56831195e+00
1.11455888e+00 1.69756070e+00 -3.57522655e+00
1.11655886e+00 1.69823162e+00 -3.58115678e+00
1.11855884e+00 1.68556945e+00 -3.57194541e+00
1.12055882e+00 1.69746646e+00 -3.55827571e+00
1.12255880e+00 1.68020640e+00 -3.58837240e+00
1.12455878e+00 1.68822822e+00 -3.59480717e+00
1.12655876e+00 1.68930401e+00 -3.60041841e+00
1.12855874e+00 1.67620718e+00 -3.59042883e+00
1.13055872e+00 1.68850040e+00 -3.57571239e+00
1.13255870e+00 1.67186101e+00 -3.60475983e+00
1.13455868e+00 1.68021561e+00 -3.61077045e+00
1.13655866e+00 1.68166450e+00 -3.61610785e+00
1.13855864e+00 1.66821095e+00 -3.60551353e+00
1.14055862e+00 1.69273800e+00 -3.60251336e+00
1.14255860e+00 1.71574287e+00 -3.59925731e+00
1.14455858e+00 1.69901732e+00 -3.62866295e+00
1.14655856e+00 1.70716666e+00 -3.63385207e+00
1.14855854e+00 1.70817190e+00 -3.63834411e+00
1.15055852e+00 1.69587857e+00 -3.62649541e+00
1.15255850e+00 1.70949859e+00 -3.60956247e+00
1.15455848e+00 1.69357402e+00 -3.63853950e+00
1.15655846e+00 1.70203105e+00 -3.64338632e+00
1.15855844e+00 1.70334930e+00 -3.64766941e+00
1.16055842e+00 1.69091414e+00 -3.63540882e+00
1.16255840e+00 1.70454993e+00 -3.61750429e+00
1.16455838e+00 1.68926450e+00 -3.64618517e+00
1.16655836e+00 1.69801017e+00 -3.65072243e+00
1.16855834e+00 1.69961037e+00 -3.65481888e+00
1.17055832e+00 1.68710337e+00 -3.64223369e+00
1.17255830e+00 1.70078358e+00 -3.62345237e+00
1.17455828e+00 1.68600119e+00 -3.65196024e+00
1.17655826e+00 1.69501709e+00 -3.65621579e+00
1.17855824e+00 1.69686935e+00 -3.66014323e+00
1.18055822e+00 1.68435596e+00 -3.64729988e+00
1.18255820e+00 1.69842933e+00 -3.62788427e+00
1.18455818e+00 1.68369071e+00 -3.65618030e+00
1.18655816e+00 1.69296058e+00 -3.66017658e+00
1.18855814e+00 1.69503610e+00 -3.66394945e+00
1.19055812e+00 1.68257721e+00 -3.65089694e+00
1.19255810e+00 1.69703407e+00 -3.63090032e+00
1.19455808e+00 1.72288260e+00 -3.62582737e+00
1.19655806e+00 1.71842027e+00 -3.66671261e+00
1.19855804e+00 1.72733650e+00 -3.67001631e+00
1.20055802e+00 1.70630308e+00 -3.65807060e+00
1.20255800e+00 1.70844573e+00 -3.64565947e+00
1.20455798e+00 1.73513833e+00 -3.63836579e+00
1.20655796e+00 1.71805357e+00 -3.66812779e+00
1.20855794e+00 1.72724834e+00 -3.67119274e+00
1.21055792e+00 1.70640579e+00 -3.65922746e+00
1.21255790e+00 1.70872369e+00 -3.64650144e+00
1.21455788e+00 1.73562135e+00 -3.63859216e+00
1.21655786e+00 1.71841466e+00 -3.66871463e+00
1.21855784e+00 1.72780643e+00 -3.67156998e+00
1.22055782e+00 1.72588603e+00 -3.66496446e+00
1.22255780e+00 1.70948112e+00 -3.64661065e+00
1.22455778e+00 1.73678556e+00 -3.63809515e+00
1.22655776e+00 1.71935114e+00 -3.66865598e+00
1.22855774e+00 1.72892141e+00 -3.67131501e+00
1.23055772e+00 1.72732084e+00 -3.66453615e+00
1.23255770e+00 1.71099829e+00 -3.64605977e+00
1.23455768e+00 1.73853399e+00 -3.63702610e+00
1.23655766e+00 1.72077729e+00 -3.66809270e+00
1.23855764e+00 1.73050820e+00 -3.67056738e+00
1.24055762e+00 1.71029882e+00 -3.65852316e+00
1.24255760e+00 1.71318624e+00 -3.64497864e+00
1.24455758e+00 1.74077470e+00 -3.63551300e+00
1.24655756e+00 1.72261248e+00 -3.66714185e+00
1.24855754e+00 1.73248687e+00 -3.66944279e+00
1.25055752e+00 1.71250454e+00 -3.65735349e+00
1.25255750e+00 1.71558876e+00 -3.64356581e+00
1.25455748e+00 1.74338827e+00 -3.63370075e+00
1.25655746e+00 1.72478173e+00 -3.66589948e+00
1.25855744e+00 1.73478190e+00 -3.66803746e+00
1.26055742e+00 1.71503354e+00 -3.65589005e+00
1.26255740e+00 1.71831495e+00 -3.64186988e+00
1.26455738e+00 1.74584822e+00 -3.63217782e+00
1.26655736e+00 1.72721806e+00 -3.66444328e+00
1.26855734e+00 1.73732774e+00 -3.66642526e+00
1.27055732e+00 1.71781578e+00 -3.65420968e+00
1.27255730e+00 1.72129319e+00 -3.63996612e+00
1.27455728e+00 1.74852621e+00 -3.63051435e+00
1.27655726e+00 1.72985503e+00 -3.66283596e+00
1.27855724e+00 1.74005865e+00 -3.66467130e+00
1.28055722e+00 1.72078737e+00 -3.65237445e+00
1.28255720e+00 1.72445814e+00 -3.63791556e+00
1.28455718e+00 1.75136243e+00 -3.62875891e+00
1.28655716e+00 1.73263531e+00 -3.66112691e+00
1.28855714e+00 1.74291855e+00 -3.66282338e+00
1.29055712e+00 1.72389029e+00 -3.65043384e+00
1.29255710e+00 1.72775063e+00 -3.63576700e+00
1.29455708e+00 1.75430295e+00 -3.62694912e+00
1.29655706e+00 1.73550675e+00 -3.65935432e+00
1.29855704e+00 1.74585746e+00 -3.66091889e+00
1.30055702e+00 1.72707215e+00 -3.64842684e+00
1.30255700e+00 1.73111744e+00 -3.63355877e+00
1.30455698e+00 1.75729926e+00 -3.62511318e+00
1.30655696e+00 1.73842282e+00 -3.65754723e+00
1.30855694e+00 1.74882885e+00 -3.65898681e+00
1.31055692e+00 1.73028645e+00 -3.64638311e+00
1.31255690e+00 1.73451112e+00 -3.63132052e+00
1.31455688e+00 1.76030816e+00 -3.62327170e+00
1.31655686e+00 1.74134217e+00 -3.65572699e+00
1.31855684e+00 1.75179275e+00 -3.65704805e+00
1.32055682e+00 1.73349174e+00 -3.64432519e+00
1.32255680e+00 1.73788965e+00 -3.62907460e+00
1.32455678e+00 1.76329131e+00 -3.62143914e+00
1.32655676e+00 1.74422829e+00 -3.65390880e+00
1.32855674e+00 1.75471368e+00 -3.65511748e+00
1.33055672e+00 1.73665168e+00 -3.64226923e+00
1.33255670e+00 1.74121603e+00 -3.62683736e+00
1.33455668e+00 1.76621492e+00 -3.61962490e+00
1.33655666e+00 1.74704912e+00 -3.65210270e+00
1.33855664e+00 1.73864011e+00 -3.64805153e+00
1.34055662e+00 1.70266352e+00 -3.62474949e+00
1.34255660e+00 1.72882574e+00 -3.61464186e+00
1.34455658e+00 1.75331532e+00 -3.60926788e+00
1.34655656e+00 1.73228990e+00 -3.64310659e+00
1.34855654e+00 1.73888737e+00 -3.63693461e+00
1.35055652e+00 1.70557807e+00 -3.62276291e+00
1.35255650e+00 1.73131216e+00 -3.61302331e+00
1.35455648e+00 1.75596287e+00 -3.60750804e+00
1.35655646e+00 1.73481265e+00 -3.64137007e+00
1.35855644e+00 1.74172271e+00 -3.63503016e+00
1.36055642e+00 1.70836254e+00 -3.62079747e+00
1.36255640e+00 1.73367758e+00 -3.61142187e+00
1.36455638e+00 1.75847538e+00 -3.60577217e+00
1.36655636e+00 1.73720028e+00 -3.63965257e+00
1.36855634e+00 1.74441388e+00 -3.63314839e+00
1.37055632e+00 1.71100318e+00 -3.61885350e+00
1.37255630e+00 1.73590405e+00 -3.60983723e+00
1.37455628e+00 1.76083339e+00 -3.60405893e+00
1.37655626e+00 1.73943473e+00 -3.63795333e+00
1.37855624e+00 1.72960092e+00 -3.63577829e+00
1.38055622e+00 1.71366685e+00 -3.61686380e+00
1.38255620e+00 1.73797543e+00 -3.60826729e+00
1.38455618e+00 1.76302008e+00 -3.60236563e+00
1.38655616e+00 1.74150047e+00 -3.63627009e+00
1.38855614e+00 1.73186724e+00 -3.63397313e+00
1.39055612e+00 1.71596781e+00 -3.61496289e+00
1.39255610e+00 1.73987918e+00 -3.60670947e+00
1.39455608e+00 1.76502091e+00 -3.60068845e+00
1.39655606e+00 1.74338410e+00 -3.63459962e+00
1.39855604e+00 1.73394488e+00 -3.63218342e+00
1.40055602e+00 1.71807701e+00 -3.61308175e+00
1.40255600e+00 1.74160318e+00 -3.60515991e+00
1.40455598e+00 1.76682325e+00 -3.59902299e+00
1.40655596e+00 1.74507405e+00 -3.63293789e+00
1.40855594e+00 1.73582200e+00 -3.63040594e+00
1.41055592e+00 1.71956232e+00 -3.61162479e+00
1.41255590e+00 1.74313843e+00 -3.60361406e+00
1.41455588e+00 1.76841612e+00 -3.59736430e+00
1.41655586e+00 1.74656030e+00 -3.63128040e+00
1.41855584e+00 1.73748836e+00 -3.62863686e+00
1.42055582e+00 1.72081543e+00 -3.61020042e+00
1.42155581e+00 1.72482780e+00 -3.60127882e+00
1.42355579e+00 1.74826797e+00 -3.59457335e+00
1.42555577e+00 1.72719672e+00 -3.62882028e+00
1.42755575e+00 1.73529086e+00 -3.62206116e+00
1.42955573e+00 1.70145429e+00 -3.60829466e+00
1.43155571e+00 1.72586410e+00 -3.59978751e+00
1.43355569e+00 1.74936493e+00 -3.59296291e+00
1.43555567e+00 1.72820701e+00 -3.62720607e+00
1.43755565e+00 1.73651104e+00 -3.62032716e+00
1.43955563e+00 1.70263843e+00 -3.60651763e+00
1.44155561e+00 1.72673547e+00 -3.59827075e+00
1.44355559e+00 1.75023135e+00 -3.59134028e+00
1.44555557e+00 1.72899446e+00 -3.62557818e+00
1.44755555e+00 1.73749628e+00 -3.61858605e+00
1.44955553e+00 1.70344954e+00 -3.60487390e+00
1.45155551e+00 1.72739166e+00 -3.59673605e+00
1.45355549e+00 1.75086025e+00 -3.58970027e+00
1.45555547e+00 1.72955250e+00 -3.62393139e+00
1.45755545e+00 1.73823985e+00 -3.61683284e+00
1.45955543e+00 1.70382802e+00 -3.60341031e+00
1.46155541e+00 1.72782671e+00 -3.59517843e+00
1.46355539e+00 1.75124483e+00 -3.58803730e+00
1.46555537e+00 1.72987495e+00 -3.62226041e+00
1.46755535e+00 1.73873549e+00 -3.61506238e+00
1.46955533e+00 1.70398617e+00 -3.60191249e+00
1.47155531e+00 1.72803434e+00 -3.59359293e+00
1.47355529e+00 1.75137874e+00 -3.58634587e+00
1.47555527e+00 1.72995585e+00 -3.62055985e+00
1.47755525e+00 1.73897716e+00 -3.61326936e+00
1.47955523e+00 1.70391805e+00 -3.60037553e+00
1.48155521e+00 1.72800890e+00 -3.59197431e+00
1.48355519e+00 1.75125575e+00 -3.58462025e+00
1.48555517e+00 1.72978931e+00 -3.61882413e+00
1.48755515e+00 1.73895875e+00 -3.61144812e+00
1.48955513e+00 1.70361776e+00 -3.59879430e+00
1.49155511e+00 1.72774464e+00 -3.59031734e+00
1.49355509e+00 1.75086932e+00 -3.58285478e+00
1.49555507e+00 1.72936940e+00 -3.61704756e+00
1.49755505e+00 1.73867490e+00 -3.60959355e+00
1.49955503e+00 1.70307929e+00 -3.59716346e+00
1.50155501e+00 1.72723584e+00 -3.58861648e+00
1.50355499e+00 1.75021313e+00 -3.58104339e+00
1.50555497e+00 1.72868996e+00 -3.61522414e+00
1.50755495e+00 1.73811885e+00 -3.60769918e+00
1.50955493e+00 1.70229639e+00 -3.59547752e+00
1.51155491e+00 1.72647641e+00 -3.58686593e+00
1.51355489e+00 1.74928052e+00 -3.57917997e+00
1.51555487e+00 1.72774450e+00 -3.61334789e+00
1.51755485e+00 1.73728451e+00 -3.60575904e+00
1.51955483e+00 1.70126250e+00 -3.59373066e+00
1.52155481e+00 1.72545995e+00 -3.58505978e+00
1.52355479e+00 1.74806429e+00 -3.57725807e+00
1.52555477e+00 1.72652616e+00 -3.61141213e+00
1.52755475e+00 1.73616458e+00 -3.60376659e+00
1.52955473e+00 1.69997058e+00 -3.59191676e+00
1.53155471e+00 1.72417955e+00 -3.58319160e+00
1.53355469e+00 1.74655687e+00 -3.57527094e+00
1.53555467e+00 1.72502751e+00 -3.60941008e+00
1.53755465e+00 1.73475209e+00 -3.60171499e+00
1.53955463e+00 1.69841324e+00 -3.59002918e+00
1.54155461e+00 1.72262778e+00 -3.58125469e+00
1.54355459e+00 1.74495019e+00 -3.57327363e+00
1.54555457e+00 1.72323913e+00 -3.60733504e+00
1.54755455e+00 1.73303898e+00 -3.59959677e+00
1.54955453e+00 1.69658227e+00 -3.58806086e+00
1.55155451e+00 1.72079659e+00 -3.57924183e+00
1.55355449e+00 1.74311896e+00 -3.57122202e+00
1.55555447e+00 1.72115311e+00 -3.60517889e+00
1.55755445e+00 1.73101633e+00 -3.59740433e+00
1.55955443e+00 1.69446884e+00 -3.58600437e+00
1.56155441e+00 1.71867713e+00 -3.57714530e+00
1.56355439e+00 1.74099609e+00 -3.56908994e+00
1.56555437e+00 1.71876031e+00 -3.60293312e+00
1.56755435e+00 1.72867477e+00 -3.59512909e+00
1.56955433e+00 1.69206339e+00 -3.58385150e+00
1.57155431e+00 1.71625983e+00 -3.57495673e+00
1.57355429e+00 1.73857184e+00 -3.56686883e+00
1.57555427e+00 1.71605032e+00 -3.60058877e+00
1.57755425e+00 1.72600384e+00 -3.59276207e+00
1.57955423e+00 1.68935548e+00 -3.58159341e+00
1.58155421e+00 1.71353420e+00 -3.57266718e+00
1.58355419e+00 1.73583574e+00 -3.56454964e+00
1.58555417e+00 1.71301179e+00 -3.59813616e+00
1.58755415e+00 1.72299212e+00 -3.59029350e+00
1.58955413e+00 1.68633372e+00 -3.57922052e+00
1.59155411e+00 1.71048875e+00 -3.57026694e+00
1.59355409e+00 1.73277623e+00 -3.56212248e+00
1.59555407e+00 1.70963231e+00 -3.59556483e+00
1.59755405e+00 1.71962720e+00 -3.58771286e+00
1.59955403e+00 1.68298572e+00 -3.57672243e+00
1.60155401e+00 1.70711096e+00 -3.56774546e+00
1.60355399e+00 1.72938071e+00 -3.55957661e+00
1.60555397e+00 1.70589838e+00 -3.59286348e+00
1.60755395e+00 1.71589547e+00 -3.58500873e+00
1.60955393e+00 1.67929803e+00 -3.57408795e+00
1.61155391e+00 1.70338725e+00 -3.56509131e+00
1.61355389e+00 1.72563542e+00 -3.55690054e+00
1.61555387e+00 1.70179527e+00 -3.59001984e+00
1.61755385e+00 1.71178215e+00 -3.58216879e+00
1.61955383e+00 1.67525596e+00 -3.57130451e+00
1.62155381e+00 1.69930276e+00 -3.56229203e+00
1.62355379e+00 1.72152531e+00 -3.55408159e+00
1.62555377e+00 1.69730700e+00 -3.58702063e+00
1.62755375e+00 1.70727114e+00 -3.57917965e+00
1.62955373e+00 1.67084366e+00 -3.56835903e+00
1.63155371e+00 1.69484136e+00 -3.55933421e+00
1.63355369e+00 1.71703416e+00 -3.55110626e+00
1.63555367e+00 1.69241622e+00 -3.58385145e+00
1.63755365e+00 1.70234496e+00 -3.57602682e+00
1.63955363e+00 1.66604387e+00 -3.56523691e+00
1.64155361e+00 1.68998557e+00 -3.55620314e+00
1.64355359e+00 1.71214411e+00 -3.54795965e+00
1.64555357e+00 1.68710416e+00 -3.58049665e+00
1.64755355e+00 1.69698465e+00 -3.57269457e+00
1.64955353e+00 1.66083811e+00 -3.56192232e+00
1.65155351e+00 1.68471646e+00 -3.55288293e+00
1.65355349e+00 1.70683618e+00 -3.54462573e+00
1.65555347e+00 1.68135048e+00 -3.57693928e+00
1.65755345e+00 1.69116972e+00 -3.56916582e+00
1.65955343e+00 1.65520577e+00 -3.55839808e+00
1.66055342e+00 1.65925895e+00 -3.54936939e+00
1.66255340e+00 1.68134916e+00 -3.54138164e+00
1.66455338e+00 1.70244642e+00 -3.53474811e+00
1.66655336e+00 1.69243013e+00 -3.56488845e+00
1.66855334e+00 1.68897288e+00 -3.56987795e+00
1.67055332e+00 1.66893264e+00 -3.55489935e+00
1.67255330e+00 1.67512506e+00 -3.53764309e+00
1.67455328e+00 1.69624226e+00 -3.53100255e+00
1.67655326e+00 1.68558780e+00 -3.56089112e+00
1.67855324e+00 1.68222774e+00 -3.56589249e+00
1.68055322e+00 1.66232566e+00 -3.55086372e+00
1.68255320e+00 1.68591852e+00 -3.54149004e+00
1.68455318e+00 1.70782057e+00 -3.53293436e+00
1.68655316e+00 1.68173872e+00 -3.56469383e+00
1.68855314e+00 1.67493984e+00 -3.56164540e+00
1.69055312e+00 1.65521648e+00 -3.54655598e+00
1.69255310e+00 1.67872057e+00 -3.53718729e+00
1.69455308e+00 1.70056560e+00 -3.52862397e+00
1.69655306e+00 1.67392214e+00 -3.56008325e+00
1.69855304e+00 1.66711849e+00 -3.55712047e+00
1.70055302e+00 1.64757799e+00 -3.54195187e+00
1.70255300e+00 1.67098444e+00 -3.53259070e+00
1.70455298e+00 1.69276628e+00 -3.52402078e+00
1.70655296e+00 1.66553106e+00 -3.55515881e+00
1.70855294e+00 1.67567474e+00 -3.54693844e+00
1.71055292e+00 1.63923104e+00 -3.53707606e+00
1.71255290e+00 1.66268062e+00 -3.52767395e+00
1.71455288e+00 1.68439228e+00 -3.51909796e+00
1.71655286e+00 1.65653387e+00 -3.54989245e+00
1.71855284e+00 1.66653026e+00 -3.54173529e+00
1.72055282e+00 1.63044721e+00 -3.53179586e+00
1.72255280e+00 1.65377654e+00 -3.52240768e+00
1.72455278e+00 1.67541113e+00 -3.51382646e+00
1.72655276e+00 1.64689683e+00 -3.54425366e+00
1.72855274e+00 1.65673037e+00 -3.53616490e+00
1.73055272e+00 1.62103994e+00 -3.52613275e+00
1.73255270e+00 1.64423835e+00 -3.51676059e+00
1.73455268e+00 1.66578805e+00 -3.50817438e+00
1.73655266e+00 1.63658393e+00 -3.53820925e+00
1.73855264e+00 1.64623873e+00 -3.53019370e+00
1.74055262e+00 1.61097360e+00 -3.52005245e+00
1.74255260e+00 1.63402964e+00 -3.51069827e+00
1.74455258e+00 1.65548606e+00 -3.50210714e+00
1.74655256e+00 1.62555689e+00 -3.53172307e+00
1.74855254e+00 1.63501668e+00 -3.52378522e+00
1.75055252e+00 1.60021003e+00 -3.51351776e+00
1.75255250e+00 1.62311160e+00 -3.50418330e+00
1.75455248e+00 1.64446566e+00 -3.49558691e+00
1.75655246e+00 1.61377504e+00 -3.52475579e+00
1.75855244e+00 1.62302316e+00 -3.51689970e+00
1.76055242e+00 1.58870869e+00 -3.50648832e+00
1.76255240e+00 1.61144299e+00 -3.49717473e+00
1.76455238e+00 1.63268493e+00 -3.48857240e+00
1.76655236e+00 1.60119535e+00 -3.51726453e+00
1.76855234e+00 1.61021476e+00 -3.50949377e+00
1.77055232e+00 1.57642686e+00 -3.49891940e+00
1.77255230e+00 1.59898013e+00 -3.48962780e+00
1.77455228e+00 1.62009941e+00 -3.48101849e+00
1.77655226e+00 1.58777238e+00 -3.50920254e+00
1.77855224e+00 1.59654564e+00 -3.50152011e+00
1.78055222e+00 1.56331900e+00 -3.49076282e+00
1.78255220e+00 1.58567683e+00 -3.48149372e+00
1.78455218e+00 1.60666210e+00 -3.47287591e+00
1.78655216e+00 1.57345829e+00 -3.50051882e+00
1.78855214e+00 1.58196762e+00 -3.49292705e+00
1.79055212e+00 1.54933748e+00 -3.48196548e+00
1.79255210e+00 1.57148441e+00 -3.47271908e+00
1.79455208e+00 1.59232353e+00 -3.46409059e+00
1.79655206e+00 1.55820293e+00 -3.49115775e+00
1.79855204e+00 1.56643015e+00 -3.48365818e+00
1.80055202e+00 1.53443206e+00 -3.47246954e+00
1.80255200e+00 1.55635177e+00 -3.46324545e+00
1.80455198e+00 1.57703166e+00 -3.45460370e+00
1.80655196e+00 1.54195388e+00 -3.48105861e+00
1.80755195e+00 1.52975703e+00 -3.47518278e+00
1.80955193e+00 1.53604063e+00 -3.47563015e+00
1.81155191e+00 1.53715206e+00 -3.46172721e+00
1.81355189e+00 1.55875645e+00 -3.45218690e+00
1.81555187e+00 1.57924664e+00 -3.44326897e+00
1.81755185e+00 1.54389023e+00 -3.46917274e+00
1.81955183e+00 1.55229326e+00 -3.46119602e+00
1.82155181e+00 1.51989322e+00 -3.45062218e+00
1.82355179e+00 1.54143750e+00 -3.44103874e+00
1.82555177e+00 1.56174756e+00 -3.43209943e+00
1.82755175e+00 1.52533725e+00 -3.45729782e+00
1.82955173e+00 1.53339330e+00 -3.44941460e+00
1.83155171e+00 1.50169265e+00 -3.43852886e+00
1.83355169e+00 1.52300217e+00 -3.42897493e+00
1.83555167e+00 1.54311624e+00 -3.42001004e+00
1.83755165e+00 1.50561216e+00 -3.44446022e+00
1.83955163e+00 1.51330143e+00 -3.43666750e+00
1.84155161e+00 1.48228013e+00 -3.42554814e+00
1.84355159e+00 1.50339038e+00 -3.41591231e+00
1.84555157e+00 1.52329184e+00 -3.40691584e+00
1.84755155e+00 1.50150714e+00 -3.43563908e+00
1.84955153e+00 1.50818816e+00 -3.42669602e+00
1.85155151e+00 1.49771041e+00 -3.42243343e+00
1.85355149e+00 1.49759222e+00 -3.40957493e+00
1.85555147e+00 1.51838337e+00 -3.39932384e+00
1.85755145e+00 1.47908032e+00 -3.42049262e+00
1.85955143e+00 1.48541277e+00 -3.41163342e+00
1.86155141e+00 1.47511429e+00 -3.40737967e+00
1.86355139e+00 1.47538366e+00 -3.39402120e+00
1.86555137e+00 1.49587305e+00 -3.38376464e+00
1.86755135e+00 1.45534908e+00 -3.40408806e+00
1.86955133e+00 1.46503707e+00 -3.40250693e+00
1.87155131e+00 1.46904818e+00 -3.39268924e+00
1.87355129e+00 1.45171232e+00 -3.37716747e+00
1.87555127e+00 1.47197884e+00 -3.36689020e+00
1.87755125e+00 1.43020199e+00 -3.38632161e+00
1.87955123e+00 1.43975749e+00 -3.38458816e+00
1.88155121e+00 1.44341588e+00 -3.37485402e+00
1.88355119e+00 1.42672098e+00 -3.35887678e+00
1.88555117e+00 1.44663528e+00 -3.34858083e+00
1.88755115e+00 1.40358045e+00 -3.36707247e+00
1.88955113e+00 1.41298174e+00 -3.36516598e+00
1.89155111e+00 1.41627295e+00 -3.35549759e+00
1.89355109e+00 1.40024206e+00 -3.33903294e+00
1.89555107e+00 1.35824005e+00 -3.35578269e+00
1.89755105e+00 1.36590762e+00 -3.35261006e+00
1.89955103e+00 1.37108680e+00 -3.35044261e+00
1.90155101e+00 1.34638633e+00 -3.33464861e+00
1.90355099e+00 1.37238089e+00 -3.31752767e+00
1.90555097e+00 1.33288100e+00 -3.33275162e+00
1.90755095e+00 1.33625902e+00 -3.32997199e+00
1.90955093e+00 1.34140119e+00 -3.32756786e+00
1.91155091e+00 1.31684664e+00 -3.31212744e+00
1.91355089e+00 1.29627058e+00 -3.31675782e+00
1.91555087e+00 1.28930241e+00 -3.31538936e+00
1.91755085e+00 1.30514224e+00 -3.30536557e+00
1.91955083e+00 1.31005139e+00 -3.30275003e+00
1.92155081e+00 1.28563533e+00 -3.28762718e+00
1.92355079e+00 1.26741984e+00 -3.28966950e+00
1.92555077e+00 1.26058169e+00 -3.28836321e+00
1.92755075e+00 1.27216762e+00 -3.27874813e+00
1.92955073e+00 1.27699688e+00 -3.27582196e+00
1.93155071e+00 1.25270478e+00 -3.26097459e+00
1.93355069e+00 1.23671839e+00 -3.26030760e+00
1.93555067e+00 1.23000532e+00 -3.25901967e+00
1.93755065e+00 1.23747338e+00 -3.24988324e+00
1.93955063e+00 1.24219500e+00 -3.24660726e+00
1.94155061e+00 1.21801476e+00 -3.23198463e+00
1.94355059e+00 1.20410654e+00 -3.22849424e+00
1.94555057e+00 1.19750674e+00 -3.22717629e+00
1.94755055e+00 1.20482370e+00 -3.21798123e+00
1.94955053e+00 1.20559062e+00 -3.21491908e+00
1.95155051e+00 1.18153441e+00 -3.20046024e+00
1.95355049e+00 1.16941538e+00 -3.19416541e+00
1.95555047e+00 1.16302697e+00 -3.19264313e+00
1.95755045e+00 1.17020752e+00 -3.18335196e+00
1.95955043e+00 1.16718976e+00 -3.18055475e+00
1.96155041e+00 1.11413298e+00 -3.17438568e+00
1.96355039e+00 1.13209805e+00 -3.15764753e+00
1.96555037e+00 1.12651521e+00 -3.15522477e+00
1.96755035e+00 1.13353336e+00 -3.14580103e+00
1.96955033e+00 1.12698408e+00 -3.14330399e+00
1.97155031e+00 1.07553977e+00 -3.13502416e+00
1.97355029e+00 1.08004247e+00 -3.12463454e+00
1.97555027e+00 1.08794842e+00 -3.11470736e+00
1.97755025e+00 1.09476287e+00 -3.10512301e+00
1.97955023e+00 1.08219741e+00 -3.10345278e+00
1.98155021e+00 1.03379724e+00 -3.09256074e+00
1.98355019e+00 1.03906949e+00 -3.08167466e+00
1.98555017e+00 1.04726741e+00 -3.07091792e+00
1.98755015e+00 1.03752534e+00 -3.06834062e+00
1.98955013e+00 1.02158265e+00 -3.06498134e+00
1.99155011e+00 9.91861843e-01 -3.04719728e+00
1.99355009e+00 9.96115254e-01 -3.03516894e+00
1.99555007e+00 1.00447875e+00 -3.02363670e+00
1.99755005e+00 9.95006099e-01 -3.02067820e+00
1.99955003e+00 9.79616531e-01 -3.01705455e+00
2.00000000e+00 9.29578591e-01 -3.00785659e+00

