/*--------------------------------*- C++ -*----------------------------------*\
| =========                 |                                                 |
| \\      /  F ield         | foam-extend: Open Source CFD                    |
|  \\    /   O peration     | Version:     4.1                                |
|   \\  /    A nd           | Web:         http://www.foam-extend.org         |
|    \\/     M anipulation  |                                                 |
\*---------------------------------------------------------------------------*/
FoamFile
{
    version     2.0;
    format      ascii;
    class       volScalarField;
    location    "0.199";
    object      Dp;
}
// * * * * * * * * * * * * * * * * * * * * * * * * * * * * * * * * * * * * * //

dimensions      [1 -1 -2 0 0 0 0];

internalField   nonuniform List<scalar> 
5120
(
-0.0461993
-0.0366684
-0.0354273
-0.0349402
-0.0345869
-0.0342343
-0.033822
-0.033339
-0.0327939
-0.0321997
-0.0315689
-0.0309121
-0.0302381
-0.0295531
-0.028862
-0.0281681
-0.0274739
-0.0267811
-0.0260909
-0.0254041
-0.0247214
-0.0240433
-0.0233701
-0.0227022
-0.0220399
-0.0213833
-0.0207328
-0.0200885
-0.0194506
-0.0188193
-0.0181947
-0.0175772
-0.0169668
-0.0163637
-0.0157681
-0.0151801
-0.0146
-0.0140279
-0.0134639
-0.0129083
-0.0123613
-0.011823
-0.0112935
-0.0107732
-0.0102621
-0.00976054
-0.00926862
-0.00878658
-0.00831461
-0.00785293
-0.00740176
-0.00696131
-0.00653181
-0.00611348
-0.00570655
-0.00531126
-0.00492785
-0.00455656
-0.00419763
-0.00385133
-0.00351789
-0.00319759
-0.00289068
-0.00259743
-0.0023181
-0.00205296
-0.00180229
-0.00156635
-0.00134541
-0.00113972
-0.000949537
-0.000775098
-0.000616632
-0.000474375
-0.000348597
-0.000239716
-0.000148316
-7.65706e-05
-2.18299e-05
9.81339e-06
-0.047831
-0.0382652
-0.0366814
-0.0358775
-0.035132
-0.034476
-0.0338546
-0.0332321
-0.0325978
-0.0319494
-0.0312881
-0.0306164
-0.0299374
-0.0292536
-0.0285675
-0.0278808
-0.027195
-0.0265112
-0.0258302
-0.0251526
-0.0244789
-0.0238096
-0.0231448
-0.022485
-0.0218304
-0.0211813
-0.0205378
-0.0199002
-0.0192688
-0.0186436
-0.018025
-0.0174131
-0.0168081
-0.0162103
-0.0156197
-0.0150366
-0.0144611
-0.0138935
-0.013334
-0.0127826
-0.0122397
-0.0117054
-0.0111799
-0.0106633
-0.0101559
-0.00965796
-0.00916956
-0.00869094
-0.00822232
-0.00776391
-0.00731592
-0.00687858
-0.00645212
-0.00603675
-0.00563271
-0.00524023
-0.00485956
-0.00449094
-0.00413462
-0.00379085
-0.00345988
-0.00314198
-0.0028374
-0.00254641
-0.00226927
-0.00200627
-0.00175767
-0.00152374
-0.00130476
-0.00110101
-0.000912758
-0.000740308
-0.000583979
-0.000444152
-0.000321316
-0.000216172
-0.000129725
-6.44991e-05
-1.57495e-05
1.26287e-05
-0.0497751
-0.0389364
-0.0373378
-0.0364993
-0.0356405
-0.0348539
-0.0341186
-0.033407
-0.0327074
-0.0320137
-0.031322
-0.0306308
-0.0299395
-0.0292486
-0.0285585
-0.02787
-0.0271837
-0.0265002
-0.02582
-0.0251434
-0.0244709
-0.0238027
-0.0231392
-0.0224806
-0.0218271
-0.021179
-0.0205365
-0.0198998
-0.0192691
-0.0186447
-0.0180268
-0.0174154
-0.016811
-0.0162135
-0.0156233
-0.0150405
-0.0144653
-0.0138979
-0.0133385
-0.0127873
-0.0122444
-0.0117101
-0.0111845
-0.0106679
-0.0101604
-0.00966225
-0.00917365
-0.00869481
-0.00822594
-0.00776725
-0.00731896
-0.00688129
-0.00645446
-0.00603871
-0.00563426
-0.00524136
-0.00486025
-0.00449117
-0.00413437
-0.0037901
-0.00345862
-0.00314019
-0.00283507
-0.00254353
-0.00226583
-0.00200226
-0.00175309
-0.00151859
-0.00129905
-0.00109476
-0.000906036
-0.000733206
-0.000576651
-0.000436837
-0.000314345
-0.000209972
-0.000124845
-6.12696e-05
-1.3962e-05
1.39822e-05
-0.0507007
-0.0391655
-0.0375607
-0.0367331
-0.0358531
-0.0350263
-0.0342475
-0.033497
-0.0327664
-0.0320496
-0.0313416
-0.0306394
-0.0299411
-0.0292458
-0.0285532
-0.0278634
-0.0271766
-0.0264931
-0.0258131
-0.0251369
-0.0244649
-0.0237973
-0.0231343
-0.0224762
-0.0218233
-0.0211757
-0.0205336
-0.0198974
-0.0192672
-0.0186431
-0.0180255
-0.0174145
-0.0168102
-0.016213
-0.015623
-0.0150404
-0.0144654
-0.0138981
-0.0133388
-0.0127877
-0.0122448
-0.0117106
-0.011185
-0.0106684
-0.0101609
-0.00966276
-0.00917413
-0.00869524
-0.00822631
-0.00776754
-0.00731916
-0.00688139
-0.00645446
-0.00603858
-0.00563401
-0.00524097
-0.0048597
-0.00449046
-0.00413349
-0.00378905
-0.00345739
-0.00313876
-0.00283345
-0.0025417
-0.00226379
-0.00200001
-0.00175061
-0.0015159
-0.00129615
-0.00109167
-0.000902791
-0.00072986
-0.000573286
-0.000433568
-0.000311313
-0.000207332
-0.000122755
-5.97354e-05
-1.27363e-05
1.52368e-05
-0.0507007
-0.0391655
-0.0375607
-0.0367331
-0.0358531
-0.0350263
-0.0342475
-0.033497
-0.0327664
-0.0320496
-0.0313416
-0.0306394
-0.0299411
-0.0292458
-0.0285532
-0.0278634
-0.0271766
-0.0264931
-0.0258131
-0.0251369
-0.0244649
-0.0237973
-0.0231343
-0.0224762
-0.0218233
-0.0211757
-0.0205336
-0.0198974
-0.0192672
-0.0186431
-0.0180255
-0.0174145
-0.0168102
-0.016213
-0.015623
-0.0150404
-0.0144654
-0.0138981
-0.0133388
-0.0127877
-0.0122448
-0.0117106
-0.011185
-0.0106684
-0.0101609
-0.00966276
-0.00917413
-0.00869524
-0.00822631
-0.00776754
-0.00731917
-0.00688139
-0.00645446
-0.00603858
-0.00563401
-0.00524097
-0.0048597
-0.00449046
-0.00413349
-0.00378905
-0.00345739
-0.00313876
-0.00283345
-0.0025417
-0.00226379
-0.00200001
-0.00175061
-0.0015159
-0.00129615
-0.00109167
-0.000902792
-0.00072986
-0.000573287
-0.000433568
-0.000311312
-0.000207332
-0.000122756
-5.97359e-05
-1.27359e-05
1.52367e-05
-0.0497751
-0.0389364
-0.0373378
-0.0364993
-0.0356405
-0.0348539
-0.0341186
-0.033407
-0.0327074
-0.0320137
-0.031322
-0.0306308
-0.0299395
-0.0292486
-0.0285585
-0.02787
-0.0271837
-0.0265002
-0.02582
-0.0251434
-0.0244709
-0.0238027
-0.0231392
-0.0224806
-0.0218271
-0.021179
-0.0205365
-0.0198998
-0.0192691
-0.0186447
-0.0180268
-0.0174154
-0.016811
-0.0162135
-0.0156233
-0.0150405
-0.0144653
-0.0138979
-0.0133385
-0.0127873
-0.0122444
-0.0117101
-0.0111845
-0.0106679
-0.0101604
-0.00966225
-0.00917365
-0.00869482
-0.00822594
-0.00776725
-0.00731896
-0.00688129
-0.00645446
-0.00603871
-0.00563426
-0.00524136
-0.00486025
-0.00449117
-0.00413437
-0.0037901
-0.00345862
-0.00314019
-0.00283507
-0.00254353
-0.00226583
-0.00200226
-0.00175309
-0.00151859
-0.00129905
-0.00109476
-0.000906035
-0.000733205
-0.000576651
-0.000436837
-0.000314345
-0.000209973
-0.000124845
-6.12698e-05
-1.39622e-05
1.39845e-05
-0.047831
-0.0382652
-0.0366814
-0.0358775
-0.035132
-0.034476
-0.0338546
-0.0332321
-0.0325978
-0.0319494
-0.0312881
-0.0306164
-0.0299374
-0.0292536
-0.0285675
-0.0278808
-0.027195
-0.0265112
-0.0258302
-0.0251526
-0.0244789
-0.0238096
-0.0231448
-0.022485
-0.0218304
-0.0211813
-0.0205378
-0.0199002
-0.0192688
-0.0186436
-0.018025
-0.0174131
-0.0168081
-0.0162103
-0.0156197
-0.0150366
-0.0144611
-0.0138935
-0.013334
-0.0127826
-0.0122397
-0.0117054
-0.0111799
-0.0106633
-0.0101559
-0.00965796
-0.00916956
-0.00869094
-0.00822232
-0.00776391
-0.00731592
-0.00687858
-0.00645212
-0.00603675
-0.00563271
-0.00524023
-0.00485956
-0.00449094
-0.00413462
-0.00379085
-0.00345988
-0.00314198
-0.0028374
-0.00254641
-0.00226927
-0.00200627
-0.00175767
-0.00152374
-0.00130476
-0.00110101
-0.000912757
-0.000740308
-0.000583979
-0.000444152
-0.000321317
-0.000216173
-0.000129725
-6.44993e-05
-1.575e-05
1.26293e-05
-0.0461993
-0.0366684
-0.0354273
-0.0349402
-0.0345869
-0.0342343
-0.033822
-0.033339
-0.0327939
-0.0321997
-0.0315689
-0.0309121
-0.0302381
-0.0295531
-0.028862
-0.0281681
-0.0274739
-0.0267811
-0.0260909
-0.0254041
-0.0247214
-0.0240433
-0.0233701
-0.0227022
-0.0220399
-0.0213833
-0.0207328
-0.0200885
-0.0194506
-0.0188193
-0.0181947
-0.0175772
-0.0169668
-0.0163637
-0.0157681
-0.0151801
-0.0146
-0.0140279
-0.0134639
-0.0129083
-0.0123613
-0.011823
-0.0112935
-0.0107732
-0.0102621
-0.00976054
-0.00926862
-0.00878658
-0.00831461
-0.00785293
-0.00740176
-0.00696131
-0.00653181
-0.00611348
-0.00570655
-0.00531126
-0.00492785
-0.00455656
-0.00419763
-0.00385133
-0.00351789
-0.00319759
-0.00289068
-0.00259743
-0.0023181
-0.00205296
-0.00180229
-0.00156635
-0.00134541
-0.00113972
-0.000949537
-0.000775098
-0.000616632
-0.000474374
-0.000348597
-0.000239716
-0.000148316
-7.65711e-05
-2.18299e-05
9.81543e-06
-0.0295876
-0.0228472
-0.0220693
-0.0218654
-0.0215976
-0.0213449
-0.0210882
-0.0208084
-0.020503
-0.0201746
-0.0198269
-0.0194638
-0.0190888
-0.0187048
-0.0183142
-0.0179186
-0.0175194
-0.0171176
-0.0167139
-0.016309
-0.0159034
-0.0154976
-0.0150919
-0.0146867
-0.0142824
-0.0138791
-0.0134773
-0.0130771
-0.0126788
-0.0122827
-0.011889
-0.011498
-0.0111098
-0.0107247
-0.010343
-0.00996476
-0.0095903
-0.00921981
-0.00885351
-0.0084916
-0.00813429
-0.00778179
-0.0074343
-0.00709204
-0.00675521
-0.00642401
-0.00609865
-0.00577934
-0.00546628
-0.00515967
-0.00485974
-0.00456667
-0.00428069
-0.004002
-0.00373081
-0.00346733
-0.00321177
-0.00296435
-0.00272528
-0.00249477
-0.00227304
-0.00206031
-0.00185679
-0.00166271
-0.00147828
-0.00130372
-0.00113925
-0.000985085
-0.000841435
-0.000708504
-0.000586481
-0.000475533
-0.000375797
-0.000287365
-0.000210259
-0.00014437
-8.96087e-05
-4.67798e-05
-1.18993e-05
3.12238e-05
-0.0352849
-0.0246962
-0.0224133
-0.0218504
-0.0212658
-0.020796
-0.0204139
-0.020063
-0.019722
-0.0193817
-0.0190378
-0.0186884
-0.0183332
-0.0179727
-0.0176075
-0.0172382
-0.0168656
-0.0164901
-0.0161123
-0.0157327
-0.0153516
-0.0149695
-0.0145866
-0.0142034
-0.0138201
-0.013437
-0.0130545
-0.0126728
-0.0122922
-0.0119129
-0.0115353
-0.0111597
-0.0107861
-0.010415
-0.0100466
-0.00968111
-0.00931876
-0.00895981
-0.00860451
-0.00825308
-0.00790576
-0.00756279
-0.0072244
-0.0068908
-0.00656225
-0.00623895
-0.00592114
-0.00560904
-0.00530288
-0.00500289
-0.00470928
-0.00442229
-0.00414214
-0.00386906
-0.00360327
-0.00334499
-0.00309446
-0.00285189
-0.00261752
-0.00239158
-0.00217428
-0.00196587
-0.00176656
-0.00157659
-0.00139619
-0.00122558
-0.00106499
-0.000914651
-0.000774788
-0.000645624
-0.000527377
-0.000420264
-0.000324499
-0.000240301
-0.000167862
-0.000107265
-5.89391e-05
-2.4245e-05
5.14125e-06
4.02981e-05
-0.0381783
-0.0261784
-0.0230593
-0.0221864
-0.0214098
-0.0208007
-0.020325
-0.0199126
-0.0195328
-0.0191701
-0.0188151
-0.0184623
-0.0181089
-0.0177534
-0.0173952
-0.0170341
-0.0166703
-0.016304
-0.0159354
-0.0155648
-0.0151927
-0.0148192
-0.0144447
-0.0140694
-0.0136938
-0.0133181
-0.0129426
-0.0125675
-0.0121932
-0.0118199
-0.0114479
-0.0110776
-0.0107091
-0.0103427
-0.00997864
-0.00961726
-0.00925878
-0.00890345
-0.00855151
-0.00820321
-0.00785881
-0.00751854
-0.00718264
-0.00685136
-0.00652493
-0.00620359
-0.00588758
-0.00557713
-0.00527249
-0.00497387
-0.00468153
-0.00439568
-0.00411657
-0.00384443
-0.00357949
-0.00332199
-0.00307216
-0.00283023
-0.00259644
-0.00237101
-0.00215419
-0.00194621
-0.00174731
-0.00155771
-0.00137765
-0.00120736
-0.00104709
-0.000897061
-0.000757513
-0.000628681
-0.00051081
-0.000404149
-0.000308962
-0.000225538
-0.000154159
-9.50329e-05
-4.88108e-05
-1.65958e-05
1.08388e-05
4.10128e-05
-0.0392068
-0.0266264
-0.0232794
-0.0223253
-0.0214789
-0.0208095
-0.0202894
-0.019846
-0.0194454
-0.01907
-0.0187081
-0.0183525
-0.0179991
-0.0176455
-0.0172904
-0.0169331
-0.0165736
-0.0162117
-0.0158477
-0.0154816
-0.0151139
-0.0147447
-0.0143744
-0.0140032
-0.0136315
-0.0132594
-0.0128874
-0.0125157
-0.0121446
-0.0117743
-0.0114052
-0.0110375
-0.0106716
-0.0103076
-0.00994579
-0.00958652
-0.00923001
-0.00887652
-0.00852631
-0.00817962
-0.00783671
-0.00749782
-0.00716321
-0.00683312
-0.00650779
-0.00618746
-0.00587238
-0.00556278
-0.00525891
-0.00496101
-0.00466931
-0.00438405
-0.00410548
-0.00383382
-0.00356931
-0.0033122
-0.00306272
-0.0028211
-0.00258759
-0.00236242
-0.00214583
-0.00193805
-0.00173932
-0.00154988
-0.00136997
-0.00119982
-0.00103968
-0.000889775
-0.000750355
-0.000621666
-0.000503962
-0.00039751
-0.000302598
-0.000219541
-0.000148646
-9.01485e-05
-4.47576e-05
-1.34304e-05
1.33331e-05
4.1939e-05
-0.0392068
-0.0266264
-0.0232794
-0.0223253
-0.0214789
-0.0208095
-0.0202894
-0.019846
-0.0194454
-0.01907
-0.0187081
-0.0183525
-0.0179991
-0.0176455
-0.0172904
-0.0169331
-0.0165736
-0.0162117
-0.0158477
-0.0154816
-0.0151139
-0.0147447
-0.0143744
-0.0140032
-0.0136315
-0.0132594
-0.0128874
-0.0125157
-0.0121446
-0.0117743
-0.0114052
-0.0110375
-0.0106716
-0.0103076
-0.00994579
-0.00958652
-0.00923001
-0.00887652
-0.00852631
-0.00817962
-0.00783671
-0.00749782
-0.00716321
-0.00683312
-0.00650779
-0.00618746
-0.00587238
-0.00556278
-0.00525891
-0.00496101
-0.00466931
-0.00438405
-0.00410548
-0.00383382
-0.00356931
-0.0033122
-0.00306272
-0.0028211
-0.00258759
-0.00236242
-0.00214583
-0.00193805
-0.00173932
-0.00154988
-0.00136997
-0.00119982
-0.00103968
-0.000889775
-0.000750355
-0.000621666
-0.000503962
-0.00039751
-0.000302598
-0.000219541
-0.000148646
-9.01485e-05
-4.47576e-05
-1.34304e-05
1.33331e-05
4.19388e-05
-0.0381783
-0.0261784
-0.0230593
-0.0221864
-0.0214098
-0.0208007
-0.020325
-0.0199126
-0.0195328
-0.0191701
-0.0188151
-0.0184623
-0.0181089
-0.0177534
-0.0173952
-0.0170341
-0.0166703
-0.016304
-0.0159354
-0.0155648
-0.0151927
-0.0148192
-0.0144447
-0.0140694
-0.0136938
-0.0133181
-0.0129426
-0.0125675
-0.0121932
-0.0118199
-0.0114479
-0.0110776
-0.0107091
-0.0103427
-0.00997864
-0.00961726
-0.00925878
-0.00890345
-0.00855151
-0.00820321
-0.00785881
-0.00751854
-0.00718264
-0.00685136
-0.00652493
-0.00620359
-0.00588758
-0.00557713
-0.00527249
-0.00497387
-0.00468153
-0.00439568
-0.00411657
-0.00384443
-0.00357949
-0.00332199
-0.00307216
-0.00283023
-0.00259644
-0.00237101
-0.00215419
-0.00194621
-0.00174731
-0.00155771
-0.00137765
-0.00120736
-0.00104709
-0.000897061
-0.000757512
-0.000628681
-0.000510811
-0.000404149
-0.000308962
-0.000225538
-0.000154159
-9.5033e-05
-4.88107e-05
-1.65958e-05
1.08385e-05
4.10125e-05
-0.0352849
-0.0246962
-0.0224133
-0.0218504
-0.0212658
-0.020796
-0.0204139
-0.020063
-0.019722
-0.0193817
-0.0190378
-0.0186884
-0.0183332
-0.0179727
-0.0176075
-0.0172382
-0.0168656
-0.0164901
-0.0161123
-0.0157327
-0.0153516
-0.0149695
-0.0145866
-0.0142034
-0.0138201
-0.013437
-0.0130545
-0.0126728
-0.0122922
-0.0119129
-0.0115353
-0.0111597
-0.0107861
-0.010415
-0.0100466
-0.00968111
-0.00931876
-0.00895981
-0.00860451
-0.00825308
-0.00790576
-0.00756279
-0.0072244
-0.0068908
-0.00656225
-0.00623895
-0.00592114
-0.00560904
-0.00530288
-0.00500289
-0.00470928
-0.00442229
-0.00414214
-0.00386906
-0.00360327
-0.00334499
-0.00309446
-0.00285189
-0.00261752
-0.00239158
-0.00217428
-0.00196587
-0.00176656
-0.00157659
-0.00139619
-0.00122558
-0.00106499
-0.000914651
-0.000774788
-0.000645624
-0.000527377
-0.000420264
-0.000324499
-0.000240301
-0.000167862
-0.000107265
-5.8939e-05
-2.42449e-05
5.14109e-06
4.0298e-05
-0.0295876
-0.0228472
-0.0220693
-0.0218654
-0.0215976
-0.0213449
-0.0210882
-0.0208084
-0.020503
-0.0201746
-0.0198269
-0.0194638
-0.0190888
-0.0187048
-0.0183142
-0.0179186
-0.0175194
-0.0171176
-0.0167139
-0.016309
-0.0159034
-0.0154976
-0.0150919
-0.0146867
-0.0142824
-0.0138791
-0.0134773
-0.0130771
-0.0126788
-0.0122827
-0.011889
-0.011498
-0.0111098
-0.0107247
-0.010343
-0.00996476
-0.0095903
-0.00921981
-0.00885351
-0.0084916
-0.00813429
-0.00778179
-0.0074343
-0.00709204
-0.00675521
-0.00642401
-0.00609865
-0.00577934
-0.00546628
-0.00515967
-0.00485974
-0.00456667
-0.00428069
-0.004002
-0.00373081
-0.00346733
-0.00321177
-0.00296435
-0.00272528
-0.00249477
-0.00227304
-0.00206031
-0.00185679
-0.00166271
-0.00147828
-0.00130372
-0.00113925
-0.000985085
-0.000841435
-0.000708504
-0.000586481
-0.000475533
-0.000375796
-0.000287364
-0.000210259
-0.000144371
-8.96088e-05
-4.67799e-05
-1.18995e-05
3.12238e-05
-0.0147272
-0.0112362
-0.0110907
-0.0111857
-0.0111265
-0.0110314
-0.010925
-0.0108083
-0.0106833
-0.0105513
-0.0104129
-0.0102685
-0.0101185
-0.00996346
-0.00980351
-0.00963902
-0.00947029
-0.00929764
-0.00912135
-0.00894174
-0.00875909
-0.00857369
-0.0083858
-0.00819567
-0.00800356
-0.00780968
-0.00761426
-0.00741752
-0.00721967
-0.00702091
-0.00682143
-0.00662144
-0.00642113
-0.0062207
-0.00602032
-0.00582021
-0.00562053
-0.00542148
-0.00522325
-0.00502603
-0.00483
-0.00463534
-0.00444224
-0.00425089
-0.00406147
-0.00387416
-0.00368915
-0.00350662
-0.00332675
-0.00314972
-0.00297572
-0.00280492
-0.00263751
-0.00247366
-0.00231356
-0.00215738
-0.0020053
-0.00185749
-0.00171414
-0.00157542
-0.0014415
-0.00131256
-0.00118877
-0.0010703
-0.000957317
-0.000849994
-0.000748495
-0.000652979
-0.000563602
-0.000480508
-0.000403822
-0.000333644
-0.000270025
-0.000212955
-0.000162311
-0.000117787
-7.92068e-05
-4.76109e-05
-1.67427e-05
4.27968e-05
-0.0189918
-0.0126127
-0.0111204
-0.010804
-0.0104892
-0.0102582
-0.0100954
-0.00996197
-0.00984206
-0.00972787
-0.00961445
-0.0094989
-0.00937966
-0.00925593
-0.00912735
-0.00899385
-0.00885551
-0.00871248
-0.00856498
-0.00841326
-0.00825755
-0.00809813
-0.00793523
-0.0077691
-0.0076
-0.00742814
-0.00725378
-0.00707715
-0.00689846
-0.00671796
-0.00653586
-0.00635238
-0.00616775
-0.00598219
-0.00579591
-0.00560914
-0.00542209
-0.00523497
-0.005048
-0.00486139
-0.00467536
-0.00449012
-0.00430587
-0.00412284
-0.00394122
-0.00376123
-0.00358307
-0.00340694
-0.00323306
-0.00306163
-0.00289285
-0.00272693
-0.00256405
-0.00240443
-0.00224827
-0.00209575
-0.00194708
-0.00180246
-0.00166206
-0.0015261
-0.00139476
-0.00126822
-0.00114668
-0.00103031
-0.000919315
-0.000813863
-0.000714133
-0.000620302
-0.000532538
-0.000451004
-0.000375853
-0.000307224
-0.000245232
-0.000189966
-0.000141421
-9.939e-05
-6.41666e-05
-3.65513e-05
-2.71865e-06
4.94428e-05
-0.0214356
-0.0139086
-0.0115408
-0.0108689
-0.0103733
-0.0100354
-0.00981219
-0.00964585
-0.00951005
-0.00939105
-0.00927993
-0.00917117
-0.00906149
-0.00894896
-0.00883252
-0.00871162
-0.00858603
-0.00845573
-0.00832079
-0.00818136
-0.00803764
-0.00788982
-0.00773814
-0.00758283
-0.00742411
-0.00726222
-0.00709739
-0.00692987
-0.00675987
-0.00658765
-0.00641342
-0.00623742
-0.00605989
-0.00588105
-0.00570114
-0.00552038
-0.00533901
-0.00515724
-0.00497531
-0.00479344
-0.00461186
-0.00443078
-0.00425044
-0.00407105
-0.00389284
-0.00371602
-0.00354081
-0.00336743
-0.00319609
-0.00302701
-0.0028604
-0.00269648
-0.00253546
-0.00237754
-0.00222294
-0.00207185
-0.0019245
-0.00178107
-0.00164178
-0.00150681
-0.00137639
-0.00125068
-0.00112991
-0.00101425
-0.000903891
-0.00079903
-0.00069985
-0.000606531
-0.000519254
-0.000438191
-0.000363514
-0.000295385
-0.000233958
-0.000179378
-0.000131712
-9.08797e-05
-5.73601e-05
-3.11785e-05
2.61265e-06
4.72281e-05
-0.0222917
-0.0143273
-0.0116995
-0.0109131
-0.0103391
-0.00994553
-0.00968721
-0.0094998
-0.00935236
-0.00922817
-0.00911618
-0.00900939
-0.00890349
-0.00879588
-0.00868502
-0.00857007
-0.00845061
-0.00832648
-0.00819767
-0.00806427
-0.00792643
-0.00778435
-0.00763821
-0.00748825
-0.00733468
-0.00717773
-0.00701765
-0.00685466
-0.006689
-0.00652091
-0.00635062
-0.00617838
-0.00600441
-0.00582895
-0.00565224
-0.00547452
-0.00529601
-0.00511695
-0.00493758
-0.00475812
-0.0045788
-0.00439986
-0.00422151
-0.004044
-0.00386753
-0.00369235
-0.00351867
-0.00334671
-0.0031767
-0.00300885
-0.00284339
-0.00268053
-0.00252048
-0.00236347
-0.0022097
-0.00205939
-0.00191274
-0.00176997
-0.00163128
-0.00149687
-0.00136695
-0.00124172
-0.00112137
-0.00100611
-0.000896123
-0.000791605
-0.000692745
-0.000599728
-0.000512741
-0.000431962
-0.000357573
-0.000289746
-0.000228655
-0.000174462
-0.000127256
-8.6994e-05
-5.42229e-05
-2.86807e-05
4.80649e-06
4.6895e-05
-0.0222917
-0.0143273
-0.0116995
-0.0109131
-0.0103391
-0.00994553
-0.00968721
-0.0094998
-0.00935236
-0.00922817
-0.00911618
-0.00900939
-0.00890349
-0.00879588
-0.00868502
-0.00857007
-0.00845061
-0.00832648
-0.00819767
-0.00806427
-0.00792643
-0.00778435
-0.00763821
-0.00748825
-0.00733468
-0.00717773
-0.00701765
-0.00685466
-0.006689
-0.00652091
-0.00635062
-0.00617838
-0.00600441
-0.00582895
-0.00565224
-0.00547452
-0.00529601
-0.00511695
-0.00493758
-0.00475812
-0.0045788
-0.00439986
-0.00422151
-0.004044
-0.00386753
-0.00369235
-0.00351867
-0.00334671
-0.0031767
-0.00300885
-0.00284339
-0.00268053
-0.00252048
-0.00236347
-0.0022097
-0.00205939
-0.00191274
-0.00176997
-0.00163128
-0.00149687
-0.00136695
-0.00124172
-0.00112137
-0.00100611
-0.000896123
-0.000791605
-0.000692745
-0.000599728
-0.000512741
-0.000431962
-0.000357573
-0.000289747
-0.000228655
-0.000174462
-0.000127256
-8.69941e-05
-5.42229e-05
-2.86807e-05
4.80648e-06
4.6895e-05
-0.0214356
-0.0139086
-0.0115408
-0.0108689
-0.0103733
-0.0100354
-0.00981219
-0.00964585
-0.00951005
-0.00939105
-0.00927993
-0.00917117
-0.00906149
-0.00894896
-0.00883252
-0.00871162
-0.00858603
-0.00845573
-0.00832079
-0.00818136
-0.00803764
-0.00788982
-0.00773814
-0.00758283
-0.00742411
-0.00726222
-0.00709739
-0.00692987
-0.00675987
-0.00658765
-0.00641342
-0.00623742
-0.00605989
-0.00588105
-0.00570114
-0.00552038
-0.00533901
-0.00515724
-0.00497531
-0.00479344
-0.00461186
-0.00443078
-0.00425044
-0.00407105
-0.00389284
-0.00371602
-0.00354081
-0.00336743
-0.00319609
-0.00302701
-0.0028604
-0.00269648
-0.00253546
-0.00237754
-0.00222294
-0.00207185
-0.0019245
-0.00178107
-0.00164178
-0.00150681
-0.00137639
-0.00125068
-0.00112991
-0.00101425
-0.000903891
-0.00079903
-0.00069985
-0.000606531
-0.000519254
-0.000438191
-0.000363514
-0.000295385
-0.000233958
-0.000179378
-0.000131712
-9.08798e-05
-5.73601e-05
-3.11785e-05
2.61263e-06
4.72281e-05
-0.0189918
-0.0126127
-0.0111204
-0.010804
-0.0104892
-0.0102582
-0.0100954
-0.00996197
-0.00984206
-0.00972787
-0.00961445
-0.0094989
-0.00937966
-0.00925593
-0.00912735
-0.00899385
-0.00885551
-0.00871248
-0.00856498
-0.00841326
-0.00825755
-0.00809813
-0.00793523
-0.0077691
-0.0076
-0.00742814
-0.00725378
-0.00707715
-0.00689846
-0.00671796
-0.00653586
-0.00635238
-0.00616775
-0.00598219
-0.00579591
-0.00560914
-0.00542209
-0.00523497
-0.005048
-0.00486139
-0.00467536
-0.00449012
-0.00430587
-0.00412284
-0.00394122
-0.00376123
-0.00358307
-0.00340694
-0.00323306
-0.00306163
-0.00289285
-0.00272693
-0.00256405
-0.00240443
-0.00224827
-0.00209575
-0.00194708
-0.00180246
-0.00166206
-0.0015261
-0.00139476
-0.00126822
-0.00114668
-0.00103031
-0.000919315
-0.000813863
-0.000714133
-0.000620302
-0.000532538
-0.000451004
-0.000375853
-0.000307224
-0.000245232
-0.000189966
-0.000141421
-9.939e-05
-6.41665e-05
-3.65512e-05
-2.71859e-06
4.9443e-05
-0.0147272
-0.0112362
-0.0110907
-0.0111857
-0.0111265
-0.0110314
-0.010925
-0.0108083
-0.0106833
-0.0105513
-0.0104129
-0.0102685
-0.0101185
-0.00996346
-0.00980351
-0.00963902
-0.00947029
-0.00929764
-0.00912135
-0.00894174
-0.00875909
-0.00857369
-0.0083858
-0.00819567
-0.00800356
-0.00780968
-0.00761426
-0.00741752
-0.00721967
-0.00702091
-0.00682143
-0.00662144
-0.00642113
-0.0062207
-0.00602032
-0.00582021
-0.00562053
-0.00542148
-0.00522325
-0.00502603
-0.00483
-0.00463534
-0.00444224
-0.00425089
-0.00406147
-0.00387416
-0.00368915
-0.00350662
-0.00332675
-0.00314972
-0.00297572
-0.00280492
-0.00263751
-0.00247366
-0.00231356
-0.00215738
-0.0020053
-0.00185749
-0.00171414
-0.00157542
-0.0014415
-0.00131256
-0.00118877
-0.0010703
-0.000957318
-0.000849995
-0.000748495
-0.00065298
-0.000563603
-0.000480508
-0.000403822
-0.000333643
-0.000270025
-0.000212955
-0.000162311
-0.000117787
-7.92067e-05
-4.76108e-05
-1.67429e-05
4.27965e-05
-0.00143041
-0.00130888
-0.00151987
-0.00171116
-0.00179233
-0.0018191
-0.00182633
-0.00182912
-0.00183458
-0.00184495
-0.00185976
-0.00187756
-0.00189664
-0.00191551
-0.00193297
-0.00194817
-0.00196056
-0.0019698
-0.00197575
-0.00197836
-0.00197767
-0.00197376
-0.00196672
-0.00195667
-0.00194373
-0.00192799
-0.00190959
-0.00188864
-0.00186523
-0.00183949
-0.00181152
-0.00178142
-0.00174932
-0.0017153
-0.00167949
-0.001642
-0.00160294
-0.00156241
-0.00152054
-0.00147743
-0.0014332
-0.00138797
-0.00134185
-0.00129496
-0.00124741
-0.00119931
-0.00115079
-0.00110196
-0.00105292
-0.00100381
-0.00095473
-0.000905794
-0.000857114
-0.000808805
-0.000760975
-0.000713735
-0.000667193
-0.000621456
-0.000576631
-0.000532821
-0.00049013
-0.000448659
-0.000408507
-0.000369772
-0.00033255
-0.000296935
-0.000263018
-0.000230887
-0.00020063
-0.000172324
-0.000146044
-0.000121849
-9.9784e-05
-7.98687e-05
-6.20797e-05
-4.63079e-05
-3.27691e-05
-2.32226e-05
-1.09317e-05
3.96353e-05
-0.00299509
-0.00139559
-0.000914564
-0.000844786
-0.000809317
-0.000801647
-0.000819542
-0.000853284
-0.00089775
-0.000949309
-0.00100476
-0.00106154
-0.00111771
-0.00117189
-0.00122311
-0.00127075
-0.00131442
-0.00135392
-0.00138915
-0.00142012
-0.00144686
-0.00146946
-0.001488
-0.00150261
-0.00151339
-0.00152046
-0.00152395
-0.00152397
-0.00152065
-0.00151412
-0.0015045
-0.00149192
-0.00147651
-0.00145841
-0.00143773
-0.00141463
-0.00138923
-0.00136167
-0.00133209
-0.00130062
-0.0012674
-0.00123257
-0.00119627
-0.00115864
-0.00111981
-0.00107993
-0.00103913
-0.000997555
-0.000955335
-0.000912609
-0.000869512
-0.000826178
-0.000782742
-0.000739334
-0.000696087
-0.000653128
-0.000610586
-0.000568586
-0.000527254
-0.00048671
-0.000447075
-0.000408467
-0.000371002
-0.000334792
-0.000299948
-0.000266579
-0.000234788
-0.000204678
-0.000176346
-0.000149887
-0.000125387
-0.000102927
-8.25769e-05
-6.43995e-05
-4.83941e-05
-3.44321e-05
-2.31661e-05
-1.5957e-05
2.22658e-06
3.96589e-05
-0.0038863
-0.00172712
-0.000835007
-0.000574239
-0.000439624
-0.000382862
-0.000382371
-0.000414701
-0.000466811
-0.000530721
-0.000600773
-0.000673066
-0.000744995
-0.000814845
-0.000881514
-0.00094431
-0.00100282
-0.00105682
-0.00110621
-0.00115095
-0.00119107
-0.00122664
-0.00125773
-0.00128444
-0.00130689
-0.00132518
-0.00133943
-0.00134977
-0.00135634
-0.00135926
-0.00135866
-0.00135469
-0.00134748
-0.00133717
-0.00132392
-0.00130786
-0.00128914
-0.0012679
-0.00124431
-0.00121849
-0.00119062
-0.00116083
-0.00112927
-0.00109611
-0.00106147
-0.00102553
-0.000988421
-0.000950297
-0.000911306
-0.000871596
-0.000831312
-0.000790601
-0.000749605
-0.000708468
-0.00066733
-0.000626331
-0.000585608
-0.000545297
-0.000505531
-0.000466441
-0.000428156
-0.000390804
-0.000354507
-0.000319387
-0.000285561
-0.000253146
-0.000222253
-0.000192991
-0.000165464
-0.000139773
-0.000116015
-9.42808e-05
-7.46578e-05
-5.72326e-05
-4.20315e-05
-2.90045e-05
-1.89454e-05
-1.22998e-05
6.59998e-06
3.33807e-05
-0.00422227
-0.00187939
-0.000831111
-0.000482177
-0.000290375
-0.000199008
-0.000180789
-0.000206108
-0.000257702
-0.000324934
-0.000400466
-0.000479382
-0.000558486
-0.000635739
-0.000709854
-0.000780045
-0.000845846
-0.000906998
-0.000963374
-0.00101493
-0.00106169
-0.00110369
-0.00114101
-0.00117374
-0.00120199
-0.00122586
-0.00124548
-0.00126098
-0.00127248
-0.00128012
-0.00128404
-0.00128438
-0.00128128
-0.0012749
-0.00126537
-0.00125285
-0.00123749
-0.00121945
-0.00119888
-0.00117593
-0.00115076
-0.00112352
-0.00109438
-0.00106348
-0.00103099
-0.000997049
-0.000961827
-0.000925473
-0.00088814
-0.000849982
-0.00081115
-0.000771795
-0.000732066
-0.00069211
-0.000652073
-0.0006121
-0.000572333
-0.000532912
-0.000493975
-0.000455658
-0.000418094
-0.000381414
-0.000345746
-0.000311214
-0.000277941
-0.000246046
-0.000215644
-0.000186848
-0.000159765
-0.000134501
-0.000111157
-8.98292e-05
-7.06131e-05
-5.36045e-05
-3.88366e-05
-2.62916e-05
-1.68373e-05
-1.05871e-05
8.18526e-06
3.15572e-05
-0.00422227
-0.00187939
-0.000831111
-0.000482177
-0.000290375
-0.000199008
-0.000180789
-0.000206108
-0.000257702
-0.000324934
-0.000400466
-0.000479382
-0.000558486
-0.000635739
-0.000709854
-0.000780045
-0.000845846
-0.000906998
-0.000963374
-0.00101493
-0.00106169
-0.00110369
-0.00114101
-0.00117374
-0.00120199
-0.00122586
-0.00124548
-0.00126098
-0.00127248
-0.00128012
-0.00128404
-0.00128438
-0.00128128
-0.0012749
-0.00126537
-0.00125285
-0.00123749
-0.00121945
-0.00119888
-0.00117593
-0.00115076
-0.00112352
-0.00109438
-0.00106348
-0.00103099
-0.000997049
-0.000961827
-0.000925473
-0.00088814
-0.000849982
-0.00081115
-0.000771795
-0.000732066
-0.00069211
-0.000652073
-0.0006121
-0.000572333
-0.000532912
-0.000493975
-0.000455658
-0.000418094
-0.000381414
-0.000345746
-0.000311214
-0.000277941
-0.000246046
-0.000215644
-0.000186848
-0.000159765
-0.000134501
-0.000111157
-8.98292e-05
-7.06132e-05
-5.36046e-05
-3.88366e-05
-2.62917e-05
-1.68373e-05
-1.05871e-05
8.18528e-06
3.15574e-05
-0.0038863
-0.00172712
-0.000835007
-0.000574239
-0.000439624
-0.000382862
-0.000382371
-0.000414701
-0.000466811
-0.000530721
-0.000600773
-0.000673066
-0.000744995
-0.000814845
-0.000881514
-0.00094431
-0.00100282
-0.00105682
-0.00110621
-0.00115095
-0.00119107
-0.00122664
-0.00125773
-0.00128444
-0.00130689
-0.00132518
-0.00133943
-0.00134978
-0.00135634
-0.00135926
-0.00135866
-0.00135469
-0.00134748
-0.00133717
-0.00132392
-0.00130786
-0.00128914
-0.0012679
-0.00124431
-0.00121849
-0.00119062
-0.00116083
-0.00112927
-0.00109611
-0.00106148
-0.00102553
-0.000988421
-0.000950297
-0.000911306
-0.000871596
-0.000831312
-0.000790601
-0.000749605
-0.000708468
-0.00066733
-0.000626331
-0.000585608
-0.000545297
-0.000505531
-0.000466441
-0.000428156
-0.000390804
-0.000354507
-0.000319387
-0.000285561
-0.000253146
-0.000222253
-0.000192991
-0.000165464
-0.000139773
-0.000116015
-9.42809e-05
-7.46578e-05
-5.72326e-05
-4.20315e-05
-2.90045e-05
-1.89454e-05
-1.22998e-05
6.60012e-06
3.3381e-05
-0.00299509
-0.00139559
-0.000914564
-0.000844786
-0.000809317
-0.000801647
-0.000819542
-0.000853284
-0.00089775
-0.000949309
-0.00100476
-0.00106154
-0.00111771
-0.00117189
-0.00122311
-0.00127075
-0.00131442
-0.00135392
-0.00138915
-0.00142012
-0.00144686
-0.00146946
-0.001488
-0.00150261
-0.00151339
-0.00152046
-0.00152395
-0.00152397
-0.00152065
-0.00151412
-0.0015045
-0.00149192
-0.00147651
-0.00145841
-0.00143773
-0.00141463
-0.00138923
-0.00136167
-0.00133209
-0.00130062
-0.0012674
-0.00123257
-0.00119627
-0.00115864
-0.00111981
-0.00107993
-0.00103913
-0.000997555
-0.000955335
-0.000912609
-0.000869512
-0.000826178
-0.000782742
-0.000739334
-0.000696087
-0.000653128
-0.000610586
-0.000568586
-0.000527254
-0.00048671
-0.000447075
-0.000408467
-0.000371002
-0.000334792
-0.000299948
-0.000266579
-0.000234788
-0.000204678
-0.000176346
-0.000149887
-0.000125387
-0.000102927
-8.2577e-05
-6.43996e-05
-4.83941e-05
-3.44321e-05
-2.3166e-05
-1.59569e-05
2.22685e-06
3.96593e-05
-0.00143041
-0.00130888
-0.00151987
-0.00171116
-0.00179233
-0.0018191
-0.00182633
-0.00182912
-0.00183458
-0.00184495
-0.00185976
-0.00187756
-0.00189664
-0.00191551
-0.00193297
-0.00194817
-0.00196056
-0.0019698
-0.00197575
-0.00197836
-0.00197767
-0.00197376
-0.00196672
-0.00195667
-0.00194373
-0.00192799
-0.00190959
-0.00188864
-0.00186523
-0.00183949
-0.00181152
-0.00178142
-0.00174932
-0.0017153
-0.00167949
-0.001642
-0.00160294
-0.00156241
-0.00152054
-0.00147743
-0.0014332
-0.00138797
-0.00134185
-0.00129496
-0.00124741
-0.00119931
-0.00115079
-0.00110196
-0.00105292
-0.00100381
-0.00095473
-0.000905794
-0.000857115
-0.000808805
-0.000760975
-0.000713735
-0.000667193
-0.000621456
-0.000576631
-0.000532821
-0.00049013
-0.000448659
-0.000408507
-0.000369772
-0.00033255
-0.000296935
-0.000263018
-0.000230888
-0.00020063
-0.000172324
-0.000146044
-0.00012185
-9.97843e-05
-7.9869e-05
-6.20799e-05
-4.63081e-05
-3.27692e-05
-2.32223e-05
-1.09315e-05
3.9635e-05
0.0100013
0.00699621
0.00662255
0.00650593
0.00637761
0.00628831
0.00621057
0.00612351
0.00602016
0.00590003
0.00576575
0.00562098
0.00546923
0.00531344
0.00515584
0.00499801
0.00484105
0.00468567
0.00453229
0.0043812
0.00423254
0.00408641
0.00394285
0.00380189
0.00366355
0.00352785
0.00339481
0.00326442
0.00313672
0.00301169
0.00288937
0.00276975
0.00265283
0.00253862
0.00242712
0.00231833
0.00221224
0.00210884
0.00200813
0.00191009
0.0018147
0.00172197
0.00163186
0.00154436
0.00145946
0.00137714
0.00129737
0.00122013
0.00114542
0.00107321
0.00100347
0.000936198
0.000871365
0.000808957
0.000748957
0.000691347
0.000636113
0.000583241
0.000532718
0.000484534
0.000438678
0.000395142
0.00035392
0.000315007
0.000278399
0.000244095
0.000212092
0.00018239
0.000154984
0.000129867
0.000107023
8.64234e-05
6.80133e-05
5.16974e-05
3.73312e-05
2.47298e-05
1.32883e-05
9.64054e-07
-6.72402e-06
2.1318e-05
0.0111758
0.00811282
0.00776367
0.00771908
0.00755072
0.0073905
0.00723809
0.00707895
0.00691081
0.00673462
0.0065523
0.00636602
0.00617775
0.00598906
0.00580115
0.00561487
0.0054308
0.00524936
0.00507079
0.00489526
0.0047229
0.00455377
0.00438792
0.00422539
0.00406619
0.00391035
0.00375788
0.0036088
0.00346309
0.00332078
0.00318184
0.00304629
0.0029141
0.00278528
0.00265979
0.00253763
0.00241877
0.00230319
0.00219086
0.00208175
0.00197584
0.00187309
0.00177347
0.00167695
0.00158348
0.00149304
0.00140559
0.0013211
0.00123952
0.00116082
0.00108496
0.00101191
0.000941636
0.000874099
0.000809268
0.00074711
0.000687595
0.000630691
0.000576372
0.000524611
0.000475383
0.000428665
0.000384438
0.000342682
0.00030338
0.000266519
0.000232086
0.000200068
0.000170456
0.000143238
0.000118398
9.59162e-05
7.57571e-05
5.78579e-05
4.21572e-05
2.86033e-05
1.62464e-05
3.33696e-06
2.16267e-06
1.36263e-05
0.0123081
0.00897665
0.00836517
0.00827274
0.00809492
0.00791404
0.00773426
0.00754609
0.00735023
0.00714896
0.00694437
0.00673831
0.00653226
0.00632729
0.00612419
0.0059235
0.00572563
0.00553084
0.00533933
0.00515123
0.00496665
0.00478565
0.0046083
0.00443464
0.00426468
0.00409847
0.003936
0.0037773
0.00362236
0.00347117
0.00332374
0.00318005
0.00304008
0.00290381
0.00277123
0.00264229
0.00251698
0.00239525
0.00227708
0.00216243
0.00205125
0.00194351
0.00183916
0.00173816
0.00164047
0.00154604
0.00145483
0.00136679
0.00128187
0.00120003
0.00112122
0.0010454
0.000972532
0.000902562
0.00083545
0.000771157
0.000709642
0.000650867
0.000594797
0.000541395
0.000490631
0.000442472
0.000396891
0.000353863
0.000313363
0.000275371
0.000239868
0.000206838
0.000176267
0.000148142
0.000122449
9.91734e-05
7.82889e-05
5.975e-05
4.35253e-05
2.95537e-05
1.67975e-05
4.23856e-06
3.96445e-06
3.81181e-06
0.0126374
0.00916903
0.00853924
0.00848287
0.0083279
0.00815273
0.00796969
0.00777364
0.00756791
0.00735633
0.00714177
0.00692637
0.00671163
0.00649855
0.00628782
0.00607988
0.00587505
0.00567355
0.00547554
0.00528113
0.00509043
0.00490349
0.00472037
0.00454113
0.00436578
0.00419436
0.00402688
0.00386334
0.00370376
0.00354812
0.00339641
0.00324862
0.00310473
0.00296472
0.00282855
0.0026962
0.00256763
0.0024428
0.00232168
0.00220422
0.00209037
0.00198011
0.00187336
0.0017701
0.00167026
0.0015738
0.00148067
0.00139082
0.0013042
0.00122076
0.00114045
0.00106321
0.000989009
0.000917788
0.000849503
0.000784109
0.000721562
0.000661819
0.00060484
0.000550587
0.000499022
0.000450111
0.000403822
0.000360126
0.000318997
0.000280409
0.000244343
0.000210779
0.000179702
0.000151098
0.000124954
0.000101258
7.99862e-05
6.10982e-05
4.45711e-05
3.03247e-05
1.72582e-05
4.63679e-06
4.35682e-06
5.61041e-07
0.0126374
0.00916903
0.00853924
0.00848287
0.0083279
0.00815273
0.00796969
0.00777364
0.00756791
0.00735633
0.00714177
0.00692637
0.00671163
0.00649855
0.00628782
0.00607988
0.00587505
0.00567355
0.00547554
0.00528113
0.00509043
0.00490349
0.00472037
0.00454113
0.00436578
0.00419436
0.00402688
0.00386334
0.00370376
0.00354812
0.00339641
0.00324862
0.00310473
0.00296472
0.00282855
0.0026962
0.00256763
0.0024428
0.00232168
0.00220422
0.00209037
0.00198011
0.00187336
0.0017701
0.00167026
0.0015738
0.00148067
0.00139082
0.0013042
0.00122076
0.00114045
0.00106321
0.000989009
0.000917788
0.000849503
0.000784109
0.000721562
0.000661819
0.00060484
0.000550587
0.000499022
0.000450111
0.000403822
0.000360126
0.000318997
0.000280409
0.000244343
0.000210779
0.000179702
0.000151098
0.000124954
0.000101258
7.99862e-05
6.10982e-05
4.45711e-05
3.03247e-05
1.72582e-05
4.63675e-06
4.35682e-06
5.61272e-07
0.0123081
0.00897665
0.00836517
0.00827274
0.00809492
0.00791404
0.00773426
0.00754609
0.00735023
0.00714896
0.00694437
0.00673831
0.00653226
0.00632729
0.00612419
0.0059235
0.00572563
0.00553084
0.00533933
0.00515123
0.00496665
0.00478565
0.0046083
0.00443464
0.00426468
0.00409847
0.003936
0.0037773
0.00362236
0.00347117
0.00332374
0.00318005
0.00304008
0.00290381
0.00277123
0.00264229
0.00251698
0.00239525
0.00227708
0.00216243
0.00205125
0.00194351
0.00183916
0.00173816
0.00164047
0.00154604
0.00145483
0.00136679
0.00128187
0.00120003
0.00112122
0.0010454
0.000972532
0.000902562
0.00083545
0.000771157
0.000709642
0.000650867
0.000594797
0.000541395
0.000490631
0.000442472
0.000396892
0.000353863
0.000313363
0.000275371
0.000239868
0.000206838
0.000176267
0.000148142
0.000122449
9.91734e-05
7.82889e-05
5.975e-05
4.35253e-05
2.95537e-05
1.67976e-05
4.23849e-06
3.96441e-06
3.81219e-06
0.0111758
0.00811282
0.00776367
0.00771908
0.00755072
0.0073905
0.00723809
0.00707895
0.00691081
0.00673462
0.0065523
0.00636602
0.00617775
0.00598906
0.00580115
0.00561487
0.0054308
0.00524936
0.00507079
0.00489526
0.0047229
0.00455377
0.00438792
0.00422539
0.00406619
0.00391035
0.00375788
0.0036088
0.00346309
0.00332078
0.00318184
0.00304629
0.0029141
0.00278528
0.00265979
0.00253763
0.00241877
0.00230319
0.00219086
0.00208175
0.00197584
0.00187309
0.00177347
0.00167695
0.00158348
0.00149304
0.00140559
0.0013211
0.00123952
0.00116082
0.00108496
0.00101191
0.000941636
0.000874099
0.000809268
0.00074711
0.000687595
0.000630691
0.000576372
0.000524611
0.000475383
0.000428665
0.000384438
0.000342682
0.00030338
0.000266519
0.000232086
0.000200068
0.000170456
0.000143238
0.000118398
9.59162e-05
7.57571e-05
5.78579e-05
4.21571e-05
2.86033e-05
1.62465e-05
3.33698e-06
2.16283e-06
1.36269e-05
0.0100013
0.00699621
0.00662255
0.00650593
0.00637761
0.00628831
0.00621057
0.00612351
0.00602016
0.00590003
0.00576575
0.00562098
0.00546923
0.00531344
0.00515584
0.00499801
0.00484105
0.00468567
0.00453229
0.0043812
0.00423254
0.00408641
0.00394285
0.00380189
0.00366355
0.00352785
0.00339481
0.00326442
0.00313672
0.00301169
0.00288937
0.00276975
0.00265283
0.00253862
0.00242712
0.00231833
0.00221224
0.00210884
0.00200813
0.00191009
0.0018147
0.00172197
0.00163186
0.00154436
0.00145946
0.00137714
0.00129737
0.00122013
0.00114542
0.00107321
0.00100347
0.000936198
0.000871365
0.000808957
0.000748957
0.000691347
0.000636113
0.000583241
0.000532718
0.000484534
0.000438678
0.000395142
0.00035392
0.000315007
0.000278399
0.000244095
0.000212092
0.00018239
0.000154984
0.000129867
0.000107023
8.64236e-05
6.80134e-05
5.16974e-05
3.73313e-05
2.473e-05
1.32887e-05
9.64185e-07
-6.72364e-06
2.13184e-05
0.019491
0.0142015
0.0137929
0.0138053
0.0136834
0.0135808
0.0134683
0.0133222
0.013141
0.0129297
0.0126952
0.0124442
0.0121819
0.0119124
0.0116385
0.0113623
0.011085
0.0108075
0.0105304
0.010254
0.00997862
0.00970446
0.00943169
0.00916047
0.00889095
0.00862325
0.00835753
0.00809393
0.00783258
0.00757361
0.00731715
0.00706335
0.00681231
0.00656416
0.00631902
0.006077
0.00583822
0.00560278
0.00537079
0.00514235
0.00491757
0.00469654
0.00447936
0.00426613
0.00405694
0.00385189
0.00365106
0.00345456
0.00326248
0.0030749
0.00289192
0.00271363
0.00254013
0.0023715
0.00220784
0.00204925
0.00189582
0.00174765
0.00160483
0.00146746
0.00133564
0.00120948
0.00108907
0.000974521
0.000865935
0.000763417
0.000667072
0.000577001
0.0004933
0.000416056
0.000345336
0.000281177
0.000223566
0.000172403
0.000127474
8.84223e-05
5.44624e-05
2.37551e-05
-6.04601e-07
-9.25999e-07
0.0225257
0.0160735
0.0153538
0.0152896
0.0149695
0.0146884
0.0144372
0.014181
0.0139144
0.0136379
0.0133534
0.0130631
0.0127688
0.0124722
0.0121743
0.011876
0.011578
0.0112805
0.010984
0.0106888
0.010395
0.0101028
0.00981252
0.00952418
0.009238
0.00895413
0.00867271
0.00839389
0.0081178
0.00784459
0.00757438
0.00730729
0.00704345
0.00678296
0.00652595
0.00627251
0.00602276
0.00577679
0.0055347
0.00529658
0.00506253
0.00483263
0.00460697
0.00438564
0.00416873
0.00395631
0.00374846
0.00354528
0.00334684
0.00315322
0.0029645
0.00278077
0.00260209
0.00242856
0.00226026
0.00209726
0.00193965
0.00178751
0.00164094
0.00150001
0.00136481
0.00123544
0.00111198
0.000994521
0.000883164
0.000777999
0.000679124
0.000586632
0.000500619
0.000421173
0.000348378
0.000282302
0.000222986
0.000170425
0.000124565
8.52593e-05
5.15368e-05
2.16698e-05
2.6987e-06
-1.25087e-05
0.0253958
0.0179663
0.0164119
0.0160836
0.0156389
0.01526
0.0149323
0.0146167
0.0143044
0.013993
0.0136816
0.01337
0.0130585
0.0127472
0.0124364
0.0121263
0.0118171
0.011509
0.0112022
0.010897
0.0105935
0.0102918
0.00999228
0.00969498
0.0094001
0.00910781
0.00881825
0.00853157
0.00824792
0.00796741
0.00769019
0.00741637
0.00714606
0.00687938
0.00661644
0.00635733
0.00610216
0.00585101
0.00560398
0.00536116
0.00512264
0.00488849
0.00465879
0.00443363
0.00421309
0.00399724
0.00378615
0.0035799
0.00337856
0.00318221
0.00299093
0.00280477
0.00262383
0.00244816
0.00227785
0.00211297
0.0019536
0.00179981
0.00165168
0.00150929
0.00137272
0.00124206
0.00111739
0.00099879
0.000886354
0.00078017
0.000680329
0.000586925
0.000500051
0.000419801
0.000346269
0.000279543
0.000219698
0.000166777
0.000120802
8.16817e-05
4.84183e-05
1.9673e-05
1.64172e-06
-2.27454e-05
0.0262775
0.0184655
0.0167431
0.016397
0.0159336
0.015527
0.0151731
0.0148343
0.0145023
0.0141746
0.0138499
0.0135274
0.0132068
0.0128877
0.01257
0.0122537
0.0119387
0.0116251
0.011313
0.0110027
0.0106942
0.0103877
0.0100835
0.00978163
0.00948234
0.00918578
0.0088921
0.00860145
0.00831396
0.00802976
0.00774899
0.00747176
0.00719819
0.00692839
0.00666245
0.00640048
0.00614257
0.00588882
0.0056393
0.00539412
0.00515334
0.00491705
0.00468532
0.00445824
0.00423588
0.0040183
0.00380558
0.00359779
0.00339501
0.00319729
0.00300472
0.00281735
0.00263527
0.00245853
0.00228722
0.0021214
0.00196114
0.00180652
0.00165761
0.0015145
0.00137725
0.00124594
0.00112066
0.00100149
0.000888517
0.000781824
0.000681503
0.000587646
0.000500348
0.000419706
0.000345818
0.000278782
0.000218684
0.000165585
0.000119528
8.0418e-05
4.72139e-05
1.87531e-05
8.64193e-07
-2.6438e-05
0.0262775
0.0184655
0.0167431
0.016397
0.0159336
0.015527
0.0151731
0.0148343
0.0145023
0.0141746
0.0138499
0.0135274
0.0132068
0.0128877
0.01257
0.0122537
0.0119387
0.0116251
0.011313
0.0110027
0.0106942
0.0103877
0.0100835
0.00978163
0.00948234
0.00918578
0.0088921
0.00860145
0.00831396
0.00802976
0.00774899
0.00747176
0.00719819
0.00692839
0.00666245
0.00640048
0.00614257
0.00588882
0.0056393
0.00539412
0.00515334
0.00491705
0.00468532
0.00445824
0.00423588
0.0040183
0.00380558
0.00359779
0.00339501
0.00319729
0.00300472
0.00281735
0.00263527
0.00245853
0.00228722
0.0021214
0.00196114
0.00180652
0.00165761
0.0015145
0.00137725
0.00124594
0.00112066
0.00100149
0.000888517
0.000781824
0.000681503
0.000587646
0.000500348
0.000419706
0.000345818
0.000278782
0.000218684
0.000165585
0.000119528
8.04179e-05
4.72138e-05
1.8753e-05
8.64056e-07
-2.64377e-05
0.0253958
0.0179663
0.0164119
0.0160836
0.0156389
0.01526
0.0149323
0.0146167
0.0143044
0.013993
0.0136816
0.01337
0.0130585
0.0127472
0.0124364
0.0121263
0.0118171
0.011509
0.0112022
0.010897
0.0105935
0.0102918
0.00999228
0.00969498
0.0094001
0.00910781
0.00881825
0.00853157
0.00824792
0.00796741
0.00769019
0.00741637
0.00714606
0.00687938
0.00661644
0.00635733
0.00610216
0.00585101
0.00560398
0.00536116
0.00512264
0.00488849
0.00465879
0.00443363
0.00421309
0.00399724
0.00378615
0.0035799
0.00337856
0.00318221
0.00299093
0.00280477
0.00262383
0.00244816
0.00227785
0.00211297
0.0019536
0.00179981
0.00165168
0.00150929
0.00137272
0.00124206
0.00111739
0.00099879
0.000886354
0.00078017
0.000680329
0.000586925
0.000500051
0.000419801
0.000346269
0.000279543
0.000219698
0.000166777
0.000120802
8.16816e-05
4.84182e-05
1.96729e-05
1.64154e-06
-2.27447e-05
0.0225257
0.0160735
0.0153538
0.0152896
0.0149695
0.0146884
0.0144372
0.014181
0.0139144
0.0136379
0.0133534
0.0130631
0.0127688
0.0124722
0.0121743
0.011876
0.011578
0.0112805
0.010984
0.0106888
0.010395
0.0101028
0.00981252
0.00952418
0.009238
0.00895413
0.00867271
0.00839389
0.0081178
0.00784459
0.00757438
0.00730729
0.00704345
0.00678296
0.00652595
0.00627251
0.00602276
0.00577679
0.0055347
0.00529658
0.00506253
0.00483263
0.00460697
0.00438564
0.00416873
0.00395631
0.00374846
0.00354528
0.00334684
0.00315322
0.0029645
0.00278077
0.00260209
0.00242856
0.00226026
0.00209726
0.00193965
0.00178751
0.00164094
0.00150001
0.00136481
0.00123544
0.00111198
0.000994521
0.000883163
0.000777999
0.000679124
0.000586632
0.000500619
0.000421173
0.000348378
0.000282302
0.000222986
0.000170425
0.000124565
8.52591e-05
5.15367e-05
2.16697e-05
2.69877e-06
-1.25074e-05
0.019491
0.0142015
0.0137929
0.0138053
0.0136834
0.0135808
0.0134683
0.0133222
0.013141
0.0129297
0.0126952
0.0124442
0.0121819
0.0119124
0.0116385
0.0113623
0.011085
0.0108075
0.0105304
0.010254
0.00997862
0.00970446
0.00943169
0.00916047
0.00889095
0.00862325
0.00835753
0.00809393
0.00783258
0.00757361
0.00731716
0.00706335
0.00681231
0.00656416
0.00631902
0.006077
0.00583822
0.00560278
0.00537079
0.00514235
0.00491757
0.00469654
0.00447936
0.00426613
0.00405694
0.00385189
0.00365106
0.00345456
0.00326248
0.0030749
0.00289192
0.00271363
0.00254013
0.0023715
0.00220784
0.00204925
0.00189582
0.00174765
0.00160483
0.00146746
0.00133564
0.00120948
0.00108907
0.000974521
0.000865935
0.000763417
0.000667072
0.000577001
0.0004933
0.000416056
0.000345336
0.000281178
0.000223566
0.000172403
0.000127474
8.84227e-05
5.44634e-05
2.37566e-05
-6.03533e-07
-9.26046e-07
0.0259904
0.0199259
0.0201135
0.020464
0.0204224
0.0203387
0.0202086
0.0200162
0.0197709
0.0194855
0.0191715
0.0188376
0.0184904
0.018134
0.0177715
0.0174046
0.0170346
0.0166623
0.0162881
0.0159124
0.0155356
0.015158
0.0147797
0.0144009
0.0140221
0.0136433
0.0132648
0.0128869
0.0125098
0.0121338
0.0117591
0.011386
0.0110146
0.0106453
0.0102783
0.00991383
0.0095521
0.00919338
0.0088379
0.00848591
0.00813765
0.00779335
0.00745326
0.0071176
0.00678663
0.00646058
0.0061397
0.00582421
0.00551436
0.0052104
0.00491256
0.00462108
0.0043362
0.00405817
0.00378723
0.00352361
0.00326757
0.00301934
0.00277916
0.00254729
0.00232395
0.0021094
0.00190387
0.00170761
0.00152085
0.00134385
0.00117682
0.00102002
0.000873657
0.00073795
0.000613092
0.000499246
0.000396529
0.000304988
0.000224572
0.00015512
9.62124e-05
4.693e-05
8.32909e-06
-1.88808e-05
0.0286693
0.0213946
0.0217655
0.0221024
0.0217409
0.0213817
0.0210583
0.0207291
0.0203894
0.0200404
0.019684
0.0193216
0.0189546
0.0185839
0.0182101
0.0178337
0.0174551
0.0170745
0.0166922
0.0163085
0.0159236
0.0155377
0.0151512
0.0147643
0.0143771
0.01399
0.0136032
0.013217
0.0128316
0.0124473
0.0120643
0.0116828
0.0113031
0.0109255
0.0105502
0.0101774
0.00980735
0.00944037
0.00907666
0.00871647
0.00836003
0.00800761
0.00765944
0.00731576
0.00697683
0.00664288
0.00631417
0.00599094
0.00567344
0.00536191
0.00505659
0.00475774
0.0044656
0.00418041
0.00390242
0.00363188
0.00336903
0.00311411
0.00286737
0.00262905
0.00239939
0.00217864
0.00196704
0.00176483
0.00157225
0.00138954
0.00121693
0.00105466
0.000902962
0.000762058
0.000632168
0.000513498
0.00040624
0.000310559
0.000226603
0.000154492
9.39048e-05
4.39706e-05
7.13488e-06
-2.78204e-05
0.0319347
0.0234711
0.0230099
0.0230607
0.022484
0.0219481
0.0214988
0.021082
0.0206815
0.0202909
0.0199059
0.0195238
0.0191429
0.0187618
0.0183799
0.0179966
0.0176119
0.0172256
0.0168379
0.0164489
0.0160588
0.0156678
0.0152762
0.0148842
0.0144922
0.0141003
0.0137088
0.013318
0.0129281
0.0125394
0.0121521
0.0117664
0.0113827
0.0110011
0.0106219
0.0102454
0.0098718
0.00950131
0.0091342
0.00877072
0.0084111
0.0080556
0.00770445
0.0073579
0.0070162
0.00667958
0.0063483
0.00602259
0.0057027
0.00538888
0.00508136
0.0047804
0.00448623
0.00419909
0.00391924
0.0036469
0.00338233
0.00312577
0.00287745
0.00263761
0.0024065
0.00218435
0.00197141
0.0017679
0.00157407
0.00139016
0.00121639
0.001053
0.00090024
0.000758328
0.000627506
0.00050801
0.000400081
0.000303956
0.000219888
0.000148112
8.83796e-05
3.99822e-05
4.66434e-06
-3.32955e-05
0.0328613
0.0239696
0.023396
0.0234461
0.0228174
0.0222181
0.0217182
0.0212627
0.0208333
0.0204214
0.0200209
0.0196276
0.0192384
0.018851
0.0184642
0.0180768
0.0176885
0.0172989
0.0169082
0.0165162
0.0161232
0.0157295
0.0153352
0.0149406
0.0145459
0.0141515
0.0137576
0.0133644
0.0129721
0.0125812
0.0121917
0.0118039
0.0114181
0.0110346
0.0106535
0.0102752
0.00989975
0.00952756
0.0091588
0.00879374
0.00843261
0.00807565
0.00772311
0.00737523
0.00703224
0.00669441
0.00636196
0.00603513
0.00571418
0.00539935
0.00509087
0.00478898
0.00449394
0.00420597
0.00392532
0.00365224
0.00338695
0.00312971
0.00288074
0.00264029
0.00240859
0.00218589
0.00197241
0.00176839
0.00157408
0.0013897
0.00121549
0.00105168
0.000898522
0.000756247
0.000625102
0.00050534
0.000397221
0.000301009
0.000216988
0.00014541
8.60247e-05
3.82278e-05
3.44058e-06
-3.55943e-05
0.0328613
0.0239696
0.023396
0.0234461
0.0228174
0.0222181
0.0217182
0.0212627
0.0208333
0.0204214
0.0200209
0.0196276
0.0192384
0.018851
0.0184642
0.0180768
0.0176885
0.0172989
0.0169082
0.0165162
0.0161232
0.0157295
0.0153352
0.0149406
0.0145459
0.0141515
0.0137576
0.0133644
0.0129721
0.0125812
0.0121917
0.0118039
0.0114181
0.0110346
0.0106535
0.0102752
0.00989975
0.00952756
0.0091588
0.00879374
0.00843261
0.00807565
0.00772311
0.00737523
0.00703224
0.00669441
0.00636196
0.00603513
0.00571418
0.00539935
0.00509087
0.00478898
0.00449394
0.00420597
0.00392532
0.00365224
0.00338695
0.00312971
0.00288074
0.00264029
0.00240859
0.00218589
0.00197241
0.00176839
0.00157408
0.0013897
0.00121549
0.00105168
0.000898522
0.000756247
0.000625102
0.00050534
0.000397221
0.000301009
0.000216988
0.00014541
8.60247e-05
3.82275e-05
3.43892e-06
-3.55947e-05
0.0319347
0.0234711
0.0230099
0.0230607
0.022484
0.0219481
0.0214988
0.021082
0.0206815
0.0202909
0.0199059
0.0195238
0.0191429
0.0187618
0.0183799
0.0179966
0.0176119
0.0172256
0.0168379
0.0164489
0.0160588
0.0156678
0.0152762
0.0148842
0.0144922
0.0141003
0.0137088
0.013318
0.0129281
0.0125394
0.0121521
0.0117664
0.0113827
0.0110011
0.0106219
0.0102454
0.0098718
0.00950131
0.0091342
0.00877072
0.0084111
0.0080556
0.00770445
0.0073579
0.0070162
0.00667958
0.0063483
0.00602259
0.0057027
0.00538888
0.00508136
0.0047804
0.00448623
0.00419909
0.00391924
0.0036469
0.00338233
0.00312577
0.00287745
0.00263761
0.0024065
0.00218435
0.00197141
0.0017679
0.00157407
0.00139016
0.00121639
0.001053
0.00090024
0.000758328
0.000627506
0.00050801
0.000400081
0.000303956
0.000219888
0.000148112
8.83795e-05
3.99813e-05
4.66212e-06
-3.3296e-05
0.0286693
0.0213946
0.0217655
0.0221024
0.0217409
0.0213817
0.0210583
0.0207291
0.0203894
0.0200404
0.019684
0.0193216
0.0189546
0.0185839
0.0182101
0.0178337
0.0174551
0.0170745
0.0166922
0.0163085
0.0159236
0.0155377
0.0151512
0.0147643
0.0143771
0.01399
0.0136032
0.013217
0.0128316
0.0124473
0.0120643
0.0116828
0.0113031
0.0109255
0.0105502
0.0101774
0.00980735
0.00944037
0.00907666
0.00871647
0.00836003
0.00800761
0.00765944
0.00731576
0.00697683
0.00664288
0.00631417
0.00599094
0.00567344
0.00536191
0.00505659
0.00475774
0.0044656
0.00418041
0.00390242
0.00363188
0.00336903
0.00311411
0.00286737
0.00262905
0.00239939
0.00217864
0.00196704
0.00176483
0.00157225
0.00138954
0.00121693
0.00105466
0.000902962
0.000762058
0.000632168
0.000513498
0.000406239
0.000310559
0.000226603
0.000154492
9.39046e-05
4.39698e-05
7.13315e-06
-2.7819e-05
0.0259904
0.0199259
0.0201135
0.020464
0.0204224
0.0203387
0.0202086
0.0200162
0.0197709
0.0194855
0.0191715
0.0188376
0.0184904
0.018134
0.0177715
0.0174046
0.0170346
0.0166623
0.0162881
0.0159124
0.0155356
0.015158
0.0147797
0.0144009
0.0140221
0.0136433
0.0132648
0.0128869
0.0125098
0.0121338
0.0117591
0.011386
0.0110146
0.0106453
0.0102783
0.00991383
0.0095521
0.00919338
0.0088379
0.00848591
0.00813765
0.00779335
0.00745326
0.0071176
0.00678663
0.00646058
0.0061397
0.00582421
0.00551436
0.0052104
0.00491256
0.00462108
0.0043362
0.00405817
0.00378723
0.00352361
0.00326757
0.00301934
0.00277916
0.00254729
0.00232395
0.0021094
0.00190387
0.00170761
0.00152085
0.00134385
0.00117682
0.00102002
0.000873657
0.00073795
0.000613092
0.000499246
0.000396529
0.000304988
0.000224572
0.00015512
9.62134e-05
4.69323e-05
8.33087e-06
-1.88823e-05
0.0305886
0.0254722
0.0260745
0.026679
0.02669
0.0265227
0.0262629
0.0259345
0.0255566
0.0251447
0.0247097
0.0242592
0.0237982
0.0233296
0.0228557
0.0223775
0.0218962
0.0214122
0.0209261
0.0204382
0.0199491
0.0194589
0.018968
0.0184767
0.0179853
0.0174943
0.0170037
0.016514
0.0160255
0.0155385
0.0150533
0.0145701
0.0140894
0.0136113
0.0131362
0.0126644
0.0121962
0.0117319
0.0112717
0.0108161
0.0103652
0.00991942
0.00947904
0.00904436
0.0086157
0.00819336
0.00777766
0.00736891
0.00696744
0.00657355
0.00618759
0.00580987
0.00544073
0.0050805
0.0047295
0.00438809
0.0040566
0.00373538
0.00342477
0.00312512
0.00283678
0.0025601
0.00229543
0.00204313
0.00180356
0.00157707
0.00136401
0.00116474
0.000979615
0.000808984
0.000653196
0.000512609
0.000387594
0.000278567
0.000186048
0.000110785
5.38187e-05
1.62175e-05
6.06575e-07
-2.66549e-06
0.0328908
0.0270357
0.0277545
0.0281508
0.0277916
0.0273236
0.0268474
0.0263683
0.02589
0.0254131
0.0249369
0.0244605
0.0239829
0.0235035
0.0230219
0.0225378
0.0220514
0.0215628
0.0210723
0.0205801
0.0200865
0.019592
0.0190968
0.0186013
0.0181058
0.0176106
0.017116
0.0166224
0.0161301
0.0156393
0.0151504
0.0146637
0.0141794
0.0136979
0.0132195
0.0127445
0.0122731
0.0118056
0.0113424
0.0108838
0.01043
0.00998131
0.0095381
0.00910065
0.00866927
0.00824425
0.00782592
0.00741459
0.00701057
0.00661418
0.00622576
0.00584562
0.00547409
0.00511151
0.00475821
0.00441453
0.0040808
0.00375737
0.00344458
0.00314278
0.00285232
0.00257355
0.00230681
0.00205247
0.00181088
0.00158239
0.00136735
0.00116613
0.000979084
0.000806573
0.000648976
0.000506695
0.000380174
0.000269931
0.000176626
0.000101167
4.46082e-05
7.72435e-06
-5.99292e-06
-1.67265e-06
0.0362192
0.0290642
0.029059
0.0291432
0.0285147
0.0278227
0.0271825
0.026589
0.0260333
0.0255054
0.0249962
0.0244987
0.0240078
0.02352
0.0230328
0.0225449
0.0220557
0.0215648
0.0210722
0.0205782
0.0200829
0.0195866
0.0190898
0.0185926
0.0180956
0.0175989
0.017103
0.0166081
0.0161145
0.0156226
0.0151327
0.014645
0.0141599
0.0136776
0.0131985
0.0127228
0.0122508
0.0117829
0.0113193
0.0108604
0.0104063
0.00995744
0.0095141
0.00907657
0.00864516
0.00822017
0.00780191
0.0073907
0.00698684
0.00659066
0.00620247
0.0058226
0.00545137
0.00508911
0.00473615
0.00439283
0.00405948
0.00373645
0.00342406
0.00312268
0.00283264
0.0025543
0.00228799
0.00203407
0.0017929
0.00156483
0.00135022
0.00114942
0.000962801
0.000790752
0.000633672
0.000492002
0.000366238
0.000256969
0.000164926
9.10703e-05
3.64524e-05
1.81889e-06
-9.18383e-06
-1.77877e-06
0.0372721
0.0296328
0.0295175
0.029572
0.0288565
0.028071
0.0273555
0.0267062
0.0261107
0.0255552
0.0250274
0.0245177
0.0240189
0.0235259
0.0230355
0.0225454
0.0220547
0.0215628
0.0210693
0.0205746
0.0200786
0.0195817
0.0190843
0.0185866
0.018089
0.0175918
0.0170953
0.0166
0.016106
0.0156137
0.0151234
0.0146354
0.01415
0.0136675
0.0131881
0.0127122
0.0122401
0.0117721
0.0113084
0.0108493
0.0103952
0.00994633
0.00950299
0.00906548
0.0086341
0.00820917
0.00779098
0.00737985
0.0069761
0.00658003
0.00619197
0.00581224
0.00544116
0.00507906
0.00472626
0.00438311
0.00404994
0.00372709
0.00341489
0.00311369
0.00282384
0.00254569
0.00227956
0.00202584
0.00178485
0.00155696
0.00134254
0.00114193
0.000955517
0.000783694
0.000626878
0.000485528
0.000360166
0.000251405
0.000159992
8.68796e-05
3.31002e-05
-5.98913e-07
-1.07047e-05
-2.55327e-06
0.0372721
0.0296328
0.0295175
0.029572
0.0288565
0.028071
0.0273555
0.0267062
0.0261107
0.0255552
0.0250274
0.0245177
0.0240189
0.0235259
0.0230355
0.0225454
0.0220547
0.0215628
0.0210693
0.0205746
0.0200786
0.0195817
0.0190843
0.0185866
0.018089
0.0175918
0.0170953
0.0166
0.016106
0.0156137
0.0151234
0.0146354
0.01415
0.0136675
0.0131881
0.0127122
0.0122401
0.0117721
0.0113084
0.0108493
0.0103952
0.00994633
0.00950299
0.00906548
0.0086341
0.00820917
0.00779098
0.00737985
0.0069761
0.00658003
0.00619197
0.00581224
0.00544116
0.00507906
0.00472626
0.00438311
0.00404994
0.00372709
0.00341489
0.00311369
0.00282384
0.00254569
0.00227956
0.00202584
0.00178485
0.00155696
0.00134254
0.00114193
0.000955517
0.000783694
0.000626878
0.000485528
0.000360166
0.000251405
0.000159992
8.68797e-05
3.31004e-05
-6.00574e-07
-1.07085e-05
-2.54028e-06
0.0362192
0.0290642
0.029059
0.0291432
0.0285147
0.0278227
0.0271825
0.026589
0.0260333
0.0255054
0.0249962
0.0244987
0.0240078
0.02352
0.0230328
0.0225449
0.0220557
0.0215648
0.0210722
0.0205782
0.0200829
0.0195866
0.0190898
0.0185926
0.0180956
0.0175989
0.017103
0.0166081
0.0161145
0.0156226
0.0151327
0.014645
0.0141599
0.0136776
0.0131985
0.0127228
0.0122508
0.0117829
0.0113193
0.0108604
0.0104063
0.00995744
0.0095141
0.00907657
0.00864516
0.00822017
0.00780191
0.0073907
0.00698684
0.00659066
0.00620247
0.0058226
0.00545137
0.00508911
0.00473615
0.00439283
0.00405948
0.00373645
0.00342406
0.00312268
0.00283264
0.0025543
0.00228799
0.00203407
0.0017929
0.00156483
0.00135022
0.00114942
0.000962801
0.000790752
0.000633672
0.000492002
0.000366238
0.000256969
0.000164925
9.10699e-05
3.64512e-05
1.81514e-06
-9.18676e-06
-1.76737e-06
0.0328908
0.0270357
0.0277545
0.0281508
0.0277916
0.0273236
0.0268474
0.0263683
0.02589
0.0254131
0.0249369
0.0244605
0.0239829
0.0235035
0.0230219
0.0225378
0.0220514
0.0215628
0.0210723
0.0205801
0.0200865
0.019592
0.0190968
0.0186013
0.0181058
0.0176106
0.017116
0.0166224
0.0161301
0.0156393
0.0151504
0.0146637
0.0141794
0.0136979
0.0132195
0.0127445
0.0122731
0.0118056
0.0113424
0.0108838
0.01043
0.00998131
0.0095381
0.00910065
0.00866927
0.00824425
0.00782592
0.00741459
0.00701057
0.00661418
0.00622576
0.00584562
0.0054741
0.00511151
0.00475821
0.00441453
0.0040808
0.00375737
0.00344458
0.00314278
0.00285232
0.00257355
0.00230681
0.00205247
0.00181088
0.00158239
0.00136735
0.00116613
0.000979084
0.000806573
0.000648977
0.000506696
0.000380174
0.000269931
0.000176626
0.000101166
4.46058e-05
7.72019e-06
-5.99564e-06
-1.66352e-06
0.0305886
0.0254722
0.0260745
0.026679
0.02669
0.0265227
0.0262629
0.0259345
0.0255566
0.0251447
0.0247097
0.0242592
0.0237982
0.0233296
0.0228557
0.0223775
0.0218962
0.0214122
0.0209261
0.0204382
0.0199491
0.0194589
0.018968
0.0184767
0.0179853
0.0174943
0.0170037
0.016514
0.0160255
0.0155385
0.0150533
0.0145701
0.0140894
0.0136113
0.0131362
0.0126644
0.0121962
0.0117319
0.0112717
0.0108161
0.0103652
0.00991942
0.00947904
0.00904436
0.0086157
0.00819336
0.00777766
0.00736891
0.00696744
0.00657355
0.00618759
0.00580987
0.00544073
0.0050805
0.0047295
0.00438809
0.0040566
0.00373538
0.00342477
0.00312512
0.00283678
0.0025601
0.00229543
0.00204313
0.00180356
0.00157707
0.00136401
0.00116474
0.000979615
0.000808984
0.000653196
0.000512609
0.000387594
0.000278567
0.000186048
0.000110784
5.38186e-05
1.62182e-05
6.06649e-07
-2.66562e-06
)
;

boundaryField
{
    left
    {
        type            zeroGradient;
    }
    right
    {
        type            pressureTraction;
        value           nonuniform List<scalar> 
64
(
2.21667e-05
2.44839e-05
2.46159e-05
2.56739e-05
2.56735e-05
2.46144e-05
2.44837e-05
2.21643e-05
-7.06751e-07
1.96529e-05
2.21694e-05
2.41995e-05
2.42002e-05
2.21709e-05
1.9654e-05
-7.07985e-07
-4.32704e-05
-1.07741e-05
-8.42249e-06
-6.5093e-06
-6.50908e-06
-8.42195e-06
-1.07735e-05
-4.32717e-05
-9.10508e-05
-5.9384e-05
-6.0642e-05
-6.00043e-05
-6.00046e-05
-6.06426e-05
-5.93841e-05
-9.10506e-05
-0.000119339
-0.000101507
-0.000106925
-0.000107923
-0.000107923
-0.000106925
-0.000101506
-0.000119338
-0.000114357
-0.000116086
-0.000123116
-0.000124999
-0.000124999
-0.000123115
-0.000116085
-0.000114356
-7.42101e-05
-9.21275e-05
-9.50912e-05
-9.56944e-05
-9.56964e-05
-9.50947e-05
-9.21274e-05
-7.42107e-05
-6.16676e-06
-1.63253e-05
-1.52829e-05
-1.59907e-05
-1.59987e-05
-1.5292e-05
-1.63351e-05
-6.16411e-06
)
;
    }
    back
    {
        type            pressureTraction;
        value           nonuniform List<scalar> 
640
(
-0.0434399
-0.0256253
-0.0121196
-0.000571654
0.0100862
0.0204415
0.0300715
0.0395531
-0.0360229
-0.0219005
-0.0103354
-0.000914206
0.00676612
0.0134359
0.0192245
0.0246439
-0.0347956
-0.0217303
-0.010865
-0.00155663
0.00631367
0.013234
0.019486
0.0253116
-0.0344575
-0.0216777
-0.0111823
-0.00192787
0.00610917
0.013254
0.0198102
0.0259722
-0.0342968
-0.0215581
-0.0112612
-0.00209698
0.00596775
0.0132058
0.0199055
0.0261496
-0.0340956
-0.0214169
-0.0112479
-0.00216397
0.00588845
0.013169
0.0199398
0.0261255
-0.0337887
-0.0212315
-0.0111841
-0.00218408
0.00582841
0.0131068
0.0198887
0.0259683
-0.0333769
-0.0209978
-0.0110891
-0.00218606
0.00576223
0.0130009
0.0197504
0.0257101
-0.0328782
-0.0207212
-0.0109736
-0.00218399
0.00567947
0.012851
0.0195412
0.0253786
-0.0323126
-0.020409
-0.010843
-0.00218358
0.00557812
0.0126636
0.0192791
0.0249966
-0.0316984
-0.0200689
-0.0107011
-0.00218624
0.00546051
0.0124476
0.0189797
0.0245808
-0.0310503
-0.0197076
-0.0105502
-0.00219145
0.00533048
0.0122109
0.0186549
0.0241428
-0.0303798
-0.0193308
-0.0103918
-0.00219795
0.00519195
0.0119602
0.0183132
0.02369
-0.029695
-0.0189427
-0.0102272
-0.00220442
0.00504821
0.0117006
0.0179604
0.0232273
-0.0290021
-0.0185464
-0.0100572
-0.00220975
0.00490183
0.0114354
0.0176002
0.0227576
-0.0283053
-0.0181443
-0.00988243
-0.00221311
0.00475462
0.0111672
0.0172352
0.0222831
-0.0276074
-0.0177381
-0.00970334
-0.00221393
0.00460784
0.0108974
0.0168667
0.021805
-0.0269106
-0.0173291
-0.00952041
-0.00221191
0.00446228
0.0106271
0.0164959
0.021324
-0.0262162
-0.0169182
-0.00933401
-0.0022069
0.00431843
0.010357
0.0161233
0.0208409
-0.0255252
-0.0165061
-0.00914452
-0.00219886
0.0041766
0.0100875
0.0157494
0.0203559
-0.0248384
-0.0160936
-0.00895227
-0.00218783
0.00403695
0.00981877
0.0153744
0.0198696
-0.0241562
-0.0156809
-0.00875756
-0.0021739
0.00389956
0.00955116
0.0149987
0.0193822
-0.0234791
-0.0152687
-0.00856067
-0.00215718
0.00376448
0.00928479
0.0146225
0.0188941
-0.0228074
-0.0148571
-0.00836188
-0.00213779
0.00363174
0.0090198
0.0142459
0.0184056
-0.0221415
-0.0144466
-0.00816143
-0.00211585
0.00350135
0.00875634
0.0138694
0.0179169
-0.0214814
-0.0140375
-0.00795955
-0.00209146
0.00337333
0.00849455
0.013493
0.0174285
-0.0208275
-0.01363
-0.00775647
-0.00206475
0.0032477
0.00823455
0.013117
0.0169405
-0.02018
-0.0132244
-0.00755239
-0.00203582
0.00312446
0.0079765
0.0127417
0.0164533
-0.019539
-0.012821
-0.00734752
-0.00200477
0.00300363
0.00772053
0.0123673
0.0159672
-0.0189047
-0.0124199
-0.00714206
-0.00197171
0.00288523
0.00746677
0.0119941
0.0154826
-0.0182774
-0.0120215
-0.0069362
-0.00193674
0.00276927
0.00721535
0.0116222
0.0149996
-0.0176571
-0.0116259
-0.00673012
-0.00189996
0.00265576
0.00696641
0.011252
0.0145187
-0.017044
-0.0112334
-0.00652402
-0.00186147
0.00254471
0.00672007
0.0108836
0.0140401
-0.0164384
-0.0108441
-0.00631806
-0.00182136
0.00243614
0.00647646
0.0105174
0.0135642
-0.0158403
-0.0104584
-0.00611245
-0.00177975
0.00233004
0.0062357
0.0101535
0.0130911
-0.01525
-0.0100763
-0.00590735
-0.00173672
0.00222642
0.00599791
0.00979221
0.0126213
-0.0146675
-0.00969819
-0.00570295
-0.00169239
0.00212528
0.0057632
0.00943373
0.012155
-0.0140932
-0.00932417
-0.00549942
-0.00164686
0.00202662
0.00553168
0.00907831
0.0116926
-0.0135271
-0.00895448
-0.00529694
-0.00160023
0.00193044
0.00530347
0.00872618
0.0112343
-0.0129694
-0.0085893
-0.00509569
-0.0015526
0.00183674
0.00507867
0.00837757
0.0107804
-0.0124203
-0.00822885
-0.00489585
-0.00150408
0.0017455
0.00485739
0.00803273
0.0103313
-0.01188
-0.00787333
-0.0046976
-0.00145478
0.00165672
0.00463972
0.00769188
0.00988719
-0.0113486
-0.00752292
-0.0045011
-0.00140481
0.00157038
0.00442577
0.00735525
0.00944847
-0.0108264
-0.00717784
-0.00430654
-0.00135426
0.00148648
0.00421565
0.00702309
0.0090154
-0.0103135
-0.00683828
-0.00411409
-0.00130325
0.00140501
0.00400944
0.00669562
0.0085883
-0.00981015
-0.00650444
-0.00392393
-0.00125189
0.00132596
0.00380725
0.00637309
0.00816749
-0.00931649
-0.00617652
-0.00373622
-0.00120028
0.0012493
0.00360918
0.00605571
0.00775328
-0.00883275
-0.00585472
-0.00355116
-0.00114852
0.00117503
0.00341531
0.00574373
0.00734599
-0.00835913
-0.00553924
-0.0033689
-0.00109674
0.00110314
0.00322576
0.00543739
0.00694594
-0.00789584
-0.00523028
-0.00318963
-0.00104502
0.00103361
0.0030406
0.00513691
0.00655344
-0.00744309
-0.00492805
-0.00301352
-0.00099349
0.000966422
0.00285994
0.00484254
0.00616883
-0.00700111
-0.00463274
-0.00284073
-0.00094224
0.00090157
0.00268388
0.0045545
0.00579243
-0.00657011
-0.00434457
-0.00267146
-0.00089138
0.000839039
0.0025125
0.00427305
0.00542458
-0.00615033
-0.00406373
-0.00250585
-0.000841014
0.000778818
0.00234592
0.00399841
0.0050656
-0.00574198
-0.00379043
-0.0023441
-0.000791246
0.000720894
0.00218422
0.00373082
0.00471584
-0.00534531
-0.00352489
-0.00218637
-0.000742179
0.000665258
0.0020275
0.00347052
0.00437563
-0.00496055
-0.0032673
-0.00203283
-0.000693914
0.000611899
0.00187586
0.00321776
0.00404532
-0.00458795
-0.00301787
-0.00188366
-0.000646552
0.000560809
0.0017294
0.00297276
0.00372525
-0.00422776
-0.00277683
-0.00173902
-0.000600192
0.00051198
0.00158823
0.00273577
0.00341577
-0.00388022
-0.00254438
-0.00159908
-0.000554933
0.000465408
0.00145244
0.00250704
0.00311723
-0.00354558
-0.00232073
-0.00146401
-0.000510871
0.000421087
0.00132214
0.00228679
0.00282997
-0.00322411
-0.00210609
-0.00133398
-0.000468101
0.000379013
0.00119744
0.00207528
0.00255436
-0.00291607
-0.00190069
-0.00120916
-0.000426717
0.000339186
0.00107843
0.00187274
0.00229074
-0.00262172
-0.00170474
-0.00108971
-0.000386811
0.000301606
0.000965231
0.00167942
0.00203947
-0.00234132
-0.00151846
-0.000975801
-0.000348474
0.000266274
0.000857944
0.00149555
0.00180091
-0.00207515
-0.00134206
-0.000867592
-0.000311795
0.000233191
0.00075668
0.00132137
0.00157542
-0.00182347
-0.00117576
-0.000765244
-0.000276861
0.00020236
0.000661545
0.00115712
0.00136335
-0.00158656
-0.00101977
-0.000668914
-0.000243754
0.000173783
0.000572642
0.00100304
0.00116506
-0.00136466
-0.000874303
-0.000578749
-0.000212557
0.000147458
0.000490067
0.000859334
0.000980887
-0.00115804
-0.000739547
-0.000494886
-0.000183343
0.000123379
0.000413904
0.000726221
0.000811187
-0.000966911
-0.000615679
-0.000417439
-0.000156181
0.000101528
0.000344212
0.000603878
0.000656296
-0.000791499
-0.000502846
-0.000346488
-0.000131123
8.18703e-05
0.000281013
0.000492448
0.000516547
-0.000631981
-0.000401147
-0.000282057
-0.000108199
6.43429e-05
0.000224264
0.000392012
0.00039228
-0.000488515
-0.000310616
-0.000224087
-8.74123e-05
4.88326e-05
0.000173823
0.000302558
0.000283862
-0.00036126
-0.000231195
-0.000172399
-6.87283e-05
3.51523e-05
0.000129392
0.000223944
0.000191752
-0.000250491
-0.000162687
-0.000126638
-5.20489e-05
2.30461e-05
9.05065e-05
0.000155879
0.000116653
-0.000156592
-0.000104756
-8.63899e-05
-3.73744e-05
1.20667e-05
5.64467e-05
9.78975e-05
5.96497e-05
-8.17123e-05
-5.80734e-05
-5.28755e-05
-2.67132e-05
-3.77954e-08
2.52402e-05
4.89927e-05
2.20031e-05
-2.38405e-05
-2.04295e-05
-2.33971e-05
-1.73152e-05
-1.09945e-05
-1.89366e-06
9.53084e-06
5.88769e-06
1.04226e-05
2.86919e-05
4.04234e-05
3.99184e-05
2.50496e-05
4.32939e-06
-1.58103e-05
-2.3099e-06
)
;
    }
    front
    {
        type            pressureTraction;
        value           nonuniform List<scalar> 
640
(
-0.0434399
-0.0256253
-0.0121196
-0.000571654
0.0100862
0.0204415
0.0300715
0.0395531
-0.0360229
-0.0219005
-0.0103354
-0.000914206
0.00676612
0.0134359
0.0192245
0.0246439
-0.0347956
-0.0217303
-0.010865
-0.00155663
0.00631367
0.013234
0.019486
0.0253116
-0.0344575
-0.0216777
-0.0111823
-0.00192787
0.00610917
0.013254
0.0198102
0.0259722
-0.0342968
-0.0215581
-0.0112612
-0.00209698
0.00596775
0.0132058
0.0199055
0.0261496
-0.0340956
-0.0214169
-0.0112479
-0.00216397
0.00588845
0.013169
0.0199398
0.0261255
-0.0337887
-0.0212315
-0.0111841
-0.00218408
0.00582841
0.0131068
0.0198887
0.0259683
-0.0333769
-0.0209978
-0.0110891
-0.00218606
0.00576223
0.0130009
0.0197504
0.0257101
-0.0328782
-0.0207212
-0.0109736
-0.00218399
0.00567947
0.012851
0.0195412
0.0253786
-0.0323126
-0.020409
-0.010843
-0.00218358
0.00557812
0.0126636
0.0192791
0.0249966
-0.0316984
-0.0200689
-0.0107011
-0.00218624
0.00546051
0.0124476
0.0189797
0.0245808
-0.0310503
-0.0197076
-0.0105502
-0.00219145
0.00533048
0.0122109
0.0186549
0.0241428
-0.0303798
-0.0193308
-0.0103918
-0.00219795
0.00519195
0.0119602
0.0183132
0.02369
-0.029695
-0.0189427
-0.0102272
-0.00220442
0.00504821
0.0117006
0.0179604
0.0232273
-0.0290021
-0.0185464
-0.0100572
-0.00220975
0.00490183
0.0114354
0.0176002
0.0227576
-0.0283053
-0.0181443
-0.00988243
-0.00221311
0.00475462
0.0111672
0.0172352
0.0222831
-0.0276074
-0.0177381
-0.00970334
-0.00221393
0.00460784
0.0108974
0.0168667
0.021805
-0.0269106
-0.0173291
-0.00952041
-0.00221192
0.00446228
0.0106271
0.0164959
0.021324
-0.0262162
-0.0169182
-0.00933401
-0.0022069
0.00431843
0.010357
0.0161233
0.0208409
-0.0255252
-0.0165061
-0.00914452
-0.00219886
0.0041766
0.0100875
0.0157494
0.0203559
-0.0248384
-0.0160936
-0.00895227
-0.00218783
0.00403695
0.00981877
0.0153744
0.0198696
-0.0241562
-0.0156809
-0.00875756
-0.0021739
0.00389956
0.00955116
0.0149987
0.0193822
-0.0234791
-0.0152687
-0.00856067
-0.00215718
0.00376448
0.00928479
0.0146225
0.0188941
-0.0228074
-0.0148571
-0.00836188
-0.00213779
0.00363174
0.0090198
0.0142459
0.0184056
-0.0221415
-0.0144466
-0.00816143
-0.00211585
0.00350135
0.00875634
0.0138694
0.0179169
-0.0214814
-0.0140375
-0.00795955
-0.00209146
0.00337334
0.00849455
0.013493
0.0174285
-0.0208275
-0.01363
-0.00775647
-0.00206475
0.0032477
0.00823455
0.013117
0.0169405
-0.02018
-0.0132244
-0.00755239
-0.00203582
0.00312446
0.0079765
0.0127417
0.0164533
-0.019539
-0.012821
-0.00734752
-0.00200477
0.00300363
0.00772053
0.0123673
0.0159672
-0.0189047
-0.0124199
-0.00714206
-0.00197171
0.00288523
0.00746677
0.0119941
0.0154826
-0.0182774
-0.0120215
-0.0069362
-0.00193674
0.00276927
0.00721535
0.0116222
0.0149996
-0.0176571
-0.0116259
-0.00673012
-0.00189996
0.00265576
0.00696641
0.011252
0.0145187
-0.017044
-0.0112334
-0.00652402
-0.00186147
0.00254471
0.00672007
0.0108836
0.0140401
-0.0164384
-0.0108441
-0.00631806
-0.00182136
0.00243614
0.00647646
0.0105174
0.0135642
-0.0158403
-0.0104584
-0.00611245
-0.00177975
0.00233004
0.0062357
0.0101535
0.0130911
-0.01525
-0.0100763
-0.00590735
-0.00173673
0.00222642
0.00599791
0.00979221
0.0126213
-0.0146675
-0.00969819
-0.00570294
-0.00169239
0.00212528
0.0057632
0.00943373
0.012155
-0.0140932
-0.00932417
-0.00549942
-0.00164686
0.00202662
0.00553168
0.00907831
0.0116926
-0.0135271
-0.00895448
-0.00529694
-0.00160023
0.00193044
0.00530347
0.00872618
0.0112343
-0.0129694
-0.0085893
-0.00509569
-0.0015526
0.00183674
0.00507867
0.00837757
0.0107804
-0.0124203
-0.00822885
-0.00489585
-0.00150408
0.0017455
0.00485739
0.00803273
0.0103313
-0.01188
-0.00787333
-0.0046976
-0.00145478
0.00165672
0.00463972
0.00769188
0.00988719
-0.0113486
-0.00752292
-0.0045011
-0.00140481
0.00157038
0.00442577
0.00735525
0.00944847
-0.0108264
-0.00717784
-0.00430654
-0.00135426
0.00148648
0.00421565
0.00702309
0.0090154
-0.0103135
-0.00683828
-0.00411409
-0.00130325
0.00140501
0.00400944
0.00669562
0.0085883
-0.00981015
-0.00650444
-0.00392393
-0.00125189
0.00132596
0.00380725
0.00637309
0.00816749
-0.00931649
-0.00617652
-0.00373622
-0.00120028
0.0012493
0.00360918
0.00605571
0.00775328
-0.00883275
-0.00585472
-0.00355116
-0.00114852
0.00117503
0.00341531
0.00574373
0.00734599
-0.00835913
-0.00553924
-0.0033689
-0.00109674
0.00110314
0.00322576
0.00543739
0.00694594
-0.00789584
-0.00523028
-0.00318963
-0.00104502
0.00103361
0.0030406
0.00513691
0.00655344
-0.00744309
-0.00492805
-0.00301352
-0.00099349
0.000966422
0.00285994
0.00484254
0.00616883
-0.00700111
-0.00463274
-0.00284073
-0.00094224
0.00090157
0.00268388
0.0045545
0.00579243
-0.00657012
-0.00434457
-0.00267146
-0.00089138
0.000839039
0.0025125
0.00427305
0.00542458
-0.00615033
-0.00406373
-0.00250585
-0.000841014
0.000778818
0.00234592
0.00399841
0.0050656
-0.00574198
-0.00379043
-0.0023441
-0.000791246
0.000720894
0.00218422
0.00373082
0.00471584
-0.00534531
-0.00352489
-0.00218637
-0.000742179
0.000665258
0.0020275
0.00347052
0.00437563
-0.00496056
-0.0032673
-0.00203283
-0.000693914
0.000611899
0.00187586
0.00321776
0.00404532
-0.00458796
-0.00301788
-0.00188366
-0.000646552
0.000560809
0.0017294
0.00297276
0.00372525
-0.00422776
-0.00277683
-0.00173902
-0.000600192
0.000511981
0.00158823
0.00273577
0.00341577
-0.00388022
-0.00254438
-0.00159908
-0.000554933
0.000465408
0.00145244
0.00250704
0.00311723
-0.00354558
-0.00232073
-0.00146401
-0.000510871
0.000421087
0.00132214
0.00228679
0.00282997
-0.00322411
-0.00210609
-0.00133398
-0.000468101
0.000379014
0.00119744
0.00207528
0.00255436
-0.00291607
-0.00190069
-0.00120916
-0.000426717
0.000339187
0.00107843
0.00187274
0.00229074
-0.00262172
-0.00170474
-0.00108971
-0.000386811
0.000301607
0.000965231
0.00167942
0.00203947
-0.00234132
-0.00151846
-0.000975802
-0.000348475
0.000266274
0.000857945
0.00149555
0.00180091
-0.00207515
-0.00134206
-0.000867593
-0.000311796
0.000233191
0.000756681
0.00132137
0.00157542
-0.00182347
-0.00117576
-0.000765245
-0.000276861
0.000202361
0.000661545
0.00115712
0.00136335
-0.00158656
-0.00101977
-0.000668914
-0.000243755
0.000173783
0.000572642
0.00100304
0.00116506
-0.00136466
-0.000874303
-0.000578749
-0.000212557
0.000147459
0.000490068
0.000859334
0.000980887
-0.00115803
-0.000739546
-0.000494886
-0.000183344
0.000123379
0.000413904
0.000726221
0.000811187
-0.000966909
-0.000615678
-0.000417439
-0.000156182
0.000101528
0.000344212
0.000603878
0.000656296
-0.000791497
-0.000502846
-0.000346488
-0.000131123
8.18707e-05
0.000281013
0.000492448
0.000516547
-0.000631979
-0.000401147
-0.000282057
-0.000108199
6.43431e-05
0.000224265
0.000392012
0.00039228
-0.000488513
-0.000310615
-0.000224087
-8.74124e-05
4.88327e-05
0.000173823
0.000302558
0.000283861
-0.000361262
-0.000231195
-0.000172399
-6.87286e-05
3.51525e-05
0.000129393
0.000223944
0.000191752
-0.000250491
-0.000162687
-0.000126638
-5.20496e-05
2.30462e-05
9.05069e-05
0.000155879
0.000116653
-0.000156591
-0.000104757
-8.63898e-05
-3.7375e-05
1.20663e-05
5.64473e-05
9.78976e-05
5.96502e-05
-8.1711e-05
-5.80737e-05
-5.28755e-05
-2.67137e-05
-3.90232e-08
2.52403e-05
4.8993e-05
2.20043e-05
-2.38402e-05
-2.04299e-05
-2.3398e-05
-1.73159e-05
-1.09955e-05
-1.89475e-06
9.52957e-06
5.89165e-06
1.04202e-05
2.8691e-05
4.0421e-05
3.99169e-05
2.50495e-05
4.32742e-06
-1.58136e-05
-2.30806e-06
)
;
    }
    top
    {
        type            pressureTraction;
        value           nonuniform List<scalar> 
640
(
0.0340695
0.0382712
0.0435484
0.0458915
0.0458915
0.0435484
0.0382712
0.0340695
0.0277772
0.0294449
0.0312307
0.0317578
0.0317578
0.0312307
0.0294449
0.0277772
0.0289492
0.0306694
0.0319645
0.0324515
0.0324515
0.0319645
0.0306694
0.0289492
0.0299054
0.0312418
0.0322494
0.0327072
0.0327072
0.0322494
0.0312418
0.0299054
0.0301325
0.031026
0.0317398
0.0320972
0.0320972
0.0317398
0.031026
0.0301325
0.0301116
0.0306588
0.0311159
0.0313606
0.0313606
0.0311159
0.0306588
0.0301116
0.0299594
0.0302543
0.0305163
0.0306668
0.0306668
0.0305163
0.0302543
0.0299594
0.0297123
0.0298323
0.0299544
0.0300333
0.0300333
0.0299544
0.0298323
0.0297123
0.0293995
0.0294031
0.0294283
0.0294552
0.0294552
0.0294283
0.0294031
0.0293995
0.0290434
0.0289708
0.0289303
0.0289204
0.0289204
0.0289303
0.0289708
0.0290434
0.0286596
0.0285367
0.0284521
0.0284169
0.0284169
0.0284521
0.0285367
0.0286596
0.0282573
0.0281004
0.0279863
0.0279339
0.0279339
0.0279863
0.0281004
0.0282573
0.0278421
0.0276608
0.0275269
0.0274629
0.0274629
0.0275269
0.0276608
0.0278421
0.0274166
0.0272169
0.0270694
0.0269976
0.0269976
0.0270694
0.0272169
0.0274166
0.0269826
0.0267678
0.0266105
0.0265335
0.0265335
0.0266105
0.0267678
0.0269826
0.0265407
0.0263129
0.0261481
0.0260675
0.0260675
0.0261481
0.0263129
0.0265407
0.0260914
0.0258517
0.0256811
0.0255978
0.0255978
0.0256811
0.0258517
0.0260914
0.0256349
0.0253841
0.0252086
0.0251233
0.0251233
0.0252086
0.0253841
0.0256349
0.0251713
0.0249102
0.0247303
0.0246434
0.0246434
0.0247303
0.0249102
0.0251713
0.0247009
0.0244299
0.0242461
0.024158
0.024158
0.0242461
0.0244299
0.0247009
0.0242238
0.0239435
0.0237563
0.023667
0.023667
0.0237563
0.0239435
0.0242238
0.0237403
0.0234513
0.0232609
0.0231706
0.0231706
0.0232609
0.0234513
0.0237403
0.0232507
0.0229536
0.0227602
0.0226691
0.0226691
0.0227602
0.0229536
0.0232507
0.0227552
0.0224506
0.0222546
0.0221629
0.0221629
0.0222546
0.0224506
0.0227552
0.0222541
0.0219427
0.0217445
0.0216521
0.0216521
0.0217445
0.0219427
0.0222541
0.0217479
0.0214303
0.0212301
0.0211373
0.0211373
0.0212301
0.0214303
0.0217479
0.0212368
0.0209137
0.0207119
0.0206187
0.0206187
0.0207119
0.0209137
0.0212368
0.0207213
0.0203933
0.0201902
0.0200968
0.0200968
0.0201902
0.0203933
0.0207213
0.0202016
0.0198695
0.0196654
0.019572
0.019572
0.0196654
0.0198695
0.0202016
0.0196783
0.0193426
0.019138
0.0190446
0.0190446
0.019138
0.0193426
0.0196783
0.0191516
0.0188132
0.0186083
0.018515
0.018515
0.0186083
0.0188132
0.0191516
0.0186221
0.0182816
0.0180767
0.0179838
0.0179838
0.0180767
0.0182816
0.0186221
0.0180902
0.0177482
0.0175437
0.0174512
0.0174512
0.0175437
0.0177482
0.0180902
0.0175563
0.0172135
0.0170097
0.0169178
0.0169178
0.0170097
0.0172135
0.0175563
0.0170208
0.0166779
0.0164752
0.016384
0.016384
0.0164752
0.0166779
0.0170208
0.0164843
0.0161419
0.0159405
0.0158502
0.0158502
0.0159405
0.0161419
0.0164843
0.0159473
0.015606
0.0154062
0.0153168
0.0153168
0.0154062
0.015606
0.0159473
0.0154101
0.0150705
0.0148728
0.0147844
0.0147844
0.0148728
0.0150705
0.0154101
0.0148734
0.0145361
0.0143406
0.0142535
0.0142535
0.0143406
0.0145361
0.0148734
0.0143377
0.0140032
0.0138102
0.0137244
0.0137244
0.0138102
0.0140032
0.0143377
0.0138033
0.0134723
0.0132821
0.0131977
0.0131977
0.0132821
0.0134723
0.0138033
0.013271
0.0129439
0.0127568
0.0126738
0.0126738
0.0127568
0.0129439
0.013271
0.0127412
0.0124186
0.0122347
0.0121533
0.0121533
0.0122347
0.0124186
0.0127412
0.0122145
0.0118968
0.0117164
0.0116367
0.0116367
0.0117164
0.0118968
0.0122145
0.0116914
0.0113791
0.0112024
0.0111245
0.0111245
0.0112024
0.0113791
0.0116914
0.0111725
0.010866
0.0106932
0.0106171
0.0106171
0.0106932
0.010866
0.0111725
0.0106583
0.010358
0.0101894
0.0101152
0.0101152
0.0101894
0.010358
0.0106583
0.0101494
0.00985571
0.00969133
0.0096191
0.0096191
0.00969133
0.00985571
0.0101494
0.00964635
0.00935964
0.00919968
0.00912948
0.00912948
0.00919968
0.00935964
0.00964635
0.00914976
0.00887033
0.00871493
0.00864681
0.00864681
0.00871493
0.00887033
0.00914976
0.00866019
0.00838832
0.00823761
0.00817161
0.00817161
0.00823761
0.00838832
0.00866019
0.00817819
0.00791417
0.00776825
0.00770441
0.00770441
0.00776825
0.00791417
0.00817819
0.00770435
0.00744841
0.00730738
0.00724573
0.00724573
0.00730738
0.00744841
0.00770435
0.00723924
0.00699158
0.00685553
0.00679609
0.00679609
0.00685553
0.00699158
0.00723924
0.00678341
0.00654424
0.00641322
0.00635603
0.00635603
0.00641322
0.00654424
0.00678341
0.00633745
0.00610693
0.00598099
0.00592606
0.00592606
0.00598099
0.00610693
0.00633745
0.00590191
0.00568017
0.00555936
0.00550669
0.00550669
0.00555936
0.00568017
0.00590191
0.00547736
0.00526452
0.00514885
0.00509846
0.00509846
0.00514885
0.00526452
0.00547736
0.00506434
0.0048605
0.00475
0.00470188
0.00470188
0.00475
0.00486049
0.00506434
0.00466343
0.00446863
0.0043633
0.00431745
0.00431745
0.0043633
0.00446863
0.00466342
0.00427515
0.00408946
0.00398928
0.00394569
0.00394569
0.00398928
0.00408946
0.00427515
0.00390006
0.00372349
0.00362845
0.00358711
0.00358711
0.00362845
0.00372349
0.00390006
0.00353869
0.00337125
0.00328132
0.0032422
0.0032422
0.00328132
0.00337125
0.00353869
0.00319157
0.00303325
0.00294837
0.00291147
0.00291147
0.00294837
0.00303324
0.00319157
0.00285922
0.00270998
0.00263012
0.0025954
0.0025954
0.00263012
0.00270998
0.00285922
0.00254215
0.00240194
0.00232706
0.00229449
0.00229449
0.00232705
0.00240194
0.00254215
0.00224087
0.00210963
0.00203966
0.00200923
0.00200923
0.00203966
0.00210963
0.00224087
0.00195587
0.00183354
0.00176841
0.00174009
0.00174009
0.00176841
0.00183354
0.00195587
0.00168763
0.00157413
0.0015138
0.00148757
0.00148757
0.0015138
0.00157413
0.00168763
0.00143662
0.0013319
0.00127632
0.00125216
0.00125216
0.00127632
0.0013319
0.00143662
0.0012033
0.00110732
0.00105647
0.0010344
0.0010344
0.00105647
0.00110732
0.0012033
0.000988089
0.000900883
0.000854799
0.000834844
0.000834844
0.000854798
0.000900883
0.000988089
0.000791425
0.000713137
0.000671908
0.000654122
0.000654122
0.000671908
0.000713136
0.000791425
0.000613747
0.000544704
0.000508518
0.000492992
0.000492992
0.000508518
0.000544703
0.000613747
0.000455537
0.000396375
0.000365547
0.000352412
0.000352412
0.000365547
0.000396374
0.000455536
0.000317346
0.000269229
0.000244243
0.000233669
0.000233668
0.000244242
0.000269229
0.000317346
0.000199806
0.000164663
0.000146182
0.000138339
0.000138338
0.000146182
0.000164664
0.000199807
0.000103599
8.4262e-05
7.31761e-05
6.82488e-05
6.82496e-05
7.31764e-05
8.42613e-05
0.000103601
2.93262e-05
2.89033e-05
2.62144e-05
2.46305e-05
2.46339e-05
2.62089e-05
2.88945e-05
2.93325e-05
-3.09615e-05
-1.45963e-05
-8.19975e-06
-6.48109e-06
-6.49537e-06
-8.21648e-06
-1.46088e-05
-3.09645e-05
)
;
    }
    bottom
    {
        type            pressureTraction;
        value           nonuniform List<scalar> 
640
(
-0.0533673
-0.0523568
-0.05272
-0.0530159
-0.0530159
-0.05272
-0.0523568
-0.0533673
-0.0439328
-0.045363
-0.045846
-0.0459999
-0.0459999
-0.045846
-0.045363
-0.0439328
-0.0421361
-0.0437074
-0.0444195
-0.0446497
-0.0446497
-0.0444195
-0.0437074
-0.0421361
-0.0413063
-0.042653
-0.0434099
-0.0436855
-0.0436855
-0.0434099
-0.042653
-0.0413063
-0.0407528
-0.0417492
-0.0424163
-0.0426879
-0.0426879
-0.0424163
-0.0417492
-0.0407528
-0.0401951
-0.040908
-0.0414522
-0.0416929
-0.0416929
-0.0414522
-0.040908
-0.0401951
-0.039554
-0.0400676
-0.0405001
-0.0407018
-0.0407018
-0.0405001
-0.0400676
-0.039554
-0.0388276
-0.0392111
-0.0395568
-0.0397224
-0.0397224
-0.0395568
-0.0392111
-0.0388276
-0.0380324
-0.0383363
-0.0386204
-0.0387574
-0.0387574
-0.0386204
-0.0383363
-0.0380324
-0.0371866
-0.037446
-0.037689
-0.0378052
-0.0378052
-0.037689
-0.037446
-0.0371866
-0.0363066
-0.0365445
-0.0367614
-0.0368634
-0.0368634
-0.0367614
-0.0365445
-0.0363066
-0.0354054
-0.0356362
-0.0358376
-0.0359306
-0.0359306
-0.0358376
-0.0356362
-0.0354054
-0.0344929
-0.0347256
-0.0349184
-0.0350059
-0.0350059
-0.0349184
-0.0347256
-0.0344929
-0.0335762
-0.0338161
-0.0340047
-0.0340891
-0.0340891
-0.0340047
-0.0338161
-0.0335762
-0.0326604
-0.0329103
-0.0330976
-0.0331804
-0.0331804
-0.0330976
-0.0329103
-0.0326604
-0.031749
-0.0320103
-0.0321979
-0.0322801
-0.0322801
-0.0321979
-0.0320103
-0.031749
-0.0308443
-0.0311177
-0.0313063
-0.0313885
-0.0313885
-0.0313063
-0.0311177
-0.0308443
-0.0299479
-0.0302333
-0.0304236
-0.0305061
-0.0305061
-0.0304236
-0.0302333
-0.0299479
-0.0290609
-0.029358
-0.0295501
-0.0296329
-0.0296329
-0.0295501
-0.029358
-0.0290609
-0.028184
-0.0284923
-0.0286861
-0.0287694
-0.0287694
-0.0286861
-0.0284923
-0.028184
-0.0273176
-0.0276365
-0.0278319
-0.0279157
-0.0279157
-0.0278319
-0.0276365
-0.0273176
-0.0264622
-0.0267909
-0.0269878
-0.0270719
-0.0270719
-0.0269878
-0.0267909
-0.0264622
-0.025618
-0.0259557
-0.0261539
-0.0262384
-0.0262384
-0.0261539
-0.0259557
-0.025618
-0.0247852
-0.0251312
-0.0253304
-0.0254151
-0.0254151
-0.0253304
-0.0251312
-0.0247852
-0.0239641
-0.0243175
-0.0245174
-0.0246022
-0.0246022
-0.0245174
-0.0243175
-0.0239641
-0.0231548
-0.0235147
-0.0237151
-0.0238
-0.0238
-0.0237151
-0.0235147
-0.0231548
-0.0223574
-0.022723
-0.0229236
-0.0230084
-0.0230084
-0.0229236
-0.022723
-0.0223574
-0.0215721
-0.0219426
-0.022143
-0.0222276
-0.0222276
-0.022143
-0.0219426
-0.0215721
-0.020799
-0.0211734
-0.0213735
-0.0214578
-0.0214578
-0.0213735
-0.0211734
-0.020799
-0.0200382
-0.0204157
-0.0206151
-0.0206991
-0.0206991
-0.0206151
-0.0204157
-0.0200382
-0.0192898
-0.0196697
-0.0198681
-0.0199515
-0.0199515
-0.0198681
-0.0196697
-0.0192898
-0.0185539
-0.0189352
-0.0191325
-0.0192153
-0.0192153
-0.0191325
-0.0189352
-0.0185539
-0.0178307
-0.0182126
-0.0184084
-0.0184905
-0.0184905
-0.0184084
-0.0182126
-0.0178307
-0.0171201
-0.0175019
-0.0176959
-0.0177772
-0.0177772
-0.0176959
-0.0175019
-0.0171201
-0.0164223
-0.0168032
-0.0169952
-0.0170756
-0.0170756
-0.0169952
-0.0168032
-0.0164223
-0.0157373
-0.0161166
-0.0163064
-0.0163857
-0.0163857
-0.0163064
-0.0161166
-0.0157373
-0.0150653
-0.0154422
-0.0156295
-0.0157077
-0.0157077
-0.0156295
-0.0154422
-0.0150653
-0.0144062
-0.0147801
-0.0149647
-0.0150417
-0.0150417
-0.0149647
-0.0147801
-0.0144062
-0.0137602
-0.0141303
-0.0143121
-0.0143878
-0.0143878
-0.0143121
-0.0141303
-0.0137602
-0.0131274
-0.0134931
-0.0136717
-0.0137461
-0.0137461
-0.0136717
-0.0134931
-0.0131274
-0.0125078
-0.0128685
-0.0130438
-0.0131168
-0.0131168
-0.0130438
-0.0128685
-0.0125078
-0.0119015
-0.0122566
-0.0124284
-0.0124999
-0.0124999
-0.0124284
-0.0122566
-0.0119015
-0.0113085
-0.0116575
-0.0118256
-0.0118955
-0.0118955
-0.0118256
-0.0116575
-0.0113085
-0.010729
-0.0110713
-0.0112356
-0.0113039
-0.0113039
-0.0112356
-0.0110713
-0.010729
-0.0101631
-0.0104982
-0.0106584
-0.010725
-0.010725
-0.0106584
-0.0104982
-0.0101631
-0.00961072
-0.00993823
-0.0100943
-0.0101591
-0.0101591
-0.0100943
-0.00993823
-0.00961072
-0.00907209
-0.00939152
-0.00954328
-0.00960631
-0.00960631
-0.00954328
-0.00939152
-0.00907209
-0.00854726
-0.00885821
-0.00900554
-0.00906672
-0.00906672
-0.00900554
-0.00885821
-0.00854726
-0.00803633
-0.00833843
-0.00848122
-0.0085405
-0.0085405
-0.00848122
-0.00833843
-0.00803633
-0.00753941
-0.00783231
-0.00797046
-0.0080278
-0.0080278
-0.00797046
-0.00783231
-0.00753941
-0.0070566
-0.00733999
-0.00747341
-0.00752876
-0.00752876
-0.00747341
-0.00733999
-0.0070566
-0.00658802
-0.00686163
-0.00699022
-0.00704356
-0.00704356
-0.00699022
-0.00686163
-0.00658802
-0.0061338
-0.00639737
-0.00652105
-0.00657236
-0.00657236
-0.00652105
-0.00639737
-0.0061338
-0.00569405
-0.00594737
-0.00606608
-0.00611532
-0.00611532
-0.00606608
-0.00594737
-0.00569405
-0.00526892
-0.00551179
-0.00562548
-0.00567262
-0.00567262
-0.00562548
-0.00551179
-0.00526892
-0.00485855
-0.00509081
-0.00519942
-0.00524445
-0.00524445
-0.00519942
-0.00509081
-0.00485855
-0.00446309
-0.0046846
-0.00478809
-0.004831
-0.004831
-0.00478809
-0.0046846
-0.00446309
-0.00408269
-0.00429334
-0.00439169
-0.00443245
-0.00443245
-0.00439169
-0.00429334
-0.00408269
-0.00371752
-0.00391723
-0.00401041
-0.00404902
-0.00404902
-0.0040104
-0.00391723
-0.00371752
-0.00336775
-0.00355646
-0.00364445
-0.00368091
-0.00368091
-0.00364445
-0.00355645
-0.00336775
-0.00303357
-0.00321123
-0.00329403
-0.00332833
-0.00332833
-0.00329403
-0.00321123
-0.00303357
-0.00271516
-0.00288176
-0.00295936
-0.0029915
-0.0029915
-0.00295936
-0.00288176
-0.00271516
-0.00241273
-0.00256826
-0.00264067
-0.00267065
-0.00267065
-0.00264067
-0.00256826
-0.00241273
-0.00212648
-0.00227096
-0.00233819
-0.00236601
-0.00236601
-0.00233819
-0.00227096
-0.00212648
-0.00185661
-0.00199008
-0.00205216
-0.00207783
-0.00207783
-0.00205216
-0.00199008
-0.00185661
-0.00160336
-0.00172588
-0.00178282
-0.00180635
-0.00180635
-0.00178282
-0.00172588
-0.00160336
-0.00136695
-0.00147858
-0.00153042
-0.00155183
-0.00155183
-0.00153042
-0.00147858
-0.00136695
-0.00114762
-0.00124845
-0.00129523
-0.00131454
-0.00131454
-0.00129523
-0.00124845
-0.00114762
-0.000945609
-0.00103574
-0.00107753
-0.00109477
-0.00109477
-0.00107753
-0.00103574
-0.000945608
-0.000761169
-0.000840727
-0.000877604
-0.000892826
-0.000892826
-0.000877604
-0.000840728
-0.000761168
-0.000594563
-0.000663706
-0.00069579
-0.000709061
-0.000709061
-0.000695792
-0.000663707
-0.000594562
-0.000446087
-0.00050502
-0.00053248
-0.000543893
-0.000543893
-0.000532481
-0.00050502
-0.000446086
-0.000316105
-0.000365095
-0.000388162
-0.00039784
-0.00039784
-0.000388162
-0.000365096
-0.000316103
-0.000205122
-0.000244524
-0.000263495
-0.000271586
-0.000271586
-0.000263496
-0.000244525
-0.000205122
-0.000113937
-0.000144206
-0.000159438
-0.000166091
-0.000166092
-0.000159437
-0.000144205
-0.000113941
-4.38084e-05
-6.54754e-05
-7.73275e-05
-8.26584e-05
-8.26587e-05
-7.73262e-05
-6.5474e-05
-4.38073e-05
2.86196e-06
-1.07491e-05
-1.95195e-05
-2.35712e-05
-2.35699e-05
-1.95187e-05
-1.07481e-05
2.8654e-06
2.32382e-05
1.63411e-05
1.02608e-05
7.49866e-06
7.49941e-06
1.02609e-05
1.63414e-05
2.32405e-05
1.20035e-05
1.08431e-05
7.76836e-06
6.62139e-06
6.62007e-06
7.76799e-06
1.08429e-05
1.20035e-05
-2.53513e-05
-2.45028e-05
-2.33796e-05
-2.21559e-05
-2.21558e-05
-2.33816e-05
-2.45036e-05
-2.53537e-05
)
;
    }
}


// ************************************************************************* //
