/*--------------------------------*- C++ -*----------------------------------*\
| =========                 |                                                 |
| \\      /  F ield         | foam-extend: Open Source CFD                    |
|  \\    /   O peration     | Version:     4.1                                |
|   \\  /    A nd           | Web:         http://www.foam-extend.org         |
|    \\/     M anipulation  |                                                 |
\*---------------------------------------------------------------------------*/
FoamFile
{
    version     2.0;
    format      ascii;
    class       volScalarField;
    location    "0.199";
    object      muEff;
}
// * * * * * * * * * * * * * * * * * * * * * * * * * * * * * * * * * * * * * //

dimensions      [1 -1 -2 0 0 0 0];

internalField   nonuniform List<scalar> 
5120
(
4439.88
4358.05
4347.06
4335.94
4327.18
4318.59
4309.54
4300.06
4290.3
4280.39
4271.51
4263.19
4254.86
4246.57
4238.37
4230.28
4222.3
4214.44
4206.68
4199.02
4191.43
4183.91
4176.44
4169.03
4161.69
4154.47
4147.4
4141.39
4136.32
4131.33
4126.36
4121.38
4116.35
4111.22
4105.93
4100.45
4094.72
4091.6
4089.46
4087.8
4086.46
4085.27
4084.08
4082.82
4081.46
4080.04
4078.59
4077.15
4075.78
4074.51
4073.35
4072.35
4071.52
4070.88
4070.44
4070.23
4070.27
4070.58
4071.18
4074.62
4075.89
4077.55
4079.63
4082.18
4085.23
4088.85
4093.09
4097.99
4103.58
4109.86
4116.73
4123.93
4130.92
4136.55
4135.61
4133.7
4116.27
4082.11
4034.99
4001.64
4458.54
4388.64
4369.03
4351.34
4337.68
4325.81
4314.52
4303.55
4292.83
4282.32
4272.02
4261.95
4252.1
4242.49
4234.17
4226.29
4218.59
4211.08
4203.76
4196.63
4189.7
4182.97
4176.43
4170.08
4163.92
4157.95
4152.18
4146.59
4141.2
4135.99
4130.97
4126.14
4121.49
4117.04
4112.76
4108.67
4104.76
4101.03
4097.48
4094.1
4090.88
4087.84
4084.97
4082.26
4079.72
4077.34
4075.13
4073.09
4071.23
4069.53
4068.02
4069.14
4068.01
4067.08
4066.36
4065.86
4065.61
4065.61
4065.88
4066.45
4067.33
4068.57
4070.18
4072.22
4074.72
4077.72
4081.29
4085.46
4090.27
4092.98
4098.94
4105.25
4111.39
4116.34
4121.05
4116.12
4099.57
4067.39
4022.02
4006.86
4448.68
4400.8
4382.94
4362.77
4345.91
4331.5
4318.38
4306.15
4294.59
4283.54
4272.9
4262.6
4252.61
4242.9
4233.46
4224.28
4216.6
4209.18
4201.96
4194.94
4188.11
4181.47
4175.02
4168.77
4162.7
4156.82
4151.12
4145.6
4140.27
4135.11
4130.13
4125.33
4120.7
4116.24
4111.95
4107.83
4103.88
4100.09
4096.47
4093.02
4089.72
4086.6
4083.63
4083.33
4080.68
4078.19
4075.87
4073.72
4071.74
4069.94
4068.32
4066.88
4065.63
4064.58
4063.74
4063.12
4062.73
4062.59
4062.71
4063.11
4063.82
4064.87
4066.28
4068.09
4070.35
4073.1
4076.39
4080.27
4084.78
4089.92
4092.92
4098.97
4104.91
4109.75
4114.42
4109.74
4093.73
4062.57
4019.53
4012.58
4441.86
4402.84
4388.2
4367.78
4349.75
4334.21
4320.23
4307.36
4295.35
4283.96
4273.13
4262.71
4252.65
4242.89
4233.42
4225.56
4218.03
4210.71
4203.57
4196.62
4189.87
4183.3
4176.91
4170.71
4164.7
4158.86
4153.2
4147.72
4142.41
4137.28
4132.31
4127.52
4122.89
4118.43
4114.14
4110
4106.04
4102.23
4098.58
4095.1
4091.77
4088.61
4085.61
4082.76
4080.08
4077.56
4075.21
4073.03
4071.01
4069.17
4067.51
4066.03
4064.74
4063.64
4062.76
4062.09
4061.64
4061.44
4061.51
4061.85
4062.49
4063.46
4064.8
4066.54
4068.72
4071.38
4074.59
4078.4
4082.84
4087.93
4093.63
4099.75
4105.83
4110.89
4110.14
4106.04
4093.79
4064.46
4024.13
4004.15
4441.86
4402.84
4388.2
4367.78
4349.75
4334.21
4320.23
4307.36
4295.35
4283.96
4273.13
4262.71
4252.65
4242.89
4233.42
4224.21
4215.74
4208.36
4201.17
4194.19
4187.4
4180.79
4174.39
4168.16
4162.13
4156.28
4150.61
4145.12
4139.8
4134.66
4129.7
4124.91
4120.28
4115.83
4111.54
4107.42
4103.46
4099.66
4096.03
4092.55
4089.24
4086.09
4083.1
4080.27
4077.6
4075.1
4072.76
4070.58
4068.58
4066.75
4065.09
4063.62
4062.34
4061.25
4060.37
4059.7
4059.26
4059.06
4059.12
4059.45
4060.09
4061.05
4062.37
4064.09
4066.25
4068.89
4072.07
4075.83
4080.23
4085.28
4090.93
4096.99
4103.03
4108.05
4113.01
4108.87
4091.1
4062.04
4026.12
4003.91
4448.68
4400.8
4382.94
4362.77
4345.91
4331.5
4318.38
4306.15
4294.59
4283.54
4272.9
4262.6
4252.61
4242.9
4234.2
4226.45
4218.9
4211.53
4204.36
4197.37
4190.58
4183.97
4177.55
4171.31
4165.27
4159.4
4153.71
4148.21
4142.88
4137.72
4132.74
4127.94
4123.3
4118.84
4114.55
4110.42
4106.46
4102.66
4099.03
4095.56
4092.26
4089.12
4086.14
4080.83
4078.19
4075.71
4073.41
4071.27
4069.3
4067.51
4065.89
4064.46
4063.22
4062.18
4061.34
4060.73
4060.34
4060.19
4060.31
4060.7
4061.4
4062.43
4063.83
4065.62
4067.86
4070.58
4073.84
4077.69
4082.15
4087.25
4095.65
4101.75
4107.75
4112.63
4111.53
4106.88
4091
4060.13
4017.53
4013.23
4458.54
4388.64
4369.03
4351.34
4337.68
4325.81
4314.52
4303.55
4292.83
4282.32
4272.02
4261.95
4252.45
4244.32
4236.34
4228.52
4220.88
4213.42
4206.15
4199.06
4192.16
4185.46
4178.94
4172.61
4166.47
4160.52
4154.75
4149.18
4143.79
4138.58
4133.56
4128.73
4124.09
4119.62
4115.35
4111.25
4107.34
4103.6
4100.04
4096.65
4093.43
4090.37
4087.49
4084.77
4082.22
4079.83
4077.61
4075.56
4073.69
4071.99
4070.47
4066.7
4065.57
4064.64
4063.93
4063.44
4063.18
4063.18
4063.44
4064
4064.88
4066.1
4067.69
4069.71
4072.18
4075.16
4078.69
4082.82
4087.59
4095.72
4101.73
4108.09
4114.29
4119.28
4118.09
4113.2
4096.78
4064.89
4019.97
4006.44
4439.88
4358.05
4347.06
4335.94
4327.18
4318.59
4309.54
4300.06
4290.3
4281.48
4273.37
4265.14
4256.89
4248.68
4240.54
4232.5
4224.57
4216.74
4209
4201.35
4193.76
4186.22
4178.73
4171.28
4163.9
4156.62
4149.5
4142.57
4136.32
4131.33
4126.36
4121.38
4116.35
4111.22
4105.93
4100.45
4096.31
4093.67
4091.6
4090.02
4088.75
4087.62
4086.48
4085.26
4083.93
4082.52
4081.08
4079.65
4078.28
4077
4075.85
4074.85
4074.01
4073.37
4072.94
4072.73
4072.78
4073.09
4073.69
4072.09
4073.35
4074.99
4077.05
4079.57
4082.6
4086.19
4090.39
4095.24
4100.79
4107.01
4113.82
4120.97
4127.9
4133.48
4138.69
4130.66
4113.38
4079.52
4032.87
4002.92
4230.78
4227.03
4237.54
4230.18
4222.26
4214.45
4206.53
4202.13
4200.72
4198.85
4196.65
4194.21
4191.64
4189.01
4186.36
4183.76
4181.23
4178.79
4176.46
4177.08
4175.07
4173.18
4171.44
4169.85
4168.41
4167.13
4166
4165.04
4164.25
4163.62
4163.18
4162.91
4162.84
4162.95
4163.27
4163.8
4164.55
4165.52
4166.72
4168.18
4169.89
4171.88
4174.16
4176.75
4179.65
4182.9
4186.52
4190.53
4194.95
4199.83
4205.18
4211.05
4217.47
4224.49
4232.16
4240.53
4249.65
4259.58
4270.39
4282.13
4294.87
4308.67
4323.59
4339.65
4356.87
4375.23
4394.61
4414.85
4435.6
4456.33
4476.23
4494.03
4502.67
4509.74
4511.07
4489.66
4435.98
4346.04
4203
4030.97
4243.46
4240.23
4248.9
4238.29
4227.95
4218.67
4209.72
4201.1
4196.32
4193.52
4190.64
4187.71
4184.78
4181.87
4179
4176.21
4173.5
4170.89
4168.4
4166.03
4163.78
4161.67
4159.69
4157.86
4156.17
4154.62
4153.23
4151.99
4150.91
4149.99
4149.23
4148.65
4148.24
4148
4147.96
4148.11
4148.46
4149.01
4153.04
4154.06
4155.32
4156.83
4158.6
4160.65
4163
4165.66
4168.66
4172.01
4175.75
4179.9
4184.49
4189.55
4195.12
4201.25
4207.99
4215.37
4223.46
4232.31
4242
4252.58
4264.13
4276.71
4290.4
4305.25
4321.3
4338.54
4356.94
4371.74
4391.79
4412.11
4431.93
4450.03
4464.48
4472.32
4473.98
4447.27
4397.09
4310.12
4174.5
4041.98
4231.74
4251.24
4258.96
4244.37
4231.16
4220.31
4210.51
4201.43
4195.92
4192.36
4188.89
4185.53
4182.28
4179.12
4176.08
4173.14
4170.31
4167.6
4165
4162.53
4160.19
4157.98
4155.89
4153.95
4152.14
4150.47
4148.94
4147.56
4146.34
4145.26
4144.35
4143.59
4143
4142.59
4142.35
4142.29
4145.58
4145.93
4146.49
4147.27
4148.27
4149.51
4151
4152.75
4154.79
4157.13
4159.78
4162.78
4166.14
4169.89
4174.06
4178.69
4183.8
4189.45
4195.67
4202.52
4210.05
4218.31
4227.39
4237.33
4248.22
4260.14
4273.15
4287.32
4302.69
4319.31
4337.12
4356.03
4371.2
4391.27
4410.99
4429.12
4443.69
4451.58
4452.91
4425.57
4374.32
4287.38
4157.95
4037.66
4235.6
4254.39
4263.3
4246.9
4232.01
4220.18
4209.93
4200.83
4196.64
4192.62
4188.8
4185.16
4181.7
4180.69
4177.61
4174.65
4171.82
4169.11
4166.52
4164.06
4161.71
4159.5
4157.41
4155.45
4153.62
4151.93
4150.37
4148.96
4147.69
4146.57
4145.6
4144.78
4144.13
4143.65
4143.33
4143.2
4143.25
4143.49
4143.94
4144.6
4145.48
4146.59
4147.95
4149.56
4151.45
4153.64
4156.13
4158.96
4162.14
4165.71
4169.69
4174.11
4179.01
4184.43
4190.42
4197.02
4204.29
4212.29
4221.08
4230.73
4241.32
4252.92
4265.62
4279.47
4294.54
4310.85
4328.39
4347.05
4366.61
4386.63
4406.36
4424.54
4439.15
4447
4443.14
4415.44
4368.29
4277.25
4151.17
4036.24
4233.08
4254.39
4263.3
4246.9
4232.01
4220.18
4209.93
4202.6
4198.51
4194.59
4190.85
4187.3
4183.92
4178.4
4175.24
4172.21
4169.32
4166.55
4163.91
4161.39
4159
4156.74
4154.61
4152.62
4150.76
4149.03
4147.45
4146.01
4144.71
4143.57
4142.57
4141.74
4141.07
4140.56
4140.23
4140.08
4140.12
4140.35
4140.78
4141.42
4142.28
4143.37
4144.71
4146.31
4148.19
4150.35
4152.82
4155.63
4158.79
4162.33
4166.28
4170.67
4175.53
4180.92
4186.87
4193.43
4200.65
4208.6
4217.33
4226.93
4237.46
4248.99
4261.61
4275.39
4290.37
4306.6
4324.04
4342.61
4362.07
4382
4401.63
4419.72
4434.27
4442.08
4438.25
4420.22
4363.77
4273.24
4148
4034.15
4229.34
4251.24
4258.96
4244.37
4231.16
4220.31
4210.51
4201.43
4197.78
4194.32
4190.95
4187.68
4184.51
4181.43
4178.46
4175.59
4172.82
4170.17
4167.63
4165.21
4162.92
4160.75
4158.7
4156.79
4155.02
4153.38
4151.89
4150.54
4149.33
4148.28
4147.39
4146.66
4146.09
4145.69
4145.47
4145.43
4142.43
4142.76
4143.3
4144.06
4145.04
4146.26
4147.74
4149.47
4151.49
4153.81
4156.44
4159.41
4162.75
4166.47
4170.61
4175.21
4180.29
4185.9
4192.08
4198.88
4206.36
4214.58
4223.6
4233.48
4244.31
4256.16
4269.09
4283.19
4298.48
4315
4332.73
4351.54
4375.79
4395.95
4415.77
4433.98
4448.62
4456.54
4447.96
4430.4
4378.89
4283.32
4154.73
4035.54
4241.25
4240.23
4248.9
4238.29
4227.95
4218.67
4209.72
4201.1
4198.17
4195.49
4192.72
4189.89
4187.04
4184.21
4181.42
4178.7
4176.06
4173.51
4171.07
4168.75
4166.55
4164.49
4162.55
4160.75
4159.1
4157.59
4156.23
4155.01
4153.96
4153.06
4152.33
4151.77
4151.38
4151.17
4151.14
4151.31
4151.68
4152.25
4149.79
4150.79
4152.03
4153.52
4155.27
4157.3
4159.63
4162.27
4165.24
4168.57
4172.28
4176.4
4180.95
4185.98
4191.52
4197.61
4204.3
4211.64
4219.68
4228.48
4238.11
4248.63
4260.11
4272.63
4286.25
4301.02
4316.98
4334.13
4352.43
4376.34
4396.49
4416.91
4436.82
4454.99
4469.51
4477.38
4468.94
4452.21
4401.77
4305.93
4171.16
4039.81
4231.56
4227.03
4237.54
4230.18
4222.26
4214.45
4206.53
4203.89
4202.62
4200.89
4198.8
4196.47
4193.99
4191.44
4188.88
4186.34
4183.88
4181.5
4179.23
4174.26
4172.19
4170.27
4168.48
4166.85
4165.38
4164.06
4162.9
4161.91
4161.09
4160.44
4159.97
4159.68
4159.58
4159.68
4159.97
4160.48
4161.21
4162.16
4163.34
4164.78
4166.47
4168.44
4170.7
4173.26
4176.14
4179.37
4182.96
4186.94
4191.33
4196.17
4201.49
4207.32
4213.71
4220.69
4228.31
4236.63
4245.7
4255.57
4266.32
4278
4290.67
4304.4
4319.24
4335.22
4352.35
4370.62
4389.91
4410.05
4430.7
4451.35
4471.15
4488.88
4507.88
4514.97
4505.85
4484.55
4440.86
4350.46
4206.57
4033.24
4111.93
4118.06
4128.71
4136.58
4146.04
4155.88
4165.26
4173.84
4184.08
4190.94
4197
4202.42
4207.37
4211.99
4216.39
4220.69
4224.94
4229.21
4233.54
4237.96
4242.5
4247.17
4251.99
4256.98
4262.13
4267.47
4273
4278.73
4284.67
4290.84
4297.24
4303.88
4310.78
4317.95
4325.41
4333.16
4341.22
4349.6
4358.33
4367.41
4376.87
4386.72
4396.97
4407.65
4418.77
4430.34
4442.4
4454.94
4467.99
4481.56
4495.66
4510.3
4525.48
4541.21
4557.48
4574.28
4591.58
4603.62
4621.76
4640.27
4659.08
4678.09
4697.18
4716.2
4734.97
4753.26
4770.8
4787.27
4802.26
4815.27
4832.15
4839.07
4841.31
4837.07
4817.12
4795.93
4744.89
4649.33
4453.24
4070.76
4175.56
4176.32
4161.86
4155.6
4156.13
4159.25
4163.34
4167.81
4172.32
4176.69
4180.86
4184.85
4188.68
4192.4
4196.06
4202.9
4206.62
4210.38
4214.22
4218.15
4222.18
4226.35
4230.64
4235.09
4239.7
4244.47
4249.42
4254.56
4259.9
4265.44
4271.21
4277.2
4283.44
4289.94
4296.7
4303.75
4311.1
4318.77
4326.76
4335.1
4343.81
4352.91
4362.41
4372.33
4382.7
4393.54
4404.86
4416.69
4429.04
4441.95
4455.42
4469.47
4484.12
4499.38
4515.25
4531.73
4548.81
4566.48
4584.7
4603.43
4622.61
4636.31
4656.02
4681.83
4701.64
4721.14
4740.06
4758.03
4774.61
4789.24
4801.18
4809.44
4812.62
4808.58
4787.51
4762.43
4703.29
4594.24
4394.22
4100.29
4164.17
4219.59
4195.44
4179.77
4172.73
4169.67
4168.86
4169.53
4171.13
4173.31
4175.84
4178.6
4181.51
4184.52
4187.61
4190.78
4194.03
4200.63
4204.12
4207.72
4211.42
4215.26
4219.22
4223.32
4227.58
4232
4236.58
4241.35
4246.3
4251.45
4256.82
4262.41
4268.23
4274.3
4280.63
4287.23
4294.13
4301.34
4308.87
4316.74
4324.97
4333.59
4342.6
4352.04
4361.92
4372.26
4383.1
4394.45
4406.33
4418.78
4431.8
4445.43
4459.68
4474.57
4490.11
4506.3
4523.15
4540.65
4558.77
4577.49
4596.73
4616.44
4636.51
4656.79
4677.11
4697.24
4710.79
4735.69
4753.17
4768.73
4781.56
4790.57
4794.18
4790.03
4768.01
4740.42
4677.03
4562.58
4364.03
4095.33
4165.17
4238.73
4213.16
4194.65
4184.34
4177.99
4174.3
4172.62
4172.4
4173.19
4174.69
4179.48
4181.89
4184.55
4187.38
4190.35
4193.45
4196.65
4199.97
4203.39
4206.94
4210.6
4214.4
4218.34
4222.43
4226.67
4231.08
4235.66
4240.43
4245.39
4250.55
4255.94
4261.56
4267.41
4273.53
4279.92
4286.59
4293.57
4300.87
4308.51
4316.51
4324.88
4329.17
4342.84
4352.48
4362.58
4373.17
4384.27
4395.92
4408.13
4420.92
4434.33
4448.37
4463.06
4478.41
4494.45
4511.16
4528.54
4546.59
4565.26
4584.51
4604.26
4624.42
4644.86
4665.39
4685.78
4705.76
4718.81
4736.63
4752.55
4765.73
4775.01
4785.09
4774.51
4764.49
4729.51
4664.43
4548.67
4353.8
4097.39
4167.56
4241.63
4215.73
4197.08
4186.73
4180.38
4176.72
4175.1
4174.95
4175.82
4177.4
4176.69
4179.02
4181.6
4184.36
4187.26
4190.28
4193.42
4196.67
4200.03
4203.52
4207.13
4210.87
4214.75
4218.79
4222.98
4227.33
4231.87
4236.58
4241.5
4246.62
4251.96
4257.53
4263.34
4269.42
4275.76
4282.39
4289.32
4296.58
4304.17
4312.12
4320.45
4333.65
4338.31
4347.9
4357.94
4368.48
4379.53
4391.12
4403.27
4416.01
4429.35
4443.33
4457.96
4473.24
4489.21
4505.85
4523.17
4541.14
4559.73
4578.91
4598.58
4618.67
4639.02
4659.48
4679.8
4699.7
4724.93
4742.81
4758.79
4772.01
4781.32
4778.77
4780.8
4758.26
4723.41
4658.59
4543.3
4349.37
4094.67
4166.51
4222.27
4197.81
4182.03
4174.99
4171.97
4171.23
4171.98
4173.67
4175.94
4178.56
4181.41
4184.4
4187.5
4190.67
4193.91
4197.23
4197.36
4200.78
4204.32
4207.96
4211.74
4215.64
4219.69
4223.9
4228.26
4232.8
4237.51
4242.42
4247.52
4252.84
4258.38
4264.15
4270.18
4276.46
4283.03
4289.88
4297.04
4304.52
4312.35
4320.53
4329.1
4338.07
4347.45
4357.28
4367.57
4378.36
4389.65
4401.48
4413.87
4426.83
4440.4
4454.59
4469.41
4484.88
4501.01
4517.79
4535.22
4553.27
4571.91
4591.08
4610.71
4630.7
4650.91
4671.15
4691.21
4716.89
4729.53
4746.95
4762.45
4775.24
4784.22
4787.83
4783.7
4774.28
4734.28
4671.13
4557.15
4359.53
4092.58
4173.26
4174.2
4163.79
4157.55
4158.18
4161.42
4165.64
4170.24
4174.86
4179.35
4183.63
4187.72
4191.64
4195.45
4199.19
4199.69
4203.33
4207.03
4210.8
4214.66
4218.64
4222.74
4226.98
4231.37
4235.92
4240.64
4245.54
4250.62
4255.91
4261.41
4267.13
4273.07
4279.27
4285.71
4292.43
4299.44
4306.74
4314.36
4322.3
4330.6
4339.26
4348.31
4357.76
4367.63
4377.95
4388.73
4400
4411.77
4424.07
4436.92
4450.33
4464.32
4478.91
4494.1
4509.9
4526.31
4543.33
4560.93
4579.08
4597.74
4616.84
4642.15
4661.93
4675.84
4695.58
4715.02
4733.87
4751.78
4768.3
4782.88
4794.79
4803.03
4806.2
4802.18
4793.85
4756.2
4697.29
4588.68
4389.57
4097.47
4111.93
4116.95
4130.09
4138.2
4147.9
4157.96
4167.55
4176.3
4181.47
4188.18
4194.12
4199.43
4204.28
4208.8
4213.12
4217.33
4221.51
4225.71
4229.97
4234.33
4238.8
4243.41
4248.17
4253.09
4258.19
4263.47
4268.95
4274.63
4280.52
4286.63
4292.98
4299.58
4306.43
4313.55
4320.96
4328.66
4336.67
4345.01
4353.69
4362.72
4372.13
4381.93
4392.13
4402.75
4413.82
4425.34
4437.34
4449.83
4462.82
4476.33
4490.37
4504.95
4520.07
4535.74
4551.94
4568.67
4585.91
4609.35
4627.56
4646.15
4665.02
4684.1
4703.26
4722.34
4741.18
4759.53
4777.13
4793.65
4808.69
4821.74
4825.65
4832.55
4834.78
4830.57
4823.57
4789.58
4738.73
4643.55
4458.2
4072.97
4104.76
4101.88
4236.1
4302.66
4353.23
4395.84
4438.54
4472.64
4502.57
4528.63
4551.34
4565.83
4583.58
4599.73
4614.72
4628.84
4642.35
4655.41
4668.14
4680.6
4692.86
4704.93
4716.83
4728.57
4740.15
4751.58
4762.84
4773.94
4784.87
4795.62
4806.2
4816.59
4826.8
4836.81
4846.63
4856.24
4865.65
4874.84
4883.82
4892.57
4901.09
4909.38
4917.43
4925.23
4932.78
4940.08
4947.11
4953.88
4960.38
4966.59
4972.53
4978.18
4983.54
4988.6
4993.36
4997.83
5001.99
5005.84
5009.39
5012.62
5015.55
5018.16
5020.46
5022.45
5024.11
5025.44
5026.42
5027.01
5027.17
5026.79
5025.7
5023.61
5020
5020.99
5010.56
4992.26
4958.46
4889.18
4716.27
4278.1
4051.2
4362.24
4385.01
4395.97
4412.39
4428.47
4446.05
4464.96
4484.09
4507.82
4525.58
4542.32
4558.08
4573
4587.24
4600.94
4614.21
4627.16
4639.85
4652.33
4664.64
4676.8
4688.82
4700.72
4712.48
4724.12
4735.63
4747.01
4758.26
4769.37
4780.34
4791.16
4801.83
4812.35
4822.7
4832.89
4836.2
4846.01
4855.63
4865.06
4874.29
4883.31
4892.12
4900.72
4909.08
4917.21
4925.1
4932.73
4940.11
4947.22
4954.05
4960.59
4973.91
4972.8
4978.45
4983.78
4988.79
4993.48
4997.83
5001.83
5005.49
5008.8
5011.75
5014.32
5016.51
5018.29
5019.64
5020.51
5020.82
5020.45
5019.19
5016.68
5012.26
5011.83
4998.96
4976.23
4933.96
4847.58
4633.45
4585.01
4140.95
4596.42
4552.14
4509.69
4487.77
4476.66
4474.46
4478.97
4487.71
4504.06
4516.63
4529.8
4543.12
4556.4
4569.52
4582.46
4595.2
4607.77
4620.18
4632.45
4644.59
4656.62
4668.54
4680.35
4692.06
4703.67
4715.18
4726.58
4737.87
4749.05
4760.12
4771.07
4781.89
4792.59
4803.15
4813.58
4823.86
4833.99
4843.96
4853.76
4856.65
4866.07
4875.3
4884.34
4893.16
4901.78
4910.17
4918.32
4926.23
4933.88
4941.27
4948.38
4955.2
4968.77
4967.95
4973.86
4979.43
4984.67
4989.56
4994.1
4998.27
5002.06
5005.46
5008.46
5011.04
5013.16
5014.81
5015.91
5016.39
5016.09
5014.77
5012.03
5007.14
5005.8
4991.32
4965.73
4918.35
4823.22
4602.91
4420.63
4244.82
4696.97
4634.33
4574.31
4535.19
4509.53
4500.92
4496.75
4499.15
4505.8
4515.1
4525.97
4537.71
4549.88
4562.24
4574.65
4587.01
4593.62
4611.51
4623.61
4635.62
4647.54
4659.36
4671.1
4682.74
4694.29
4705.76
4717.13
4728.4
4739.58
4750.66
4761.63
4772.49
4783.24
4793.87
4804.38
4814.75
4824.99
4835.09
4845.03
4854.81
4864.43
4867.1
4876.32
4885.35
4894.18
4902.79
4911.18
4919.34
4927.24
4934.89
4942.26
4949.36
4956.16
4962.66
4968.84
4974.69
4980.2
4985.37
4990.16
4994.59
4998.63
5002.26
5005.48
5008.26
5010.57
5012.38
5013.61
5014.19
5013.94
5012.63
5009.81
5004.7
5002.95
4987.74
4960.86
4911.48
4814.16
4605.58
4143.46
4248.25
4702.83
4639.94
4579.69
4540.4
4514.65
4495.85
4491.68
4494.05
4500.65
4509.89
4520.69
4532.36
4544.47
4556.76
4569.09
4581.39
4599.3
4605.76
4617.81
4629.76
4641.62
4653.39
4665.07
4676.66
4688.17
4699.58
4710.91
4722.14
4733.27
4744.3
4755.23
4766.06
4776.77
4787.36
4797.83
4808.17
4818.37
4828.44
4838.35
4848.1
4857.68
4873.87
4883.12
4892.18
4901.03
4909.67
4918.08
4926.26
4934.18
4941.85
4949.25
4956.36
4963.18
4969.69
4975.89
4981.75
4987.28
4992.45
4997.26
5001.69
5005.73
5009.38
5012.6
5015.38
5017.69
5019.5
5020.73
5021.3
5021.06
5019.73
5016.9
5011.77
4995.91
4980.75
4953.97
4904.74
4807.77
4599.98
4146.88
4138.24
4601.9
4557.42
4514.78
4492.77
4481.62
4479.43
4483.98
4492.78
4498.91
4511.41
4524.5
4537.75
4550.95
4564
4576.86
4589.54
4602.04
4614.39
4626.6
4638.69
4650.66
4662.52
4674.28
4685.94
4697.5
4708.96
4720.31
4731.56
4742.7
4753.73
4764.63
4775.42
4786.08
4796.6
4806.99
4817.24
4827.33
4837.27
4847.05
4863.39
4872.84
4882.1
4891.17
4900.02
4908.66
4917.07
4925.25
4933.18
4940.85
4948.25
4955.38
4962.22
4961.73
4975
4980.92
4986.51
4991.76
4996.66
5001.21
5005.38
5009.18
5012.59
5015.59
5018.17
5020.3
5021.94
5023.04
5023.51
5023.21
5021.88
5019.13
5014.21
4998.75
4984.32
4958.81
4911.6
4816.79
4608.55
4416.47
4051.2
4357.8
4389.5
4400.5
4417
4433.18
4450.87
4469.9
4489.14
4502.67
4520.32
4536.96
4552.64
4567.48
4581.64
4595.26
4608.47
4621.35
4633.97
4646.4
4658.65
4670.75
4682.72
4694.56
4706.28
4717.87
4729.33
4740.67
4751.87
4762.94
4773.86
4784.64
4795.28
4805.75
4816.07
4826.22
4842.9
4852.74
4862.38
4871.84
4881.1
4890.15
4898.99
4907.61
4916
4924.15
4932.06
4939.72
4947.11
4954.23
4961.08
4967.64
4966.85
4979.88
4985.54
4990.88
4995.91
5000.6
5004.95
5008.97
5012.63
5015.95
5018.89
5021.47
5023.66
5025.44
5026.79
5027.65
5027.96
5027.59
5026.32
5023.79
5019.35
5004.76
4991.94
4969.28
4927.15
4841.06
4639.21
4580.24
4104.76
4099.56
4239.54
4306.55
4357.45
4400.33
4433.82
4467.71
4497.47
4523.38
4545.96
4571.31
4589.16
4605.41
4620.47
4634.67
4648.25
4661.37
4674.16
4686.69
4699
4711.12
4723.08
4734.87
4746.5
4757.97
4769.28
4780.42
4791.4
4802.19
4812.81
4823.24
4833.48
4843.53
4853.38
4863.02
4872.46
4881.68
4890.68
4899.46
4908.01
4916.32
4924.39
4932.22
4939.79
4947.11
4954.16
4960.94
4967.45
4973.68
4979.63
4985.29
4990.66
4995.74
5000.51
5004.98
5009.15
5013.01
5016.56
5019.8
5022.73
5025.34
5027.64
5029.63
5031.29
5032.61
5033.59
5034.18
5034.33
5033.94
5032.85
5030.75
5027.12
5013.89
5003.49
4985.26
4951.57
4882.52
4710.23
4274.09
4096.36
3980.97
4093.08
4193.31
4269.32
4318.45
4345.8
4340.89
4395.86
4399.22
4401.57
4404.17
4406.93
4409.94
4413.26
4416.89
4420.83
4425.05
4429.53
4439.26
4444.26
4449.51
4454.99
4460.71
4466.69
4472.91
4479.39
4486.14
4493.15
4500.44
4508
4515.83
4523.95
4532.34
4541.02
4549.97
4559.2
4568.71
4578.5
4588.55
4598.87
4609.44
4620.28
4631.36
4642.68
4654.23
4666
4677.99
4690.18
4702.56
4715.11
4727.83
4740.7
4753.7
4766.83
4780.05
4793.37
4806.76
4820.2
4833.68
4847.19
4860.71
4874.22
4887.71
4901.18
4914.62
4928.01
4941.38
4954.71
4968.03
4981.36
4994.71
5008.06
5021.24
5033.68
5043.51
5045.12
5021.2
4905.94
4386.79
4132.45
4114.75
4032.72
4109.63
4191.7
4260.08
4306.38
4333.96
4349.03
4354.72
4347.23
4221.55
4216.39
4317.05
4345.18
4358.48
4367.25
4374.3
4380.64
4386.71
4392.71
4398.78
4404.97
4411.34
4417.91
4424.71
4431.75
4439.04
4446.61
4454.45
4462.57
4476.1
4484.84
4493.88
4503.21
4512.85
4522.79
4533.03
4543.57
4554.41
4565.54
4576.96
4588.66
4600.64
4612.9
4625.41
4638.18
4651.19
4664.43
4677.9
4691.57
4705.43
4719.47
4733.67
4748.01
4762.48
4777.06
4791.72
4806.46
4821.25
4836.07
4850.9
4865.73
4880.53
4895.3
4910.01
4924.65
4939.22
4953.7
4968.08
4975.43
4989.47
5003.22
5016.31
5027.85
5035.31
5031.61
4994.26
4824.58
4126.52
4129.57
4329.36
4241.44
4121.21
4115.81
4244.53
4303.35
4322.6
4327.83
4328.49
4331.83
4328.78
4319.5
4280.67
4085.33
4254.05
4314.76
4334.63
4345.42
4353.45
4360.49
4367.2
4373.85
4380.58
4387.48
4394.59
4401.93
4409.54
4417.42
4425.58
4434.04
4442.8
4451.88
4466.31
4476.05
4486.11
4496.5
4507.2
4518.23
4529.58
4541.25
4553.23
4565.51
4578.11
4590.99
4604.17
4617.63
4631.36
4645.34
4659.57
4674.04
4688.72
4703.6
4718.66
4733.9
4749.28
4764.78
4780.4
4796.1
4811.86
4827.67
4843.5
4859.32
4875.13
4890.89
4906.6
4922.22
4937.75
4953.15
4968.41
4983.47
4998.25
5005.54
5018.89
5030.21
5036.6
5030.06
4985.65
4806.87
4284.7
4095.24
4467.34
4414.18
4352.26
4158.48
4295.19
4330.11
4326.59
4321.11
4317.19
4319.44
4318.8
4319.12
4319.35
4314.27
4171.9
4305.75
4327.45
4335.26
4341.45
4347.4
4353.45
4359.7
4366.19
4377.58
4384.65
4392.01
4399.67
4407.63
4415.91
4424.5
4433.42
4442.66
4452.23
4462.14
4472.38
4482.96
4493.87
4505.12
4516.7
4528.62
4540.86
4553.43
4566.32
4579.52
4593.02
4606.82
4620.91
4635.27
4649.89
4664.76
4679.86
4695.18
4710.7
4726.4
4742.25
4758.25
4774.37
4790.58
4806.87
4823.21
4839.58
4855.95
4872.3
4888.62
4904.88
4921.05
4937.13
4953.07
4968.85
4984.41
4999.66
5014.38
5028.09
5039.63
5045.99
5039.01
4994.64
4828.19
4363.96
4097.65
4462.35
4409.36
4347.69
4162.21
4299.52
4334.57
4331.02
4325.51
4321.57
4315.08
4314.44
4314.76
4314.99
4309.93
4168.22
4310.07
4331.87
4339.72
4345.93
4351.92
4358
4364.28
4370.8
4372.95
4379.98
4387.31
4394.93
4402.86
4411.1
4419.65
4428.53
4437.73
4447.26
4457.13
4467.32
4477.85
4488.72
4499.92
4511.46
4523.33
4535.52
4548.04
4560.88
4574.02
4587.48
4601.22
4615.26
4629.56
4644.13
4658.94
4673.99
4689.25
4704.71
4720.35
4736.15
4752.09
4768.15
4784.31
4800.54
4816.82
4833.13
4849.45
4865.75
4882.01
4898.22
4914.34
4930.36
4946.25
4961.98
4977.49
4992.69
5007.36
5021.02
5032.52
5038.85
5031.89
4987.65
4834.66
4359.46
4129.57
4333.74
4245.48
4124.68
4119.33
4248.63
4307.69
4327.02
4332.27
4332.93
4327.39
4324.36
4315.12
4276.45
4082.06
4258.16
4319.15
4339.1
4349.95
4358.01
4365.09
4371.82
4378.51
4385.27
4392.2
4399.34
4406.72
4414.36
4422.27
4430.47
4438.97
4447.77
4456.88
4461.26
4470.96
4480.99
4491.33
4501.99
4512.97
4524.27
4535.89
4547.82
4560.06
4572.61
4585.45
4598.57
4611.98
4625.65
4639.59
4653.76
4668.17
4682.8
4697.63
4712.64
4727.82
4743.14
4758.6
4774.15
4789.8
4805.51
4821.26
4837.04
4852.81
4868.56
4884.28
4899.93
4915.5
4930.97
4946.33
4961.53
4976.55
4991.28
5012.56
5025.95
5037.31
5043.73
5037.18
4992.64
4813.29
4280.32
4132.45
4114.75
4032.72
4112.99
4195.5
4264.22
4310.74
4338.44
4353.59
4359.3
4342.69
4217.56
4220.38
4321.48
4349.74
4363.09
4371.9
4378.99
4385.36
4391.45
4397.48
4403.58
4409.8
4416.19
4422.79
4429.62
4436.69
4444.02
4451.62
4459.49
4467.65
4470.98
4479.69
4488.69
4497.99
4507.59
4517.49
4527.69
4538.19
4548.98
4560.07
4571.45
4583.1
4595.04
4607.25
4619.71
4632.43
4645.4
4658.59
4672.01
4685.63
4699.44
4713.43
4727.58
4741.87
4756.29
4770.81
4785.43
4800.12
4814.86
4829.63
4844.41
4859.19
4873.94
4888.66
4903.32
4917.92
4932.44
4946.87
4961.21
4982.35
4996.44
5010.23
5023.37
5034.95
5042.44
5038.74
5001.27
4831.07
4122.41
4099.24
3980.97
4095.9
4196.91
4273.41
4322.83
4350.34
4345.44
4400.65
4404.02
4406.39
4409.01
4411.79
4414.82
4418.15
4421.8
4425.75
4429.99
4434.5
4434.27
4439.25
4444.47
4449.93
4455.63
4461.58
4467.78
4474.23
4480.95
4487.93
4495.19
4502.72
4510.52
4518.61
4526.97
4535.61
4544.53
4553.73
4563.2
4572.94
4582.96
4593.24
4603.78
4614.57
4625.61
4636.89
4648.4
4660.13
4672.08
4684.22
4696.56
4709.07
4721.74
4734.57
4747.53
4760.6
4773.79
4787.06
4800.4
4813.8
4827.24
4840.7
4854.17
4867.64
4881.09
4894.52
4907.91
4921.26
4934.58
4947.87
4961.15
4974.44
4987.75
5001.05
5014.19
5026.59
5036.38
5037.98
5014.13
4899.24
4381.95
3968.51
3930.78
3919.21
3921.94
3933.45
3941.99
3947.76
3953.22
3955.62
3957.24
3958.45
3957.64
3958.61
3959.59
3960.59
3961.63
3962.7
3963.77
3964.8
3965.69
3966.19
3965.54
3961.46
3956.19
3970.04
3976.17
3979.77
3982.62
3985.27
3987.92
3990.67
3993.56
3996.61
3999.87
4003.35
4007.07
4011.06
4015.34
4019.94
4024.89
4030.22
4035.96
4042.15
4048.82
4053.57
4061.29
4069.63
4078.65
4088.41
4098.97
4110.4
4122.78
4136.18
4150.69
4166.41
4183.42
4201.84
4221.76
4243.3
4270.42
4291.64
4318.64
4347.66
4383.23
4416.63
4452.2
4489.92
4529.72
4571.52
4615.17
4660.51
4707.45
4756.01
4806.5
4859.76
4917.01
4978.29
5033.51
5013.19
4583.89
4089.37
3956.95
3921.39
3922.01
3932.43
3937.7
3940.53
3942.24
3945.11
3944.38
3945.28
3946.18
3947.12
3948.11
3949.14
3950.23
3951.36
3952.52
3953.73
3954.97
3956.23
3957.51
3958.79
3960.03
3961.17
3962.07
3962.45
3961.83
3959.71
3964.99
3972.33
3976.98
3980.8
3984.28
3987.69
3991.18
3994.83
3998.69
4002.8
4007.22
4011.96
4017.07
4022.58
4028.54
4034.98
4041.96
4049.53
4057.74
4066.65
4076.34
4086.88
4098.35
4110.83
4124.43
4139.25
4155.4
4173
4192.18
4213.07
4235.82
4260.57
4287.45
4312.53
4343.94
4377.87
4414.39
4453.57
4495.39
4539.81
4586.71
4635.91
4687.21
4740.42
4795.46
4852.41
4911.21
4969.66
5012.43
4923.02
4565.66
4040.58
4004.29
3944.59
3925.28
3938.25
3940.01
3939.71
3939.35
3940.92
3939.51
3939.99
3940.68
3941.5
3942.44
3943.45
3944.53
3945.66
3946.83
3948.05
3949.31
3950.6
3951.94
3953.32
3954.74
3956.19
3957.66
3959.13
3960.54
3961.77
3962.52
3962.34
3964.07
3970.5
3974.95
3978.71
3982.2
3985.68
3989.29
3993.09
3997.15
4001.5
4006.19
4011.26
4016.73
4022.67
4029.11
4036.11
4043.73
4052.02
4061.06
4070.92
4081.69
4093.46
4106.33
4120.42
4135.83
4152.72
4171.21
4191.46
4213.63
4237.9
4264.44
4289.47
4320.9
4355.09
4392.19
4432.3
4475.47
4521.69
4570.86
4622.8
4677.25
4733.88
4792.39
4852.56
4913.95
4973.91
5015.11
4900.9
4645.94
4040.29
4027.03
3973.22
3925.48
3946.92
3943.42
3940.55
3938.84
3939.63
3937.79
3938.03
3938.58
3939.32
3940.22
3941.21
3942.28
3943.4
3944.58
3945.8
3947.06
3948.36
3949.71
3951.11
3952.56
3954.07
3955.64
3957.28
3958.99
3960.76
3962.55
3964.22
3964.92
3966.41
3972.46
3975.9
3978.97
3982.11
3985.44
3989
3992.83
3996.96
4001.42
4006.24
4011.48
4017.16
4023.33
4030.05
4037.37
4045.36
4054.07
4063.6
4074.03
4082.84
4095.25
4108.86
4123.8
4140.19
4158.2
4177.98
4199.71
4223.57
4249.75
4282.33
4309.85
4348.4
4385.96
4426.72
4470.78
4518.14
4568.72
4622.35
4678.75
4737.54
4798.38
4861
4918.44
4981.83
5030.83
4978.26
4657.31
4038.17
4024.78
3971.34
3926.9
3948.67
3945.15
3942.25
3940.5
3938
3939.4
3939.62
3940.15
3940.89
3941.78
3942.77
3943.83
3944.95
3946.13
3947.34
3948.6
3949.9
3951.25
3952.65
3954.11
3955.62
3957.2
3958.84
3960.55
3962.32
3964.12
3965.76
3966.37
3965.17
3970.91
3974.26
3977.3
3980.41
3983.71
3987.23
3991.03
3995.12
3999.54
4004.32
4009.51
4015.14
4021.26
4027.92
4035.18
4043.09
4051.74
4061.18
4071.52
4085.44
4097.94
4111.65
4126.7
4143.21
4161.34
4181.26
4203.13
4227.13
4253.47
4278.44
4313.91
4344.15
4381.52
4422.08
4465.93
4513.07
4563.43
4616.84
4673
4731.56
4792.16
4854.55
4925.12
4988.73
5037.92
4985.22
4651.51
4042.89
4006.35
3946.09
3926.73
3939.88
3941.68
3941.38
3941.01
3939.27
3941.14
3941.61
3942.29
3943.11
3944.04
3945.05
3946.12
3947.25
3948.42
3949.63
3950.89
3952.19
3953.52
3954.9
3956.32
3957.77
3959.24
3960.7
3962.1
3963.29
3963.99
3963.68
3965.25
3969.09
3973.4
3977.07
3980.51
3983.94
3987.51
3991.28
3995.3
3999.61
4004.26
4009.27
4014.7
4020.59
4026.97
4033.91
4041.46
4049.68
4058.65
4068.43
4079.12
4090.8
4103.57
4117.55
4132.86
4149.62
4167.99
4188.11
4210.14
4234.27
4260.65
4289.47
4325.02
4359.4
4396.69
4437
4480.37
4526.8
4576.19
4628.35
4683.02
4739.87
4798.61
4859
4920.61
4980.8
5022.15
4907.66
4640.13
4089.37
3956.95
3921.39
3923.35
3933.94
3939.3
3942.18
3943.91
3943.42
3946.08
3946.97
3947.87
3948.81
3949.8
3950.83
3951.91
3953.04
3954.21
3955.41
3956.64
3957.91
3959.18
3960.46
3961.69
3962.81
3963.69
3964.02
3963.3
3960.99
3966.36
3970.77
3975.31
3979.06
3982.5
3985.87
3989.32
3992.93
3996.76
4000.84
4005.22
4009.92
4014.99
4020.45
4026.36
4032.75
4039.67
4047.17
4055.32
4064.16
4073.78
4084.24
4095.62
4108.01
4121.51
4136.23
4152.27
4169.75
4188.81
4209.57
4232.18
4256.78
4283.52
4316.62
4348.2
4382.3
4419.01
4458.37
4500.39
4545.01
4592.1
4641.51
4693.02
4746.44
4801.69
4858.85
4917.87
4976.53
5019.46
4929.84
4559.99
3968.51
3930.37
3919.21
3923.08
3934.86
3943.58
3949.45
3951.46
3953.82
3955.41
3958.45
3959.48
3960.46
3961.44
3962.44
3963.48
3964.55
3965.62
3966.65
3967.53
3968.01
3967.31
3963.08
3957.59
3968.33
3974.34
3977.89
3980.7
3983.33
3985.97
3988.7
3991.56
3994.6
3997.83
4001.29
4004.98
4008.94
4013.19
4017.76
4022.67
4027.96
4033.65
4039.79
4046.42
4056.03
4063.81
4072.22
4081.31
4091.14
4101.77
4113.28
4125.75
4139.24
4153.85
4169.67
4186.79
4205.32
4225.37
4247.03
4266.56
4291.64
4322.79
4351.96
4378.77
4412.01
4447.41
4484.96
4524.59
4566.2
4609.66
4654.83
4701.58
4749.95
4800.25
4853.31
4910.36
4971.41
5026.44
5020.25
4578.14
3930.3
3882.87
3881.17
3886.37
3888.34
3889.37
3890.6
3892.01
3893.73
3895.67
3897.78
3900.02
3902.36
3904.77
3907.24
3909.75
3912.29
3914.85
3917.43
3920.01
3922.6
3925.18
3927.76
3930.32
3932.85
3935.36
3937.82
3940.23
3942.56
3944.79
3946.89
3948.81
3950.46
3951.74
3952.47
3952.41
3951.31
3949
3946.15
3952.82
3959.47
3965.07
3969.64
3973.39
3976.53
3979.22
3981.55
3983.6
3985.41
3986.99
3988.35
3989.5
3990.41
3991.08
3991.47
3991.57
3991.32
3990.69
3989.6
3988
3994.65
4004.1
4015.12
4028.04
4043.25
4061.22
4082.51
4107.79
4137.88
4173.69
4216.27
4266.76
4322.34
4392.08
4473.93
4570.74
4688.65
4845.3
5011.86
4953.73
4001.11
3893.52
3878.56
3881.04
3884.84
3887.69
3890.11
3892.4
3894.59
3896.77
3898.98
3901.24
3903.54
3905.9
3908.3
3910.73
3913.2
3915.68
3918.19
3920.7
3923.22
3925.74
3928.26
3930.76
3933.25
3935.71
3938.14
3940.54
3942.88
3945.17
3947.39
3949.52
3951.54
3953.42
3955.14
3956.66
3957.92
3958.87
3959.44
3959.57
3959.18
3958.27
3957.22
3955.16
3959.52
3964.74
3969.6
3973.97
3977.82
3981.16
3984.02
3986.45
3988.48
3990.14
3991.44
3992.37
3992.94
3993.1
3992.82
3992.04
3990.69
3991.29
4000.5
4011.48
4024.61
4040.38
4059.41
4082.46
4110.46
4144.57
4186.14
4236.76
4294.26
4367.79
4455.45
4558.59
4678.41
4809.76
4752.97
4949.07
4005.1
3920.24
3885.36
3877.08
3880.42
3885.16
3888.93
3892.01
3894.58
3897.02
3899.37
3901.7
3904.04
3906.41
3908.81
3911.24
3913.71
3916.2
3918.7
3921.23
3923.76
3926.3
3928.85
3931.39
3933.92
3936.44
3938.94
3941.42
3943.87
3946.28
3948.65
3950.96
3953.2
3955.35
3957.4
3959.31
3961.06
3962.59
3963.85
3964.76
3965.22
3965.13
3964.38
3962.93
3960.83
3958.31
3963.83
3969.5
3974.58
3978.98
3982.71
3985.83
3988.42
3990.55
3992.25
3993.55
3994.46
3994.96
3995.04
3994.64
3993.7
3992.14
3992.4
4002.3
4014.25
4028.76
4046.44
4068.1
4094.76
4127.67
4168.37
4218.69
4280.65
4352.05
4442.53
4549.16
4671.22
4789.07
4156.77
4979.36
4040.24
3937.2
3893.23
3878.31
3877.07
3883.32
3887.83
3891.37
3894.29
3896.9
3899.35
3901.71
3904.09
3906.48
3908.91
3911.36
3913.85
3916.36
3918.89
3921.45
3924.02
3926.6
3929.19
3931.79
3934.39
3936.98
3939.57
3942.15
3944.72
3947.28
3949.81
3952.32
3954.8
3957.25
3959.66
3962.01
3964.3
3966.51
3968.61
3970.56
3972.28
3973.61
3974.27
3973.62
3970.41
3963.23
3965.77
3976.16
3982.8
3987.04
3990.01
3992.26
3994.04
3995.47
3996.61
3997.46
3998.02
3998.26
3998.14
3997.6
3996.58
3994.97
3992.67
3997.31
4008.94
4023.07
4040.35
4061.6
4087.88
4120.52
4161.16
4211.77
4274.57
4347.65
4440.9
4552.13
4683.11
4828.2
4936.6
4966.68
4037.95
3936.05
3892.4
3879.11
3877.07
3883.32
3887.83
3891.37
3894.29
3896.9
3899.35
3901.71
3904.09
3906.48
3908.91
3911.36
3913.85
3916.36
3918.89
3921.45
3924.02
3926.6
3929.19
3931.79
3934.39
3936.98
3939.57
3942.15
3944.72
3947.28
3949.81
3952.32
3954.8
3957.25
3959.66
3962.01
3964.3
3966.51
3968.61
3970.56
3972.28
3973.61
3974.27
3973.62
3970.41
3963.23
3965.77
3976.16
3982.8
3987.04
3990.01
3992.26
3994.04
3995.47
3996.61
3997.46
3998.02
3998.26
3998.14
3997.6
3996.58
3994.97
3992.67
3995.87
4007.35
4021.31
4038.39
4059.43
4085.47
4117.83
4158.16
4208.41
4270.82
4351.84
4445.58
4557.33
4688.88
4834.55
4929.83
4959.79
4002.89
3919.17
3885.36
3877.08
3880.42
3885.16
3888.93
3892.01
3894.58
3897.02
3899.37
3901.7
3904.04
3906.41
3908.81
3911.24
3913.71
3916.2
3918.7
3921.23
3923.76
3926.3
3928.85
3931.39
3933.92
3936.44
3938.94
3941.42
3943.87
3946.28
3948.65
3950.96
3953.2
3955.35
3957.4
3959.31
3961.06
3962.59
3963.85
3964.76
3965.22
3965.13
3964.38
3962.93
3960.83
3958.62
3963.83
3969.5
3974.58
3978.98
3982.71
3985.83
3988.42
3990.55
3992.25
3993.55
3994.46
3994.96
3995.04
3994.64
3993.7
3992.14
3991.03
4000.8
4012.6
4026.93
4044.43
4065.87
4092.29
4124.92
4165.31
4215.28
4276.85
4356.27
4447.22
4554.36
4676.95
4795.31
4152.14
4972.42
4003.64
3894.51
3878.03
3881.04
3884.84
3887.69
3890.11
3892.4
3894.59
3896.77
3898.98
3901.24
3903.54
3905.9
3908.3
3910.73
3913.2
3915.68
3918.19
3920.7
3923.22
3925.74
3928.26
3930.76
3933.25
3935.71
3938.14
3940.54
3942.88
3945.17
3947.39
3949.52
3951.54
3953.42
3955.14
3956.66
3957.92
3958.87
3959.44
3959.57
3959.18
3958.27
3957.22
3955.52
3959.52
3964.74
3969.6
3973.97
3977.82
3981.16
3984.02
3986.45
3988.48
3990.14
3991.44
3992.37
3992.94
3993.1
3992.82
3992.04
3990.69
3989.92
3999
4009.84
4022.82
4038.42
4057.25
4080.09
4107.85
4141.68
4182.95
4233.23
4294.26
4372.1
4460.2
4563.83
4684.16
4816.04
4759.26
4942.19
3930.3
3882.87
3881.17
3886.37
3888.34
3889.37
3890.6
3892.01
3893.73
3895.67
3897.78
3900.02
3902.36
3904.77
3907.24
3909.75
3912.29
3914.85
3917.43
3920.01
3922.6
3925.18
3927.76
3930.32
3932.85
3935.36
3937.82
3940.23
3942.56
3944.79
3946.89
3948.81
3950.46
3951.74
3952.47
3952.41
3951.31
3949
3945.71
3952.82
3959.47
3965.07
3969.64
3973.39
3976.53
3979.22
3981.55
3983.6
3985.41
3986.99
3988.35
3989.5
3990.41
3991.08
3991.47
3991.57
3991.32
3990.69
3989.6
3988
3993.16
4002.49
4013.39
4026.17
4041.22
4059.01
4080.1
4105.18
4135.02
4170.57
4212.86
4263.04
4326.4
4396.51
4478.77
4576.02
4694.43
4838.93
5004.88
4946.88
3877.58
3856.15
3854.67
3857.14
3858.64
3859.74
3860.92
3862.19
3863.5
3864.71
3865.55
3866.6
3869.57
3872.55
3875.31
3877.98
3880.62
3883.29
3885.98
3888.71
3891.48
3894.28
3897.11
3899.98
3902.88
3905.8
3908.74
3911.71
3914.69
3917.68
3920.67
3923.68
3926.68
3929.69
3932.68
3935.68
3938.66
3941.62
3944.57
3947.5
3950.41
3953.3
3956.16
3958.99
3961.79
3964.56
3967.29
3969.99
3972.64
3975.26
3977.84
3980.38
3982.88
3985.33
3987.73
3990.09
3992.41
3994.67
3996.89
3999.06
4001.17
4003.23
4005.23
4007.16
4009.02
4010.78
4012.42
4013.9
4015.16
4016.08
4016.49
4016.06
4014.23
4009.9
4000.9
4034.35
4114.39
4292.66
4731.34
3851.18
3877.78
3858.11
3851
3853.21
3856.67
3859.28
3861.33
3863.12
3864.84
3866.59
3868.38
3870.2
3872.03
3873.82
3875.48
3876.95
3878.18
3880.01
3883.82
3887.46
3890.89
3894.15
3897.29
3900.37
3903.4
3906.42
3909.42
3912.42
3915.42
3918.43
3921.42
3924.42
3927.42
3930.4
3933.38
3936.35
3939.31
3942.25
3945.17
3948.07
3950.96
3953.81
3956.64
3959.44
3962.21
3964.95
3967.65
3970.32
3972.95
3975.55
3978.1
3980.62
3983.1
3985.53
3987.93
3990.28
3992.59
3994.86
3997.08
3999.27
4001.41
4003.51
4005.56
4007.56
4009.51
4011.37
4013.15
4014.78
4016.22
4017.33
4017.91
4017.58
4015.66
4010.84
4000.55
4037.83
4127.25
4323.7
4776.61
5023.98
3950.59
3891.42
3864.79
3855.85
3853.26
3857.77
3861.04
3863.46
3865.6
3867.6
3869.57
3871.57
3873.63
3875.74
3877.91
3880.13
3882.35
3884.56
3886.68
3888.6
3890.18
3891.24
3892.92
3897.6
3901.86
3905.66
3909.12
3912.38
3915.53
3918.61
3921.65
3924.67
3927.66
3930.64
3933.6
3936.55
3939.49
3942.4
3945.3
3948.17
3951.02
3953.84
3956.64
3959.41
3962.15
3964.85
3967.53
3970.16
3972.76
3975.32
3977.85
3980.33
3982.77
3985.17
3987.54
3989.86
3992.13
3994.37
3996.57
3998.73
4000.84
4002.91
4004.94
4006.92
4008.84
4010.7
4012.46
4014.09
4015.51
4016.6
4017.12
4016.67
4014.46
4009.09
3998.2
4033.36
4104.32
4242.97
4711.77
4918.48
3986.71
3908.55
3873.23
3859.69
3852.83
3856.46
3860.45
3863.4
3865.82
3867.99
3870.06
3872.1
3874.21
3876.39
3878.64
3880.96
3883.35
3885.81
3888.31
3890.86
3893.43
3895.99
3898.45
3900.51
3901.02
3902.47
3908.7
3912.57
3915.8
3918.86
3921.84
3924.8
3927.75
3930.69
3933.61
3936.52
3939.42
3942.31
3945.17
3948.02
3950.84
3953.64
3956.42
3959.16
3961.87
3964.55
3967.2
3969.81
3972.38
3974.92
3977.41
3979.87
3982.29
3984.66
3986.99
3989.28
3991.53
3993.74
3995.9
3998.03
4000.11
4002.15
4004.15
4006.11
4008.02
4009.88
4011.66
4013.35
4014.89
4016.19
4017.09
4017.27
4016.06
4012.1
4002.65
4019.33
4045.84
4236.34
4485.62
4910.92
3985.47
3908.12
3872.94
3860.07
3853.27
3856.46
3860.45
3863.4
3865.82
3867.99
3870.06
3872.1
3874.21
3876.39
3878.64
3880.96
3883.35
3885.81
3888.31
3890.86
3893.43
3895.99
3898.45
3900.51
3901.02
3902.47
3908.7
3912.57
3915.8
3918.86
3921.84
3924.8
3927.75
3930.69
3933.61
3936.52
3939.42
3942.31
3945.17
3948.02
3950.84
3953.64
3956.42
3959.16
3961.87
3964.55
3967.2
3969.81
3972.38
3974.92
3977.41
3979.87
3982.29
3984.66
3986.99
3989.28
3991.53
3993.74
3995.9
3998.03
4000.11
4002.15
4004.15
4006.11
4008.02
4009.88
4011.66
4013.35
4014.89
4016.19
4017.09
4017.27
4016.06
4012.1
4002.65
4020.75
4047.83
4236.31
4480.55
4917.46
3949.41
3891.02
3865.08
3856.22
3853.26
3857.77
3861.04
3863.46
3865.6
3867.6
3869.57
3871.57
3873.63
3875.74
3877.91
3880.13
3882.35
3884.56
3886.68
3888.6
3890.18
3891.24
3892.92
3897.6
3901.86
3905.66
3909.12
3912.38
3915.53
3918.61
3921.65
3924.67
3927.66
3930.64
3933.6
3936.55
3939.49
3942.4
3945.3
3948.17
3951.02
3953.84
3956.64
3959.41
3962.15
3964.85
3967.53
3970.16
3972.76
3975.32
3977.85
3980.33
3982.77
3985.17
3987.54
3989.86
3992.13
3994.37
3996.57
3998.73
4000.84
4002.91
4004.94
4006.92
4008.84
4010.7
4012.46
4014.09
4015.51
4016.6
4017.12
4016.67
4014.46
4009.09
3998.2
4035.01
4106.76
4242.98
4717.73
4925.25
3877.78
3857.78
3851.31
3853.21
3856.67
3859.28
3861.33
3863.12
3864.84
3866.59
3868.38
3870.2
3872.03
3873.82
3875.48
3876.95
3878.18
3880.01
3883.82
3887.46
3890.89
3894.15
3897.29
3900.37
3903.4
3906.42
3909.42
3912.42
3915.42
3918.43
3921.42
3924.42
3927.42
3930.4
3933.38
3936.35
3939.31
3942.25
3945.17
3948.07
3950.96
3953.81
3956.64
3959.44
3962.21
3964.95
3967.65
3970.32
3972.95
3975.55
3978.1
3980.62
3983.1
3985.53
3987.93
3990.28
3992.59
3994.86
3997.08
3999.27
4001.41
4003.51
4005.56
4007.56
4009.51
4011.37
4013.15
4014.78
4016.22
4017.33
4017.91
4017.58
4015.66
4010.84
4000.55
4036.06
4124.6
4323.69
4782.74
5031.04
3877.58
3856.15
3854.67
3857.14
3858.64
3859.74
3860.92
3862.19
3863.5
3864.71
3865.55
3866.22
3869.57
3872.55
3875.31
3877.98
3880.62
3883.29
3885.98
3888.71
3891.48
3894.28
3897.11
3899.98
3902.88
3905.8
3908.74
3911.71
3914.69
3917.68
3920.67
3923.68
3926.68
3929.69
3932.68
3935.68
3938.66
3941.62
3944.57
3947.5
3950.41
3953.3
3956.16
3958.99
3961.79
3964.56
3967.29
3969.99
3972.64
3975.26
3977.84
3980.38
3982.88
3985.33
3987.73
3990.09
3992.41
3994.67
3996.89
3999.06
4001.17
4003.23
4005.23
4007.16
4009.02
4010.78
4012.42
4013.9
4015.16
4016.08
4016.49
4016.06
4014.23
4009.9
4000.9
4032.59
4111.82
4288.84
4725.42
3848.55
)
;

boundaryField
{
    left
    {
        type            zeroGradient;
    }
    right
    {
        type            zeroGradient;
    }
    back
    {
        type            zeroGradient;
    }
    front
    {
        type            zeroGradient;
    }
    top
    {
        type            zeroGradient;
    }
    bottom
    {
        type            zeroGradient;
    }
}


// ************************************************************************* //
