/*--------------------------------*- C++ -*----------------------------------*\
| =========                 |                                                 |
| \\      /  F ield         | foam-extend: Open Source CFD                    |
|  \\    /   O peration     | Version:     4.1                                |
|   \\  /    A nd           | Web:         http://www.foam-extend.org         |
|    \\/     M anipulation  |                                                 |
\*---------------------------------------------------------------------------*/
FoamFile
{
    version     2.0;
    format      ascii;
    class       volScalarField;
    location    "0.199";
    object      p;
}
// * * * * * * * * * * * * * * * * * * * * * * * * * * * * * * * * * * * * * //

dimensions      [1 -1 -2 0 0 0 0];

internalField   nonuniform List<scalar> 
5120
(
-412.126
-322.109
-309.884
-303.937
-298.424
-292.772
-286.641
-280.022
-273.024
-265.768
-258.361
-250.886
-243.407
-235.968
-228.601
-221.327
-214.16
-207.109
-200.179
-193.373
-186.694
-180.142
-173.718
-167.42
-161.25
-155.206
-149.287
-143.494
-137.826
-132.281
-126.859
-121.56
-116.382
-111.325
-106.388
-101.571
-96.872
-92.2913
-87.8278
-83.481
-79.25
-75.1342
-71.1329
-67.2454
-63.4712
-59.8096
-56.26
-52.8217
-49.4941
-46.2768
-43.1691
-40.1704
-37.2803
-34.4982
-31.8236
-29.256
-26.7949
-24.4398
-22.1904
-20.046
-18.0064
-16.0711
-14.2396
-12.5115
-10.8866
-9.36426
-7.94425
-6.62612
-5.40946
-4.29382
-3.27874
-2.36372
-1.54826
-0.83198
-0.214854
0.30231
0.717258
1.02301
1.22759
1.30739
-429.364
-339.274
-323.65
-314.551
-305.32
-296.837
-288.751
-280.817
-272.964
-265.175
-257.447
-249.792
-242.22
-234.745
-227.375
-220.118
-212.979
-205.963
-199.071
-192.304
-185.664
-179.15
-172.762
-166.5
-160.364
-154.353
-148.467
-142.704
-137.064
-131.548
-126.153
-120.879
-115.726
-110.693
-105.779
-100.984
-96.3063
-91.7461
-87.3025
-82.9748
-78.7623
-74.6643
-70.6803
-66.8096
-63.0515
-59.4056
-55.8711
-52.4474
-49.134
-45.9304
-42.836
-39.8501
-36.9724
-34.2023
-31.5392
-28.9828
-26.5325
-24.1878
-21.9483
-19.8136
-17.7832
-15.8567
-14.0337
-12.3138
-10.6966
-9.18172
-7.76879
-6.45743
-5.24728
-4.13799
-3.12925
-2.22085
-1.41274
-0.705258
-0.0994378
0.40263
0.797167
1.07573
1.25201
1.32011
-449.674
-349.083
-331.814
-321.627
-310.823
-300.804
-291.477
-282.616
-274.107
-265.871
-257.849
-250.004
-242.314
-234.767
-227.355
-220.074
-212.924
-205.903
-199.01
-192.245
-185.607
-179.096
-172.712
-166.454
-160.322
-154.314
-148.43
-142.67
-137.033
-131.518
-126.125
-120.852
-115.701
-110.668
-105.755
-100.96
-96.283
-91.7229
-87.2791
-82.9511
-78.7382
-74.6397
-70.655
-66.7835
-63.0246
-59.3777
-55.8421
-52.4174
-49.1028
-45.898
-42.8023
-39.8151
-36.9361
-34.1646
-31.5002
-28.9423
-26.4906
-24.1445
-21.9036
-19.7675
-17.7357
-15.8079
-13.9835
-12.2623
-10.6438
-9.1277
-7.71358
-6.40113
-5.19002
-4.08001
-3.07095
-2.16282
-1.35593
-0.651022
-0.0496131
0.445738
0.830859
1.09756
1.26141
1.32312
-458.606
-352.139
-334.628
-324.434
-313.254
-302.705
-292.866
-283.579
-274.745
-266.275
-258.092
-250.139
-242.38
-234.79
-227.351
-220.056
-212.897
-205.872
-198.978
-192.213
-185.576
-179.067
-172.685
-166.428
-160.297
-154.291
-148.409
-142.65
-137.014
-131.5
-126.108
-120.836
-115.685
-110.653
-105.741
-100.946
-96.2691
-91.7091
-87.2654
-82.9374
-78.7244
-74.6258
-70.6409
-66.7691
-63.0099
-59.3627
-55.8268
-52.4016
-49.0866
-45.8813
-42.7851
-39.7975
-36.9179
-34.1459
-31.481
-28.9226
-26.4703
-24.1236
-21.8822
-19.7455
-17.7132
-15.7848
-13.9599
-12.2381
-10.6191
-9.10248
-7.68789
-6.37502
-5.1636
-4.05342
-3.04442
-2.1367
-1.33071
-0.627345
-0.0282572
0.463952
0.845166
1.10756
1.26752
1.32784
-458.606
-352.139
-334.628
-324.434
-313.254
-302.705
-292.866
-283.579
-274.745
-266.275
-258.092
-250.139
-242.38
-234.79
-227.351
-220.056
-212.897
-205.872
-198.978
-192.213
-185.576
-179.067
-172.685
-166.428
-160.297
-154.291
-148.409
-142.65
-137.014
-131.5
-126.108
-120.836
-115.685
-110.653
-105.741
-100.946
-96.2691
-91.7091
-87.2654
-82.9374
-78.7244
-74.6258
-70.6409
-66.7691
-63.0099
-59.3627
-55.8268
-52.4016
-49.0866
-45.8813
-42.7851
-39.7975
-36.9179
-34.1459
-31.481
-28.9226
-26.4703
-24.1236
-21.8822
-19.7455
-17.7132
-15.7848
-13.9599
-12.2381
-10.6191
-9.10248
-7.68789
-6.37502
-5.1636
-4.05343
-3.04442
-2.1367
-1.33071
-0.627344
-0.0282565
0.463953
0.845166
1.10756
1.26752
1.32784
-449.674
-349.083
-331.814
-321.627
-310.823
-300.804
-291.477
-282.616
-274.107
-265.871
-257.849
-250.004
-242.314
-234.767
-227.355
-220.074
-212.924
-205.903
-199.01
-192.245
-185.607
-179.096
-172.712
-166.454
-160.322
-154.314
-148.43
-142.67
-137.033
-131.518
-126.125
-120.852
-115.701
-110.668
-105.755
-100.96
-96.283
-91.7229
-87.2791
-82.9511
-78.7382
-74.6397
-70.655
-66.7835
-63.0246
-59.3777
-55.8421
-52.4174
-49.1028
-45.898
-42.8023
-39.8151
-36.9361
-34.1646
-31.5002
-28.9423
-26.4906
-24.1445
-21.9036
-19.7675
-17.7357
-15.8079
-13.9835
-12.2623
-10.6438
-9.1277
-7.71358
-6.40113
-5.19002
-4.08001
-3.07095
-2.16282
-1.35593
-0.651022
-0.0496144
0.445736
0.830858
1.09756
1.26141
1.32313
-429.364
-339.274
-323.65
-314.551
-305.32
-296.837
-288.751
-280.817
-272.964
-265.175
-257.447
-249.792
-242.22
-234.745
-227.375
-220.118
-212.979
-205.963
-199.071
-192.304
-185.664
-179.15
-172.762
-166.5
-160.364
-154.353
-148.467
-142.704
-137.064
-131.548
-126.153
-120.879
-115.726
-110.693
-105.779
-100.984
-96.3063
-91.7461
-87.3025
-82.9748
-78.7623
-74.6643
-70.6803
-66.8096
-63.0515
-59.4056
-55.8711
-52.4474
-49.134
-45.9304
-42.836
-39.8501
-36.9724
-34.2023
-31.5392
-28.9828
-26.5325
-24.1878
-21.9483
-19.8136
-17.7832
-15.8567
-14.0337
-12.3138
-10.6966
-9.18172
-7.76879
-6.45743
-5.24728
-4.13799
-3.12925
-2.22084
-1.41274
-0.705258
-0.0994389
0.402629
0.797166
1.07573
1.25201
1.32012
-412.126
-322.109
-309.884
-303.937
-298.424
-292.772
-286.641
-280.022
-273.024
-265.768
-258.361
-250.886
-243.407
-235.968
-228.601
-221.327
-214.16
-207.109
-200.179
-193.373
-186.694
-180.142
-173.718
-167.42
-161.25
-155.206
-149.287
-143.494
-137.826
-132.281
-126.859
-121.56
-116.382
-111.325
-106.388
-101.571
-96.872
-92.2913
-87.8278
-83.481
-79.25
-75.1342
-71.1329
-67.2454
-63.4712
-59.8096
-56.26
-52.8217
-49.4941
-46.2768
-43.1691
-40.1704
-37.2803
-34.4982
-31.8236
-29.256
-26.7949
-24.4398
-22.1904
-20.046
-18.0064
-16.0711
-14.2396
-12.5115
-10.8866
-9.36426
-7.94425
-6.62612
-5.40946
-4.29382
-3.27874
-2.36372
-1.54826
-0.831979
-0.214854
0.302308
0.717257
1.02301
1.22759
1.30739
-284.782
-215.236
-206.763
-203.371
-199.153
-195.109
-191.022
-186.731
-182.242
-177.599
-172.851
-168.046
-163.22
-158.405
-153.62
-148.881
-144.197
-139.576
-135.022
-130.539
-126.128
-121.792
-117.531
-113.345
-109.236
-105.204
-101.248
-97.3703
-93.5692
-89.8455
-86.1991
-82.63
-79.1381
-75.7234
-72.3858
-69.1252
-65.9415
-62.8346
-59.8042
-56.8502
-53.9726
-51.171
-48.4452
-45.7952
-43.2207
-40.7215
-38.2974
-35.9482
-33.6736
-31.4735
-29.3476
-27.2957
-25.3176
-23.4131
-21.5819
-19.8238
-18.1387
-16.5262
-14.9863
-13.5186
-12.123
-10.7992
-9.54708
-8.36641
-7.25699
-6.21859
-5.25102
-4.35403
-3.52738
-2.77074
-2.08371
-1.46578
-0.916215
-0.434025
-0.0177951
0.33453
0.625389
0.855318
1.03599
1.22338
-333.854
-234.493
-214.828
-208.609
-201.362
-195.133
-189.683
-184.532
-179.52
-174.588
-169.705
-164.866
-160.069
-155.321
-150.627
-145.99
-141.415
-136.904
-132.461
-128.086
-123.781
-119.546
-115.384
-111.293
-107.275
-103.33
-99.4576
-95.6593
-91.9347
-88.2841
-84.7077
-81.2054
-77.7775
-74.424
-71.1449
-67.9402
-64.81
-61.7542
-58.7727
-55.8656
-53.0327
-50.274
-47.5893
-44.9785
-42.4416
-39.9784
-37.5887
-35.2725
-33.0296
-30.8597
-28.7628
-26.7387
-24.7873
-22.9083
-21.1016
-19.367
-17.7043
-16.1134
-14.5941
-13.1462
-11.7695
-10.4638
-9.22909
-8.06505
-6.97152
-5.94833
-4.9953
-4.11223
-3.29892
-2.55515
-1.88067
-1.27521
-0.738453
-0.270041
0.130513
0.464164
0.731623
0.93118
1.08728
1.28135
-363.262
-250.956
-223.052
-213.767
-204.57
-196.899
-190.456
-184.631
-179.176
-173.964
-168.916
-163.988
-159.153
-154.398
-149.717
-145.106
-140.564
-136.09
-131.684
-127.347
-123.079
-118.881
-114.754
-110.697
-106.711
-102.796
-98.9531
-95.1823
-91.4838
-87.8578
-84.3046
-80.8242
-77.4169
-74.0828
-70.8219
-67.6343
-64.5202
-61.4794
-58.5121
-55.6182
-52.7977
-50.0505
-47.3767
-44.776
-42.2486
-39.7942
-37.4127
-35.1042
-32.8684
-30.7052
-28.6146
-26.5963
-24.6502
-22.7762
-20.9742
-19.244
-17.5854
-15.9983
-14.4826
-13.038
-11.6645
-10.3618
-9.12982
-7.96838
-6.87731
-5.85645
-4.90564
-4.02471
-3.21351
-2.4719
-1.79974
-1.19693
-0.663418
-0.19923
0.19562
0.521459
0.778212
0.96455
1.10875
1.29131
-373.45
-255.697
-225.785
-215.864
-206.036
-197.783
-190.895
-184.746
-179.065
-173.703
-168.562
-163.579
-158.719
-153.956
-149.279
-144.678
-140.151
-135.694
-131.307
-126.989
-122.74
-118.56
-114.45
-110.41
-106.44
-102.541
-98.7127
-94.9558
-91.2704
-87.6568
-84.1152
-80.6458
-77.2488
-73.9244
-70.6726
-67.4936
-64.3875
-61.3542
-58.3939
-55.5065
-52.6921
-49.9506
-47.282
-44.6863
-42.1635
-39.7133
-37.3358
-35.0309
-32.7985
-30.6385
-28.5508
-26.5352
-24.5916
-22.7199
-20.92
-19.1918
-17.535
-15.9496
-14.4354
-12.9923
-11.6201
-10.3186
-9.08779
-7.92741
-6.83733
-5.81741
-4.8675
-3.98745
-3.17714
-2.43647
-1.76537
-1.16382
-0.631895
-0.169748
0.222464
0.544948
0.797493
0.979082
1.11917
1.29772
-373.45
-255.697
-225.785
-215.864
-206.036
-197.783
-190.895
-184.746
-179.065
-173.703
-168.562
-163.579
-158.719
-153.956
-149.279
-144.678
-140.151
-135.694
-131.307
-126.989
-122.74
-118.56
-114.45
-110.41
-106.44
-102.541
-98.7127
-94.9558
-91.2704
-87.6568
-84.1152
-80.6458
-77.2488
-73.9244
-70.6726
-67.4936
-64.3875
-61.3542
-58.3939
-55.5065
-52.6921
-49.9506
-47.282
-44.6863
-42.1635
-39.7133
-37.3358
-35.0309
-32.7985
-30.6385
-28.5508
-26.5352
-24.5916
-22.7199
-20.92
-19.1918
-17.535
-15.9496
-14.4354
-12.9923
-11.6201
-10.3186
-9.08779
-7.92741
-6.83733
-5.81741
-4.8675
-3.98745
-3.17714
-2.43647
-1.76537
-1.16382
-0.631895
-0.169748
0.222464
0.544948
0.797493
0.979082
1.11917
1.29772
-363.262
-250.956
-223.052
-213.767
-204.57
-196.899
-190.456
-184.631
-179.176
-173.964
-168.916
-163.988
-159.153
-154.398
-149.717
-145.106
-140.564
-136.09
-131.684
-127.347
-123.079
-118.881
-114.754
-110.697
-106.711
-102.796
-98.9531
-95.1823
-91.4838
-87.8578
-84.3046
-80.8242
-77.4169
-74.0828
-70.8219
-67.6343
-64.5202
-61.4794
-58.5121
-55.6182
-52.7977
-50.0505
-47.3767
-44.776
-42.2486
-39.7942
-37.4127
-35.1042
-32.8684
-30.7052
-28.6146
-26.5963
-24.6502
-22.7762
-20.9742
-19.244
-17.5854
-15.9983
-14.4826
-13.038
-11.6645
-10.3618
-9.12982
-7.96838
-6.87731
-5.85645
-4.90564
-4.02471
-3.21351
-2.4719
-1.79974
-1.19693
-0.663418
-0.19923
0.19562
0.521459
0.778213
0.96455
1.10875
1.29131
-333.854
-234.493
-214.828
-208.609
-201.362
-195.133
-189.683
-184.532
-179.52
-174.588
-169.705
-164.866
-160.069
-155.321
-150.627
-145.99
-141.415
-136.904
-132.461
-128.086
-123.781
-119.546
-115.384
-111.293
-107.275
-103.33
-99.4576
-95.6593
-91.9347
-88.2841
-84.7077
-81.2054
-77.7775
-74.424
-71.1449
-67.9402
-64.81
-61.7542
-58.7727
-55.8656
-53.0327
-50.274
-47.5893
-44.9785
-42.4416
-39.9784
-37.5887
-35.2725
-33.0296
-30.8597
-28.7628
-26.7387
-24.7873
-22.9083
-21.1016
-19.367
-17.7043
-16.1134
-14.5941
-13.1462
-11.7695
-10.4638
-9.22909
-8.06505
-6.97152
-5.94833
-4.9953
-4.11223
-3.29892
-2.55515
-1.88067
-1.27521
-0.738453
-0.270041
0.130513
0.464165
0.731623
0.931181
1.08728
1.28135
-284.782
-215.236
-206.763
-203.371
-199.153
-195.109
-191.022
-186.731
-182.242
-177.599
-172.851
-168.046
-163.22
-158.405
-153.62
-148.881
-144.197
-139.576
-135.022
-130.539
-126.128
-121.792
-117.531
-113.345
-109.236
-105.204
-101.248
-97.3703
-93.5692
-89.8455
-86.1991
-82.63
-79.1381
-75.7234
-72.3858
-69.1252
-65.9415
-62.8346
-59.8042
-56.8502
-53.9726
-51.171
-48.4452
-45.7952
-43.2207
-40.7215
-38.2974
-35.9482
-33.6736
-31.4735
-29.3476
-27.2957
-25.3176
-23.4131
-21.5819
-19.8238
-18.1387
-16.5262
-14.9863
-13.5186
-12.123
-10.7992
-9.54708
-8.36641
-7.25699
-6.21859
-5.25102
-4.35403
-3.52738
-2.77074
-2.08371
-1.46578
-0.916215
-0.434024
-0.0177954
0.33453
0.625389
0.855318
1.03599
1.22338
-158.04
-117.386
-113.865
-113.071
-111.022
-108.845
-106.636
-104.348
-101.985
-99.5623
-97.0947
-94.5991
-92.09
-89.5785
-87.0735
-84.5811
-82.1063
-79.6524
-77.2223
-74.818
-72.4414
-70.0937
-67.7763
-65.4901
-63.236
-61.0148
-58.8273
-56.674
-54.5556
-52.4726
-50.4255
-48.4147
-46.4407
-44.5039
-42.6046
-40.7433
-38.9202
-37.1357
-35.39
-33.6836
-32.0165
-30.3891
-28.8016
-27.2543
-25.7473
-24.2808
-22.8551
-21.4702
-20.1264
-18.8237
-17.5624
-16.3425
-15.1642
-14.0275
-12.9326
-11.8796
-10.8684
-9.89927
-8.97217
-8.08716
-7.2443
-6.44362
-5.68513
-4.96888
-4.29485
-3.66306
-3.07347
-2.52605
-2.02071
-1.5573
-1.13559
-0.755177
-0.415399
-0.115222
0.146962
0.373624
0.56756
0.729302
0.873537
1.0738
-197.277
-133.593
-118.972
-114.792
-110.395
-106.835
-103.906
-101.238
-98.6978
-96.2273
-93.7934
-91.3806
-88.9829
-86.5985
-84.2279
-81.8724
-79.5335
-77.2129
-74.9123
-72.633
-70.3765
-68.1439
-65.9365
-63.7551
-61.6009
-59.4746
-57.3772
-55.3094
-53.2719
-51.2655
-49.2909
-47.3485
-45.4392
-43.5634
-41.7216
-39.9144
-38.1424
-36.4059
-34.7053
-33.0413
-31.414
-29.824
-28.2715
-26.757
-25.2807
-23.843
-22.4441
-21.0844
-19.764
-18.4832
-17.2423
-16.0415
-14.8809
-13.7607
-12.6812
-11.6425
-10.6446
-9.68788
-8.7723
-7.898
-7.0651
-6.27368
-5.52381
-4.81557
-4.14901
-3.52417
-2.94107
-2.39973
-1.90012
-1.44218
-1.0258
-0.650785
-0.316817
-0.0233734
0.230468
0.44649
0.626421
0.771384
0.915005
1.13036
-222.408
-148.177
-125.035
-117.5
-111.446
-106.878
-103.334
-100.287
-97.5218
-94.9289
-92.4414
-90.0201
-87.6424
-85.2957
-82.9732
-80.6714
-78.3889
-76.1256
-73.8818
-71.6581
-69.4555
-67.2749
-65.1173
-62.9836
-60.8748
-58.7918
-56.7354
-54.7065
-52.7059
-50.7344
-48.7926
-46.8813
-45.0012
-43.1529
-41.3371
-39.5543
-37.805
-36.09
-34.4096
-32.7643
-31.1546
-29.581
-28.0439
-26.5437
-25.0807
-23.6554
-22.2681
-20.919
-19.6085
-18.337
-17.1046
-15.9116
-14.7583
-13.6448
-12.5715
-11.5385
-10.5459
-9.59395
-8.68281
-7.8126
-6.98346
-6.19549
-5.44881
-4.74349
-4.07962
-3.45727
-2.87648
-2.33728
-1.83971
-1.38376
-0.96941
-0.596586
-0.265169
0.0250641
0.274633
0.484783
0.656731
0.793494
0.93345
1.1378
-231.079
-152.674
-127.174
-118.71
-112.026
-106.99
-103.132
-99.8803
-96.9847
-94.3157
-91.7897
-89.3553
-86.9814
-84.6491
-82.3477
-80.0708
-77.8153
-75.5797
-73.3637
-71.1675
-68.9916
-66.8369
-64.7041
-62.5943
-60.5082
-58.4469
-56.4111
-54.4017
-52.4196
-50.4656
-48.5404
-46.6448
-44.7795
-42.9451
-41.1424
-39.3719
-37.6343
-35.9301
-34.2599
-32.6242
-31.0235
-29.4583
-27.929
-26.4361
-24.98
-23.561
-22.1796
-20.836
-19.5307
-18.2639
-17.0359
-15.847
-14.6975
-13.5875
-12.5174
-11.4874
-10.4975
-9.54813
-8.63933
-7.77127
-6.94411
-6.15797
-5.41297
-4.70921
-4.04677
-3.42575
-2.84619
-2.30817
-1.81172
-1.35687
-0.943654
-0.572055
-0.242037
0.046519
0.294024
0.501602
0.670352
0.803969
0.942059
1.14239
-231.079
-152.674
-127.174
-118.71
-112.026
-106.99
-103.132
-99.8803
-96.9847
-94.3157
-91.7897
-89.3553
-86.9814
-84.6491
-82.3477
-80.0708
-77.8153
-75.5797
-73.3637
-71.1675
-68.9916
-66.8369
-64.7041
-62.5943
-60.5082
-58.4469
-56.4111
-54.4017
-52.4196
-50.4656
-48.5404
-46.6448
-44.7795
-42.9451
-41.1424
-39.3719
-37.6343
-35.9301
-34.2599
-32.6242
-31.0235
-29.4583
-27.929
-26.4361
-24.98
-23.561
-22.1796
-20.836
-19.5307
-18.2639
-17.0359
-15.847
-14.6975
-13.5875
-12.5174
-11.4874
-10.4975
-9.54813
-8.63933
-7.77127
-6.94411
-6.15797
-5.41297
-4.70921
-4.04677
-3.42575
-2.84619
-2.30817
-1.81172
-1.35687
-0.943654
-0.572055
-0.242037
0.046519
0.294024
0.501602
0.670352
0.803969
0.942059
1.14239
-222.408
-148.177
-125.035
-117.5
-111.446
-106.878
-103.334
-100.287
-97.5218
-94.9289
-92.4414
-90.0201
-87.6424
-85.2957
-82.9732
-80.6714
-78.3889
-76.1256
-73.8818
-71.6581
-69.4555
-67.2749
-65.1173
-62.9836
-60.8748
-58.7918
-56.7354
-54.7065
-52.7059
-50.7344
-48.7926
-46.8813
-45.0012
-43.1529
-41.3371
-39.5543
-37.805
-36.09
-34.4096
-32.7643
-31.1546
-29.581
-28.0439
-26.5437
-25.0807
-23.6554
-22.2681
-20.919
-19.6085
-18.337
-17.1046
-15.9116
-14.7583
-13.6448
-12.5715
-11.5385
-10.5459
-9.59395
-8.68281
-7.8126
-6.98346
-6.19549
-5.44881
-4.74349
-4.07962
-3.45727
-2.87647
-2.33728
-1.83971
-1.38376
-0.96941
-0.596586
-0.265169
0.0250641
0.274633
0.484783
0.656731
0.793494
0.933449
1.1378
-197.277
-133.593
-118.972
-114.792
-110.395
-106.835
-103.906
-101.238
-98.6978
-96.2273
-93.7934
-91.3806
-88.9829
-86.5985
-84.2279
-81.8724
-79.5335
-77.2129
-74.9123
-72.633
-70.3765
-68.1439
-65.9365
-63.7551
-61.6009
-59.4746
-57.3772
-55.3094
-53.2719
-51.2655
-49.2909
-47.3485
-45.4392
-43.5634
-41.7216
-39.9144
-38.1424
-36.4059
-34.7053
-33.0413
-31.414
-29.824
-28.2715
-26.757
-25.2807
-23.843
-22.4441
-21.0844
-19.764
-18.4832
-17.2423
-16.0415
-14.8809
-13.7607
-12.6812
-11.6425
-10.6446
-9.68788
-8.7723
-7.898
-7.0651
-6.27368
-5.52381
-4.81557
-4.14901
-3.52417
-2.94107
-2.39973
-1.90012
-1.44218
-1.0258
-0.650785
-0.316817
-0.0233734
0.230468
0.446491
0.626421
0.771385
0.915005
1.13036
-158.04
-117.386
-113.865
-113.071
-111.022
-108.845
-106.636
-104.348
-101.985
-99.5623
-97.0947
-94.5991
-92.09
-89.5785
-87.0735
-84.5811
-82.1063
-79.6524
-77.2223
-74.818
-72.4414
-70.0937
-67.7763
-65.4901
-63.236
-61.0148
-58.8273
-56.674
-54.5556
-52.4726
-50.4255
-48.4147
-46.4407
-44.5039
-42.6046
-40.7433
-38.9202
-37.1357
-35.39
-33.6836
-32.0165
-30.3891
-28.8016
-27.2543
-25.7473
-24.2808
-22.8551
-21.4702
-20.1264
-18.8237
-17.5624
-16.3425
-15.1642
-14.0275
-12.9326
-11.8796
-10.8684
-9.89927
-8.97217
-8.08716
-7.2443
-6.44362
-5.68513
-4.96888
-4.29485
-3.66306
-3.07347
-2.52605
-2.02071
-1.5573
-1.13559
-0.755177
-0.415398
-0.115221
0.146963
0.373624
0.56756
0.729301
0.873536
1.0738
-35.2129
-26.6335
-26.9783
-27.6885
-27.5729
-27.1668
-26.6686
-26.143
-25.6226
-25.1182
-24.6292
-24.1514
-23.6793
-23.2083
-22.7348
-22.2564
-21.7717
-21.2802
-20.782
-20.2775
-19.7674
-19.2526
-18.7339
-18.212
-17.6879
-17.1623
-16.636
-16.1096
-15.5838
-15.0591
-14.5363
-14.0159
-13.4984
-12.9843
-12.4742
-11.9686
-11.4679
-10.9726
-10.4832
-10.0001
-9.52375
-9.05451
-8.59281
-8.13904
-7.69356
-7.25674
-6.82891
-6.41043
-6.00159
-5.60273
-5.21412
-4.83605
-4.46879
-4.1126
-3.76774
-3.43442
-3.11287
-2.80332
-2.50595
-2.22095
-1.94851
-1.68878
-1.44193
-1.2081
-0.987416
-0.780007
-0.585976
-0.405405
-0.238358
-0.084877
0.0550444
0.181493
0.294664
0.394902
0.482774
0.559186
0.62468
0.676905
0.728312
0.85159
-49.9484
-30.4879
-25.7204
-24.7133
-23.702
-22.9297
-22.3741
-21.9314
-21.5581
-21.2284
-20.9224
-20.6263
-20.3307
-20.0294
-19.7187
-19.3964
-19.0616
-18.7141
-18.3541
-17.9823
-17.5995
-17.2065
-16.8042
-16.3936
-15.9756
-15.551
-15.1208
-14.6857
-14.2466
-13.8042
-13.3593
-12.9127
-12.465
-12.0169
-11.5692
-11.1224
-10.6772
-10.2342
-9.79402
-9.35723
-8.9244
-8.49606
-8.07275
-7.65498
-7.24323
-6.838
-6.43972
-6.04885
-5.66582
-5.29102
-4.92486
-4.56772
-4.21994
-3.88188
-3.55386
-3.23621
-2.92922
-2.63317
-2.34834
-2.07497
-1.81332
-1.5636
-1.32602
-1.10078
-0.888075
-0.68806
-0.500894
-0.326712
-0.16563
-0.0177336
0.116921
0.238325
0.346536
0.441699
0.524173
0.594759
0.653339
0.698505
0.758868
0.875548
-59.2185
-35.0503
-26.691
-24.2035
-22.4764
-21.3278
-20.5978
-20.0932
-19.7212
-19.4291
-19.1805
-18.952
-18.7286
-18.5012
-18.2642
-18.0145
-17.7506
-17.4721
-17.1789
-16.8716
-16.5508
-16.2174
-15.8723
-15.5163
-15.1503
-14.7754
-14.3924
-14.0022
-13.6057
-13.2036
-12.797
-12.3865
-11.9729
-11.5571
-11.1397
-10.7216
-10.3034
-9.88578
-9.46945
-9.05506
-8.64324
-8.23459
-7.82972
-7.4292
-7.03357
-6.64338
-6.25913
-5.88134
-5.51048
-5.147
-4.79135
-4.44396
-4.10523
-3.77556
-3.45531
-3.14483
-2.84447
-2.55456
-2.27538
-2.00724
-1.7504
-1.50512
-1.27164
-1.05019
-0.840975
-0.644186
-0.460004
-0.288589
-0.130081
0.0153998
0.147754
0.266917
0.372861
0.465612
0.545377
0.612707
0.667231
0.709452
0.7697
0.867184
-62.531
-36.6675
-27.1338
-24.0989
-22.0208
-20.6465
-19.791
-19.2255
-18.8331
-18.5455
-18.3166
-18.1162
-17.9255
-17.7329
-17.5316
-17.3175
-17.0887
-16.8444
-16.5845
-16.3094
-16.0196
-15.716
-15.3994
-15.0708
-14.731
-14.381
-14.0217
-13.654
-13.2789
-12.8972
-12.5098
-12.1175
-11.7212
-11.3216
-10.9197
-10.5161
-10.1115
-9.70679
-9.30258
-8.89958
-8.49845
-8.09985
-7.70439
-7.31267
-6.92529
-6.54281
-6.16578
-5.7947
-5.43011
-5.07247
-4.72226
-4.37992
-4.04589
-3.72057
-3.40436
-3.09763
-2.80075
-2.51404
-2.23784
-1.97245
-1.71816
-1.47523
-1.24393
-1.02449
-0.817127
-0.622062
-0.439479
-0.26955
-0.112433
0.031734
0.162833
0.280772
0.385488
0.476966
0.555372
0.621181
0.673908
0.714721
0.774269
0.865791
-62.531
-36.6675
-27.1338
-24.0989
-22.0208
-20.6465
-19.791
-19.2255
-18.8331
-18.5455
-18.3166
-18.1162
-17.9255
-17.7329
-17.5316
-17.3175
-17.0887
-16.8444
-16.5845
-16.3094
-16.0196
-15.716
-15.3994
-15.0708
-14.731
-14.381
-14.0217
-13.654
-13.2789
-12.8972
-12.5098
-12.1175
-11.7212
-11.3216
-10.9197
-10.5161
-10.1115
-9.70679
-9.30258
-8.89958
-8.49845
-8.09985
-7.70439
-7.31267
-6.92529
-6.54281
-6.16578
-5.79471
-5.43011
-5.07247
-4.72226
-4.37992
-4.04589
-3.72057
-3.40436
-3.09763
-2.80075
-2.51404
-2.23784
-1.97245
-1.71816
-1.47523
-1.24393
-1.02449
-0.817127
-0.622062
-0.439479
-0.26955
-0.112433
0.031734
0.162833
0.280771
0.385488
0.476966
0.555372
0.62118
0.673908
0.714721
0.774269
0.865791
-59.2185
-35.0503
-26.691
-24.2035
-22.4764
-21.3278
-20.5978
-20.0932
-19.7212
-19.4291
-19.1805
-18.952
-18.7286
-18.5012
-18.2642
-18.0145
-17.7506
-17.4721
-17.1789
-16.8716
-16.5508
-16.2174
-15.8723
-15.5163
-15.1503
-14.7754
-14.3924
-14.0022
-13.6057
-13.2036
-12.797
-12.3865
-11.9729
-11.5571
-11.1397
-10.7216
-10.3034
-9.88578
-9.46945
-9.05506
-8.64324
-8.23459
-7.82972
-7.4292
-7.03357
-6.64338
-6.25913
-5.88134
-5.51048
-5.147
-4.79135
-4.44396
-4.10523
-3.77556
-3.45531
-3.14483
-2.84447
-2.55456
-2.27538
-2.00724
-1.7504
-1.50512
-1.27164
-1.05019
-0.840975
-0.644185
-0.460004
-0.288589
-0.13008
0.0153999
0.147754
0.266917
0.372861
0.465612
0.545377
0.612707
0.667231
0.709452
0.7697
0.867184
-49.9484
-30.4879
-25.7204
-24.7133
-23.702
-22.9297
-22.3741
-21.9314
-21.5581
-21.2284
-20.9224
-20.6263
-20.3307
-20.0294
-19.7187
-19.3964
-19.0616
-18.7141
-18.3541
-17.9823
-17.5995
-17.2065
-16.8042
-16.3936
-15.9756
-15.551
-15.1208
-14.6857
-14.2466
-13.8042
-13.3593
-12.9127
-12.465
-12.0169
-11.5692
-11.1224
-10.6772
-10.2342
-9.79402
-9.35723
-8.9244
-8.49606
-8.07275
-7.65498
-7.24323
-6.838
-6.43972
-6.04885
-5.66582
-5.29102
-4.92486
-4.56772
-4.21994
-3.88188
-3.55386
-3.23621
-2.92922
-2.63317
-2.34834
-2.07497
-1.81332
-1.5636
-1.32602
-1.10078
-0.888075
-0.688061
-0.500894
-0.326712
-0.16563
-0.0177338
0.116921
0.238325
0.346536
0.441699
0.524173
0.594759
0.653339
0.698505
0.758868
0.875548
-35.2129
-26.6335
-26.9783
-27.6884
-27.5729
-27.1668
-26.6686
-26.143
-25.6226
-25.1182
-24.6292
-24.1514
-23.6793
-23.2083
-22.7348
-22.2564
-21.7717
-21.2802
-20.782
-20.2775
-19.7674
-19.2526
-18.7339
-18.212
-17.6879
-17.1623
-16.636
-16.1096
-15.5838
-15.0591
-14.5363
-14.0159
-13.4984
-12.9843
-12.4742
-11.9686
-11.4679
-10.9726
-10.4832
-10.0001
-9.52375
-9.05451
-8.59281
-8.13904
-7.69356
-7.25674
-6.82891
-6.41043
-6.00159
-5.60273
-5.21412
-4.83605
-4.46879
-4.11261
-3.76774
-3.43442
-3.11287
-2.80332
-2.50595
-2.22095
-1.94851
-1.68878
-1.44193
-1.2081
-0.987414
-0.780006
-0.585975
-0.405404
-0.238357
-0.0848772
0.0550439
0.181492
0.294664
0.394902
0.482773
0.559184
0.624679
0.676904
0.728311
0.851589
79.3974
55.6031
52.7203
51.7763
50.5693
49.5362
48.552
47.5053
46.3637
45.1306
43.826
42.4747
41.0997
39.7196
38.3482
36.9951
35.6665
34.3662
33.0963
31.8577
30.6506
29.4751
28.3306
27.2167
26.1329
25.0786
24.0534
23.0566
22.0878
21.1466
20.2323
19.3447
18.4832
17.6473
16.8367
16.0509
15.2894
14.5519
13.8379
13.1469
12.4787
11.8327
11.2085
10.6059
10.0243
9.4635
8.92301
8.4025
7.90163
7.42005
6.95743
6.51344
6.08778
5.68013
5.29021
4.91772
4.5624
4.22398
3.9022
3.59681
3.30759
3.03432
2.77677
2.53475
2.30805
2.09649
1.89989
1.71806
1.5508
1.39793
1.2592
1.1343
1.02281
0.924138
0.837398
0.761405
0.694071
0.630906
0.57863
0.585559
91.5483
64.729
60.1527
58.9208
57.0291
55.3112
53.7361
52.176
50.6015
49.0109
47.4117
45.8146
44.2302
42.667
41.1312
39.6273
38.1578
36.7243
35.3276
33.9678
32.6447
31.3579
30.1069
28.891
27.7097
26.5624
25.4483
24.3669
23.3176
22.2997
21.3127
20.356
19.4289
18.5309
17.6614
16.8198
16.0056
15.2183
14.4572
13.7219
13.0118
12.3264
11.6652
11.0276
10.4133
9.82166
9.25229
8.70473
8.17852
7.67323
7.18845
6.72377
6.27879
5.85314
5.44644
5.05834
4.68849
4.33657
4.00225
3.68522
3.38521
3.10192
2.83509
2.58447
2.34982
2.13089
1.92748
1.73935
1.56631
1.40813
1.26459
1.13543
1.02034
0.918901
0.830591
0.754712
0.689015
0.629366
0.589864
0.566687
102.217
72.3276
64.7156
62.5097
60.2139
58.168
56.3044
54.4933
52.706
50.9385
49.1925
47.4725
45.783
44.1277
42.5093
40.9293
39.3888
37.8881
36.4274
35.0063
33.6244
32.2813
30.9763
29.7088
28.4782
27.2837
26.1248
25.0007
23.9108
22.8544
21.8308
20.8394
19.8795
18.9505
18.0516
17.1824
16.342
15.53
14.7458
13.9886
13.258
12.5533
11.8739
11.2194
10.5892
9.98271
9.39945
8.83891
8.3006
7.78405
7.28878
6.81434
6.36031
5.92625
5.51177
5.11645
4.73993
4.38184
4.04182
3.71954
3.41467
3.12691
2.85596
2.60154
2.36338
2.14123
1.93485
1.744
1.56846
1.40802
1.26247
1.13157
1.01507
0.912644
0.823919
0.748307
0.683572
0.626624
0.58868
0.539515
105.584
74.2634
66.101
63.8935
61.5946
59.4852
57.5362
55.6344
53.7598
51.9133
50.0979
48.3174
46.5749
44.8726
43.2117
41.5928
40.016
38.4811
36.9879
35.5358
34.1242
32.7527
31.4205
30.127
28.8715
27.6533
26.4717
25.3261
24.2157
23.1398
22.0977
21.0887
20.1122
19.1674
18.2537
17.3704
16.5168
15.6923
14.8962
14.1279
13.3868
12.6722
11.9837
11.3205
10.6821
10.068
9.47764
8.91044
8.36591
7.84355
7.34287
6.8634
6.40467
5.96626
5.54772
5.14865
4.76865
4.40733
4.06433
3.73929
3.43187
3.14175
2.86863
2.6122
2.37218
2.14833
1.94037
1.74808
1.57122
1.40959
1.26297
1.13115
1.0139
0.910929
0.821887
0.746182
0.681496
0.625148
0.587358
0.530765
105.584
74.2634
66.101
63.8935
61.5946
59.4852
57.5362
55.6344
53.7598
51.9133
50.0979
48.3174
46.5749
44.8726
43.2117
41.5928
40.016
38.4811
36.9879
35.5358
34.1242
32.7527
31.4205
30.127
28.8715
27.6533
26.4717
25.3261
24.2157
23.1398
22.0977
21.0887
20.1122
19.1674
18.2537
17.3704
16.5168
15.6923
14.8962
14.1279
13.3868
12.6722
11.9837
11.3205
10.6821
10.068
9.47764
8.91044
8.36591
7.84355
7.34287
6.8634
6.40467
5.96626
5.54772
5.14866
4.76865
4.40733
4.06433
3.73929
3.43187
3.14175
2.86863
2.6122
2.37218
2.14833
1.94037
1.74808
1.57122
1.40959
1.26297
1.13115
1.0139
0.910929
0.821887
0.746182
0.681496
0.625148
0.587358
0.530765
102.217
72.3276
64.7156
62.5097
60.2139
58.168
56.3044
54.4933
52.706
50.9385
49.1925
47.4725
45.783
44.1277
42.5093
40.9293
39.3888
37.8881
36.4274
35.0063
33.6244
32.2813
30.9763
29.7088
28.4782
27.2837
26.1248
25.0007
23.9108
22.8544
21.8308
20.8394
19.8795
18.9505
18.0516
17.1824
16.342
15.53
14.7458
13.9886
13.258
12.5533
11.8739
11.2194
10.5892
9.9827
9.39945
8.83891
8.3006
7.78405
7.28878
6.81434
6.36031
5.92625
5.51177
5.11645
4.73993
4.38184
4.04182
3.71954
3.41467
3.12691
2.85596
2.60154
2.36338
2.14123
1.93485
1.744
1.56846
1.40802
1.26247
1.13157
1.01507
0.912644
0.823919
0.748308
0.683572
0.626624
0.58868
0.539515
91.5483
64.729
60.1527
58.9208
57.0291
55.3112
53.7361
52.176
50.6015
49.0109
47.4117
45.8146
44.2302
42.667
41.1312
39.6273
38.1578
36.7243
35.3276
33.9678
32.6447
31.3579
30.1069
28.891
27.7097
26.5624
25.4483
24.3669
23.3176
22.2997
21.3127
20.356
19.4289
18.5309
17.6614
16.8198
16.0056
15.2183
14.4572
13.7219
13.0118
12.3264
11.6652
11.0276
10.4133
9.82166
9.25229
8.70473
8.17852
7.67323
7.18845
6.72377
6.27879
5.85314
5.44644
5.05834
4.68849
4.33657
4.00225
3.68523
3.38521
3.10192
2.83509
2.58447
2.34982
2.13089
1.92748
1.73935
1.56631
1.40813
1.26459
1.13543
1.02034
0.918901
0.830591
0.754712
0.689015
0.629366
0.589864
0.566688
79.3974
55.6031
52.7203
51.7763
50.5693
49.5362
48.552
47.5053
46.3637
45.1306
43.826
42.4747
41.0997
39.7196
38.3482
36.9951
35.6665
34.3662
33.0963
31.8577
30.6506
29.4751
28.3306
27.2167
26.1329
25.0786
24.0534
23.0566
22.0878
21.1466
20.2323
19.3447
18.4832
17.6473
16.8367
16.0509
15.2894
14.5519
13.8379
13.1469
12.4787
11.8327
11.2085
10.6059
10.0243
9.4635
8.92301
8.4025
7.90163
7.42005
6.95742
6.51344
6.08778
5.68013
5.29021
4.91772
4.5624
4.22397
3.90219
3.59681
3.30759
3.03432
2.77677
2.53475
2.30805
2.09649
1.89989
1.71806
1.5508
1.39793
1.2592
1.1343
1.02281
0.924137
0.837398
0.761405
0.694071
0.630906
0.57863
0.585558
183.489
133.075
127.98
126.714
124.37
122.166
119.917
117.459
114.784
111.93
108.95
105.894
102.803
99.7067
96.6278
93.5806
90.5743
87.6147
84.7051
81.8474
79.0426
76.291
73.5928
70.9479
68.356
65.8172
63.3311
60.8975
58.5163
56.1873
53.9102
51.6847
49.5108
47.3881
45.3164
43.2955
41.3251
39.4048
37.5345
35.7139
33.9427
32.2205
30.5472
28.9224
27.3459
25.8172
24.3363
22.9027
21.5162
20.1765
18.8834
17.6365
16.4356
15.2804
14.1707
13.1062
12.0867
11.1119
10.1816
9.29552
8.45348
7.65525
6.90062
6.18938
5.52133
4.89627
4.31399
3.77426
3.27685
2.82146
2.40771
2.03506
1.70271
1.40943
1.15344
0.932096
0.741526
0.576188
0.435498
0.329763
216.119
151.887
140.694
137.505
132.95
129.027
125.547
122.166
118.805
115.447
112.095
108.76
105.452
102.181
98.9542
95.7772
92.6528
89.5833
86.5697
83.6127
80.7127
77.8696
75.0834
72.354
69.6811
67.0645
64.504
61.9993
59.5501
57.1561
54.8171
52.5328
50.3027
48.1267
46.0042
43.9351
41.9189
39.9553
38.044
36.1844
34.3764
32.6195
30.9133
29.2575
27.6518
26.0957
24.5888
23.1309
21.7216
20.3604
19.0472
17.7815
16.5629
15.3913
14.2662
13.1873
12.1544
11.1671
10.2252
9.32831
8.47621
7.66864
6.90533
6.18605
5.51053
4.87856
4.28989
3.74427
3.24148
2.78124
2.36324
1.98712
1.65238
1.3583
1.10385
0.887368
0.705417
0.55245
0.426015
0.281858
243.65
169.844
150.14
143.864
137.809
132.836
128.596
124.656
120.885
117.229
113.659
110.163
106.732
103.365
100.059
96.8132
93.6276
90.5017
87.4354
84.4283
81.4804
78.5915
75.7614
72.9898
70.2767
67.6216
65.0244
62.4847
60.0022
57.5766
55.2076
52.8947
50.6376
48.436
46.2894
44.1974
42.1597
40.1757
38.2452
36.3677
34.5427
32.7699
31.0488
29.379
27.7602
26.1918
24.6736
23.205
21.7858
20.4154
19.0936
17.82
16.5941
15.4156
14.2843
13.1996
12.1613
11.1691
10.2227
9.32162
8.46572
7.65465
6.88814
6.16591
5.4877
4.85325
4.26233
3.71468
3.21007
2.74827
2.32903
1.95207
1.61708
1.32363
1.07104
0.858094
0.681626
0.53626
0.41359
0.246146
252.569
174.866
153.2
146.413
139.98
134.642
130.103
125.922
121.961
118.159
114.478
110.895
107.399
103.979
100.629
97.3466
94.1283
90.9728
87.8789
84.846
81.8736
78.9613
76.1088
73.3159
70.5823
67.9077
65.2918
62.7343
60.235
57.7933
55.409
53.0817
50.8109
48.5963
46.4374
44.3338
42.2851
40.2909
38.3506
36.4639
34.6304
32.8495
31.1208
29.444
27.8185
26.2439
24.7199
23.2459
21.8217
20.4466
19.1205
17.8428
16.6132
15.4313
14.2967
13.2091
12.1681
11.1733
10.2246
9.32138
8.46352
7.65065
6.88249
6.15875
5.47916
4.84346
4.2514
3.70273
3.19724
2.73468
2.31487
1.93756
1.60252
1.30939
1.05763
0.846036
0.671436
0.528558
0.407148
0.233509
252.569
174.866
153.2
146.413
139.98
134.642
130.103
125.922
121.961
118.159
114.478
110.895
107.399
103.979
100.629
97.3466
94.1283
90.9728
87.8789
84.846
81.8736
78.9613
76.1088
73.3159
70.5823
67.9077
65.2918
62.7343
60.235
57.7933
55.409
53.0817
50.8109
48.5963
46.4374
44.3338
42.2851
40.2909
38.3506
36.4639
34.6304
32.8495
31.1208
29.444
27.8185
26.2439
24.7199
23.2459
21.8217
20.4466
19.1205
17.8428
16.6132
15.4313
14.2967
13.2091
12.1681
11.1733
10.2246
9.32138
8.46352
7.65065
6.88249
6.15875
5.47916
4.84346
4.2514
3.70273
3.19724
2.73468
2.31487
1.93756
1.60252
1.30939
1.05763
0.846036
0.671436
0.528558
0.407148
0.233509
243.65
169.844
150.14
143.864
137.809
132.836
128.596
124.656
120.885
117.229
113.659
110.163
106.732
103.365
100.059
96.8132
93.6276
90.5017
87.4354
84.4283
81.4804
78.5915
75.7614
72.9898
70.2767
67.6216
65.0244
62.4847
60.0022
57.5766
55.2076
52.8947
50.6376
48.436
46.2894
44.1974
42.1597
40.1757
38.2452
36.3677
34.5427
32.7699
31.0488
29.379
27.7602
26.1918
24.6736
23.205
21.7858
20.4154
19.0936
17.82
16.5941
15.4156
14.2843
13.1996
12.1613
11.1691
10.2227
9.32162
8.46572
7.65465
6.88814
6.16591
5.4877
4.85325
4.26233
3.71468
3.21007
2.74827
2.32903
1.95207
1.61708
1.32363
1.07104
0.858094
0.681626
0.53626
0.413589
0.246146
216.119
151.887
140.694
137.505
132.95
129.027
125.547
122.166
118.805
115.447
112.095
108.76
105.452
102.181
98.9542
95.7772
92.6528
89.5833
86.5697
83.6127
80.7127
77.8696
75.0834
72.354
69.6811
67.0645
64.504
61.9993
59.5501
57.1561
54.8171
52.5328
50.3027
48.1267
46.0042
43.9351
41.9189
39.9553
38.044
36.1844
34.3764
32.6195
30.9133
29.2575
27.6518
26.0957
24.5888
23.1309
21.7216
20.3604
19.0472
17.7815
16.5629
15.3913
14.2662
13.1873
12.1544
11.1671
10.2252
9.32831
8.47621
7.66864
6.90533
6.18605
5.51054
4.87856
4.28989
3.74427
3.24148
2.78124
2.36324
1.98712
1.65238
1.3583
1.10385
0.887368
0.705417
0.55245
0.426014
0.281857
183.489
133.075
127.98
126.714
124.37
122.166
119.917
117.459
114.784
111.93
108.95
105.894
102.803
99.7067
96.6278
93.5806
90.5743
87.6147
84.7051
81.8474
79.0426
76.291
73.5928
70.9479
68.356
65.8172
63.3311
60.8975
58.5163
56.1873
53.9102
51.6847
49.5108
47.3881
45.3164
43.2955
41.3251
39.4048
37.5345
35.7139
33.9427
32.2205
30.5472
28.9224
27.3459
25.8172
24.3363
22.9027
21.5162
20.1765
18.8834
17.6365
16.4356
15.2804
14.1707
13.1062
12.0867
11.1119
10.1816
9.29552
8.45348
7.65525
6.90062
6.18938
5.52133
4.89627
4.31399
3.77426
3.27685
2.82146
2.40771
2.03506
1.70271
1.40944
1.15344
0.932097
0.741527
0.576189
0.435498
0.329763
269.23
202.256
198.508
197.991
195.082
192.022
188.668
184.891
180.762
176.379
171.834
167.2
162.533
157.868
153.231
148.638
144.098
139.619
135.204
130.855
126.574
122.361
118.217
114.142
110.136
106.201
102.336
98.5415
94.8178
91.1652
87.5838
84.074
80.6358
77.2694
73.975
70.7527
67.6026
64.5248
61.5195
58.5866
55.7262
52.9384
50.2232
47.5807
45.0107
42.5134
40.0886
37.7365
35.457
33.2499
31.1154
29.0533
27.0636
25.1462
23.3011
21.5281
19.8273
18.1984
16.6416
15.1565
13.7433
12.4017
11.1316
9.93302
8.80572
7.74963
6.76461
5.85049
5.00708
4.23411
3.53125
2.89798
2.3336
1.83706
1.40687
1.04091
0.736307
0.489349
0.294611
0.129184
302.567
219.661
213.036
211.245
205.179
199.549
194.414
189.387
184.398
179.436
174.504
169.61
164.764
159.971
155.236
150.563
145.955
141.413
136.938
132.531
128.193
123.924
119.725
115.596
111.538
107.551
103.634
99.7896
96.0167
92.3157
88.687
85.1308
81.6471
78.2362
74.8982
71.6333
68.4415
65.3229
62.2777
59.3058
56.4074
53.5825
50.8311
48.1532
45.5489
43.0181
40.5609
38.1771
35.8669
33.6301
31.4667
29.3767
27.36
25.4166
23.5463
21.7491
20.0249
18.3736
16.7952
15.2895
13.8564
12.4959
11.2078
9.99191
8.84822
7.77656
6.77679
5.84874
4.99225
4.20713
3.49315
2.85003
2.27744
1.77498
1.3421
0.977957
0.680979
0.448071
0.268465
0.0872589
334.091
239.416
224.421
219.544
211.319
203.99
197.647
191.776
186.205
180.848
175.651
170.579
165.611
160.734
155.938
151.217
146.57
141.994
137.488
133.052
128.686
124.391
120.166
116.013
111.93
107.92
103.981
100.115
96.3215
92.6008
88.953
85.3785
81.8773
78.4497
75.0957
71.8154
68.609
65.4764
62.4179
59.4333
56.5228
53.6864
50.924
48.2358
45.6215
43.0814
40.6153
38.2231
35.905
33.6607
31.4902
29.3935
27.3705
25.4211
23.5452
21.7428
20.0137
18.3578
16.7751
15.2653
13.8285
12.4644
11.1729
9.95401
8.80744
7.7331
6.73083
5.80051
4.94197
4.15509
3.43972
2.79576
2.22312
1.72176
1.29162
0.93245
0.643291
0.421293
0.251137
0.0648313
343.9
244.489
228.028
222.879
214.082
206.128
199.28
193.025
187.169
181.608
176.266
171.094
166.055
161.127
156.293
151.544
146.874
142.279
137.755
133.304
128.923
124.614
120.376
116.209
112.115
108.092
104.142
100.265
96.4613
92.7305
89.0732
85.4896
81.9798
78.544
75.1821
71.8944
68.6809
65.5417
62.4768
59.4863
56.5701
53.7283
50.9609
48.2678
45.6491
43.1048
40.6347
38.2388
35.9171
33.6696
31.496
29.3965
27.3708
25.4189
23.5407
21.7361
20.005
18.3473
16.7628
15.2514
13.8131
12.4477
11.155
9.93486
8.78722
7.71189
6.70874
5.77764
4.91844
4.13105
3.41539
2.77142
2.19916
1.69871
1.27014
0.913302
0.627293
0.409355
0.24281
0.0558975
343.9
244.489
228.028
222.879
214.082
206.128
199.28
193.025
187.169
181.608
176.266
171.094
166.055
161.127
156.293
151.544
146.874
142.279
137.755
133.304
128.923
124.614
120.376
116.209
112.115
108.092
104.142
100.265
96.4613
92.7305
89.0732
85.4896
81.9798
78.544
75.1821
71.8944
68.6809
65.5417
62.4768
59.4863
56.5701
53.7283
50.9609
48.2678
45.6491
43.1048
40.6347
38.2388
35.9171
33.6696
31.496
29.3965
27.3708
25.4189
23.5407
21.7361
20.005
18.3473
16.7628
15.2514
13.8131
12.4477
11.155
9.93486
8.78722
7.71189
6.70874
5.77764
4.91844
4.13105
3.41539
2.77142
2.19916
1.69871
1.27014
0.913302
0.627294
0.409355
0.242808
0.0558967
334.091
239.416
224.421
219.544
211.319
203.99
197.647
191.776
186.205
180.848
175.651
170.579
165.611
160.734
155.938
151.217
146.57
141.994
137.488
133.052
128.686
124.391
120.166
116.013
111.93
107.92
103.981
100.115
96.3215
92.6008
88.953
85.3785
81.8773
78.4497
75.0957
71.8154
68.609
65.4764
62.4179
59.4333
56.5228
53.6864
50.924
48.2358
45.6215
43.0814
40.6153
38.2231
35.905
33.6607
31.4902
29.3935
27.3705
25.4211
23.5452
21.7428
20.0137
18.3578
16.7751
15.2653
13.8285
12.4644
11.1729
9.95401
8.80744
7.7331
6.73083
5.80051
4.94197
4.15509
3.43972
2.79576
2.22312
1.72176
1.29162
0.93245
0.643292
0.421294
0.251136
0.0648297
302.567
219.661
213.036
211.245
205.179
199.549
194.414
189.387
184.398
179.436
174.504
169.61
164.764
159.971
155.236
150.563
145.955
141.413
136.938
132.531
128.193
123.924
119.725
115.596
111.538
107.551
103.634
99.7896
96.0167
92.3157
88.687
85.1308
81.6471
78.2362
74.8982
71.6333
68.4415
65.3229
62.2777
59.3058
56.4074
53.5825
50.8311
48.1532
45.5489
43.0181
40.5609
38.1771
35.8669
33.6301
31.4667
29.3767
27.36
25.4166
23.5463
21.7491
20.0249
18.3736
16.7952
15.2895
13.8564
12.4959
11.2078
9.99191
8.84822
7.77656
6.77679
5.84874
4.99225
4.20713
3.49315
2.85003
2.27744
1.77498
1.3421
0.977958
0.68098
0.448071
0.268465
0.0872561
269.23
202.256
198.508
197.991
195.082
192.022
188.668
184.891
180.762
176.379
171.834
167.2
162.533
157.868
153.231
148.638
144.098
139.619
135.204
130.855
126.574
122.361
118.217
114.142
110.136
106.201
102.336
98.5415
94.8178
91.1652
87.5838
84.074
80.6358
77.2694
73.975
70.7527
67.6026
64.5248
61.5195
58.5866
55.7262
52.9384
50.2232
47.5807
45.0107
42.5134
40.0886
37.7365
35.457
33.2499
31.1154
29.0533
27.0636
25.1462
23.3011
21.5281
19.8273
18.1984
16.6416
15.1565
13.7433
12.4017
11.1316
9.93302
8.80572
7.74963
6.76461
5.85049
5.00708
4.23411
3.53125
2.89798
2.3336
1.83706
1.40688
1.04091
0.736306
0.48935
0.294612
0.129185
338.141
269.769
266.552
266.158
262.72
258.254
253.121
247.489
241.518
235.342
229.058
222.738
216.427
210.156
203.944
197.804
191.742
185.764
179.872
174.07
168.357
162.735
157.204
151.766
146.421
141.168
136.01
130.945
125.974
121.098
116.317
111.632
107.041
102.546
98.1475
93.8445
89.6376
85.527
81.5128
77.5951
73.7739
70.0493
66.4213
62.8901
59.4556
56.1179
52.8769
49.7327
46.6853
43.7346
40.8807
38.1235
35.463
32.8991
30.4319
28.0612
25.7871
23.6095
21.5283
19.5435
17.6551
15.8629
14.1669
12.567
11.0631
9.65522
8.34315
7.12681
6.00605
4.98068
4.05048
3.21525
2.47479
1.82907
1.27852
0.824526
0.470277
0.219523
0.0782204
0.0534901
357.433
286.908
282.453
279.304
272.194
264.849
257.672
250.63
243.723
236.943
230.279
223.721
217.263
210.898
204.624
198.44
192.345
186.338
180.421
174.593
168.856
163.211
157.658
152.197
146.829
141.556
136.376
131.291
126.301
121.406
116.607
111.903
107.295
102.784
98.3692
94.0508
89.829
85.704
81.6758
77.7446
73.9104
70.1733
66.5333
62.9904
59.5446
56.196
52.9446
49.7903
46.7331
43.7731
40.9102
38.1443
35.4755
32.9036
30.4287
28.0507
25.7696
23.5852
21.4976
19.5066
17.6123
15.8145
14.1131
12.5081
10.9995
9.58696
8.27058
7.05017
5.92565
4.8969
3.96387
3.12659
2.38529
1.74058
1.19374
0.747221
0.405132
0.17111
0.0505156
0.0512304
384.477
303.741
293.977
288.258
278.742
269.364
260.671
252.558
244.922
237.66
230.684
223.93
217.349
210.91
204.592
198.38
192.267
186.249
180.324
174.49
168.748
163.098
157.54
152.075
146.704
141.427
136.244
131.156
126.163
121.266
116.465
111.76
107.152
102.64
98.2244
93.9059
89.6842
85.5596
81.5322
77.6018
73.7687
70.0329
66.3943
62.853
59.409
56.0623
52.8129
49.6607
46.6058
43.648
40.7874
38.024
35.3576
32.7882
30.3158
27.9403
25.6616
23.4797
21.3945
19.406
17.5141
15.7186
14.0195
12.4168
10.9103
9.49986
8.18552
6.96715
5.84469
4.81811
3.88751
3.05312
2.31547
1.67555
1.13506
0.696832
0.365242
0.143893
0.0372432
0.0500294
393.998
308.552
298
292.044
281.811
271.627
262.254
253.62
245.608
238.085
230.934
224.064
217.41
210.925
204.577
198.348
192.225
186.2
180.27
174.434
168.689
163.037
157.478
152.012
146.639
141.361
136.177
131.088
126.095
121.198
116.396
111.691
107.082
102.57
98.1548
93.8364
89.6151
85.491
81.464
77.5343
73.7019
69.9668
66.329
62.7886
59.3456
55.9999
52.7515
49.6004
46.5466
43.5899
40.7305
37.9682
35.303
32.7348
30.2635
27.8892
25.6117
23.431
21.347
19.3596
17.4687
15.6744
13.9764
12.3746
10.8691
9.45968
8.14632
6.92894
5.80751
4.78207
3.85277
3.01998
2.28434
1.64699
1.10973
0.675409
0.348302
0.131977
0.0304744
0.0461165
393.998
308.552
298
292.044
281.811
271.627
262.254
253.62
245.608
238.085
230.934
224.064
217.41
210.925
204.577
198.348
192.225
186.2
180.27
174.434
168.689
163.037
157.478
152.012
146.639
141.361
136.177
131.088
126.095
121.198
116.396
111.691
107.082
102.57
98.1548
93.8364
89.6151
85.491
81.464
77.5343
73.7019
69.9668
66.329
62.7886
59.3456
55.9999
52.7515
49.6004
46.5466
43.5899
40.7305
37.9682
35.303
32.7348
30.2635
27.8892
25.6117
23.431
21.347
19.3596
17.4687
15.6744
13.9764
12.3746
10.8691
9.45968
8.14632
6.92894
5.80751
4.78207
3.85277
3.01998
2.28434
1.64699
1.10973
0.67541
0.348302
0.131971
0.0304652
0.0461338
384.477
303.741
293.977
288.258
278.742
269.364
260.671
252.558
244.922
237.66
230.684
223.93
217.349
210.91
204.592
198.38
192.267
186.249
180.324
174.49
168.748
163.098
157.54
152.075
146.704
141.427
136.244
131.156
126.163
121.266
116.465
111.76
107.152
102.64
98.2244
93.9059
89.6842
85.5596
81.5322
77.6018
73.7687
70.0329
66.3943
62.853
59.409
56.0623
52.8129
49.6607
46.6058
43.648
40.7874
38.024
35.3576
32.7882
30.3158
27.9403
25.6616
23.4797
21.3945
19.406
17.5141
15.7186
14.0195
12.4168
10.9103
9.49986
8.18552
6.96715
5.84469
4.81811
3.88751
3.05312
2.31547
1.67555
1.13506
0.696834
0.365242
0.143888
0.0372355
0.0500453
357.433
286.908
282.453
279.304
272.194
264.849
257.672
250.63
243.723
236.943
230.279
223.721
217.263
210.898
204.624
198.44
192.345
186.338
180.421
174.593
168.856
163.211
157.658
152.197
146.829
141.556
136.376
131.291
126.301
121.406
116.607
111.903
107.295
102.784
98.3692
94.0508
89.829
85.704
81.6758
77.7446
73.9104
70.1733
66.5333
62.9904
59.5446
56.196
52.9446
49.7903
46.7331
43.7731
40.9102
38.1443
35.4755
32.9036
30.4287
28.0507
25.7696
23.5852
21.4976
19.5066
17.6123
15.8145
14.1131
12.5081
10.9995
9.58696
8.27058
7.05017
5.92565
4.8969
3.96387
3.12659
2.38529
1.74058
1.19374
0.747222
0.405131
0.171106
0.0505179
0.0512216
338.141
269.769
266.552
266.158
262.72
258.254
253.121
247.489
241.518
235.342
229.058
222.738
216.427
210.156
203.944
197.804
191.742
185.764
179.872
174.07
168.357
162.735
157.204
151.766
146.421
141.168
136.01
130.945
125.974
121.098
116.317
111.632
107.041
102.546
98.1475
93.8445
89.6376
85.5271
81.5128
77.5951
73.7739
70.0493
66.4213
62.8901
59.4556
56.1179
52.8769
49.7327
46.6853
43.7346
40.8807
38.1235
35.463
32.8991
30.4319
28.0612
25.7871
23.6095
21.5283
19.5435
17.6551
15.8629
14.1669
12.567
11.0631
9.65522
8.34316
7.12681
6.00605
4.98068
4.05048
3.21525
2.47479
1.82907
1.27852
0.824525
0.470275
0.219524
0.0782221
0.0535021
)
;

boundaryField
{
    left
    {
        type            calculated;
        value           nonuniform List<scalar> 
64
(
-412.126
-429.364
-449.674
-458.606
-458.606
-449.674
-429.364
-412.126
-284.782
-333.854
-363.262
-373.45
-373.45
-363.262
-333.854
-284.782
-158.04
-197.277
-222.408
-231.079
-231.079
-222.408
-197.277
-158.04
-35.2129
-49.9484
-59.2185
-62.531
-62.531
-59.2185
-49.9484
-35.2129
79.3974
91.5483
102.217
105.584
105.584
102.217
91.5483
79.3974
183.489
216.119
243.65
252.569
252.569
243.65
216.119
183.489
269.23
302.567
334.091
343.9
343.9
334.091
302.567
269.23
338.141
357.433
384.477
393.998
393.998
384.477
357.433
338.141
)
;
    }
    right
    {
        type            calculated;
        value           nonuniform List<scalar> 
64
(
1.375
1.37522
1.37385
1.37861
1.37861
1.37385
1.37522
1.37501
1.26569
1.34459
1.3586
1.36781
1.36782
1.35861
1.3446
1.26569
1.01789
1.12152
1.13918
1.14872
1.14872
1.13918
1.12152
1.01789
0.685587
0.765369
0.765678
0.769131
0.76913
0.765678
0.765368
0.685583
0.365329
0.38738
0.363906
0.358616
0.358616
0.363905
0.387379
0.365327
0.131008
0.094225
0.0577819
0.0472107
0.0472118
0.0577831
0.0942248
0.131011
0.0394533
-0.0202529
-0.0418257
-0.0485203
-0.0485218
-0.0418281
-0.0202516
0.0394559
-0.00173556
-0.00746905
-0.00234155
-0.0042921
-0.00430246
-0.00234793
-0.0074526
-0.00174068
)
;
    }
    back
    {
        type            calculated;
        value           nonuniform List<scalar> 
640
(
-390.446
-252.71
-135.093
-27.3323
75.8464
177.179
274.334
368.275
-314.226
-205.525
-108.297
-23.002
52.6737
124.534
193.695
260.856
-302.948
-201.926
-110.29
-26.308
50.2931
122.694
192.164
258.892
-298.571
-199.867
-111.283
-28.1275
49.2341
122.247
192.163
259.697
-294.917
-197.154
-110.477
-28.6162
48.2019
120.89
190.735
258.027
-290.685
-194.24
-109.074
-28.5156
47.3807
119.432
188.869
254.973
-285.538
-190.89
-107.306
-28.1427
46.5907
117.703
186.32
250.841
-279.584
-187.09
-105.279
-27.6529
45.7219
115.63
183.098
245.894
-273.021
-182.918
-103.067
-27.1214
44.7349
113.238
179.342
240.377
-266.039
-178.469
-100.72
-26.5806
43.6315
110.59
175.205
234.492
-258.797
-173.833
-98.2795
-26.0423
42.4348
107.76
170.819
228.394
-251.416
-169.085
-95.7805
-25.5089
41.174
104.814
166.287
222.19
-243.985
-164.281
-93.2487
-24.979
39.8763
101.806
161.686
215.954
-236.566
-159.465
-90.7029
-24.4497
38.564
98.7766
157.065
209.731
-229.202
-154.665
-88.1568
-23.9186
37.2537
95.7525
152.459
203.553
-221.921
-149.903
-85.62
-23.3837
35.9569
92.7529
147.889
197.437
-214.74
-145.191
-83.0992
-22.8439
34.681
89.7895
143.37
191.395
-207.673
-140.54
-80.5991
-22.2991
33.4307
86.8697
138.909
185.434
-200.724
-135.955
-78.1234
-21.7492
32.2086
83.9978
134.511
179.559
-193.9
-131.44
-75.6745
-21.1948
31.0159
81.1761
130.178
173.771
-187.202
-126.998
-73.2546
-20.6367
29.8529
78.4059
125.914
168.073
-180.631
-122.631
-70.8652
-20.0757
28.7197
75.6877
121.718
162.465
-174.188
-118.339
-68.5077
-19.5126
27.6159
73.0215
117.59
156.949
-167.873
-114.125
-66.1831
-18.9483
26.5411
70.4075
113.533
151.524
-161.686
-109.987
-63.8923
-18.3836
25.4947
67.8454
109.545
146.192
-155.626
-105.928
-61.6361
-17.8193
24.4762
65.3351
105.627
140.953
-149.692
-101.946
-59.4151
-17.2561
23.4851
62.8763
101.78
135.806
-143.883
-98.0424
-57.2301
-16.6945
22.521
60.469
98.0031
130.753
-138.2
-94.2169
-55.0815
-16.1352
21.5834
58.1129
94.2971
125.794
-132.642
-90.4696
-52.9697
-15.5787
20.6719
55.8079
90.6621
120.93
-127.207
-86.8004
-50.8953
-15.0257
19.786
53.5538
87.0983
116.159
-121.894
-83.2093
-48.8587
-14.4766
18.9253
51.3503
83.606
111.484
-116.704
-79.6962
-46.8602
-13.9319
18.0894
49.1973
80.1852
106.903
-111.636
-76.2611
-44.9001
-13.392
17.2779
47.0946
76.8362
102.418
-106.688
-72.9037
-42.9788
-12.8575
16.4904
45.042
73.559
98.0282
-101.859
-69.6241
-41.0967
-12.3287
15.7266
43.0393
70.3538
93.734
-97.15
-66.4219
-39.2539
-11.8061
14.986
41.0861
67.2206
89.5356
-92.5592
-63.2971
-37.4507
-11.2901
14.2683
39.1824
64.1597
85.4331
-88.0859
-60.2494
-35.6875
-10.7811
13.573
37.3278
61.1709
81.4267
-83.7296
-57.2788
-33.9644
-10.2795
12.8999
35.5221
58.2545
77.5164
-79.4895
-54.3849
-32.2816
-9.78568
12.2484
33.7651
55.4103
73.7024
-75.3649
-51.5677
-30.6394
-9.29996
11.6184
32.0564
52.6385
69.9847
-71.3551
-48.8268
-29.0379
-8.82272
11.0093
30.3959
49.9391
66.3633
-67.4595
-46.1621
-27.4774
-8.35429
10.4209
28.7833
47.312
62.8384
-63.6773
-43.5733
-25.958
-7.89501
9.85284
27.2182
44.7573
59.41
-60.0081
-41.0603
-24.4798
-7.44519
9.30471
25.7005
42.2749
56.0781
-56.451
-38.6228
-23.043
-7.00514
8.77621
24.2299
39.8648
52.8427
-53.0055
-36.2605
-21.6478
-6.57516
8.26701
22.8062
37.527
49.7039
-49.6711
-33.9733
-20.2942
-6.15551
7.7768
21.429
35.2615
46.6616
-46.447
-31.7609
-18.9824
-5.74649
7.30526
20.0981
33.0681
43.7158
-43.3329
-29.6231
-17.7125
-5.34834
6.8521
18.8132
30.9469
40.8666
-40.328
-27.5597
-16.4845
-4.96132
6.417
17.5742
28.8978
38.1139
-37.4318
-25.5704
-15.2985
-4.58566
5.99969
16.3807
26.9207
35.4576
-34.6439
-23.655
-14.1547
-4.22159
5.5999
15.2325
25.0156
32.8979
-31.9637
-21.8132
-13.0531
-3.86934
5.21734
14.1294
23.1824
30.4345
-29.3907
-20.0449
-11.9937
-3.5291
4.85177
13.0711
21.421
28.0676
-26.9244
-18.3499
-10.9767
-3.20108
4.50293
12.0574
19.7313
25.7971
-24.5643
-16.7278
-10.002
-2.88545
4.17058
11.088
18.1133
23.6228
-22.31
-15.1785
-9.06965
-2.58239
3.85449
10.1629
16.5668
21.5449
-20.161
-13.7018
-8.17975
-2.29208
3.55444
9.28165
15.0917
19.5631
-18.1169
-12.2974
-7.33229
-2.01465
3.27021
8.44414
13.688
17.6776
-16.1773
-10.9652
-6.52729
-1.75027
3.0016
7.65017
12.3555
15.8881
-14.3417
-9.70496
-5.76476
-1.49906
2.74842
6.89953
11.0942
14.1947
-12.6097
-8.51642
-5.04469
-1.26114
2.51047
6.19204
9.90404
12.5972
-10.981
-7.3994
-4.3671
-1.03664
2.28759
5.52751
8.78481
11.0957
-9.4551
-6.3537
-3.73195
-0.825649
2.07959
4.90575
7.73641
9.69005
-8.03166
-5.37909
-3.13921
-0.628264
1.88631
4.32656
6.75869
8.3801
-6.71025
-4.47532
-2.58881
-0.444571
1.70757
3.78974
5.85148
7.16573
-5.49043
-3.64212
-2.08066
-0.274624
1.54322
3.29505
5.01457
6.04679
-4.37171
-2.87912
-1.61458
-0.118418
1.39302
2.84213
4.24768
5.02306
-3.35355
-2.18588
-1.19023
0.0241007
1.25672
2.43056
3.55039
4.09425
-2.4353
-1.56174
-0.807129
0.153056
1.13399
2.05971
2.92209
3.26002
-1.61621
-1.0058
-0.464465
0.268695
1.02437
1.72865
2.36188
2.51998
-0.89554
-0.516739
-0.160962
0.371455
0.927142
1.43592
1.86843
1.87381
-0.272735
-0.0927066
0.105334
0.462015
0.841264
1.17932
1.43979
1.32154
0.252029
0.268877
0.337242
0.54132
0.76527
0.955716
1.07322
0.864178
0.677197
0.571325
0.538144
0.610211
0.697151
0.760976
0.765181
0.504684
0.99583
0.815779
0.708331
0.66607
0.632237
0.589463
0.511718
0.247423
1.21434
1.00842
0.853369
0.713488
0.573288
0.440955
0.31002
0.0977261
1.30631
1.20348
1.04917
0.840269
0.593298
0.348474
0.138414
0.0514401
)
;
    }
    front
    {
        type            calculated;
        value           nonuniform List<scalar> 
640
(
-390.446
-252.71
-135.093
-27.3323
75.8464
177.179
274.334
368.275
-314.226
-205.525
-108.297
-23.002
52.6737
124.534
193.695
260.856
-302.948
-201.926
-110.29
-26.308
50.2931
122.694
192.164
258.892
-298.571
-199.867
-111.283
-28.1275
49.2341
122.247
192.163
259.697
-294.917
-197.154
-110.477
-28.6162
48.2019
120.89
190.735
258.027
-290.685
-194.24
-109.074
-28.5156
47.3807
119.432
188.869
254.973
-285.538
-190.89
-107.306
-28.1427
46.5907
117.703
186.32
250.841
-279.584
-187.09
-105.279
-27.6529
45.7219
115.63
183.098
245.894
-273.021
-182.918
-103.067
-27.1214
44.7349
113.238
179.342
240.377
-266.039
-178.469
-100.72
-26.5806
43.6315
110.59
175.205
234.492
-258.797
-173.833
-98.2795
-26.0423
42.4348
107.76
170.819
228.394
-251.416
-169.085
-95.7805
-25.5089
41.174
104.814
166.287
222.19
-243.985
-164.281
-93.2487
-24.979
39.8763
101.806
161.686
215.954
-236.566
-159.465
-90.7029
-24.4497
38.564
98.7766
157.065
209.731
-229.202
-154.665
-88.1568
-23.9186
37.2537
95.7525
152.459
203.553
-221.921
-149.903
-85.62
-23.3837
35.9569
92.7529
147.889
197.437
-214.74
-145.191
-83.0992
-22.8439
34.681
89.7895
143.37
191.395
-207.673
-140.54
-80.5991
-22.2991
33.4307
86.8697
138.909
185.434
-200.724
-135.955
-78.1234
-21.7492
32.2086
83.9978
134.511
179.559
-193.9
-131.44
-75.6745
-21.1948
31.0159
81.1761
130.178
173.771
-187.202
-126.998
-73.2546
-20.6367
29.8529
78.4059
125.914
168.073
-180.631
-122.631
-70.8652
-20.0757
28.7197
75.6877
121.718
162.465
-174.188
-118.339
-68.5077
-19.5126
27.6159
73.0215
117.59
156.949
-167.873
-114.125
-66.1831
-18.9483
26.5411
70.4075
113.533
151.524
-161.686
-109.987
-63.8923
-18.3836
25.4947
67.8454
109.545
146.192
-155.626
-105.928
-61.6361
-17.8193
24.4762
65.3351
105.627
140.953
-149.692
-101.946
-59.4151
-17.2561
23.4851
62.8763
101.78
135.806
-143.883
-98.0424
-57.2301
-16.6945
22.521
60.469
98.0031
130.753
-138.2
-94.2169
-55.0815
-16.1352
21.5834
58.1129
94.2971
125.794
-132.642
-90.4696
-52.9697
-15.5787
20.6719
55.8079
90.6621
120.93
-127.207
-86.8004
-50.8953
-15.0257
19.786
53.5538
87.0983
116.159
-121.894
-83.2093
-48.8587
-14.4766
18.9252
51.3503
83.606
111.484
-116.704
-79.6962
-46.8602
-13.9319
18.0894
49.1973
80.1852
106.903
-111.636
-76.2611
-44.9001
-13.392
17.2779
47.0946
76.8362
102.418
-106.688
-72.9037
-42.9788
-12.8575
16.4904
45.042
73.559
98.0282
-101.859
-69.6241
-41.0967
-12.3287
15.7266
43.0393
70.3538
93.734
-97.15
-66.4219
-39.2539
-11.8061
14.986
41.0861
67.2206
89.5356
-92.5592
-63.2971
-37.4507
-11.2901
14.2683
39.1824
64.1597
85.4331
-88.0859
-60.2494
-35.6875
-10.7811
13.573
37.3278
61.1709
81.4267
-83.7296
-57.2788
-33.9644
-10.2795
12.8999
35.5221
58.2545
77.5164
-79.4895
-54.3849
-32.2816
-9.78568
12.2484
33.7651
55.4103
73.7024
-75.3649
-51.5677
-30.6394
-9.29996
11.6184
32.0564
52.6385
69.9847
-71.3551
-48.8268
-29.0379
-8.82272
11.0093
30.3959
49.9391
66.3633
-67.4595
-46.1621
-27.4774
-8.35429
10.4209
28.7833
47.312
62.8384
-63.6773
-43.5733
-25.958
-7.89501
9.85283
27.2182
44.7573
59.41
-60.0081
-41.0603
-24.4798
-7.44519
9.3047
25.7005
42.2749
56.0781
-56.451
-38.6228
-23.043
-7.00514
8.7762
24.2299
39.8648
52.8427
-53.0055
-36.2605
-21.6478
-6.57516
8.26701
22.8062
37.527
49.7039
-49.6711
-33.9733
-20.2942
-6.15551
7.7768
21.429
35.2615
46.6616
-46.447
-31.7609
-18.9824
-5.74649
7.30526
20.0981
33.0681
43.7158
-43.3329
-29.6231
-17.7125
-5.34834
6.85209
18.8132
30.9469
40.8666
-40.328
-27.5597
-16.4845
-4.96132
6.417
17.5742
28.8978
38.1139
-37.4318
-25.5704
-15.2985
-4.58566
5.99969
16.3807
26.9207
35.4576
-34.6439
-23.655
-14.1547
-4.2216
5.5999
15.2325
25.0156
32.8979
-31.9637
-21.8132
-13.0531
-3.86934
5.21734
14.1294
23.1824
30.4345
-29.3907
-20.0449
-11.9937
-3.5291
4.85177
13.0711
21.421
28.0676
-26.9244
-18.3499
-10.9767
-3.20108
4.50293
12.0574
19.7313
25.7971
-24.5643
-16.7278
-10.002
-2.88545
4.17058
11.088
18.1133
23.6228
-22.31
-15.1785
-9.06965
-2.58239
3.85448
10.1629
16.5668
21.5449
-20.161
-13.7018
-8.17975
-2.29208
3.55444
9.28165
15.0917
19.5631
-18.1169
-12.2974
-7.33229
-2.01465
3.27021
8.44414
13.688
17.6776
-16.1773
-10.9652
-6.52729
-1.75027
3.0016
7.65016
12.3555
15.8881
-14.3417
-9.70496
-5.76476
-1.49905
2.74842
6.89952
11.0942
14.1947
-12.6097
-8.51642
-5.04469
-1.26114
2.51047
6.19204
9.90404
12.5972
-10.981
-7.3994
-4.36709
-1.03664
2.28759
5.52751
8.78481
11.0957
-9.4551
-6.3537
-3.73194
-0.825647
2.07959
4.90575
7.73641
9.69005
-8.03166
-5.37909
-3.13921
-0.628263
1.88631
4.32656
6.75869
8.3801
-6.71025
-4.47532
-2.58881
-0.444571
1.70757
3.78974
5.85148
7.16573
-5.49043
-3.64212
-2.08066
-0.274624
1.54322
3.29505
5.01457
6.04679
-4.37171
-2.87912
-1.61458
-0.118419
1.39302
2.84213
4.24768
5.02306
-3.35355
-2.18588
-1.19023
0.0241001
1.25672
2.43056
3.55039
4.09425
-2.43529
-1.56174
-0.807127
0.153056
1.13399
2.05972
2.92209
3.26002
-1.61621
-1.0058
-0.464464
0.268695
1.02437
1.72865
2.36188
2.51998
-0.895543
-0.516738
-0.160962
0.371455
0.927143
1.43592
1.86843
1.87381
-0.272739
-0.0927074
0.105334
0.462013
0.841264
1.17933
1.43979
1.32154
0.252028
0.268876
0.337242
0.541318
0.765271
0.955718
1.07322
0.86418
0.6772
0.571323
0.538144
0.610209
0.697151
0.760978
0.76518
0.504683
0.995831
0.815777
0.708329
0.666069
0.632238
0.589466
0.51172
0.247414
1.21434
1.00842
0.853366
0.713485
0.573288
0.440958
0.310027
0.0977283
1.30632
1.20348
1.04917
0.840263
0.593295
0.348478
0.138424
0.0514275
)
;
    }
    top
    {
        type            calculated;
        value           nonuniform List<scalar> 
640
(
379.225
400.814
434.235
448.984
448.984
434.235
400.814
379.225
301.424
318.777
333.048
337.388
337.388
333.048
318.777
301.424
300.612
317.373
328.725
332.904
332.904
328.725
317.373
300.612
301.566
314.414
323.658
327.69
327.69
323.658
314.414
301.566
298.884
307.517
314.251
317.515
317.515
314.251
307.517
298.884
294.685
300.09
304.575
306.926
306.926
304.575
300.09
294.685
289.537
292.621
295.372
296.921
296.921
295.372
292.621
289.537
283.725
285.213
286.714
287.637
287.637
286.714
285.213
283.725
277.478
277.912
278.549
279.016
279.016
278.549
277.912
277.478
270.97
270.726
270.785
270.931
270.931
270.785
270.726
270.97
264.326
263.651
263.331
263.259
263.259
263.331
263.651
264.326
257.624
256.676
256.113
255.898
255.898
256.113
256.676
257.624
250.916
249.794
249.077
248.77
248.77
249.077
249.794
250.916
244.232
242.996
242.183
241.817
241.817
242.183
242.996
244.232
237.591
236.276
235.403
235.002
235.002
235.403
236.276
237.591
231.002
229.631
228.721
228.299
228.299
228.721
229.631
231.002
224.473
223.059
222.127
221.692
221.692
222.127
223.059
224.473
218.008
216.559
215.613
215.172
215.172
215.613
216.559
218.008
211.611
210.133
209.178
208.733
208.733
209.178
210.133
211.611
205.282
203.78
202.821
202.375
202.375
202.821
203.78
205.282
199.024
197.502
196.54
196.095
196.095
196.54
197.502
199.024
192.839
191.301
190.338
189.894
189.894
190.338
191.301
192.839
186.728
185.177
184.216
183.774
183.774
184.216
185.177
186.728
180.693
179.133
178.174
177.735
177.735
178.174
179.133
180.693
174.736
173.169
172.214
171.778
171.778
172.214
173.169
174.736
168.857
167.287
166.338
165.905
165.905
166.338
167.287
168.857
163.058
161.489
160.546
160.118
160.118
160.546
161.489
163.058
157.341
155.775
154.841
154.418
154.418
154.841
155.775
157.341
151.708
150.148
149.223
148.805
148.805
149.223
150.148
151.708
146.159
144.608
143.694
143.282
143.282
143.694
144.608
146.159
140.696
139.158
138.254
137.849
137.849
138.254
139.158
140.696
135.32
133.797
132.906
132.507
132.507
132.906
133.797
135.32
130.034
128.527
127.651
127.259
127.259
127.651
128.527
130.034
124.837
123.35
122.489
122.104
122.104
122.489
123.35
124.837
119.732
118.267
117.422
117.045
117.045
117.422
118.267
119.732
114.72
113.278
112.45
112.081
112.081
112.45
113.278
114.72
109.802
108.386
107.575
107.215
107.215
107.575
108.386
109.802
104.979
103.59
102.798
102.446
102.446
102.798
103.59
104.979
100.252
98.8927
98.1196
97.777
97.777
98.1196
98.8927
100.252
95.6231
94.2944
93.5412
93.2077
93.2077
93.5412
94.2944
95.6231
91.0929
89.7964
89.0634
88.7393
88.7393
89.0634
89.7964
91.0929
86.6626
85.3995
84.6873
84.3727
84.3727
84.6873
85.3995
86.6626
82.3334
81.1047
80.4138
80.1089
80.1089
80.4138
81.1047
82.3334
78.1062
76.913
76.2437
75.9485
75.9485
76.2437
76.913
78.1062
73.9821
72.8252
72.1778
71.8925
71.8925
72.1778
72.8252
73.9821
69.9621
68.8422
68.2169
67.9415
67.9415
68.2169
68.8422
69.9621
66.0471
64.9649
64.3618
64.0964
64.0964
64.3618
64.9649
66.0471
62.2382
61.194
60.6133
60.3579
60.3579
60.6133
61.194
62.2382
58.5361
57.5303
56.9721
56.7266
56.7266
56.9721
57.5303
58.5361
54.9417
53.9746
53.4387
53.2032
53.2032
53.4387
53.9746
54.9417
51.4559
50.5275
50.014
49.7884
49.7884
50.014
50.5275
51.4559
48.0794
47.1898
46.6984
46.4826
46.4826
46.6984
47.1898
48.0794
44.813
43.962
43.4926
43.2865
43.2865
43.4926
43.962
44.813
41.6573
40.8447
40.3971
40.2006
40.2006
40.3971
40.8447
41.6573
38.6131
37.8386
37.4125
37.2254
37.2254
37.4125
37.8386
38.6131
35.681
34.9441
34.5392
34.3614
34.3614
34.5392
34.9441
35.681
32.8615
32.1618
31.7777
31.609
31.609
31.7777
32.1618
32.8615
30.1552
29.4921
29.1284
28.9686
28.9686
29.1284
29.4921
30.1552
27.5627
26.9354
26.5916
26.4406
26.4406
26.5916
26.9354
27.5627
25.0843
24.4922
24.1678
24.0252
24.0252
24.1678
24.4922
25.0843
22.7204
22.1626
21.8572
21.7228
21.7228
21.8572
22.1626
22.7204
20.4716
19.9472
19.6601
19.5337
19.5338
19.6601
19.9472
20.4716
18.3382
17.8462
17.5769
17.4582
17.4582
17.5769
17.8462
18.3382
16.3205
15.8599
15.6077
15.4965
15.4965
15.6077
15.8599
16.3205
14.4187
13.9883
13.7527
13.6487
13.6487
13.7527
13.9883
14.4187
12.633
12.2318
12.0121
11.915
11.915
12.0121
12.2318
12.633
10.9636
10.5905
10.386
10.2955
10.2955
10.386
10.5905
10.9636
9.41072
9.06437
8.87448
8.79044
8.79044
8.87448
9.06437
9.41072
7.97434
7.65365
7.47775
7.39988
7.39988
7.47775
7.65365
7.97434
6.65455
6.35839
6.19599
6.12412
6.12412
6.19599
6.35839
6.65455
5.45134
5.17874
5.02946
4.96352
4.96352
5.02946
5.17874
5.45134
4.3647
4.11495
3.97865
3.91869
3.91869
3.97865
4.11495
4.3647
3.39471
3.16755
3.04442
2.99063
2.99063
3.04442
3.16755
3.39471
2.5417
2.33763
2.22829
2.18103
2.18103
2.22829
2.33763
2.54169
1.80666
1.62734
1.53293
1.49271
1.49271
1.53292
1.62734
1.80666
1.19175
1.04055
0.962716
0.930119
0.930117
0.962714
1.04055
1.19176
0.700866
0.583383
0.524234
0.499788
0.499788
0.524236
0.583388
0.700873
0.340146
0.264238
0.226821
0.210992
0.211002
0.226833
0.264248
0.340139
0.109018
0.088274
0.0775761
0.0708907
0.0709059
0.0775913
0.0882713
0.109016
-0.0215231
0.0180663
0.0337097
0.0357532
0.0357366
0.0336938
0.0180672
-0.0215401
)
;
    }
    bottom
    {
        type            calculated;
        value           nonuniform List<scalar> 
640
(
-469.102
-465.95
-475.668
-480.7
-480.7
-475.668
-465.95
-469.102
-377.122
-392.986
-400.557
-402.966
-402.966
-400.557
-392.986
-377.122
-361.109
-377.166
-385.57
-388.464
-388.464
-385.57
-377.166
-361.109
-352.724
-365.851
-373.883
-377.025
-377.025
-373.883
-365.851
-352.724
-345.669
-355.123
-361.71
-364.574
-364.574
-361.71
-355.123
-345.669
-338.355
-344.953
-349.987
-352.35
-352.35
-349.987
-344.953
-338.355
-330.393
-334.979
-338.715
-340.558
-340.558
-338.715
-334.979
-330.393
-321.873
-325.113
-327.878
-329.279
-329.279
-327.878
-325.113
-321.873
-312.964
-315.344
-317.427
-318.492
-318.492
-317.427
-315.344
-312.964
-303.821
-305.676
-307.301
-308.126
-308.126
-307.301
-305.676
-303.821
-294.571
-296.121
-297.449
-298.11
-298.11
-297.449
-296.121
-294.571
-285.31
-286.694
-287.835
-288.389
-288.389
-287.835
-286.694
-285.31
-276.106
-277.411
-278.438
-278.923
-278.923
-278.438
-277.411
-276.106
-267.006
-268.284
-269.242
-269.684
-269.684
-269.242
-268.284
-267.006
-258.041
-259.322
-260.239
-260.655
-260.655
-260.239
-259.322
-258.041
-249.232
-250.53
-251.425
-251.825
-251.825
-251.425
-250.53
-249.232
-240.591
-241.914
-242.796
-243.186
-243.186
-242.796
-241.914
-240.591
-232.124
-233.475
-234.35
-234.733
-234.733
-234.35
-233.475
-232.124
-223.835
-225.214
-226.084
-226.463
-226.463
-226.084
-225.214
-223.835
-215.726
-217.13
-217.996
-218.371
-218.371
-217.996
-217.13
-215.726
-207.797
-209.223
-210.085
-210.457
-210.457
-210.085
-209.223
-207.797
-200.046
-201.491
-202.349
-202.717
-202.717
-202.349
-201.491
-200.046
-192.471
-193.932
-194.785
-195.15
-195.15
-194.785
-193.932
-192.471
-185.073
-186.545
-187.391
-187.753
-187.753
-187.391
-186.545
-185.073
-177.848
-179.328
-180.166
-180.524
-180.524
-180.166
-179.328
-177.848
-170.795
-172.279
-173.109
-173.462
-173.462
-173.109
-172.279
-170.795
-163.912
-165.396
-166.216
-166.564
-166.564
-166.216
-165.396
-163.912
-157.196
-158.677
-159.486
-159.83
-159.83
-159.486
-158.677
-157.196
-150.646
-152.121
-152.918
-153.256
-153.256
-152.918
-152.121
-150.646
-144.261
-145.725
-146.51
-146.841
-146.841
-146.51
-145.725
-144.261
-138.037
-139.489
-140.259
-140.584
-140.584
-140.259
-139.489
-138.037
-131.973
-133.409
-134.165
-134.483
-134.483
-134.165
-133.409
-131.973
-126.068
-127.485
-128.225
-128.536
-128.536
-128.225
-127.485
-126.068
-120.318
-121.714
-122.437
-122.741
-122.741
-122.437
-121.714
-120.318
-114.723
-116.095
-116.801
-117.098
-117.098
-116.801
-116.095
-114.723
-109.281
-110.627
-111.315
-111.603
-111.603
-111.315
-110.627
-109.281
-103.989
-105.307
-105.976
-106.256
-106.256
-105.976
-105.307
-103.989
-98.8461
-100.134
-100.784
-101.056
-101.056
-100.784
-100.134
-98.8461
-93.8501
-95.1057
-95.736
-95.9995
-95.9994
-95.736
-95.1057
-93.8501
-88.9996
-90.2214
-90.8315
-91.0863
-91.0863
-90.8315
-90.2214
-88.9996
-84.2926
-85.4793
-86.0688
-86.3147
-86.3146
-86.0688
-85.4793
-84.2926
-79.7275
-80.8777
-81.4462
-81.6831
-81.6831
-81.4462
-80.8777
-79.7275
-75.3027
-76.4151
-76.9624
-77.1903
-77.1903
-76.9624
-76.4151
-75.3027
-71.0166
-72.0901
-72.616
-72.8347
-72.8347
-72.616
-72.0901
-71.0166
-66.8675
-67.9013
-68.4055
-68.615
-68.615
-68.4055
-67.9013
-66.8675
-62.854
-63.8471
-64.3296
-64.5298
-64.5298
-64.3296
-63.8471
-62.854
-58.9744
-59.9264
-60.387
-60.578
-60.578
-60.387
-59.9264
-58.9744
-55.2274
-56.1376
-56.5764
-56.7581
-56.7581
-56.5763
-56.1376
-55.2274
-51.6114
-52.4796
-52.8964
-53.0689
-53.0689
-52.8964
-52.4796
-51.6114
-48.1251
-48.951
-49.346
-49.5093
-49.5093
-49.346
-48.951
-48.1251
-44.7672
-45.5506
-45.9239
-46.0781
-46.0781
-45.9239
-45.5506
-44.7672
-41.5363
-42.2772
-42.629
-42.7741
-42.7741
-42.629
-42.2772
-41.5363
-38.4311
-39.1296
-39.46
-39.5962
-39.5961
-39.46
-39.1296
-38.4311
-35.4504
-36.1067
-36.416
-36.5433
-36.5433
-36.416
-36.1067
-35.4504
-32.593
-33.2074
-33.4959
-33.6144
-33.6144
-33.4959
-33.2074
-32.593
-29.8577
-30.4306
-30.6986
-30.8085
-30.8085
-30.6986
-30.4306
-29.8576
-27.2434
-27.7754
-28.0231
-28.1245
-28.1245
-28.0231
-27.7754
-27.2433
-24.749
-25.2407
-25.4686
-25.5617
-25.5617
-25.4686
-25.2407
-24.749
-22.3735
-22.8255
-23.0339
-23.1189
-23.1189
-23.0339
-22.8255
-22.3735
-20.1159
-20.5289
-20.7184
-20.7954
-20.7954
-20.7184
-20.5289
-20.1159
-17.9752
-18.3502
-18.5211
-18.5904
-18.5904
-18.5211
-18.3502
-17.9752
-15.9505
-16.2883
-16.4411
-16.5029
-16.5029
-16.4411
-16.2883
-15.9505
-14.041
-14.3425
-14.4778
-14.5322
-14.5322
-14.4778
-14.3425
-14.041
-12.2457
-12.512
-12.6303
-12.6775
-12.6775
-12.6303
-12.512
-12.2457
-10.5639
-10.796
-10.8978
-10.9382
-10.9382
-10.8978
-10.796
-10.5639
-8.9948
-9.1938
-9.27971
-9.31349
-9.31349
-9.27971
-9.1938
-8.9948
-7.53765
-7.70474
-7.77537
-7.80281
-7.8028
-7.77537
-7.70474
-7.53764
-6.19172
-6.32814
-6.38415
-6.40554
-6.40554
-6.38414
-6.32814
-6.19172
-4.95634
-5.06338
-5.1055
-5.12122
-5.12122
-5.1055
-5.06338
-4.95634
-3.83084
-3.9099
-3.939
-3.94946
-3.94946
-3.939
-3.9099
-3.83083
-2.81456
-2.86725
-2.88437
-2.89009
-2.89009
-2.88437
-2.86725
-2.81455
-1.90699
-1.9352
-1.94162
-1.94326
-1.94326
-1.94162
-1.93521
-1.90698
-1.10785
-1.11391
-1.11123
-1.10961
-1.10961
-1.11123
-1.11391
-1.10785
-0.417416
-0.404256
-0.394499
-0.39057
-0.390571
-0.394499
-0.404255
-0.417421
0.16299
0.191547
0.205943
0.211132
0.211131
0.205946
0.19155
0.162987
0.630021
0.669139
0.685467
0.690927
0.690926
0.68547
0.669143
0.630025
0.976158
1.02013
1.03566
1.04063
1.04063
1.03566
1.02013
0.976166
1.19121
1.23217
1.24388
1.24787
1.24788
1.24387
1.23217
1.19122
1.25745
1.28668
1.29243
1.29585
1.29585
1.29242
1.28668
1.25746
1.22878
1.22893
1.22921
1.23397
1.23397
1.22921
1.22893
1.22878
)
;
    }
}


// ************************************************************************* //
