/*--------------------------------*- C++ -*----------------------------------*\
| =========                 |                                                 |
| \\      /  F ield         | foam-extend: Open Source CFD                    |
|  \\    /   O peration     | Version:     4.1                                |
|   \\  /    A nd           | Web:         http://www.foam-extend.org         |
|    \\/     M anipulation  |                                                 |
\*---------------------------------------------------------------------------*/
FoamFile
{
    version     2.0;
    format      ascii;
    class       volScalarField;
    location    "0.199";
    object      sigmaEq;
}
// * * * * * * * * * * * * * * * * * * * * * * * * * * * * * * * * * * * * * //

dimensions      [1 -1 -2 0 0 0 0];

internalField   nonuniform List<scalar> 
5120
(
1092.01
960.752
939.424
919.859
902.999
885.664
866.648
846.092
824.391
801.941
779.076
756.057
733.072
710.257
687.702
665.468
643.594
622.104
601.011
580.324
560.046
540.178
520.72
501.669
483.024
464.783
446.941
429.497
412.448
395.79
379.52
363.635
348.132
333.009
318.261
303.886
289.88
276.242
262.967
250.053
237.496
225.295
213.446
201.947
190.794
179.985
169.518
159.389
149.597
140.14
131.014
122.217
113.748
105.603
97.7823
90.2822
83.1012
76.2374
69.6892
63.4548
57.5327
51.9212
46.6192
41.6254
36.9386
32.558
28.483
24.7131
21.2485
18.0896
15.2378
12.6955
10.4667
8.5578
6.97743
5.73541
4.83714
4.27363
4.02588
4.03513
991.359
968.857
963.902
940.033
916.669
893.909
870.778
847.331
823.726
800.092
776.541
753.167
730.04
707.215
684.728
662.608
640.872
619.53
598.588
578.051
557.918
538.19
518.864
499.94
481.414
463.284
445.548
428.202
411.245
394.672
378.482
362.671
347.237
332.177
317.488
303.167
289.211
275.618
262.384
249.508
236.986
224.817
212.996
201.522
190.391
179.603
169.154
159.041
149.264
139.818
130.703
121.915
113.453
105.316
97.4998
90.004
82.8263
75.9652
69.4188
63.1857
57.2643
51.6533
46.3513
41.3573
36.6702
32.2893
28.214
24.4443
20.9805
17.8235
14.9754
12.4399
10.2225
8.33169
6.77859
5.57432
4.72169
4.20547
3.99914
4.0426
965.721
948.748
960.916
944.091
921.793
897.949
873.216
848.302
823.565
799.141
775.084
751.415
728.142
705.271
682.802
660.738
639.08
617.827
596.981
576.539
556.5
536.863
517.625
498.784
480.337
462.282
444.616
427.337
410.441
393.926
377.79
362.03
346.643
331.626
316.977
302.693
288.772
275.211
262.006
249.157
236.66
224.512
212.712
201.256
190.143
179.369
168.934
158.833
149.066
139.63
130.523
121.743
113.288
105.156
97.345
89.8533
82.6791
75.8208
69.2768
63.0455
57.1256
51.5157
46.2146
41.2211
36.5344
32.1539
28.079
24.3099
20.8472
17.6922
14.8476
12.3176
10.1086
8.22983
6.6925
5.50669
4.67294
4.1743
3.98164
4.02862
959.636
939.334
956.877
943.46
922.689
899.161
874.14
848.749
823.556
798.773
774.465
750.64
727.282
704.376
681.906
659.863
638.238
617.026
596.223
575.827
555.833
536.239
517.043
498.242
479.834
461.814
444.182
426.935
410.069
393.583
377.473
361.737
346.372
331.377
316.747
302.481
288.577
275.03
261.84
249.004
236.518
224.381
212.591
201.144
190.038
179.272
168.843
158.748
148.986
139.555
130.452
121.675
113.223
105.093
97.2844
89.7944
82.6216
75.7645
69.2214
62.9908
57.0713
51.4616
46.1606
41.1672
36.4805
32.0998
28.0249
24.256
20.7937
17.6397
14.7968
12.2697
10.065
8.19192
6.6615
5.48286
4.65532
4.16131
3.97087
4.01552
959.636
939.334
956.877
943.46
922.689
899.161
874.14
848.749
823.556
798.773
774.465
750.64
727.282
704.376
681.906
659.863
638.238
617.026
596.223
575.827
555.833
536.239
517.043
498.242
479.834
461.814
444.182
426.935
410.069
393.583
377.473
361.737
346.372
331.377
316.747
302.481
288.577
275.03
261.84
249.004
236.518
224.381
212.591
201.144
190.038
179.272
168.843
158.748
148.986
139.555
130.452
121.675
113.223
105.093
97.2844
89.7944
82.6216
75.7645
69.2214
62.9908
57.0713
51.4616
46.1606
41.1672
36.4805
32.0998
28.0249
24.256
20.7937
17.6397
14.7968
12.2697
10.065
8.19192
6.6615
5.48286
4.65532
4.16131
3.97087
4.01552
965.721
948.748
960.916
944.091
921.793
897.949
873.216
848.302
823.565
799.141
775.084
751.415
728.142
705.271
682.802
660.738
639.08
617.827
596.981
576.539
556.5
536.863
517.625
498.784
480.337
462.282
444.616
427.337
410.441
393.926
377.79
362.03
346.643
331.626
316.977
302.693
288.772
275.211
262.006
249.157
236.66
224.512
212.712
201.256
190.143
179.369
168.934
158.833
149.066
139.63
130.523
121.743
113.288
105.156
97.345
89.8533
82.6791
75.8208
69.2768
63.0455
57.1256
51.5157
46.2146
41.2211
36.5344
32.1539
28.079
24.3099
20.8472
17.6922
14.8476
12.3176
10.1086
8.22983
6.6925
5.50669
4.67294
4.1743
3.98164
4.02862
991.359
968.857
963.902
940.033
916.669
893.909
870.778
847.331
823.726
800.092
776.541
753.167
730.04
707.215
684.728
662.608
640.872
619.53
598.588
578.051
557.918
538.19
518.864
499.94
481.414
463.284
445.548
428.202
411.245
394.672
378.482
362.671
347.237
332.177
317.488
303.167
289.211
275.618
262.384
249.508
236.986
224.817
212.996
201.522
190.391
179.603
169.154
159.041
149.264
139.818
130.703
121.915
113.453
105.316
97.4998
90.004
82.8263
75.9652
69.4188
63.1857
57.2643
51.6533
46.3513
41.3573
36.6702
32.2893
28.214
24.4443
20.9805
17.8235
14.9755
12.4399
10.2225
8.33169
6.77858
5.57431
4.72169
4.20547
3.99914
4.04261
1092.01
960.752
939.424
919.859
902.999
885.664
866.648
846.092
824.391
801.941
779.076
756.057
733.072
710.257
687.702
665.468
643.594
622.104
601.011
580.324
560.046
540.178
520.72
501.669
483.024
464.783
446.941
429.497
412.448
395.79
379.52
363.635
348.132
333.009
318.261
303.886
289.88
276.242
262.967
250.053
237.496
225.295
213.446
201.947
190.794
179.985
169.518
159.389
149.597
140.14
131.013
122.217
113.748
105.603
97.7823
90.2822
83.1012
76.2374
69.6892
63.4548
57.5327
51.9212
46.6192
41.6254
36.9386
32.558
28.483
24.7131
21.2485
18.0896
15.2378
12.6955
10.4667
8.5578
6.97743
5.73541
4.83713
4.27363
4.02587
4.03513
643.59
652.553
657.187
642.673
628.982
616.225
603.043
589.206
574.774
559.883
544.697
529.365
514.007
498.713
483.548
468.555
453.765
439.196
424.863
410.772
396.929
383.337
369.998
356.913
344.082
331.506
319.184
307.116
295.301
283.739
272.429
261.37
250.561
240.002
229.69
219.626
209.808
200.235
190.906
181.82
172.975
164.371
156.006
147.879
139.989
132.335
124.915
117.729
110.775
104.052
97.5592
91.295
85.2586
79.4487
73.8643
68.5042
63.3673
58.4525
53.7588
49.285
45.03
40.9926
37.1717
33.566
30.1743
26.995
24.0268
21.2677
18.7158
16.3686
14.2231
12.2754
10.5208
8.95355
7.5671
6.35584
5.31931
4.47765
3.90898
3.7443
557.568
673.48
684.103
660.098
639.464
622.049
605.483
589.293
573.313
557.456
541.707
526.082
510.606
495.304
480.198
465.304
450.633
436.195
421.996
408.039
394.327
380.862
367.645
354.676
341.956
329.484
317.261
305.286
293.559
282.079
270.846
259.859
249.117
238.621
228.368
218.359
208.591
199.065
189.78
180.734
171.926
163.357
155.023
146.926
139.062
131.433
124.036
116.87
109.935
103.229
96.7522
90.5026
84.4795
78.682
73.109
67.7595
62.6327
57.7275
53.043
48.5783
44.3324
40.3042
36.493
32.8976
29.517
26.3502
23.3959
20.6529
18.1197
15.7946
13.6756
11.7601
10.0448
8.52605
7.19944
6.06154
5.11177
4.36504
3.88574
3.77527
526.833
664.898
689.735
668.11
645.757
626.2
607.73
590.026
572.939
556.321
540.081
524.164
508.536
493.176
478.073
463.221
448.615
434.256
420.141
406.271
392.645
379.265
366.13
353.24
340.595
328.195
316.039
304.128
292.461
281.038
269.859
258.922
248.227
237.774
227.563
217.591
207.859
198.366
189.112
180.094
171.313
162.767
154.456
146.379
138.535
130.922
123.541
116.39
109.469
102.775
96.3092
90.0698
84.056
78.2669
72.7017
67.3595
62.2393
57.3403
52.6617
48.2025
43.962
39.9392
36.1333
32.5435
29.1688
26.0083
23.0611
20.3262
17.8025
15.4888
13.3836
11.485
9.79067
8.29749
7.00183
5.90034
4.99153
4.28825
3.84612
3.7469
516.923
660.687
690.507
670.329
647.999
627.987
608.884
590.559
572.958
555.957
539.452
523.365
507.639
492.232
477.117
462.275
447.695
433.368
419.291
405.46
391.875
378.535
365.438
352.585
339.976
327.61
315.487
303.606
291.968
280.572
269.418
258.505
247.833
237.401
227.208
217.255
207.54
198.062
188.822
179.817
171.048
162.514
154.213
146.146
138.31
130.706
123.332
116.188
109.272
102.584
96.123
89.888
83.8782
78.0928
72.5309
67.1916
62.0741
57.1776
52.5013
48.0442
43.8057
39.7849
35.981
32.3932
29.0206
25.8625
22.918
20.1863
17.6664
15.3573
13.2579
11.3665
9.68108
8.1988
6.91615
5.82963
4.93726
4.25076
3.8217
3.72517
516.923
660.687
690.507
670.329
647.999
627.987
608.884
590.559
572.958
555.957
539.452
523.365
507.639
492.232
477.117
462.275
447.695
433.368
419.291
405.46
391.875
378.535
365.438
352.585
339.976
327.61
315.487
303.606
291.968
280.572
269.418
258.505
247.833
237.401
227.208
217.255
207.54
198.062
188.822
179.817
171.048
162.514
154.213
146.146
138.31
130.706
123.332
116.188
109.272
102.584
96.123
89.888
83.8782
78.0928
72.5309
67.1916
62.0741
57.1776
52.5013
48.0442
43.8057
39.7849
35.981
32.3932
29.0206
25.8625
22.918
20.1863
17.6664
15.3573
13.2579
11.3665
9.68108
8.1988
6.91615
5.82963
4.93726
4.25076
3.8217
3.72517
526.833
664.898
689.735
668.11
645.757
626.2
607.73
590.026
572.939
556.321
540.081
524.164
508.536
493.176
478.073
463.221
448.615
434.256
420.141
406.271
392.645
379.265
366.13
353.24
340.595
328.195
316.039
304.128
292.461
281.038
269.859
258.922
248.227
237.774
227.563
217.591
207.859
198.366
189.112
180.094
171.313
162.767
154.456
146.379
138.535
130.922
123.541
116.39
109.469
102.775
96.3092
90.0698
84.056
78.2669
72.7017
67.3595
62.2393
57.3403
52.6617
48.2025
43.962
39.9392
36.1333
32.5435
29.1688
26.0083
23.0611
20.3262
17.8025
15.4888
13.3836
11.485
9.79067
8.29749
7.00183
5.90034
4.99153
4.28825
3.84612
3.74691
557.568
673.48
684.103
660.098
639.464
622.049
605.483
589.293
573.313
557.456
541.707
526.082
510.606
495.304
480.198
465.304
450.633
436.195
421.996
408.039
394.327
380.862
367.645
354.676
341.956
329.484
317.261
305.286
293.559
282.079
270.846
259.859
249.117
238.621
228.368
218.359
208.591
199.065
189.78
180.734
171.926
163.357
155.023
146.926
139.062
131.433
124.036
116.87
109.935
103.229
96.7522
90.5026
84.4795
78.682
73.109
67.7595
62.6327
57.7275
53.043
48.5783
44.3324
40.3042
36.493
32.8976
29.517
26.3502
23.3959
20.6529
18.1197
15.7946
13.6756
11.7601
10.0448
8.52605
7.19944
6.06154
5.11177
4.36504
3.88574
3.77527
643.59
652.553
657.187
642.673
628.982
616.225
603.043
589.206
574.774
559.883
544.697
529.365
514.007
498.713
483.548
468.555
453.765
439.196
424.863
410.772
396.929
383.337
369.998
356.913
344.082
331.506
319.184
307.116
295.301
283.739
272.429
261.37
250.561
240.002
229.69
219.626
209.808
200.235
190.906
181.82
172.975
164.371
156.006
147.879
139.989
132.335
124.915
117.729
110.775
104.052
97.5592
91.295
85.2586
79.4487
73.8643
68.5042
63.3673
58.4525
53.7588
49.285
45.03
40.9926
37.1717
33.566
30.1743
26.995
24.0268
21.2677
18.7158
16.3686
14.2231
12.2754
10.5208
8.95355
7.5671
6.35584
5.31932
4.47765
3.90898
3.7443
334.503
358.306
379.191
378.688
373.331
366.611
359.091
351.1
342.792
334.264
325.599
316.872
308.141
299.451
290.831
282.302
273.877
265.566
257.375
249.307
241.367
233.555
225.874
218.326
210.91
203.629
196.483
189.473
182.598
175.86
169.259
162.794
156.466
150.275
144.22
138.303
132.521
126.876
121.367
115.994
110.756
105.653
100.685
95.8511
91.1509
86.584
82.1498
77.8478
73.6773
69.6377
65.7282
61.9482
58.2968
54.7731
51.3762
48.1052
44.9588
41.936
39.0354
36.2556
33.5951
31.0521
28.6249
26.3113
24.1091
22.0158
20.0286
18.1447
16.3607
14.6733
13.0789
11.574
10.1551
8.81948
7.56581
6.39572
5.31738
4.35874
3.60993
3.18345
283.646
380.34
399.831
389.804
378.418
368.151
358.32
348.828
339.586
330.507
321.548
312.696
303.947
295.304
286.771
278.351
270.048
261.864
253.801
245.86
238.043
230.352
222.787
215.349
208.04
200.86
193.811
186.891
180.103
173.447
166.922
160.53
154.271
148.145
142.151
136.291
130.564
124.97
119.508
114.18
108.985
103.923
98.9927
94.1948
89.529
84.9947
80.5917
76.3196
72.178
68.1663
64.2841
60.5308
56.9057
53.4083
50.0378
46.7933
43.6741
40.6791
37.8073
35.0574
32.4283
29.9185
27.5263
25.25
23.0875
21.0367
19.0952
17.2601
15.5286
13.8975
12.3633
10.9227
9.57227
8.3094
7.13283
6.04449
5.05252
4.18687
3.54055
3.22493
261.025
381.25
409.093
398.42
383.888
370.93
359.166
348.347
338.223
328.578
319.277
310.236
301.401
292.741
284.234
275.867
267.633
259.526
251.545
243.688
235.954
228.343
220.857
213.494
206.258
199.147
192.163
185.306
178.576
171.976
165.504
159.162
152.949
146.867
140.915
135.093
129.402
123.843
118.414
113.116
107.949
102.913
98.0078
93.2334
88.5896
84.0763
79.693
75.4397
71.3159
67.3214
63.4556
59.7182
56.1088
52.6266
49.2712
46.0419
42.9379
39.9584
37.1025
34.3692
31.7573
29.2655
26.8924
24.6364
22.4957
20.4683
18.5518
16.7438
15.0415
13.4419
11.9416
10.5372
9.2256
8.00388
6.8709
5.82871
4.88627
4.0758
3.48464
3.19979
252.855
381.505
412.544
401.964
386.491
372.516
359.888
348.403
337.802
327.833
318.322
309.155
300.254
291.567
283.06
274.711
266.505
258.432
250.488
242.67
234.975
227.403
219.954
212.629
205.427
198.349
191.397
184.57
177.87
171.296
164.85
158.532
152.342
146.28
140.348
134.545
128.872
123.329
117.915
112.632
107.479
102.455
97.5619
92.7987
88.1653
83.6617
79.2877
75.0431
70.9276
66.9409
63.0826
59.3525
55.75
52.2747
48.9261
45.7034
42.6061
39.6334
36.7845
34.0583
31.4539
28.9699
26.6052
24.358
22.2268
20.2096
18.3042
16.5081
14.8187
13.233
11.7478
10.3597
9.06539
7.86212
6.74873
5.72746
4.8076
4.02166
3.45275
3.1779
252.855
381.505
412.544
401.964
386.491
372.516
359.888
348.403
337.802
327.833
318.322
309.155
300.254
291.567
283.06
274.711
266.505
258.432
250.488
242.67
234.975
227.403
219.954
212.629
205.427
198.349
191.397
184.57
177.87
171.296
164.85
158.532
152.342
146.28
140.348
134.545
128.872
123.329
117.915
112.632
107.479
102.455
97.5619
92.7987
88.1653
83.6617
79.2877
75.0431
70.9276
66.9409
63.0826
59.3525
55.75
52.2747
48.9261
45.7034
42.6061
39.6334
36.7845
34.0583
31.4539
28.9699
26.6052
24.358
22.2268
20.2096
18.3042
16.5081
14.8187
13.233
11.7478
10.3597
9.06539
7.86212
6.74873
5.72746
4.8076
4.02166
3.45275
3.1779
261.025
381.25
409.093
398.42
383.888
370.93
359.166
348.347
338.223
328.578
319.277
310.236
301.401
292.741
284.234
275.867
267.633
259.526
251.545
243.688
235.954
228.343
220.857
213.494
206.258
199.147
192.163
185.306
178.576
171.976
165.504
159.162
152.949
146.867
140.915
135.093
129.402
123.843
118.414
113.116
107.949
102.913
98.0078
93.2334
88.5896
84.0763
79.693
75.4397
71.3159
67.3214
63.4556
59.7182
56.1088
52.6266
49.2712
46.0419
42.9379
39.9584
37.1025
34.3692
31.7573
29.2655
26.8924
24.6364
22.4957
20.4683
18.5518
16.7438
15.0415
13.4419
11.9416
10.5372
9.2256
8.00388
6.8709
5.82871
4.88627
4.0758
3.48464
3.19979
283.646
380.34
399.831
389.804
378.418
368.151
358.32
348.828
339.586
330.507
321.548
312.696
303.947
295.304
286.771
278.351
270.048
261.864
253.801
245.86
238.043
230.352
222.787
215.349
208.04
200.86
193.811
186.891
180.103
173.447
166.922
160.53
154.271
148.145
142.151
136.291
130.564
124.97
119.508
114.18
108.985
103.923
98.9927
94.1948
89.529
84.9947
80.5917
76.3196
72.178
68.1663
64.2841
60.5308
56.9057
53.4083
50.0378
46.7933
43.6741
40.6791
37.8073
35.0574
32.4283
29.9185
27.5263
25.25
23.0875
21.0367
19.0952
17.2601
15.5286
13.8975
12.3633
10.9227
9.57227
8.3094
7.13283
6.04449
5.05252
4.18687
3.54055
3.22493
334.503
358.306
379.191
378.688
373.331
366.611
359.091
351.1
342.792
334.264
325.599
316.872
308.141
299.451
290.831
282.302
273.877
265.566
257.375
249.307
241.367
233.555
225.874
218.326
210.91
203.629
196.483
189.473
182.598
175.86
169.259
162.794
156.466
150.275
144.22
138.303
132.521
126.876
121.367
115.994
110.756
105.653
100.685
95.8511
91.1509
86.584
82.1498
77.8478
73.6773
69.6377
65.7282
61.9482
58.2968
54.7731
51.3762
48.1052
44.9588
41.936
39.0354
36.2556
33.5951
31.0521
28.6249
26.3113
24.1091
22.0158
20.0286
18.1447
16.3607
14.6733
13.0789
11.574
10.1551
8.81948
7.56581
6.39572
5.31738
4.35874
3.60993
3.18345
89.7076
106.14
128.935
138.241
142.133
143.174
142.641
141.217
139.251
136.941
134.418
131.767
129.045
126.291
123.528
120.77
118.024
115.297
112.592
109.911
107.254
104.624
102.022
99.4477
96.9028
94.3878
91.9032
89.4496
87.0273
84.6368
82.2781
79.9516
77.6574
75.3956
73.1662
70.9693
68.8047
66.6726
64.5726
62.5048
60.469
58.4648
56.4922
54.5508
52.6404
50.7606
48.9111
47.0914
45.3012
43.5401
41.8075
40.103
38.426
36.776
35.1525
33.5548
31.9823
30.4344
28.9104
27.4097
25.9316
24.4753
23.0402
21.6257
20.2309
18.8554
17.4985
16.1598
14.8391
13.5364
12.2524
10.9884
9.74701
8.53278
7.35257
6.21614
5.13566
4.12701
3.22861
2.45641
72.9654
138.916
149.616
147.959
145.531
142.811
139.957
137.112
134.295
131.499
128.721
125.964
123.228
120.516
117.828
115.165
112.527
109.913
107.323
104.758
102.218
99.7023
97.2127
94.7492
92.3125
89.9031
87.5216
85.1685
82.8443
80.5494
78.2841
76.0488
73.8436
71.669
69.5249
67.4117
65.3294
63.278
61.2576
59.2683
57.3099
55.3824
53.4856
51.6196
49.784
47.9786
46.2033
44.4577
42.7415
41.0544
39.3961
37.766
36.1637
34.5889
33.0409
31.5192
30.0234
28.5527
27.1067
25.6845
24.2857
22.9095
21.5553
20.2223
18.91
17.6176
16.3447
15.0908
13.8555
12.6389
11.4414
10.2639
9.10846
7.97863
6.87998
5.82094
4.81351
3.88092
3.08017
2.47216
69.0958
158.676
168.003
159.86
151.99
145.539
140.242
135.825
132.008
128.59
125.442
122.479
119.646
116.906
114.235
111.615
109.037
106.492
103.978
101.49
99.028
96.5906
94.1778
91.7898
89.4267
87.0892
84.7776
82.4924
80.2342
78.0033
75.8002
73.6254
71.4791
69.3617
67.2735
65.2147
63.1855
61.1861
59.2167
57.2773
55.3681
53.4889
51.6399
49.821
48.032
46.2729
44.5435
42.8435
41.1729
39.5313
37.9183
36.3337
34.7771
33.248
31.746
30.2706
28.8214
27.3977
25.999
24.6247
23.2741
21.9467
20.6417
19.3585
18.0964
16.8549
15.6332
14.431
13.2479
12.0836
10.9384
9.81311
8.70923
7.6299
6.58052
5.57012
4.61336
3.73963
3.00641
2.45409
67.6489
167.115
176.679
166.159
155.91
147.602
140.969
135.635
131.208
127.396
124.001
120.892
117.981
115.207
112.531
109.925
107.371
104.858
102.379
99.9286
97.5047
95.1056
92.7307
90.3799
88.0533
85.7513
83.4741
81.2224
78.9966
76.7971
74.6245
72.4792
70.3616
68.272
66.2108
64.1782
62.1747
60.2003
58.2553
56.3398
54.454
52.5978
50.7714
48.9748
47.2078
45.4705
43.7627
42.0843
40.435
38.8146
37.2229
35.6596
34.1243
32.6166
31.1361
29.6824
28.2549
26.8532
25.4766
24.1247
22.7967
21.4921
20.2101
18.9502
17.7118
16.494
15.2964
14.1185
12.9597
11.82
10.6992
9.5982
8.5183
7.46256
6.43652
5.44976
4.51835
3.67356
2.97049
2.4389
67.6489
167.115
176.679
166.159
155.91
147.602
140.969
135.635
131.208
127.396
124.001
120.892
117.981
115.207
112.531
109.925
107.371
104.858
102.379
99.9286
97.5047
95.1056
92.7307
90.3799
88.0533
85.7513
83.4741
81.2224
78.9966
76.7971
74.6245
72.4792
70.3616
68.272
66.2108
64.1782
62.1747
60.2003
58.2553
56.3398
54.454
52.5978
50.7714
48.9748
47.2078
45.4705
43.7627
42.0843
40.435
38.8146
37.2229
35.6596
34.1243
32.6166
31.1361
29.6824
28.2549
26.8532
25.4766
24.1247
22.7967
21.4921
20.2101
18.9502
17.7118
16.494
15.2964
14.1185
12.9597
11.82
10.6992
9.5982
8.5183
7.46256
6.43652
5.44976
4.51835
3.67356
2.97049
2.4389
69.0958
158.676
168.003
159.86
151.99
145.539
140.242
135.825
132.008
128.59
125.442
122.479
119.646
116.906
114.235
111.615
109.037
106.492
103.978
101.49
99.028
96.5906
94.1778
91.7898
89.4267
87.0892
84.7776
82.4924
80.2342
78.0033
75.8002
73.6254
71.4791
69.3617
67.2735
65.2147
63.1855
61.1861
59.2167
57.2773
55.3681
53.4889
51.6399
49.821
48.032
46.2729
44.5435
42.8435
41.1729
39.5313
37.9183
36.3337
34.7771
33.248
31.746
30.2706
28.8214
27.3977
25.999
24.6247
23.2741
21.9467
20.6417
19.3585
18.0964
16.8549
15.6332
14.431
13.2479
12.0836
10.9384
9.81311
8.70923
7.6299
6.58052
5.57012
4.61336
3.73963
3.00641
2.45409
72.9654
138.916
149.616
147.959
145.531
142.811
139.957
137.112
134.295
131.499
128.721
125.964
123.228
120.516
117.828
115.165
112.527
109.913
107.323
104.758
102.218
99.7023
97.2127
94.7492
92.3125
89.9031
87.5216
85.1685
82.8443
80.5494
78.2841
76.0488
73.8436
71.669
69.5249
67.4117
65.3294
63.278
61.2576
59.2683
57.3099
55.3824
53.4856
51.6196
49.784
47.9786
46.2033
44.4577
42.7415
41.0544
39.3961
37.766
36.1637
34.5889
33.0409
31.5192
30.0234
28.5527
27.1067
25.6845
24.2857
22.9095
21.5553
20.2223
18.91
17.6176
16.3447
15.0908
13.8555
12.6389
11.4414
10.2639
9.10846
7.97863
6.87998
5.82094
4.81351
3.88092
3.08017
2.47216
89.7076
106.14
128.935
138.241
142.133
143.174
142.641
141.217
139.251
136.941
134.418
131.767
129.045
126.291
123.528
120.77
118.024
115.297
112.592
109.911
107.254
104.624
102.022
99.4477
96.9028
94.3878
91.9032
89.4496
87.0273
84.6368
82.2781
79.9516
77.6574
75.3956
73.1662
70.9693
68.8047
66.6726
64.5726
62.5048
60.469
58.4648
56.4922
54.5508
52.6404
50.7606
48.9111
47.0914
45.3012
43.5401
41.8075
40.103
38.426
36.776
35.1525
33.5548
31.9823
30.4344
28.9104
27.4097
25.9316
24.4753
23.0402
21.6257
20.2309
18.8554
17.4985
16.1598
14.8391
13.5364
12.2524
10.9884
9.74701
8.53278
7.35257
6.21614
5.13566
4.12701
3.22861
2.45641
166.324
142.497
144.305
142.466
141.965
142.13
142.18
141.786
140.815
139.28
137.267
134.891
132.257
129.456
126.556
123.605
120.639
117.68
114.743
111.835
108.963
106.13
103.336
100.583
97.8716
95.201
92.5713
89.9826
87.4346
84.9272
82.4602
80.0333
77.6464
75.2991
72.9912
70.7223
68.4922
66.3005
64.1467
62.0306
59.9515
57.9092
55.903
53.9325
51.9971
50.0963
48.2295
46.3961
44.5954
42.8268
41.0897
39.3834
37.7071
36.0601
34.4418
32.8512
31.2877
29.7504
28.2386
26.7514
25.2879
23.8473
22.4288
21.0315
19.6544
18.2969
16.958
15.637
14.3333
13.0466
11.777
10.5253
9.29351
8.08526
6.90683
5.76737
4.67804
3.64808
2.67724
1.68435
127.781
171.78
172.785
163.707
157.291
152.753
149.143
146.026
143.099
140.189
137.226
134.194
131.106
127.982
124.844
121.713
118.601
115.52
112.476
109.474
106.518
103.608
100.745
97.9303
95.1634
92.4441
89.7723
87.1477
84.57
82.0387
79.5534
77.1139
74.7195
72.3699
70.0646
67.803
65.5848
63.4092
61.2757
59.1838
57.1329
55.1223
53.1514
51.2194
49.3259
47.4699
45.6509
43.8681
42.1207
40.408
38.7291
37.0834
35.47
33.888
32.3366
30.815
29.3223
27.8575
26.4199
25.0084
23.6222
22.2603
20.9218
19.6057
18.3112
17.0372
15.7831
14.5478
13.3308
12.1316
10.9499
9.78626
8.64181
7.51908
6.42249
5.35881
4.3377
3.37384
2.48506
1.65995
110.024
184.274
190.397
178.983
168.936
161.235
155.127
150.092
145.72
141.743
138.004
134.414
130.924
127.511
124.162
120.87
117.633
114.45
111.321
108.245
105.222
102.253
99.3373
96.4741
93.6633
90.9048
88.198
85.5425
82.9379
80.3837
77.8794
75.4245
73.0183
70.6604
68.35
66.0866
63.8695
61.6981
59.5716
57.4895
55.4509
53.4551
51.5014
49.589
47.7172
45.8852
44.092
42.3371
40.6194
38.9382
37.2926
35.6817
34.1046
32.5605
31.0485
29.5675
28.1167
26.6952
25.3019
23.9359
22.5963
21.2819
19.992
18.7254
17.4811
16.2583
15.056
13.8732
12.7093
11.5634
10.4354
9.32507
8.23326
7.16189
6.1149
5.09931
4.12728
3.21986
2.40044
1.65421
102.938
189.977
198.18
185.921
174.495
165.474
158.242
152.298
147.214
142.692
138.545
134.654
130.946
127.373
123.905
120.525
117.22
113.983
110.809
107.695
104.64
101.641
98.6983
95.8109
92.9783
90.2001
87.4756
84.8045
82.1861
79.62
77.1056
74.6424
72.2296
69.8666
67.5529
65.2876
63.0701
60.8998
58.7757
56.6973
54.6637
52.6741
50.7278
48.824
46.9618
45.1403
43.3588
41.6164
39.9122
38.2454
36.615
35.0201
33.4598
31.9332
30.4394
28.9773
27.5461
26.1447
24.7722
23.4275
22.1097
20.8177
19.5505
18.3072
17.0867
15.888
14.7101
13.5521
12.4132
11.2925
10.1896
9.10428
8.03711
6.98985
5.96645
4.97446
4.02753
3.14935
2.36375
1.65073
102.938
189.977
198.18
185.921
174.495
165.474
158.242
152.298
147.214
142.692
138.545
134.654
130.946
127.373
123.905
120.525
117.22
113.983
110.809
107.695
104.64
101.641
98.6983
95.8109
92.9783
90.2001
87.4756
84.8045
82.1861
79.62
77.1056
74.6424
72.2296
69.8666
67.5529
65.2876
63.0701
60.8998
58.7757
56.6973
54.6637
52.6741
50.7278
48.824
46.9618
45.1403
43.3588
41.6164
39.9122
38.2454
36.615
35.0201
33.4598
31.9332
30.4394
28.9773
27.5461
26.1447
24.7722
23.4275
22.1097
20.8177
19.5505
18.3072
17.0867
15.888
14.7101
13.5521
12.4132
11.2925
10.1896
9.10428
8.03711
6.98985
5.96645
4.97446
4.02753
3.14935
2.36375
1.65073
110.024
184.274
190.397
178.983
168.936
161.235
155.127
150.092
145.72
141.743
138.004
134.414
130.924
127.511
124.162
120.87
117.633
114.45
111.321
108.245
105.222
102.253
99.3373
96.4741
93.6633
90.9048
88.198
85.5425
82.9379
80.3837
77.8794
75.4245
73.0183
70.6604
68.35
66.0866
63.8695
61.6981
59.5716
57.4895
55.4509
53.4551
51.5014
49.589
47.7172
45.8852
44.092
42.3371
40.6194
38.9382
37.2926
35.6817
34.1046
32.5605
31.0485
29.5675
28.1167
26.6952
25.3019
23.9359
22.5963
21.2819
19.992
18.7254
17.4811
16.2583
15.056
13.8732
12.7093
11.5634
10.4354
9.32507
8.23326
7.16189
6.1149
5.09931
4.12728
3.21986
2.40044
1.65421
127.781
171.78
172.785
163.707
157.291
152.753
149.143
146.026
143.099
140.189
137.226
134.194
131.106
127.982
124.844
121.713
118.601
115.52
112.476
109.474
106.518
103.608
100.745
97.9303
95.1634
92.4441
89.7723
87.1477
84.57
82.0387
79.5534
77.1139
74.7195
72.3699
70.0646
67.803
65.5848
63.4092
61.2757
59.1838
57.1329
55.1223
53.1514
51.2194
49.3259
47.4699
45.6509
43.8681
42.1207
40.408
38.7291
37.0834
35.47
33.888
32.3366
30.815
29.3223
27.8575
26.4199
25.0084
23.6222
22.2603
20.9218
19.6057
18.3112
17.0372
15.7831
14.5478
13.3308
12.1316
10.9499
9.78626
8.64181
7.51908
6.42249
5.35881
4.3377
3.37384
2.48506
1.65995
166.324
142.497
144.305
142.466
141.965
142.13
142.18
141.786
140.815
139.28
137.267
134.891
132.257
129.456
126.556
123.605
120.639
117.68
114.743
111.835
108.963
106.13
103.336
100.583
97.8716
95.201
92.5713
89.9826
87.4346
84.9272
82.4602
80.0333
77.6464
75.2991
72.9912
70.7223
68.4922
66.3005
64.1467
62.0306
59.9515
57.9092
55.903
53.9325
51.9971
50.0963
48.2295
46.3961
44.5954
42.8268
41.0897
39.3834
37.7071
36.0601
34.4418
32.8512
31.2877
29.7504
28.2386
26.7514
25.2879
23.8473
22.4288
21.0315
19.6544
18.2969
16.9579
15.637
14.3333
13.0466
11.777
10.5253
9.29351
8.08526
6.90683
5.76737
4.67804
3.64808
2.67724
1.68435
392.426
369.405
369.746
359.948
352.314
346.554
341.055
335.214
328.823
321.877
314.473
306.741
298.799
290.749
282.664
274.597
266.586
258.654
250.817
243.085
235.463
227.955
220.565
213.293
206.14
199.108
192.198
185.41
178.744
172.203
165.785
159.492
153.324
147.283
141.367
135.578
129.915
124.38
118.972
113.692
108.539
103.514
98.617
93.8477
89.2063
84.6925
80.3064
76.0477
71.9162
67.9116
64.0336
60.2819
56.6561
53.1555
49.7797
46.528
43.3996
40.3937
37.5094
34.7455
32.1009
29.574
27.1633
24.8668
22.6826
20.6081
18.6406
16.7768
15.0131
13.3454
11.769
10.2788
8.86914
7.53464
6.27036
5.07353
3.94599
2.89676
1.93157
0.973428
321.164
397.119
402.276
385.069
371.354
360.832
351.479
342.69
334.148
325.68
317.221
308.761
300.316
291.909
283.56
275.29
267.112
259.036
251.07
243.218
235.485
227.872
220.381
213.014
205.772
198.655
191.664
184.801
178.065
171.458
164.979
158.629
152.409
146.319
140.358
134.528
128.829
123.26
117.822
112.514
107.337
102.291
97.376
92.5913
87.937
83.4129
79.019
74.7548
70.6201
66.6147
62.7381
58.9899
55.3697
51.877
48.5111
45.2716
42.1576
39.1683
36.3029
33.5604
30.9397
28.4393
26.058
23.7939
21.6453
19.6097
17.6848
15.8676
14.1546
12.542
11.0253
9.59951
8.25902
6.99795
5.81056
4.69227
3.64204
2.66616
1.77136
0.934636
287.554
395.047
414.311
399.643
383.977
370.939
359.326
348.66
338.639
329.047
319.755
310.69
301.809
293.085
284.503
276.056
267.737
259.546
251.48
243.539
235.724
228.035
220.473
213.039
205.733
198.556
191.509
184.593
177.807
171.152
164.63
158.239
151.981
145.855
139.862
134.002
128.275
122.681
117.22
111.892
106.696
101.634
96.7036
91.906
87.2406
82.7072
78.3055
74.0351
69.8958
65.8872
62.0089
58.2603
54.6411
51.1508
47.7887
44.5541
41.4465
38.4651
35.6089
32.877
30.2684
27.7818
25.4159
23.1691
21.0395
19.0253
17.1238
15.3325
13.648
12.0667
10.5841
9.19533
7.89456
6.67557
5.53199
4.4585
3.45397
2.52703
1.69156
0.946831
275.37
394.181
418.353
405.1
389.288
375.584
363.156
351.702
341
330.857
321.139
311.753
302.634
293.735
285.024
276.478
268.084
259.83
251.712
243.726
235.871
228.144
220.547
213.08
205.743
198.537
191.462
184.52
177.709
171.032
164.488
158.077
151.8
145.657
139.648
133.773
128.033
122.426
116.954
111.615
106.411
101.34
96.4025
91.5984
86.9274
82.3892
77.9834
73.7098
69.5679
65.5574
61.6779
57.9288
54.3098
50.8202
47.4594
44.2269
41.1219
38.1437
35.2914
32.5641
29.9607
27.4801
25.1209
22.8817
20.7606
18.7558
16.8648
15.0851
13.4135
11.8463
10.3792
9.00714
7.72438
6.52446
5.40075
4.34783
3.36501
2.46265
1.65811
0.95697
275.37
394.181
418.353
405.1
389.288
375.584
363.156
351.702
341
330.857
321.139
311.753
302.634
293.735
285.024
276.478
268.084
259.83
251.712
243.726
235.871
228.144
220.547
213.08
205.743
198.537
191.462
184.52
177.709
171.032
164.488
158.077
151.8
145.657
139.648
133.773
128.033
122.426
116.954
111.615
106.411
101.34
96.4025
91.5984
86.9274
82.3892
77.9834
73.7098
69.5679
65.5574
61.6779
57.9288
54.3098
50.8202
47.4594
44.2269
41.1219
38.1437
35.2914
32.5641
29.9607
27.4801
25.1209
22.8817
20.7606
18.7558
16.8648
15.0851
13.4135
11.8463
10.3792
9.00714
7.72438
6.52446
5.40075
4.34783
3.36501
2.46265
1.65811
0.956971
287.554
395.047
414.311
399.643
383.977
370.939
359.326
348.66
338.639
329.047
319.755
310.69
301.809
293.085
284.503
276.056
267.737
259.546
251.48
243.539
235.724
228.035
220.473
213.039
205.733
198.556
191.509
184.593
177.807
171.152
164.63
158.239
151.981
145.855
139.862
134.002
128.275
122.681
117.22
111.892
106.696
101.634
96.7036
91.906
87.2406
82.7072
78.3055
74.0351
69.8958
65.8872
62.0089
58.2603
54.6411
51.1508
47.7887
44.5541
41.4465
38.4651
35.6089
32.877
30.2684
27.7818
25.4159
23.1691
21.0395
19.0253
17.1238
15.3325
13.648
12.0667
10.5841
9.19533
7.89456
6.67557
5.53199
4.4585
3.45397
2.52703
1.69156
0.946832
321.164
397.119
402.276
385.069
371.354
360.832
351.479
342.69
334.148
325.68
317.221
308.761
300.316
291.909
283.56
275.29
267.112
259.036
251.07
243.218
235.485
227.872
220.381
213.014
205.772
198.655
191.664
184.801
178.065
171.458
164.979
158.629
152.409
146.319
140.358
134.528
128.829
123.26
117.822
112.514
107.337
102.291
97.376
92.5913
87.937
83.4129
79.019
74.7548
70.6201
66.6147
62.7381
58.9899
55.3697
51.877
48.5111
45.2716
42.1576
39.1683
36.3029
33.5604
30.9397
28.4393
26.058
23.7939
21.6453
19.6097
17.6848
15.8676
14.1546
12.542
11.0253
9.59951
8.25902
6.99795
5.81056
4.69227
3.64204
2.66616
1.77136
0.934636
392.426
369.405
369.746
359.948
352.314
346.554
341.055
335.214
328.823
321.877
314.473
306.741
298.799
290.749
282.664
274.597
266.586
258.654
250.817
243.085
235.463
227.955
220.565
213.293
206.14
199.108
192.198
185.41
178.744
172.203
165.785
159.492
153.324
147.283
141.367
135.578
129.915
124.38
118.972
113.692
108.539
103.514
98.617
93.8477
89.2063
84.6925
80.3064
76.0477
71.9162
67.9116
64.0336
60.2819
56.6561
53.1555
49.7797
46.528
43.3996
40.3937
37.5094
34.7455
32.1009
29.574
27.1633
24.8669
22.6826
20.6081
18.6406
16.7768
15.0131
13.3454
11.769
10.2788
8.86914
7.53464
6.27036
5.07353
3.94599
2.89676
1.93157
0.973427
640.851
605.324
593.052
576.419
566.016
557.504
548.194
537.743
526.297
514.096
501.382
488.359
475.186
461.975
448.805
435.728
422.778
409.976
397.335
384.864
372.569
360.453
348.52
336.772
325.21
313.836
302.653
291.661
280.862
270.257
259.849
249.638
239.625
229.811
220.198
210.787
201.579
192.573
183.772
175.176
166.786
158.602
150.624
142.854
135.292
127.939
120.794
113.858
107.132
100.615
94.3086
88.2119
82.3256
76.6496
71.1841
65.929
60.8844
56.0503
51.4264
47.0127
42.8089
38.8147
35.0298
31.4536
28.0855
24.9247
21.97
19.2201
16.6731
14.3264
12.1764
10.2182
8.44483
6.84697
5.41211
4.12507
2.97142
1.94769
1.07892
0.398808
547.428
640.177
633.171
606.863
589.043
574.74
560.743
546.754
532.781
518.832
504.934
491.116
477.405
463.823
450.387
437.108
423.995
411.054
398.288
385.703
373.3
361.082
349.052
337.211
325.561
314.104
302.841
291.774
280.905
270.235
259.765
249.496
239.429
229.565
219.906
210.451
201.203
192.16
183.326
174.698
166.28
158.07
150.069
142.279
134.698
127.328
120.168
113.219
106.482
99.9556
93.6409
87.5377
81.6462
75.9663
70.4982
65.2416
60.1966
55.3632
50.741
46.3301
42.1301
38.1407
34.3617
30.7926
27.4328
24.2817
21.3386
18.6022
16.0713
13.7439
11.6174
9.68819
7.95106
6.39868
5.02087
3.80418
2.7335
1.79745
1.00135
0.382993
512.075
633.503
643.852
621.808
602.886
586.334
569.966
553.868
538.194
522.95
508.1
493.6
479.405
465.48
451.797
438.334
425.079
412.023
399.16
386.487
374.006
361.714
349.615
337.708
325.996
314.479
303.161
292.041
281.122
270.404
259.889
249.578
239.472
229.572
219.878
210.392
201.114
192.044
183.184
174.534
166.093
157.864
149.845
142.038
134.442
127.058
119.886
112.926
106.179
99.6442
93.3219
87.2121
81.3149
75.6303
70.1581
64.8984
59.8511
55.0159
50.3927
45.9814
41.7817
37.7932
34.0157
30.4488
27.0921
23.9448
21.0065
18.2762
15.7529
13.4351
11.3208
9.40707
7.6896
6.16186
4.81407
3.6323
2.59932
1.7007
0.945363
0.403489
501.368
630.422
646.298
626.585
608.275
591.461
574.383
557.458
541.023
525.15
509.811
494.946
480.484
466.365
452.541
438.974
425.64
412.52
399.605
386.888
374.366
362.037
349.903
337.964
326.221
314.676
303.33
292.184
281.24
270.499
259.963
249.631
239.506
229.588
219.877
210.376
201.083
192
183.127
174.466
166.015
157.776
149.748
141.933
134.33
126.94
119.762
112.797
106.045
99.5061
93.1803
87.0675
81.1677
75.4809
70.007
64.7459
59.6975
54.8616
50.238
45.8266
41.627
37.6391
33.8624
30.2965
26.9411
23.7957
20.8596
18.1321
15.6124
13.299
11.1904
9.28387
7.57542
6.05872
4.72397
3.55684
2.53935
1.65692
0.922865
0.420184
501.368
630.422
646.298
626.585
608.275
591.461
574.383
557.458
541.023
525.15
509.811
494.946
480.484
466.365
452.541
438.974
425.64
412.52
399.605
386.888
374.366
362.037
349.903
337.964
326.221
314.676
303.33
292.184
281.24
270.499
259.963
249.631
239.506
229.588
219.877
210.376
201.083
192
183.127
174.466
166.015
157.776
149.748
141.933
134.33
126.94
119.762
112.797
106.045
99.5061
93.1803
87.0675
81.1677
75.4809
70.007
64.7459
59.6975
54.8616
50.238
45.8266
41.627
37.6391
33.8624
30.2965
26.9411
23.7957
20.8596
18.1321
15.6124
13.299
11.1904
9.28387
7.57542
6.05872
4.72397
3.55684
2.53935
1.65692
0.922863
0.420182
512.075
633.503
643.852
621.808
602.886
586.334
569.966
553.868
538.194
522.95
508.1
493.6
479.405
465.48
451.797
438.334
425.079
412.023
399.16
386.487
374.006
361.714
349.615
337.708
325.996
314.479
303.161
292.041
281.122
270.404
259.889
249.578
239.472
229.572
219.878
210.392
201.114
192.044
183.184
174.534
166.093
157.864
149.845
142.038
134.442
127.058
119.886
112.926
106.179
99.6442
93.3219
87.2121
81.3149
75.6303
70.1581
64.8984
59.8511
55.0159
50.3927
45.9814
41.7817
37.7932
34.0157
30.4488
27.0921
23.9448
21.0065
18.2762
15.7529
13.4351
11.3208
9.40707
7.6896
6.16186
4.81407
3.6323
2.59932
1.7007
0.945361
0.403487
547.428
640.177
633.171
606.863
589.043
574.74
560.743
546.754
532.781
518.832
504.934
491.116
477.405
463.823
450.387
437.108
423.995
411.054
398.288
385.703
373.3
361.082
349.052
337.211
325.561
314.104
302.841
291.774
280.905
270.235
259.765
249.496
239.429
229.565
219.906
210.451
201.203
192.16
183.326
174.698
166.28
158.07
150.069
142.279
134.698
127.328
120.168
113.219
106.482
99.9556
93.6409
87.5377
81.6462
75.9663
70.4982
65.2416
60.1966
55.3632
50.741
46.3301
42.1301
38.1407
34.3617
30.7926
27.4328
24.2817
21.3386
18.6022
16.0713
13.7439
11.6174
9.68819
7.95106
6.39868
5.02087
3.80418
2.7335
1.79745
1.00135
0.382993
640.851
605.324
593.052
576.419
566.016
557.504
548.194
537.743
526.297
514.096
501.382
488.359
475.186
461.975
448.805
435.728
422.778
409.976
397.335
384.864
372.569
360.453
348.52
336.772
325.21
313.836
302.653
291.661
280.862
270.257
259.849
249.638
239.625
229.811
220.198
210.787
201.579
192.573
183.772
175.176
166.786
158.602
150.624
142.854
135.292
127.939
120.794
113.858
107.132
100.615
94.3086
88.2119
82.3256
76.6496
71.1841
65.929
60.8844
56.0503
51.4264
47.0127
42.8089
38.8147
35.0298
31.4536
28.0855
24.9247
21.97
19.2201
16.6731
14.3264
12.1764
10.2182
8.44483
6.84697
5.41211
4.12507
2.97142
1.94769
1.07891
0.398803
950.858
814.609
802.794
793.241
783.135
771.268
757.142
741.29
724.286
706.572
688.471
670.206
651.923
633.716
615.645
597.749
580.049
562.561
545.295
528.257
511.451
494.882
478.554
462.468
446.627
431.035
415.694
400.606
385.773
371.197
356.882
342.828
329.038
315.514
302.258
289.27
276.554
264.11
251.94
240.046
228.428
217.089
206.03
195.251
184.754
174.54
164.61
154.965
145.606
136.534
127.749
119.253
111.046
103.129
95.5028
88.1674
81.1236
74.3719
67.9127
61.7464
55.8733
50.2938
45.0081
40.0164
35.3188
30.9154
26.8062
22.9911
19.4699
16.2423
13.3077
10.6655
8.31483
6.25497
4.48555
3.0073
1.82309
0.938213
0.361853
0.099025
859.094
846.725
843.866
826.018
808.177
789.953
770.688
750.975
731.235
711.652
692.301
673.207
654.37
635.786
617.448
599.349
581.488
563.863
546.474
529.323
512.412
495.742
479.317
463.14
447.213
431.539
416.12
400.959
386.058
371.418
357.043
342.933
329.092
315.52
302.219
289.191
276.437
263.958
251.757
239.835
228.191
216.829
205.749
194.952
184.438
174.21
164.268
154.613
145.245
136.165
127.375
118.874
110.664
102.745
95.1172
87.7815
80.7382
73.9877
67.5304
61.3665
55.4964
49.9202
44.6382
39.6505
34.9571
30.5581
26.4535
22.6433
19.1274
15.9059
12.9787
10.3461
8.00861
5.9676
4.22554
2.78655
1.65632
0.838146
0.323891
0.0712792
837.266
828.826
848.437
839.401
822.158
802.028
780.374
758.464
736.933
715.983
695.633
675.827
656.491
637.556
618.968
600.688
582.687
564.95
547.466
530.231
513.243
496.502
480.01
463.77
447.782
432.05
416.577
401.364
386.414
371.729
357.311
343.161
329.282
315.674
302.341
289.282
276.5
263.996
251.771
239.826
228.163
216.782
205.685
194.873
184.346
174.106
164.153
154.488
145.111
136.024
127.228
118.722
110.507
102.584
94.953
87.6148
80.5697
73.818
67.3599
61.1957
55.3256
49.7499
44.4685
39.4818
34.7896
30.3921
26.2893
22.4814
18.9684
15.7508
12.829
10.204
7.87726
5.85098
4.1282
2.7125
1.60683
0.809041
0.304749
0.0630569
833.345
819.71
846.996
842.775
827.296
807.255
784.966
762.223
739.902
718.295
697.433
677.246
657.634
638.501
619.771
601.386
583.308
565.509
547.974
530.696
513.668
496.892
480.366
464.094
448.076
432.316
416.816
401.577
386.603
371.895
357.455
343.286
329.387
315.763
302.413
289.339
276.543
264.026
251.789
239.833
228.16
216.771
205.665
194.845
184.312
174.065
164.107
154.437
145.057
135.966
127.166
118.657
110.44
102.516
94.8832
87.5439
80.4979
73.7456
67.2872
61.1228
55.2528
49.6772
44.3963
39.41
34.7185
30.3219
26.2201
22.4135
18.9023
15.687
12.7685
10.148
7.82741
5.80913
4.09609
2.69106
1.5952
0.803984
0.301537
0.0615992
833.345
819.71
846.996
842.775
827.296
807.255
784.966
762.223
739.902
718.295
697.433
677.246
657.634
638.501
619.771
601.386
583.308
565.509
547.974
530.696
513.668
496.892
480.366
464.094
448.076
432.316
416.816
401.577
386.603
371.895
357.455
343.286
329.387
315.763
302.413
289.339
276.543
264.026
251.789
239.833
228.16
216.771
205.665
194.845
184.312
174.065
164.107
154.437
145.057
135.966
127.166
118.657
110.44
102.516
94.8832
87.5439
80.4979
73.7456
67.2872
61.1228
55.2528
49.6772
44.3963
39.41
34.7185
30.3219
26.2201
22.4135
18.9023
15.687
12.7685
10.148
7.82741
5.80913
4.09609
2.69106
1.5952
0.803988
0.301538
0.061606
837.266
828.826
848.437
839.401
822.158
802.028
780.374
758.464
736.933
715.983
695.633
675.827
656.491
637.556
618.968
600.688
582.687
564.95
547.466
530.231
513.243
496.502
480.01
463.77
447.782
432.05
416.577
401.364
386.414
371.729
357.311
343.161
329.282
315.674
302.341
289.282
276.5
263.996
251.771
239.826
228.163
216.782
205.685
194.873
184.346
174.106
164.153
154.488
145.111
136.024
127.228
118.722
110.507
102.584
94.953
87.6148
80.5697
73.818
67.3599
61.1957
55.3256
49.7499
44.4685
39.4818
34.7896
30.3921
26.2893
22.4814
18.9684
15.7508
12.829
10.204
7.87726
5.85098
4.1282
2.7125
1.60683
0.809045
0.30475
0.0630603
859.094
846.725
843.866
826.018
808.177
789.953
770.688
750.975
731.235
711.652
692.301
673.207
654.37
635.786
617.448
599.349
581.488
563.863
546.474
529.323
512.412
495.742
479.317
463.14
447.213
431.539
416.12
400.959
386.058
371.418
357.043
342.933
329.092
315.52
302.219
289.191
276.437
263.958
251.757
239.835
228.191
216.829
205.749
194.952
184.438
174.21
164.268
154.613
145.245
136.165
127.375
118.874
110.664
102.745
95.1172
87.7815
80.7382
73.9877
67.5304
61.3665
55.4964
49.9202
44.6382
39.6505
34.9571
30.5581
26.4535
22.6433
19.1274
15.9059
12.9787
10.3461
8.00861
5.9676
4.22554
2.78655
1.65632
0.83815
0.323892
0.0712808
950.858
814.609
802.794
793.241
783.135
771.268
757.142
741.29
724.286
706.572
688.471
670.206
651.923
633.716
615.645
597.749
580.049
562.561
545.295
528.257
511.451
494.882
478.554
462.468
446.627
431.035
415.694
400.606
385.773
371.197
356.882
342.828
329.038
315.514
302.258
289.27
276.554
264.11
251.94
240.046
228.428
217.089
206.03
195.251
184.754
174.54
164.61
154.965
145.606
136.534
127.749
119.253
111.046
103.129
95.5028
88.1674
81.1236
74.3719
67.9127
61.7464
55.8733
50.2938
45.0081
40.0164
35.3188
30.9154
26.8062
22.9911
19.4699
16.2423
13.3077
10.6655
8.31483
6.25497
4.48555
3.0073
1.82309
0.938214
0.361852
0.0990321
)
;

boundaryField
{
    left
    {
        type            calculated;
        value           nonuniform List<scalar> 
64
(
1237.03
1041.39
1025.44
1028.19
1028.19
1025.44
1041.39
1237.03
667.347
487.028
439.524
426.405
426.405
439.524
487.028
667.347
350.325
234.227
189.309
172.961
172.961
189.309
234.227
350.325
124.605
77.1661
70.4051
68.8593
68.8593
70.4051
77.1661
124.605
207.044
125.327
95.4624
83.1884
83.1884
95.4624
125.327
207.044
429.716
280.119
216.645
192.001
192.001
216.645
280.119
429.716
682.025
489.896
434.065
419.137
419.137
434.065
489.896
682.025
1072.37
888.406
874.058
878.988
878.988
874.058
888.406
1072.37
)
;
    }
    right
    {
        type            calculated;
        value           nonuniform List<scalar> 
64
(
4.07618
4.09756
4.08284
4.06805
4.06805
4.08284
4.09756
4.07618
3.76761
3.81508
3.78321
3.75966
3.75966
3.78321
3.81508
3.76761
3.16024
3.23242
3.20441
3.18047
3.18047
3.20441
3.23242
3.16024
2.32641
2.39262
2.3766
2.36116
2.36116
2.3766
2.39262
2.32641
1.44798
1.48546
1.49442
1.4964
1.4964
1.49441
1.48546
1.44798
0.698833
0.714695
0.7633
0.789309
0.78931
0.763301
0.714694
0.698832
0.202367
0.208821
0.274186
0.308897
0.308895
0.274183
0.20882
0.202359
0.0770413
0.0128632
0.0151652
0.00882917
0.00883495
0.0151504
0.0128433
0.0770567
)
;
    }
    back
    {
        type            calculated;
        value           nonuniform List<scalar> 
640
(
1150
694.176
365.056
108.193
192.803
433.919
694.258
1003.15
955.153
640.332
347.718
97.3813
132.637
353.767
582.814
791.505
925.477
642.44
368.761
121.077
130.796
352.107
570.274
778.494
908.826
633.424
373.216
134.437
131.845
346.854
560.199
775.423
895.595
623.44
370.867
140.914
134.158
342.5
554.052
770.004
881.177
613.121
365.901
143.577
136.696
339.229
548.679
761.659
864.336
601.7
359.542
144.1
138.635
335.729
541.845
750.281
845.297
589.085
352.316
143.352
139.65
331.408
533.231
736.453
824.595
575.456
344.493
141.805
139.689
326.119
523.082
720.859
802.768
561.067
336.253
139.742
138.859
319.947
511.767
704.094
780.268
546.176
327.744
137.35
137.332
313.078
499.647
686.619
757.441
530.999
319.084
134.755
135.288
305.711
487.02
668.764
734.54
515.705
310.365
132.042
132.884
298.022
474.112
650.75
711.739
500.419
301.651
129.266
130.245
290.15
461.084
632.725
689.158
485.227
292.987
126.464
127.463
282.197
448.045
614.782
666.875
470.187
284.402
123.656
124.603
274.232
435.067
596.98
644.938
455.338
275.915
120.855
121.71
266.305
422.196
579.356
623.38
440.706
267.538
118.069
118.811
258.446
409.462
561.933
602.217
426.306
259.281
115.303
115.926
250.674
396.882
544.724
581.46
412.149
251.147
112.561
113.065
243.001
384.468
527.739
561.114
398.242
243.142
109.844
110.234
235.436
372.226
510.984
541.18
384.587
235.268
107.155
107.438
227.982
360.161
494.463
521.659
371.188
227.527
104.494
104.677
220.642
348.276
478.18
502.549
358.046
219.921
101.862
101.954
213.418
336.574
462.137
483.847
345.16
212.45
99.2608
99.2687
206.312
325.055
446.338
465.552
332.532
205.116
96.6909
96.621
199.323
313.723
430.785
447.661
320.162
197.92
94.1527
94.011
192.454
302.579
415.481
430.17
308.048
190.862
91.6469
91.4388
185.704
291.624
400.428
413.077
296.19
183.942
89.1736
88.9043
179.075
280.86
385.628
396.378
284.587
177.161
86.7333
86.4073
172.567
270.289
371.083
380.07
273.239
170.519
84.3262
83.9479
166.18
259.911
356.797
364.15
262.144
164.015
81.9523
81.5259
159.917
249.728
342.77
348.614
251.302
157.651
79.6118
79.1412
153.776
239.742
329.005
333.46
240.712
151.425
77.3046
76.7936
147.76
229.954
315.505
318.684
230.372
145.338
75.0308
74.4829
141.867
220.364
302.27
304.282
220.281
139.39
72.7903
72.209
136.099
210.974
289.302
290.253
210.438
133.579
70.583
69.9716
130.456
201.785
276.604
276.592
200.841
127.907
68.4087
67.7704
124.939
192.798
264.178
263.297
191.491
122.372
66.2674
65.6052
119.547
184.014
252.023
250.364
182.385
116.974
64.1587
63.4755
114.281
175.433
240.143
237.79
173.521
111.713
62.0824
61.3812
109.141
167.057
228.539
225.573
164.9
106.588
60.0384
59.3217
104.127
158.886
217.211
213.71
156.52
101.598
58.0262
57.2966
99.2403
150.92
206.162
202.197
148.378
96.7444
56.0457
55.3056
94.4795
143.161
195.393
191.033
140.475
92.0251
54.0963
53.3482
89.8453
135.608
184.904
180.213
132.808
87.4398
52.1777
51.4239
85.3374
128.263
174.697
169.736
125.378
82.988
50.2896
49.5321
80.9558
121.125
164.774
159.599
118.181
78.6689
48.4315
47.6723
76.7004
114.196
155.135
149.8
111.218
74.4819
46.6029
45.844
72.5711
107.475
145.781
140.335
104.486
70.4262
44.8033
44.0466
68.5675
100.963
136.713
131.203
97.9849
66.501
43.0323
42.2794
64.6893
94.6604
127.932
122.401
91.7134
62.7055
41.2892
40.5419
60.9362
88.567
119.438
113.927
85.6701
59.0387
39.5736
38.8334
57.3078
82.6832
111.234
105.778
79.8539
55.4998
37.8848
37.1532
53.8036
77.009
103.319
97.9535
74.2635
52.0875
36.2223
35.5005
50.423
71.5447
95.6932
90.4502
68.8977
48.8009
34.5854
33.8748
47.1653
66.2903
88.3586
83.2665
63.7555
45.6388
32.9735
32.2753
44.0298
61.2457
81.3152
76.4003
58.8356
42.5998
31.386
30.7012
41.0156
56.4111
74.5635
69.8501
54.1368
39.6825
29.8221
29.1517
38.1216
51.7861
68.1039
63.6139
49.658
36.8855
28.2811
27.6261
35.3469
47.3708
61.937
57.6902
45.3979
34.207
26.7624
26.1236
32.6899
43.1648
56.0631
52.0775
41.3553
31.6452
25.2653
24.6433
30.1494
39.1678
50.4825
46.7743
37.5289
29.1982
23.7891
23.1844
27.7235
35.3795
45.1955
41.7793
33.9173
26.8637
22.333
21.7461
25.4103
31.7993
40.2024
37.0915
30.5191
24.6394
20.8964
20.3276
23.2077
28.4265
35.5033
32.7099
27.3327
22.5226
19.4787
18.928
21.1131
25.2601
31.0982
28.6337
24.3565
20.5105
18.0793
17.5465
19.1235
22.299
26.9872
24.8626
21.5882
18.6
16.6977
16.1825
17.2358
19.5416
23.1701
21.3962
19.0258
16.7879
15.3338
14.8355
15.4461
16.9857
19.6466
18.235
16.6662
15.0705
13.9878
13.505
13.7503
14.6283
16.4164
15.3799
14.506
13.4444
12.6602
12.1915
12.1435
12.4655
13.4785
12.8327
12.5407
11.9058
11.3526
10.8958
10.6206
10.4916
10.8318
10.5965
10.765
10.4513
10.0682
9.62038
9.17613
8.69911
8.47485
8.67648
9.17214
9.07832
8.81162
8.36949
7.80479
7.07748
6.40569
7.08021
7.75445
7.7853
7.59062
7.1503
6.50209
5.6132
4.6225
5.81691
6.50533
6.57384
6.41567
5.97315
5.26603
4.29018
3.12423
4.89368
5.42438
5.45215
5.29905
4.84993
4.09984
3.09429
1.91224
4.30514
4.53377
4.44655
4.25257
3.78707
3.01407
2.02615
0.992697
4.03613
3.91731
3.64418
3.30527
2.77681
2.01608
1.12256
0.383667
4.02857
3.72764
3.16283
2.45296
1.70563
1.00485
0.418765
0.120301
)
;
    }
    front
    {
        type            calculated;
        value           nonuniform List<scalar> 
640
(
1150
694.176
365.056
108.193
192.803
433.919
694.258
1003.15
955.153
640.332
347.718
97.3813
132.637
353.767
582.814
791.505
925.477
642.44
368.761
121.077
130.796
352.107
570.274
778.494
908.826
633.424
373.216
134.437
131.845
346.854
560.199
775.423
895.595
623.44
370.867
140.914
134.158
342.5
554.052
770.004
881.177
613.121
365.901
143.577
136.696
339.229
548.679
761.659
864.336
601.7
359.542
144.1
138.635
335.729
541.845
750.281
845.297
589.085
352.316
143.352
139.65
331.408
533.231
736.453
824.595
575.456
344.493
141.805
139.689
326.119
523.082
720.859
802.768
561.067
336.253
139.742
138.859
319.947
511.767
704.094
780.268
546.176
327.744
137.35
137.332
313.078
499.647
686.619
757.441
530.999
319.084
134.755
135.288
305.711
487.02
668.764
734.54
515.705
310.365
132.042
132.884
298.022
474.112
650.75
711.739
500.419
301.651
129.266
130.245
290.15
461.084
632.725
689.158
485.227
292.987
126.464
127.463
282.197
448.045
614.782
666.875
470.187
284.402
123.656
124.603
274.232
435.067
596.98
644.938
455.338
275.915
120.855
121.71
266.305
422.196
579.356
623.38
440.706
267.538
118.069
118.811
258.446
409.462
561.933
602.217
426.306
259.281
115.303
115.926
250.674
396.882
544.724
581.46
412.149
251.147
112.561
113.065
243.001
384.468
527.739
561.114
398.242
243.142
109.844
110.234
235.436
372.226
510.984
541.18
384.587
235.268
107.155
107.438
227.982
360.161
494.463
521.659
371.188
227.527
104.494
104.677
220.642
348.276
478.18
502.549
358.046
219.921
101.862
101.954
213.418
336.574
462.137
483.847
345.16
212.45
99.2608
99.2687
206.312
325.055
446.338
465.552
332.532
205.116
96.6909
96.621
199.323
313.723
430.785
447.661
320.162
197.92
94.1527
94.011
192.454
302.579
415.481
430.17
308.048
190.862
91.6469
91.4388
185.704
291.624
400.428
413.077
296.19
183.942
89.1736
88.9043
179.075
280.86
385.628
396.378
284.587
177.161
86.7333
86.4073
172.567
270.289
371.083
380.07
273.239
170.519
84.3262
83.9479
166.18
259.911
356.797
364.15
262.144
164.015
81.9523
81.5259
159.917
249.728
342.77
348.614
251.302
157.651
79.6118
79.1412
153.776
239.742
329.005
333.46
240.712
151.425
77.3046
76.7936
147.76
229.954
315.505
318.684
230.372
145.338
75.0308
74.4829
141.867
220.364
302.27
304.282
220.281
139.39
72.7903
72.209
136.099
210.974
289.302
290.253
210.438
133.579
70.583
69.9716
130.456
201.785
276.604
276.592
200.841
127.907
68.4087
67.7704
124.939
192.798
264.178
263.297
191.491
122.372
66.2674
65.6052
119.547
184.014
252.023
250.364
182.385
116.974
64.1587
63.4755
114.281
175.433
240.143
237.79
173.521
111.713
62.0824
61.3812
109.141
167.057
228.539
225.573
164.9
106.588
60.0384
59.3217
104.127
158.886
217.211
213.71
156.52
101.598
58.0262
57.2966
99.2403
150.92
206.162
202.197
148.378
96.7444
56.0457
55.3056
94.4795
143.161
195.393
191.033
140.475
92.0251
54.0963
53.3482
89.8453
135.608
184.904
180.213
132.808
87.4398
52.1777
51.4239
85.3374
128.263
174.697
169.736
125.378
82.988
50.2896
49.5321
80.9558
121.125
164.774
159.599
118.181
78.6689
48.4315
47.6723
76.7004
114.196
155.135
149.8
111.218
74.4819
46.6029
45.844
72.5711
107.475
145.781
140.335
104.486
70.4262
44.8033
44.0466
68.5675
100.963
136.713
131.203
97.9849
66.501
43.0323
42.2794
64.6893
94.6604
127.932
122.401
91.7134
62.7055
41.2892
40.5419
60.9362
88.567
119.438
113.927
85.6701
59.0387
39.5736
38.8334
57.3078
82.6832
111.234
105.778
79.8539
55.4998
37.8848
37.1531
53.8036
77.009
103.319
97.9535
74.2635
52.0875
36.2223
35.5005
50.423
71.5447
95.6932
90.4502
68.8977
48.8009
34.5854
33.8748
47.1653
66.2903
88.3586
83.2665
63.7555
45.6388
32.9735
32.2753
44.0298
61.2457
81.3152
76.4003
58.8356
42.5998
31.386
30.7012
41.0156
56.4111
74.5635
69.8501
54.1368
39.6825
29.8221
29.1517
38.1216
51.7861
68.1039
63.6139
49.658
36.8855
28.2811
27.6261
35.3469
47.3708
61.937
57.6902
45.3979
34.207
26.7624
26.1236
32.6899
43.1648
56.0631
52.0775
41.3553
31.6452
25.2653
24.6433
30.1494
39.1678
50.4825
46.7743
37.5289
29.1982
23.7891
23.1844
27.7235
35.3795
45.1955
41.7793
33.9173
26.8637
22.333
21.7461
25.4103
31.7993
40.2024
37.0915
30.5191
24.6394
20.8964
20.3276
23.2077
28.4265
35.5033
32.7099
27.3327
22.5226
19.4787
18.928
21.1131
25.2601
31.0982
28.6337
24.3565
20.5105
18.0793
17.5465
19.1235
22.299
26.9872
24.8626
21.5882
18.6
16.6977
16.1825
17.2358
19.5416
23.1701
21.3962
19.0258
16.7879
15.3338
14.8355
15.4461
16.9857
19.6466
18.235
16.6662
15.0705
13.9878
13.505
13.7503
14.6283
16.4164
15.3799
14.506
13.4444
12.6602
12.1915
12.1435
12.4655
13.4785
12.8327
12.5407
11.9058
11.3526
10.8958
10.6206
10.4916
10.8318
10.5965
10.765
10.4513
10.0682
9.62038
9.17613
8.69911
8.47485
8.67648
9.17214
9.07832
8.81162
8.36949
7.80479
7.07748
6.40569
7.08021
7.75445
7.7853
7.59062
7.1503
6.50209
5.6132
4.6225
5.81691
6.50533
6.57384
6.41567
5.97315
5.26603
4.29018
3.12423
4.89369
5.42438
5.45215
5.29905
4.84993
4.09984
3.09429
1.91223
4.30515
4.53377
4.44655
4.25257
3.78707
3.01407
2.02615
0.992697
4.03613
3.91731
3.64418
3.30526
2.77681
2.01608
1.12256
0.38367
4.02858
3.72764
3.16283
2.45296
1.70563
1.00485
0.418774
0.120287
)
;
    }
    top
    {
        type            calculated;
        value           nonuniform List<scalar> 
640
(
1107.14
1019.85
1007.6
1008.21
1008.21
1007.6
1019.85
1107.14
913.423
943.427
918.974
906.084
906.084
918.974
943.427
913.423
905.096
946.464
947.711
944.058
944.058
947.711
946.464
905.096
900.857
934.878
947.595
950.314
950.314
947.595
934.878
900.857
891.271
917.317
931.471
936.567
936.567
931.471
917.317
891.271
877.858
897.152
909.479
914.804
914.804
909.479
897.152
877.858
861.441
875.279
885.131
889.818
889.818
885.131
875.279
861.441
843.005
852.754
860.309
864.127
864.127
860.309
852.754
843.005
823.327
830.193
835.873
838.862
838.862
835.873
830.193
823.327
802.954
807.862
812.113
814.412
814.412
812.113
807.862
802.954
782.251
785.857
789.066
790.83
790.83
789.066
785.857
782.251
761.45
764.197
766.667
768.034
768.034
766.667
764.197
761.45
740.693
742.87
744.824
745.905
745.905
744.824
742.87
740.693
720.067
721.857
723.451
724.328
724.328
723.451
721.857
720.067
699.622
701.139
702.479
703.21
703.21
702.479
701.139
699.622
679.388
680.701
681.856
682.482
682.482
681.856
680.701
679.388
659.385
660.535
661.55
662.097
662.097
661.55
660.535
659.385
639.623
640.634
641.538
642.023
642.023
641.538
640.634
639.623
620.109
620.998
621.807
622.243
622.243
621.807
620.998
620.109
600.851
601.626
602.353
602.745
602.745
602.353
601.626
600.851
581.85
582.519
583.172
583.526
583.526
583.172
582.519
581.85
563.112
563.681
564.264
564.583
564.583
564.264
563.681
563.112
544.64
545.114
545.632
545.918
545.918
545.632
545.114
544.64
526.436
526.821
527.277
527.532
527.532
527.277
526.821
526.436
508.504
508.805
509.202
509.428
509.428
509.202
508.805
508.504
490.847
491.068
491.411
491.609
491.609
491.411
491.068
490.847
473.468
473.615
473.905
474.078
474.078
473.905
473.615
473.468
456.37
456.447
456.688
456.836
456.836
456.688
456.447
456.37
439.554
439.567
439.763
439.888
439.888
439.763
439.567
439.554
423.025
422.977
423.131
423.234
423.234
423.131
422.977
423.025
406.784
406.681
406.795
406.878
406.878
406.795
406.681
406.784
390.834
390.68
390.757
390.822
390.822
390.757
390.68
390.834
375.178
374.977
375.02
375.067
375.067
375.02
374.977
375.178
359.817
359.574
359.585
359.617
359.617
359.585
359.574
359.817
344.754
344.473
344.455
344.472
344.472
344.455
344.473
344.754
329.992
329.675
329.631
329.635
329.635
329.631
329.675
329.992
315.532
315.184
315.116
315.107
315.107
315.116
315.184
315.532
301.376
301
300.911
300.89
300.89
300.911
301
301.376
287.526
287.126
287.017
286.987
286.987
287.017
287.126
287.526
273.985
273.563
273.437
273.397
273.397
273.437
273.563
273.985
260.754
260.314
260.171
260.124
260.124
260.171
260.314
260.754
247.834
247.379
247.222
247.168
247.168
247.222
247.379
247.834
235.229
234.76
234.591
234.53
234.53
234.591
234.76
235.229
222.938
222.459
222.28
222.213
222.213
222.28
222.459
222.938
210.965
210.477
210.289
210.218
210.218
210.289
210.477
210.965
199.31
198.816
198.621
198.545
198.545
198.621
198.816
199.31
187.975
187.476
187.275
187.196
187.196
187.275
187.476
187.975
176.962
176.46
176.254
176.172
176.172
176.254
176.46
176.962
166.271
165.769
165.559
165.475
165.475
165.559
165.769
166.271
155.905
155.403
155.19
155.104
155.104
155.19
155.403
155.905
145.864
145.364
145.149
145.062
145.062
145.149
145.364
145.864
136.149
135.652
135.437
135.349
135.349
135.437
135.652
136.149
126.762
126.27
126.055
125.966
125.966
126.055
126.27
126.762
117.704
117.217
117.002
116.914
116.914
117.002
117.217
117.704
108.975
108.495
108.282
108.193
108.193
108.282
108.495
108.975
100.577
100.104
99.8927
99.8052
99.8052
99.8927
100.104
100.577
92.511
92.0454
91.8366
91.7499
91.7499
91.8366
92.0454
92.511
84.7769
84.3198
84.1138
84.0283
84.0283
84.1138
84.3198
84.7769
77.3759
76.9276
76.725
76.6407
76.6407
76.725
76.9276
77.3759
70.3086
69.8696
69.6706
69.5877
69.5877
69.6706
69.8696
70.3086
63.5757
63.1462
62.951
62.8698
62.8698
62.951
63.1462
63.5756
57.1776
56.7579
56.5667
56.4872
56.4872
56.5667
56.7579
57.1776
51.115
50.7051
50.5182
50.4404
50.4404
50.5182
50.7051
51.115
45.3882
44.9882
44.8056
44.7298
44.7298
44.8056
44.9882
45.3882
39.9975
39.6073
39.4292
39.3554
39.3554
39.4292
39.6073
39.9975
34.9433
34.5628
34.3893
34.3175
34.3175
34.3893
34.5628
34.9433
30.2256
29.8548
29.686
29.6165
29.6165
29.686
29.8548
30.2256
25.8446
25.4834
25.3197
25.2525
25.2525
25.3197
25.4834
25.8446
21.8003
21.4488
21.2906
21.2263
21.2263
21.2906
21.4488
21.8003
18.0925
17.7511
17.5993
17.5384
17.5384
17.5993
17.7511
18.0925
14.7212
14.3906
14.2467
14.1902
14.1902
14.2467
14.3906
14.7212
11.6863
11.3682
11.2342
11.1835
11.1835
11.2342
11.3682
11.6863
8.98807
8.68535
8.56437
8.52101
8.52101
8.56437
8.68535
8.98807
6.62776
6.34496
6.24096
6.20698
6.20698
6.24096
6.34496
6.62776
4.60889
4.35264
4.26994
4.24715
4.24715
4.26994
4.35263
4.60889
2.93904
2.71796
2.65993
2.64917
2.64917
2.65993
2.71796
2.93905
1.63236
1.45592
1.42255
1.42259
1.42259
1.42255
1.45592
1.63237
0.708547
0.584523
0.569425
0.575633
0.575644
0.569439
0.584535
0.708546
0.177621
0.133038
0.119339
0.114873
0.114895
0.119362
0.133035
0.177618
0.0498476
0.0994101
0.126872
0.122515
0.122489
0.126853
0.0994282
0.0498583
)
;
    }
    bottom
    {
        type            calculated;
        value           nonuniform List<scalar> 
640
(
1347.07
1240.67
1219.76
1216.87
1216.87
1219.76
1240.67
1347.07
1124.16
1126
1099.85
1087.67
1087.67
1099.85
1126
1124.16
1087.8
1111.75
1104.39
1097.8
1097.8
1104.39
1111.75
1087.8
1065.99
1088.42
1090.76
1088.73
1088.73
1090.76
1088.42
1065.99
1047.64
1063.63
1068.52
1068.85
1068.85
1068.52
1063.63
1047.64
1027.9
1037.91
1042.21
1043.25
1043.25
1042.21
1037.91
1027.9
1005.73
1011.11
1013.91
1014.83
1014.83
1013.91
1011.11
1005.73
981.5
983.628
984.93
985.423
985.423
984.93
983.628
981.5
955.814
955.789
955.907
955.956
955.956
955.907
955.789
955.814
929.214
927.849
927.134
926.824
926.824
927.134
927.849
929.214
902.134
899.992
898.744
898.181
898.181
898.744
899.992
902.134
874.9
872.354
870.796
870.076
870.076
870.796
872.354
874.9
847.742
845.031
843.321
842.518
842.518
843.321
845.031
847.742
820.82
818.091
816.335
815.499
815.499
816.335
818.091
820.82
794.242
791.583
789.846
789.013
789.013
789.846
791.583
794.242
768.077
765.536
763.859
763.05
763.05
763.859
765.536
768.077
742.369
739.972
738.376
737.603
737.603
738.376
739.972
742.369
717.143
714.902
713.399
712.669
712.669
713.399
714.902
717.143
692.414
690.331
688.925
688.241
688.241
688.925
690.331
692.414
668.189
666.262
664.953
664.316
664.316
664.953
666.262
668.189
644.47
642.693
641.48
640.889
640.889
641.48
642.693
644.47
621.256
619.623
618.501
617.955
617.955
618.501
619.623
621.256
598.544
597.048
596.014
595.51
595.51
596.014
597.048
598.544
576.332
574.963
574.012
573.549
573.549
574.012
574.963
576.332
554.614
553.366
552.493
552.067
552.067
552.493
553.366
554.614
533.386
532.25
531.451
531.061
531.061
531.451
532.25
533.386
512.643
511.613
510.881
510.526
510.526
510.881
511.613
512.643
492.381
491.448
490.78
490.456
490.456
490.78
491.448
492.381
472.594
471.751
471.143
470.849
470.849
471.143
471.751
472.594
453.278
452.518
451.966
451.699
451.699
451.966
452.518
453.278
434.428
433.745
433.244
433.002
433.002
433.244
433.745
434.428
416.039
415.426
414.972
414.754
414.754
414.972
415.426
416.039
398.106
397.557
397.147
396.951
396.951
397.147
397.557
398.106
380.625
380.135
379.765
379.588
379.588
379.765
380.135
380.625
363.591
363.154
362.821
362.663
362.663
362.821
363.154
363.591
347
346.611
346.311
346.17
346.17
346.311
346.611
347
330.846
330.5
330.232
330.105
330.105
330.232
330.5
330.846
315.126
314.819
314.578
314.466
314.466
314.578
314.819
315.126
299.835
299.563
299.348
299.248
299.248
299.348
299.563
299.835
284.969
284.728
284.535
284.447
284.447
284.535
284.728
284.969
270.524
270.31
270.138
270.059
270.059
270.138
270.31
270.524
256.496
256.306
256.151
256.082
256.082
256.151
256.306
256.496
242.88
242.711
242.572
242.512
242.512
242.572
242.711
242.88
229.674
229.522
229.398
229.344
229.344
229.398
229.522
229.674
216.873
216.735
216.624
216.576
216.576
216.624
216.735
216.873
204.473
204.347
204.247
204.205
204.205
204.247
204.347
204.473
192.47
192.355
192.264
192.227
192.227
192.264
192.355
192.47
180.863
180.755
180.671
180.638
180.638
180.671
180.755
180.863
169.646
169.544
169.467
169.437
169.437
169.467
169.544
169.646
158.817
158.719
158.647
158.62
158.62
158.647
158.719
158.817
148.372
148.276
148.209
148.185
148.185
148.209
148.276
148.372
138.309
138.214
138.15
138.127
138.127
138.15
138.214
138.309
128.624
128.528
128.467
128.446
128.446
128.467
128.528
128.624
119.314
119.217
119.158
119.137
119.137
119.158
119.217
119.314
110.377
110.278
110.219
110.199
110.199
110.219
110.278
110.377
101.811
101.707
101.649
101.629
101.629
101.649
101.707
101.811
93.6113
93.5035
93.4449
93.4251
93.4251
93.4449
93.5035
93.6113
85.7768
85.6641
85.6047
85.5846
85.5846
85.6047
85.6641
85.7768
78.3049
78.1867
78.1262
78.1055
78.1055
78.1262
78.1867
78.3049
71.1934
71.0692
71.0071
70.9857
70.9857
71.0071
71.0692
71.1934
64.44
64.3096
64.2457
64.2233
64.2233
64.2457
64.3096
64.44
58.0429
57.9061
57.84
57.8166
57.8166
57.84
57.9061
58.0429
52.0002
51.8567
51.7884
51.7638
51.7638
51.7884
51.8567
52.0002
46.3102
46.1601
46.0893
46.0635
46.0635
46.0893
46.1601
46.3102
40.9714
40.8147
40.7414
40.7144
40.7144
40.7414
40.8147
40.9714
35.9826
35.8194
35.7437
35.7155
35.7155
35.7437
35.8194
35.9826
31.3428
31.1736
31.0955
31.0662
31.0662
31.0955
31.1736
31.3428
27.0516
26.8767
26.7966
26.7665
26.7665
26.7966
26.8767
27.0516
23.109
22.929
22.8476
22.817
22.817
22.8476
22.929
23.109
19.5157
19.3319
19.2502
19.2197
19.2197
19.2502
19.3319
19.5157
16.2738
16.088
16.0075
15.9781
15.9781
16.0075
16.088
16.2738
13.3875
13.2024
13.1254
13.0983
13.0983
13.1255
13.2024
13.3875
10.8641
10.6839
10.6134
10.5901
10.5901
10.6134
10.6839
10.8641
8.71621
8.54658
8.48592
8.46787
8.46787
8.48592
8.54658
8.71621
6.96301
6.81143
6.76345
6.7514
6.7514
6.76344
6.81143
6.96301
5.62905
5.50277
5.46806
5.46119
5.46119
5.46805
5.50277
5.62904
4.7317
4.63377
4.60963
4.60538
4.60537
4.60963
4.63376
4.73169
4.24939
4.17849
4.1622
4.15818
4.15818
4.1622
4.17849
4.24938
4.1149
4.07035
4.06197
4.05709
4.05709
4.06197
4.07035
4.1149
4.15694
4.15673
4.15633
4.14909
4.14909
4.15633
4.15673
4.15694
)
;
    }
}


// ************************************************************************* //
