/*--------------------------------*- C++ -*----------------------------------*\
| =========                 |                                                 |
| \\      /  F ield         | foam-extend: Open Source CFD                    |
|  \\    /   O peration     | Version:     4.1                                |
|   \\  /    A nd           | Web:         http://www.foam-extend.org         |
|    \\/     M anipulation  |                                                 |
\*---------------------------------------------------------------------------*/
FoamFile
{
    version     2.0;
    format      ascii;
    class       volVectorField;
    location    "0.199";
    object      traction;
}
// * * * * * * * * * * * * * * * * * * * * * * * * * * * * * * * * * * * * * //

dimensions      [1 -1 -2 0 0 0 0];

internalField   uniform (0 0 0);

boundaryField
{
    left
    {
        type            calculated;
        value           nonuniform List<vector> 
64
(
(-1200.79 -165.212 -125.639)
(-1073.93 -142.936 -163.985)
(-1087.08 -77.6412 -190.942)
(-1098.69 -23.8945 -202.63)
(-1098.69 23.8945 -202.63)
(-1087.08 77.6412 -190.942)
(-1073.93 142.936 -163.985)
(-1200.79 165.212 -125.639)
(-704.594 -117.216 -48.3352)
(-618.879 -102.554 -86.3183)
(-621.804 -53.6938 -104.256)
(-624.276 -16.0168 -111.736)
(-624.276 16.0168 -111.736)
(-621.804 53.6938 -104.256)
(-618.879 102.554 -86.3183)
(-704.594 117.216 -48.3352)
(-375.94 -67.1582 23.6437)
(-335.184 -62.7621 -5.07373)
(-341.731 -32.9526 -9.80809)
(-344.297 -9.69095 -11.6031)
(-344.297 9.69095 -11.6031)
(-341.731 32.9526 -9.80809)
(-335.184 62.7621 -5.07373)
(-375.94 67.1582 23.6437)
(-82.4049 -13.8066 56.7204)
(-83.1314 -11.8925 29.5238)
(-88.0325 -5.76595 30.926)
(-89.5921 -1.56816 31.9853)
(-89.5921 1.56816 31.9853)
(-88.0325 5.76595 30.926)
(-83.1314 11.8925 29.5238)
(-82.4049 13.8066 56.7204)
(192.204 31.482 59.249)
(150.273 41.1676 28.8242)
(149.099 23.3239 28.373)
(149.034 7.12631 28.5883)
(149.034 -7.12631 28.5883)
(149.099 -23.3239 28.373)
(150.273 -41.1676 28.8242)
(192.204 -31.482 59.249)
(455.606 61.0057 33.9824)
(373.102 87.0426 -4.78605)
(375.013 48.876 -14.9534)
(376.486 14.8132 -19.295)
(376.486 -14.8132 -19.295)
(375.013 -48.876 -14.9534)
(373.102 -87.0426 -4.78605)
(455.606 -61.0057 33.9824)
(713.898 69.0118 -13.9748)
(589.862 117.284 -65.3057)
(591.105 66.1413 -89.3177)
(593.488 20.1392 -99.8536)
(593.488 -20.1392 -99.8536)
(591.105 -66.1413 -89.3177)
(589.862 -117.284 -65.3057)
(713.898 -69.0118 -13.9748)
(1050.06 52.7617 -11.3172)
(920.929 138.451 -43.0496)
(944.457 80.0908 -54.6576)
(960.175 24.7113 -58.4136)
(960.175 -24.7113 -58.4136)
(944.457 -80.0908 -54.6576)
(920.929 -138.451 -43.0496)
(1050.06 -52.7617 -11.3172)
)
;
    }
    right
    {
        type            calculated;
        value           nonuniform List<vector> 
64
(
(-0.630324 0.00331288 1.47723)
(-0.632556 -0.00129636 1.48247)
(-0.630831 -0.00376764 1.47842)
(-0.630038 -0.00175975 1.47656)
(-0.630038 0.00175968 1.47656)
(-0.630831 0.00376765 1.47842)
(-0.632556 0.00129652 1.48247)
(-0.630324 -0.00331286 1.47723)
(-0.581604 -0.00725055 1.36332)
(-0.59837 -0.0176009 1.40258)
(-0.597099 -0.0168644 1.39958)
(-0.596016 -0.00661095 1.39703)
(-0.596017 0.0066107 1.39703)
(-0.5971 0.0168644 1.39958)
(-0.598371 0.0176012 1.40258)
(-0.581604 0.00725073 1.36332)
(-0.480672 -0.0249635 1.127)
(-0.503523 -0.0478931 1.1805)
(-0.503538 -0.0364575 1.18049)
(-0.502789 -0.0131475 1.17872)
(-0.50279 0.0131474 1.17872)
(-0.503539 0.0364575 1.18049)
(-0.503523 0.0478931 1.1805)
(-0.480671 0.0249635 1.127)
(-0.343044 -0.0371717 0.804437)
(-0.361245 -0.0684743 0.847044)
(-0.360615 -0.0496242 0.845527)
(-0.360498 -0.0175016 0.845236)
(-0.360498 0.0175016 0.845235)
(-0.360615 0.0496242 0.845527)
(-0.361245 0.0684743 0.847044)
(-0.343043 0.0371718 0.804436)
(-0.202522 -0.0364899 0.474914)
(-0.208014 -0.0669511 0.487752)
(-0.206157 -0.0483974 0.483373)
(-0.206692 -0.0171379 0.484616)
(-0.206692 0.0171379 0.484616)
(-0.206157 0.0483973 0.483373)
(-0.208014 0.0669512 0.487751)
(-0.202522 0.03649 0.474914)
(-0.0891649 -0.022779 0.209059)
(-0.0816376 -0.0434334 0.191401)
(-0.0794897 -0.032957 0.186356)
(-0.0806093 -0.0121094 0.188976)
(-0.0806096 0.0121094 0.188977)
(-0.0794901 0.0329568 0.186357)
(-0.0816375 0.0434335 0.1914)
(-0.0891654 0.022779 0.20906)
(-0.0262563 -0.00367971 0.0615443)
(-0.0130896 -0.011865 0.0306821)
(-0.0135408 -0.01269 0.0317387)
(-0.0153971 -0.00544052 0.036089)
(-0.0153965 0.00544149 0.0360875)
(-0.0135399 0.0126895 0.0317366)
(-0.0130899 0.0118647 0.0306828)
(-0.0262561 0.00367976 0.0615439)
(-0.00602498 0.00606326 0.014112)
(0.00186494 0.0013805 -0.00438419)
(0.00160755 -0.00191383 -0.00377997)
(0.00119096 -0.0012619 -0.00280366)
(0.00119114 0.00126222 -0.00280413)
(0.00160713 0.00191373 -0.00377903)
(0.00186191 -0.0013807 -0.00437714)
(-0.00602516 -0.00606369 0.0141124)
)
;
    }
    back
    {
        type            calculated;
        value           nonuniform List<vector> 
640
(
(-53.7393 2.50955 -2.89545)
(-26.8295 1.0127 -0.752487)
(-9.1228 0.225799 0.741234)
(-1.0082 0.00634912 0.137977)
(-4.27075 -0.103208 -1.45063)
(-18.8689 -0.790301 -2.42722)
(-43.2535 -2.5718 -1.76685)
(-79.8318 -6.20154 -2.20115)
(-15.9927 0.267235 -0.739033)
(-5.1312 0.0369225 -0.531468)
(-0.769296 -0.0052868 -0.368993)
(0.239811 -0.0106238 -0.433954)
(-0.730247 -0.0150451 -0.454822)
(-3.51002 -0.0414986 -0.401152)
(-8.98872 -0.138385 -0.245005)
(-17.9431 -0.406136 -0.40642)
(-5.95833 0.0330997 -0.518833)
(-0.90908 -0.0115246 -0.616561)
(0.863035 -0.012592 -0.518351)
(0.807032 -0.0120774 -0.495938)
(0.307544 -0.00992476 -0.396458)
(-0.450763 -0.00711452 -0.264561)
(-2.1944 -0.0108488 -0.16939)
(-4.68015 -0.027491 -0.158341)
(-2.47841 0.00115269 -0.375141)
(-0.111252 -0.0147393 -0.585572)
(0.967255 -0.0145489 -0.537939)
(1.0129 -0.0136434 -0.512853)
(0.740571 -0.0115926 -0.438424)
(0.324908 -0.00877091 -0.342875)
(-0.44149 -0.00706186 -0.28324)
(-1.1969 -0.00334851 -0.119517)
(-0.6804 -0.0046682 -0.247524)
(0.450456 -0.0149343 -0.522716)
(1.04049 -0.0151149 -0.517588)
(1.13161 -0.0146773 -0.507914)
(1.02319 -0.0130138 -0.450347)
(0.862947 -0.0106589 -0.366035)
(0.678953 -0.00821344 -0.280864)
(0.589789 -0.00208632 -0.0316754)
(0.368841 -0.00437133 -0.131476)
(0.874856 -0.0136495 -0.439254)
(1.13764 -0.01435 -0.462884)
(1.20607 -0.014729 -0.477253)
(1.20472 -0.0138194 -0.437609)
(1.24431 -0.012238 -0.357024)
(1.3941 -0.0104826 -0.244786)
(1.66136 -0.00488195 0.0654944)
(0.978051 -0.00271151 -0.0334061)
(1.14364 -0.011939 -0.356923)
(1.21094 -0.0130451 -0.39703)
(1.24724 -0.0140891 -0.430968)
(1.30714 -0.0138612 -0.405154)
(1.46433 -0.0129806 -0.326093)
(1.76978 -0.0120029 -0.198764)
(2.20103 -0.00730099 0.147077)
(1.31841 -0.00109054 0.0457118)
(1.29708 -0.0102895 -0.283395)
(1.25179 -0.0116102 -0.331592)
(1.26205 -0.0130629 -0.377879)
(1.3519 -0.0133006 -0.360853)
(1.56529 -0.0128975 -0.282988)
(1.92785 -0.0124375 -0.150656)
(2.40593 -0.00834032 0.209225)
(1.49445 0.000163801 0.108022)
(1.37216 -0.0088434 -0.22007)
(1.2642 -0.0102228 -0.271089)
(1.2564 -0.0118729 -0.323846)
(1.35696 -0.0123829 -0.311996)
(1.58902 -0.0122657 -0.235995)
(1.95956 -0.0121089 -0.105364)
(2.42975 -0.00836767 0.255058)
(1.57176 0.00105618 0.15666)
(1.39678 -0.00761242 -0.166192)
(1.25545 -0.00895141 -0.216943)
(1.2358 -0.010659 -0.272275)
(1.33628 -0.0113095 -0.263482)
(1.56689 -0.0113555 -0.190162)
(1.92356 -0.0113798 -0.0650396)
(2.36606 -0.00788215 0.288807)
(1.59076 0.00166881 0.194626)
(1.39026 -0.00656682 -0.120331)
(1.23231 -0.00781397 -0.169192)
(1.20485 -0.00949851 -0.224842)
(1.29987 -0.0102119 -0.218015)
(1.51967 -0.0103524 -0.147965)
(1.85467 -0.0104969 -0.030102)
(2.26509 -0.00720489 0.313936)
(1.57569 0.00208105 0.224339)
(1.36496 -0.00567276 -0.0811035)
(1.19982 -0.00680794 -0.127369)
(1.16714 -0.00842819 -0.182162)
(1.25453 -0.0091623 -0.176776)
(1.46011 -0.00936114 -0.110277)
(1.77216 -0.00959549 -0.000162415)
(2.1519 -0.00649907 0.332887)
(1.54092 0.00235228 0.24761)
(1.32853 -0.00490231 -0.0473822)
(1.16148 -0.00592315 -0.090865)
(1.12528 -0.0074607 -0.144249)
(1.2046 -0.00819363 -0.140044)
(1.39553 -0.00843175 -0.0771292)
(1.68598 -0.00873832 0.0254289)
(2.03813 -0.00583527 0.347267)
(1.49492 0.00252359 0.265758)
(1.28564 -0.00423406 -0.018288)
(1.11966 -0.00514693 -0.0590682)
(1.08112 -0.00659559 -0.110818)
(1.15277 -0.00731621 -0.107641)
(1.32989 -0.00758264 -0.0481867)
(1.60088 -0.00794878 0.0473096)
(1.92861 -0.00523725 0.358085)
(1.44272 0.00262278 0.279741)
(1.23914 -0.00365167 0.00685739)
(1.07592 -0.00446644 -0.0314146)
(1.03588 -0.00582604 -0.0814612)
(1.10063 -0.00652855 -0.0792007)
(1.26521 -0.00681608 -0.0230074)
(1.51886 -0.00723096 0.0660092)
(1.82484 -0.00470743 0.365955)
(1.38731 0.00266882 0.290262)
(1.19081 -0.00314246 0.0285825)
(1.0313 -0.00386979 -0.00740707)
(0.990423 -0.00514285 -0.0557494)
(1.04906 -0.00582398 -0.0543065)
(1.20238 -0.00612709 -0.00115839)
(1.44049 -0.00658073 0.08194)
(1.72685 -0.00423987 0.37126)
(1.3305 0.00267489 0.297851)
(1.14174 -0.00269634 0.0473075)
(0.986514 -0.00334636 0.0133826)
(0.945277 -0.00453646 -0.0332783)
(0.998564 -0.00519414 -0.0325631)
(1.14175 -0.0055082 0.0177417)
(1.36577 -0.0059913 0.0954191)
(1.63414 -0.00382641 0.374255)
(1.27341 0.00265043 0.302915)
(1.09263 -0.00230514 0.0633735)
(0.942029 -0.00288697 0.0313197)
(0.900807 -0.00399798 -0.0136887)
(0.949381 -0.00463075 -0.0136203)
(1.08336 -0.00495171 0.0340158)
(1.29444 -0.0054557 0.106697)
(1.54612 -0.00345913 0.375134)
(1.21672 0.00260242 0.30578)
(1.04396 -0.00196205 0.0770636)
(0.89817 -0.00248374 0.046715)
(0.857245 -0.00351951 0.00333034)
(0.901636 -0.00412629 0.00282341)
(1.02719 -0.00445055 0.0479359)
(1.22621 -0.00496769 0.115978)
(1.46225 -0.0031313 0.374066)
(1.16088 0.00253615 0.306713)
(0.996019 -0.00166136 0.0886176)
(0.855156 -0.00212991 0.0598341)
(0.814745 -0.00309422 0.0180462)
(0.855386 -0.0036742 0.0170255)
(0.973127 -0.0039986 0.0597336)
(1.16083 -0.00452202 0.123443)
(1.38211 -0.00283739 0.371214)
(1.10617 0.00245574 0.305942)
(0.949021 -0.0013982 0.0982433)
(0.813141 -0.00181971 0.0709063)
(0.773407 -0.00271619 0.0306891)
(0.810653 -0.00326884 0.0292075)
(0.921105 -0.00359064 0.0696103)
(1.0981 -0.00411435 0.129251)
(1.30541 -0.002573 0.366742)
(1.05276 0.00236452 0.30366)
(0.903106 -0.00116833 0.106123)
(0.772228 -0.00154815 0.0801316)
(0.733296 -0.00238033 0.0414597)
(0.767443 -0.00290535 0.0395627)
(0.871049 -0.0032222 0.0777451)
(1.03788 -0.00374105 0.133553)
(1.23194 -0.00233456 0.360812)
(1.00077 0.00226519 0.300041)
(0.85837 -0.000968067 0.112421)
(0.732487 -0.00131087 0.0876873)
(0.694454 -0.00208218 0.0505349)
(0.725755 -0.0025795 0.0482625)
(0.822906 -0.00288944 0.0843)
(0.980045 -0.00339907 0.136488)
(1.16154 -0.00211913 0.353587)
(0.950285 0.00215999 0.295241)
(0.814878 -0.00079415 0.117283)
(0.693967 -0.00110406 0.0937326)
(0.656906 -0.00181782 0.0580733)
(0.685581 -0.00228758 0.0554616)
(0.776629 -0.00258897 0.0894244)
(0.924531 -0.00308578 0.138191)
(1.0941 -0.00192428 0.345227)
(0.901334 0.00205083 0.289401)
(0.772674 -0.000643679 0.120847)
(0.656695 -0.000924334 0.098412)
(0.620667 -0.00158379 0.0642188)
(0.646912 -0.0020263 0.0613009)
(0.732183 -0.00231783 0.0932566)
(0.87127 -0.00279885 0.138789)
(1.02955 -0.00174789 0.335884)
(0.853947 0.0019393 0.282653)
(0.731785 -0.000514056 0.123237)
(0.62069 -0.000768655 0.101858)
(0.58574 -0.00137695 0.0691036)
(0.609735 -0.00179269 0.0659106)
(0.689535 -0.00207331 0.095926)
(0.820212 -0.0025362 0.138402)
(0.967797 -0.00158812 0.325707)
(0.808136 0.00182677 0.275117)
(0.692229 -0.000402944 0.12457)
(0.585958 -0.000634314 0.104194)
(0.552124 -0.00119452 0.0728497)
(0.574034 -0.00158409 0.0694115)
(0.648652 -0.001853 0.0975536)
(0.771309 -0.00229592 0.137144)
(0.908791 -0.00144334 0.314833)
(0.763903 0.00171441 0.266907)
(0.654015 -0.000308235 0.124954)
(0.5525 -0.000518868 0.105534)
(0.519812 -0.00103393 0.0755707)
(0.539791 -0.00139806 0.0719163)
(0.609502 -0.00165468 0.0982527)
(0.724515 -0.00207627 0.135122)
(0.852458 -0.00131207 0.303391)
(0.721242 0.00160321 0.258127)
(0.617144 -0.000228024 0.124492)
(0.52031 -0.000420116 0.105984)
(0.488791 -0.00089288 0.0773725)
(0.506983 -0.00123239 0.07353)
(0.572053 -0.00147631 0.0981294)
(0.679784 -0.00187564 0.132434)
(0.798734 -0.00119298 0.291503)
(0.680145 0.00149401 0.248875)
(0.581613 -0.000160591 0.123278)
(0.489378 -0.00033607 0.105644)
(0.459045 -0.000769278 0.0783541)
(0.475587 -0.00108505 0.0743509)
(0.536268 -0.00131604 0.0972828)
(0.63707 -0.00169253 0.129175)
(0.747549 -0.00108489 0.279279)
(0.640597 0.00138751 0.239244)
(0.547415 -0.00010438 0.121402)
(0.45969 -0.00026494 0.104607)
(0.430557 -0.000661218 0.0786078)
(0.445575 -0.000954195 0.0744707)
(0.502109 -0.00117216 0.095805)
(0.596323 -0.00152554 0.125429)
(0.698832 -0.000986701 0.266821)
(0.602581 0.00128429 0.229317)
(0.514538 -5.79897e-05 0.118948)
(0.431231 -0.000205115 0.102959)
(0.403304 -0.000566973 0.0782198)
(0.416919 -0.000838139 0.0739747)
(0.469538 -0.00104311 0.0937819)
(0.557492 -0.00137338 0.121277)
(0.65251 -0.000897433 0.254221)
(0.566078 0.00118481 0.219175)
(0.48297 -2.01558e-05 0.115994)
(0.40398 -0.000155146 0.100781)
(0.377262 -0.000484977 0.0772705)
(0.389586 -0.000735345 0.0729423)
(0.438514 -0.000927444 0.0912927)
(0.520524 -0.00123486 0.116791)
(0.60851 -0.0008162 0.241563)
(0.531064 0.00108945 0.20889)
(0.452694 1.02562e-05 0.112612)
(0.377917 -0.000113736 0.0981477)
(0.352407 -0.000413818 0.0758343)
(0.363546 -0.000644415 0.0714471)
(0.408993 -0.000823866 0.0884108)
(0.485367 -0.00110886 0.112039)
(0.566755 -0.000742204 0.228925)
(0.497516 0.000998496 0.198529)
(0.423692 3.42627e-05 0.10887)
(0.353018 -7.97256e-05 0.0951294)
(0.32871 -0.00035222 0.0739806)
(0.338763 -0.00056408 0.0695573)
(0.380934 -0.000731174 0.0852038)
(0.451966 -0.00099434 0.107081)
(0.527171 -0.00067473 0.216373)
(0.465407 0.000912138 0.188155)
(0.395943 5.2772e-05 0.104831)
(0.329259 -5.20823e-05 0.0917901)
(0.306143 -0.000299037 0.0717733)
(0.315204 -0.000493191 0.0673355)
(0.35429 -0.000648283 0.0817337)
(0.420266 -0.000890356 0.101974)
(0.489682 -0.000613135 0.20397)
(0.43471 0.000830514 0.177823)
(0.369425 6.65945e-05 0.100553)
(0.306615 -2.98885e-05 0.0881891)
(0.284678 -0.000253238 0.0692712)
(0.292832 -0.00043071 0.0648395)
(0.329019 -0.000574203 0.078057)
(0.390211 -0.000796024 0.0967686)
(0.454211 -0.000556846 0.191769)
(0.405397 0.000753696 0.167586)
(0.344115 7.64501e-05 0.0960886)
(0.285058 -1.23326e-05 0.084381)
(0.264285 -0.000213902 0.0665286)
(0.271611 -0.000375699 0.062122)
(0.305075 -0.000508038 0.0742254)
(0.361748 -0.000710529 0.0915095)
(0.420685 -0.000505353 0.179817)
(0.377438 0.000681699 0.157488)
(0.319988 8.29753e-05 0.0914875)
(0.264561 1.30133e-06 0.0804155)
(0.244931 -0.000180209 0.063595)
(0.251505 -0.000327318 0.0592315)
(0.282413 -0.000448977 0.0702856)
(0.334821 -0.000633121 0.0862381)
(0.389029 -0.0004582 0.168158)
(0.350802 0.000614492 0.147573)
(0.297018 8.67315e-05 0.0867943)
(0.245096 1.16418e-05 0.0763382)
(0.226588 -0.000151426 0.0605156)
(0.232479 -0.000284808 0.0562116)
(0.260989 -0.000396285 0.0662799)
(0.309375 -0.000563109 0.080991)
(0.35917 -0.000414985 0.156826)
(0.325458 0.000552004 0.137877)
(0.275179 8.82111e-05 0.0820497)
(0.226635 1.92388e-05 0.0721904)
(0.209223 -0.000126905 0.0573315)
(0.214494 -0.000247494 0.0531021)
(0.240759 -0.000349303 0.0622462)
(0.285357 -0.000499857 0.0758007)
(0.331037 -0.00037535 0.145851)
(0.301374 0.000494131 0.128432)
(0.254443 8.78448e-05 0.0772906)
(0.209149 2.45707e-05 0.0680093)
(0.192806 -0.000106071 0.0540798)
(0.197517 -0.00021477 0.0499387)
(0.221678 -0.000307434 0.0582185)
(0.262714 -0.000442781 0.070696)
(0.304561 -0.000338979 0.135261)
(0.278517 0.000440737 0.119267)
(0.234782 8.60071e-05 0.0725501)
(0.192608 2.80523e-05 0.0638286)
(0.177304 -8.84181e-05 0.0507939)
(0.181509 -0.000186096 0.0467535)
(0.203705 -0.000270144 0.0542268)
(0.241394 -0.000391342 0.0657019)
(0.279672 -0.000305591 0.125075)
(0.256854 0.000391666 0.110406)
(0.216168 8.30224e-05 0.0678581)
(0.176984 3.0041e-05 0.0596781)
(0.162689 -7.35018e-05 0.0475038)
(0.166438 -0.000160992 0.0435751)
(0.186796 -0.000236953 0.0502977)
(0.221345 -0.000345048 0.0608403)
(0.256304 -0.000274938 0.115311)
(0.236353 0.000346741 0.101872)
(0.198572 7.91695e-05 0.0632411)
(0.162248 3.0843e-05 0.0555846)
(0.148928 -6.09319e-05 0.0442361)
(0.152266 -0.000139031 0.0404287)
(0.170909 -0.000207429 0.0464544)
(0.202517 -0.000303445 0.0561299)
(0.234392 -0.0002468 0.105981)
(0.216981 0.000305772 0.0936804)
(0.181964 7.46864e-05 0.0587226)
(0.14837 3.07191e-05 0.0515715)
(0.135991 -5.03676e-05 0.0410143)
(0.138961 -0.000119837 0.0373366)
(0.156006 -0.000181187 0.042717)
(0.184861 -0.000266118 0.0515864)
(0.213874 -0.000220981 0.0970948)
(0.198705 0.000268555 0.0858462)
(0.166315 6.97753e-05 0.054323)
(0.135322 2.98899e-05 0.0476592)
(0.123849 -4.15125e-05 0.0378591)
(0.126489 -0.000103074 0.0343182)
(0.142044 -0.000157882 0.0391027)
(0.168329 -0.000232686 0.047223)
(0.194687 -0.000197306 0.088658)
(0.181491 0.000234882 0.0783802)
(0.151596 6.4606e-05 0.05006)
(0.123076 2.85402e-05 0.0438655)
(0.112472 -3.41096e-05 0.0347882)
(0.114817 -8.84476e-05 0.03139)
(0.128986 -0.000137206 0.0356259)
(0.152874 -0.000202797 0.0430504)
(0.176773 -0.00017562 0.0806736)
(0.165306 0.000204537 0.0712906)
(0.137778 5.93195e-05 0.045949)
(0.111602 2.68238e-05 0.0402055)
(0.10183 -2.79366e-05 0.031817)
(0.103912 -7.5698e-05 0.0285663)
(0.116794 -0.000118884 0.0322986)
(0.138451 -0.000176133 0.0390769)
(0.160073 -0.000155783 0.0731417)
(0.150117 0.000177306 0.0645829)
(0.12483 5.40316e-05 0.0420026)
(0.100874 2.48671e-05 0.0366918)
(0.0918956 -2.28023e-05 0.0289585)
(0.0937423 -6.45962e-05 0.0258589)
(0.10543 -0.000102668 0.0291304)
(0.125014 -0.000152398 0.0353089)
(0.144533 -0.000137668 0.06606)
(0.135892 0.000152973 0.0582598)
(0.112723 4.88361e-05 0.0382314)
(0.0908628 2.27727e-05 0.0333347)
(0.0826402 -1.85425e-05 0.0262235)
(0.084278 -5.49407e-05 0.0232776)
(0.094859 -8.83401e-05 0.0261288)
(0.112521 -0.000131323 0.0317507)
(0.130098 -0.000121159 0.0594237)
(0.122597 0.000131324 0.052322)
(0.101428 4.38073e-05 0.0346437)
(0.0815416 2.06228e-05 0.0301426)
(0.0740362 -1.50169e-05 0.0236206)
(0.0754885 -4.6555e-05 0.02083)
(0.0850456 -7.57023e-05 0.0232993)
(0.100928 -0.00011266 0.028405)
(0.116716 -0.000106151 0.0532262)
(0.110201 0.000112151 0.0467678)
(0.0909159 3.90025e-05 0.0312461)
(0.0728835 1.84823e-05 0.0271218)
(0.0660566 -1.21062e-05 0.0211568)
(0.0673444 -3.9284e-05 0.018522)
(0.0759557 -6.45792e-05 0.0206458)
(0.0901948 -9.61823e-05 0.0252728)
(0.104336 -9.25452e-05 0.0474591)
(0.0986697 9.525e-05 0.0415936)
(0.0811564 3.44642e-05 0.028043)
(0.0648617 1.64005e-05 0.0242769)
(0.0586749 -9.70917e-06 0.018837)
(0.059817 -3.29918e-05 0.0163578)
(0.0675561 -5.48136e-05 0.0181701)
(0.0802815 -8.16821e-05 0.0223536)
(0.0929095 -8.02519e-05 0.0421121)
(0.0879722 8.0426e-05 0.0367939)
(0.072121 3.02225e-05 0.0250375)
(0.05745 1.44143e-05 0.0216107)
(0.0518649 -7.7403e-06 0.0166647)
(0.0528782 -2.75591e-05 0.01434)
(0.0598145 -4.62643e-05 0.0158728)
(0.0711487 -6.89681e-05 0.0196457)
(0.0823894 -6.91849e-05 0.0371737)
(0.0780761 6.74906e-05 0.0323615)
(0.0637806 2.62969e-05 0.0222309)
(0.0506224 1.25498e-05 0.0191245)
(0.0456012 -6.12765e-06 0.014642)
(0.0465006 -2.28813e-05 0.01247)
(0.0526994 -3.88046e-05 0.0137532)
(0.0627586 -5.78646e-05 0.0171461)
(0.0727299 -5.92632e-05 0.0326313)
(0.0689492 5.62642e-05 0.0282878)
(0.0561065 2.26974e-05 0.019623)
(0.0443534 1.08244e-05 0.0168184)
(0.0398587 -4.8109e-06 0.0127694)
(0.0406576 -1.88665e-05 0.0107475)
(0.0461802 -3.23204e-05 0.011809)
(0.0550741 -4.82107e-05 0.0148507)
(0.0638864 -5.04095e-05 0.0284708)
(0.06056 4.65767e-05 0.0245627)
(0.0490699 1.94267e-05 0.0172126)
(0.0386177 9.24799e-06 0.0146909)
(0.0346128 -3.73965e-06 0.0110465)
(0.0353229 -1.5434e-05 0.00917136)
(0.0402271 -2.6709e-05 0.0100372)
(0.0480592 -3.98582e-05 0.0127545)
(0.0558161 -4.25498e-05 0.0246776)
(0.0528768 3.8268e-05 0.0211749)
(0.0426425 1.64811e-05 0.014997)
(0.0333904 7.82475e-06 0.0127396)
(0.0298394 -2.8719e-06 0.00947149)
(0.0304711 -1.25127e-05 0.00773935)
(0.034811 -2.18775e-05 0.00843354)
(0.0416788 -3.26712e-05 0.0108518)
(0.0484773 -3.56126e-05 0.0212361)
(0.0458681 3.11878e-05 0.018112)
(0.036796 1.38518e-05 0.0129724)
(0.0286469 6.5541e-06 0.0109609)
(0.0255149 -2.17271e-06 0.00804173)
(0.0260773 -1.00398e-05 0.00644819)
(0.0299037 -1.77416e-05 0.00699293)
(0.0358988 -2.65248e-05 0.00913582)
(0.0418298 -2.95291e-05 0.0181301)
(0.0395026 2.5196e-05 0.0153605)
(0.0315021 1.1526e-05 0.0111342)
(0.0243629 5.43187e-06 0.0093504)
(0.0216158 -1.61316e-06 0.00675363)
(0.022117 -7.95979e-06 0.00529384)
(0.0254775 -1.42249e-05 0.00570949)
(0.0306859 -2.13048e-05 0.00759934)
(0.0358345 -2.42326e-05 0.0153431)
(0.0337489 2.01628e-05 0.0129062)
(0.0267329 9.48751e-06 0.00947661)
(0.0205144 4.45115e-06 0.00790275)
(0.0181193 -1.16922e-06 0.00560279)
(0.0185663 -6.2234e-06 0.00427147)
(0.0215054 -1.12578e-05 0.00457662)
(0.0260076 -1.69058e-05 0.00623439)
(0.0304532 -1.9658e-05 0.012858)
(0.0285759 1.59684e-05 0.010734)
(0.0224605 7.71797e-06 0.0079933)
(0.0170776 3.60305e-06 0.00661186)
(0.015003 -8.21003e-07 0.00458408)
(0.0154018 -4.78684e-06 0.00337558)
(0.0179611 -8.77669e-06 0.00358714)
(0.0218322 -1.32312e-05 0.00503251)
(0.0256488 -1.57419e-05 0.0106572)
(0.0239524 1.2503e-05 0.0088284)
(0.0186573 6.19731e-06 0.00667702)
(0.0140291 2.87734e-06 0.00547098)
(0.0122445 -5.5197e-07 0.00369179)
(0.0126006 -3.611e-06 0.00260011)
(0.0148187 -6.7234e-06 0.00273335)
(0.0181284 -1.01922e-05 0.0039848)
(0.0213848 -1.24228e-05 0.00872323)
(0.0198475 9.66687e-06 0.00717313)
(0.0152958 4.90444e-06 0.00551994)
(0.0113457 2.26304e-06 0.0044728)
(0.00982215 -3.48355e-07 0.00291959)
(0.01014 -2.66087e-06 0.00193849)
(0.0120529 -5.04474e-06 0.00200712)
(0.0148659 -7.70778e-06 0.00308207)
(0.0176261 -9.64162e-06 0.00703822)
(0.0162301 7.36924e-06 0.00575162)
(0.0123486 3.81777e-06 0.00451361)
(0.00900419 1.74879e-06 0.00360947)
(0.00771437 -1.98623e-07 0.00226074)
(0.00799812 -1.90506e-06 0.00138374)
(0.00963901 -3.69197e-06 0.00139995)
(0.012015 -5.70364e-06 0.0023148)
(0.0143383 -7.34099e-06 0.00558453)
(0.0130694 5.52852e-06 0.0045469)
(0.00978839 2.91558e-06 0.00364909)
(0.00698189 1.32324e-06 0.00287272)
(0.00589993 -9.30531e-08 0.00170806)
(0.00615309 -1.31531e-06 0.00092849)
(0.00755271 -2.62046e-06 0.000903047)
(0.00954647 -4.11218e-06 0.0016732)
(0.0114876 -5.46592e-06 0.00434446)
(0.0103344 4.07178e-06 0.00354173)
(0.00758815 2.17662e-06 0.00291697)
(0.00525619 9.75351e-07 0.00225391)
(0.00435788 -2.33959e-08 0.00125403)
(0.00458356 -8.66193e-07 0.000565077)
(0.00577017 -1.78936e-06 0.000507335)
(0.00743176 -2.87186e-06 0.00114726)
(0.00904088 -3.9637e-06 0.00330039)
(0.0079944 2.93434e-06 0.00271875)
(0.00572096 1.5803e-06 0.00230753)
(0.00380467 6.94619e-07 0.0017441)
(0.00306754 1.74099e-08 0.000890811)
(0.00326847 -5.34765e-07 0.000285575)
(0.00426793 -1.16133e-06 0.000203583)
(0.00564283 -1.92692e-06 0.000726808)
(0.00696586 -2.78427e-06 0.0024349)
(0.00601862 2.05933e-06 0.00206046)
(0.00416008 1.107e-06 0.0018107)
(0.00260509 4.71214e-07 0.00133408)
(0.0020084 3.54907e-08 0.000610315)
(0.00218706 -3.00366e-07 8.18476e-05)
(0.0030229 -7.0239e-07 -1.76116e-05)
(0.00415218 -1.22706e-06 0.000401571)
(0.00523075 -1.88043e-06 0.00173078)
(0.00437665 1.39725e-06 0.0015494)
(0.00287898 7.38313e-07 0.0014162)
(0.00163532 2.96127e-07 0.00101448)
(0.00116013 3.62147e-08 0.000404264)
(0.00131876 -1.44409e-07 -5.44736e-05)
(0.00201242 -3.81716e-07 -0.00016582)
(0.00293287 -7.27157e-07 0.000161195)
(0.00380447 -1.20805e-06 0.00117116)
(0.00303832 9.0547e-07 0.00116815)
(0.00185142 4.57226e-07 0.00111358)
(0.000873363 1.61204e-07 0.000775822)
(0.000502341 2.42894e-08 0.000264193)
(0.000643102 -5.01997e-08 -0.000131984)
(0.00121408 -1.71466e-07 -0.000250749)
(0.00195855 -3.86998e-07 -4.71943e-06)
(0.00265664 -7.26309e-07 0.000739522)
(0.00197389 5.47766e-07 0.000899347)
(0.00105143 2.48185e-07 0.000892336)
(0.000297181 5.91191e-08 0.000608598)
(1.44667e-05 3.81738e-09 0.000181467)
(0.000139475 -2.81094e-09 -0.000159508)
(0.000605718 -4.66182e-08 -0.000282258)
(0.00120347 -1.70982e-07 -0.00010661)
(0.00175766 -3.97811e-07 0.000419816)
(0.00115415 2.93782e-07 0.00072573)
(0.000453431 9.71592e-08 0.000741934)
(-0.000115352 -1.67022e-08 0.00050337)
(-0.000324547 -2.17152e-08 0.00014735)
(-0.000213095 1.09845e-08 -0.000146127)
(0.000165308 1.5153e-08 -0.000270396)
(0.000642541 -4.78293e-08 -0.000154953)
(0.00107868 -1.88676e-07 0.000196458)
(0.000550567 1.18599e-07 0.000629955)
(3.22906e-05 -8.37569e-09 0.000651884)
(-0.000386621 -7.22577e-08 0.000451015)
(-0.000536617 -4.95718e-08 0.000153187)
(-0.000436277 2.71174e-09 -0.000101176)
(-0.000129063 3.35855e-08 -0.000225468)
(0.000251426 9.70738e-09 -0.000160313)
(0.000591516 -6.85656e-08 5.43296e-05)
(0.000135207 2.29056e-09 0.000594282)
(-0.000236783 -7.94476e-08 0.000611733)
(-0.00053948 -1.13271e-07 0.000443221)
(-0.000644941 -7.81232e-08 0.000191015)
(-0.000552773 -1.79892e-08 -3.39182e-05)
(-0.000299295 2.58792e-08 -0.000158063)
(6.49282e-06 2.51197e-08 -0.000133511)
(0.000268417 -1.06868e-08 -2.13532e-05)
(-0.000120334 -7.05322e-08 0.000599915)
(-0.000378678 -1.25546e-07 0.000611029)
(-0.000597531 -1.45682e-07 0.000473464)
(-0.000674053 -1.07693e-07 0.000255158)
(-0.000586379 -4.40409e-08 4.76296e-05)
(-0.000367712 6.45286e-09 -7.88989e-05)
(-0.000115906 1.83002e-08 -8.60658e-05)
(8.09651e-05 8.18856e-09 -4.54894e-05)
(-0.000247698 -1.11041e-07 0.000624858)
(-0.000420212 -1.53818e-07 0.00063661)
(-0.000585212 -1.75043e-07 0.000535104)
(-0.000647032 -1.40668e-07 0.000342235)
(-0.000559248 -7.15118e-08 0.000137579)
(-0.000357358 -1.38338e-08 1.43153e-06)
(-0.000142193 4.9837e-09 -3.08246e-05)
(-2.50595e-06 7.46366e-09 -3.46853e-05)
(-0.000287915 -1.26998e-07 0.00064661)
(-0.000396455 -1.67885e-07 0.000671423)
(-0.000527747 -2.0473e-07 0.000622553)
(-0.000576464 -1.80031e-07 0.00045577)
(-0.000482357 -1.00557e-07 0.000239585)
(-0.0002898 -3.04776e-08 7.83563e-05)
(-0.000106269 -5.27928e-09 1.78115e-05)
(-1.97528e-05 1.34709e-09 -7.90888e-06)
(-0.000276146 -1.24125e-07 0.000648444)
(-0.00035779 -1.79736e-07 0.000731798)
(-0.000443608 -2.49111e-07 0.000767992)
(-0.000435309 -2.3973e-07 0.000635117)
(-0.000312445 -1.42288e-07 0.000382697)
(-0.000152003 -4.69179e-08 0.000152794)
(-4.30902e-05 -7.30474e-09 3.35992e-05)
(-8.57454e-06 -2.28231e-09 1.30766e-05)
)
;
    }
    front
    {
        type            calculated;
        value           nonuniform List<vector> 
640
(
(-53.7393 -2.50955 -2.89545)
(-26.8295 -1.0127 -0.752487)
(-9.1228 -0.225799 0.741234)
(-1.0082 -0.00634912 0.137977)
(-4.27075 0.103208 -1.45063)
(-18.8689 0.790301 -2.42722)
(-43.2535 2.5718 -1.76685)
(-79.8318 6.20154 -2.20115)
(-15.9927 -0.267235 -0.739033)
(-5.1312 -0.0369225 -0.531468)
(-0.769296 0.0052868 -0.368993)
(0.239811 0.0106238 -0.433954)
(-0.730247 0.0150451 -0.454822)
(-3.51002 0.0414986 -0.401152)
(-8.98872 0.138385 -0.245005)
(-17.9431 0.406136 -0.40642)
(-5.95833 -0.0330997 -0.518833)
(-0.90908 0.0115246 -0.616561)
(0.863035 0.012592 -0.518351)
(0.807032 0.0120774 -0.495938)
(0.307544 0.00992476 -0.396458)
(-0.450763 0.00711452 -0.264561)
(-2.1944 0.0108488 -0.16939)
(-4.68015 0.027491 -0.158341)
(-2.47841 -0.00115269 -0.375141)
(-0.111252 0.0147393 -0.585572)
(0.967255 0.0145489 -0.537938)
(1.0129 0.0136434 -0.512853)
(0.740571 0.0115926 -0.438424)
(0.324908 0.00877091 -0.342875)
(-0.44149 0.00706186 -0.28324)
(-1.1969 0.00334851 -0.119517)
(-0.6804 0.0046682 -0.247524)
(0.450456 0.0149343 -0.522716)
(1.04049 0.0151149 -0.517588)
(1.13161 0.0146773 -0.507914)
(1.02319 0.0130138 -0.450347)
(0.862947 0.0106589 -0.366035)
(0.678953 0.00821344 -0.280864)
(0.589788 0.00208632 -0.0316754)
(0.368841 0.00437133 -0.131476)
(0.874856 0.0136495 -0.439254)
(1.13764 0.01435 -0.462884)
(1.20607 0.014729 -0.477253)
(1.20472 0.0138194 -0.437609)
(1.24431 0.012238 -0.357024)
(1.3941 0.0104826 -0.244786)
(1.66136 0.00488195 0.0654944)
(0.978051 0.00271151 -0.0334061)
(1.14364 0.011939 -0.356923)
(1.21094 0.0130451 -0.39703)
(1.24724 0.0140891 -0.430968)
(1.30714 0.0138612 -0.405154)
(1.46433 0.0129806 -0.326093)
(1.76978 0.0120029 -0.198764)
(2.20103 0.00730099 0.147077)
(1.31841 0.00109054 0.0457118)
(1.29708 0.0102895 -0.283395)
(1.25179 0.0116102 -0.331592)
(1.26205 0.0130629 -0.377879)
(1.3519 0.0133006 -0.360853)
(1.56529 0.0128975 -0.282988)
(1.92785 0.0124375 -0.150656)
(2.40593 0.00834032 0.209225)
(1.49445 -0.0001638 0.108022)
(1.37216 0.0088434 -0.22007)
(1.2642 0.0102228 -0.271089)
(1.2564 0.0118729 -0.323846)
(1.35696 0.0123829 -0.311996)
(1.58902 0.0122657 -0.235995)
(1.95956 0.0121089 -0.105364)
(2.42975 0.00836767 0.255058)
(1.57176 -0.00105618 0.15666)
(1.39678 0.00761242 -0.166192)
(1.25545 0.00895141 -0.216943)
(1.2358 0.010659 -0.272275)
(1.33628 0.0113095 -0.263482)
(1.56689 0.0113555 -0.190162)
(1.92356 0.0113798 -0.0650396)
(2.36606 0.00788215 0.288807)
(1.59076 -0.00166881 0.194626)
(1.39026 0.00656682 -0.120331)
(1.23231 0.00781397 -0.169192)
(1.20485 0.00949851 -0.224842)
(1.29987 0.0102119 -0.218015)
(1.51967 0.0103524 -0.147965)
(1.85467 0.0104969 -0.030102)
(2.26509 0.00720489 0.313936)
(1.57569 -0.00208105 0.224339)
(1.36496 0.00567276 -0.0811035)
(1.19982 0.00680794 -0.127369)
(1.16714 0.00842819 -0.182162)
(1.25453 0.0091623 -0.176776)
(1.46011 0.00936114 -0.110277)
(1.77216 0.00959549 -0.000162424)
(2.1519 0.00649907 0.332887)
(1.54092 -0.00235228 0.24761)
(1.32853 0.00490231 -0.0473822)
(1.16148 0.00592315 -0.0908649)
(1.12528 0.0074607 -0.144249)
(1.2046 0.00819363 -0.140044)
(1.39553 0.00843175 -0.0771292)
(1.68598 0.00873832 0.0254289)
(2.03813 0.00583527 0.347267)
(1.49492 -0.00252359 0.265758)
(1.28564 0.00423406 -0.018288)
(1.11966 0.00514693 -0.0590682)
(1.08112 0.00659559 -0.110818)
(1.15277 0.00731621 -0.107641)
(1.32989 0.00758264 -0.0481867)
(1.60088 0.00794878 0.0473096)
(1.92861 0.00523725 0.358085)
(1.44272 -0.00262278 0.279741)
(1.23914 0.00365167 0.00685737)
(1.07592 0.00446644 -0.0314146)
(1.03588 0.00582604 -0.0814612)
(1.10063 0.00652855 -0.0792007)
(1.26521 0.00681608 -0.0230074)
(1.51886 0.00723096 0.0660092)
(1.82484 0.00470743 0.365955)
(1.38731 -0.00266882 0.290262)
(1.19081 0.00314246 0.0285825)
(1.0313 0.00386979 -0.00740705)
(0.990423 0.00514285 -0.0557493)
(1.04906 0.00582398 -0.0543065)
(1.20238 0.00612709 -0.00115839)
(1.44049 0.00658073 0.08194)
(1.72685 0.00423987 0.37126)
(1.3305 -0.00267489 0.297851)
(1.14174 0.00269634 0.0473075)
(0.986514 0.00334636 0.0133826)
(0.945277 0.00453646 -0.0332783)
(0.998564 0.00519414 -0.0325631)
(1.14175 0.0055082 0.0177417)
(1.36577 0.0059913 0.0954191)
(1.63414 0.00382641 0.374255)
(1.27341 -0.00265043 0.302915)
(1.09263 0.00230514 0.0633735)
(0.942029 0.00288697 0.0313197)
(0.900807 0.00399798 -0.0136887)
(0.949381 0.00463075 -0.0136203)
(1.08336 0.00495171 0.0340158)
(1.29444 0.0054557 0.106697)
(1.54612 0.00345913 0.375134)
(1.21672 -0.00260242 0.30578)
(1.04396 0.00196205 0.0770636)
(0.89817 0.00248374 0.046715)
(0.857245 0.00351951 0.00333033)
(0.901636 0.00412629 0.00282341)
(1.02719 0.00445055 0.0479359)
(1.22621 0.00496769 0.115978)
(1.46225 0.0031313 0.374066)
(1.16088 -0.00253615 0.306713)
(0.996019 0.00166136 0.0886176)
(0.855156 0.00212991 0.0598342)
(0.814745 0.00309422 0.0180462)
(0.855386 0.0036742 0.0170255)
(0.973127 0.0039986 0.0597336)
(1.16083 0.00452202 0.123443)
(1.38211 0.00283739 0.371214)
(1.10617 -0.00245574 0.305942)
(0.949021 0.0013982 0.0982433)
(0.813141 0.00181971 0.0709063)
(0.773407 0.00271619 0.0306891)
(0.810653 0.00326884 0.0292075)
(0.921105 0.00359064 0.0696103)
(1.0981 0.00411435 0.129251)
(1.30541 0.002573 0.366742)
(1.05276 -0.00236452 0.30366)
(0.903106 0.00116833 0.106123)
(0.772228 0.00154815 0.0801316)
(0.733296 0.00238033 0.0414597)
(0.767443 0.00290535 0.0395627)
(0.871049 0.0032222 0.0777451)
(1.03788 0.00374105 0.133553)
(1.23194 0.00233456 0.360812)
(1.00077 -0.00226519 0.300041)
(0.85837 0.000968067 0.112421)
(0.732487 0.00131087 0.0876873)
(0.694454 0.00208218 0.0505349)
(0.725755 0.0025795 0.0482625)
(0.822906 0.00288944 0.0843)
(0.980045 0.00339907 0.136488)
(1.16154 0.00211913 0.353587)
(0.950285 -0.00216 0.295241)
(0.814878 0.00079415 0.117283)
(0.693967 0.00110406 0.0937326)
(0.656906 0.00181782 0.0580733)
(0.685581 0.00228758 0.0554616)
(0.776629 0.00258897 0.0894244)
(0.924531 0.00308578 0.138191)
(1.0941 0.00192428 0.345227)
(0.901334 -0.00205083 0.289401)
(0.772674 0.000643679 0.120847)
(0.656695 0.000924334 0.098412)
(0.620667 0.00158379 0.0642188)
(0.646912 0.0020263 0.0613009)
(0.732183 0.00231783 0.0932566)
(0.87127 0.00279885 0.138789)
(1.02955 0.00174789 0.335884)
(0.853947 -0.0019393 0.282653)
(0.731785 0.000514056 0.123237)
(0.62069 0.000768655 0.101858)
(0.58574 0.00137695 0.0691036)
(0.609735 0.00179269 0.0659106)
(0.689535 0.00207331 0.095926)
(0.820212 0.0025362 0.138402)
(0.967797 0.00158812 0.325707)
(0.808136 -0.00182677 0.275117)
(0.692229 0.000402944 0.12457)
(0.585958 0.000634314 0.104194)
(0.552124 0.00119452 0.0728497)
(0.574034 0.00158409 0.0694115)
(0.648652 0.001853 0.0975536)
(0.771309 0.00229592 0.137144)
(0.90879 0.00144334 0.314833)
(0.763903 -0.00171441 0.266907)
(0.654015 0.000308235 0.124954)
(0.5525 0.000518868 0.105534)
(0.519812 0.00103393 0.0755707)
(0.539791 0.00139806 0.0719163)
(0.609502 0.00165468 0.0982527)
(0.724515 0.00207627 0.135122)
(0.852458 0.00131207 0.303391)
(0.721242 -0.00160321 0.258127)
(0.617144 0.000228024 0.124492)
(0.52031 0.000420116 0.105984)
(0.488791 0.00089288 0.0773725)
(0.506983 0.00123239 0.07353)
(0.572053 0.00147631 0.0981294)
(0.679784 0.00187564 0.132434)
(0.798734 0.00119298 0.291503)
(0.680145 -0.00149401 0.248875)
(0.581613 0.000160591 0.123278)
(0.489378 0.00033607 0.105644)
(0.459045 0.000769278 0.0783541)
(0.475587 0.00108505 0.0743509)
(0.536268 0.00131604 0.0972828)
(0.63707 0.00169253 0.129175)
(0.747549 0.00108489 0.279279)
(0.640597 -0.00138751 0.239244)
(0.547415 0.00010438 0.121402)
(0.45969 0.00026494 0.104607)
(0.430557 0.000661218 0.0786078)
(0.445575 0.000954195 0.0744707)
(0.502109 0.00117216 0.0958051)
(0.596323 0.00152554 0.125429)
(0.698832 0.000986701 0.266821)
(0.602581 -0.00128429 0.229317)
(0.514538 5.79896e-05 0.118948)
(0.431231 0.000205115 0.102959)
(0.403304 0.000566973 0.0782198)
(0.416919 0.000838139 0.0739747)
(0.469538 0.00104311 0.0937819)
(0.557492 0.00137338 0.121277)
(0.65251 0.000897433 0.254221)
(0.566078 -0.00118481 0.219175)
(0.48297 2.01557e-05 0.115994)
(0.40398 0.000155146 0.100781)
(0.377262 0.000484977 0.0772704)
(0.389586 0.000735345 0.0729423)
(0.438514 0.000927444 0.0912927)
(0.520524 0.00123486 0.116791)
(0.60851 0.0008162 0.241563)
(0.531064 -0.00108945 0.20889)
(0.452695 -1.02562e-05 0.112612)
(0.377917 0.000113736 0.0981477)
(0.352407 0.000413818 0.0758343)
(0.363546 0.000644414 0.0714472)
(0.408993 0.000823865 0.0884108)
(0.485367 0.00110886 0.112039)
(0.566755 0.000742204 0.228925)
(0.497516 -0.000998496 0.198529)
(0.423692 -3.42628e-05 0.10887)
(0.353018 7.97258e-05 0.0951294)
(0.32871 0.00035222 0.0739806)
(0.338763 0.000564079 0.0695573)
(0.380934 0.000731174 0.0852038)
(0.451966 0.00099434 0.107081)
(0.527171 0.00067473 0.216373)
(0.465407 -0.000912138 0.188155)
(0.395943 -5.27721e-05 0.104831)
(0.329259 5.20824e-05 0.0917901)
(0.306143 0.000299037 0.0717733)
(0.315204 0.000493191 0.0673355)
(0.35429 0.000648283 0.0817337)
(0.420266 0.000890356 0.101974)
(0.489682 0.000613135 0.20397)
(0.43471 -0.000830514 0.177823)
(0.369425 -6.65946e-05 0.100553)
(0.306615 2.98887e-05 0.0881891)
(0.284678 0.000253238 0.0692712)
(0.292832 0.000430709 0.0648395)
(0.329019 0.000574203 0.078057)
(0.390211 0.000796023 0.0967686)
(0.454211 0.000556846 0.191769)
(0.405397 -0.000753696 0.167586)
(0.344115 -7.64501e-05 0.0960886)
(0.285058 1.23327e-05 0.084381)
(0.264285 0.000213902 0.0665286)
(0.271611 0.000375699 0.0621221)
(0.305075 0.000508038 0.0742254)
(0.361748 0.000710529 0.0915095)
(0.420685 0.000505352 0.179817)
(0.377438 -0.000681699 0.157488)
(0.319988 -8.29754e-05 0.0914875)
(0.264561 -1.30119e-06 0.0804155)
(0.244931 0.000180209 0.063595)
(0.251505 0.000327318 0.0592315)
(0.282413 0.000448977 0.0702856)
(0.334821 0.000633121 0.0862381)
(0.389029 0.0004582 0.168158)
(0.350802 -0.000614492 0.147573)
(0.297018 -8.67315e-05 0.0867944)
(0.245096 -1.16417e-05 0.0763382)
(0.226588 0.000151426 0.0605156)
(0.232479 0.000284808 0.0562116)
(0.260989 0.000396285 0.0662799)
(0.309375 0.000563109 0.080991)
(0.35917 0.000414985 0.156826)
(0.325458 -0.000552004 0.137877)
(0.275179 -8.82111e-05 0.0820497)
(0.226635 -1.92386e-05 0.0721904)
(0.209223 0.000126905 0.0573315)
(0.214494 0.000247494 0.0531021)
(0.240759 0.000349303 0.0622463)
(0.285357 0.000499857 0.0758007)
(0.331037 0.00037535 0.145851)
(0.301374 -0.000494131 0.128432)
(0.254443 -8.78448e-05 0.0772906)
(0.209149 -2.45706e-05 0.0680093)
(0.192806 0.000106071 0.0540798)
(0.197517 0.00021477 0.0499387)
(0.221678 0.000307434 0.0582185)
(0.262714 0.000442781 0.070696)
(0.304561 0.000338979 0.135261)
(0.278517 -0.000440737 0.119267)
(0.234782 -8.60072e-05 0.0725501)
(0.192608 -2.80522e-05 0.0638285)
(0.177304 8.84181e-05 0.0507939)
(0.181509 0.000186095 0.0467535)
(0.203705 0.000270144 0.0542268)
(0.241394 0.000391342 0.0657019)
(0.279672 0.000305591 0.125075)
(0.256854 -0.000391666 0.110406)
(0.216168 -8.30225e-05 0.0678581)
(0.176984 -3.00409e-05 0.0596781)
(0.162689 7.35018e-05 0.0475038)
(0.166438 0.000160991 0.0435751)
(0.186796 0.000236952 0.0502977)
(0.221345 0.000345048 0.0608403)
(0.256304 0.000274938 0.115311)
(0.236353 -0.000346741 0.101872)
(0.198572 -7.91695e-05 0.0632411)
(0.162248 -3.08429e-05 0.0555846)
(0.148928 6.09319e-05 0.0442361)
(0.152266 0.000139031 0.0404287)
(0.170909 0.000207428 0.0464544)
(0.202517 0.000303445 0.0561299)
(0.234392 0.0002468 0.105981)
(0.216981 -0.000305772 0.0936804)
(0.181964 -7.46865e-05 0.0587226)
(0.14837 -3.0719e-05 0.0515715)
(0.135991 5.03676e-05 0.0410143)
(0.138961 0.000119836 0.0373366)
(0.156006 0.000181187 0.042717)
(0.184861 0.000266118 0.0515864)
(0.213874 0.000220981 0.0970948)
(0.198705 -0.000268555 0.0858462)
(0.166315 -6.97754e-05 0.054323)
(0.135322 -2.98898e-05 0.0476592)
(0.123849 4.15125e-05 0.0378591)
(0.126489 0.000103074 0.0343182)
(0.142044 0.000157882 0.0391027)
(0.168329 0.000232686 0.047223)
(0.194687 0.000197306 0.088658)
(0.181491 -0.000234882 0.0783802)
(0.151596 -6.4606e-05 0.05006)
(0.123076 -2.85402e-05 0.0438655)
(0.112472 3.41096e-05 0.0347882)
(0.114817 8.84475e-05 0.03139)
(0.128986 0.000137206 0.0356259)
(0.152874 0.000202797 0.0430504)
(0.176773 0.00017562 0.0806736)
(0.165306 -0.000204537 0.0712906)
(0.137778 -5.93195e-05 0.045949)
(0.111602 -2.68238e-05 0.0402055)
(0.10183 2.79366e-05 0.031817)
(0.103912 7.56979e-05 0.0285663)
(0.116794 0.000118884 0.0322986)
(0.138451 0.000176133 0.0390769)
(0.160073 0.000155783 0.0731417)
(0.150117 -0.000177306 0.0645829)
(0.12483 -5.40316e-05 0.0420026)
(0.100874 -2.48671e-05 0.0366918)
(0.0918957 2.28023e-05 0.0289585)
(0.0937423 6.45961e-05 0.0258589)
(0.10543 0.000102668 0.0291304)
(0.125014 0.000152398 0.0353089)
(0.144533 0.000137668 0.06606)
(0.135892 -0.000152973 0.0582598)
(0.112723 -4.88362e-05 0.0382314)
(0.0908628 -2.27726e-05 0.0333347)
(0.0826402 1.85424e-05 0.0262235)
(0.084278 5.49406e-05 0.0232776)
(0.094859 8.83401e-05 0.0261288)
(0.112521 0.000131323 0.0317507)
(0.130098 0.000121159 0.0594237)
(0.122597 -0.000131324 0.052322)
(0.101428 -4.38073e-05 0.0346437)
(0.0815416 -2.06228e-05 0.0301426)
(0.0740362 1.50169e-05 0.0236207)
(0.0754885 4.65549e-05 0.02083)
(0.0850456 7.57022e-05 0.0232993)
(0.100928 0.00011266 0.028405)
(0.116716 0.000106151 0.0532262)
(0.110201 -0.00011215 0.0467678)
(0.0909159 -3.90025e-05 0.0312461)
(0.0728835 -1.84823e-05 0.0271218)
(0.0660566 1.21062e-05 0.0211568)
(0.0673444 3.92839e-05 0.018522)
(0.0759557 6.45792e-05 0.0206458)
(0.0901948 9.61823e-05 0.0252728)
(0.104336 9.25452e-05 0.0474591)
(0.0986697 -9.52499e-05 0.0415936)
(0.0811564 -3.44642e-05 0.028043)
(0.0648617 -1.64005e-05 0.0242769)
(0.0586749 9.70914e-06 0.018837)
(0.059817 3.29917e-05 0.0163578)
(0.0675561 5.48136e-05 0.0181701)
(0.0802815 8.16821e-05 0.0223536)
(0.0929095 8.02519e-05 0.0421121)
(0.0879722 -8.0426e-05 0.0367939)
(0.072121 -3.02226e-05 0.0250375)
(0.05745 -1.44143e-05 0.0216107)
(0.0518649 7.74027e-06 0.0166647)
(0.0528782 2.75591e-05 0.0143401)
(0.0598145 4.62643e-05 0.0158728)
(0.0711487 6.89681e-05 0.0196457)
(0.0823894 6.91849e-05 0.0371737)
(0.0780761 -6.74905e-05 0.0323615)
(0.0637806 -2.62969e-05 0.0222309)
(0.0506224 -1.25498e-05 0.0191245)
(0.0456012 6.12763e-06 0.014642)
(0.0465006 2.28813e-05 0.01247)
(0.0526993 3.88045e-05 0.0137532)
(0.0627586 5.78647e-05 0.0171461)
(0.0727299 5.92632e-05 0.0326313)
(0.0689492 -5.62641e-05 0.0282878)
(0.0561065 -2.26974e-05 0.019623)
(0.0443534 -1.08244e-05 0.0168184)
(0.0398587 4.81089e-06 0.0127694)
(0.0406576 1.88665e-05 0.0107475)
(0.0461802 3.23204e-05 0.011809)
(0.0550741 4.82107e-05 0.0148507)
(0.0638864 5.04095e-05 0.0284708)
(0.06056 -4.65767e-05 0.0245627)
(0.0490699 -1.94267e-05 0.0172126)
(0.0386177 -9.248e-06 0.0146909)
(0.0346128 3.73965e-06 0.0110465)
(0.0353229 1.5434e-05 0.00917137)
(0.040227 2.6709e-05 0.0100372)
(0.0480592 3.98582e-05 0.0127545)
(0.0558161 4.25498e-05 0.0246776)
(0.0528768 -3.8268e-05 0.0211749)
(0.0426425 -1.64812e-05 0.014997)
(0.0333904 -7.82475e-06 0.0127396)
(0.0298395 2.8719e-06 0.00947149)
(0.0304711 1.25127e-05 0.00773936)
(0.034811 2.18774e-05 0.00843354)
(0.0416788 3.26712e-05 0.0108518)
(0.0484773 3.56126e-05 0.0212361)
(0.0458681 -3.11878e-05 0.018112)
(0.036796 -1.38519e-05 0.0129724)
(0.0286469 -6.5541e-06 0.0109609)
(0.0255149 2.17272e-06 0.00804173)
(0.0260773 1.00398e-05 0.0064482)
(0.0299037 1.77415e-05 0.00699294)
(0.0358988 2.65248e-05 0.00913582)
(0.0418298 2.95291e-05 0.0181301)
(0.0395026 -2.5196e-05 0.0153605)
(0.0315021 -1.1526e-05 0.0111342)
(0.0243629 -5.43187e-06 0.0093504)
(0.0216158 1.61317e-06 0.00675363)
(0.022117 7.95979e-06 0.00529385)
(0.0254775 1.42249e-05 0.0057095)
(0.0306859 2.13048e-05 0.00759933)
(0.0358345 2.42326e-05 0.0153431)
(0.0337489 -2.01628e-05 0.0129062)
(0.0267329 -9.48752e-06 0.00947662)
(0.0205144 -4.45115e-06 0.00790275)
(0.0181193 1.16923e-06 0.00560278)
(0.0185663 6.2234e-06 0.00427148)
(0.0215054 1.12578e-05 0.00457663)
(0.0260076 1.69058e-05 0.00623439)
(0.0304532 1.9658e-05 0.012858)
(0.0285759 -1.59684e-05 0.010734)
(0.0224605 -7.71798e-06 0.00799331)
(0.0170776 -3.60305e-06 0.00661186)
(0.015003 8.2101e-07 0.00458408)
(0.0154018 4.78684e-06 0.00337558)
(0.0179611 8.77668e-06 0.00358715)
(0.0218322 1.32312e-05 0.0050325)
(0.0256488 1.57419e-05 0.0106572)
(0.0239524 -1.2503e-05 0.0088284)
(0.0186573 -6.19732e-06 0.00667703)
(0.0140292 -2.87734e-06 0.00547098)
(0.0122445 5.51974e-07 0.00369178)
(0.0126006 3.611e-06 0.00260011)
(0.0148187 6.7234e-06 0.00273335)
(0.0181284 1.01922e-05 0.0039848)
(0.0213848 1.24228e-05 0.00872323)
(0.0198475 -9.66687e-06 0.00717313)
(0.0152958 -4.90445e-06 0.00551994)
(0.0113457 -2.26304e-06 0.0044728)
(0.00982216 3.48355e-07 0.00291959)
(0.01014 2.66087e-06 0.00193849)
(0.0120529 5.04474e-06 0.00200712)
(0.0148659 7.70778e-06 0.00308207)
(0.0176261 9.64161e-06 0.00703822)
(0.0162301 -7.36924e-06 0.00575162)
(0.0123486 -3.81777e-06 0.00451362)
(0.00900419 -1.74879e-06 0.00360947)
(0.00771437 1.98622e-07 0.00226074)
(0.00799813 1.90506e-06 0.00138374)
(0.00963902 3.69197e-06 0.00139995)
(0.012015 5.70364e-06 0.0023148)
(0.0143383 7.34099e-06 0.00558453)
(0.0130694 -5.52852e-06 0.0045469)
(0.0097884 -2.91559e-06 0.00364909)
(0.00698189 -1.32324e-06 0.00287273)
(0.00589993 9.3052e-08 0.00170806)
(0.0061531 1.31531e-06 0.000928491)
(0.00755272 2.62046e-06 0.000903048)
(0.00954647 4.11218e-06 0.0016732)
(0.0114876 5.46592e-06 0.00434446)
(0.0103344 -4.07178e-06 0.00354173)
(0.00758815 -2.17662e-06 0.00291697)
(0.00525619 -9.75352e-07 0.00225391)
(0.00435788 2.33951e-08 0.00125403)
(0.00458356 8.66194e-07 0.000565077)
(0.00577017 1.78936e-06 0.000507336)
(0.00743176 2.87186e-06 0.00114726)
(0.00904088 3.9637e-06 0.00330039)
(0.0079944 -2.93434e-06 0.00271874)
(0.00572096 -1.5803e-06 0.00230753)
(0.00380467 -6.9462e-07 0.0017441)
(0.00306754 -1.74106e-08 0.000890812)
(0.00326847 5.34766e-07 0.000285575)
(0.00426793 1.16133e-06 0.000203584)
(0.00564283 1.92692e-06 0.000726808)
(0.00696586 2.78427e-06 0.0024349)
(0.00601862 -2.05933e-06 0.00206046)
(0.00416008 -1.107e-06 0.0018107)
(0.00260509 -4.71215e-07 0.00133408)
(0.00200841 -3.54914e-08 0.000610317)
(0.00218706 3.00367e-07 8.18477e-05)
(0.0030229 7.0239e-07 -1.76113e-05)
(0.00415218 1.22706e-06 0.000401571)
(0.00523075 1.88043e-06 0.00173078)
(0.00437665 -1.39724e-06 0.0015494)
(0.00287898 -7.38313e-07 0.0014162)
(0.00163533 -2.96128e-07 0.00101448)
(0.00116013 -3.62151e-08 0.000404266)
(0.00131876 1.4441e-07 -5.44734e-05)
(0.00201242 3.81717e-07 -0.00016582)
(0.00293287 7.27157e-07 0.000161195)
(0.00380447 1.20805e-06 0.00117116)
(0.00303832 -9.05471e-07 0.00116815)
(0.00185142 -4.57226e-07 0.00111358)
(0.000873366 -1.61205e-07 0.000775822)
(0.000502343 -2.42897e-08 0.000264195)
(0.000643104 5.01998e-08 -0.000131983)
(0.00121408 1.71467e-07 -0.000250749)
(0.00195855 3.86998e-07 -4.71999e-06)
(0.00265664 7.26308e-07 0.000739521)
(0.00197389 -5.47766e-07 0.000899349)
(0.00105143 -2.48186e-07 0.000892334)
(0.000297184 -5.91196e-08 0.000608598)
(1.44677e-05 -3.8175e-09 0.000181468)
(0.000139476 2.811e-09 -0.000159507)
(0.00060572 4.66185e-08 -0.000282259)
(0.00120347 1.70982e-07 -0.000106609)
(0.00175766 3.97811e-07 0.000419816)
(0.00115415 -2.93783e-07 0.000725734)
(0.000453433 -9.71597e-08 0.000741933)
(-0.000115349 1.67016e-08 0.00050337)
(-0.000324545 2.17151e-08 0.000147351)
(-0.000213095 -1.09844e-08 -0.000146126)
(0.00016531 -1.51529e-08 -0.000270396)
(0.000642542 4.78296e-08 -0.000154952)
(0.00107868 1.88676e-07 0.000196458)
(0.000550568 -1.18599e-07 0.000629957)
(3.22914e-05 8.37553e-09 0.000651885)
(-0.000386619 7.22572e-08 0.000451014)
(-0.000536615 4.95717e-08 0.000153187)
(-0.000436277 -2.71164e-09 -0.000101175)
(-0.000129062 -3.35855e-08 -0.000225467)
(0.000251426 -9.70695e-09 -0.000160312)
(0.000591514 6.85652e-08 5.43295e-05)
(0.000135208 -2.2907e-09 0.000594282)
(-0.000236783 7.94476e-08 0.000611733)
(-0.000539478 1.13271e-07 0.000443221)
(-0.00064494 7.81229e-08 0.000191015)
(-0.000552772 1.79893e-08 -3.39179e-05)
(-0.000299294 -2.58792e-08 -0.000158063)
(6.49366e-06 -2.51191e-08 -0.00013351)
(0.000268415 1.06867e-08 -2.13525e-05)
(-0.000120334 7.05319e-08 0.000599915)
(-0.000378677 1.25545e-07 0.000611028)
(-0.00059753 1.45682e-07 0.000473463)
(-0.000674052 1.07692e-07 0.000255157)
(-0.000586379 4.40411e-08 4.76301e-05)
(-0.000367711 -6.45278e-09 -7.88981e-05)
(-0.000115904 -1.82996e-08 -8.60647e-05)
(8.09651e-05 -8.1887e-09 -4.54896e-05)
(-0.000247698 1.1104e-07 0.000624857)
(-0.000420211 1.53818e-07 0.000636608)
(-0.000585211 1.75042e-07 0.000535103)
(-0.000647031 1.40668e-07 0.000342234)
(-0.000559248 7.15122e-08 0.00013758)
(-0.000357358 1.38341e-08 1.43257e-06)
(-0.000142192 -4.98418e-09 -3.08253e-05)
(-2.50335e-06 -7.46503e-09 -3.46903e-05)
(-0.000287913 1.26996e-07 0.000646607)
(-0.000396453 1.67884e-07 0.000671421)
(-0.000527744 2.04729e-07 0.000622551)
(-0.000576463 1.8003e-07 0.000455769)
(-0.000482356 1.00557e-07 0.000239586)
(-0.000289802 3.04783e-08 7.83578e-05)
(-0.000106268 5.27947e-09 1.7813e-05)
(-1.97519e-05 -1.34701e-09 -7.90839e-06)
(-0.000276146 1.24124e-07 0.00064844)
(-0.000357789 1.79735e-07 0.000731797)
(-0.000443606 2.49109e-07 0.000767989)
(-0.000435306 2.39729e-07 0.000635115)
(-0.000312445 1.42288e-07 0.000382697)
(-0.000152003 4.6918e-08 0.000152795)
(-4.30909e-05 7.30474e-09 3.3601e-05)
(-8.57749e-06 2.28218e-09 1.30742e-05)
)
;
    }
    top
    {
        type            calculated;
        value           nonuniform List<vector> 
640
(
(-55.6773 -0.984539 -2.78372)
(-70.2546 -8.43254 -4.67056)
(-84.1071 -6.63614 -6.53841)
(-90.8674 -2.28754 -7.51697)
(-90.8674 2.28754 -7.51697)
(-84.1071 6.63614 -6.53841)
(-70.2546 8.43254 -4.67056)
(-55.6773 0.984539 -2.78372)
(-26.2226 -0.0992642 -0.753816)
(-31.3308 -1.56246 -1.04115)
(-32.8289 -1.72141 -1.14887)
(-33.5185 -0.667841 -1.19766)
(-33.5185 0.667841 -1.19766)
(-32.8289 1.72141 -1.14887)
(-31.3308 1.56246 -1.04115)
(-26.2226 0.0992642 -0.753816)
(-34.2714 0.0738662 -1.30014)
(-36.8708 -0.505285 -1.43682)
(-36.7295 -0.693081 -1.40944)
(-36.5699 -0.303019 -1.39273)
(-36.5699 0.303019 -1.39273)
(-36.7295 0.693081 -1.40944)
(-36.8708 0.505285 -1.43682)
(-34.2714 -0.0738662 -1.30014)
(-49.1638 0.097256 -2.68853)
(-51.3023 -0.0356848 -2.81674)
(-51.9355 -0.205999 -2.83319)
(-52.0915 -0.117792 -2.83189)
(-52.0915 0.117792 -2.83189)
(-51.9355 0.205999 -2.83319)
(-51.3023 0.0356848 -2.81674)
(-49.1638 -0.097256 -2.68853)
(-62.5717 0.117322 -4.4075)
(-64.2355 0.307603 -4.51273)
(-65.2852 0.153254 -4.58052)
(-65.7294 0.02922 -4.60969)
(-65.7294 -0.02922 -4.60969)
(-65.2852 -0.153254 -4.58052)
(-64.2355 -0.307603 -4.51273)
(-62.5717 -0.117322 -4.4075)
(-74.167 0.0926625 -6.2984)
(-75.369 0.477975 -6.37033)
(-76.3735 0.356072 -6.44957)
(-76.8814 0.117701 -6.49326)
(-76.8814 -0.117701 -6.49326)
(-76.3735 -0.356072 -6.44957)
(-75.369 -0.477975 -6.37033)
(-74.167 -0.0926625 -6.2984)
(-84.3097 0.0406701 -8.31071)
(-85.0991 0.527582 -8.34587)
(-85.8988 0.443269 -8.41329)
(-86.3485 0.159922 -8.45673)
(-86.3485 -0.159922 -8.45673)
(-85.8988 -0.443269 -8.41329)
(-85.0991 -0.527582 -8.34587)
(-84.3097 -0.0406701 -8.31071)
(-93.2205 -0.0169608 -10.4056)
(-93.6646 0.513039 -10.4039)
(-94.2349 0.462879 -10.45)
(-94.5847 0.173867 -10.4851)
(-94.5847 -0.173867 -10.4851)
(-94.2349 -0.462879 -10.45)
(-93.6646 -0.513039 -10.4039)
(-93.2205 0.0169608 -10.4056)
(-101.05 -0.0683521 -12.5497)
(-101.227 0.472674 -12.5145)
(-101.591 0.449595 -12.5366)
(-101.837 0.17312 -12.56)
(-101.837 -0.17312 -12.56)
(-101.591 -0.449595 -12.5366)
(-101.227 -0.472674 -12.5145)
(-101.05 0.0683521 -12.5497)
(-107.915 -0.10872 -14.7149)
(-107.898 0.42906 -14.6513)
(-108.091 0.425218 -14.6499)
(-108.246 0.16648 -14.6609)
(-108.246 -0.16648 -14.6609)
(-108.091 -0.425218 -14.6499)
(-107.898 -0.42906 -14.6513)
(-107.915 0.10872 -14.7149)
(-113.91 -0.137292 -16.8773)
(-113.757 0.393294 -16.7902)
(-113.819 0.401682 -16.7678)
(-113.899 0.158974 -16.7671)
(-113.899 -0.158974 -16.7671)
(-113.819 -0.401682 -16.7678)
(-113.757 -0.393294 -16.7902)
(-113.91 0.137292 -16.8773)
(-119.112 -0.155202 -19.0153)
(-118.864 0.369289 -18.909)
(-118.829 0.384339 -18.8689)
(-118.852 0.153045 -18.8579)
(-118.852 -0.153045 -18.8579)
(-118.829 -0.384339 -18.8689)
(-118.864 -0.369289 -18.909)
(-119.112 0.155202 -19.0153)
(-123.582 -0.164267 -21.1092)
(-123.269 0.357052 -20.9874)
(-123.165 0.374657 -20.9327)
(-123.145 0.14955 -20.9132)
(-123.145 -0.14955 -20.9132)
(-123.165 -0.374657 -20.9327)
(-123.269 -0.357052 -20.9874)
(-123.582 0.164267 -21.1092)
(-127.369 -0.166378 -23.1411)
(-127.011 0.354802 -23.0064)
(-126.859 0.372086 -22.9401)
(-126.809 0.148486 -22.9138)
(-126.809 -0.148486 -22.9138)
(-126.859 -0.372086 -22.9401)
(-127.011 -0.354802 -23.0064)
(-127.369 0.166378 -23.1411)
(-130.517 -0.163212 -25.0947)
(-130.129 0.360189 -24.9493)
(-129.943 0.375227 -24.8736)
(-129.872 0.149448 -24.842)
(-129.872 -0.149448 -24.842)
(-129.943 -0.375227 -24.8736)
(-130.129 -0.360189 -24.9493)
(-130.517 0.163212 -25.0947)
(-133.067 -0.156147 -26.9557)
(-132.655 0.370936 -26.801)
(-132.446 0.382485 -26.7179)
(-132.361 0.151905 -26.6821)
(-132.361 -0.151905 -26.6821)
(-132.446 -0.382485 -26.7179)
(-132.655 -0.370936 -26.801)
(-133.067 0.156147 -26.9557)
(-135.054 -0.146252 -28.7118)
(-134.624 0.385117 -28.5487)
(-134.398 0.392411 -28.4595)
(-134.304 0.155347 -28.4204)
(-134.304 -0.155347 -28.4204)
(-134.398 -0.392411 -28.4595)
(-134.624 -0.385117 -28.5487)
(-135.054 0.146252 -28.7118)
(-136.514 -0.134332 -30.3524)
(-136.067 0.401236 -30.1816)
(-135.83 0.403824 -30.0874)
(-135.728 0.159346 -30.0456)
(-135.728 -0.159346 -30.0456)
(-135.83 -0.403824 -30.0874)
(-136.067 -0.401236 -30.1816)
(-136.514 0.134332 -30.3524)
(-137.479 -0.120981 -31.869)
(-137.018 0.418201 -31.691)
(-136.77 0.415838 -31.5923)
(-136.664 0.163572 -31.5484)
(-136.664 -0.163572 -31.5484)
(-136.77 -0.415838 -31.5923)
(-137.018 -0.418201 -31.691)
(-137.479 0.120981 -31.869)
(-137.982 -0.106635 -33.2548)
(-137.506 0.435254 -33.0698)
(-137.25 0.427828 -32.9671)
(-137.14 0.16779 -32.9214)
(-137.14 -0.16779 -32.9214)
(-137.25 -0.427828 -32.9671)
(-137.506 -0.435254 -33.0698)
(-137.982 0.106635 -33.2548)
(-138.052 -0.0916128 -34.5047)
(-137.563 0.451891 -34.3129)
(-137.3 0.439374 -34.2066)
(-137.186 0.171842 -34.1593)
(-137.186 -0.171842 -34.1593)
(-137.3 -0.439374 -34.2066)
(-137.563 -0.451891 -34.3129)
(-138.052 0.0916128 -34.5047)
(-137.721 -0.0761554 -35.615)
(-137.218 0.467795 -35.4166)
(-136.948 0.450214 -35.307)
(-136.831 0.175626 -35.2582)
(-136.831 -0.175626 -35.2582)
(-136.948 -0.450214 -35.307)
(-137.218 -0.467795 -35.4166)
(-137.721 0.0761554 -35.615)
(-137.016 -0.0604481 -36.5837)
(-136.5 0.482773 -36.3789)
(-136.223 0.460195 -36.2661)
(-136.104 0.179083 -36.2159)
(-136.104 -0.179083 -36.2159)
(-136.223 -0.460195 -36.2661)
(-136.5 -0.482773 -36.3789)
(-137.016 0.0604481 -36.5837)
(-135.966 -0.044639 -37.4098)
(-135.437 0.496716 -37.199)
(-135.154 0.469233 -37.083)
(-135.032 0.182182 -37.0316)
(-135.032 -0.182182 -37.0316)
(-135.154 -0.469234 -37.083)
(-135.437 -0.496716 -37.199)
(-135.966 0.044639 -37.4098)
(-134.597 -0.0288511 -38.0937)
(-134.056 0.509566 -37.8771)
(-133.768 0.477296 -37.7582)
(-133.643 0.184911 -37.7056)
(-133.643 -0.184911 -37.7056)
(-133.768 -0.477296 -37.7582)
(-134.056 -0.509566 -37.8771)
(-134.597 0.0288511 -38.0937)
(-132.935 -0.0131903 -38.6368)
(-132.383 0.521295 -38.4147)
(-132.089 0.484375 -38.2931)
(-131.962 0.187267 -38.2394)
(-131.962 -0.187267 -38.2394)
(-132.089 -0.484375 -38.2931)
(-132.383 -0.521295 -38.4147)
(-132.935 0.0131903 -38.6368)
(-131.004 0.00225055 -39.0413)
(-130.442 0.531896 -38.8141)
(-130.143 0.490479 -38.69)
(-130.015 0.189254 -38.6352)
(-130.015 -0.189254 -38.6352)
(-130.143 -0.490479 -38.69)
(-130.442 -0.531896 -38.8141)
(-131.004 -0.00225054 -39.0413)
(-128.829 0.0173883 -39.3104)
(-128.258 0.541367 -39.0784)
(-127.955 0.495624 -38.952)
(-127.824 0.190881 -38.8963)
(-127.824 -0.190881 -38.8963)
(-127.955 -0.495624 -38.952)
(-128.258 -0.541367 -39.0784)
(-128.829 -0.0173883 -39.3104)
(-126.432 0.0321484 -39.4479)
(-125.853 0.549715 -39.2116)
(-125.546 0.49983 -39.0832)
(-125.414 0.192157 -39.0266)
(-125.414 -0.192157 -39.0266)
(-125.546 -0.49983 -39.0832)
(-125.853 -0.549715 -39.2116)
(-126.432 -0.0321484 -39.4479)
(-123.835 0.0464635 -39.4582)
(-123.249 0.556947 -39.2182)
(-122.939 0.50312 -39.0879)
(-122.806 0.193091 -39.0306)
(-122.806 -0.193091 -39.0306)
(-122.939 -0.50312 -39.0879)
(-123.249 -0.556947 -39.2182)
(-123.835 -0.0464635 -39.4582)
(-121.059 0.0602734 -39.3465)
(-120.467 0.563073 -39.1031)
(-120.154 0.505515 -38.9713)
(-120.02 0.193692 -38.9134)
(-120.02 -0.193692 -38.9134)
(-120.154 -0.505515 -38.9713)
(-120.467 -0.563073 -39.1031)
(-121.059 -0.0602734 -39.3465)
(-118.122 0.0735245 -39.118)
(-117.526 0.568105 -38.8719)
(-117.212 0.507038 -38.7388)
(-117.076 0.193971 -38.6804)
(-117.076 -0.193971 -38.6804)
(-117.212 -0.507038 -38.7388)
(-117.526 -0.568105 -38.8719)
(-118.122 -0.0735245 -39.118)
(-115.044 0.0861698 -38.7787)
(-114.446 0.572054 -38.5304)
(-114.13 0.50771 -38.3963)
(-113.994 0.193937 -38.3375)
(-113.994 -0.193937 -38.3375)
(-114.13 -0.50771 -38.3963)
(-114.446 -0.572054 -38.5304)
(-115.044 -0.0861698 -38.7787)
(-111.843 0.0981686 -38.3347)
(-111.243 0.574935 -38.0847)
(-110.927 0.507552 -37.95)
(-110.79 0.193599 -37.891)
(-110.79 -0.193599 -37.891)
(-110.927 -0.507552 -37.95)
(-111.243 -0.574935 -38.0847)
(-111.843 -0.0981686 -38.3347)
(-108.536 0.109486 -37.7924)
(-107.936 0.576763 -37.5413)
(-107.619 0.506588 -37.4062)
(-107.483 0.192966 -37.3471)
(-107.483 -0.192966 -37.3471)
(-107.619 -0.506588 -37.4062)
(-107.936 -0.576763 -37.5413)
(-108.536 -0.109486 -37.7924)
(-105.138 0.120094 -37.1583)
(-104.539 0.577557 -36.9068)
(-104.223 0.504839 -36.7716)
(-104.087 0.192047 -36.7125)
(-104.087 -0.192047 -36.7125)
(-104.223 -0.504839 -36.7716)
(-104.539 -0.577557 -36.9068)
(-105.138 -0.120094 -37.1583)
(-101.665 0.129969 -36.4392)
(-101.068 0.577335 -36.1877)
(-100.754 0.502328 -36.0528)
(-100.619 0.190852 -35.9938)
(-100.619 -0.190852 -35.9938)
(-100.754 -0.502328 -36.0528)
(-101.068 -0.577335 -36.1877)
(-101.665 -0.129969 -36.4392)
(-98.1313 0.139092 -35.6419)
(-97.5385 0.576119 -35.391)
(-97.2264 0.499079 -35.2566)
(-97.0922 0.18939 -35.1979)
(-97.0922 -0.18939 -35.1979)
(-97.2264 -0.499079 -35.2566)
(-97.5385 -0.576119 -35.391)
(-98.1313 -0.139092 -35.6419)
(-94.5506 0.147451 -34.773)
(-93.9626 0.573932 -34.5234)
(-93.6534 0.495115 -34.3898)
(-93.5204 0.18767 -34.3316)
(-93.5204 -0.18767 -34.3316)
(-93.6534 -0.495115 -34.3898)
(-93.9626 -0.573932 -34.5234)
(-94.5506 -0.147451 -34.773)
(-90.9357 0.155038 -33.8395)
(-90.3537 0.570798 -33.5916)
(-90.0479 0.490461 -33.4591)
(-89.9164 0.185702 -33.4015)
(-89.9164 -0.185702 -33.4015)
(-90.0479 -0.490461 -33.4591)
(-90.3537 -0.570798 -33.5916)
(-90.9357 -0.155038 -33.8395)
(-87.2987 0.161847 -32.8481)
(-86.7238 0.566744 -32.6024)
(-86.422 0.485141 -32.4714)
(-86.2923 0.183495 -32.4144)
(-86.2923 -0.183495 -32.4144)
(-86.422 -0.485141 -32.4714)
(-86.7238 -0.566744 -32.6024)
(-87.2987 -0.161847 -32.8481)
(-83.6511 0.167879 -31.8054)
(-83.0844 0.561797 -31.5626)
(-82.787 0.47918 -31.4332)
(-82.6593 0.181059 -31.377)
(-82.6593 -0.181059 -31.377)
(-82.787 -0.47918 -31.4332)
(-83.0844 -0.561797 -31.5626)
(-83.6511 -0.167879 -31.8054)
(-80.0036 0.173137 -30.7181)
(-79.446 0.555985 -30.4785)
(-79.1538 0.472604 -30.3511)
(-79.0283 0.178404 -30.2958)
(-79.0283 -0.178404 -30.2958)
(-79.1538 -0.472604 -30.3511)
(-79.446 -0.555985 -30.4785)
(-80.0036 -0.173137 -30.7181)
(-76.3664 0.177628 -29.5925)
(-75.8189 0.549339 -29.3567)
(-75.5321 0.465438 -29.2315)
(-75.4091 0.175539 -29.1772)
(-75.4091 -0.175539 -29.1772)
(-75.5321 -0.465438 -29.2315)
(-75.8189 -0.549339 -29.3567)
(-76.3664 -0.177628 -29.5925)
(-72.749 0.18136 -28.435)
(-72.2123 0.541889 -28.2034)
(-71.9316 0.457708 -28.0806)
(-71.8112 0.172474 -28.0273)
(-71.8112 -0.172474 -28.0273)
(-71.9316 -0.457708 -28.0806)
(-72.2123 -0.541889 -28.2034)
(-72.749 -0.18136 -28.435)
(-69.1603 0.184347 -27.2516)
(-68.6353 0.533667 -27.0245)
(-68.361 0.44944 -26.9044)
(-68.2433 0.169218 -26.8523)
(-68.2433 -0.169218 -26.8523)
(-68.361 -0.44944 -26.9044)
(-68.6353 -0.533667 -27.0245)
(-69.1603 -0.184347 -27.2516)
(-65.6087 0.186603 -26.0482)
(-65.0961 0.524703 -25.8261)
(-64.8285 0.440658 -25.7088)
(-64.7138 0.165781 -25.658)
(-64.7138 -0.165781 -25.658)
(-64.8285 -0.440658 -25.7088)
(-65.0961 -0.524703 -25.8261)
(-65.6087 -0.186603 -26.0482)
(-62.102 0.188143 -24.8306)
(-61.6024 0.515029 -24.6137)
(-61.3419 0.43139 -24.4994)
(-61.2303 0.162172 -24.45)
(-61.2303 -0.162172 -24.45)
(-61.3419 -0.43139 -24.4994)
(-61.6024 -0.515029 -24.6137)
(-62.102 -0.188144 -24.8306)
(-58.6475 0.188989 -23.6041)
(-58.1615 0.504679 -23.3929)
(-57.9084 0.421659 -23.2817)
(-57.8001 0.158401 -23.2337)
(-57.8001 -0.158401 -23.2337)
(-57.9084 -0.421659 -23.2817)
(-58.1615 -0.504679 -23.3929)
(-58.6475 -0.188989 -23.6041)
(-55.2522 0.189158 -22.374)
(-54.7801 0.493685 -22.1687)
(-54.5347 0.411491 -22.0608)
(-54.4297 0.154477 -22.0143)
(-54.4297 -0.154477 -22.0143)
(-54.5347 -0.411491 -22.0608)
(-54.7801 -0.493685 -22.1687)
(-55.2522 -0.189158 -22.374)
(-51.9222 0.188673 -21.1453)
(-51.4646 0.482078 -20.9461)
(-51.227 0.400911 -20.8416)
(-51.1254 0.150409 -20.7966)
(-51.1254 -0.150409 -20.7966)
(-51.227 -0.400911 -20.8416)
(-51.4646 -0.482078 -20.9461)
(-51.9222 -0.188673 -21.1453)
(-48.6635 0.187557 -19.9228)
(-48.2207 0.469891 -19.7299)
(-47.9912 0.389943 -19.6289)
(-47.8931 0.146205 -19.5855)
(-47.8931 -0.146205 -19.5855)
(-47.9912 -0.389943 -19.6289)
(-48.2207 -0.469891 -19.7299)
(-48.6635 -0.187557 -19.9228)
(-45.4817 0.185833 -18.7109)
(-45.0539 0.457156 -18.5244)
(-44.8325 0.378609 -18.4271)
(-44.738 0.141874 -18.3852)
(-44.738 -0.141874 -18.3852)
(-44.8325 -0.378609 -18.4271)
(-45.0539 -0.457156 -18.5244)
(-45.4817 -0.185833 -18.7109)
(-42.3817 0.183527 -17.5139)
(-41.9692 0.443904 -17.334)
(-41.756 0.366935 -17.2403)
(-41.6651 0.137425 -17.2)
(-41.6651 -0.137425 -17.2)
(-41.756 -0.366935 -17.2403)
(-41.9692 -0.443904 -17.334)
(-42.3817 -0.183527 -17.5139)
(-39.3683 0.180663 -16.3357)
(-38.9711 0.430168 -16.1625)
(-38.7663 0.354943 -16.0724)
(-38.679 0.132865 -16.0338)
(-38.679 -0.132865 -16.0338)
(-38.7663 -0.354943 -16.0724)
(-38.9711 -0.430168 -16.1625)
(-39.3683 -0.180663 -16.3357)
(-36.4458 0.177269 -15.18)
(-36.064 0.415977 -15.0136)
(-35.8675 0.342654 -14.9272)
(-35.7839 0.128204 -14.8903)
(-35.7839 -0.128204 -14.8903)
(-35.8675 -0.342654 -14.9272)
(-36.064 -0.415977 -15.0136)
(-36.4458 -0.177269 -15.18)
(-33.6181 0.173369 -14.0504)
(-33.2517 0.401362 -13.8907)
(-33.0636 0.330091 -13.8081)
(-32.9836 0.123448 -13.7728)
(-32.9836 -0.123448 -13.7728)
(-33.0636 -0.330091 -13.8081)
(-33.2517 -0.401363 -13.8907)
(-33.6181 -0.173369 -14.0504)
(-30.8889 0.16899 -12.9501)
(-30.5379 0.386353 -12.7971)
(-30.358 0.317275 -12.7182)
(-30.2816 0.118605 -12.6846)
(-30.2816 -0.118605 -12.6846)
(-30.358 -0.317275 -12.7182)
(-30.5379 -0.386353 -12.7971)
(-30.8889 -0.16899 -12.9501)
(-28.2615 0.164159 -11.882)
(-27.9257 0.370978 -11.7357)
(-27.754 0.304225 -11.6605)
(-27.6812 0.113682 -11.6285)
(-27.6812 -0.113682 -11.6285)
(-27.754 -0.304225 -11.6605)
(-27.9257 -0.370978 -11.7357)
(-28.2615 -0.164159 -11.882)
(-25.7389 0.158903 -10.8488)
(-25.4181 0.355264 -10.7092)
(-25.2545 0.290961 -10.6376)
(-25.1853 0.108686 -10.6072)
(-25.1853 -0.108686 -10.6072)
(-25.2545 -0.290961 -10.6376)
(-25.4181 -0.355264 -10.7092)
(-25.7389 -0.158903 -10.8488)
(-23.3237 0.153248 -9.85307)
(-23.0178 0.33924 -9.72007)
(-22.8621 0.277503 -9.65205)
(-22.7964 0.103624 -9.62319)
(-22.7964 -0.103624 -9.62319)
(-22.8621 -0.277503 -9.65205)
(-23.0178 -0.33924 -9.72007)
(-23.3237 -0.153248 -9.85307)
(-21.0185 0.147222 -8.89706)
(-20.7271 0.322934 -8.7705)
(-20.5793 0.26387 -8.70598)
(-20.5169 0.0985032 -8.67866)
(-20.5169 -0.0985033 -8.67866)
(-20.5793 -0.26387 -8.70598)
(-20.7271 -0.322934 -8.7705)
(-21.0185 -0.147222 -8.89706)
(-18.8255 0.140846 -7.98282)
(-18.5483 0.306366 -7.86256)
(-18.408 0.250075 -7.80145)
(-18.349 0.0933275 -7.77564)
(-18.349 -0.0933276 -7.77564)
(-18.408 -0.250075 -7.80145)
(-18.5483 -0.306366 -7.86256)
(-18.8255 -0.140846 -7.98282)
(-16.7466 0.134143 -7.11218)
(-16.4832 0.289551 -6.99804)
(-16.3503 0.236128 -6.94025)
(-16.2945 0.0880998 -6.91591)
(-16.2945 -0.0880999 -6.91591)
(-16.3503 -0.236128 -6.94025)
(-16.4832 -0.289551 -6.99804)
(-16.7466 -0.134143 -7.11218)
(-14.7835 0.127137 -6.28675)
(-14.5334 0.272509 -6.17855)
(-14.4078 0.222035 -6.12398)
(-14.3552 0.0828223 -6.10106)
(-14.3552 -0.0828224 -6.10106)
(-14.4078 -0.222035 -6.12398)
(-14.5334 -0.272509 -6.17855)
(-14.7835 -0.127137 -6.28675)
(-12.9376 0.119845 -5.50795)
(-12.7005 0.255246 -5.4055)
(-12.5818 0.2078 -5.35404)
(-12.5323 0.0774941 -5.3325)
(-12.5323 -0.0774942 -5.3325)
(-12.5818 -0.2078 -5.35404)
(-12.7005 -0.255246 -5.4055)
(-12.9376 -0.119845 -5.50795)
(-11.2103 0.112283 -4.77703)
(-10.9857 0.237759 -4.6801)
(-10.8738 0.193411 -4.63166)
(-10.8272 0.0721117 -4.61146)
(-10.8272 -0.0721118 -4.61146)
(-10.8738 -0.193411 -4.63166)
(-10.9857 -0.237759 -4.6801)
(-11.2103 -0.112283 -4.77703)
(-9.60256 0.104454 -4.09504)
(-9.39001 0.220024 -4.00344)
(-9.28467 0.178845 -3.95792)
(-9.24106 0.0666653 -3.93904)
(-9.24106 -0.0666654 -3.93904)
(-9.28467 -0.178845 -3.95792)
(-9.39001 -0.220024 -4.00344)
(-9.60256 -0.104454 -4.09504)
(-8.11531 0.0963497 -3.46288)
(-7.9144 0.201993 -3.37641)
(-7.81552 0.164054 -3.33376)
(-7.77487 0.0611354 -3.31619)
(-7.77487 -0.0611354 -3.31619)
(-7.81552 -0.164054 -3.33376)
(-7.9144 -0.201993 -3.37641)
(-8.11531 -0.0963497 -3.46288)
(-6.74925 0.0879456 -2.88128)
(-6.55965 0.183581 -2.79978)
(-6.46725 0.148963 -2.75998)
(-6.42964 0.0554929 -2.74376)
(-6.42964 -0.055493 -2.74376)
(-6.46725 -0.148963 -2.75998)
(-6.55964 -0.183581 -2.79978)
(-6.74925 -0.0879456 -2.88128)
(-5.50492 0.0791919 -2.35083)
(-5.32649 0.164656 -2.27422)
(-5.24077 0.133463 -2.23736)
(-5.20636 0.0496984 -2.22254)
(-5.20636 -0.0496985 -2.22254)
(-5.24077 -0.133463 -2.23736)
(-5.32649 -0.164656 -2.27422)
(-5.50492 -0.0791919 -2.35083)
(-4.38277 0.0700098 -1.872)
(-4.21568 0.145037 -1.80034)
(-4.13708 0.117416 -1.76659)
(-4.10619 0.0437038 -1.7533)
(-4.10619 -0.0437038 -1.7533)
(-4.13708 -0.117416 -1.76659)
(-4.21568 -0.145037 -1.80034)
(-4.38277 -0.0700098 -1.872)
(-3.38325 0.0602911 -1.44521)
(-3.22815 0.124507 -1.37876)
(-3.15747 0.100677 -1.34845)
(-3.13052 0.0374627 -1.33687)
(-3.13052 -0.0374628 -1.33687)
(-3.15747 -0.100677 -1.34844)
(-3.22815 -0.124507 -1.37876)
(-3.38325 -0.0602911 -1.44521)
(-2.50706 0.049909 -1.07093)
(-2.36535 0.10286 -1.01027)
(-2.3037 0.0831468 -0.983863)
(-2.28124 0.0309546 -0.974225)
(-2.28123 -0.0309547 -0.974225)
(-2.3037 -0.0831468 -0.983862)
(-2.36535 -0.10286 -1.01027)
(-2.50706 -0.049909 -1.07092)
(-1.75558 0.0387603 -0.749856)
(-1.62961 0.080028 -0.695987)
(-1.57841 0.0648895 -0.67407)
(-1.56093 0.0242281 -0.666583)
(-1.56093 -0.024228 -0.666583)
(-1.57841 -0.0648894 -0.67407)
(-1.62961 -0.080028 -0.695986)
(-1.75558 -0.0387604 -0.749856)
(-1.13152 0.0268804 -0.483227)
(-1.02481 0.0563406 -0.437624)
(-0.985361 0.0463277 -0.420756)
(-0.973157 0.0174664 -0.415532)
(-0.973155 -0.0174658 -0.415531)
(-0.985359 -0.0463276 -0.420755)
(-1.0248 -0.056341 -0.437624)
(-1.13152 -0.0268807 -0.483228)
(-0.639676 0.0146793 -0.273122)
(-0.556714 0.0329618 -0.237691)
(-0.529723 0.0285013 -0.226157)
(-0.522574 0.0110586 -0.223099)
(-0.522574 -0.0110576 -0.2231)
(-0.529724 -0.0285014 -0.226158)
(-0.556717 -0.0329627 -0.237692)
(-0.63968 -0.0146798 -0.273124)
(-0.286675 0.00325568 -0.122372)
(-0.231961 0.012269 -0.0990153)
(-0.217252 0.0132055 -0.0927343)
(-0.214368 0.0056199 -0.0915015)
(-0.214375 -0.00561983 -0.0915042)
(-0.217259 -0.013206 -0.0927374)
(-0.231966 -0.0122696 -0.0990177)
(-0.286673 -0.00325577 -0.122371)
(-0.0727634 -0.00489957 -0.0310535)
(-0.0499483 -0.00175176 -0.0213173)
(-0.0469149 0.00276114 -0.0200228)
(-0.0472852 0.00186026 -0.0201805)
(-0.0472934 -0.00186299 -0.020184)
(-0.0469232 -0.00276065 -0.0200264)
(-0.0499475 0.00175242 -0.0213169)
(-0.0727621 0.00489974 -0.0310529)
(0.0177117 -0.00553886 0.00755601)
(0.00991514 -0.00325994 0.00422589)
(0.00598711 -0.00038294 0.00254957)
(0.00358809 0.000277906 0.00152585)
(0.00359356 -0.000279728 0.00152816)
(0.00599337 0.000383436 0.00255223)
(0.00991842 0.00326054 0.00422727)
(0.0177187 0.0055391 0.00755898)
)
;
    }
    bottom
    {
        type            calculated;
        value           nonuniform List<vector> 
640
(
(-64.6653 -6.28041 0.912341)
(-76.8542 -8.83539 -0.640865)
(-87.1202 -5.89258 -1.9465)
(-91.9301 -1.95358 -2.5857)
(-91.9301 1.95358 -2.5857)
(-87.1202 5.89258 -1.9465)
(-76.8542 8.83539 -0.640865)
(-64.6653 6.28041 0.912341)
(-39.636 -1.81227 2.6031)
(-43.2622 -3.06855 2.353)
(-44.675 -2.3676 2.23332)
(-45.4422 -0.830619 2.16902)
(-45.4422 0.830619 2.16902)
(-44.675 2.3676 2.23332)
(-43.2622 3.06855 2.353)
(-39.636 1.81227 2.6031)
(-46.5111 -0.870055 2.00978)
(-49.0756 -1.62879 1.84406)
(-49.2106 -1.36798 1.84017)
(-49.2883 -0.512813 1.83337)
(-49.2883 0.512813 1.83337)
(-49.2106 1.36798 1.84017)
(-49.0756 1.62879 1.84406)
(-46.5111 0.870055 2.00978)
(-59.7016 -0.440073 0.64877)
(-62.1677 -0.900665 0.456984)
(-62.7557 -0.826764 0.421618)
(-62.918 -0.329216 0.410519)
(-62.918 0.329216 0.410519)
(-62.7557 0.826764 0.421618)
(-62.1677 0.900665 0.456984)
(-59.7016 0.440073 0.64877)
(-73.0246 -0.126523 -1.11331)
(-74.9088 -0.36034 -1.28129)
(-75.7503 -0.394637 -1.35105)
(-76.0452 -0.170299 -1.37651)
(-76.0452 0.170299 -1.37651)
(-75.7503 0.394637 -1.35105)
(-74.9088 0.36034 -1.28129)
(-73.0246 0.126523 -1.11331)
(-85.3753 0.0994928 -3.14238)
(-86.6317 0.00587564 -3.26231)
(-87.4092 -0.0874671 -3.33751)
(-87.7354 -0.0522882 -3.37033)
(-87.7354 0.0522882 -3.37033)
(-87.4092 0.0874671 -3.33751)
(-86.6317 -0.00587564 -3.26231)
(-85.3753 -0.0994928 -3.14238)
(-96.5144 0.259492 -5.35609)
(-97.2424 0.245127 -5.42287)
(-97.8222 0.117048 -5.48316)
(-98.1013 0.0279033 -5.51401)
(-98.1013 -0.0279033 -5.51401)
(-97.8222 -0.117048 -5.48316)
(-97.2424 -0.245127 -5.42287)
(-96.5144 -0.259492 -5.35609)
(-106.409 0.372134 -7.6897)
(-106.723 0.401493 -7.70472)
(-107.083 0.250357 -7.74036)
(-107.279 0.0804695 -7.76252)
(-107.279 -0.0804695 -7.76252)
(-107.083 -0.250357 -7.74036)
(-106.723 -0.401493 -7.70472)
(-106.409 -0.372134 -7.6897)
(-115.096 0.452058 -10.09)
(-115.107 0.506214 -10.059)
(-115.274 0.338205 -10.0676)
(-115.384 0.114957 -10.078)
(-115.384 -0.114957 -10.078)
(-115.274 -0.338205 -10.0676)
(-115.107 -0.506214 -10.059)
(-115.096 -0.452058 -10.09)
(-122.641 0.510098 -12.5124)
(-122.445 0.579883 -12.4436)
(-122.461 0.398579 -12.427)
(-122.497 0.138386 -12.4251)
(-122.497 -0.138386 -12.4251)
(-122.461 -0.398579 -12.427)
(-122.445 -0.579883 -12.4436)
(-122.641 -0.510098 -12.5124)
(-129.117 0.553595 -14.9198)
(-128.79 0.635205 -14.8216)
(-128.7 0.442898 -14.7839)
(-128.679 0.155328 -14.771)
(-128.679 -0.155328 -14.771)
(-128.7 -0.442898 -14.7839)
(-128.79 -0.635205 -14.8216)
(-129.117 -0.553595 -14.9198)
(-134.603 0.5872 -17.2813)
(-134.203 0.679539 -17.1618)
(-134.043 0.47789 -17.1076)
(-133.982 0.16852 -17.0857)
(-133.982 -0.16852 -17.0857)
(-134.043 -0.47789 -17.1076)
(-134.203 -0.679539 -17.1618)
(-134.603 -0.5872 -17.2813)
(-139.175 0.613757 -19.5713)
(-138.742 0.716908 -19.4375)
(-138.542 0.507264 -19.3712)
(-138.456 0.17949 -19.3425)
(-138.456 -0.17949 -19.3425)
(-138.542 -0.507264 -19.3712)
(-138.742 -0.716908 -19.4375)
(-139.175 -0.613757 -19.5713)
(-142.903 0.634982 -21.7685)
(-142.467 0.7494 -21.6263)
(-142.248 0.532939 -21.552)
(-142.149 0.18904 -21.5185)
(-142.149 -0.18904 -21.5185)
(-142.248 -0.532939 -21.552)
(-142.467 -0.7494 -21.6263)
(-142.903 -0.634982 -21.7685)
(-145.855 0.651929 -23.8556)
(-145.435 0.778053 -23.7096)
(-145.212 0.555846 -23.6307)
(-145.107 0.197561 -23.5941)
(-145.107 -0.197561 -23.5941)
(-145.212 -0.555846 -23.6307)
(-145.435 -0.778053 -23.7096)
(-145.855 -0.651929 -23.8556)
(-148.091 0.665274 -25.8182)
(-147.699 0.803377 -25.6722)
(-147.483 0.576411 -25.5912)
(-147.379 0.205232 -25.553)
(-147.379 -0.205232 -25.553)
(-147.483 -0.576411 -25.5912)
(-147.699 -0.803377 -25.6722)
(-148.091 -0.665274 -25.8182)
(-149.668 0.675483 -27.6447)
(-149.312 0.825641 -27.5018)
(-149.11 0.594832 -27.4208)
(-149.01 0.212135 -27.3821)
(-149.01 -0.212135 -27.3821)
(-149.11 -0.594832 -27.4208)
(-149.312 -0.825641 -27.5018)
(-149.668 -0.675483 -27.6447)
(-150.639 0.682903 -29.3263)
(-150.324 0.845017 -29.1886)
(-150.139 0.61121 -29.1094)
(-150.046 0.218309 -29.071)
(-150.046 -0.218309 -29.071)
(-150.139 -0.61121 -29.1094)
(-150.324 -0.845017 -29.1886)
(-150.639 -0.682903 -29.3263)
(-151.052 0.687814 -30.856)
(-150.78 0.861646 -30.7255)
(-150.615 0.625621 -30.6491)
(-150.531 0.223779 -30.6118)
(-150.531 -0.223779 -30.6118)
(-150.615 -0.625621 -30.6491)
(-150.78 -0.861646 -30.7255)
(-151.052 -0.687814 -30.856)
(-150.952 0.690451 -32.229)
(-150.725 0.875658 -32.1072)
(-150.582 0.638136 -32.0346)
(-150.506 0.228568 -31.9988)
(-150.506 -0.228568 -31.9988)
(-150.582 -0.638136 -32.0346)
(-150.725 -0.875658 -32.1072)
(-150.952 -0.690451 -32.229)
(-150.384 0.691022 -33.4424)
(-150.2 0.887185 -33.3303)
(-150.079 0.648829 -33.2624)
(-150.013 0.232702 -33.2284)
(-150.013 -0.232702 -33.2284)
(-150.079 -0.648829 -33.2624)
(-150.2 -0.887185 -33.3303)
(-150.384 -0.691022 -33.4424)
(-149.386 0.689709 -34.4947)
(-149.246 0.896352 -34.3934)
(-149.147 0.657776 -34.3305)
(-149.091 0.236206 -34.2988)
(-149.091 -0.236206 -34.2988)
(-149.147 -0.657776 -34.3305)
(-149.246 -0.896352 -34.3934)
(-149.386 -0.689709 -34.4947)
(-147.997 0.686677 -35.3862)
(-147.899 0.903284 -35.2962)
(-147.822 0.665054 -35.2389)
(-147.775 0.239106 -35.2096)
(-147.775 -0.239106 -35.2096)
(-147.822 -0.665054 -35.2389)
(-147.899 -0.903284 -35.2962)
(-147.997 -0.686677 -35.3862)
(-146.252 0.682078 -36.1183)
(-146.196 0.908099 -36.04)
(-146.139 0.670741 -35.9886)
(-146.102 0.241428 -35.9618)
(-146.102 -0.241428 -35.9618)
(-146.139 -0.670741 -35.9886)
(-146.196 -0.908099 -36.04)
(-146.252 -0.682078 -36.1183)
(-144.186 0.676052 -36.6935)
(-144.169 0.910912 -36.6273)
(-144.132 0.674909 -36.5819)
(-144.104 0.243198 -36.5578)
(-144.104 -0.243198 -36.5578)
(-144.132 -0.674909 -36.5819)
(-144.169 -0.910912 -36.6273)
(-144.186 -0.676052 -36.6935)
(-141.831 0.668728 -37.1155)
(-141.85 0.911832 -37.0615)
(-141.832 0.677632 -37.0222)
(-141.813 0.24444 -37.0009)
(-141.813 -0.24444 -37.0009)
(-141.832 -0.677632 -37.0222)
(-141.85 -0.911832 -37.0615)
(-141.831 -0.668728 -37.1155)
(-139.216 0.66023 -37.3888)
(-139.27 0.910966 -37.3469)
(-139.269 0.678979 -37.3138)
(-139.259 0.245179 -37.2953)
(-139.259 -0.245179 -37.2953)
(-139.269 -0.678979 -37.3138)
(-139.27 -0.910966 -37.3469)
(-139.216 -0.66023 -37.3888)
(-136.37 0.650671 -37.5185)
(-136.456 0.908417 -37.4887)
(-136.472 0.67902 -37.4618)
(-136.469 0.24544 -37.4461)
(-136.469 -0.24544 -37.4461)
(-136.472 -0.67902 -37.4618)
(-136.456 -0.908417 -37.4887)
(-136.37 -0.650671 -37.5185)
(-133.319 0.640162 -37.5106)
(-133.435 0.904285 -37.4926)
(-133.467 0.677821 -37.4717)
(-133.471 0.245244 -37.4588)
(-133.471 -0.245244 -37.4588)
(-133.467 -0.677821 -37.4717)
(-133.435 -0.904285 -37.4926)
(-133.319 -0.640162 -37.5106)
(-130.089 0.628805 -37.3715)
(-130.232 0.898668 -37.365)
(-130.278 0.675449 -37.35)
(-130.29 0.244617 -37.3397)
(-130.29 -0.244617 -37.3397)
(-130.278 -0.675449 -37.35)
(-130.232 -0.898668 -37.365)
(-130.089 -0.628805 -37.3715)
(-126.704 0.616701 -37.1079)
(-126.871 0.891663 -37.1124)
(-126.931 0.67197 -37.1031)
(-126.948 0.243579 -37.0955)
(-126.948 -0.243579 -37.0955)
(-126.931 -0.67197 -37.1031)
(-126.871 -0.891663 -37.1124)
(-126.704 -0.616701 -37.1079)
(-123.184 0.60394 -36.7271)
(-123.374 0.883363 -36.7421)
(-123.445 0.667448 -36.7382)
(-123.468 0.242155 -36.7332)
(-123.468 -0.242155 -36.7332)
(-123.445 -0.667448 -36.7382)
(-123.374 -0.883363 -36.7421)
(-123.184 -0.60394 -36.7271)
(-119.552 0.590613 -36.2363)
(-119.761 0.873858 -36.2613)
(-119.843 0.661947 -36.2626)
(-119.871 0.240367 -36.2599)
(-119.871 -0.240367 -36.2599)
(-119.843 -0.661947 -36.2626)
(-119.761 -0.873858 -36.2613)
(-119.552 -0.590613 -36.2363)
(-115.825 0.5768 -35.6432)
(-116.052 0.863236 -35.6774)
(-116.143 0.655527 -35.6836)
(-116.176 0.238235 -35.6833)
(-116.176 -0.238235 -35.6833)
(-116.143 -0.655527 -35.6836)
(-116.052 -0.863236 -35.6774)
(-115.825 -0.5768 -35.6432)
(-112.023 0.56258 -34.9554)
(-112.265 0.851581 -34.9982)
(-112.364 0.648248 -35.009)
(-112.401 0.235782 -35.0107)
(-112.401 -0.235782 -35.0107)
(-112.364 -0.648248 -35.009)
(-112.265 -0.851581 -34.9982)
(-112.023 -0.56258 -34.9554)
(-108.162 0.548024 -34.1806)
(-108.417 0.838975 -34.2312)
(-108.523 0.640168 -34.2462)
(-108.563 0.233027 -34.25)
(-108.563 -0.233027 -34.25)
(-108.523 -0.640168 -34.2462)
(-108.417 -0.838975 -34.2312)
(-108.162 -0.548024 -34.1806)
(-104.258 0.533201 -33.3265)
(-104.523 0.825494 -33.3842)
(-104.635 0.631343 -33.403)
(-104.679 0.229992 -33.4086)
(-104.679 -0.229992 -33.4086)
(-104.635 -0.631343 -33.403)
(-104.523 -0.825494 -33.3842)
(-104.258 -0.533201 -33.3265)
(-100.325 0.518173 -32.4006)
(-100.598 0.811213 -32.4646)
(-100.715 0.621828 -32.4869)
(-100.761 0.226695 -32.4942)
(-100.761 -0.226695 -32.4942)
(-100.715 -0.621828 -32.4869)
(-100.598 -0.811213 -32.4646)
(-100.325 -0.518173 -32.4006)
(-96.3772 0.502997 -31.4106)
(-96.6563 0.796202 -31.4801)
(-96.7771 0.611672 -31.5054)
(-96.8252 0.223154 -31.5143)
(-96.8252 -0.223154 -31.5143)
(-96.7771 -0.611672 -31.5054)
(-96.6563 -0.796202 -31.4801)
(-96.3772 -0.502997 -31.4106)
(-92.4268 0.487726 -30.3637)
(-92.71 0.780527 -30.4379)
(-92.8335 0.600925 -30.466)
(-92.8833 0.219388 -30.4762)
(-92.8833 -0.219388 -30.4762)
(-92.8335 -0.600926 -30.466)
(-92.71 -0.780527 -30.4379)
(-92.4268 -0.487726 -30.3637)
(-88.4854 0.472407 -29.2672)
(-88.7708 0.76425 -29.3454)
(-88.8961 0.589634 -29.3758)
(-88.9471 0.215413 -29.3871)
(-88.9471 -0.215413 -29.3871)
(-88.8961 -0.589634 -29.3758)
(-88.7708 -0.76425 -29.3454)
(-88.4854 -0.472407 -29.2672)
(-84.564 0.457086 -28.1281)
(-84.8497 0.747431 -28.2095)
(-84.976 0.577842 -28.2418)
(-85.0277 0.211244 -28.2541)
(-85.0277 -0.211244 -28.2541)
(-84.976 -0.577842 -28.2418)
(-84.8497 -0.747431 -28.2095)
(-84.564 -0.457086 -28.1281)
(-80.6723 0.4418 -26.9532)
(-80.9567 0.730124 -27.0369)
(-81.0831 0.565591 -27.0708)
(-81.1353 0.206898 -27.084)
(-81.1353 -0.206899 -27.084)
(-81.0831 -0.565591 -27.0708)
(-80.9567 -0.730124 -27.0369)
(-80.6723 -0.4418 -26.9532)
(-76.8197 0.426587 -25.749)
(-77.1012 0.712382 -25.8344)
(-77.2268 0.552921 -25.8695)
(-77.279 0.20239 -25.8834)
(-77.279 -0.20239 -25.8834)
(-77.2268 -0.552921 -25.8695)
(-77.1012 -0.712382 -25.8344)
(-76.8197 -0.426587 -25.749)
(-73.0145 0.411477 -24.5219)
(-73.2915 0.694254 -24.6082)
(-73.4158 0.53987 -24.6442)
(-73.4677 0.197731 -24.6586)
(-73.4677 -0.197731 -24.6586)
(-73.4158 -0.53987 -24.6442)
(-73.2915 -0.694254 -24.6082)
(-73.0145 -0.411477 -24.5219)
(-69.2645 0.396499 -23.2778)
(-69.5358 0.675784 -23.3644)
(-69.6579 0.526474 -23.4009)
(-69.7092 0.192936 -23.4156)
(-69.7092 -0.192936 -23.4156)
(-69.6579 -0.526474 -23.4009)
(-69.5358 -0.675784 -23.3644)
(-69.2645 -0.396499 -23.2778)
(-65.5769 0.381677 -22.0226)
(-65.8411 0.657016 -22.1088)
(-65.9604 0.512764 -22.1454)
(-66.0109 0.188018 -22.1604)
(-66.0109 -0.188018 -22.1604)
(-65.9604 -0.512764 -22.1454)
(-65.8411 -0.657016 -22.1088)
(-65.5769 -0.381677 -22.0226)
(-61.9581 0.367032 -20.7617)
(-62.2141 0.637988 -20.8469)
(-62.3301 0.498773 -20.8834)
(-62.3794 0.182986 -20.8985)
(-62.3794 -0.182986 -20.8985)
(-62.3301 -0.498773 -20.8834)
(-62.2141 -0.637988 -20.8469)
(-61.9581 -0.367032 -20.7617)
(-58.4141 0.352582 -19.5003)
(-58.6609 0.618738 -19.5839)
(-58.773 0.48453 -19.62)
(-58.8209 0.177853 -19.635)
(-58.8209 -0.177853 -19.635)
(-58.773 -0.48453 -19.62)
(-58.6609 -0.618738 -19.5839)
(-58.4141 -0.352582 -19.5003)
(-54.9505 0.338344 -18.2434)
(-55.187 0.599298 -18.3248)
(-55.2948 0.470063 -18.3602)
(-55.3411 0.172629 -18.375)
(-55.3411 -0.172629 -18.375)
(-55.2948 -0.470063 -18.3602)
(-55.187 -0.599298 -18.3248)
(-54.9505 -0.338344 -18.2434)
(-51.572 0.324329 -16.9955)
(-51.7975 0.579701 -17.0742)
(-51.9006 0.455396 -17.1087)
(-51.945 0.167323 -17.1232)
(-51.945 -0.167323 -17.1232)
(-51.9006 -0.455396 -17.1087)
(-51.7975 -0.579701 -17.0742)
(-51.572 -0.324329 -16.9955)
(-48.2833 0.310547 -15.7609)
(-48.497 0.559974 -15.8366)
(-48.5949 0.440555 -15.8698)
(-48.6374 0.161944 -15.884)
(-48.6374 -0.161944 -15.884)
(-48.5949 -0.440555 -15.8698)
(-48.497 -0.559974 -15.8366)
(-48.2833 -0.310547 -15.7609)
(-45.0884 0.297005 -14.5438)
(-45.2897 0.540143 -14.6159)
(-45.3821 0.425562 -14.6478)
(-45.4224 0.1565 -14.6615)
(-45.4224 -0.1565 -14.6615)
(-45.3821 -0.425562 -14.6478)
(-45.2897 -0.540143 -14.6159)
(-45.0884 -0.297005 -14.5438)
(-41.9909 0.283709 -13.3479)
(-42.1792 0.520233 -13.4161)
(-42.2659 0.410437 -13.4464)
(-42.3039 0.151001 -13.4595)
(-42.3039 -0.151001 -13.4595)
(-42.2659 -0.410437 -13.4464)
(-42.1792 -0.520233 -13.4161)
(-41.9909 -0.283709 -13.3479)
(-38.9942 0.270663 -12.1766)
(-39.169 0.500266 -12.2406)
(-39.2497 0.3952 -12.2691)
(-39.2853 0.145452 -12.2816)
(-39.2853 -0.145452 -12.2816)
(-39.2497 -0.3952 -12.2691)
(-39.169 -0.500266 -12.2406)
(-38.9942 -0.270663 -12.1766)
(-36.1011 0.257867 -11.0333)
(-36.2622 0.480262 -11.0928)
(-36.3367 0.379868 -11.1194)
(-36.3698 0.139861 -11.1311)
(-36.3698 -0.139861 -11.1311)
(-36.3367 -0.379868 -11.1194)
(-36.2622 -0.480262 -11.0928)
(-36.1011 -0.257867 -11.0333)
(-33.3144 0.245321 -9.92085)
(-33.4614 0.460238 -9.97552)
(-33.5295 0.364459 -10.0001)
(-33.56 0.134235 -10.011)
(-33.56 -0.134235 -10.011)
(-33.5295 -0.364459 -10.0001)
(-33.4614 -0.460238 -9.97552)
(-33.3144 -0.245321 -9.92085)
(-30.6363 0.233023 -8.84198)
(-30.769 0.440211 -8.89166)
(-30.8307 0.348988 -8.91407)
(-30.8585 0.128578 -8.92411)
(-30.8585 -0.128578 -8.92411)
(-30.8307 -0.348988 -8.91407)
(-30.769 -0.440211 -8.89166)
(-30.6363 -0.233023 -8.84198)
(-28.0688 0.220969 -7.79916)
(-28.1871 0.420194 -7.84368)
(-28.2423 0.333467 -7.86384)
(-28.2674 0.122897 -7.87298)
(-28.2674 -0.122897 -7.87298)
(-28.2423 -0.333467 -7.86384)
(-28.1871 -0.420194 -7.84368)
(-28.0688 -0.220969 -7.79915)
(-25.6138 0.209155 -6.79461)
(-25.7177 0.400202 -6.83385)
(-25.7662 0.317911 -6.85168)
(-25.7887 0.117196 -6.85989)
(-25.7887 -0.117196 -6.85989)
(-25.7662 -0.317911 -6.85168)
(-25.7177 -0.400202 -6.83385)
(-25.6138 -0.209155 -6.79461)
(-23.2728 0.197574 -5.83035)
(-23.3622 0.380243 -5.86422)
(-23.4042 0.302329 -5.87966)
(-23.4239 0.11148 -5.8869)
(-23.4239 -0.11148 -5.8869)
(-23.4042 -0.302329 -5.87966)
(-23.3622 -0.380243 -5.86422)
(-23.2728 -0.197574 -5.83035)
(-21.0471 0.186218 -4.90817)
(-21.1222 0.360327 -4.9366)
(-21.1576 0.286731 -4.94962)
(-21.1745 0.105752 -4.95587)
(-21.1745 -0.105752 -4.95586)
(-21.1576 -0.286731 -4.94962)
(-21.1222 -0.360327 -4.9366)
(-21.0471 -0.186218 -4.90817)
(-18.9378 0.175078 -4.02964)
(-18.9987 0.340459 -4.05261)
(-19.0275 0.271124 -4.06318)
(-19.0418 0.100016 -4.06842)
(-19.0418 -0.100016 -4.06842)
(-19.0275 -0.271125 -4.06318)
(-18.9987 -0.340459 -4.05261)
(-18.9378 -0.175078 -4.02964)
(-16.9458 0.164142 -3.19616)
(-16.9927 0.32064 -3.21367)
(-17.0151 0.255513 -3.22178)
(-17.0267 0.0942723 -3.22602)
(-17.0267 -0.0942723 -3.22602)
(-17.0151 -0.255513 -3.22178)
(-16.9927 -0.32064 -3.21367)
(-16.9458 -0.164142 -3.19616)
(-15.0719 0.153398 -2.40892)
(-15.1051 0.300869 -2.42101)
(-15.1212 0.239894 -2.42668)
(-15.1301 0.0885205 -2.42991)
(-15.1301 -0.0885205 -2.42991)
(-15.1212 -0.239894 -2.42668)
(-15.1051 -0.300869 -2.421)
(-15.0719 -0.153398 -2.40892)
(-13.3167 0.142828 -1.66897)
(-13.3364 0.281136 -1.67569)
(-13.3464 0.224261 -1.67895)
(-13.3527 0.0827577 -1.68119)
(-13.3527 -0.0827577 -1.68119)
(-13.3464 -0.224261 -1.67895)
(-13.3364 -0.281136 -1.67569)
(-13.3167 -0.142828 -1.66897)
(-11.6806 0.132412 -0.977152)
(-11.6872 0.261417 -0.97862)
(-11.6912 0.208596 -0.97953)
(-11.6951 0.0769771 -0.980806)
(-11.6951 -0.0769771 -0.980806)
(-11.6912 -0.208596 -0.97953)
(-11.6872 -0.261417 -0.978619)
(-11.6806 -0.132412 -0.977151)
(-10.1639 0.122117 -0.334192)
(-10.1578 0.241671 -0.33054)
(-10.1562 0.192866 -0.329188)
(-10.1578 0.0711658 -0.329554)
(-10.1578 -0.0711657 -0.329553)
(-10.1562 -0.192866 -0.329188)
(-10.1578 -0.241671 -0.33054)
(-10.1639 -0.122117 -0.334191)
(-8.76667 0.111901 0.259346)
(-8.74856 0.221831 0.267932)
(-8.74163 0.177013 0.271406)
(-8.74111 0.0653026 0.271873)
(-8.74111 -0.0653025 0.271873)
(-8.74163 -0.177013 0.271406)
(-8.74856 -0.221831 0.267932)
(-8.76667 -0.111901 0.259347)
(-7.48904 0.101705 0.80303)
(-7.45953 0.201794 0.816294)
(-7.44785 0.160955 0.821682)
(-7.44554 0.0593562 0.822863)
(-7.44554 -0.0593561 0.822863)
(-7.44785 -0.160955 0.821682)
(-7.45953 -0.201794 0.816294)
(-7.48904 -0.101705 0.80303)
(-6.3309 0.0914451 1.29654)
(-6.29092 0.181411 1.31412)
(-6.27526 0.144573 1.32112)
(-6.27157 0.0532839 1.32285)
(-6.27157 -0.0532838 1.32285)
(-6.27526 -0.144573 1.32112)
(-6.29093 -0.181411 1.31412)
(-6.3309 -0.0914451 1.29654)
(-5.29217 0.0810069 1.73965)
(-5.24301 0.160479 1.76102)
(-5.2244 0.127718 1.7692)
(-5.2199 0.0470331 1.77124)
(-5.2199 -0.047033 1.77124)
(-5.2244 -0.127718 1.7692)
(-5.24301 -0.160479 1.76102)
(-5.29217 -0.0810069 1.73965)
(-4.37287 0.0702445 2.13212)
(-4.31633 0.138755 2.15654)
(-4.29617 0.110227 2.16532)
(-4.29156 0.0405517 2.16737)
(-4.29156 -0.0405518 2.16737)
(-4.29618 -0.110227 2.16532)
(-4.31633 -0.138755 2.15654)
(-4.37287 -0.0702445 2.13212)
(-3.57341 0.0589907 2.47361)
(-3.51201 0.116007 2.50002)
(-3.49208 0.0919827 2.50866)
(-3.48817 0.0338123 2.51039)
(-3.48817 -0.0338126 2.51039)
(-3.49208 -0.0919829 2.50866)
(-3.51201 -0.116007 2.50002)
(-3.57342 -0.0589906 2.47361)
(-2.89514 0.0471067 2.76344)
(-2.83232 0.0921498 2.79039)
(-2.8146 0.0730359 2.79804)
(-2.81216 0.0268568 2.79913)
(-2.81216 -0.026857 2.79913)
(-2.8146 -0.073036 2.79805)
(-2.83232 -0.0921498 2.79039)
(-2.89515 -0.0471067 2.76344)
(-2.34123 0.0346219 3.00018)
(-2.28131 0.0675369 3.02585)
(-2.26758 0.05381 3.03176)
(-2.26709 0.0198651 3.03199)
(-2.26709 -0.0198652 3.03199)
(-2.26758 -0.05381 3.03176)
(-2.2813 -0.0675371 3.02585)
(-2.34122 -0.034622 3.00018)
(-1.91824 0.0220526 3.18099)
(-1.86573 0.043448 3.20345)
(-1.85698 0.0353755 3.20722)
(-1.85836 0.0132296 3.20664)
(-1.85836 -0.0132296 3.20664)
(-1.85698 -0.0353753 3.20722)
(-1.86573 -0.0434482 3.20345)
(-1.91824 -0.0220528 3.18099)
(-1.63624 0.0108235 3.30156)
(-1.59529 0.0225659 3.31906)
(-1.59158 0.0195316 3.32066)
(-1.59418 0.00754522 3.31956)
(-1.59418 -0.00754502 3.31956)
(-1.59159 -0.0195315 3.32066)
(-1.59529 -0.022566 3.31906)
(-1.63624 -0.0108236 3.30156)
(-1.50471 0.00262905 3.35784)
(-1.47852 0.00800155 3.36903)
(-1.47891 0.00816477 3.36887)
(-1.48155 0.00339176 3.36775)
(-1.48155 -0.00339125 3.36775)
(-1.47891 -0.00816471 3.36887)
(-1.47852 -0.00800172 3.36903)
(-1.50471 -0.00262925 3.35784)
(-1.50665 -0.00149817 3.35707)
(-1.49369 0.00130609 3.36262)
(-1.49328 0.00204869 3.36279)
(-1.49368 0.000942981 3.36262)
(-1.49368 -0.000942723 3.36262)
(-1.49328 -0.00204868 3.36279)
(-1.49369 -0.00130615 3.36262)
(-1.50665 0.00149809 3.35707)
)
;
    }
}


// ************************************************************************* //
