/*--------------------------------*- C++ -*----------------------------------*\
| =========                 |                                                 |
| \\      /  F ield         | OpenFOAM: The Open Source CFD Toolbox           |
|  \\    /   O peration     | Version:  2412                                  |
|   \\  /    A nd           | Website:  www.openfoam.com                      |
|    \\/     M anipulation  |                                                 |
\*---------------------------------------------------------------------------*/
FoamFile
{
    version     2.0;
    format      ascii;
    arch        "LSB;label=32;scalar=64";
    class       faceList;
    location    "constant/solid/polyMesh";
    object      faces;
}
// * * * * * * * * * * * * * * * * * * * * * * * * * * * * * * * * * * * * * //


684
(
4(1 42 247 206)
4(41 246 247 42)
4(2 43 248 207)
4(42 247 248 43)
4(3 44 249 208)
4(43 248 249 44)
4(4 45 250 209)
4(44 249 250 45)
4(5 46 251 210)
4(45 250 251 46)
4(6 47 252 211)
4(46 251 252 47)
4(7 48 253 212)
4(47 252 253 48)
4(8 49 254 213)
4(48 253 254 49)
4(9 50 255 214)
4(49 254 255 50)
4(10 51 256 215)
4(50 255 256 51)
4(11 52 257 216)
4(51 256 257 52)
4(12 53 258 217)
4(52 257 258 53)
4(13 54 259 218)
4(53 258 259 54)
4(14 55 260 219)
4(54 259 260 55)
4(15 56 261 220)
4(55 260 261 56)
4(16 57 262 221)
4(56 261 262 57)
4(17 58 263 222)
4(57 262 263 58)
4(18 59 264 223)
4(58 263 264 59)
4(19 60 265 224)
4(59 264 265 60)
4(20 61 266 225)
4(60 265 266 61)
4(21 62 267 226)
4(61 266 267 62)
4(22 63 268 227)
4(62 267 268 63)
4(23 64 269 228)
4(63 268 269 64)
4(24 65 270 229)
4(64 269 270 65)
4(25 66 271 230)
4(65 270 271 66)
4(26 67 272 231)
4(66 271 272 67)
4(27 68 273 232)
4(67 272 273 68)
4(28 69 274 233)
4(68 273 274 69)
4(29 70 275 234)
4(69 274 275 70)
4(30 71 276 235)
4(70 275 276 71)
4(31 72 277 236)
4(71 276 277 72)
4(32 73 278 237)
4(72 277 278 73)
4(33 74 279 238)
4(73 278 279 74)
4(34 75 280 239)
4(74 279 280 75)
4(35 76 281 240)
4(75 280 281 76)
4(36 77 282 241)
4(76 281 282 77)
4(37 78 283 242)
4(77 282 283 78)
4(38 79 284 243)
4(78 283 284 79)
4(39 80 285 244)
4(79 284 285 80)
4(80 285 286 81)
4(42 83 288 247)
4(82 287 288 83)
4(43 84 289 248)
4(83 288 289 84)
4(44 85 290 249)
4(84 289 290 85)
4(45 86 291 250)
4(85 290 291 86)
4(46 87 292 251)
4(86 291 292 87)
4(47 88 293 252)
4(87 292 293 88)
4(48 89 294 253)
4(88 293 294 89)
4(49 90 295 254)
4(89 294 295 90)
4(50 91 296 255)
4(90 295 296 91)
4(51 92 297 256)
4(91 296 297 92)
4(52 93 298 257)
4(92 297 298 93)
4(53 94 299 258)
4(93 298 299 94)
4(54 95 300 259)
4(94 299 300 95)
4(55 96 301 260)
4(95 300 301 96)
4(56 97 302 261)
4(96 301 302 97)
4(57 98 303 262)
4(97 302 303 98)
4(58 99 304 263)
4(98 303 304 99)
4(59 100 305 264)
4(99 304 305 100)
4(60 101 306 265)
4(100 305 306 101)
4(61 102 307 266)
4(101 306 307 102)
4(62 103 308 267)
4(102 307 308 103)
4(63 104 309 268)
4(103 308 309 104)
4(64 105 310 269)
4(104 309 310 105)
4(65 106 311 270)
4(105 310 311 106)
4(66 107 312 271)
4(106 311 312 107)
4(67 108 313 272)
4(107 312 313 108)
4(68 109 314 273)
4(108 313 314 109)
4(69 110 315 274)
4(109 314 315 110)
4(70 111 316 275)
4(110 315 316 111)
4(71 112 317 276)
4(111 316 317 112)
4(72 113 318 277)
4(112 317 318 113)
4(73 114 319 278)
4(113 318 319 114)
4(74 115 320 279)
4(114 319 320 115)
4(75 116 321 280)
4(115 320 321 116)
4(76 117 322 281)
4(116 321 322 117)
4(77 118 323 282)
4(117 322 323 118)
4(78 119 324 283)
4(118 323 324 119)
4(79 120 325 284)
4(119 324 325 120)
4(80 121 326 285)
4(120 325 326 121)
4(121 326 327 122)
4(83 124 329 288)
4(123 328 329 124)
4(84 125 330 289)
4(124 329 330 125)
4(85 126 331 290)
4(125 330 331 126)
4(86 127 332 291)
4(126 331 332 127)
4(87 128 333 292)
4(127 332 333 128)
4(88 129 334 293)
4(128 333 334 129)
4(89 130 335 294)
4(129 334 335 130)
4(90 131 336 295)
4(130 335 336 131)
4(91 132 337 296)
4(131 336 337 132)
4(92 133 338 297)
4(132 337 338 133)
4(93 134 339 298)
4(133 338 339 134)
4(94 135 340 299)
4(134 339 340 135)
4(95 136 341 300)
4(135 340 341 136)
4(96 137 342 301)
4(136 341 342 137)
4(97 138 343 302)
4(137 342 343 138)
4(98 139 344 303)
4(138 343 344 139)
4(99 140 345 304)
4(139 344 345 140)
4(100 141 346 305)
4(140 345 346 141)
4(101 142 347 306)
4(141 346 347 142)
4(102 143 348 307)
4(142 347 348 143)
4(103 144 349 308)
4(143 348 349 144)
4(104 145 350 309)
4(144 349 350 145)
4(105 146 351 310)
4(145 350 351 146)
4(106 147 352 311)
4(146 351 352 147)
4(107 148 353 312)
4(147 352 353 148)
4(108 149 354 313)
4(148 353 354 149)
4(109 150 355 314)
4(149 354 355 150)
4(110 151 356 315)
4(150 355 356 151)
4(111 152 357 316)
4(151 356 357 152)
4(112 153 358 317)
4(152 357 358 153)
4(113 154 359 318)
4(153 358 359 154)
4(114 155 360 319)
4(154 359 360 155)
4(115 156 361 320)
4(155 360 361 156)
4(116 157 362 321)
4(156 361 362 157)
4(117 158 363 322)
4(157 362 363 158)
4(118 159 364 323)
4(158 363 364 159)
4(119 160 365 324)
4(159 364 365 160)
4(120 161 366 325)
4(160 365 366 161)
4(121 162 367 326)
4(161 366 367 162)
4(162 367 368 163)
4(124 165 370 329)
4(125 166 371 330)
4(126 167 372 331)
4(127 168 373 332)
4(128 169 374 333)
4(129 170 375 334)
4(130 171 376 335)
4(131 172 377 336)
4(132 173 378 337)
4(133 174 379 338)
4(134 175 380 339)
4(135 176 381 340)
4(136 177 382 341)
4(137 178 383 342)
4(138 179 384 343)
4(139 180 385 344)
4(140 181 386 345)
4(141 182 387 346)
4(142 183 388 347)
4(143 184 389 348)
4(144 185 390 349)
4(145 186 391 350)
4(146 187 392 351)
4(147 188 393 352)
4(148 189 394 353)
4(149 190 395 354)
4(150 191 396 355)
4(151 192 397 356)
4(152 193 398 357)
4(153 194 399 358)
4(154 195 400 359)
4(155 196 401 360)
4(156 197 402 361)
4(157 198 403 362)
4(158 199 404 363)
4(159 200 405 364)
4(160 201 406 365)
4(161 202 407 366)
4(162 203 408 367)
4(164 369 370 165)
4(165 370 371 166)
4(166 371 372 167)
4(167 372 373 168)
4(168 373 374 169)
4(169 374 375 170)
4(170 375 376 171)
4(171 376 377 172)
4(172 377 378 173)
4(173 378 379 174)
4(174 379 380 175)
4(175 380 381 176)
4(176 381 382 177)
4(177 382 383 178)
4(178 383 384 179)
4(179 384 385 180)
4(180 385 386 181)
4(181 386 387 182)
4(182 387 388 183)
4(183 388 389 184)
4(184 389 390 185)
4(185 390 391 186)
4(186 391 392 187)
4(187 392 393 188)
4(188 393 394 189)
4(189 394 395 190)
4(190 395 396 191)
4(191 396 397 192)
4(192 397 398 193)
4(193 398 399 194)
4(194 399 400 195)
4(195 400 401 196)
4(196 401 402 197)
4(197 402 403 198)
4(198 403 404 199)
4(199 404 405 200)
4(200 405 406 201)
4(201 406 407 202)
4(202 407 408 203)
4(203 408 409 204)
4(0 205 246 41)
4(41 246 287 82)
4(82 287 328 123)
4(123 328 369 164)
4(40 81 286 245)
4(81 122 327 286)
4(122 163 368 327)
4(163 204 409 368)
4(0 1 206 205)
4(1 2 207 206)
4(2 3 208 207)
4(3 4 209 208)
4(4 5 210 209)
4(5 6 211 210)
4(6 7 212 211)
4(7 8 213 212)
4(8 9 214 213)
4(9 10 215 214)
4(10 11 216 215)
4(11 12 217 216)
4(12 13 218 217)
4(13 14 219 218)
4(14 15 220 219)
4(15 16 221 220)
4(16 17 222 221)
4(17 18 223 222)
4(18 19 224 223)
4(19 20 225 224)
4(20 21 226 225)
4(21 22 227 226)
4(22 23 228 227)
4(23 24 229 228)
4(24 25 230 229)
4(25 26 231 230)
4(26 27 232 231)
4(27 28 233 232)
4(28 29 234 233)
4(29 30 235 234)
4(30 31 236 235)
4(31 32 237 236)
4(32 33 238 237)
4(33 34 239 238)
4(34 35 240 239)
4(35 36 241 240)
4(36 37 242 241)
4(37 38 243 242)
4(38 39 244 243)
4(39 40 245 244)
4(205 206 247 246)
4(246 247 288 287)
4(287 288 329 328)
4(328 329 370 369)
4(206 207 248 247)
4(247 248 289 288)
4(288 289 330 329)
4(329 330 371 370)
4(207 208 249 248)
4(248 249 290 289)
4(289 290 331 330)
4(330 331 372 371)
4(208 209 250 249)
4(249 250 291 290)
4(290 291 332 331)
4(331 332 373 372)
4(209 210 251 250)
4(250 251 292 291)
4(291 292 333 332)
4(332 333 374 373)
4(210 211 252 251)
4(251 252 293 292)
4(292 293 334 333)
4(333 334 375 374)
4(211 212 253 252)
4(252 253 294 293)
4(293 294 335 334)
4(334 335 376 375)
4(212 213 254 253)
4(253 254 295 294)
4(294 295 336 335)
4(335 336 377 376)
4(213 214 255 254)
4(254 255 296 295)
4(295 296 337 336)
4(336 337 378 377)
4(214 215 256 255)
4(255 256 297 296)
4(296 297 338 337)
4(337 338 379 378)
4(215 216 257 256)
4(256 257 298 297)
4(297 298 339 338)
4(338 339 380 379)
4(216 217 258 257)
4(257 258 299 298)
4(298 299 340 339)
4(339 340 381 380)
4(217 218 259 258)
4(258 259 300 299)
4(299 300 341 340)
4(340 341 382 381)
4(218 219 260 259)
4(259 260 301 300)
4(300 301 342 341)
4(341 342 383 382)
4(219 220 261 260)
4(260 261 302 301)
4(301 302 343 342)
4(342 343 384 383)
4(220 221 262 261)
4(261 262 303 302)
4(302 303 344 343)
4(343 344 385 384)
4(221 222 263 262)
4(262 263 304 303)
4(303 304 345 344)
4(344 345 386 385)
4(222 223 264 263)
4(263 264 305 304)
4(304 305 346 345)
4(345 346 387 386)
4(223 224 265 264)
4(264 265 306 305)
4(305 306 347 346)
4(346 347 388 387)
4(224 225 266 265)
4(265 266 307 306)
4(306 307 348 347)
4(347 348 389 388)
4(225 226 267 266)
4(266 267 308 307)
4(307 308 349 348)
4(348 349 390 389)
4(226 227 268 267)
4(267 268 309 308)
4(308 309 350 349)
4(349 350 391 390)
4(227 228 269 268)
4(268 269 310 309)
4(309 310 351 350)
4(350 351 392 391)
4(228 229 270 269)
4(269 270 311 310)
4(310 311 352 351)
4(351 352 393 392)
4(229 230 271 270)
4(270 271 312 311)
4(311 312 353 352)
4(352 353 394 393)
4(230 231 272 271)
4(271 272 313 312)
4(312 313 354 353)
4(353 354 395 394)
4(231 232 273 272)
4(272 273 314 313)
4(313 314 355 354)
4(354 355 396 395)
4(232 233 274 273)
4(273 274 315 314)
4(314 315 356 355)
4(355 356 397 396)
4(233 234 275 274)
4(274 275 316 315)
4(315 316 357 356)
4(356 357 398 397)
4(234 235 276 275)
4(275 276 317 316)
4(316 317 358 357)
4(357 358 399 398)
4(235 236 277 276)
4(276 277 318 317)
4(317 318 359 358)
4(358 359 400 399)
4(236 237 278 277)
4(277 278 319 318)
4(318 319 360 359)
4(359 360 401 400)
4(237 238 279 278)
4(278 279 320 319)
4(319 320 361 360)
4(360 361 402 401)
4(238 239 280 279)
4(279 280 321 320)
4(320 321 362 361)
4(361 362 403 402)
4(239 240 281 280)
4(280 281 322 321)
4(321 322 363 362)
4(362 363 404 403)
4(240 241 282 281)
4(281 282 323 322)
4(322 323 364 363)
4(363 364 405 404)
4(241 242 283 282)
4(282 283 324 323)
4(323 324 365 364)
4(364 365 406 405)
4(242 243 284 283)
4(283 284 325 324)
4(324 325 366 365)
4(365 366 407 406)
4(243 244 285 284)
4(284 285 326 325)
4(325 326 367 366)
4(366 367 408 407)
4(244 245 286 285)
4(285 286 327 326)
4(326 327 368 367)
4(367 368 409 408)
4(0 41 42 1)
4(41 82 83 42)
4(82 123 124 83)
4(123 164 165 124)
4(1 42 43 2)
4(42 83 84 43)
4(83 124 125 84)
4(124 165 166 125)
4(2 43 44 3)
4(43 84 85 44)
4(84 125 126 85)
4(125 166 167 126)
4(3 44 45 4)
4(44 85 86 45)
4(85 126 127 86)
4(126 167 168 127)
4(4 45 46 5)
4(45 86 87 46)
4(86 127 128 87)
4(127 168 169 128)
4(5 46 47 6)
4(46 87 88 47)
4(87 128 129 88)
4(128 169 170 129)
4(6 47 48 7)
4(47 88 89 48)
4(88 129 130 89)
4(129 170 171 130)
4(7 48 49 8)
4(48 89 90 49)
4(89 130 131 90)
4(130 171 172 131)
4(8 49 50 9)
4(49 90 91 50)
4(90 131 132 91)
4(131 172 173 132)
4(9 50 51 10)
4(50 91 92 51)
4(91 132 133 92)
4(132 173 174 133)
4(10 51 52 11)
4(51 92 93 52)
4(92 133 134 93)
4(133 174 175 134)
4(11 52 53 12)
4(52 93 94 53)
4(93 134 135 94)
4(134 175 176 135)
4(12 53 54 13)
4(53 94 95 54)
4(94 135 136 95)
4(135 176 177 136)
4(13 54 55 14)
4(54 95 96 55)
4(95 136 137 96)
4(136 177 178 137)
4(14 55 56 15)
4(55 96 97 56)
4(96 137 138 97)
4(137 178 179 138)
4(15 56 57 16)
4(56 97 98 57)
4(97 138 139 98)
4(138 179 180 139)
4(16 57 58 17)
4(57 98 99 58)
4(98 139 140 99)
4(139 180 181 140)
4(17 58 59 18)
4(58 99 100 59)
4(99 140 141 100)
4(140 181 182 141)
4(18 59 60 19)
4(59 100 101 60)
4(100 141 142 101)
4(141 182 183 142)
4(19 60 61 20)
4(60 101 102 61)
4(101 142 143 102)
4(142 183 184 143)
4(20 61 62 21)
4(61 102 103 62)
4(102 143 144 103)
4(143 184 185 144)
4(21 62 63 22)
4(62 103 104 63)
4(103 144 145 104)
4(144 185 186 145)
4(22 63 64 23)
4(63 104 105 64)
4(104 145 146 105)
4(145 186 187 146)
4(23 64 65 24)
4(64 105 106 65)
4(105 146 147 106)
4(146 187 188 147)
4(24 65 66 25)
4(65 106 107 66)
4(106 147 148 107)
4(147 188 189 148)
4(25 66 67 26)
4(66 107 108 67)
4(107 148 149 108)
4(148 189 190 149)
4(26 67 68 27)
4(67 108 109 68)
4(108 149 150 109)
4(149 190 191 150)
4(27 68 69 28)
4(68 109 110 69)
4(109 150 151 110)
4(150 191 192 151)
4(28 69 70 29)
4(69 110 111 70)
4(110 151 152 111)
4(151 192 193 152)
4(29 70 71 30)
4(70 111 112 71)
4(111 152 153 112)
4(152 193 194 153)
4(30 71 72 31)
4(71 112 113 72)
4(112 153 154 113)
4(153 194 195 154)
4(31 72 73 32)
4(72 113 114 73)
4(113 154 155 114)
4(154 195 196 155)
4(32 73 74 33)
4(73 114 115 74)
4(114 155 156 115)
4(155 196 197 156)
4(33 74 75 34)
4(74 115 116 75)
4(115 156 157 116)
4(156 197 198 157)
4(34 75 76 35)
4(75 116 117 76)
4(116 157 158 117)
4(157 198 199 158)
4(35 76 77 36)
4(76 117 118 77)
4(117 158 159 118)
4(158 199 200 159)
4(36 77 78 37)
4(77 118 119 78)
4(118 159 160 119)
4(159 200 201 160)
4(37 78 79 38)
4(78 119 120 79)
4(119 160 161 120)
4(160 201 202 161)
4(38 79 80 39)
4(79 120 121 80)
4(120 161 162 121)
4(161 202 203 162)
4(39 80 81 40)
4(80 121 122 81)
4(121 162 163 122)
4(162 203 204 163)
)


// ************************************************************************* //
