/*--------------------------------*- C++ -*----------------------------------*\
| =========                 |                                                 |
| \\      /  F ield         | OpenFOAM: The Open Source CFD Toolbox           |
|  \\    /   O peration     | Version:  2412                                  |
|   \\  /    A nd           | Website:  www.openfoam.com                      |
|    \\/     M anipulation  |                                                 |
\*---------------------------------------------------------------------------*/
FoamFile
{
    version     2.0;
    format      ascii;
    arch        "LSB;label=32;scalar=64";
    note        "nPoints:410  nCells:160  nFaces:684  nInternalFaces:276";
    class       labelList;
    location    "constant/solid/polyMesh";
    object      owner;
}
// * * * * * * * * * * * * * * * * * * * * * * * * * * * * * * * * * * * * * //


684
(
0
0
1
1
2
2
3
3
4
4
5
5
6
6
7
7
8
8
9
9
10
10
11
11
12
12
13
13
14
14
15
15
16
16
17
17
18
18
19
19
20
20
21
21
22
22
23
23
24
24
25
25
26
26
27
27
28
28
29
29
30
30
31
31
32
32
33
33
34
34
35
35
36
36
37
37
38
38
39
40
40
41
41
42
42
43
43
44
44
45
45
46
46
47
47
48
48
49
49
50
50
51
51
52
52
53
53
54
54
55
55
56
56
57
57
58
58
59
59
60
60
61
61
62
62
63
63
64
64
65
65
66
66
67
67
68
68
69
69
70
70
71
71
72
72
73
73
74
74
75
75
76
76
77
77
78
78
79
80
80
81
81
82
82
83
83
84
84
85
85
86
86
87
87
88
88
89
89
90
90
91
91
92
92
93
93
94
94
95
95
96
96
97
97
98
98
99
99
100
100
101
101
102
102
103
103
104
104
105
105
106
106
107
107
108
108
109
109
110
110
111
111
112
112
113
113
114
114
115
115
116
116
117
117
118
118
119
120
121
122
123
124
125
126
127
128
129
130
131
132
133
134
135
136
137
138
139
140
141
142
143
144
145
146
147
148
149
150
151
152
153
154
155
156
157
158
120
121
122
123
124
125
126
127
128
129
130
131
132
133
134
135
136
137
138
139
140
141
142
143
144
145
146
147
148
149
150
151
152
153
154
155
156
157
158
159
0
40
80
120
39
79
119
159
0
1
2
3
4
5
6
7
8
9
10
11
12
13
14
15
16
17
18
19
20
21
22
23
24
25
26
27
28
29
30
31
32
33
34
35
36
37
38
39
0
40
80
120
1
41
81
121
2
42
82
122
3
43
83
123
4
44
84
124
5
45
85
125
6
46
86
126
7
47
87
127
8
48
88
128
9
49
89
129
10
50
90
130
11
51
91
131
12
52
92
132
13
53
93
133
14
54
94
134
15
55
95
135
16
56
96
136
17
57
97
137
18
58
98
138
19
59
99
139
20
60
100
140
21
61
101
141
22
62
102
142
23
63
103
143
24
64
104
144
25
65
105
145
26
66
106
146
27
67
107
147
28
68
108
148
29
69
109
149
30
70
110
150
31
71
111
151
32
72
112
152
33
73
113
153
34
74
114
154
35
75
115
155
36
76
116
156
37
77
117
157
38
78
118
158
39
79
119
159
0
40
80
120
1
41
81
121
2
42
82
122
3
43
83
123
4
44
84
124
5
45
85
125
6
46
86
126
7
47
87
127
8
48
88
128
9
49
89
129
10
50
90
130
11
51
91
131
12
52
92
132
13
53
93
133
14
54
94
134
15
55
95
135
16
56
96
136
17
57
97
137
18
58
98
138
19
59
99
139
20
60
100
140
21
61
101
141
22
62
102
142
23
63
103
143
24
64
104
144
25
65
105
145
26
66
106
146
27
67
107
147
28
68
108
148
29
69
109
149
30
70
110
150
31
71
111
151
32
72
112
152
33
73
113
153
34
74
114
154
35
75
115
155
36
76
116
156
37
77
117
157
38
78
118
158
39
79
119
159
)


// ************************************************************************* //
