/*--------------------------------*- C++ -*----------------------------------*\
| =========                 |                                                 |
| \\      /  F ield         | OpenFOAM: The Open Source CFD Toolbox           |
|  \\    /   O peration     | Version:  2412                                  |
|   \\  /    A nd           | Website:  www.openfoam.com                      |
|    \\/     M anipulation  |                                                 |
\*---------------------------------------------------------------------------*/
FoamFile
{
    version     2.0;
    format      ascii;
    arch        "LSB;label=32;scalar=64";
    class       vectorField;
    location    "constant/solid/polyMesh";
    object      points;
}
// * * * * * * * * * * * * * * * * * * * * * * * * * * * * * * * * * * * * * //


410
(
(2 -0.4 0)
(2.1 -0.4 0)
(2.2 -0.4 0)
(2.3 -0.4 0)
(2.4 -0.4 0)
(2.5 -0.4 0)
(2.6 -0.4 0)
(2.7 -0.4 0)
(2.8 -0.4 0)
(2.9 -0.4 0)
(3 -0.4 0)
(3.1 -0.4 0)
(3.2 -0.4 0)
(3.3 -0.4 0)
(3.4 -0.4 0)
(3.5 -0.4 0)
(3.6 -0.4 0)
(3.7 -0.4 0)
(3.8 -0.4 0)
(3.9 -0.4 0)
(4 -0.4 0)
(4.1 -0.4 0)
(4.2 -0.4 0)
(4.3 -0.4 0)
(4.4 -0.4 0)
(4.5 -0.4 0)
(4.6 -0.4 0)
(4.7 -0.4 0)
(4.8 -0.4 0)
(4.9 -0.4 0)
(5 -0.4 0)
(5.1 -0.4 0)
(5.2 -0.4 0)
(5.3 -0.4 0)
(5.4 -0.4 0)
(5.5 -0.4 0)
(5.6 -0.4 0)
(5.7 -0.4 0)
(5.8 -0.4 0)
(5.9 -0.4 0)
(6 -0.4 0)
(2 -0.3 0)
(2.1 -0.3 0)
(2.2 -0.3 0)
(2.3 -0.3 0)
(2.4 -0.3 0)
(2.5 -0.3 0)
(2.6 -0.3 0)
(2.7 -0.3 0)
(2.8 -0.3 0)
(2.9 -0.3 0)
(3 -0.3 0)
(3.1 -0.3 0)
(3.2 -0.3 0)
(3.3 -0.3 0)
(3.4 -0.3 0)
(3.5 -0.3 0)
(3.6 -0.3 0)
(3.7 -0.3 0)
(3.8 -0.3 0)
(3.9 -0.3 0)
(4 -0.3 0)
(4.1 -0.3 0)
(4.2 -0.3 0)
(4.3 -0.3 0)
(4.4 -0.3 0)
(4.5 -0.3 0)
(4.6 -0.3 0)
(4.7 -0.3 0)
(4.8 -0.3 0)
(4.9 -0.3 0)
(5 -0.3 0)
(5.1 -0.3 0)
(5.2 -0.3 0)
(5.3 -0.3 0)
(5.4 -0.3 0)
(5.5 -0.3 0)
(5.6 -0.3 0)
(5.7 -0.3 0)
(5.8 -0.3 0)
(5.9 -0.3 0)
(6 -0.3 0)
(2 -0.2 0)
(2.1 -0.2 0)
(2.2 -0.2 0)
(2.3 -0.2 0)
(2.4 -0.2 0)
(2.5 -0.2 0)
(2.6 -0.2 0)
(2.7 -0.2 0)
(2.8 -0.2 0)
(2.9 -0.2 0)
(3 -0.2 0)
(3.1 -0.2 0)
(3.2 -0.2 0)
(3.3 -0.2 0)
(3.4 -0.2 0)
(3.5 -0.2 0)
(3.6 -0.2 0)
(3.7 -0.2 0)
(3.8 -0.2 0)
(3.9 -0.2 0)
(4 -0.2 0)
(4.1 -0.2 0)
(4.2 -0.2 0)
(4.3 -0.2 0)
(4.4 -0.2 0)
(4.5 -0.2 0)
(4.6 -0.2 0)
(4.7 -0.2 0)
(4.8 -0.2 0)
(4.9 -0.2 0)
(5 -0.2 0)
(5.1 -0.2 0)
(5.2 -0.2 0)
(5.3 -0.2 0)
(5.4 -0.2 0)
(5.5 -0.2 0)
(5.6 -0.2 0)
(5.7 -0.2 0)
(5.8 -0.2 0)
(5.9 -0.2 0)
(6 -0.2 0)
(2 -0.1 0)
(2.1 -0.1 0)
(2.2 -0.1 0)
(2.3 -0.1 0)
(2.4 -0.1 0)
(2.5 -0.1 0)
(2.6 -0.1 0)
(2.7 -0.1 0)
(2.8 -0.1 0)
(2.9 -0.1 0)
(3 -0.1 0)
(3.1 -0.1 0)
(3.2 -0.1 0)
(3.3 -0.1 0)
(3.4 -0.1 0)
(3.5 -0.1 0)
(3.6 -0.1 0)
(3.7 -0.1 0)
(3.8 -0.1 0)
(3.9 -0.1 0)
(4 -0.1 0)
(4.1 -0.1 0)
(4.2 -0.1 0)
(4.3 -0.1 0)
(4.4 -0.1 0)
(4.5 -0.1 0)
(4.6 -0.1 0)
(4.7 -0.1 0)
(4.8 -0.1 0)
(4.9 -0.1 0)
(5 -0.1 0)
(5.1 -0.1 0)
(5.2 -0.1 0)
(5.3 -0.1 0)
(5.4 -0.1 0)
(5.5 -0.1 0)
(5.6 -0.1 0)
(5.7 -0.1 0)
(5.8 -0.1 0)
(5.9 -0.1 0)
(6 -0.1 0)
(2 0 0)
(2.1 0 0)
(2.2 0 0)
(2.3 0 0)
(2.4 0 0)
(2.5 0 0)
(2.6 0 0)
(2.7 0 0)
(2.8 0 0)
(2.9 0 0)
(3 0 0)
(3.1 0 0)
(3.2 0 0)
(3.3 0 0)
(3.4 0 0)
(3.5 0 0)
(3.6 0 0)
(3.7 0 0)
(3.8 0 0)
(3.9 0 0)
(4 0 0)
(4.1 0 0)
(4.2 0 0)
(4.3 0 0)
(4.4 0 0)
(4.5 0 0)
(4.6 0 0)
(4.7 0 0)
(4.8 0 0)
(4.9 0 0)
(5 0 0)
(5.1 0 0)
(5.2 0 0)
(5.3 0 0)
(5.4 0 0)
(5.5 0 0)
(5.6 0 0)
(5.7 0 0)
(5.8 0 0)
(5.9 0 0)
(6 0 0)
(2 -0.4 1)
(2.1 -0.4 1)
(2.2 -0.4 1)
(2.3 -0.4 1)
(2.4 -0.4 1)
(2.5 -0.4 1)
(2.6 -0.4 1)
(2.7 -0.4 1)
(2.8 -0.4 1)
(2.9 -0.4 1)
(3 -0.4 1)
(3.1 -0.4 1)
(3.2 -0.4 1)
(3.3 -0.4 1)
(3.4 -0.4 1)
(3.5 -0.4 1)
(3.6 -0.4 1)
(3.7 -0.4 1)
(3.8 -0.4 1)
(3.9 -0.4 1)
(4 -0.4 1)
(4.1 -0.4 1)
(4.2 -0.4 1)
(4.3 -0.4 1)
(4.4 -0.4 1)
(4.5 -0.4 1)
(4.6 -0.4 1)
(4.7 -0.4 1)
(4.8 -0.4 1)
(4.9 -0.4 1)
(5 -0.4 1)
(5.1 -0.4 1)
(5.2 -0.4 1)
(5.3 -0.4 1)
(5.4 -0.4 1)
(5.5 -0.4 1)
(5.6 -0.4 1)
(5.7 -0.4 1)
(5.8 -0.4 1)
(5.9 -0.4 1)
(6 -0.4 1)
(2 -0.3 1)
(2.1 -0.3 1)
(2.2 -0.3 1)
(2.3 -0.3 1)
(2.4 -0.3 1)
(2.5 -0.3 1)
(2.6 -0.3 1)
(2.7 -0.3 1)
(2.8 -0.3 1)
(2.9 -0.3 1)
(3 -0.3 1)
(3.1 -0.3 1)
(3.2 -0.3 1)
(3.3 -0.3 1)
(3.4 -0.3 1)
(3.5 -0.3 1)
(3.6 -0.3 1)
(3.7 -0.3 1)
(3.8 -0.3 1)
(3.9 -0.3 1)
(4 -0.3 1)
(4.1 -0.3 1)
(4.2 -0.3 1)
(4.3 -0.3 1)
(4.4 -0.3 1)
(4.5 -0.3 1)
(4.6 -0.3 1)
(4.7 -0.3 1)
(4.8 -0.3 1)
(4.9 -0.3 1)
(5 -0.3 1)
(5.1 -0.3 1)
(5.2 -0.3 1)
(5.3 -0.3 1)
(5.4 -0.3 1)
(5.5 -0.3 1)
(5.6 -0.3 1)
(5.7 -0.3 1)
(5.8 -0.3 1)
(5.9 -0.3 1)
(6 -0.3 1)
(2 -0.2 1)
(2.1 -0.2 1)
(2.2 -0.2 1)
(2.3 -0.2 1)
(2.4 -0.2 1)
(2.5 -0.2 1)
(2.6 -0.2 1)
(2.7 -0.2 1)
(2.8 -0.2 1)
(2.9 -0.2 1)
(3 -0.2 1)
(3.1 -0.2 1)
(3.2 -0.2 1)
(3.3 -0.2 1)
(3.4 -0.2 1)
(3.5 -0.2 1)
(3.6 -0.2 1)
(3.7 -0.2 1)
(3.8 -0.2 1)
(3.9 -0.2 1)
(4 -0.2 1)
(4.1 -0.2 1)
(4.2 -0.2 1)
(4.3 -0.2 1)
(4.4 -0.2 1)
(4.5 -0.2 1)
(4.6 -0.2 1)
(4.7 -0.2 1)
(4.8 -0.2 1)
(4.9 -0.2 1)
(5 -0.2 1)
(5.1 -0.2 1)
(5.2 -0.2 1)
(5.3 -0.2 1)
(5.4 -0.2 1)
(5.5 -0.2 1)
(5.6 -0.2 1)
(5.7 -0.2 1)
(5.8 -0.2 1)
(5.9 -0.2 1)
(6 -0.2 1)
(2 -0.1 1)
(2.1 -0.1 1)
(2.2 -0.1 1)
(2.3 -0.1 1)
(2.4 -0.1 1)
(2.5 -0.1 1)
(2.6 -0.1 1)
(2.7 -0.1 1)
(2.8 -0.1 1)
(2.9 -0.1 1)
(3 -0.1 1)
(3.1 -0.1 1)
(3.2 -0.1 1)
(3.3 -0.1 1)
(3.4 -0.1 1)
(3.5 -0.1 1)
(3.6 -0.1 1)
(3.7 -0.1 1)
(3.8 -0.1 1)
(3.9 -0.1 1)
(4 -0.1 1)
(4.1 -0.1 1)
(4.2 -0.1 1)
(4.3 -0.1 1)
(4.4 -0.1 1)
(4.5 -0.1 1)
(4.6 -0.1 1)
(4.7 -0.1 1)
(4.8 -0.1 1)
(4.9 -0.1 1)
(5 -0.1 1)
(5.1 -0.1 1)
(5.2 -0.1 1)
(5.3 -0.1 1)
(5.4 -0.1 1)
(5.5 -0.1 1)
(5.6 -0.1 1)
(5.7 -0.1 1)
(5.8 -0.1 1)
(5.9 -0.1 1)
(6 -0.1 1)
(2 0 1)
(2.1 0 1)
(2.2 0 1)
(2.3 0 1)
(2.4 0 1)
(2.5 0 1)
(2.6 0 1)
(2.7 0 1)
(2.8 0 1)
(2.9 0 1)
(3 0 1)
(3.1 0 1)
(3.2 0 1)
(3.3 0 1)
(3.4 0 1)
(3.5 0 1)
(3.6 0 1)
(3.7 0 1)
(3.8 0 1)
(3.9 0 1)
(4 0 1)
(4.1 0 1)
(4.2 0 1)
(4.3 0 1)
(4.4 0 1)
(4.5 0 1)
(4.6 0 1)
(4.7 0 1)
(4.8 0 1)
(4.9 0 1)
(5 0 1)
(5.1 0 1)
(5.2 0 1)
(5.3 0 1)
(5.4 0 1)
(5.5 0 1)
(5.6 0 1)
(5.7 0 1)
(5.8 0 1)
(5.9 0 1)
(6 0 1)
)


// ************************************************************************* //
