34.7056656392 169 9
24899 19000 2e-07 6.06132834e-23 9.36173072e-25 6.05915777e-23 1.87212236e-24 6.05554072e-23 2.80762412e-24 6.05047807e-23 3.74245474e-24 0 0 0 0 0 0 0 0 0
25004 19000 -2.13216409e-06 1.74318445e-05 -1.90726839e-05 3.72091242e-07 8.91692317e-07 -7.96725318e-08 7.36246675e-08 -1.57811915e-08 3.07481337e-08 -1.90902011e-05 2.21026636e-05 -2.35935454e-05 1.00822001e-06 1.18523878e-06 -6.38913556e-08 1.70546312e-07 -1.297267e-07 1.0162924e-07
25117 19000 -2.3228378e-06 3.54985195e-05 -3.88900486e-05 7.07730569e-07 1.72897823e-06 -1.58684936e-07 1.44125193e-07 -2.47595479e-08 5.78219211e-08 -3.48550108e-05 4.07366964e-05 -4.34750686e-05 1.81727183e-06 2.08977141e-06 -1.12076471e-07 3.10662697e-07 -2.3379319e-07 1.84705054e-07
25237 19000 -2.17044967e-06 5.40978425e-05 -5.93596457e-05 9.86189442e-07 2.47312309e-06 -2.35186359e-07 2.08974021e-07 -2.4156652e-08 7.9265273e-08 -4.46415852e-05 5.418964e-05 -5.7817476e-05 2.32784963e-06 2.57798769e-06 -1.37345579e-07 4.05280246e-07 -2.99397314e-07 2.39865097e-07
25366 19000 -1.40834868e-06 7.44607477e-05 -8.18051479e-05 1.27891523e-06 3.2288173e-06 -3.1621886e-07 2.80260563e-07 -2.32037411e-08 1.0165185e-07 -4.96961255e-05 6.79488859e-05 -7.26121987e-05 2.65499405e-06 2.78143553e-06 -1.5630681e-07 4.85826477e-07 -3.41021895e-07 2.7970911e-07
25503 19000 4.99577839e-07 9.56783872e-05 -0.000105236096 1.57140622e-06 4.03388017e-06 -4.04267433e-07 3.52539323e-07 -1.93373778e-08 1.22770332e-07 -5.38516026e-05 8.41966889e-05 -9.02172402e-05 2.91169477e-06 2.91257109e-06 -1.82644482e-07 5.69625972e-07 -3.72480904e-07 3.14240399e-07
25650 19000 2.4833543e-06 0.00011794081 -0.000129853252 1.87868327e-06 4.90931176e-06 -5.00223718e-07 4.27668482e-07 -1.4337697e-08 1.43864775e-07 -5.72890809e-05 0.000103872118 -0.000111677018 3.10722003e-06 2.98508769e-06 -2.20326903e-07 6.6091262e-07 -3.94836441e-07 3.44527623e-07
25807 19000 4.07804675e-06 0.000141334421 -0.000155742393 2.21502408e-06 5.88337372e-06 -6.04941782e-07 5.06967389e-07 -9.80154753e-09 1.65936421e-07 -5.82147883e-05 0.000128036889 -0.000138175036 3.25217289e-06 3.01258372e-06 -2.73987868e-07 7.64626599e-07 -4.09356357e-07 3.71809016e-07
25974 19000 5.41458853e-06 0.000165827174 -0.000182857389 2.59072082e-06 6.98494469e-06 -7.18853423e-07 5.90829948e-07 -6.73284758e-09 1.89496397e-07 -5.78245328e-05 0.000157677268 -0.000170812843 3.35759659e-06 3.0052068e-06 -3.48078304e-07 8.8563285e-07 -4.17452808e-07 3.97372792e-07
26153 19000 6.1737188e-06 0.00019137265 -0.000211132042 3.01384191e-06 8.23973063e-06 -8.4191428e-07 6.79256438e-07 -5.80037354e-09 2.1483629e-07 -5.63068242e-05 0.000193741418 -0.000210649733 3.43470208e-06 2.9709125e-06 -4.46951149e-07 1.02871502e-06 -4.20599423e-07 4.22508342e-07
26344 19000 6.55015217e-06 0.000217910929 -0.000240481418 3.49012301e-06 9.67570769e-06 -9.73922482e-07 7.71819553e-07 -7.25077676e-09 2.41950539e-07 -5.48429941e-05 0.000237160796 -0.000258725558 3.4939616e-06 2.91686806e-06 -5.74953279e-07 1.19850579e-06 -4.20169637e-07 4.48394108e-07
26548 19000 7.21250563e-06 0.000245384472 -0.000270818231 4.02402831e-06 1.13238631e-05 -1.11464552e-06 8.67847115e-07 -1.10840493e-08 2.70647646e-07 -5.1607126e-05 0.000288871887 -0.000316083493 3.54449022e-06 2.84943717e-06 -7.36490429e-07 1.39943923e-06 -4.17334178e-07 4.76034866e-07
26766 19000 7.26908469e-06 0.000273629997 -0.000301921524 4.62183762e-06 1.32348269e-05 -1.26354492e-06 9.65904257e-07 -1.72939259e-08 3.00493685e-07 -4.78595684e-05 0.00035044261 -0.000384469992 3.59401309e-06 2.77482842e-06 -9.38981571e-07 1.63806477e-06 -4.12962102e-07 5.06335366e-07
26999 19000 7.22520382e-06 0.000302566479 -0.000333654692 5.28718996e-06 1.54543917e-05 -1.41983784e-06 1.06442534e-06 -2.55161327e-08 3.3095922e-07 -4.27785269e-05 0.000422987599 -0.000465109818 3.64974949e-06 2.70021874e-06 -1.18772078e-06 1.9188328e-06 -4.07845513e-07 5.39921569e-07
27248 19000 5.93234072e-06 0.000332199165 -0.00036597779 6.02224134e-06 1.80205127e-05 -1.58310909e-06 1.16246928e-06 -3.5297331e-08 3.6159384e-07 -3.74665984e-05 0.000507221026 -0.000558768535 3.71661284e-06 2.63240433e-06 -1.48591173e-06 2.24427304e-06 -4.02460922e-07 5.77098525e-07
27514 19000 4.5860714e-06 0.000362175699 -0.000398389714 6.83568882e-06 2.10324284e-05 -1.75131246e-06 1.25659331e-06 -4.63609681e-08 3.9134797e-07 -3.12833293e-05 0.000605722536 -0.000668261681 3.80113177e-06 2.58356387e-06 -1.84550373e-06 2.62327892e-06 -3.97142679e-07 6.18236071e-07
27798 19000 2.61389997e-06 0.00039251201 -0.000430830019 7.73005093e-06 2.45362622e-05 -1.92339187e-06 1.34560474e-06 -5.83549904e-08 4.19839797e-07 -2.32752614e-05 0.000719162592 -0.000794247225 3.90685901e-06 2.56345626e-06 -2.26884639e-06 3.05705938e-06 -3.92000029e-07 6.63133403e-07
28101 19000 -3.12363766e-07 0.000422983264 -0.000462915295 8.71115944e-06 2.86196086e-05 -2.09712254e-06 1.42674463e-06 -7.10065793e-08 4.46279629e-07 -1.56355948e-05 0.000849416364 -0.000938672809 4.03931649e-06 2.58726009e-06 -2.76350762e-06 3.55059822e-06 -3.87105062e-07 7.1159176e-07
28425 19000 -3.34092554e-06 0.000453320417 -0.000494169538 9.78372037e-06 3.33806172e-05 -2.26944009e-06 1.49680283e-06 -8.4069364e-08 4.6984827e-07 -5.51147395e-06 0.000998470437 -0.00110352204 4.20548903e-06 2.67489833e-06 -3.33659606e-06 4.10817883e-06 -3.82525894e-07 7.63140908e-07
28771 19000 -7.4966801e-06 0.000483243331 -0.000524063552 1.09497784e-05 3.89183047e-05 -2.43657775e-06 1.55248909e-06 -9.74345278e-08 4.89865052e-07 6.03582034e-06 0.00116824807 -0.00129059434 4.41377043e-06 2.85003952e-06 -3.99350498e-06 4.73256394e-06 -3.78331774e-07 8.17021441e-07
29141 19000 -1.17294365e-05 0.000512460088 -0.000552013252 1.22058428e-05 4.5327279e-05 -2.59412254e-06 1.59035054e-06 -1.10871503e-07 5.05700716e-07 1.8056219e-05 0.0013606047 -0.00150147156 4.67412582e-06 3.13950105e-06 -4.73751705e-06 5.42488258e-06 -3.74636733e-07 8.72218218e-07
29535 19000 -1.79795376e-05 0.000540666601 -0.000577376798 1.35420077e-05 5.26939598e-05 -2.73710719e-06 1.60703673e-06 -1.24239671e-07 5.16921506e-07 3.2729337e-05 0.00157732275 -0.00173748196 4.9979333e-06 3.57251135e-06 -5.5694063e-06 6.18450174e-06 -3.71608218e-07 9.27477013e-07
29957 19000 -2.51914918e-05 0.000567405461 -0.000599228661 1.49375133e-05 6.1112949e-05 -2.85861081e-06 1.59819684e-06 -1.3739369e-07 5.23097653e-07 4.84199263e-05 0.0018205526 -0.00200002186 5.39986054e-06 4.18623254e-06 -6.48776627e-06 7.00903351e-06 -3.69481692e-07 9.81031975e-07
30458 19000 -3.44830565e-05 0.000594751611 -0.00061813918 1.65081042e-05 7.17388699e-05 -2.95881231e-06 1.55368307e-06 -1.51535791e-07 5.23996192e-07 6.82445549e-05 0.00212299261 -0.00232248809 5.95437623e-06 5.12177806e-06 -7.59707811e-06 7.99034905e-06 -3.68443368e-07 1.03580573e-06
30959 19000 -4.38265501e-05 0.000617496089 -0.000629414167 1.79304048e-05 8.29148167e-05 -3.00950357e-06 1.4747603e-06 -1.6429546e-07 5.19709517e-07 8.93295907e-05 0.00243819797 -0.00265313335 6.59191871e-06 6.28094607e-06 -8.70338563e-06 8.95803478e-06 -3.68883468e-07 1.07969453e-06
31459 19000 -5.49580444e-05 0.000635809597 -0.000633065182 1.91428711e-05 9.44781778e-05 -3.0095883e-06 1.36430684e-06 -1.759562e-07 5.12275743e-07 0.00011100016 0.00276396824 -0.00298814104 7.30735181e-06 7.65476359e-06 -9.7815699e-06 9.89522435e-06 -3.70758803e-07 1.11160788e-06
31960 19000 -6.56169786e-05 0.000649859951 -0.000629126397 2.00836488e-05 0.000106253816 -2.95890754e-06 1.2254906e-06 -1.86916395e-07 5.0378727e-07 0.000133645888 0.00309818486 -0.00332369674 8.0904112e-06 9.22698615e-06 -1.0807142e-05 1.07860856e-05 -3.74016633e-07 1.13086497e-06
32461 19000 -7.75531661e-05 0.000659811256 -0.000617655204 2.06937553e-05 0.000118059313 -2.8582203e-06 1.06169883e-06 -1.97699643e-07 4.96343633e-07 0.000156706972 0.00343880867 -0.00365599798 8.92526683e-06 1.09746477e-05 -1.17565301e-05 1.16158952e-05 -3.78553109e-07 1.13723809e-06
32962 19000 -8.85306561e-05 0.000665823262 -0.00059873298 2.09200261e-05 0.000129709748 -2.70923305e-06 8.76402531e-07 -2.08850385e-07 4.91915646e-07 0.000179669144 0.00378387738 -0.00398126522 9.7903816e-06 1.28688246e-05 -1.26075286e-05 1.23711793e-05 -3.84219102e-07 1.13087886e-06
33462 19000 -9.93355123e-05 0.000668050895 -0.000572465679 2.07187663e-05 0.000141022588 -2.51463422e-06 6.73162619e-07 -2.20986341e-07 4.92300087e-07 0.000203051984 0.00413150248 -0.00429575303 1.0658478e-05 1.48753201e-05 -1.33396169e-05 1.30398093e-05 -3.90847072e-07 1.11231649e-06
33963 19000 -0.000110783423 0.000666643794 -0.00053898421 2.00593956e-05 0.000151822291 -2.2780841e-06 4.55612054e-07 -2.34845045e-07 4.99082245e-07 0.000227396875 0.00447986624 -0.004595762 1.14966822e-05 1.69554094e-05 -1.39342962e-05 1.36110764e-05 -3.98259421e-07 1.08242588e-06
34464 19000 -0.000120722878 0.000661745976 -0.000498445437 1.89273542e-05 0.000161944169 -2.00423214e-06 2.2738821e-07 -2.51182611e-07 5.13534361e-07 0.000252255929 0.00482721842 -0.00487765125 1.22668165e-05 1.90665703e-05 -1.43754229e-05 1.40757732e-05 -4.06281918e-07 1.04239651e-06
34964 19000 -0.000131037291 0.000653495575 -0.000451032943 1.73268587e-05 0.000171237948 -1.69868443e-06 -7.94202661e-09 -2.70678474e-07 5.36533143e-07 0.000277178189 0.00517187291 -0.00513785156 1.29258586e-05 2.1163202e-05 -1.46495278e-05 1.44262467e-05 -4.14742611e-07 9.93685273e-07
35465 19000 -0.000139648817 0.000642024752 -0.000396957698 1.52836128e-05 0.000179571135 -1.3679589e-06 -2.4689572e-07 -2.93893019e-07 5.68519773e-07 0.00030169979 0.00551220436 -0.00537287906 1.34265158e-05 2.31972874e-05 -1.47461137e-05 1.46564325e-05 -4.23469597e-07 9.37955503e-07
35966 19000 -0.000148526544 0.000627459787 -0.000336458459 1.28478152e-05 0.000186832464 -1.01942682e-06 -4.85953557e-07 -3.21385432e-07 6.09554486e-07 0.000327324642 0.00584664484 -0.00557934933 1.37180346e-05 2.51190995e-05 -1.46579158e-05 1.47618849e-05 -4.32300363e-07 8.7702375e-07
36467 19000 -0.000155688769 0.00060992127 -0.000269802267 1.00961147e-05 0.000192934595 -6.61219685e-07 -7.21534414e-07 -3.53691638e-07 6.59323599e-07 0.000353515828 0.00617368056 -0.00575399204 1.37471052e-05 2.68778661e-05 -1.43811462e-05 1.47398072e-05 -4.41070254e-07 8.12789906e-07
36967 19000 -0.000162197064 0.000589524421 -0.000197285264 7.13194826e-06 0.000197815768 -3.02113858e-07 -9.50116684e-07 -3.9105618e-07 7.17040438e-07 0.000378677999 0.00649184883 -0.00589366626 1.3458921e-05 2.8422379e-05 -1.39157138e-05 1.45891036e-05 -4.49609914e-07 7.4716194e-07
37468 19000 -0.000169167225 0.000566379703 -0.000119232543 4.08741524e-06 0.000201442408 4.86092268e-08 -1.16801264e-06 -4.33669559e-07 7.81608362e-07 0.00040514407 0.00679973538 -0.00599537591 1.27984492e-05 2.97016611e-05 -1.32653662e-05 1.43104301e-05 -4.5774685e-07 6.81986204e-07
37969 19000 -0.000174766867 0.000540593578 -3.59982626e-05 1.12330706e-06 0.000203810637 3.8129397e-07 -1.37130969e-06 -4.81635031e-07 8.51669949e-07 0.000431163318 0.00709597182 -0.00605628542 1.17116529e-05 3.06655496e-05 -1.24377835e-05 1.39062589e-05 -4.65277095e-07 6.18976733e-07
38469 19000 -0.000180212284 0.000512269421 5.20344027e-05 -1.57186704e-06 0.000204947185 6.86074686e-07 -1.55585331e-06 -5.34878196e-07 9.25640612e-07 0.000457882361 0.00737923385 -0.00607373578 1.01470149e-05 3.12653459e-05 -1.14446318e-05 1.33809921e-05 -4.7199945e-07 5.59666344e-07
38970 19000 -0.000185775223 0.000481508686 0.000144453919 -3.7828937e-06 0.000204910352 9.53044601e-07 -1.71711441e-06 -5.93228139e-07 1.00183725e-06 0.000484340671 0.0076482401 -0.00604526041 8.0569103e-06 3.14543495e-05 -1.03015414e-05 1.27410474e-05 -4.77695629e-07 5.05330051e-07
39471 19000 -0.000190772267 0.000448412242 0.000240821147 -5.27008134e-06 0.000203790228 1.17241303e-06 -1.85014628e-06 -6.5640604e-07 1.07856887e-06 0.000511449744 0.00790175132 -0.00596860081 5.39915079e-06 3.11885495e-05 -9.02796781e-06 1.19950858e-05 -4.82177255e-07 4.57005497e-07
39972 19000 -0.000196572128 0.000413081873 0.00034067066 -5.77186085e-06 0.00020170869 1.33467408e-06 -1.94948424e-06 -7.24119774e-07 1.15427736e-06 0.000538984827 0.0081385706 -0.005841722 2.13851404e-06 3.04274574e-05 -7.64718509e-06 1.11543872e-05 -4.85339685e-07 4.15295626e-07
40472 19000 -0.000203584824 0.000375621979 0.000443512245 -5.00885433e-06 0.000198818524 1.43068608e-06 -2.00914394e-06 -7.95985881e-07 1.22750139e-06 0.000566573072 0.0083575445 -0.00566282719 -1.75196484e-06 2.91348317e-05 -6.18607366e-06 1.02329812e-05 -4.8706753e-07 3.80407701e-07
40973 19000 -0.00021126124 0.000336141429 0.000548833148 -2.68800402e-06 0.000195302404 1.45181291e-06 -2.02262671e-06 -8.71572335e-07 1.29703218e-06 0.000594680598 0.008557565 -0.00543037154 -6.28986895e-06 2.72793121e-05 -4.6747221e-06 9.24780221e-06 -4.87210077e-07 3.52358442e-07
41474 19000 -0.000219089376 0.000294755463 0.000656100774 1.49222311e-06 0.000191371076 1.39001613e-06 -1.98298913e-06 -9.50363989e-07 1.36200223e-06 0.000622629212 0.00873757253 -0.00514307501 -1.14821881e-05 2.4835275e-05 -3.14627427e-06 8.21911185e-06 -4.85700713e-07 3.30839389e-07
41974 19000 -0.000229586361 0.000251587746 0.000764765798 7.83648681e-06 0.000187261167 1.2379e-06 -1.88286939e-06 -1.03178791e-06 1.42197555e-06 0.000651528004 0.00889656031 -0.00479993369 -1.73243496e-05 2.17837284e-05 -1.63670805e-06 7.17087151e-06 -4.82609938e-07 3.1519872e-07
42475 19000 -0.000242295461 0.000206772386 0.000874265864 1.66464056e-05 0.000183232189 9.88742963e-07 -1.7146652e-06 -1.11514005e-06 1.47701372e-06 0.000680359066 0.00903357957 -0.00440022944 -2.37997002e-05 1.81131408e-05 -1.84603845e-07 6.13103984e-06 -4.78166004e-07 3.04478525e-07
42976 19000 -0.000256774671 0.000160455829 0.000984029999 2.82141412e-05 0.00017956295 6.36529943e-07 -1.47082622e-06 -1.19950647e-06 1.52774664e-06 0.000709896735 0.00914774608 -0.00394353751 -3.08791588e-05 1.38203545e-05 1.16900329e-06 5.13180746e-06 -4.72792806e-07 2.97425486e-07
43477 19000 -0.00027459039 0.000112798694 0.00109348329 4.28158386e-05 0.000176547294 1.75982576e-07 -1.14415412e-06 -1.28366069e-06 1.5754348e-06 0.000738761985 0.00923824782 -0.0034297316 -3.85214022e-05 8.91140305e-06 2.38072143e-06 4.20967204e-06 -4.67110835e-07 2.92499516e-07
43977 19000 -0.000294310779 6.39773217e-05 0.00120205229 6.07054551e-05 0.000174489427 -3.97363063e-07 -7.28187948e-07 -1.36602334e-06 1.62206934e-06 0.000768378394 0.00930435368 -0.00285898656 -4.66732991e-05 3.40231835e-06 3.40484986e-06 3.40536765e-06 -4.61959661e-07 2.87896734e-07
44478 19000 -0.000318491939 1.41850373e-05 0.00130917066 8.21094333e-05 0.000173698972 -1.08703648e-06 -2.17505265e-07 -1.44473804e-06 1.67052647e-06 0.000799013003 0.00934542315 -0.0022317781 -5.52708442e-05 -2.68022281e-06 4.19338936e-06 2.76358972e-06 -4.58379788e-07 2.81571665e-07
44979 19000 -0.000344685271 -3.63672215e-05 0.00141428516 0.000107219966 0.000174484474 -1.89548393e-06 3.91648683e-07 -1.51734756e-06 1.72452848e-06 0.000828790774 0.00936091661 -0.00154887883 -6.42405367e-05 -9.29843306e-06 4.69609849e-06 2.33231881e-06 -4.575664e-07 2.71263329e-07
45479 19000 -0.000375398854 -8.74506654e-05 0.001516862 0.000136190958 0.000177147657 -2.82381944e-06 1.10103961e-06 -1.58092142e-06 1.78879193e-06 0.000859672428 0.00935040621 -0.000811351573 -7.35009926e-05 -1.64031488e-05 4.86058913e-06 2.16196747e-06 -4.60816027e-07 2.54544198e-07
45980 19000 -0.000411110994 -0.000138819004 0.00161639276 0.000169134562 0.000181977225 -3.87155298e-06 1.91022766e-06 -1.63213778e-06 1.86912311e-06 0.000890473269 0.00931358681 -2.05389788e-05 -8.29650948e-05 -2.39339475e-05 4.63257735e-06 2.30416052e-06 -4.6941022e-07 2.28886217e-07
46481 19000 -0.000449252191 -0.000190209887 0.00171240104 0.000206117585 0.000189241966 -5.03624394e-06 2.81608171e-06 -1.66716934e-06 1.97236866e-06 0.000920916577 0.00925028652 0.000821950731 -9.2542358e-05 -3.18195921e-05 3.95636056e-06 2.81019372e-06 -4.84525555e-07 1.91746906e-07
46982 19000 -0.000493192953 -0.000241346686 0.00180444818 0.000247160801 0.000199184971 -6.31318846e-06 3.81287826e-06 -1.68197924e-06 2.10648194e-06 0.000951616256 0.0091604767 0.00171426079 -0.000102141452 -3.99788992e-05 2.77553029e-06 3.72942119e-06 -5.07133324e-07 1.40680243e-07
47482 19000 -0.000540261315 -0.00029194126 0.00189213894 0.000292238714 0.000212017764 -7.69512478e-06 4.8923482e-06 -1.67250366e-06 2.28043945e-06 0.000982100808 0.00904428059 0.00265430679 -0.00011167284 -4.8322058e-05 1.03402637e-06 5.10749452e-06 -5.3788866e-07 7.34747344e-08
47983 19000 -0.000592699397 -0.00034169754 0.00197512669 0.000341280713 0.0002279151 -9.17200973e-06 6.04387212e-06 -1.63490355e-06 2.50407218e-06 0.00101284463 0.00890198038 0.00363980064 -0.00012105128 -5.67522901e-05 -1.32255011e-06 6.98474813e-06 -5.77081432e-07 -1.16873275e-08
48484 19000 -0.000648675571 -0.000390315735 0.00205311769 0.00039417358 0.000247010642 -1.07309172e-05 7.25490755e-06 -1.56585448e-06 2.78779508e-06 0.00104328448 0.00873402201 0.00466827725 -0.000130198222 -6.51679737e-05 -4.34541913e-06 9.39472643e-06 -6.24606675e-07 -1.16075312e-07
48984 19000 -0.000709292265 -0.000437497365 0.00212587467 0.000450764739 0.000269393401 -1.23560715e-05 8.51142283e-06 -1.46272261e-06 3.14217761e-06 0.00107283918 0.00854101732 0.00573712412 -0.000139043995 -7.34651061e-05 -8.08100512e-06 1.23629564e-05 -6.8000074e-07 -2.40257256e-07
49485 19000 -0.000774577554 -0.000482950596 0.00219321933 0.00051086721 0.000295105809 -1.40290815e-05 9.79861409e-06 -1.32382997e-06 3.5775013e-06 0.00110193925 0.00832374337 0.00684361243 -0.000147529535 -8.15399965e-05 -1.25692005e-05 1.59060665e-05 -7.42465588e-07 -3.84035836e-07
49986 19000 -0.000843449012 -0.000526396091 0.00225503443 0.000574265375 0.000324143121 -1.57292755e-05 1.11015252e-05 -1.14859954e-06 4.10328136e-06 0.00113107182 0.00808313863 0.00798492923 -0.00015560746 -8.92921182e-05 -1.78415415e-05 2.00314252e-05 -8.1083741e-07 -5.46306252e-07
50486 19000 -0.000915790716 -0.000567573086 0.00231126413 0.000640720351 0.000356453567 -1.74342335e-05 1.24056301e-05 -9.37351562e-07 4.72774798e-06 0.00115869226 0.00782029509 0.00915821095 -0.00016324291 -9.66270297e-05 -2.3919808e-05 2.47371315e-05 -8.83922144e-07 -7.24996645e-07
50987 19000 -0.000992392466 -0.000606245406 0.00236191359 0.000709976653 0.000391940541 -1.91205288e-05 1.3697537e-05 -6.91337396e-07 5.45748121e-06 0.00118632324 0.00753644707 0.0103605768 -0.00017041369 -0.000103459098 -3.08148898e-05 3.00124253e-05 -9.60800789e-07 -9.17262147e-07
51488 19000 -0.00107197594 -0.00064220741 0.0024070474 0.000781768339 0.000430465663 -2.07644741e-05 1.49654223e-05 -4.12499622e-07 6.29703354e-06 0.00121182341 0.00723295666 0.0115891619 -0.000177109922 -0.000109714082 -3.85257766e-05 3.58384092e-05 -1.04075826e-06 -1.11969183e-06
51989 19000 -0.00115520822 -0.000675289601 0.00244678719 0.000855825194 0.000471853155 -2.23429579e-05 1.61994326e-05 -1.03239236e-07 7.24870277e-06 0.00123695966 0.00691129576 0.0128411488 -0.000183333147 -0.000115331218 -4.70390961e-05 4.21891966e-05 -1.12338108e-06 -1.32849022e-06
52489 19000 -0.00123971877 -0.000705363605 0.00248130859 0.000931879193 0.00051589569 -2.38342919e-05 1.73919977e-05 2.33684996e-07 8.31250091e-06 0.00126154311 0.00657302496 0.014113798 -0.000189095234 -0.000120264893 -5.63291264e-05 4.90333753e-05 -1.20858754e-06 -1.53969896e-06
52990 19000 -0.00132811221 -0.000732346432 0.00251083606 0.00100966878 0.000562360134 -2.5219125e-05 1.85378483e-05 5.95635715e-07 9.48605734e-06 0.00128466939 0.00621976927 0.0154044765 -0.000194416775 -0.000124485613 -6.63582493e-05 5.63355708e-05 -1.29666957e-06 -1.749377e-06
53491 19000 -0.00141795239 -0.000756203913 0.00253563798 0.00108894383 0.000610994749 -2.64812365e-05 1.96339881e-05 9.80226639e-07 1.07648129e-05 0.00130755504 0.00585319175 0.0167106834 -0.00019932542 -0.000127980419 -7.70779363e-05 6.40582847e-05 -1.38822262e-06 -1.95384624e-06
53991 19000 -0.00150881653 -0.000776953085 0.00255602106 0.00116946934 0.000661536402 -2.76081918e-05 2.06792894e-05 1.38554349e-06 1.21422719e-05 0.00132953761 0.00547496575 0.0180300721 -0.000203854319 -0.000130753065 -8.84304147e-05 7.21635782e-05 -1.48396769e-06 -2.14991405e-06
54492 19000 -0.00160226806 -0.000794662927 0.0025723225 0.00125102746 0.0007137173 -2.85919822e-05 2.16740058e-05 1.81044841e-06 1.36102982e-05 0.00134996374 0.00508674589 0.0193604695 -0.000208040278 -0.000132823471 -0.000100350775 8.06144222e-05 -1.58469719e-06 -2.33502892e-06
54993 19000 -0.00169688669 -0.000809454214 0.00258490358 0.00133342008 0.000767272464 -2.94292891e-05 2.26191626e-05 2.25443656e-06 1.51596163e-05 0.0013704019 0.0046901383 0.0206998913 -0.000211922186 -0.000134226535 -0.000112769421 8.93758923e-05 -1.69114118e-06 -2.50745629e-06
55494 19000 -0.00179227463 -0.000821497775 0.00259414236 0.00141646992 0.000821946324 -3.01214042e-05 2.35158182e-05 2.71746304e-06 1.6780258e-05 0.0013906124 0.00428667158 0.0220465524 -0.000215539735 -0.000135010191 -0.000125615097 9.84155012e-05 -1.80337371e-06 -2.66644113e-06
55994 19000 -0.00188907439 -0.000831010392 0.00260042482 0.00150002012 0.000877498635 -3.06744052e-05 2.43642324e-05 3.20020004e-06 1.84616739e-05 0.001410373 0.0038777685 0.023398875 -0.000218932525 -0.000135234026 -0.000138816803 0.000107703289 -1.92123611e-06 -2.8115741e-06
56495 19000 -0.00198595796 -0.000838249261 0.00260413769 0.00158393409 0.000933709705 -3.10984367e-05 2.51634693e-05 3.70335378e-06 2.0193382e-05 0.00143047225 0.00346471947 0.0247554908 -0.000222139274 -0.000134967494 -0.00015230632 0.00011721133 -2.04392859e-06 -2.94292764e-06
56996 19000 -0.00208362216 -0.000843504461 0.00260566113 0.00166809381 0.000990383986 -3.14069958e-05 2.591107e-05 4.22760121e-06 2.19652746e-05 0.00144979023 0.00304866066 0.0261152379 -0.000225197137 -0.000134286173 -0.000166021512 0.000126912046 -2.16931488e-06 -3.06143382e-06
57496 19000 -0.00218182961 -0.000847088812 0.00260536138 0.00175239844 0.00104735373 -3.16165771e-05 2.66030457e-05 4.77345641e-06 2.3767635e-05 0.00146930205 0.00263055574 0.0274771536 -0.000228142616 -0.000133269107 -0.00017990729 0.000136776624 -2.29496764e-06 -3.16836136e-06
57997 19000 -0.00227937717 -0.000849325148 0.00260358512 0.00183676288 0.00110448218 -3.17459098e-05 2.7234533e-05 5.34069635e-06 2.55911509e-05 0.00148907867 0.00221118246 0.0288404641 -0.000231013495 -0.0001319968 -0.000193916788 0.000146773355 -2.4179234e-06 -3.26574154e-06
58498 19000 -0.0023770814 -0.000850530498 0.00260065463 0.00192111659 0.00116166564 -3.18153959e-05 2.78011963e-05 5.92805302e-06 2.74269321e-05 0.00150999316 0.00179112676 0.0302045703 -0.000233848864 -0.000130546526 -0.00020801223 0.000156866443 -2.53482678e-06 -3.35587814e-06
58999 19000 -0.00247378711 -0.000850997845 0.00259686402 0.00200540356 0.00121883337 -3.18442742e-05 2.83020254e-05 6.53306035e-06 2.92673931e-05 0.00153011577 0.00137078562 0.0315690346 -0.000236686133 -0.00012897718 -0.000222165026 0.000167015499 -2.64184505e-06 -3.44219383e-06
59499 19000 -0.00256834666 -0.000850968937 0.00259247797 0.0020895749 0.00127594703 -3.1841812e-05 2.87449322e-05 7.15326338e-06 3.11063512e-05 0.00155123339 0.000950357698 0.0329335656 -0.000239537008 -0.000127298515 -0.000236356384 0.000177179662 -2.73835174e-06 -3.52757356e-06
60000 19000 -0.00266161499 -0.000850565582 0.00258770336 0.00217359019 0.00133297931 -3.17913361e-05 2.91405311e-05 7.78519861e-06 3.29398842e-05 0.00157191885 0.000529707566 0.0342981035 -0.000242263607 -0.00012543166 -0.000250589321 0.000187304748 -2.83980659e-06 -3.60570797e-06
60000 19500 -0.00268212811 -0.000430106572 0.00122550389 0.00217612206 0.0013308246 -1.76783875e-05 1.92114003e-05 7.89558842e-06 3.29847751e-05 0.00148536247 0.000531262192 0.0342924885 -0.000159281787 -6.90698128e-05 -0.000250317395 0.000187613309 -2.18924162e-06 -1.87354235e-06
60000 20000 -0.00270063361 -9.83804002e-06 -0.000136493096 0.00217862058 0.00132884663 -3.54222241e-06 9.33786321e-06 8.00732038e-06 3.30269337e-05 0.00139781102 0.000532562206 0.0342870567 -7.63145114e-05 -1.27870684e-05 -0.0002501013 0.000187921625 -1.54594853e-06 -1.40046142e-07
60000 20500 -0.00271808041 0.000410427167 -0.00149851681 0.00218110145 0.00132703037 1.05935386e-05 -5.4439209e-07 8.12863653e-06 3.30663448e-05 0.00131141562 0.000533431219 0.0342819972 6.64575995e-06 4.35053296e-05 -0.000249964137 0.000188251826 -9.03094553e-07 1.59136254e-06
60000 21000 -0.00273457644 0.00083088106 -0.00286077067 0.00218355506 0.00132537656 2.47022352e-05 -1.04911457e-05 8.25147345e-06 3.31024023e-05 0.00122500994 0.000534045986 0.0342771188 8.96117731e-05 9.9889718e-05 -0.000249883642 0.00018858159 -2.53496241e-07 3.31794589e-06
59499 21000 -0.00264037414 0.000829071529 -0.00285526334 0.00209952277 0.00126835746 2.44077296e-05 -1.08281412e-05 7.61442261e-06 3.12661543e-05 0.00121024662 0.000954695301 0.0329125161 9.18790254e-05 9.79186694e-05 -0.000235660246 0.000178419422 -1.16259355e-07 3.32133688e-06
58999 21000 -0.00254473619 0.000826892273 -0.00284942425 0.00201532595 0.00121127022 2.40650775e-05 -1.11399877e-05 6.98811896e-06 2.94232898e-05 0.00119565634 0.00137512713 0.0315479034 9.40147424e-05 9.57500875e-05 -0.000221475281 0.000168210523 2.75392163e-08 3.31701147e-06
58498 21000 -0.00244870001 0.00082422172 -0.00284303344 0.00193100066 0.00115415477 2.36907529e-05 -1.1411049e-05 6.37570838e-06 2.7577517e-05 0.00118109623 0.00179548055 0.030183369 9.61565669e-05 9.34692686e-05 -0.000207328092 0.000158021222 1.61420466e-07 3.31243254e-06
57997 21000 -0.00235031752 0.000820818435 -0.00283581616 0.00184659086 0.00109706141 2.32781596e-05 -1.16271792e-05 5.77864457e-06 2.57345932e-05 0.00116567013 0.00221555642 0.0288192066 9.82846028e-05 9.10824596e-05 -0.000193241847 0.000147891029 2.84387558e-07 3.30332578e-06
57496 21000 -0.00225267188 0.000816388814 -0.0028274698 0.00176214879 0.00104007214 2.28112215e-05 -1.17833276e-05 5.19861029e-06 2.39018075e-05 0.00115165183 0.00263495686 0.0274558509 0.000100350709 8.85542156e-05 -0.000179247658 0.000137857537 3.97865619e-07 3.28446124e-06
56996 21000 -0.00215386529 0.000810614325 -0.0028176668 0.00167774208 0.000983301446 2.22735798e-05 -1.18778827e-05 4.63631129e-06 2.20877033e-05 0.00113620659 0.0030530944 0.0260938975 0.000102302207 8.58373888e-05 -0.000165384554 0.000127953688 5.02487224e-07 3.25114622e-06
56495 21000 -0.00205600818 0.000803170069 -0.00280605712 0.00159345392 0.00092689553 2.16508937e-05 -1.1910136e-05 4.09172421e-06 2.03016895e-05 0.00112237841 0.0034691898 0.0247341195 0.000104086635 8.28868506e-05 -0.000151700834 0.00011820909 5.98252681e-07 3.1996861e-06
55994 21000 -0.00195821425 0.000793741115 -0.0027922731 0.00150938467 0.000871030262 2.09316183e-05 -1.18785976e-05 3.56443698e-06 1.855377e-05 0.00110840889 0.00388227782 0.0233774796 0.000105651585 7.96636741e-05 -0.000138252211 0.000108651599 6.85353218e-07 3.12691544e-06
55494 21000 -0.00186158652 0.000782035497 -0.00277593566 0.00142565298 0.00081590746 2.01075817e-05 -1.17805976e-05 3.05417479e-06 1.68544627e-05 0.00109543299 0.00429122113 0.0220251399 0.000106943696 7.61358016e-05 -0.000125101882 9.9308175e-05 7.63536386e-07 3.03076855e-06
54993 21000 -0.00176621505 0.000767794731 -0.00275666114 0.00134239738 0.000761751065 1.91739817e-05 -1.16123992e-05 2.56061867e-06 1.52149474e-05 0.0010817756 0.00469472756 0.02067847 0.000107909046 7.22807276e-05 -0.000112318633 9.020665e-05 8.31715201e-07 2.91053432e-06
54492 21000 -0.00167118033 0.000750801157 -0.00273406748 0.0012597779 0.00070880383 1.81305583e-05 -1.13694303e-05 2.08385644e-06 1.36463248e-05 0.00106956042 0.00509137196 0.0193390495 0.000108494562 6.80880971e-05 -9.99732664e-05 8.13773677e-05 8.88830815e-07 2.7661222e-06
53991 21000 -0.00157854713 0.000730884319 -0.00270778254 0.00117797656 0.000657321714 1.69815439e-05 -1.10469221e-05 1.62449667e-06 1.21592648e-05 0.00105738462 0.00547962329 0.0180086648 0.000108649062 6.35594411e-05 -8.81369996e-05 7.2853507e-05 9.3360866e-07 2.59849346e-06
53491 21000 -0.00148836276 0.000707924813 -0.00267745217 0.00109719638 0.000607567494 1.57356171e-05 -1.06408266e-05 1.18383505e-06 1.07635441e-05 0.00104556009 0.00585787244 0.0166893027 0.000108324986 5.87091594e-05 -7.68786711e-05 6.46711505e-05 9.64754948e-07 2.40979232e-06
52990 21000 -0.00139965884 0.000681856398 -0.00264274742 0.00101766055 0.000559804341 1.44057191e-05 -1.01486563e-05 7.63845927e-07 9.46766575e-06 0.00103376871 0.00622446162 0.0153831388 0.00010748006 5.35648527e-05 -6.62619698e-05 5.68687352e-05 9.81335793e-07 2.20316607e-06
52489 21000 -0.00131244895 0.000652666464 -0.0026033717 0.000939610285 0.000514288777 1.30085353e-05 -9.57027129e-06 3.67127557e-07 8.27844438e-06 0.00102241012 0.00657771407 0.0140925227 0.000106079243 4.81673153e-05 -5.63430246e-05 4.94858944e-05 9.82848328e-07 1.98254154e-06
51989 21000 -0.00122873392 0.000620395312 -0.00255906775 0.000863301924 0.000471263733 1.15636587e-05 -8.90826732e-06 -3.32637139e-09 7.20066199e-06 0.00101142851 0.00691596305 0.0128199588 0.000104096651 4.25698169e-05 -4.71682733e-05 4.25619145e-05 9.69268774e-07 1.75242261e-06
51488 21000 -0.001147497 0.000585133959 -0.00250962379 0.000789002502 0.000430951226 1.00927186e-05 -8.16840812e-06 -3.44242578e-07 6.23678465e-06 0.000999680799 0.00723757961 0.0115680837 0.000101517081 3.68367295e-05 -3.87728675e-05 3.61337692e-05 9.41172996e-07 1.51762987e-06
50987 21000 -0.00106870398 0.000547020597 -0.00245487853 0.000716985595 0.000393546009 8.61839082e-06 -7.35969705e-06 -6.52473144e-07 5.38693561e-06 0.000989026649 0.00754099938 0.0103396407 9.8337464e-05 3.1042096e-05 -3.11798238e-05 3.02344227e-05 8.99720256e-07 1.28305839e-06
50486 21000 -0.000994305284 0.000506236506 -0.00239472629 0.000647525624 0.000359209404 7.16334225e-06 -6.49416148e-06 -9.2521391e-07 4.64886546e-06 0.000977672631 0.00782474681 0.00913745182 9.45678961e-05 2.52676632e-05 -2.43995913e-05 2.48911643e-05 8.46604761e-07 1.05346351e-06
49986 21000 -0.000923237501 0.000463000909 -0.00232912049 0.000580891534 0.000328064049 5.74928503e-06 -5.58657114e-06 -1.16017989e-06 4.01803547e-06 0.000966640862 0.00808745643 0.00796438711 9.0232299e-05 1.96003957e-05 -1.84301705e-05 2.01240579e-05 7.83960616e-07 8.3325648e-07
49485 21000 -0.0008554248 0.0004175651 -0.0022580757 0.000517341167 0.000300190371 4.39610659e-06 -4.65377271e-06 -1.35600924e-06 3.48795828e-06 0.000956275821 0.00832789114 0.00682333232 8.53684271e-05 1.41297203e-05 -1.32577416e-05 1.59447772e-05 7.14274767e-07 6.26319711e-07
48984 21000 -0.000791776205 0.000370206615 -0.00218166989 0.000457113874 0.000275623198 3.12115362e-06 -3.71413243e-06 -1.51222643e-06 3.0504448e-06 0.000944843451 0.0085449567 0.00571715611 8.00275044e-05 8.94467525e-06 -8.85776307e-06 1.23557419e-05 6.40358316e-07 4.35721715e-07
48484 21000 -0.000732192561 0.000321222739 -0.00210004455 0.000400424617 0.00025435051 1.93860308e-06 -2.78665715e-06 -1.62936085e-06 2.69603641e-06 0.000933742752 0.00873771327 0.00464867623 7.42731298e-05 4.13109468e-06 -5.19620123e-06 9.349703e-06 5.64922584e-07 2.63612972e-07
47983 21000 -0.000677573819 0.000270924133 -0.00201340377 0.000347458329 0.000236313547 8.59139569e-07 -1.89004212e-06 -1.70911045e-06 2.41451035e-06 0.000922372956 0.0089053831 0.00362062561 6.81796299e-05 -2.31053968e-07 -2.23112798e-06 6.90967879e-06 4.90342916e-07 1.11378138e-07
47482 21000 -0.000626815648 0.000219628722 -0.00192201271 0.000298363926 0.00022140757 -1.10156585e-07 -1.04199818e-06 -1.75408451e-06 2.19530677e-06 0.000910169725 0.00904735444 0.00263562027 6.18302117e-05 -4.07008716e-06 8.53433896e-08 5.00942312e-06 4.1876624e-07 -2.02924729e-08
46982 21000 -0.000580815261 0.000167655703 -0.0018261941 0.000253250627 0.000209484818 -9.65752528e-07 -2.58304181e-07 -1.76778398e-06 2.02807554e-06 0.000898539609 0.00916318238 0.00169612754 5.53145355e-05 -7.32466051e-06 1.80530787e-06 3.61446666e-06 3.51970719e-07 -1.31356014e-07
46481 21000 -0.000538473694 0.000115320271 -0.00172632456 0.00021218423 0.00020035787 -1.7073649e-06 4.47786998e-07 -1.75426701e-06 1.90301509e-06 0.000885895797 0.00925258659 0.000804436821 4.87260388e-05 -9.94539852e-06 2.98340626e-06 2.68333157e-06 2.91332538e-07 -2.22309993e-07
45980 21000 -0.000500697707 6.29289953e-05 -0.00162282988 0.000175184576 0.000193803993 -2.33749768e-06 1.06595301e-06 -1.71778633e-06 1.81110593e-06 0.000872603689 0.00931544641 -3.7367181e-05 4.21592563e-05 -1.18959783e-05 3.67532227e-06 2.16906584e-06 2.37804105e-07 -2.94072712e-07
45479 21000 -0.000467406728 1.07758377e-05 -0.00151617936 0.000142224893 0.000189570651 -2.86091944e-06 1.58918312e-06 -1.66258888e-06 1.74429784e-06 0.000857970982 0.0093517938 -0.000827428664 3.57070215e-05 -1.31538519e-05 3.93650003e-06 2.02098977e-06 1.91940733e-07 -3.4786248e-07
44979 21000 -0.000438533044 -4.08610447e-05 -0.00140687939 0.000113232457 0.000187381521 -3.28406196e-06 2.01385713e-06 -1.59275541e-06 1.69560551e-06 0.000843236082 0.00936180461 -0.00156414159 2.94579581e-05 -1.3710428e-05 3.82114735e-06 2.18653409e-06 1.53923757e-07 -3.85056056e-07
44478 21000 -0.000412029875 -9.17216595e-05 -0.0012954667 8.80902334e-05 0.000186942668 -3.61440827e-06 2.33955096e-06 -1.51203486e-06 1.65910329e-06 0.000827531694 0.00934578858 -0.002246167 2.34940952e-05 -1.35708986e-05 3.38158797e-06 2.6129477e-06 1.23654512e-07 -4.07095788e-07
43977 21000 -0.000389871093 -0.00014156556 -0.00118250211 6.66392708e-05 0.000187948594 -3.85993532e-06 2.56868526e-06 -1.42365847e-06 1.62982776e-06 0.000810883977 0.00930417858 -0.0028724468 1.78889148e-05 -1.27536664e-05 2.66790978e-06 3.24879538e-06 1.00840648e-07 -4.1541662e-07
43477 21000 -0.00037105233 -0.000190172613 -0.00106856321 4.86833866e-05 0.000190088936 -4.02868826e-06 2.70624922e-06 -1.33047354e-06 1.60378136e-06 0.000794190833 0.00923751966 -0.00344221431 1.27057106e-05 -1.12895054e-05 1.72778801e-06 4.04525045e-06 8.50663218e-08 -4.11408416e-07
42976 21000 -0.000355591325 -0.000237343016 -0.000954238159 3.39931191e-05 0.000193053985 -4.12838898e-06 2.75906462e-06 -1.23476018e-06 1.57775909e-06 0.000775196814 0.00914645802 -0.00395500096 7.99625867e-06 -9.2205408e-06 6.0648479e-07 4.95698252e-06 7.58795955e-08 -3.96412892e-07
42475 21000 -0.000341528167 -0.000282896737 -0.000840118957 2.23114742e-05 0.00019654047 -4.16621762e-06 2.73526702e-06 -1.13832347e-06 1.54928697e-06 0.000755528783 0.00903173059 -0.00441063967 3.80008947e-06 -6.59898697e-06 -6.53082531e-07 5.94275581e-06 7.2812963e-08 -3.71731003e-07
41974 21000 -0.000330929772 -0.000326672455 -0.000726794671 1.33609557e-05 0.000200257345 -4.14873567e-06 2.64400204e-06 -1.04278269e-06 1.51664464e-06 0.000735616365 0.00889415531 -0.00480926547 1.44032636e-07 -3.48585028e-06 -2.01028425e-06 6.96579157e-06 7.5411635e-08 -3.38642114e-07
41474 21000 -0.000321883247 -0.000368526024 -0.000614846776 6.84858713e-06 0.000203929738 -4.08181494e-06 2.4947194e-06 -9.49363199e-07 1.47866475e-06 0.000713765186 0.00873462232 -0.00515131245 -2.95777679e-06 5.04308791e-08 -3.42673176e-06 7.99376938e-06 8.32479654e-08 -2.98423935e-07
40973 21000 -0.000314495218 -0.000408328726 -0.000504843667 2.47256522e-06 0.000207303181 -3.97068653e-06 2.2967943e-06 -8.59021613e-07 1.43469817e-06 0.00069107947 0.00855408618 -0.00543750854 -5.50352149e-06 3.93539585e-06 -4.86630675e-06 8.99871758e-06 9.58976867e-08 -2.52357465e-07
40472 21000 -0.000307890854 -0.000445965304 -0.000397335723 -7.09420906e-08 0.000210147411 -3.82004638e-06 2.05935943e-06 -7.72623138e-07 1.38460751e-06 0.000667526808 0.00835355942 -0.00566886786 -7.50311325e-06 8.08995495e-06 -6.29525116e-06 9.95677502e-06 1.12945478e-07 -2.01730142e-07
39972 21000 -0.000302217339 -0.000481331898 -0.000292851434 -1.0819486e-06 0.000212259186 -3.63416188e-06 1.79107372e-06 -6.90958932e-07 1.32871229e-06 0.000643890544 0.00813410708 -0.00584668087 -8.97725587e-06 1.24317501e-05 -7.68240697e-06 1.08478783e-05 1.33930741e-07 -1.4774721e-07
39471 21000 -0.000297630317 -0.000514333858 -0.00019189478 -8.51991746e-07 0.000213464064 -3.41699046e-06 1.49985839e-06 -6.14580501e-07 1.26766327e-06 0.000617804181 0.00789684245 -0.00597250281 -9.95625001e-06 1.68765787e-05 -8.99918015e-06 1.16552584e-05 1.58347939e-07 -9.18282243e-08
38970 21000 -0.000292299372 -0.000544883689 -9.49419913e-05 3.41465544e-07 0.000213618484 -3.17220908e-06 1.19290537e-06 -5.43927359e-07 1.20232469e-06 0.000591748541 0.00764292387 -0.00604814082 -1.04786509e-05 2.1339645e-05 -1.02199115e-05 1.23651583e-05 1.85571609e-07 -3.53736522e-08
38469 21000 -0.000287408776 -0.000572899022 -2.43907748e-06 2.23987295e-06 0.000212611162 -2.90340459e-06 8.76798378e-07 -4.79496329e-07 1.13386214e-06 0.000565056338 0.0073735528 -0.00607564022 -1.05901401e-05 2.57366794e-05 -1.13222765e-05 1.29667176e-05 2.14959198e-07 2.05068652e-08
37969 21000 -0.000283148729 -0.000598300698 8.51990635e-05 4.60630753e-06 0.000210363213 -2.6141062e-06 5.57391028e-07 -4.21619066e-07 1.06357352e-06 0.000537924849 0.0070899725 -0.00605726925 -1.03417888e-05 2.9985418e-05 -1.22872102e-05 1.3451654e-05 2.45907653e-07 7.47175955e-08
37468 21000 -0.000276717087 -0.000621011023 0.000167589959 7.22866447e-06 0.000206828462 -2.3078459e-06 2.39912621e-07 -3.7051869e-07 9.92843132e-07 0.000510424886 0.00679346796 -0.00599550362 -9.78853222e-06 3.4006721e-05 -1.30991086e-05 1.38139858e-05 2.7778335e-07 1.26211554e-07
36967 21000 -0.000270312759 -0.000640952123 0.00024438374 9.92117559e-06 0.000201992747 -1.98818578e-06 -7.10741734e-08 -3.2617188e-07 9.23003283e-07 0.000481513574 0.0064853665 -0.00589301077 -8.9876965e-06 3.77256081e-05 -1.37459542e-05 1.40498284e-05 3.09930584e-07 1.74006673e-07
36467 21000 -0.000263141925 -0.000658044569 0.000315263951 1.25266571e-05 0.000195873693 -1.65875764e-06 -3.7141136e-07 -2.88528852e-07 8.55368376e-07 0.000454045245 0.00616703888 -0.00575263374 -7.99738619e-06 4.10723486e-05 -1.42193286e-05 1.4157259e-05 3.41662258e-07 2.172202e-07
35966 21000 -0.000254411047 -0.000672206097 0.000379947011 1.49166247e-05 0.000188519176 -1.32329433e-06 -6.57363646e-07 -2.57410782e-07 7.91116659e-07 0.000425784068 0.00583990123 -0.00557737516 -6.87516537e-06 4.39834244e-05 -1.4514397e-05 1.41362128e-05 3.72316239e-07 2.55087771e-07
35465 21000 -0.000245323039 -0.000683350482 0.000438181135 1.69903569e-05 0.000180005198 -9.8563292e-07 -9.25711607e-07 -2.32334637e-07 7.31146948e-07 0.000397417373 0.00550541741 -0.00537038137 -5.67663509e-06 4.64025366e-05 -1.46298568e-05 1.39884165e-05 4.01258978e-07 2.86980144e-07
34964 21000 -0.000235079719 -0.000691386695 0.000489746179 1.86750785e-05 0.000170434444 -6.49734772e-07 -1.17350278e-06 -2.12765319e-07 6.76143278e-07 0.000369567829 0.00516510174 -0.00513492675 -4.45426365e-06 4.8281466e-05 -1.45678166e-05 1.37173122e-05 4.27922022e-07 3.12408112e-07
34464 21000 -0.000222877527 -0.000696218133 0.000534452194 1.99240193e-05 0.000159933499 -3.19703926e-07 -1.39811244e-06 -1.98013708e-07 6.26484061e-07 0.000341806859 0.004820522 -0.00487439851 -3.25629021e-06 4.95809141e-05 -1.43336675e-05 1.3328018e-05 4.51812112e-07 3.31023574e-07
33963 21000 -0.000210908166 -0.000697742113 0.00057213848 2.07148121e-05 0.000148650264 2.25396853e-10 -1.5971689e-06 -1.87348659e-07 5.82266228e-07 0.000315668056 0.00447330271 -0.00459228189 -2.1257267e-06 5.02713414e-05 -1.39358841e-05 1.28272858e-05 4.72521513e-07 3.42613129e-07
33462 21000 -0.000197353891 -0.000695849423 0.000602671996 2.10467463e-05 0.000136750561 3.05691357e-07 -1.76860692e-06 -1.79942617e-07 5.43268962e-07 0.000289657467 0.00412512843 -0.00429214595 -1.09964792e-06 5.03336575e-05 -1.33858236e-05 1.22234553e-05 4.89761751e-07 3.47087671e-07
32962 21000 -0.000183385546 -0.000690424035 0.000625945838 2.09380304e-05 0.000124414626 5.9221106e-07 -1.91065453e-06 -1.74913006e-07 5.08977063e-07 0.000265266065 0.00377774711 -0.00397762976 -2.08469004e-07 4.97599428e-05 -1.26974993e-05 1.15264025e-05 5.0334016e-07 3.44479968e-07
32461 21000 -0.000169160251 -0.000681342976 0.00064187784 2.04227109e-05 0.000111833246 8.5522863e-07 -2.02186743e-06 -1.71347289e-07 4.7861509e-07 0.000240983003 0.00343297351 -0.00365242942 5.24396244e-07 4.85540154e-05 -1.18873375e-05 1.07474534e-05 5.13200629e-07 3.34921741e-07
31960 21000 -0.000153821338 -0.000668476294 0.000650409067 1.95477928e-05 9.92038028e-05 1.0901437e-06 -2.10106152e-06 -1.68418804e-07 4.51235825e-07 0.00021930374 0.00309269236 -0.00332028536 1.08293233e-06 4.67320668e-05 -1.09739193e-05 9.89931241e-06 5.19390183e-07 3.18650964e-07
31459 21000 -0.000138492751 -0.000651687088 0.000651502214 1.83696036e-05 8.67256087e-05 1.29239814e-06 -2.14740156e-06 -1.65346889e-07 4.25747273e-07 0.000197740818 0.00275886144 -0.00298497053 1.45848416e-06 4.43230838e-05 -9.97772158e-06 8.99593885e-06 5.22086472e-07 2.95989201e-07
30959 21000 -0.000124274159 -0.000630831617 0.00064513996 1.69501103e-05 7.45949337e-05 1.45758809e-06 -2.16049762e-06 -1.6134463e-07 4.0094374e-07 0.000177832407 0.00243351449 -0.00265027912 1.64980484e-06 4.1369357e-05 -8.92085751e-06 8.05244636e-06 5.21557038e-07 2.67360608e-07
30458 21000 -0.000109242337 -0.000605759519 0.000631323763 1.53543374e-05 6.30004172e-05 1.58156544e-06 -2.14026514e-06 -1.55810097e-07 3.75670947e-07 0.000159153371 0.00211876383 -0.0023200157 1.66278849e-06 3.79268934e-05 -7.82669395e-06 7.08489006e-06 5.18152976e-07 2.33215323e-07
29957 21000 -9.54447167e-05 -0.000576314143 0.00061007221 1.36468664e-05 5.21175966e-05 1.66065294e-06 -2.08702843e-06 -1.48250913e-07 3.48820777e-07 0.000142318365 0.0018168027 -0.00199798539 1.51009568e-06 3.40657242e-05 -6.71964415e-06 6.11018572e-06 5.12322409e-07 1.94090784e-07
29535 21000 -8.39084467e-05 -0.000547991531 0.000586421126 1.21668003e-05 4.36168825e-05 1.69012203e-06 -2.01699481e-06 -1.40045608e-07 3.24286443e-07 0.000129540542 0.00157398908 -0.00173584529 1.26619231e-06 3.05492641e-05 -5.79532877e-06 5.29614661e-06 5.05963566e-07 1.57767568e-07
29141 21000 -7.35875234e-05 -0.000518459942 0.000559527677 1.07786396e-05 3.62924866e-05 1.68554913e-06 -1.93111598e-06 -1.30693023e-07 2.99319257e-07 0.000118869515 0.00135766612 -0.00150022825 9.5552089e-07 2.70933391e-05 -4.95144041e-06 4.55021622e-06 4.99169881e-07 1.21336765e-07
28771 21000 -6.37782818e-05 -0.000488139458 0.000530283682 9.4983681e-06 3.00303526e-05 1.65294165e-06 -1.83384447e-06 -1.20366861e-07 2.73972372e-07 0.000108845326 0.00116567962 -0.00128972919 6.05712879e-07 2.37646275e-05 -4.19095455e-06 3.87372805e-06 4.92340172e-07 8.5437617e-08
28425 21000 -5.59991305e-05 -0.000457304708 0.000499303056 8.33243543e-06 2.47298585e-05 1.59699829e-06 -1.72833597e-06 -1.09266328e-07 2.48392393e-07 0.000101223032 0.000996244709 -0.00110301407 2.36622632e-07 2.06088662e-05 -3.51435963e-06 3.26646102e-06 4.85760447e-07 5.0494008e-08
28101 21000 -4.78273507e-05 -0.000426219405 0.000467142174 7.28091903e-06 2.02823345e-05 1.52244554e-06 -1.61737886e-06 -9.76932015e-08 2.22869379e-07 9.49016471e-05 0.000847504471 -0.000938497111 -1.35832896e-07 1.76598609e-05 -2.9195594e-06 2.72645018e-06 4.7968279e-07 1.68295724e-08
27798 21000 -4.18324041e-05 -0.00039513719 0.000434302873 6.33856895e-06 1.65750173e-05 1.43386489e-06 -1.50346298e-06 -8.58735399e-08 1.97719258e-07 8.89051652e-05 0.000717535119 -0.000794376711 -4.99727316e-07 1.49391949e-05 -2.40221142e-06 2.25017195e-06 4.74306553e-07 -1.53261156e-08
27514 21000 -3.55205841e-05 -0.000364302721 0.00040123598 5.49724554e-06 1.3496072e-05 1.33550051e-06 -1.38859481e-06 -7.41150095e-08 1.73318577e-07 8.43595138e-05 0.000604350582 -0.000668668653 -8.46861482e-07 1.24560904e-05 -1.95608234e-06 1.8327629e-06 4.69746505e-07 -4.58134646e-08
27248 21000 -3.02953268e-05 -0.000333920262 0.000368303659 4.7481385e-06 1.09459221e-05 1.23085891e-06 -1.27419378e-06 -6.27653371e-08 1.50035491e-07 8.04454433e-05 0.00050607696 -0.00055942579 -1.17224604e-06 1.02095857e-05 -1.57424246e-06 1.46887637e-06 4.66026628e-07 -7.45278746e-08
26999 21000 -2.54789869e-05 -0.00030396321 0.000335556093 4.08824748e-06 8.87653191e-06 1.12156633e-06 -1.16052736e-06 -5.22206148e-08 1.28260958e-07 7.71917645e-05 0.000422043582 -0.000465989168 -1.47119392e-06 8.20842336e-06 -1.25480575e-06 1.15709779e-06 4.63126681e-07 -1.01322942e-07
26766 21000 -2.09891111e-05 -0.000274762168 0.000303471693 3.50474433e-06 7.17157921e-06 1.01158459e-06 -1.04921051e-06 -4.28782966e-08 1.08344263e-07 7.4959353e-05 0.000349674448 -0.000385545586 -1.74156109e-06 6.42970381e-06 -9.86222164e-07 8.8877411e-07 4.60712539e-07 -1.26045794e-07
26548 21000 -1.76126786e-05 -0.00024630376 0.000272083312 2.99483631e-06 5.79090019e-06 9.0199422e-07 -9.40004315e-07 -3.52219719e-08 9.06726917e-08 7.28258313e-05 0.000288256236 -0.000317328218 -1.97903308e-06 4.87273454e-06 -7.65553934e-07 6.61965307e-07 4.58325291e-07 -1.48346482e-07
26344 21000 -1.4760337e-05 -0.000218659413 0.000241518518 2.55349423e-06 4.68324907e-06 7.94504103e-07 -8.3323459e-07 -2.96556691e-08 7.55637467e-08 7.0939184e-05 0.000236676218 -0.000260110997 -2.17845647e-06 3.52889972e-06 -5.87722225e-07 4.73322012e-07 4.55162435e-07 -1.67727276e-07
26153 21000 -1.24277009e-05 -0.000191982228 0.000211987262 2.17244701e-06 3.78930979e-06 6.90795231e-07 -7.29425487e-07 -2.63026016e-08 6.30651777e-08 6.95361894e-05 0.000193369586 -0.000212147014 -2.33625773e-06 2.37783013e-06 -4.45375739e-07 3.17695911e-07 4.50293657e-07 -1.83719854e-07
25974 21000 -1.12298536e-05 -0.000166323808 0.00018357043 1.84620009e-06 3.07405296e-06 5.91806313e-07 -6.28693205e-07 -2.52071345e-08 5.31842601e-08 6.77430961e-05 0.000157401884 -0.000172390173 -2.44595256e-06 1.40955342e-06 -3.34197854e-07 1.92522454e-07 4.42510123e-07 -1.95621211e-07
25807 21000 -9.31389189e-06 -0.000141739016 0.000156346482 1.56788713e-06 2.50554105e-06 4.98403586e-07 -5.31342959e-07 -2.61298223e-08 4.57291267e-08 6.56826536e-05 0.000127843704 -0.000139796808 -2.49996587e-06 6.13941743e-07 -2.49912304e-07 9.54068818e-08 4.30384675e-07 -2.0262004e-07
25650 21000 -9.32502247e-06 -0.000118270149 0.000130374422 1.32858366e-06 2.05474413e-06 4.11256519e-07 -4.37927679e-07 -2.84378073e-08 4.02453952e-08 6.2478907e-05 0.000103748888 -0.000113303232 -2.49032184e-06 -1.96874718e-08 -1.88209433e-07 2.40172943e-08 4.12372683e-07 -2.03873592e-07
25503 21000 -8.36996903e-06 -9.59450331e-05 0.000105691653 1.11729992e-06 1.68996692e-06 3.30672183e-07 -3.49068306e-07 -3.11778141e-08 3.6066861e-08 5.82623225e-05 8.41327882e-05 -9.18032868e-05 -2.40962683e-06 -5.01568491e-07 -1.44694828e-07 -2.41471684e-08 3.86979473e-07 -1.98632236e-07
25366 21000 -8.0007149e-06 -7.46740191e-05 8.22020606e-05 9.19661165e-07 1.38323942e-06 2.56479404e-07 -2.65508299e-07 -3.27734453e-08 3.21548828e-08 5.31764433e-05 6.79347243e-05 -7.41089007e-05 -2.25152083e-06 -8.41153229e-07 -1.14831912e-07 -5.19392607e-08 3.52836259e-07 -1.86330525e-07
25237 21000 -7.19953796e-06 -5.42655236e-05 5.9695485e-05 7.21173441e-07 1.11689453e-06 1.88230838e-07 -1.87961562e-07 -3.14307384e-08 2.73637875e-08 4.73476971e-05 5.42162088e-05 -5.91715693e-05 -2.01067136e-06 -1.04577887e-06 -9.47619896e-08 -6.18810094e-08 3.08782136e-07 -1.66554434e-07
25117 21000 -6.21561926e-06 -3.56184729e-05 3.91612707e-05 5.31476892e-07 8.29969728e-07 1.25036709e-07 -1.17191162e-07 -2.97140187e-08 2.28956815e-08 3.66118235e-05 4.07763903e-05 -4.45515661e-05 -1.58367081e-06 -9.54505112e-07 -7.57853679e-08 -5.1575672e-08 2.40682467e-07 -1.31164868e-07
25004 21000 -3.68949663e-06 -1.74947268e-05 1.92264764e-05 2.8460947e-07 4.4663933e-07 6.20109787e-08 -5.50463744e-08 -1.82856705e-08 1.32526042e-08 2.0448627e-05 2.2130977e-05 -2.41972063e-05 -8.8318889e-07 -5.75151886e-07 -4.27449516e-08 -2.9599695e-08 1.33404508e-07 -7.31404266e-08
24899 21000 2e-07 6.06132834e-23 9.36173072e-25 6.05915777e-23 1.87212236e-24 6.05554072e-23 2.80762412e-24 6.05047807e-23 3.74245474e-24 0 0 0 0 0 0 0 0 0
