# x	y	z	p	sigmaEq	Ur	Ut	Uz	sigmarr	sigmatt	sigmazz	sigmart	sigmarz	sigmatz
8.000000000e+00	0.000000000e+00	0.000000000e+00	3.029506888e+08	3.012947455e+08	2.252601910e+00	0.000000000e+00	0.000000000e+00	-1.000000000e+08	2.445276753e+08	3.038264452e+07	0.000000000e+00	0.000000000e+00	0.000000000e+00
8.250000000e+00	0.000000000e+00	0.000000000e+00	3.014391743e+08	2.856265919e+08	2.198844238e+00	0.000000000e+00	0.000000000e+00	-9.363697864e+07	2.332573469e+08	3.189415903e+07	0.000000000e+00	0.000000000e+00	0.000000000e+00
8.500000000e+00	0.000000000e+00	0.000000000e+00	3.000795198e+08	2.711667391e+08	2.147339852e+00	0.000000000e+00	0.000000000e+00	-8.764046346e+07	2.229462975e+08	3.325381349e+07	0.000000000e+00	0.000000000e+00	0.000000000e+00
8.750000000e+00	0.000000000e+00	0.000000000e+00	2.988546600e+08	2.577897829e+08	2.097965059e+00	0.000000000e+00	0.000000000e+00	-8.198525100e+07	2.134864378e+08	3.447867331e+07	0.000000000e+00	0.000000000e+00	0.000000000e+00
9.000000000e+00	0.000000000e+00	0.000000000e+00	2.977496151e+08	2.453868294e+08	2.050603871e+00	0.000000000e+00	0.000000000e+00	-7.664808811e+07	2.047847302e+08	3.558371825e+07	0.000000000e+00	0.000000000e+00	0.000000000e+00
9.250000000e+00	0.000000000e+00	0.000000000e+00	2.967512197e+08	2.338628696e+08	2.005147530e+00	0.000000000e+00	0.000000000e+00	-7.160750526e+07	1.967607196e+08	3.658211368e+07	0.000000000e+00	0.000000000e+00	0.000000000e+00
9.500000000e+00	0.000000000e+00	0.000000000e+00	2.958478883e+08	2.231346377e+08	1.961494053e+00	0.000000000e+00	0.000000000e+00	-6.684366635e+07	1.893445251e+08	3.748544505e+07	0.000000000e+00	0.000000000e+00	0.000000000e+00
9.750000000e+00	0.000000000e+00	0.000000000e+00	2.950294128e+08	2.131288524e+08	1.919547803e+00	0.000000000e+00	0.000000000e+00	-6.233823284e+07	1.824751970e+08	3.830392050e+07	0.000000000e+00	0.000000000e+00	0.000000000e+00
1.000000000e+01	0.000000000e+00	0.000000000e+00	2.942867871e+08	2.037807652e+08	1.879219079e+00	0.000000000e+00	0.000000000e+00	-5.807424046e+07	1.760993660e+08	3.904654624e+07	0.000000000e+00	0.000000000e+00	0.000000000e+00
1.025000000e+01	0.000000000e+00	0.000000000e+00	2.936120549e+08	1.950329552e+08	1.840423728e+00	0.000000000e+00	0.000000000e+00	-5.403598699e+07	1.701701252e+08	3.972127839e+07	0.000000000e+00	0.000000000e+00	0.000000000e+00
1.050000000e+01	0.000000000e+00	0.000000000e+00	2.929981787e+08	1.868343221e+08	1.803082781e+00	0.000000000e+00	0.000000000e+00	-5.020893005e+07	1.646461022e+08	4.033515465e+07	0.000000000e+00	0.000000000e+00	0.000000000e+00
1.075000000e+01	0.000000000e+00	0.000000000e+00	2.924389249e+08	1.791392424e+08	1.767122110e+00	0.000000000e+00	0.000000000e+00	-4.657959374e+07	1.594906829e+08	4.089440844e+07	0.000000000e+00	0.000000000e+00	0.000000000e+00
1.100000000e+01	0.000000000e+00	0.000000000e+00	2.919287652e+08	1.719068564e+08	1.732472105e+00	0.000000000e+00	0.000000000e+00	-4.313548339e+07	1.546713613e+08	4.140456816e+07	0.000000000e+00	0.000000000e+00	0.000000000e+00
1.125000000e+01	0.000000000e+00	0.000000000e+00	2.914627900e+08	1.651004657e+08	1.699067376e+00	0.000000000e+00	0.000000000e+00	-3.986500754e+07	1.501591910e+08	4.187054333e+07	0.000000000e+00	0.000000000e+00	0.000000000e+00
1.150000000e+01	0.000000000e+00	0.000000000e+00	2.910366337e+08	1.586870188e+08	1.666846468e+00	0.000000000e+00	0.000000000e+00	-3.675740646e+07	1.459283213e+08	4.229669961e+07	0.000000000e+00	0.000000000e+00	0.000000000e+00
1.175000000e+01	0.000000000e+00	0.000000000e+00	2.906464092e+08	1.526366726e+08	1.635751601e+00	0.000000000e+00	0.000000000e+00	-3.380268680e+07	1.419556030e+08	4.268692416e+07	0.000000000e+00	0.000000000e+00	0.000000000e+00
1.200000000e+01	0.000000000e+00	0.000000000e+00	2.902886507e+08	1.469224153e+08	1.605728423e+00	0.000000000e+00	0.000000000e+00	-3.099156160e+07	1.382202518e+08	4.304468259e+07	0.000000000e+00	0.000000000e+00	0.000000000e+00
1.225000000e+01	0.000000000e+00	0.000000000e+00	2.899602647e+08	1.415197419e+08	1.576725784e+00	0.000000000e+00	0.000000000e+00	-2.831539534e+07	1.347035608e+08	4.337306867e+07	0.000000000e+00	0.000000000e+00	0.000000000e+00
1.250000000e+01	0.000000000e+00	0.000000000e+00	2.896584855e+08	1.364063731e+08	1.548695524e+00	0.000000000e+00	0.000000000e+00	-2.576615352e+07	1.313886524e+08	4.367484782e+07	0.000000000e+00	0.000000000e+00	0.000000000e+00
1.275000000e+01	0.000000000e+00	0.000000000e+00	2.893808382e+08	1.315620112e+08	1.521592270e+00	0.000000000e+00	0.000000000e+00	-2.333635641e+07	1.282602658e+08	4.395249509e+07	0.000000000e+00	0.000000000e+00	0.000000000e+00
1.300000000e+01	0.000000000e+00	0.000000000e+00	2.891251049e+08	1.269681284e+08	1.495373259e+00	0.000000000e+00	0.000000000e+00	-2.101903657e+07	1.253045715e+08	4.420822848e+07	0.000000000e+00	0.000000000e+00	0.000000000e+00
1.325000000e+01	0.000000000e+00	0.000000000e+00	2.888892952e+08	1.226077803e+08	1.469998163e+00	0.000000000e+00	0.000000000e+00	-1.880769993e+07	1.225090119e+08	4.444403810e+07	0.000000000e+00	0.000000000e+00	0.000000000e+00
1.350000000e+01	0.000000000e+00	0.000000000e+00	2.886716215e+08	1.184654437e+08	1.445428930e+00	0.000000000e+00	0.000000000e+00	-1.669628995e+07	1.198621616e+08	4.466171184e+07	0.000000000e+00	0.000000000e+00	0.000000000e+00
1.375000000e+01	0.000000000e+00	0.000000000e+00	2.884704755e+08	1.145268735e+08	1.421629639e+00	0.000000000e+00	0.000000000e+00	-1.467915473e+07	1.173536055e+08	4.486285786e+07	0.000000000e+00	0.000000000e+00	0.000000000e+00
1.400000000e+01	0.000000000e+00	0.000000000e+00	2.882844089e+08	1.107789761e+08	1.398566359e+00	0.000000000e+00	0.000000000e+00	-1.275101684e+07	1.149738325e+08	4.504892445e+07	0.000000000e+00	0.000000000e+00	0.000000000e+00
1.425000000e+01	0.000000000e+00	0.000000000e+00	2.881121159e+08	1.072096981e+08	1.376207023e+00	0.000000000e+00	0.000000000e+00	-1.090694546e+07	1.127141419e+08	4.522121742e+07	0.000000000e+00	0.000000000e+00	0.000000000e+00
1.450000000e+01	0.000000000e+00	0.000000000e+00	2.879524177e+08	1.038079275e+08	1.354521308e+00	0.000000000e+00	0.000000000e+00	-9.142330887e+06	1.105665611e+08	4.538091559e+07	0.000000000e+00	0.000000000e+00	0.000000000e+00
1.475000000e+01	0.000000000e+00	0.000000000e+00	2.878042490e+08	1.005634053e+08	1.333480529e+00	0.000000000e+00	0.000000000e+00	-7.452860986e+06	1.085237731e+08	4.552908431e+07	0.000000000e+00	0.000000000e+00	0.000000000e+00
1.500000000e+01	0.000000000e+00	0.000000000e+00	2.876666458e+08	9.746664800e+07	1.313057528e+00	0.000000000e+00	0.000000000e+00	-5.834499570e+06	1.065790519e+08	4.566668753e+07	0.000000000e+00	0.000000000e+00	0.000000000e+00
1.525000000e+01	0.000000000e+00	0.000000000e+00	2.875387349e+08	9.450887691e+07	1.293226587e+00	0.000000000e+00	0.000000000e+00	-4.283466466e+06	1.047262060e+08	4.579459845e+07	0.000000000e+00	0.000000000e+00	0.000000000e+00
1.550000000e+01	0.000000000e+00	0.000000000e+00	2.874197244e+08	9.168195614e+07	1.273963334e+00	0.000000000e+00	0.000000000e+00	-2.796219159e+06	1.029595276e+08	4.591360888e+07	0.000000000e+00	0.000000000e+00	0.000000000e+00
1.575000000e+01	0.000000000e+00	0.000000000e+00	2.873088956e+08	8.897833630e+07	1.255244659e+00	0.000000000e+00	0.000000000e+00	-1.369435880e+06	1.012737478e+08	4.602443771e+07	0.000000000e+00	0.000000000e+00	0.000000000e+00
1.600000000e+01	0.000000000e+00	0.000000000e+00	2.872055951e+08	8.639100421e+07	1.237048643e+00	0.000000000e+00	0.000000000e+00	5.960464478e-08	9.966399596e+07	4.612773826e+07	0.000000000e+00	0.000000000e+00	0.000000000e+00
