# x	y	z	p	sigmaEq	Ur	Ut	Uz	sigmarr	sigmatt	sigmazz	sigmart	sigmarz	sigmatz
8.000000000e+00	0.000000000e+00	0.000000000e+00	3.330003332e+08	2.313460595e+06	1.604413847e-02	0.000000000e+00	0.000000000e+00	-1.000000000e+06	1.671352407e+06	3.330001681e+05	0.000000000e+00	0.000000000e+00	0.000000000e+00
8.250000000e+00	0.000000000e+00	0.000000000e+00	3.330001788e+08	2.175634247e+06	1.555888189e-02	0.000000000e+00	0.000000000e+00	-9.205810494e+05	1.591623501e+06	3.331545446e+05	0.000000000e+00	0.000000000e+00	0.000000000e+00
8.500000000e+00	0.000000000e+00	0.000000000e+00	3.330000461e+08	2.049760683e+06	1.510209158e-02	0.000000000e+00	0.000000000e+00	-8.480412436e+05	1.518817278e+06	3.332872665e+05	0.000000000e+00	0.000000000e+00	0.000000000e+00
8.750000000e+00	0.000000000e+00	0.000000000e+00	3.329999315e+08	1.934497423e+06	1.467133611e-02	0.000000000e+00	0.000000000e+00	-7.816090755e+05	1.452155096e+06	3.334018771e+05	0.000000000e+00	0.000000000e+00	0.000000000e+00
9.000000000e+00	0.000000000e+00	0.000000000e+00	3.329998321e+08	1.828685213e+06	1.426445307e-02	0.000000000e+00	0.000000000e+00	-7.206181575e+05	1.390964760e+06	3.335012618e+05	0.000000000e+00	0.000000000e+00	0.000000000e+00
9.250000000e+00	0.000000000e+00	0.000000000e+00	3.329997455e+08	1.731318826e+06	1.387951292e-02	0.000000000e+00	0.000000000e+00	-6.644905040e+05	1.334663527e+06	3.335877838e+05	0.000000000e+00	0.000000000e+00	0.000000000e+00
9.500000000e+00	0.000000000e+00	0.000000000e+00	3.329996699e+08	1.641523156e+06	1.351478844e-02	0.000000000e+00	0.000000000e+00	-6.127228320e+05	1.282744202e+06	3.336633894e+05	0.000000000e+00	0.000000000e+00	0.000000000e+00
9.750000000e+00	0.000000000e+00	0.000000000e+00	3.329996036e+08	1.558533523e+06	1.316872895e-02	0.000000000e+00	0.000000000e+00	-5.648752755e+05	1.234763676e+06	3.337296899e+05	0.000000000e+00	0.000000000e+00	0.000000000e+00
1.000000000e+01	0.000000000e+00	0.000000000e+00	3.329995453e+08	1.481679371e+06	1.283993830e-02	0.000000000e+00	0.000000000e+00	-5.205620382e+05	1.190333459e+06	3.337880260e+05	0.000000000e+00	0.000000000e+00	0.000000000e+00
1.025000000e+01	0.000000000e+00	0.000000000e+00	3.329994938e+08	1.410370705e+06	1.252715611e-02	0.000000000e+00	0.000000000e+00	-4.794436145e+05	1.149111793e+06	3.338395183e+05	0.000000000e+00	0.000000000e+00	0.000000000e+00
1.050000000e+01	0.000000000e+00	0.000000000e+00	3.329994482e+08	1.344086755e+06	1.222924170e-02	0.000000000e+00	0.000000000e+00	-4.412202839e+05	1.110797065e+06	3.338851077e+05	0.000000000e+00	0.000000000e+00	0.000000000e+00
1.075000000e+01	0.000000000e+00	0.000000000e+00	3.329994077e+08	1.282366457e+06	1.194516014e-02	0.000000000e+00	0.000000000e+00	-4.056266483e+05	1.075122285e+06	3.339255879e+05	0.000000000e+00	0.000000000e+00	0.000000000e+00
1.100000000e+01	0.000000000e+00	0.000000000e+00	3.329993717e+08	1.224800422e+06	1.167397038e-02	0.000000000e+00	0.000000000e+00	-3.724270235e+05	1.041850418e+06	3.339616305e+05	0.000000000e+00	0.000000000e+00	0.000000000e+00
1.125000000e+01	0.000000000e+00	0.000000000e+00	3.329993395e+08	1.171024147e+06	1.141481475e-02	0.000000000e+00	0.000000000e+00	-3.414115363e+05	1.010770445e+06	3.339938066e+05	0.000000000e+00	0.000000000e+00	0.000000000e+00
1.150000000e+01	0.000000000e+00	0.000000000e+00	3.329993107e+08	1.120712233e+06	1.116691000e-02	0.000000000e+00	0.000000000e+00	-3.123928074e+05	9.816940084e+05	3.340226033e+05	0.000000000e+00	0.000000000e+00	0.000000000e+00
1.175000000e+01	0.000000000e+00	0.000000000e+00	3.329992849e+08	1.073573460e+06	1.092953937e-02	0.000000000e+00	0.000000000e+00	-2.852031201e+05	9.544525541e+05	3.340484377e+05	0.000000000e+00	0.000000000e+00	0.000000000e+00
1.200000000e+01	0.000000000e+00	0.000000000e+00	3.329992617e+08	1.029346571e+06	1.070204567e-02	0.000000000e+00	0.000000000e+00	-2.596919964e+05	9.288948853e+05	3.340716678e+05	0.000000000e+00	0.000000000e+00	0.000000000e+00
1.225000000e+01	0.000000000e+00	0.000000000e+00	3.329992407e+08	9.877966426e+05	1.048382528e-02	0.000000000e+00	0.000000000e+00	-2.357241148e+05	9.048850611e+05	3.340926025e+05	0.000000000e+00	0.000000000e+00	0.000000000e+00
1.250000000e+01	0.000000000e+00	0.000000000e+00	3.329992218e+08	9.487119714e+05	1.027432273e-02	0.000000000e+00	0.000000000e+00	-2.131775151e+05	8.823005858e+05	3.341115086e+05	0.000000000e+00	0.000000000e+00	0.000000000e+00
1.275000000e+01	0.000000000e+00	0.000000000e+00	3.329992047e+08	9.119013680e+05	1.007302604e-02	0.000000000e+00	0.000000000e+00	-1.919420465e+05	8.610308446e+05	3.341286173e+05	0.000000000e+00	0.000000000e+00	0.000000000e+00
1.300000000e+01	0.000000000e+00	0.000000000e+00	3.329991892e+08	8.771918202e+05	9.879462545e-03	0.000000000e+00	0.000000000e+00	-1.719180224e+05	8.409757472e+05	3.341441299e+05	0.000000000e+00	0.000000000e+00	0.000000000e+00
1.325000000e+01	0.000000000e+00	0.000000000e+00	3.329991751e+08	8.444264581e+05	9.693195167e-03	0.000000000e+00	0.000000000e+00	-1.530150499e+05	8.220445490e+05	3.341582218e+05	0.000000000e+00	0.000000000e+00	0.000000000e+00
1.350000000e+01	0.000000000e+00	0.000000000e+00	3.329991623e+08	8.134627800e+05	9.513819156e-03	0.000000000e+00	0.000000000e+00	-1.351510094e+05	8.041548229e+05	3.341710461e+05	0.000000000e+00	0.000000000e+00	0.000000000e+00
1.375000000e+01	0.000000000e+00	0.000000000e+00	3.329991506e+08	7.841711023e+05	9.340959143e-03	0.000000000e+00	0.000000000e+00	-1.182511629e+05	7.872315615e+05	3.341827374e+05	0.000000000e+00	0.000000000e+00	0.000000000e+00
1.400000000e+01	0.000000000e+00	0.000000000e+00	3.329991399e+08	7.564332005e+05	9.174266528e-03	0.000000000e+00	0.000000000e+00	-1.022473718e+05	7.712063896e+05	3.341934135e+05	0.000000000e+00	0.000000000e+00	0.000000000e+00
1.425000000e+01	0.000000000e+00	0.000000000e+00	3.329991302e+08	7.301411155e+05	9.013417132e-03	0.000000000e+00	0.000000000e+00	-8.707741016e+04	7.560168729e+05	3.342031785e+05	0.000000000e+00	0.000000000e+00	0.000000000e+00
1.450000000e+01	0.000000000e+00	0.000000000e+00	3.329991212e+08	7.051961028e+05	8.858109099e-03	0.000000000e+00	0.000000000e+00	-7.268435978e+04	7.416059091e+05	3.342121240e+05	0.000000000e+00	0.000000000e+00	0.000000000e+00
1.475000000e+01	0.000000000e+00	0.000000000e+00	3.329991130e+08	6.815077041e+05	8.708061004e-03	0.000000000e+00	0.000000000e+00	-5.901607601e+04	7.279211911e+05	3.342203313e+05	0.000000000e+00	0.000000000e+00	0.000000000e+00
1.500000000e+01	0.000000000e+00	0.000000000e+00	3.329991055e+08	6.589929275e+05	8.563010160e-03	0.000000000e+00	0.000000000e+00	-4.602471553e+04	7.149147314e+05	3.342278722e+05	0.000000000e+00	0.000000000e+00	0.000000000e+00
1.525000000e+01	0.000000000e+00	0.000000000e+00	3.329990985e+08	6.375755199e+05	8.422711078e-03	0.000000000e+00	0.000000000e+00	-3.366631757e+04	7.025424410e+05	3.342348105e+05	0.000000000e+00	0.000000000e+00	0.000000000e+00
1.550000000e+01	0.000000000e+00	0.000000000e+00	3.329990921e+08	6.171853206e+05	8.286934086e-03	0.000000000e+00	0.000000000e+00	-2.190043198e+04	6.907637561e+05	3.342412033e+05	0.000000000e+00	0.000000000e+00	0.000000000e+00
1.575000000e+01	0.000000000e+00	0.000000000e+00	3.329990862e+08	5.977576873e+05	8.155464075e-03	0.000000000e+00	0.000000000e+00	-1.068978819e+04	6.795413044e+05	3.342471010e+05	0.000000000e+00	0.000000000e+00	0.000000000e+00
1.600000000e+01	0.000000000e+00	0.000000000e+00	3.329990808e+08	5.792329827e+05	8.028099362e-03	0.000000000e+00	0.000000000e+00	-5.960464478e-08	6.688406089e+05	3.342525491e+05	0.000000000e+00	0.000000000e+00	0.000000000e+00
