/*--------------------------------*- C++ -*----------------------------------*\
| =========                 |                                                 |
| \\      /  F ield         | foam-extend: Open Source CFD                    |
|  \\    /   O peration     | Version:     4.1                                |
|   \\  /    A nd           | Web:         http://www.foam-extend.org         |
|    \\/     M anipulation  |                                                 |
\*---------------------------------------------------------------------------*/
FoamFile
{
    version     2.0;
    format      ascii;
    class       labelList;
    note        "nPoints: 6561 nCells: 5120 nFaces: 16704 nInternalFaces: 14016";
    location    "constant/polyMesh";
    object      neighbour;
}
// * * * * * * * * * * * * * * * * * * * * * * * * * * * * * * * * * * * * * //


14016
(
1
80
640
2
81
641
3
82
642
4
83
643
5
84
644
6
85
645
7
86
646
8
87
647
9
88
648
10
89
649
11
90
650
12
91
651
13
92
652
14
93
653
15
94
654
16
95
655
17
96
656
18
97
657
19
98
658
20
99
659
21
100
660
22
101
661
23
102
662
24
103
663
25
104
664
26
105
665
27
106
666
28
107
667
29
108
668
30
109
669
31
110
670
32
111
671
33
112
672
34
113
673
35
114
674
36
115
675
37
116
676
38
117
677
39
118
678
40
119
679
41
120
680
42
121
681
43
122
682
44
123
683
45
124
684
46
125
685
47
126
686
48
127
687
49
128
688
50
129
689
51
130
690
52
131
691
53
132
692
54
133
693
55
134
694
56
135
695
57
136
696
58
137
697
59
138
698
60
139
699
61
140
700
62
141
701
63
142
702
64
143
703
65
144
704
66
145
705
67
146
706
68
147
707
69
148
708
70
149
709
71
150
710
72
151
711
73
152
712
74
153
713
75
154
714
76
155
715
77
156
716
78
157
717
79
158
718
159
719
81
160
720
82
161
721
83
162
722
84
163
723
85
164
724
86
165
725
87
166
726
88
167
727
89
168
728
90
169
729
91
170
730
92
171
731
93
172
732
94
173
733
95
174
734
96
175
735
97
176
736
98
177
737
99
178
738
100
179
739
101
180
740
102
181
741
103
182
742
104
183
743
105
184
744
106
185
745
107
186
746
108
187
747
109
188
748
110
189
749
111
190
750
112
191
751
113
192
752
114
193
753
115
194
754
116
195
755
117
196
756
118
197
757
119
198
758
120
199
759
121
200
760
122
201
761
123
202
762
124
203
763
125
204
764
126
205
765
127
206
766
128
207
767
129
208
768
130
209
769
131
210
770
132
211
771
133
212
772
134
213
773
135
214
774
136
215
775
137
216
776
138
217
777
139
218
778
140
219
779
141
220
780
142
221
781
143
222
782
144
223
783
145
224
784
146
225
785
147
226
786
148
227
787
149
228
788
150
229
789
151
230
790
152
231
791
153
232
792
154
233
793
155
234
794
156
235
795
157
236
796
158
237
797
159
238
798
239
799
161
240
800
162
241
801
163
242
802
164
243
803
165
244
804
166
245
805
167
246
806
168
247
807
169
248
808
170
249
809
171
250
810
172
251
811
173
252
812
174
253
813
175
254
814
176
255
815
177
256
816
178
257
817
179
258
818
180
259
819
181
260
820
182
261
821
183
262
822
184
263
823
185
264
824
186
265
825
187
266
826
188
267
827
189
268
828
190
269
829
191
270
830
192
271
831
193
272
832
194
273
833
195
274
834
196
275
835
197
276
836
198
277
837
199
278
838
200
279
839
201
280
840
202
281
841
203
282
842
204
283
843
205
284
844
206
285
845
207
286
846
208
287
847
209
288
848
210
289
849
211
290
850
212
291
851
213
292
852
214
293
853
215
294
854
216
295
855
217
296
856
218
297
857
219
298
858
220
299
859
221
300
860
222
301
861
223
302
862
224
303
863
225
304
864
226
305
865
227
306
866
228
307
867
229
308
868
230
309
869
231
310
870
232
311
871
233
312
872
234
313
873
235
314
874
236
315
875
237
316
876
238
317
877
239
318
878
319
879
241
320
880
242
321
881
243
322
882
244
323
883
245
324
884
246
325
885
247
326
886
248
327
887
249
328
888
250
329
889
251
330
890
252
331
891
253
332
892
254
333
893
255
334
894
256
335
895
257
336
896
258
337
897
259
338
898
260
339
899
261
340
900
262
341
901
263
342
902
264
343
903
265
344
904
266
345
905
267
346
906
268
347
907
269
348
908
270
349
909
271
350
910
272
351
911
273
352
912
274
353
913
275
354
914
276
355
915
277
356
916
278
357
917
279
358
918
280
359
919
281
360
920
282
361
921
283
362
922
284
363
923
285
364
924
286
365
925
287
366
926
288
367
927
289
368
928
290
369
929
291
370
930
292
371
931
293
372
932
294
373
933
295
374
934
296
375
935
297
376
936
298
377
937
299
378
938
300
379
939
301
380
940
302
381
941
303
382
942
304
383
943
305
384
944
306
385
945
307
386
946
308
387
947
309
388
948
310
389
949
311
390
950
312
391
951
313
392
952
314
393
953
315
394
954
316
395
955
317
396
956
318
397
957
319
398
958
399
959
321
400
960
322
401
961
323
402
962
324
403
963
325
404
964
326
405
965
327
406
966
328
407
967
329
408
968
330
409
969
331
410
970
332
411
971
333
412
972
334
413
973
335
414
974
336
415
975
337
416
976
338
417
977
339
418
978
340
419
979
341
420
980
342
421
981
343
422
982
344
423
983
345
424
984
346
425
985
347
426
986
348
427
987
349
428
988
350
429
989
351
430
990
352
431
991
353
432
992
354
433
993
355
434
994
356
435
995
357
436
996
358
437
997
359
438
998
360
439
999
361
440
1000
362
441
1001
363
442
1002
364
443
1003
365
444
1004
366
445
1005
367
446
1006
368
447
1007
369
448
1008
370
449
1009
371
450
1010
372
451
1011
373
452
1012
374
453
1013
375
454
1014
376
455
1015
377
456
1016
378
457
1017
379
458
1018
380
459
1019
381
460
1020
382
461
1021
383
462
1022
384
463
1023
385
464
1024
386
465
1025
387
466
1026
388
467
1027
389
468
1028
390
469
1029
391
470
1030
392
471
1031
393
472
1032
394
473
1033
395
474
1034
396
475
1035
397
476
1036
398
477
1037
399
478
1038
479
1039
401
480
1040
402
481
1041
403
482
1042
404
483
1043
405
484
1044
406
485
1045
407
486
1046
408
487
1047
409
488
1048
410
489
1049
411
490
1050
412
491
1051
413
492
1052
414
493
1053
415
494
1054
416
495
1055
417
496
1056
418
497
1057
419
498
1058
420
499
1059
421
500
1060
422
501
1061
423
502
1062
424
503
1063
425
504
1064
426
505
1065
427
506
1066
428
507
1067
429
508
1068
430
509
1069
431
510
1070
432
511
1071
433
512
1072
434
513
1073
435
514
1074
436
515
1075
437
516
1076
438
517
1077
439
518
1078
440
519
1079
441
520
1080
442
521
1081
443
522
1082
444
523
1083
445
524
1084
446
525
1085
447
526
1086
448
527
1087
449
528
1088
450
529
1089
451
530
1090
452
531
1091
453
532
1092
454
533
1093
455
534
1094
456
535
1095
457
536
1096
458
537
1097
459
538
1098
460
539
1099
461
540
1100
462
541
1101
463
542
1102
464
543
1103
465
544
1104
466
545
1105
467
546
1106
468
547
1107
469
548
1108
470
549
1109
471
550
1110
472
551
1111
473
552
1112
474
553
1113
475
554
1114
476
555
1115
477
556
1116
478
557
1117
479
558
1118
559
1119
481
560
1120
482
561
1121
483
562
1122
484
563
1123
485
564
1124
486
565
1125
487
566
1126
488
567
1127
489
568
1128
490
569
1129
491
570
1130
492
571
1131
493
572
1132
494
573
1133
495
574
1134
496
575
1135
497
576
1136
498
577
1137
499
578
1138
500
579
1139
501
580
1140
502
581
1141
503
582
1142
504
583
1143
505
584
1144
506
585
1145
507
586
1146
508
587
1147
509
588
1148
510
589
1149
511
590
1150
512
591
1151
513
592
1152
514
593
1153
515
594
1154
516
595
1155
517
596
1156
518
597
1157
519
598
1158
520
599
1159
521
600
1160
522
601
1161
523
602
1162
524
603
1163
525
604
1164
526
605
1165
527
606
1166
528
607
1167
529
608
1168
530
609
1169
531
610
1170
532
611
1171
533
612
1172
534
613
1173
535
614
1174
536
615
1175
537
616
1176
538
617
1177
539
618
1178
540
619
1179
541
620
1180
542
621
1181
543
622
1182
544
623
1183
545
624
1184
546
625
1185
547
626
1186
548
627
1187
549
628
1188
550
629
1189
551
630
1190
552
631
1191
553
632
1192
554
633
1193
555
634
1194
556
635
1195
557
636
1196
558
637
1197
559
638
1198
639
1199
561
1200
562
1201
563
1202
564
1203
565
1204
566
1205
567
1206
568
1207
569
1208
570
1209
571
1210
572
1211
573
1212
574
1213
575
1214
576
1215
577
1216
578
1217
579
1218
580
1219
581
1220
582
1221
583
1222
584
1223
585
1224
586
1225
587
1226
588
1227
589
1228
590
1229
591
1230
592
1231
593
1232
594
1233
595
1234
596
1235
597
1236
598
1237
599
1238
600
1239
601
1240
602
1241
603
1242
604
1243
605
1244
606
1245
607
1246
608
1247
609
1248
610
1249
611
1250
612
1251
613
1252
614
1253
615
1254
616
1255
617
1256
618
1257
619
1258
620
1259
621
1260
622
1261
623
1262
624
1263
625
1264
626
1265
627
1266
628
1267
629
1268
630
1269
631
1270
632
1271
633
1272
634
1273
635
1274
636
1275
637
1276
638
1277
639
1278
1279
641
720
1280
642
721
1281
643
722
1282
644
723
1283
645
724
1284
646
725
1285
647
726
1286
648
727
1287
649
728
1288
650
729
1289
651
730
1290
652
731
1291
653
732
1292
654
733
1293
655
734
1294
656
735
1295
657
736
1296
658
737
1297
659
738
1298
660
739
1299
661
740
1300
662
741
1301
663
742
1302
664
743
1303
665
744
1304
666
745
1305
667
746
1306
668
747
1307
669
748
1308
670
749
1309
671
750
1310
672
751
1311
673
752
1312
674
753
1313
675
754
1314
676
755
1315
677
756
1316
678
757
1317
679
758
1318
680
759
1319
681
760
1320
682
761
1321
683
762
1322
684
763
1323
685
764
1324
686
765
1325
687
766
1326
688
767
1327
689
768
1328
690
769
1329
691
770
1330
692
771
1331
693
772
1332
694
773
1333
695
774
1334
696
775
1335
697
776
1336
698
777
1337
699
778
1338
700
779
1339
701
780
1340
702
781
1341
703
782
1342
704
783
1343
705
784
1344
706
785
1345
707
786
1346
708
787
1347
709
788
1348
710
789
1349
711
790
1350
712
791
1351
713
792
1352
714
793
1353
715
794
1354
716
795
1355
717
796
1356
718
797
1357
719
798
1358
799
1359
721
800
1360
722
801
1361
723
802
1362
724
803
1363
725
804
1364
726
805
1365
727
806
1366
728
807
1367
729
808
1368
730
809
1369
731
810
1370
732
811
1371
733
812
1372
734
813
1373
735
814
1374
736
815
1375
737
816
1376
738
817
1377
739
818
1378
740
819
1379
741
820
1380
742
821
1381
743
822
1382
744
823
1383
745
824
1384
746
825
1385
747
826
1386
748
827
1387
749
828
1388
750
829
1389
751
830
1390
752
831
1391
753
832
1392
754
833
1393
755
834
1394
756
835
1395
757
836
1396
758
837
1397
759
838
1398
760
839
1399
761
840
1400
762
841
1401
763
842
1402
764
843
1403
765
844
1404
766
845
1405
767
846
1406
768
847
1407
769
848
1408
770
849
1409
771
850
1410
772
851
1411
773
852
1412
774
853
1413
775
854
1414
776
855
1415
777
856
1416
778
857
1417
779
858
1418
780
859
1419
781
860
1420
782
861
1421
783
862
1422
784
863
1423
785
864
1424
786
865
1425
787
866
1426
788
867
1427
789
868
1428
790
869
1429
791
870
1430
792
871
1431
793
872
1432
794
873
1433
795
874
1434
796
875
1435
797
876
1436
798
877
1437
799
878
1438
879
1439
801
880
1440
802
881
1441
803
882
1442
804
883
1443
805
884
1444
806
885
1445
807
886
1446
808
887
1447
809
888
1448
810
889
1449
811
890
1450
812
891
1451
813
892
1452
814
893
1453
815
894
1454
816
895
1455
817
896
1456
818
897
1457
819
898
1458
820
899
1459
821
900
1460
822
901
1461
823
902
1462
824
903
1463
825
904
1464
826
905
1465
827
906
1466
828
907
1467
829
908
1468
830
909
1469
831
910
1470
832
911
1471
833
912
1472
834
913
1473
835
914
1474
836
915
1475
837
916
1476
838
917
1477
839
918
1478
840
919
1479
841
920
1480
842
921
1481
843
922
1482
844
923
1483
845
924
1484
846
925
1485
847
926
1486
848
927
1487
849
928
1488
850
929
1489
851
930
1490
852
931
1491
853
932
1492
854
933
1493
855
934
1494
856
935
1495
857
936
1496
858
937
1497
859
938
1498
860
939
1499
861
940
1500
862
941
1501
863
942
1502
864
943
1503
865
944
1504
866
945
1505
867
946
1506
868
947
1507
869
948
1508
870
949
1509
871
950
1510
872
951
1511
873
952
1512
874
953
1513
875
954
1514
876
955
1515
877
956
1516
878
957
1517
879
958
1518
959
1519
881
960
1520
882
961
1521
883
962
1522
884
963
1523
885
964
1524
886
965
1525
887
966
1526
888
967
1527
889
968
1528
890
969
1529
891
970
1530
892
971
1531
893
972
1532
894
973
1533
895
974
1534
896
975
1535
897
976
1536
898
977
1537
899
978
1538
900
979
1539
901
980
1540
902
981
1541
903
982
1542
904
983
1543
905
984
1544
906
985
1545
907
986
1546
908
987
1547
909
988
1548
910
989
1549
911
990
1550
912
991
1551
913
992
1552
914
993
1553
915
994
1554
916
995
1555
917
996
1556
918
997
1557
919
998
1558
920
999
1559
921
1000
1560
922
1001
1561
923
1002
1562
924
1003
1563
925
1004
1564
926
1005
1565
927
1006
1566
928
1007
1567
929
1008
1568
930
1009
1569
931
1010
1570
932
1011
1571
933
1012
1572
934
1013
1573
935
1014
1574
936
1015
1575
937
1016
1576
938
1017
1577
939
1018
1578
940
1019
1579
941
1020
1580
942
1021
1581
943
1022
1582
944
1023
1583
945
1024
1584
946
1025
1585
947
1026
1586
948
1027
1587
949
1028
1588
950
1029
1589
951
1030
1590
952
1031
1591
953
1032
1592
954
1033
1593
955
1034
1594
956
1035
1595
957
1036
1596
958
1037
1597
959
1038
1598
1039
1599
961
1040
1600
962
1041
1601
963
1042
1602
964
1043
1603
965
1044
1604
966
1045
1605
967
1046
1606
968
1047
1607
969
1048
1608
970
1049
1609
971
1050
1610
972
1051
1611
973
1052
1612
974
1053
1613
975
1054
1614
976
1055
1615
977
1056
1616
978
1057
1617
979
1058
1618
980
1059
1619
981
1060
1620
982
1061
1621
983
1062
1622
984
1063
1623
985
1064
1624
986
1065
1625
987
1066
1626
988
1067
1627
989
1068
1628
990
1069
1629
991
1070
1630
992
1071
1631
993
1072
1632
994
1073
1633
995
1074
1634
996
1075
1635
997
1076
1636
998
1077
1637
999
1078
1638
1000
1079
1639
1001
1080
1640
1002
1081
1641
1003
1082
1642
1004
1083
1643
1005
1084
1644
1006
1085
1645
1007
1086
1646
1008
1087
1647
1009
1088
1648
1010
1089
1649
1011
1090
1650
1012
1091
1651
1013
1092
1652
1014
1093
1653
1015
1094
1654
1016
1095
1655
1017
1096
1656
1018
1097
1657
1019
1098
1658
1020
1099
1659
1021
1100
1660
1022
1101
1661
1023
1102
1662
1024
1103
1663
1025
1104
1664
1026
1105
1665
1027
1106
1666
1028
1107
1667
1029
1108
1668
1030
1109
1669
1031
1110
1670
1032
1111
1671
1033
1112
1672
1034
1113
1673
1035
1114
1674
1036
1115
1675
1037
1116
1676
1038
1117
1677
1039
1118
1678
1119
1679
1041
1120
1680
1042
1121
1681
1043
1122
1682
1044
1123
1683
1045
1124
1684
1046
1125
1685
1047
1126
1686
1048
1127
1687
1049
1128
1688
1050
1129
1689
1051
1130
1690
1052
1131
1691
1053
1132
1692
1054
1133
1693
1055
1134
1694
1056
1135
1695
1057
1136
1696
1058
1137
1697
1059
1138
1698
1060
1139
1699
1061
1140
1700
1062
1141
1701
1063
1142
1702
1064
1143
1703
1065
1144
1704
1066
1145
1705
1067
1146
1706
1068
1147
1707
1069
1148
1708
1070
1149
1709
1071
1150
1710
1072
1151
1711
1073
1152
1712
1074
1153
1713
1075
1154
1714
1076
1155
1715
1077
1156
1716
1078
1157
1717
1079
1158
1718
1080
1159
1719
1081
1160
1720
1082
1161
1721
1083
1162
1722
1084
1163
1723
1085
1164
1724
1086
1165
1725
1087
1166
1726
1088
1167
1727
1089
1168
1728
1090
1169
1729
1091
1170
1730
1092
1171
1731
1093
1172
1732
1094
1173
1733
1095
1174
1734
1096
1175
1735
1097
1176
1736
1098
1177
1737
1099
1178
1738
1100
1179
1739
1101
1180
1740
1102
1181
1741
1103
1182
1742
1104
1183
1743
1105
1184
1744
1106
1185
1745
1107
1186
1746
1108
1187
1747
1109
1188
1748
1110
1189
1749
1111
1190
1750
1112
1191
1751
1113
1192
1752
1114
1193
1753
1115
1194
1754
1116
1195
1755
1117
1196
1756
1118
1197
1757
1119
1198
1758
1199
1759
1121
1200
1760
1122
1201
1761
1123
1202
1762
1124
1203
1763
1125
1204
1764
1126
1205
1765
1127
1206
1766
1128
1207
1767
1129
1208
1768
1130
1209
1769
1131
1210
1770
1132
1211
1771
1133
1212
1772
1134
1213
1773
1135
1214
1774
1136
1215
1775
1137
1216
1776
1138
1217
1777
1139
1218
1778
1140
1219
1779
1141
1220
1780
1142
1221
1781
1143
1222
1782
1144
1223
1783
1145
1224
1784
1146
1225
1785
1147
1226
1786
1148
1227
1787
1149
1228
1788
1150
1229
1789
1151
1230
1790
1152
1231
1791
1153
1232
1792
1154
1233
1793
1155
1234
1794
1156
1235
1795
1157
1236
1796
1158
1237
1797
1159
1238
1798
1160
1239
1799
1161
1240
1800
1162
1241
1801
1163
1242
1802
1164
1243
1803
1165
1244
1804
1166
1245
1805
1167
1246
1806
1168
1247
1807
1169
1248
1808
1170
1249
1809
1171
1250
1810
1172
1251
1811
1173
1252
1812
1174
1253
1813
1175
1254
1814
1176
1255
1815
1177
1256
1816
1178
1257
1817
1179
1258
1818
1180
1259
1819
1181
1260
1820
1182
1261
1821
1183
1262
1822
1184
1263
1823
1185
1264
1824
1186
1265
1825
1187
1266
1826
1188
1267
1827
1189
1268
1828
1190
1269
1829
1191
1270
1830
1192
1271
1831
1193
1272
1832
1194
1273
1833
1195
1274
1834
1196
1275
1835
1197
1276
1836
1198
1277
1837
1199
1278
1838
1279
1839
1201
1840
1202
1841
1203
1842
1204
1843
1205
1844
1206
1845
1207
1846
1208
1847
1209
1848
1210
1849
1211
1850
1212
1851
1213
1852
1214
1853
1215
1854
1216
1855
1217
1856
1218
1857
1219
1858
1220
1859
1221
1860
1222
1861
1223
1862
1224
1863
1225
1864
1226
1865
1227
1866
1228
1867
1229
1868
1230
1869
1231
1870
1232
1871
1233
1872
1234
1873
1235
1874
1236
1875
1237
1876
1238
1877
1239
1878
1240
1879
1241
1880
1242
1881
1243
1882
1244
1883
1245
1884
1246
1885
1247
1886
1248
1887
1249
1888
1250
1889
1251
1890
1252
1891
1253
1892
1254
1893
1255
1894
1256
1895
1257
1896
1258
1897
1259
1898
1260
1899
1261
1900
1262
1901
1263
1902
1264
1903
1265
1904
1266
1905
1267
1906
1268
1907
1269
1908
1270
1909
1271
1910
1272
1911
1273
1912
1274
1913
1275
1914
1276
1915
1277
1916
1278
1917
1279
1918
1919
1281
1360
1920
1282
1361
1921
1283
1362
1922
1284
1363
1923
1285
1364
1924
1286
1365
1925
1287
1366
1926
1288
1367
1927
1289
1368
1928
1290
1369
1929
1291
1370
1930
1292
1371
1931
1293
1372
1932
1294
1373
1933
1295
1374
1934
1296
1375
1935
1297
1376
1936
1298
1377
1937
1299
1378
1938
1300
1379
1939
1301
1380
1940
1302
1381
1941
1303
1382
1942
1304
1383
1943
1305
1384
1944
1306
1385
1945
1307
1386
1946
1308
1387
1947
1309
1388
1948
1310
1389
1949
1311
1390
1950
1312
1391
1951
1313
1392
1952
1314
1393
1953
1315
1394
1954
1316
1395
1955
1317
1396
1956
1318
1397
1957
1319
1398
1958
1320
1399
1959
1321
1400
1960
1322
1401
1961
1323
1402
1962
1324
1403
1963
1325
1404
1964
1326
1405
1965
1327
1406
1966
1328
1407
1967
1329
1408
1968
1330
1409
1969
1331
1410
1970
1332
1411
1971
1333
1412
1972
1334
1413
1973
1335
1414
1974
1336
1415
1975
1337
1416
1976
1338
1417
1977
1339
1418
1978
1340
1419
1979
1341
1420
1980
1342
1421
1981
1343
1422
1982
1344
1423
1983
1345
1424
1984
1346
1425
1985
1347
1426
1986
1348
1427
1987
1349
1428
1988
1350
1429
1989
1351
1430
1990
1352
1431
1991
1353
1432
1992
1354
1433
1993
1355
1434
1994
1356
1435
1995
1357
1436
1996
1358
1437
1997
1359
1438
1998
1439
1999
1361
1440
2000
1362
1441
2001
1363
1442
2002
1364
1443
2003
1365
1444
2004
1366
1445
2005
1367
1446
2006
1368
1447
2007
1369
1448
2008
1370
1449
2009
1371
1450
2010
1372
1451
2011
1373
1452
2012
1374
1453
2013
1375
1454
2014
1376
1455
2015
1377
1456
2016
1378
1457
2017
1379
1458
2018
1380
1459
2019
1381
1460
2020
1382
1461
2021
1383
1462
2022
1384
1463
2023
1385
1464
2024
1386
1465
2025
1387
1466
2026
1388
1467
2027
1389
1468
2028
1390
1469
2029
1391
1470
2030
1392
1471
2031
1393
1472
2032
1394
1473
2033
1395
1474
2034
1396
1475
2035
1397
1476
2036
1398
1477
2037
1399
1478
2038
1400
1479
2039
1401
1480
2040
1402
1481
2041
1403
1482
2042
1404
1483
2043
1405
1484
2044
1406
1485
2045
1407
1486
2046
1408
1487
2047
1409
1488
2048
1410
1489
2049
1411
1490
2050
1412
1491
2051
1413
1492
2052
1414
1493
2053
1415
1494
2054
1416
1495
2055
1417
1496
2056
1418
1497
2057
1419
1498
2058
1420
1499
2059
1421
1500
2060
1422
1501
2061
1423
1502
2062
1424
1503
2063
1425
1504
2064
1426
1505
2065
1427
1506
2066
1428
1507
2067
1429
1508
2068
1430
1509
2069
1431
1510
2070
1432
1511
2071
1433
1512
2072
1434
1513
2073
1435
1514
2074
1436
1515
2075
1437
1516
2076
1438
1517
2077
1439
1518
2078
1519
2079
1441
1520
2080
1442
1521
2081
1443
1522
2082
1444
1523
2083
1445
1524
2084
1446
1525
2085
1447
1526
2086
1448
1527
2087
1449
1528
2088
1450
1529
2089
1451
1530
2090
1452
1531
2091
1453
1532
2092
1454
1533
2093
1455
1534
2094
1456
1535
2095
1457
1536
2096
1458
1537
2097
1459
1538
2098
1460
1539
2099
1461
1540
2100
1462
1541
2101
1463
1542
2102
1464
1543
2103
1465
1544
2104
1466
1545
2105
1467
1546
2106
1468
1547
2107
1469
1548
2108
1470
1549
2109
1471
1550
2110
1472
1551
2111
1473
1552
2112
1474
1553
2113
1475
1554
2114
1476
1555
2115
1477
1556
2116
1478
1557
2117
1479
1558
2118
1480
1559
2119
1481
1560
2120
1482
1561
2121
1483
1562
2122
1484
1563
2123
1485
1564
2124
1486
1565
2125
1487
1566
2126
1488
1567
2127
1489
1568
2128
1490
1569
2129
1491
1570
2130
1492
1571
2131
1493
1572
2132
1494
1573
2133
1495
1574
2134
1496
1575
2135
1497
1576
2136
1498
1577
2137
1499
1578
2138
1500
1579
2139
1501
1580
2140
1502
1581
2141
1503
1582
2142
1504
1583
2143
1505
1584
2144
1506
1585
2145
1507
1586
2146
1508
1587
2147
1509
1588
2148
1510
1589
2149
1511
1590
2150
1512
1591
2151
1513
1592
2152
1514
1593
2153
1515
1594
2154
1516
1595
2155
1517
1596
2156
1518
1597
2157
1519
1598
2158
1599
2159
1521
1600
2160
1522
1601
2161
1523
1602
2162
1524
1603
2163
1525
1604
2164
1526
1605
2165
1527
1606
2166
1528
1607
2167
1529
1608
2168
1530
1609
2169
1531
1610
2170
1532
1611
2171
1533
1612
2172
1534
1613
2173
1535
1614
2174
1536
1615
2175
1537
1616
2176
1538
1617
2177
1539
1618
2178
1540
1619
2179
1541
1620
2180
1542
1621
2181
1543
1622
2182
1544
1623
2183
1545
1624
2184
1546
1625
2185
1547
1626
2186
1548
1627
2187
1549
1628
2188
1550
1629
2189
1551
1630
2190
1552
1631
2191
1553
1632
2192
1554
1633
2193
1555
1634
2194
1556
1635
2195
1557
1636
2196
1558
1637
2197
1559
1638
2198
1560
1639
2199
1561
1640
2200
1562
1641
2201
1563
1642
2202
1564
1643
2203
1565
1644
2204
1566
1645
2205
1567
1646
2206
1568
1647
2207
1569
1648
2208
1570
1649
2209
1571
1650
2210
1572
1651
2211
1573
1652
2212
1574
1653
2213
1575
1654
2214
1576
1655
2215
1577
1656
2216
1578
1657
2217
1579
1658
2218
1580
1659
2219
1581
1660
2220
1582
1661
2221
1583
1662
2222
1584
1663
2223
1585
1664
2224
1586
1665
2225
1587
1666
2226
1588
1667
2227
1589
1668
2228
1590
1669
2229
1591
1670
2230
1592
1671
2231
1593
1672
2232
1594
1673
2233
1595
1674
2234
1596
1675
2235
1597
1676
2236
1598
1677
2237
1599
1678
2238
1679
2239
1601
1680
2240
1602
1681
2241
1603
1682
2242
1604
1683
2243
1605
1684
2244
1606
1685
2245
1607
1686
2246
1608
1687
2247
1609
1688
2248
1610
1689
2249
1611
1690
2250
1612
1691
2251
1613
1692
2252
1614
1693
2253
1615
1694
2254
1616
1695
2255
1617
1696
2256
1618
1697
2257
1619
1698
2258
1620
1699
2259
1621
1700
2260
1622
1701
2261
1623
1702
2262
1624
1703
2263
1625
1704
2264
1626
1705
2265
1627
1706
2266
1628
1707
2267
1629
1708
2268
1630
1709
2269
1631
1710
2270
1632
1711
2271
1633
1712
2272
1634
1713
2273
1635
1714
2274
1636
1715
2275
1637
1716
2276
1638
1717
2277
1639
1718
2278
1640
1719
2279
1641
1720
2280
1642
1721
2281
1643
1722
2282
1644
1723
2283
1645
1724
2284
1646
1725
2285
1647
1726
2286
1648
1727
2287
1649
1728
2288
1650
1729
2289
1651
1730
2290
1652
1731
2291
1653
1732
2292
1654
1733
2293
1655
1734
2294
1656
1735
2295
1657
1736
2296
1658
1737
2297
1659
1738
2298
1660
1739
2299
1661
1740
2300
1662
1741
2301
1663
1742
2302
1664
1743
2303
1665
1744
2304
1666
1745
2305
1667
1746
2306
1668
1747
2307
1669
1748
2308
1670
1749
2309
1671
1750
2310
1672
1751
2311
1673
1752
2312
1674
1753
2313
1675
1754
2314
1676
1755
2315
1677
1756
2316
1678
1757
2317
1679
1758
2318
1759
2319
1681
1760
2320
1682
1761
2321
1683
1762
2322
1684
1763
2323
1685
1764
2324
1686
1765
2325
1687
1766
2326
1688
1767
2327
1689
1768
2328
1690
1769
2329
1691
1770
2330
1692
1771
2331
1693
1772
2332
1694
1773
2333
1695
1774
2334
1696
1775
2335
1697
1776
2336
1698
1777
2337
1699
1778
2338
1700
1779
2339
1701
1780
2340
1702
1781
2341
1703
1782
2342
1704
1783
2343
1705
1784
2344
1706
1785
2345
1707
1786
2346
1708
1787
2347
1709
1788
2348
1710
1789
2349
1711
1790
2350
1712
1791
2351
1713
1792
2352
1714
1793
2353
1715
1794
2354
1716
1795
2355
1717
1796
2356
1718
1797
2357
1719
1798
2358
1720
1799
2359
1721
1800
2360
1722
1801
2361
1723
1802
2362
1724
1803
2363
1725
1804
2364
1726
1805
2365
1727
1806
2366
1728
1807
2367
1729
1808
2368
1730
1809
2369
1731
1810
2370
1732
1811
2371
1733
1812
2372
1734
1813
2373
1735
1814
2374
1736
1815
2375
1737
1816
2376
1738
1817
2377
1739
1818
2378
1740
1819
2379
1741
1820
2380
1742
1821
2381
1743
1822
2382
1744
1823
2383
1745
1824
2384
1746
1825
2385
1747
1826
2386
1748
1827
2387
1749
1828
2388
1750
1829
2389
1751
1830
2390
1752
1831
2391
1753
1832
2392
1754
1833
2393
1755
1834
2394
1756
1835
2395
1757
1836
2396
1758
1837
2397
1759
1838
2398
1839
2399
1761
1840
2400
1762
1841
2401
1763
1842
2402
1764
1843
2403
1765
1844
2404
1766
1845
2405
1767
1846
2406
1768
1847
2407
1769
1848
2408
1770
1849
2409
1771
1850
2410
1772
1851
2411
1773
1852
2412
1774
1853
2413
1775
1854
2414
1776
1855
2415
1777
1856
2416
1778
1857
2417
1779
1858
2418
1780
1859
2419
1781
1860
2420
1782
1861
2421
1783
1862
2422
1784
1863
2423
1785
1864
2424
1786
1865
2425
1787
1866
2426
1788
1867
2427
1789
1868
2428
1790
1869
2429
1791
1870
2430
1792
1871
2431
1793
1872
2432
1794
1873
2433
1795
1874
2434
1796
1875
2435
1797
1876
2436
1798
1877
2437
1799
1878
2438
1800
1879
2439
1801
1880
2440
1802
1881
2441
1803
1882
2442
1804
1883
2443
1805
1884
2444
1806
1885
2445
1807
1886
2446
1808
1887
2447
1809
1888
2448
1810
1889
2449
1811
1890
2450
1812
1891
2451
1813
1892
2452
1814
1893
2453
1815
1894
2454
1816
1895
2455
1817
1896
2456
1818
1897
2457
1819
1898
2458
1820
1899
2459
1821
1900
2460
1822
1901
2461
1823
1902
2462
1824
1903
2463
1825
1904
2464
1826
1905
2465
1827
1906
2466
1828
1907
2467
1829
1908
2468
1830
1909
2469
1831
1910
2470
1832
1911
2471
1833
1912
2472
1834
1913
2473
1835
1914
2474
1836
1915
2475
1837
1916
2476
1838
1917
2477
1839
1918
2478
1919
2479
1841
2480
1842
2481
1843
2482
1844
2483
1845
2484
1846
2485
1847
2486
1848
2487
1849
2488
1850
2489
1851
2490
1852
2491
1853
2492
1854
2493
1855
2494
1856
2495
1857
2496
1858
2497
1859
2498
1860
2499
1861
2500
1862
2501
1863
2502
1864
2503
1865
2504
1866
2505
1867
2506
1868
2507
1869
2508
1870
2509
1871
2510
1872
2511
1873
2512
1874
2513
1875
2514
1876
2515
1877
2516
1878
2517
1879
2518
1880
2519
1881
2520
1882
2521
1883
2522
1884
2523
1885
2524
1886
2525
1887
2526
1888
2527
1889
2528
1890
2529
1891
2530
1892
2531
1893
2532
1894
2533
1895
2534
1896
2535
1897
2536
1898
2537
1899
2538
1900
2539
1901
2540
1902
2541
1903
2542
1904
2543
1905
2544
1906
2545
1907
2546
1908
2547
1909
2548
1910
2549
1911
2550
1912
2551
1913
2552
1914
2553
1915
2554
1916
2555
1917
2556
1918
2557
1919
2558
2559
1921
2000
2560
1922
2001
2561
1923
2002
2562
1924
2003
2563
1925
2004
2564
1926
2005
2565
1927
2006
2566
1928
2007
2567
1929
2008
2568
1930
2009
2569
1931
2010
2570
1932
2011
2571
1933
2012
2572
1934
2013
2573
1935
2014
2574
1936
2015
2575
1937
2016
2576
1938
2017
2577
1939
2018
2578
1940
2019
2579
1941
2020
2580
1942
2021
2581
1943
2022
2582
1944
2023
2583
1945
2024
2584
1946
2025
2585
1947
2026
2586
1948
2027
2587
1949
2028
2588
1950
2029
2589
1951
2030
2590
1952
2031
2591
1953
2032
2592
1954
2033
2593
1955
2034
2594
1956
2035
2595
1957
2036
2596
1958
2037
2597
1959
2038
2598
1960
2039
2599
1961
2040
2600
1962
2041
2601
1963
2042
2602
1964
2043
2603
1965
2044
2604
1966
2045
2605
1967
2046
2606
1968
2047
2607
1969
2048
2608
1970
2049
2609
1971
2050
2610
1972
2051
2611
1973
2052
2612
1974
2053
2613
1975
2054
2614
1976
2055
2615
1977
2056
2616
1978
2057
2617
1979
2058
2618
1980
2059
2619
1981
2060
2620
1982
2061
2621
1983
2062
2622
1984
2063
2623
1985
2064
2624
1986
2065
2625
1987
2066
2626
1988
2067
2627
1989
2068
2628
1990
2069
2629
1991
2070
2630
1992
2071
2631
1993
2072
2632
1994
2073
2633
1995
2074
2634
1996
2075
2635
1997
2076
2636
1998
2077
2637
1999
2078
2638
2079
2639
2001
2080
2640
2002
2081
2641
2003
2082
2642
2004
2083
2643
2005
2084
2644
2006
2085
2645
2007
2086
2646
2008
2087
2647
2009
2088
2648
2010
2089
2649
2011
2090
2650
2012
2091
2651
2013
2092
2652
2014
2093
2653
2015
2094
2654
2016
2095
2655
2017
2096
2656
2018
2097
2657
2019
2098
2658
2020
2099
2659
2021
2100
2660
2022
2101
2661
2023
2102
2662
2024
2103
2663
2025
2104
2664
2026
2105
2665
2027
2106
2666
2028
2107
2667
2029
2108
2668
2030
2109
2669
2031
2110
2670
2032
2111
2671
2033
2112
2672
2034
2113
2673
2035
2114
2674
2036
2115
2675
2037
2116
2676
2038
2117
2677
2039
2118
2678
2040
2119
2679
2041
2120
2680
2042
2121
2681
2043
2122
2682
2044
2123
2683
2045
2124
2684
2046
2125
2685
2047
2126
2686
2048
2127
2687
2049
2128
2688
2050
2129
2689
2051
2130
2690
2052
2131
2691
2053
2132
2692
2054
2133
2693
2055
2134
2694
2056
2135
2695
2057
2136
2696
2058
2137
2697
2059
2138
2698
2060
2139
2699
2061
2140
2700
2062
2141
2701
2063
2142
2702
2064
2143
2703
2065
2144
2704
2066
2145
2705
2067
2146
2706
2068
2147
2707
2069
2148
2708
2070
2149
2709
2071
2150
2710
2072
2151
2711
2073
2152
2712
2074
2153
2713
2075
2154
2714
2076
2155
2715
2077
2156
2716
2078
2157
2717
2079
2158
2718
2159
2719
2081
2160
2720
2082
2161
2721
2083
2162
2722
2084
2163
2723
2085
2164
2724
2086
2165
2725
2087
2166
2726
2088
2167
2727
2089
2168
2728
2090
2169
2729
2091
2170
2730
2092
2171
2731
2093
2172
2732
2094
2173
2733
2095
2174
2734
2096
2175
2735
2097
2176
2736
2098
2177
2737
2099
2178
2738
2100
2179
2739
2101
2180
2740
2102
2181
2741
2103
2182
2742
2104
2183
2743
2105
2184
2744
2106
2185
2745
2107
2186
2746
2108
2187
2747
2109
2188
2748
2110
2189
2749
2111
2190
2750
2112
2191
2751
2113
2192
2752
2114
2193
2753
2115
2194
2754
2116
2195
2755
2117
2196
2756
2118
2197
2757
2119
2198
2758
2120
2199
2759
2121
2200
2760
2122
2201
2761
2123
2202
2762
2124
2203
2763
2125
2204
2764
2126
2205
2765
2127
2206
2766
2128
2207
2767
2129
2208
2768
2130
2209
2769
2131
2210
2770
2132
2211
2771
2133
2212
2772
2134
2213
2773
2135
2214
2774
2136
2215
2775
2137
2216
2776
2138
2217
2777
2139
2218
2778
2140
2219
2779
2141
2220
2780
2142
2221
2781
2143
2222
2782
2144
2223
2783
2145
2224
2784
2146
2225
2785
2147
2226
2786
2148
2227
2787
2149
2228
2788
2150
2229
2789
2151
2230
2790
2152
2231
2791
2153
2232
2792
2154
2233
2793
2155
2234
2794
2156
2235
2795
2157
2236
2796
2158
2237
2797
2159
2238
2798
2239
2799
2161
2240
2800
2162
2241
2801
2163
2242
2802
2164
2243
2803
2165
2244
2804
2166
2245
2805
2167
2246
2806
2168
2247
2807
2169
2248
2808
2170
2249
2809
2171
2250
2810
2172
2251
2811
2173
2252
2812
2174
2253
2813
2175
2254
2814
2176
2255
2815
2177
2256
2816
2178
2257
2817
2179
2258
2818
2180
2259
2819
2181
2260
2820
2182
2261
2821
2183
2262
2822
2184
2263
2823
2185
2264
2824
2186
2265
2825
2187
2266
2826
2188
2267
2827
2189
2268
2828
2190
2269
2829
2191
2270
2830
2192
2271
2831
2193
2272
2832
2194
2273
2833
2195
2274
2834
2196
2275
2835
2197
2276
2836
2198
2277
2837
2199
2278
2838
2200
2279
2839
2201
2280
2840
2202
2281
2841
2203
2282
2842
2204
2283
2843
2205
2284
2844
2206
2285
2845
2207
2286
2846
2208
2287
2847
2209
2288
2848
2210
2289
2849
2211
2290
2850
2212
2291
2851
2213
2292
2852
2214
2293
2853
2215
2294
2854
2216
2295
2855
2217
2296
2856
2218
2297
2857
2219
2298
2858
2220
2299
2859
2221
2300
2860
2222
2301
2861
2223
2302
2862
2224
2303
2863
2225
2304
2864
2226
2305
2865
2227
2306
2866
2228
2307
2867
2229
2308
2868
2230
2309
2869
2231
2310
2870
2232
2311
2871
2233
2312
2872
2234
2313
2873
2235
2314
2874
2236
2315
2875
2237
2316
2876
2238
2317
2877
2239
2318
2878
2319
2879
2241
2320
2880
2242
2321
2881
2243
2322
2882
2244
2323
2883
2245
2324
2884
2246
2325
2885
2247
2326
2886
2248
2327
2887
2249
2328
2888
2250
2329
2889
2251
2330
2890
2252
2331
2891
2253
2332
2892
2254
2333
2893
2255
2334
2894
2256
2335
2895
2257
2336
2896
2258
2337
2897
2259
2338
2898
2260
2339
2899
2261
2340
2900
2262
2341
2901
2263
2342
2902
2264
2343
2903
2265
2344
2904
2266
2345
2905
2267
2346
2906
2268
2347
2907
2269
2348
2908
2270
2349
2909
2271
2350
2910
2272
2351
2911
2273
2352
2912
2274
2353
2913
2275
2354
2914
2276
2355
2915
2277
2356
2916
2278
2357
2917
2279
2358
2918
2280
2359
2919
2281
2360
2920
2282
2361
2921
2283
2362
2922
2284
2363
2923
2285
2364
2924
2286
2365
2925
2287
2366
2926
2288
2367
2927
2289
2368
2928
2290
2369
2929
2291
2370
2930
2292
2371
2931
2293
2372
2932
2294
2373
2933
2295
2374
2934
2296
2375
2935
2297
2376
2936
2298
2377
2937
2299
2378
2938
2300
2379
2939
2301
2380
2940
2302
2381
2941
2303
2382
2942
2304
2383
2943
2305
2384
2944
2306
2385
2945
2307
2386
2946
2308
2387
2947
2309
2388
2948
2310
2389
2949
2311
2390
2950
2312
2391
2951
2313
2392
2952
2314
2393
2953
2315
2394
2954
2316
2395
2955
2317
2396
2956
2318
2397
2957
2319
2398
2958
2399
2959
2321
2400
2960
2322
2401
2961
2323
2402
2962
2324
2403
2963
2325
2404
2964
2326
2405
2965
2327
2406
2966
2328
2407
2967
2329
2408
2968
2330
2409
2969
2331
2410
2970
2332
2411
2971
2333
2412
2972
2334
2413
2973
2335
2414
2974
2336
2415
2975
2337
2416
2976
2338
2417
2977
2339
2418
2978
2340
2419
2979
2341
2420
2980
2342
2421
2981
2343
2422
2982
2344
2423
2983
2345
2424
2984
2346
2425
2985
2347
2426
2986
2348
2427
2987
2349
2428
2988
2350
2429
2989
2351
2430
2990
2352
2431
2991
2353
2432
2992
2354
2433
2993
2355
2434
2994
2356
2435
2995
2357
2436
2996
2358
2437
2997
2359
2438
2998
2360
2439
2999
2361
2440
3000
2362
2441
3001
2363
2442
3002
2364
2443
3003
2365
2444
3004
2366
2445
3005
2367
2446
3006
2368
2447
3007
2369
2448
3008
2370
2449
3009
2371
2450
3010
2372
2451
3011
2373
2452
3012
2374
2453
3013
2375
2454
3014
2376
2455
3015
2377
2456
3016
2378
2457
3017
2379
2458
3018
2380
2459
3019
2381
2460
3020
2382
2461
3021
2383
2462
3022
2384
2463
3023
2385
2464
3024
2386
2465
3025
2387
2466
3026
2388
2467
3027
2389
2468
3028
2390
2469
3029
2391
2470
3030
2392
2471
3031
2393
2472
3032
2394
2473
3033
2395
2474
3034
2396
2475
3035
2397
2476
3036
2398
2477
3037
2399
2478
3038
2479
3039
2401
2480
3040
2402
2481
3041
2403
2482
3042
2404
2483
3043
2405
2484
3044
2406
2485
3045
2407
2486
3046
2408
2487
3047
2409
2488
3048
2410
2489
3049
2411
2490
3050
2412
2491
3051
2413
2492
3052
2414
2493
3053
2415
2494
3054
2416
2495
3055
2417
2496
3056
2418
2497
3057
2419
2498
3058
2420
2499
3059
2421
2500
3060
2422
2501
3061
2423
2502
3062
2424
2503
3063
2425
2504
3064
2426
2505
3065
2427
2506
3066
2428
2507
3067
2429
2508
3068
2430
2509
3069
2431
2510
3070
2432
2511
3071
2433
2512
3072
2434
2513
3073
2435
2514
3074
2436
2515
3075
2437
2516
3076
2438
2517
3077
2439
2518
3078
2440
2519
3079
2441
2520
3080
2442
2521
3081
2443
2522
3082
2444
2523
3083
2445
2524
3084
2446
2525
3085
2447
2526
3086
2448
2527
3087
2449
2528
3088
2450
2529
3089
2451
2530
3090
2452
2531
3091
2453
2532
3092
2454
2533
3093
2455
2534
3094
2456
2535
3095
2457
2536
3096
2458
2537
3097
2459
2538
3098
2460
2539
3099
2461
2540
3100
2462
2541
3101
2463
2542
3102
2464
2543
3103
2465
2544
3104
2466
2545
3105
2467
2546
3106
2468
2547
3107
2469
2548
3108
2470
2549
3109
2471
2550
3110
2472
2551
3111
2473
2552
3112
2474
2553
3113
2475
2554
3114
2476
2555
3115
2477
2556
3116
2478
2557
3117
2479
2558
3118
2559
3119
2481
3120
2482
3121
2483
3122
2484
3123
2485
3124
2486
3125
2487
3126
2488
3127
2489
3128
2490
3129
2491
3130
2492
3131
2493
3132
2494
3133
2495
3134
2496
3135
2497
3136
2498
3137
2499
3138
2500
3139
2501
3140
2502
3141
2503
3142
2504
3143
2505
3144
2506
3145
2507
3146
2508
3147
2509
3148
2510
3149
2511
3150
2512
3151
2513
3152
2514
3153
2515
3154
2516
3155
2517
3156
2518
3157
2519
3158
2520
3159
2521
3160
2522
3161
2523
3162
2524
3163
2525
3164
2526
3165
2527
3166
2528
3167
2529
3168
2530
3169
2531
3170
2532
3171
2533
3172
2534
3173
2535
3174
2536
3175
2537
3176
2538
3177
2539
3178
2540
3179
2541
3180
2542
3181
2543
3182
2544
3183
2545
3184
2546
3185
2547
3186
2548
3187
2549
3188
2550
3189
2551
3190
2552
3191
2553
3192
2554
3193
2555
3194
2556
3195
2557
3196
2558
3197
2559
3198
3199
2561
2640
3200
2562
2641
3201
2563
2642
3202
2564
2643
3203
2565
2644
3204
2566
2645
3205
2567
2646
3206
2568
2647
3207
2569
2648
3208
2570
2649
3209
2571
2650
3210
2572
2651
3211
2573
2652
3212
2574
2653
3213
2575
2654
3214
2576
2655
3215
2577
2656
3216
2578
2657
3217
2579
2658
3218
2580
2659
3219
2581
2660
3220
2582
2661
3221
2583
2662
3222
2584
2663
3223
2585
2664
3224
2586
2665
3225
2587
2666
3226
2588
2667
3227
2589
2668
3228
2590
2669
3229
2591
2670
3230
2592
2671
3231
2593
2672
3232
2594
2673
3233
2595
2674
3234
2596
2675
3235
2597
2676
3236
2598
2677
3237
2599
2678
3238
2600
2679
3239
2601
2680
3240
2602
2681
3241
2603
2682
3242
2604
2683
3243
2605
2684
3244
2606
2685
3245
2607
2686
3246
2608
2687
3247
2609
2688
3248
2610
2689
3249
2611
2690
3250
2612
2691
3251
2613
2692
3252
2614
2693
3253
2615
2694
3254
2616
2695
3255
2617
2696
3256
2618
2697
3257
2619
2698
3258
2620
2699
3259
2621
2700
3260
2622
2701
3261
2623
2702
3262
2624
2703
3263
2625
2704
3264
2626
2705
3265
2627
2706
3266
2628
2707
3267
2629
2708
3268
2630
2709
3269
2631
2710
3270
2632
2711
3271
2633
2712
3272
2634
2713
3273
2635
2714
3274
2636
2715
3275
2637
2716
3276
2638
2717
3277
2639
2718
3278
2719
3279
2641
2720
3280
2642
2721
3281
2643
2722
3282
2644
2723
3283
2645
2724
3284
2646
2725
3285
2647
2726
3286
2648
2727
3287
2649
2728
3288
2650
2729
3289
2651
2730
3290
2652
2731
3291
2653
2732
3292
2654
2733
3293
2655
2734
3294
2656
2735
3295
2657
2736
3296
2658
2737
3297
2659
2738
3298
2660
2739
3299
2661
2740
3300
2662
2741
3301
2663
2742
3302
2664
2743
3303
2665
2744
3304
2666
2745
3305
2667
2746
3306
2668
2747
3307
2669
2748
3308
2670
2749
3309
2671
2750
3310
2672
2751
3311
2673
2752
3312
2674
2753
3313
2675
2754
3314
2676
2755
3315
2677
2756
3316
2678
2757
3317
2679
2758
3318
2680
2759
3319
2681
2760
3320
2682
2761
3321
2683
2762
3322
2684
2763
3323
2685
2764
3324
2686
2765
3325
2687
2766
3326
2688
2767
3327
2689
2768
3328
2690
2769
3329
2691
2770
3330
2692
2771
3331
2693
2772
3332
2694
2773
3333
2695
2774
3334
2696
2775
3335
2697
2776
3336
2698
2777
3337
2699
2778
3338
2700
2779
3339
2701
2780
3340
2702
2781
3341
2703
2782
3342
2704
2783
3343
2705
2784
3344
2706
2785
3345
2707
2786
3346
2708
2787
3347
2709
2788
3348
2710
2789
3349
2711
2790
3350
2712
2791
3351
2713
2792
3352
2714
2793
3353
2715
2794
3354
2716
2795
3355
2717
2796
3356
2718
2797
3357
2719
2798
3358
2799
3359
2721
2800
3360
2722
2801
3361
2723
2802
3362
2724
2803
3363
2725
2804
3364
2726
2805
3365
2727
2806
3366
2728
2807
3367
2729
2808
3368
2730
2809
3369
2731
2810
3370
2732
2811
3371
2733
2812
3372
2734
2813
3373
2735
2814
3374
2736
2815
3375
2737
2816
3376
2738
2817
3377
2739
2818
3378
2740
2819
3379
2741
2820
3380
2742
2821
3381
2743
2822
3382
2744
2823
3383
2745
2824
3384
2746
2825
3385
2747
2826
3386
2748
2827
3387
2749
2828
3388
2750
2829
3389
2751
2830
3390
2752
2831
3391
2753
2832
3392
2754
2833
3393
2755
2834
3394
2756
2835
3395
2757
2836
3396
2758
2837
3397
2759
2838
3398
2760
2839
3399
2761
2840
3400
2762
2841
3401
2763
2842
3402
2764
2843
3403
2765
2844
3404
2766
2845
3405
2767
2846
3406
2768
2847
3407
2769
2848
3408
2770
2849
3409
2771
2850
3410
2772
2851
3411
2773
2852
3412
2774
2853
3413
2775
2854
3414
2776
2855
3415
2777
2856
3416
2778
2857
3417
2779
2858
3418
2780
2859
3419
2781
2860
3420
2782
2861
3421
2783
2862
3422
2784
2863
3423
2785
2864
3424
2786
2865
3425
2787
2866
3426
2788
2867
3427
2789
2868
3428
2790
2869
3429
2791
2870
3430
2792
2871
3431
2793
2872
3432
2794
2873
3433
2795
2874
3434
2796
2875
3435
2797
2876
3436
2798
2877
3437
2799
2878
3438
2879
3439
2801
2880
3440
2802
2881
3441
2803
2882
3442
2804
2883
3443
2805
2884
3444
2806
2885
3445
2807
2886
3446
2808
2887
3447
2809
2888
3448
2810
2889
3449
2811
2890
3450
2812
2891
3451
2813
2892
3452
2814
2893
3453
2815
2894
3454
2816
2895
3455
2817
2896
3456
2818
2897
3457
2819
2898
3458
2820
2899
3459
2821
2900
3460
2822
2901
3461
2823
2902
3462
2824
2903
3463
2825
2904
3464
2826
2905
3465
2827
2906
3466
2828
2907
3467
2829
2908
3468
2830
2909
3469
2831
2910
3470
2832
2911
3471
2833
2912
3472
2834
2913
3473
2835
2914
3474
2836
2915
3475
2837
2916
3476
2838
2917
3477
2839
2918
3478
2840
2919
3479
2841
2920
3480
2842
2921
3481
2843
2922
3482
2844
2923
3483
2845
2924
3484
2846
2925
3485
2847
2926
3486
2848
2927
3487
2849
2928
3488
2850
2929
3489
2851
2930
3490
2852
2931
3491
2853
2932
3492
2854
2933
3493
2855
2934
3494
2856
2935
3495
2857
2936
3496
2858
2937
3497
2859
2938
3498
2860
2939
3499
2861
2940
3500
2862
2941
3501
2863
2942
3502
2864
2943
3503
2865
2944
3504
2866
2945
3505
2867
2946
3506
2868
2947
3507
2869
2948
3508
2870
2949
3509
2871
2950
3510
2872
2951
3511
2873
2952
3512
2874
2953
3513
2875
2954
3514
2876
2955
3515
2877
2956
3516
2878
2957
3517
2879
2958
3518
2959
3519
2881
2960
3520
2882
2961
3521
2883
2962
3522
2884
2963
3523
2885
2964
3524
2886
2965
3525
2887
2966
3526
2888
2967
3527
2889
2968
3528
2890
2969
3529
2891
2970
3530
2892
2971
3531
2893
2972
3532
2894
2973
3533
2895
2974
3534
2896
2975
3535
2897
2976
3536
2898
2977
3537
2899
2978
3538
2900
2979
3539
2901
2980
3540
2902
2981
3541
2903
2982
3542
2904
2983
3543
2905
2984
3544
2906
2985
3545
2907
2986
3546
2908
2987
3547
2909
2988
3548
2910
2989
3549
2911
2990
3550
2912
2991
3551
2913
2992
3552
2914
2993
3553
2915
2994
3554
2916
2995
3555
2917
2996
3556
2918
2997
3557
2919
2998
3558
2920
2999
3559
2921
3000
3560
2922
3001
3561
2923
3002
3562
2924
3003
3563
2925
3004
3564
2926
3005
3565
2927
3006
3566
2928
3007
3567
2929
3008
3568
2930
3009
3569
2931
3010
3570
2932
3011
3571
2933
3012
3572
2934
3013
3573
2935
3014
3574
2936
3015
3575
2937
3016
3576
2938
3017
3577
2939
3018
3578
2940
3019
3579
2941
3020
3580
2942
3021
3581
2943
3022
3582
2944
3023
3583
2945
3024
3584
2946
3025
3585
2947
3026
3586
2948
3027
3587
2949
3028
3588
2950
3029
3589
2951
3030
3590
2952
3031
3591
2953
3032
3592
2954
3033
3593
2955
3034
3594
2956
3035
3595
2957
3036
3596
2958
3037
3597
2959
3038
3598
3039
3599
2961
3040
3600
2962
3041
3601
2963
3042
3602
2964
3043
3603
2965
3044
3604
2966
3045
3605
2967
3046
3606
2968
3047
3607
2969
3048
3608
2970
3049
3609
2971
3050
3610
2972
3051
3611
2973
3052
3612
2974
3053
3613
2975
3054
3614
2976
3055
3615
2977
3056
3616
2978
3057
3617
2979
3058
3618
2980
3059
3619
2981
3060
3620
2982
3061
3621
2983
3062
3622
2984
3063
3623
2985
3064
3624
2986
3065
3625
2987
3066
3626
2988
3067
3627
2989
3068
3628
2990
3069
3629
2991
3070
3630
2992
3071
3631
2993
3072
3632
2994
3073
3633
2995
3074
3634
2996
3075
3635
2997
3076
3636
2998
3077
3637
2999
3078
3638
3000
3079
3639
3001
3080
3640
3002
3081
3641
3003
3082
3642
3004
3083
3643
3005
3084
3644
3006
3085
3645
3007
3086
3646
3008
3087
3647
3009
3088
3648
3010
3089
3649
3011
3090
3650
3012
3091
3651
3013
3092
3652
3014
3093
3653
3015
3094
3654
3016
3095
3655
3017
3096
3656
3018
3097
3657
3019
3098
3658
3020
3099
3659
3021
3100
3660
3022
3101
3661
3023
3102
3662
3024
3103
3663
3025
3104
3664
3026
3105
3665
3027
3106
3666
3028
3107
3667
3029
3108
3668
3030
3109
3669
3031
3110
3670
3032
3111
3671
3033
3112
3672
3034
3113
3673
3035
3114
3674
3036
3115
3675
3037
3116
3676
3038
3117
3677
3039
3118
3678
3119
3679
3041
3120
3680
3042
3121
3681
3043
3122
3682
3044
3123
3683
3045
3124
3684
3046
3125
3685
3047
3126
3686
3048
3127
3687
3049
3128
3688
3050
3129
3689
3051
3130
3690
3052
3131
3691
3053
3132
3692
3054
3133
3693
3055
3134
3694
3056
3135
3695
3057
3136
3696
3058
3137
3697
3059
3138
3698
3060
3139
3699
3061
3140
3700
3062
3141
3701
3063
3142
3702
3064
3143
3703
3065
3144
3704
3066
3145
3705
3067
3146
3706
3068
3147
3707
3069
3148
3708
3070
3149
3709
3071
3150
3710
3072
3151
3711
3073
3152
3712
3074
3153
3713
3075
3154
3714
3076
3155
3715
3077
3156
3716
3078
3157
3717
3079
3158
3718
3080
3159
3719
3081
3160
3720
3082
3161
3721
3083
3162
3722
3084
3163
3723
3085
3164
3724
3086
3165
3725
3087
3166
3726
3088
3167
3727
3089
3168
3728
3090
3169
3729
3091
3170
3730
3092
3171
3731
3093
3172
3732
3094
3173
3733
3095
3174
3734
3096
3175
3735
3097
3176
3736
3098
3177
3737
3099
3178
3738
3100
3179
3739
3101
3180
3740
3102
3181
3741
3103
3182
3742
3104
3183
3743
3105
3184
3744
3106
3185
3745
3107
3186
3746
3108
3187
3747
3109
3188
3748
3110
3189
3749
3111
3190
3750
3112
3191
3751
3113
3192
3752
3114
3193
3753
3115
3194
3754
3116
3195
3755
3117
3196
3756
3118
3197
3757
3119
3198
3758
3199
3759
3121
3760
3122
3761
3123
3762
3124
3763
3125
3764
3126
3765
3127
3766
3128
3767
3129
3768
3130
3769
3131
3770
3132
3771
3133
3772
3134
3773
3135
3774
3136
3775
3137
3776
3138
3777
3139
3778
3140
3779
3141
3780
3142
3781
3143
3782
3144
3783
3145
3784
3146
3785
3147
3786
3148
3787
3149
3788
3150
3789
3151
3790
3152
3791
3153
3792
3154
3793
3155
3794
3156
3795
3157
3796
3158
3797
3159
3798
3160
3799
3161
3800
3162
3801
3163
3802
3164
3803
3165
3804
3166
3805
3167
3806
3168
3807
3169
3808
3170
3809
3171
3810
3172
3811
3173
3812
3174
3813
3175
3814
3176
3815
3177
3816
3178
3817
3179
3818
3180
3819
3181
3820
3182
3821
3183
3822
3184
3823
3185
3824
3186
3825
3187
3826
3188
3827
3189
3828
3190
3829
3191
3830
3192
3831
3193
3832
3194
3833
3195
3834
3196
3835
3197
3836
3198
3837
3199
3838
3839
3201
3280
3840
3202
3281
3841
3203
3282
3842
3204
3283
3843
3205
3284
3844
3206
3285
3845
3207
3286
3846
3208
3287
3847
3209
3288
3848
3210
3289
3849
3211
3290
3850
3212
3291
3851
3213
3292
3852
3214
3293
3853
3215
3294
3854
3216
3295
3855
3217
3296
3856
3218
3297
3857
3219
3298
3858
3220
3299
3859
3221
3300
3860
3222
3301
3861
3223
3302
3862
3224
3303
3863
3225
3304
3864
3226
3305
3865
3227
3306
3866
3228
3307
3867
3229
3308
3868
3230
3309
3869
3231
3310
3870
3232
3311
3871
3233
3312
3872
3234
3313
3873
3235
3314
3874
3236
3315
3875
3237
3316
3876
3238
3317
3877
3239
3318
3878
3240
3319
3879
3241
3320
3880
3242
3321
3881
3243
3322
3882
3244
3323
3883
3245
3324
3884
3246
3325
3885
3247
3326
3886
3248
3327
3887
3249
3328
3888
3250
3329
3889
3251
3330
3890
3252
3331
3891
3253
3332
3892
3254
3333
3893
3255
3334
3894
3256
3335
3895
3257
3336
3896
3258
3337
3897
3259
3338
3898
3260
3339
3899
3261
3340
3900
3262
3341
3901
3263
3342
3902
3264
3343
3903
3265
3344
3904
3266
3345
3905
3267
3346
3906
3268
3347
3907
3269
3348
3908
3270
3349
3909
3271
3350
3910
3272
3351
3911
3273
3352
3912
3274
3353
3913
3275
3354
3914
3276
3355
3915
3277
3356
3916
3278
3357
3917
3279
3358
3918
3359
3919
3281
3360
3920
3282
3361
3921
3283
3362
3922
3284
3363
3923
3285
3364
3924
3286
3365
3925
3287
3366
3926
3288
3367
3927
3289
3368
3928
3290
3369
3929
3291
3370
3930
3292
3371
3931
3293
3372
3932
3294
3373
3933
3295
3374
3934
3296
3375
3935
3297
3376
3936
3298
3377
3937
3299
3378
3938
3300
3379
3939
3301
3380
3940
3302
3381
3941
3303
3382
3942
3304
3383
3943
3305
3384
3944
3306
3385
3945
3307
3386
3946
3308
3387
3947
3309
3388
3948
3310
3389
3949
3311
3390
3950
3312
3391
3951
3313
3392
3952
3314
3393
3953
3315
3394
3954
3316
3395
3955
3317
3396
3956
3318
3397
3957
3319
3398
3958
3320
3399
3959
3321
3400
3960
3322
3401
3961
3323
3402
3962
3324
3403
3963
3325
3404
3964
3326
3405
3965
3327
3406
3966
3328
3407
3967
3329
3408
3968
3330
3409
3969
3331
3410
3970
3332
3411
3971
3333
3412
3972
3334
3413
3973
3335
3414
3974
3336
3415
3975
3337
3416
3976
3338
3417
3977
3339
3418
3978
3340
3419
3979
3341
3420
3980
3342
3421
3981
3343
3422
3982
3344
3423
3983
3345
3424
3984
3346
3425
3985
3347
3426
3986
3348
3427
3987
3349
3428
3988
3350
3429
3989
3351
3430
3990
3352
3431
3991
3353
3432
3992
3354
3433
3993
3355
3434
3994
3356
3435
3995
3357
3436
3996
3358
3437
3997
3359
3438
3998
3439
3999
3361
3440
4000
3362
3441
4001
3363
3442
4002
3364
3443
4003
3365
3444
4004
3366
3445
4005
3367
3446
4006
3368
3447
4007
3369
3448
4008
3370
3449
4009
3371
3450
4010
3372
3451
4011
3373
3452
4012
3374
3453
4013
3375
3454
4014
3376
3455
4015
3377
3456
4016
3378
3457
4017
3379
3458
4018
3380
3459
4019
3381
3460
4020
3382
3461
4021
3383
3462
4022
3384
3463
4023
3385
3464
4024
3386
3465
4025
3387
3466
4026
3388
3467
4027
3389
3468
4028
3390
3469
4029
3391
3470
4030
3392
3471
4031
3393
3472
4032
3394
3473
4033
3395
3474
4034
3396
3475
4035
3397
3476
4036
3398
3477
4037
3399
3478
4038
3400
3479
4039
3401
3480
4040
3402
3481
4041
3403
3482
4042
3404
3483
4043
3405
3484
4044
3406
3485
4045
3407
3486
4046
3408
3487
4047
3409
3488
4048
3410
3489
4049
3411
3490
4050
3412
3491
4051
3413
3492
4052
3414
3493
4053
3415
3494
4054
3416
3495
4055
3417
3496
4056
3418
3497
4057
3419
3498
4058
3420
3499
4059
3421
3500
4060
3422
3501
4061
3423
3502
4062
3424
3503
4063
3425
3504
4064
3426
3505
4065
3427
3506
4066
3428
3507
4067
3429
3508
4068
3430
3509
4069
3431
3510
4070
3432
3511
4071
3433
3512
4072
3434
3513
4073
3435
3514
4074
3436
3515
4075
3437
3516
4076
3438
3517
4077
3439
3518
4078
3519
4079
3441
3520
4080
3442
3521
4081
3443
3522
4082
3444
3523
4083
3445
3524
4084
3446
3525
4085
3447
3526
4086
3448
3527
4087
3449
3528
4088
3450
3529
4089
3451
3530
4090
3452
3531
4091
3453
3532
4092
3454
3533
4093
3455
3534
4094
3456
3535
4095
3457
3536
4096
3458
3537
4097
3459
3538
4098
3460
3539
4099
3461
3540
4100
3462
3541
4101
3463
3542
4102
3464
3543
4103
3465
3544
4104
3466
3545
4105
3467
3546
4106
3468
3547
4107
3469
3548
4108
3470
3549
4109
3471
3550
4110
3472
3551
4111
3473
3552
4112
3474
3553
4113
3475
3554
4114
3476
3555
4115
3477
3556
4116
3478
3557
4117
3479
3558
4118
3480
3559
4119
3481
3560
4120
3482
3561
4121
3483
3562
4122
3484
3563
4123
3485
3564
4124
3486
3565
4125
3487
3566
4126
3488
3567
4127
3489
3568
4128
3490
3569
4129
3491
3570
4130
3492
3571
4131
3493
3572
4132
3494
3573
4133
3495
3574
4134
3496
3575
4135
3497
3576
4136
3498
3577
4137
3499
3578
4138
3500
3579
4139
3501
3580
4140
3502
3581
4141
3503
3582
4142
3504
3583
4143
3505
3584
4144
3506
3585
4145
3507
3586
4146
3508
3587
4147
3509
3588
4148
3510
3589
4149
3511
3590
4150
3512
3591
4151
3513
3592
4152
3514
3593
4153
3515
3594
4154
3516
3595
4155
3517
3596
4156
3518
3597
4157
3519
3598
4158
3599
4159
3521
3600
4160
3522
3601
4161
3523
3602
4162
3524
3603
4163
3525
3604
4164
3526
3605
4165
3527
3606
4166
3528
3607
4167
3529
3608
4168
3530
3609
4169
3531
3610
4170
3532
3611
4171
3533
3612
4172
3534
3613
4173
3535
3614
4174
3536
3615
4175
3537
3616
4176
3538
3617
4177
3539
3618
4178
3540
3619
4179
3541
3620
4180
3542
3621
4181
3543
3622
4182
3544
3623
4183
3545
3624
4184
3546
3625
4185
3547
3626
4186
3548
3627
4187
3549
3628
4188
3550
3629
4189
3551
3630
4190
3552
3631
4191
3553
3632
4192
3554
3633
4193
3555
3634
4194
3556
3635
4195
3557
3636
4196
3558
3637
4197
3559
3638
4198
3560
3639
4199
3561
3640
4200
3562
3641
4201
3563
3642
4202
3564
3643
4203
3565
3644
4204
3566
3645
4205
3567
3646
4206
3568
3647
4207
3569
3648
4208
3570
3649
4209
3571
3650
4210
3572
3651
4211
3573
3652
4212
3574
3653
4213
3575
3654
4214
3576
3655
4215
3577
3656
4216
3578
3657
4217
3579
3658
4218
3580
3659
4219
3581
3660
4220
3582
3661
4221
3583
3662
4222
3584
3663
4223
3585
3664
4224
3586
3665
4225
3587
3666
4226
3588
3667
4227
3589
3668
4228
3590
3669
4229
3591
3670
4230
3592
3671
4231
3593
3672
4232
3594
3673
4233
3595
3674
4234
3596
3675
4235
3597
3676
4236
3598
3677
4237
3599
3678
4238
3679
4239
3601
3680
4240
3602
3681
4241
3603
3682
4242
3604
3683
4243
3605
3684
4244
3606
3685
4245
3607
3686
4246
3608
3687
4247
3609
3688
4248
3610
3689
4249
3611
3690
4250
3612
3691
4251
3613
3692
4252
3614
3693
4253
3615
3694
4254
3616
3695
4255
3617
3696
4256
3618
3697
4257
3619
3698
4258
3620
3699
4259
3621
3700
4260
3622
3701
4261
3623
3702
4262
3624
3703
4263
3625
3704
4264
3626
3705
4265
3627
3706
4266
3628
3707
4267
3629
3708
4268
3630
3709
4269
3631
3710
4270
3632
3711
4271
3633
3712
4272
3634
3713
4273
3635
3714
4274
3636
3715
4275
3637
3716
4276
3638
3717
4277
3639
3718
4278
3640
3719
4279
3641
3720
4280
3642
3721
4281
3643
3722
4282
3644
3723
4283
3645
3724
4284
3646
3725
4285
3647
3726
4286
3648
3727
4287
3649
3728
4288
3650
3729
4289
3651
3730
4290
3652
3731
4291
3653
3732
4292
3654
3733
4293
3655
3734
4294
3656
3735
4295
3657
3736
4296
3658
3737
4297
3659
3738
4298
3660
3739
4299
3661
3740
4300
3662
3741
4301
3663
3742
4302
3664
3743
4303
3665
3744
4304
3666
3745
4305
3667
3746
4306
3668
3747
4307
3669
3748
4308
3670
3749
4309
3671
3750
4310
3672
3751
4311
3673
3752
4312
3674
3753
4313
3675
3754
4314
3676
3755
4315
3677
3756
4316
3678
3757
4317
3679
3758
4318
3759
4319
3681
3760
4320
3682
3761
4321
3683
3762
4322
3684
3763
4323
3685
3764
4324
3686
3765
4325
3687
3766
4326
3688
3767
4327
3689
3768
4328
3690
3769
4329
3691
3770
4330
3692
3771
4331
3693
3772
4332
3694
3773
4333
3695
3774
4334
3696
3775
4335
3697
3776
4336
3698
3777
4337
3699
3778
4338
3700
3779
4339
3701
3780
4340
3702
3781
4341
3703
3782
4342
3704
3783
4343
3705
3784
4344
3706
3785
4345
3707
3786
4346
3708
3787
4347
3709
3788
4348
3710
3789
4349
3711
3790
4350
3712
3791
4351
3713
3792
4352
3714
3793
4353
3715
3794
4354
3716
3795
4355
3717
3796
4356
3718
3797
4357
3719
3798
4358
3720
3799
4359
3721
3800
4360
3722
3801
4361
3723
3802
4362
3724
3803
4363
3725
3804
4364
3726
3805
4365
3727
3806
4366
3728
3807
4367
3729
3808
4368
3730
3809
4369
3731
3810
4370
3732
3811
4371
3733
3812
4372
3734
3813
4373
3735
3814
4374
3736
3815
4375
3737
3816
4376
3738
3817
4377
3739
3818
4378
3740
3819
4379
3741
3820
4380
3742
3821
4381
3743
3822
4382
3744
3823
4383
3745
3824
4384
3746
3825
4385
3747
3826
4386
3748
3827
4387
3749
3828
4388
3750
3829
4389
3751
3830
4390
3752
3831
4391
3753
3832
4392
3754
3833
4393
3755
3834
4394
3756
3835
4395
3757
3836
4396
3758
3837
4397
3759
3838
4398
3839
4399
3761
4400
3762
4401
3763
4402
3764
4403
3765
4404
3766
4405
3767
4406
3768
4407
3769
4408
3770
4409
3771
4410
3772
4411
3773
4412
3774
4413
3775
4414
3776
4415
3777
4416
3778
4417
3779
4418
3780
4419
3781
4420
3782
4421
3783
4422
3784
4423
3785
4424
3786
4425
3787
4426
3788
4427
3789
4428
3790
4429
3791
4430
3792
4431
3793
4432
3794
4433
3795
4434
3796
4435
3797
4436
3798
4437
3799
4438
3800
4439
3801
4440
3802
4441
3803
4442
3804
4443
3805
4444
3806
4445
3807
4446
3808
4447
3809
4448
3810
4449
3811
4450
3812
4451
3813
4452
3814
4453
3815
4454
3816
4455
3817
4456
3818
4457
3819
4458
3820
4459
3821
4460
3822
4461
3823
4462
3824
4463
3825
4464
3826
4465
3827
4466
3828
4467
3829
4468
3830
4469
3831
4470
3832
4471
3833
4472
3834
4473
3835
4474
3836
4475
3837
4476
3838
4477
3839
4478
4479
3841
3920
4480
3842
3921
4481
3843
3922
4482
3844
3923
4483
3845
3924
4484
3846
3925
4485
3847
3926
4486
3848
3927
4487
3849
3928
4488
3850
3929
4489
3851
3930
4490
3852
3931
4491
3853
3932
4492
3854
3933
4493
3855
3934
4494
3856
3935
4495
3857
3936
4496
3858
3937
4497
3859
3938
4498
3860
3939
4499
3861
3940
4500
3862
3941
4501
3863
3942
4502
3864
3943
4503
3865
3944
4504
3866
3945
4505
3867
3946
4506
3868
3947
4507
3869
3948
4508
3870
3949
4509
3871
3950
4510
3872
3951
4511
3873
3952
4512
3874
3953
4513
3875
3954
4514
3876
3955
4515
3877
3956
4516
3878
3957
4517
3879
3958
4518
3880
3959
4519
3881
3960
4520
3882
3961
4521
3883
3962
4522
3884
3963
4523
3885
3964
4524
3886
3965
4525
3887
3966
4526
3888
3967
4527
3889
3968
4528
3890
3969
4529
3891
3970
4530
3892
3971
4531
3893
3972
4532
3894
3973
4533
3895
3974
4534
3896
3975
4535
3897
3976
4536
3898
3977
4537
3899
3978
4538
3900
3979
4539
3901
3980
4540
3902
3981
4541
3903
3982
4542
3904
3983
4543
3905
3984
4544
3906
3985
4545
3907
3986
4546
3908
3987
4547
3909
3988
4548
3910
3989
4549
3911
3990
4550
3912
3991
4551
3913
3992
4552
3914
3993
4553
3915
3994
4554
3916
3995
4555
3917
3996
4556
3918
3997
4557
3919
3998
4558
3999
4559
3921
4000
4560
3922
4001
4561
3923
4002
4562
3924
4003
4563
3925
4004
4564
3926
4005
4565
3927
4006
4566
3928
4007
4567
3929
4008
4568
3930
4009
4569
3931
4010
4570
3932
4011
4571
3933
4012
4572
3934
4013
4573
3935
4014
4574
3936
4015
4575
3937
4016
4576
3938
4017
4577
3939
4018
4578
3940
4019
4579
3941
4020
4580
3942
4021
4581
3943
4022
4582
3944
4023
4583
3945
4024
4584
3946
4025
4585
3947
4026
4586
3948
4027
4587
3949
4028
4588
3950
4029
4589
3951
4030
4590
3952
4031
4591
3953
4032
4592
3954
4033
4593
3955
4034
4594
3956
4035
4595
3957
4036
4596
3958
4037
4597
3959
4038
4598
3960
4039
4599
3961
4040
4600
3962
4041
4601
3963
4042
4602
3964
4043
4603
3965
4044
4604
3966
4045
4605
3967
4046
4606
3968
4047
4607
3969
4048
4608
3970
4049
4609
3971
4050
4610
3972
4051
4611
3973
4052
4612
3974
4053
4613
3975
4054
4614
3976
4055
4615
3977
4056
4616
3978
4057
4617
3979
4058
4618
3980
4059
4619
3981
4060
4620
3982
4061
4621
3983
4062
4622
3984
4063
4623
3985
4064
4624
3986
4065
4625
3987
4066
4626
3988
4067
4627
3989
4068
4628
3990
4069
4629
3991
4070
4630
3992
4071
4631
3993
4072
4632
3994
4073
4633
3995
4074
4634
3996
4075
4635
3997
4076
4636
3998
4077
4637
3999
4078
4638
4079
4639
4001
4080
4640
4002
4081
4641
4003
4082
4642
4004
4083
4643
4005
4084
4644
4006
4085
4645
4007
4086
4646
4008
4087
4647
4009
4088
4648
4010
4089
4649
4011
4090
4650
4012
4091
4651
4013
4092
4652
4014
4093
4653
4015
4094
4654
4016
4095
4655
4017
4096
4656
4018
4097
4657
4019
4098
4658
4020
4099
4659
4021
4100
4660
4022
4101
4661
4023
4102
4662
4024
4103
4663
4025
4104
4664
4026
4105
4665
4027
4106
4666
4028
4107
4667
4029
4108
4668
4030
4109
4669
4031
4110
4670
4032
4111
4671
4033
4112
4672
4034
4113
4673
4035
4114
4674
4036
4115
4675
4037
4116
4676
4038
4117
4677
4039
4118
4678
4040
4119
4679
4041
4120
4680
4042
4121
4681
4043
4122
4682
4044
4123
4683
4045
4124
4684
4046
4125
4685
4047
4126
4686
4048
4127
4687
4049
4128
4688
4050
4129
4689
4051
4130
4690
4052
4131
4691
4053
4132
4692
4054
4133
4693
4055
4134
4694
4056
4135
4695
4057
4136
4696
4058
4137
4697
4059
4138
4698
4060
4139
4699
4061
4140
4700
4062
4141
4701
4063
4142
4702
4064
4143
4703
4065
4144
4704
4066
4145
4705
4067
4146
4706
4068
4147
4707
4069
4148
4708
4070
4149
4709
4071
4150
4710
4072
4151
4711
4073
4152
4712
4074
4153
4713
4075
4154
4714
4076
4155
4715
4077
4156
4716
4078
4157
4717
4079
4158
4718
4159
4719
4081
4160
4720
4082
4161
4721
4083
4162
4722
4084
4163
4723
4085
4164
4724
4086
4165
4725
4087
4166
4726
4088
4167
4727
4089
4168
4728
4090
4169
4729
4091
4170
4730
4092
4171
4731
4093
4172
4732
4094
4173
4733
4095
4174
4734
4096
4175
4735
4097
4176
4736
4098
4177
4737
4099
4178
4738
4100
4179
4739
4101
4180
4740
4102
4181
4741
4103
4182
4742
4104
4183
4743
4105
4184
4744
4106
4185
4745
4107
4186
4746
4108
4187
4747
4109
4188
4748
4110
4189
4749
4111
4190
4750
4112
4191
4751
4113
4192
4752
4114
4193
4753
4115
4194
4754
4116
4195
4755
4117
4196
4756
4118
4197
4757
4119
4198
4758
4120
4199
4759
4121
4200
4760
4122
4201
4761
4123
4202
4762
4124
4203
4763
4125
4204
4764
4126
4205
4765
4127
4206
4766
4128
4207
4767
4129
4208
4768
4130
4209
4769
4131
4210
4770
4132
4211
4771
4133
4212
4772
4134
4213
4773
4135
4214
4774
4136
4215
4775
4137
4216
4776
4138
4217
4777
4139
4218
4778
4140
4219
4779
4141
4220
4780
4142
4221
4781
4143
4222
4782
4144
4223
4783
4145
4224
4784
4146
4225
4785
4147
4226
4786
4148
4227
4787
4149
4228
4788
4150
4229
4789
4151
4230
4790
4152
4231
4791
4153
4232
4792
4154
4233
4793
4155
4234
4794
4156
4235
4795
4157
4236
4796
4158
4237
4797
4159
4238
4798
4239
4799
4161
4240
4800
4162
4241
4801
4163
4242
4802
4164
4243
4803
4165
4244
4804
4166
4245
4805
4167
4246
4806
4168
4247
4807
4169
4248
4808
4170
4249
4809
4171
4250
4810
4172
4251
4811
4173
4252
4812
4174
4253
4813
4175
4254
4814
4176
4255
4815
4177
4256
4816
4178
4257
4817
4179
4258
4818
4180
4259
4819
4181
4260
4820
4182
4261
4821
4183
4262
4822
4184
4263
4823
4185
4264
4824
4186
4265
4825
4187
4266
4826
4188
4267
4827
4189
4268
4828
4190
4269
4829
4191
4270
4830
4192
4271
4831
4193
4272
4832
4194
4273
4833
4195
4274
4834
4196
4275
4835
4197
4276
4836
4198
4277
4837
4199
4278
4838
4200
4279
4839
4201
4280
4840
4202
4281
4841
4203
4282
4842
4204
4283
4843
4205
4284
4844
4206
4285
4845
4207
4286
4846
4208
4287
4847
4209
4288
4848
4210
4289
4849
4211
4290
4850
4212
4291
4851
4213
4292
4852
4214
4293
4853
4215
4294
4854
4216
4295
4855
4217
4296
4856
4218
4297
4857
4219
4298
4858
4220
4299
4859
4221
4300
4860
4222
4301
4861
4223
4302
4862
4224
4303
4863
4225
4304
4864
4226
4305
4865
4227
4306
4866
4228
4307
4867
4229
4308
4868
4230
4309
4869
4231
4310
4870
4232
4311
4871
4233
4312
4872
4234
4313
4873
4235
4314
4874
4236
4315
4875
4237
4316
4876
4238
4317
4877
4239
4318
4878
4319
4879
4241
4320
4880
4242
4321
4881
4243
4322
4882
4244
4323
4883
4245
4324
4884
4246
4325
4885
4247
4326
4886
4248
4327
4887
4249
4328
4888
4250
4329
4889
4251
4330
4890
4252
4331
4891
4253
4332
4892
4254
4333
4893
4255
4334
4894
4256
4335
4895
4257
4336
4896
4258
4337
4897
4259
4338
4898
4260
4339
4899
4261
4340
4900
4262
4341
4901
4263
4342
4902
4264
4343
4903
4265
4344
4904
4266
4345
4905
4267
4346
4906
4268
4347
4907
4269
4348
4908
4270
4349
4909
4271
4350
4910
4272
4351
4911
4273
4352
4912
4274
4353
4913
4275
4354
4914
4276
4355
4915
4277
4356
4916
4278
4357
4917
4279
4358
4918
4280
4359
4919
4281
4360
4920
4282
4361
4921
4283
4362
4922
4284
4363
4923
4285
4364
4924
4286
4365
4925
4287
4366
4926
4288
4367
4927
4289
4368
4928
4290
4369
4929
4291
4370
4930
4292
4371
4931
4293
4372
4932
4294
4373
4933
4295
4374
4934
4296
4375
4935
4297
4376
4936
4298
4377
4937
4299
4378
4938
4300
4379
4939
4301
4380
4940
4302
4381
4941
4303
4382
4942
4304
4383
4943
4305
4384
4944
4306
4385
4945
4307
4386
4946
4308
4387
4947
4309
4388
4948
4310
4389
4949
4311
4390
4950
4312
4391
4951
4313
4392
4952
4314
4393
4953
4315
4394
4954
4316
4395
4955
4317
4396
4956
4318
4397
4957
4319
4398
4958
4399
4959
4321
4400
4960
4322
4401
4961
4323
4402
4962
4324
4403
4963
4325
4404
4964
4326
4405
4965
4327
4406
4966
4328
4407
4967
4329
4408
4968
4330
4409
4969
4331
4410
4970
4332
4411
4971
4333
4412
4972
4334
4413
4973
4335
4414
4974
4336
4415
4975
4337
4416
4976
4338
4417
4977
4339
4418
4978
4340
4419
4979
4341
4420
4980
4342
4421
4981
4343
4422
4982
4344
4423
4983
4345
4424
4984
4346
4425
4985
4347
4426
4986
4348
4427
4987
4349
4428
4988
4350
4429
4989
4351
4430
4990
4352
4431
4991
4353
4432
4992
4354
4433
4993
4355
4434
4994
4356
4435
4995
4357
4436
4996
4358
4437
4997
4359
4438
4998
4360
4439
4999
4361
4440
5000
4362
4441
5001
4363
4442
5002
4364
4443
5003
4365
4444
5004
4366
4445
5005
4367
4446
5006
4368
4447
5007
4369
4448
5008
4370
4449
5009
4371
4450
5010
4372
4451
5011
4373
4452
5012
4374
4453
5013
4375
4454
5014
4376
4455
5015
4377
4456
5016
4378
4457
5017
4379
4458
5018
4380
4459
5019
4381
4460
5020
4382
4461
5021
4383
4462
5022
4384
4463
5023
4385
4464
5024
4386
4465
5025
4387
4466
5026
4388
4467
5027
4389
4468
5028
4390
4469
5029
4391
4470
5030
4392
4471
5031
4393
4472
5032
4394
4473
5033
4395
4474
5034
4396
4475
5035
4397
4476
5036
4398
4477
5037
4399
4478
5038
4479
5039
4401
5040
4402
5041
4403
5042
4404
5043
4405
5044
4406
5045
4407
5046
4408
5047
4409
5048
4410
5049
4411
5050
4412
5051
4413
5052
4414
5053
4415
5054
4416
5055
4417
5056
4418
5057
4419
5058
4420
5059
4421
5060
4422
5061
4423
5062
4424
5063
4425
5064
4426
5065
4427
5066
4428
5067
4429
5068
4430
5069
4431
5070
4432
5071
4433
5072
4434
5073
4435
5074
4436
5075
4437
5076
4438
5077
4439
5078
4440
5079
4441
5080
4442
5081
4443
5082
4444
5083
4445
5084
4446
5085
4447
5086
4448
5087
4449
5088
4450
5089
4451
5090
4452
5091
4453
5092
4454
5093
4455
5094
4456
5095
4457
5096
4458
5097
4459
5098
4460
5099
4461
5100
4462
5101
4463
5102
4464
5103
4465
5104
4466
5105
4467
5106
4468
5107
4469
5108
4470
5109
4471
5110
4472
5111
4473
5112
4474
5113
4475
5114
4476
5115
4477
5116
4478
5117
4479
5118
5119
4481
4560
4482
4561
4483
4562
4484
4563
4485
4564
4486
4565
4487
4566
4488
4567
4489
4568
4490
4569
4491
4570
4492
4571
4493
4572
4494
4573
4495
4574
4496
4575
4497
4576
4498
4577
4499
4578
4500
4579
4501
4580
4502
4581
4503
4582
4504
4583
4505
4584
4506
4585
4507
4586
4508
4587
4509
4588
4510
4589
4511
4590
4512
4591
4513
4592
4514
4593
4515
4594
4516
4595
4517
4596
4518
4597
4519
4598
4520
4599
4521
4600
4522
4601
4523
4602
4524
4603
4525
4604
4526
4605
4527
4606
4528
4607
4529
4608
4530
4609
4531
4610
4532
4611
4533
4612
4534
4613
4535
4614
4536
4615
4537
4616
4538
4617
4539
4618
4540
4619
4541
4620
4542
4621
4543
4622
4544
4623
4545
4624
4546
4625
4547
4626
4548
4627
4549
4628
4550
4629
4551
4630
4552
4631
4553
4632
4554
4633
4555
4634
4556
4635
4557
4636
4558
4637
4559
4638
4639
4561
4640
4562
4641
4563
4642
4564
4643
4565
4644
4566
4645
4567
4646
4568
4647
4569
4648
4570
4649
4571
4650
4572
4651
4573
4652
4574
4653
4575
4654
4576
4655
4577
4656
4578
4657
4579
4658
4580
4659
4581
4660
4582
4661
4583
4662
4584
4663
4585
4664
4586
4665
4587
4666
4588
4667
4589
4668
4590
4669
4591
4670
4592
4671
4593
4672
4594
4673
4595
4674
4596
4675
4597
4676
4598
4677
4599
4678
4600
4679
4601
4680
4602
4681
4603
4682
4604
4683
4605
4684
4606
4685
4607
4686
4608
4687
4609
4688
4610
4689
4611
4690
4612
4691
4613
4692
4614
4693
4615
4694
4616
4695
4617
4696
4618
4697
4619
4698
4620
4699
4621
4700
4622
4701
4623
4702
4624
4703
4625
4704
4626
4705
4627
4706
4628
4707
4629
4708
4630
4709
4631
4710
4632
4711
4633
4712
4634
4713
4635
4714
4636
4715
4637
4716
4638
4717
4639
4718
4719
4641
4720
4642
4721
4643
4722
4644
4723
4645
4724
4646
4725
4647
4726
4648
4727
4649
4728
4650
4729
4651
4730
4652
4731
4653
4732
4654
4733
4655
4734
4656
4735
4657
4736
4658
4737
4659
4738
4660
4739
4661
4740
4662
4741
4663
4742
4664
4743
4665
4744
4666
4745
4667
4746
4668
4747
4669
4748
4670
4749
4671
4750
4672
4751
4673
4752
4674
4753
4675
4754
4676
4755
4677
4756
4678
4757
4679
4758
4680
4759
4681
4760
4682
4761
4683
4762
4684
4763
4685
4764
4686
4765
4687
4766
4688
4767
4689
4768
4690
4769
4691
4770
4692
4771
4693
4772
4694
4773
4695
4774
4696
4775
4697
4776
4698
4777
4699
4778
4700
4779
4701
4780
4702
4781
4703
4782
4704
4783
4705
4784
4706
4785
4707
4786
4708
4787
4709
4788
4710
4789
4711
4790
4712
4791
4713
4792
4714
4793
4715
4794
4716
4795
4717
4796
4718
4797
4719
4798
4799
4721
4800
4722
4801
4723
4802
4724
4803
4725
4804
4726
4805
4727
4806
4728
4807
4729
4808
4730
4809
4731
4810
4732
4811
4733
4812
4734
4813
4735
4814
4736
4815
4737
4816
4738
4817
4739
4818
4740
4819
4741
4820
4742
4821
4743
4822
4744
4823
4745
4824
4746
4825
4747
4826
4748
4827
4749
4828
4750
4829
4751
4830
4752
4831
4753
4832
4754
4833
4755
4834
4756
4835
4757
4836
4758
4837
4759
4838
4760
4839
4761
4840
4762
4841
4763
4842
4764
4843
4765
4844
4766
4845
4767
4846
4768
4847
4769
4848
4770
4849
4771
4850
4772
4851
4773
4852
4774
4853
4775
4854
4776
4855
4777
4856
4778
4857
4779
4858
4780
4859
4781
4860
4782
4861
4783
4862
4784
4863
4785
4864
4786
4865
4787
4866
4788
4867
4789
4868
4790
4869
4791
4870
4792
4871
4793
4872
4794
4873
4795
4874
4796
4875
4797
4876
4798
4877
4799
4878
4879
4801
4880
4802
4881
4803
4882
4804
4883
4805
4884
4806
4885
4807
4886
4808
4887
4809
4888
4810
4889
4811
4890
4812
4891
4813
4892
4814
4893
4815
4894
4816
4895
4817
4896
4818
4897
4819
4898
4820
4899
4821
4900
4822
4901
4823
4902
4824
4903
4825
4904
4826
4905
4827
4906
4828
4907
4829
4908
4830
4909
4831
4910
4832
4911
4833
4912
4834
4913
4835
4914
4836
4915
4837
4916
4838
4917
4839
4918
4840
4919
4841
4920
4842
4921
4843
4922
4844
4923
4845
4924
4846
4925
4847
4926
4848
4927
4849
4928
4850
4929
4851
4930
4852
4931
4853
4932
4854
4933
4855
4934
4856
4935
4857
4936
4858
4937
4859
4938
4860
4939
4861
4940
4862
4941
4863
4942
4864
4943
4865
4944
4866
4945
4867
4946
4868
4947
4869
4948
4870
4949
4871
4950
4872
4951
4873
4952
4874
4953
4875
4954
4876
4955
4877
4956
4878
4957
4879
4958
4959
4881
4960
4882
4961
4883
4962
4884
4963
4885
4964
4886
4965
4887
4966
4888
4967
4889
4968
4890
4969
4891
4970
4892
4971
4893
4972
4894
4973
4895
4974
4896
4975
4897
4976
4898
4977
4899
4978
4900
4979
4901
4980
4902
4981
4903
4982
4904
4983
4905
4984
4906
4985
4907
4986
4908
4987
4909
4988
4910
4989
4911
4990
4912
4991
4913
4992
4914
4993
4915
4994
4916
4995
4917
4996
4918
4997
4919
4998
4920
4999
4921
5000
4922
5001
4923
5002
4924
5003
4925
5004
4926
5005
4927
5006
4928
5007
4929
5008
4930
5009
4931
5010
4932
5011
4933
5012
4934
5013
4935
5014
4936
5015
4937
5016
4938
5017
4939
5018
4940
5019
4941
5020
4942
5021
4943
5022
4944
5023
4945
5024
4946
5025
4947
5026
4948
5027
4949
5028
4950
5029
4951
5030
4952
5031
4953
5032
4954
5033
4955
5034
4956
5035
4957
5036
4958
5037
4959
5038
5039
4961
5040
4962
5041
4963
5042
4964
5043
4965
5044
4966
5045
4967
5046
4968
5047
4969
5048
4970
5049
4971
5050
4972
5051
4973
5052
4974
5053
4975
5054
4976
5055
4977
5056
4978
5057
4979
5058
4980
5059
4981
5060
4982
5061
4983
5062
4984
5063
4985
5064
4986
5065
4987
5066
4988
5067
4989
5068
4990
5069
4991
5070
4992
5071
4993
5072
4994
5073
4995
5074
4996
5075
4997
5076
4998
5077
4999
5078
5000
5079
5001
5080
5002
5081
5003
5082
5004
5083
5005
5084
5006
5085
5007
5086
5008
5087
5009
5088
5010
5089
5011
5090
5012
5091
5013
5092
5014
5093
5015
5094
5016
5095
5017
5096
5018
5097
5019
5098
5020
5099
5021
5100
5022
5101
5023
5102
5024
5103
5025
5104
5026
5105
5027
5106
5028
5107
5029
5108
5030
5109
5031
5110
5032
5111
5033
5112
5034
5113
5035
5114
5036
5115
5037
5116
5038
5117
5039
5118
5119
5041
5042
5043
5044
5045
5046
5047
5048
5049
5050
5051
5052
5053
5054
5055
5056
5057
5058
5059
5060
5061
5062
5063
5064
5065
5066
5067
5068
5069
5070
5071
5072
5073
5074
5075
5076
5077
5078
5079
5080
5081
5082
5083
5084
5085
5086
5087
5088
5089
5090
5091
5092
5093
5094
5095
5096
5097
5098
5099
5100
5101
5102
5103
5104
5105
5106
5107
5108
5109
5110
5111
5112
5113
5114
5115
5116
5117
5118
5119
)


// ************************************************************************* //
