# Cl of the cylinder oscillating in a closed channel, from Wan and Turek (2006),
# DOI: 10.1016/j.jcp.2006.06.002, as used by the oscillatingCylinderInChannel
# case of https://github.com/solids4foam/fluid-benchmarks (commit 6f3953a)
# t Cl
0.07928913192070963 -0.001990049751243797
0.11346548188653371 -0.0006965174129353324
0.14764183185235824 0.0005970149253731322
0.17498291182501702 0.002388059701492515
0.20915926179083977 0.004875621890547251
0.25017088174982804 0.007263681592039779
0.2843472317156517 0.009353233830845763
0.3253588516746404 0.011641791044776126
0.36637047163362824 0.013532338308457702
0.40738209159261696 0.015024875621890539
0.4552289815447699 0.016318407960199004
0.49624060150375837 0.017014925373134322
0.5440874914559122 0.017313432835820895
0.5987696514012295 0.017313432835820895
0.6329460013670534 0.01701492537313433
0.6876281613123709 0.01641791044776119
0.7423103212576889 0.015522388059701485
0.796992481203006 0.014427860696517407
0.8516746411483245 0.013134328358208935
0.9200273410799722 0.011542288557213926
0.988380041011619 0.009452736318407956
1.0635680109364312 0.007164179104477607
1.1319207108680784 0.00527363184079601
1.1934381408065613 0.0034825870646766066
1.2412850307587144 0.0016915422885572101
1.2891319207108676 -0.00009950248756218638
1.3369788106630207 -0.0018905472636815968
1.377990430622009 -0.0033830845771144202
1.4258373205741626 -0.004676616915422899
1.4805194805194797 -0.0054726368159204175
1.521531100478468 -0.005671641791044776
1.576213260423786 -0.005572139303482604
1.630895420369104 -0.004676616915422899
1.6924128503075864 -0.003084577114427861
1.7539302802460697 -0.0005970149253731322
1.8222829801777174 0.0031840796019900475
1.8838004101161985 0.007960199004975112
1.9453178400546818 0.013333333333333336
2.0068352699931644 0.01840796019900496
2.0683526999316477 0.022587064676616905
2.12987012987013 0.02527363184079602
2.184552289815448 0.026865671641791045
2.2392344497607652 0.027263681592039804
2.2939166097060832 0.026766169154228844
2.341763499658236 0.025671641791044773
2.396445659603554 0.02407960199004975
2.451127819548872 0.02218905472636816
2.505809979494189 0.020298507462686556
2.539986329460013 0.018308457711442787
2.594668489405332 0.016318407960199004
2.6425153793574854 0.0144278606965174
2.6971975393028016 0.012736318407960204
2.7518796992481205 0.011144278606965166
2.8065618591934385 0.009950248756218895
2.868079289131921 0.009154228855721397
2.9295967190704033 0.008955223880597017
3.0047846889952154 0.009751243781094522
3.0799726589200267 0.011343283582089553
3.141490088858511 0.013233830845771143
3.1961722488038298 0.015422885572139354
3.2440191387559834 0.01810945273631851
3.285030758714968 0.020995024875621895
3.3260423786739546 0.02417910447761195
3.373889268626111 0.027164179104477618
3.4149008885851 0.030149253731343355
3.4559125085440874 0.032437810945273635
3.503759398496239 0.033432835820895526
3.5447710184552266 0.03253731343283582
3.59261790840738 0.028756218905472627
3.647300068352698 0.021094527363184082
3.701982228298018 0.009751243781094515
3.7634996582365003 -0.003084577114427889
3.8250170881749845 -0.013631840796019937
3.8796992481203008 -0.019104477611940326
3.9480519480519476 -0.019004975124378112
4.002734107997266 -0.014328358208955241
4.064251537935751 -0.007064676616915441
4.118933697881067 0.0008955223880597052
4.173615857826381 0.008457711442786078
4.228298017771703 0.015024875621890546
4.282980177717018 0.020398009950248756
4.330827067669173 0.024477611940298502
4.3786739576213245 0.027462686567164177
4.426520847573478 0.029154228855721394
4.4812030075187925 0.030049751243781106
4.522214627477785 0.0300497512437811
4.570061517429936 0.029452736318407953
4.624743677375251 0.02835820895522386
4.672590567327409 0.026865671641791038
4.727272727272727 0.025174129353233828
4.781954887218045 0.023383084577114424
4.843472317156527 0.0216915422885572
4.904989747095009 0.02009950248756219
4.980177717019821 0.01880597014925372
5.055365686944634 0.018009950248756214
5.116883116883117 0.01721393034825871
5.171565276828435 0.016815920398009943
5.226247436773752 0.016218905472636817
5.267259056732741 0.015422885572139299
5.315105946684895 0.014328358208955214
5.356117566643884 0.012935323383084577
5.397129186602873 0.01114427860696516
5.43814080656186 0.008656716417910444
5.485987696514012 0.005373134328358196
5.533834586466167 0.001094527363184064
5.581681476418318 -0.004278606965174153
5.629528366370472 -0.010547263681592048
5.684210526315789 -0.016815920398009956
5.7388926862611065 -0.021194029850746282
5.80041011619959 -0.021791044776119428
5.861927546138072 -0.017711442786069675
5.923444976076553 -0.00965174129353237
5.978127136021873 0.00019900497512438664
6.039644565960357 0.010348258706467668
6.101161995898835 0.019004975124378112
6.1558441558441555 0.025771144278606967
6.2105263157894735 0.03044776119402986
6.258373205741627 0.033333333333333326
6.306220095693778 0.03472636815920398
6.360902255639095 0.034925373134328364
6.4087491455912495 0.03393034825870647
6.4634313055365675 0.03233830845771144
6.504442925495555 0.030149253731343292
6.559125085440875 0.02776119402985075
6.606971975393028 0.025174129353233834
6.661654135338345 0.02268656716417909
6.709501025290496 0.020298507462686556
6.764183185235815 0.018109452736318414
6.8257006151742985 0.016318407960199004
6.88721804511278 0.015223880597014912
6.948735475051265 0.015124378109452732
7.0239234449760755 0.016218905472636817
7.099111414900889 0.018009950248756214
7.1537935748462065 0.019999999999999997
7.208475734791524 0.02248756218905472
7.256322624743676 0.02517412935323384
7.297334244702666 0.027960199004975123
7.338345864661653 0.030646766169154238
7.3861927546138055 0.0327363184079602
7.427204374572796 0.033930348258706465
7.468215994531784 0.03383084577114428
7.516062884483938 0.031243781094527363
7.563909774436089 0.025671641791044773
7.611756664388242 0.015820895522388058
7.666438824333561 0.0018905472636815829
7.72112098427888 -0.014129353233830855
7.782638414217361 -0.02796019900497515
7.837320574162682 -0.035621890547263696
7.905673274094324 -0.03542288557213932
7.960355434039645 -0.028557213930348282
8.021872863978126 -0.01741293532338313
8.08339029391661 -0.005074626865671686
8.138072453861927 0.006666666666666668
8.192754613807246 0.01671641791044777
8.247436773752565 0.02487562189054727
8.295283663704716 0.03094527363184079
8.34313055365687 0.03492537313432836
8.397812713602189 0.037213930348258706
8.445659603554343 0.03810945273631841
8.493506493506487 0.037711442786069665
8.541353383458645 0.036318407960199015
8.589200273410802 0.034328358208955224
8.643882433356119 0.032039800995024875
8.691729323308271 0.02945273631840796
8.746411483253588 0.026865671641791038
8.801093643198906 0.024378109452736316
8.86261107313739 0.02218905472636816
8.930963773069035 0.02059701492537313
9.00615174299385 0.019701492537313424
9.060833902939168 0.01970149253731343
9.136021872863978 0.019999999999999997
9.190704032809299 0.020696517412935322
9.23855092276145 0.021194029850746268
9.286397812713599 0.021791044776119407
9.32740943267259 0.02208955223880596
9.368421052631579 0.02208955223880596
9.409432672590567 0.021293532338308455
9.457279562542722 0.01930348258706467
9.498291182501713 0.015920398009950244
9.546138072453862 0.01014925373134326
9.593984962406017 0.0017910447761193965
9.648667122351334 -0.009154228855721383
9.70334928229665 -0.021094527363184096
9.764866712235134 -0.03044776119402985
9.819548872180453 -0.033930348258706514
9.881066302118933 -0.030248756218905493
9.942583732057418 -0.020895522388059737
9.997265892002734 -0.008457711442786106
10.058783321941217 0.004477611940298484
10.120300751879704 0.015920398009950237
10.174982911825017 0.024875621890547255
10.229665071770336 0.03154228855721394
10.28434723171565 0.03592039800995025
10.332194121667806 0.038407960199004984
10.380041011619962 0.03930348258706469
10.427887901572113 0.03870646766169154
10.475734791524268 0.037213930348258706
10.523581681476422 0.03492537313432836
10.578263841421737 0.032338308457711455
10.626110731373892 0.029452736318407953
10.673957621326043 0.026467661691542285
10.72863978127136 0.023781094527363177
10.78332194121668 0.021393034825870627
10.84483937115516 0.01950248756218905
10.913192071086808 0.01820895522388058
10.981544771018457 0.018109452736318386
11.05673274094327 0.01930348258706467
11.118250170881753 0.020995024875621895
11.172932330827065 0.022985074626865665
11.22077922077922 0.025174129353233828
11.268626110731377 0.027661691542288556
11.309637730690367 0.02995024875621892
11.357484620642515 0.031940298507462696
11.398496240601505 0.03333333333333332
11.439507860560498 0.03333333333333332
11.48735475051265 0.031442786069651736
11.535201640464798 0.026666666666666665
11.576213260423787 0.018208955223880587
11.630895420369106 0.005174129353233817
11.685577580314423 -0.011243781094527353
11.74025974025974 -0.027860696517412964
11.801777170198221 -0.03940298507462689
11.863294600136708 -0.04268656716417912
11.917976760082025 -0.037810945273631866
11.979494190020509 -0.0267661691542289
12.047846889952156 -0.012736318407960204
12.102529049897477 0.001094527363184064
12.157211209842789 0.01343283582089553
12.211893369788104 0.023383084577114403
12.266575529733426 0.03104477611940299
12.314422419685577 0.036318407960199015
12.36226930963773 0.03940298507462686
12.410116199589888 0.040696517412935326
12.464798359535205 0.04059701492537314
12.512645249487354 0.03930348258706468
12.56049213943951 0.0373134328358209
12.608339029391669 0.03462686567164179
12.656185919343821 0.031840796019900496
12.710868079289138 0.028955223880597014
12.76555023923445 0.026169154228855726
12.820232399179767 0.023582089552238797
12.888585099111419 0.021492537313432834
12.956937799043063 0.020199004975124377
13.032125768967877 0.020099502487562183
13.093643198906355 0.020796019900497516
13.15516062884484 0.02169154228855722
13.209842788790159 0.023084577114427858
13.257689678742311 0.02437810945273633
13.298701298701298 0.025671641791044773
13.339712918660288 0.026766169154228844
13.380724538619276 0.02716417910447761
13.435406698564591 0.02656716417910447
13.469583048530414 0.024477611940298502
13.517429938482572 0.02019900497512439
13.558441558441558 0.012736318407960197
13.613123718386877 0.0016915422885572101
13.66097060833903 -0.012437810945273645
13.722488038277511 -0.027064676616915445
13.784005468215998 -0.03761194029850751
13.84552289815448 -0.04059701492537317
13.900205058099802 -0.03552238805970154
13.96172248803828 -0.02427860696517417
14.023239917976762 -0.010149253731343288
14.084757347915245 0.003880597014925366
14.139439507860562 0.016119402985074617
14.19412166780588 0.025970149253731332
14.248803827751196 0.03303482587064677
14.296650717703352 0.03781094527363185
14.344497607655503 0.04049751243781094
14.39917976760082 0.04129353233830846
14.447026657552973 0.040696517412935326
14.49487354750513 0.0391044776119403
14.542720437457282 0.03671641791044776
14.590567327409435 0.033930348258706465
14.64524948735475 0.030945273631840797
14.693096377306908 0.027960199004975116
14.747778537252223 0.025074626865671634
14.802460697197539 0.0225870646766169
14.863978127136022 0.020597014925373122
14.93233082706767 0.019402985074626858
15.000683526999321 0.01950248756218905
15.07587149692413 0.020696517412935322
15.137388926862613 0.02228855721393034
15.192071086807932 0.02427860696517413
15.239917976760083 0.026467661691542306
15.287764866712237 0.02875621890547264
15.328776486671227 0.030746268656716418
15.369788106630214 0.03233830845771145
15.417634996582372 0.03293532338308459
15.458646616541365 0.03213930348258709
15.499658236500341 0.02895522388059702
15.5475051264525 0.022388059701492533
15.595352016404647 0.011840796019900499
15.650034176349966 -0.0032835820895522477
15.704716336295284 -0.020796019900497523
15.766233766233768 -0.03611940298507464
15.820915926179083 -0.04457711442786072
15.882433356117563 -0.044079601990049774
15.937115516062889 -0.03552238805970151
16.005468215994537 -0.0219900497512438
16.060150375939852 -0.007064676616915455
16.121667805878335 0.006965174129353227
16.169514695830486 0.018805970149253726
16.231032125768976 0.028159203980099502
16.278879015721124 0.03482587064676616
16.326725905673275 0.03930348258706469
16.381408065618594 0.04149253731343284
16.429254955570745 0.04208955223880598
16.4771018455229 0.04129353233830846
16.52494873547505 0.03940298507462686
16.572795625427208 0.036915422885572126
16.627477785372523 0.03402985074626866
16.675324675324674 0.031044776119403004
16.730006835269993 0.02805970149253728
16.784688995215312 0.02527363184079602
16.846206425153795 0.022786069651741292
16.914559125085447 0.020995024875621902
16.9829118250171 0.020199004975124377
17.051264524948756 0.020597014925373136
17.12645249487355 0.02169154228855722
17.1742993848257 0.023084577114427858
17.222146274777856 0.024676616915422882
17.26999316473001 0.026467661691542285
17.311004784689 0.02805970149253731
17.352016404647983 0.029353233830845774
17.399863294600138 0.02975124378109452
17.447710184552292 0.028955223880597014
17.488721804511282 0.026268656716417906
17.52973342447027 0.020796019900497516
17.577580314422423 0.011641791044776105
17.625427204374574 -0.0015920398009950237
17.686944634313054 -0.01771144278606966
17.74162679425838 -0.03303482587064678
17.803144224196856 -0.04258706467661692
17.864661654135343 -0.04348258706467657
17.926179084073823 -0.036218905472636856
17.987696514012303 -0.02328358208955228
18.049213943950786 -0.008159203980099505
18.103896103896112 0.006169154228855708
18.158578263841424 0.018407960199004973
18.213260423786743 0.027960199004975123
18.267942583732054 0.03482587064676616
18.315789473684212 0.03940298507462687
18.363636363636367 0.041791044776119404
18.418318523581686 0.04228855721393035
18.46616541353384 0.04149253731343284
18.507177033492827 0.03960199004975125
18.56185919343814 0.03721393034825871
18.609706083390297 0.03422885572139305
18.65755297334245 0.031144278606965163
18.712235133287766 0.02805970149253731
18.76691729323309 0.025174129353233834
18.821599453178404 0.02258706467661692
18.88995215311005 0.020796019900497502
18.9583048530417 0.01990049751243781
19.026657552973344 0.020298507462686563
19.101845522898156 0.021592039800995028
19.156527682843475 0.023184079601990037
19.211209842788794 0.025174129353233834
19.259056732740948 0.027462686567164177
19.300068352699935 0.029452736318407967
19.341079972658925 0.031243781094527363
19.388926862611076 0.03243781094527363
19.429938482570066 0.03243781094527363
19.470950102529056 0.030746268656716418
19.518796992481207 0.0263681592039801
19.566643882433358 0.01830845771144278
19.607655502392348 0.005771144278606949
19.669172932330834 -0.010646766169154248
19.723855092276146 -0.02815920398009951
19.78537252221463 -0.04149253731343287
19.846889952153113 -0.046567164179104475
19.90157211209843 -0.04258706467661692
19.963089542036915 -0.03144278606965173
20.024606971975395 -0.016616915422885598
20.079289131920714 -0.001393034825870651
20.1408065618592 0.012139303482587058
20.195488721804512 0.02328358208955223
20.250170881749835 0.03164179104477613
20.298017771701986 0.03751243781094528
20.34586466165414 0.04109452736318408
20.393711551606295 0.042587064676616916
20.448393711551613 0.04248756218905473
20.496240601503757 0.041094527363184086
20.544087491455915 0.0390049751243781
20.59193438140807 0.036218905472636814
20.64661654135339 0.03313432835820897
20.694463431305536 0.030049751243781092
20.74914559125086 0.027064676616915417
20.803827751196177 0.02427860696517413
20.86534518113466 0.022089552238805966
20.93369788106631 0.020597014925373122
21.002050580997956 0.020398009950248756
21.077238550922768 0.02129353233830847
21.138755980861248 0.02248756218905472
21.193438140806567 0.024079601990049763
21.241285030758718 0.02606965174129354
21.28229665071771 0.027860696517412936
21.330143540669862 0.029552238805970153
21.371155160628845 0.03094527363184079
21.41216678058784 0.031044776119402977
21.453178400546825 0.029751243781094533
21.50102529049898 0.026268656716417906
21.548872180451127 0.019402985074626858
21.59671907040328 0.008656716417910458
21.651401230348604 -0.006467661691542295
21.70608339029392 -0.023582089552238825
21.76076555023924 -0.03820895522388064
21.822282980177718 -0.0455721393034826
21.8838004101162 -0.043681592039801
21.945317840054685 -0.03412935323383087
22.006835269993168 -0.019900497512437818
22.061517429938487 -0.00447761194029854
22.123034859876967 0.009552238805970142
22.177717019822285 0.02129353233830846
22.232399179767604 0.03034825870646765
22.280246069719762 0.03671641791044777
22.334928229665074 0.04059701492537314
22.375939849624068 0.04258706467661691
22.43062200956938 0.04268656716417911
22.478468899521534 0.041492537313432845
22.526315789473685 0.039502487562189055
22.57416267942584 0.03681592039800996
22.62884483937116 0.033731343283582085
22.676691729323316 0.030646766169154224
22.731373889268628 0.027562189054726377
22.786056049213947 0.024676616915422896
22.847573479152423 0.022388059701492526
22.909090909090914 0.020696517412935322
22.984278879015726 0.020099502487562183
23.059466848940538 0.020895522388059702
23.12098427887902 0.02228855721393034
23.17566643882434 0.023880597014925377
23.22351332877649 0.025970149253731346
23.271360218728645 0.028059701492537316
23.312371838687636 0.030149253731343292
23.360218728639786 0.03164179104477612
23.401230348598776 0.032437810945273635
23.442241968557763 0.03194029850746269
23.483253588516753 0.029253731343283587
23.531100478468904 0.023681592039800997
23.57894736842106 0.014129353233830834
23.633629528366374 -2.7755575615628914e-17
23.68831168831169 -0.017412935323383075
23.749829118250172 -0.03422885572139307
23.81134654818866 -0.04487562189054728
23.86602870813397 -0.04676616915422889
23.92754613807246 -0.03970149253731346
23.98906356801094 -0.026666666666666686
