/*--------------------------------*- C++ -*----------------------------------*\
| =========                 |                                                 |
| \\      /  F ield         | foam-extend: Open Source CFD                    |
|  \\    /   O peration     | Version:     4.1                                |
|   \\  /    A nd           | Web:         http://www.foam-extend.org         |
|    \\/     M anipulation  |                                                 |
\*---------------------------------------------------------------------------*/
FoamFile
{
    version     2.0;
    format      ascii;
    class       volScalarField;
    location    "0.195";
    object      Dp;
}
// * * * * * * * * * * * * * * * * * * * * * * * * * * * * * * * * * * * * * //

dimensions      [1 -1 -2 0 0 0 0];

internalField   nonuniform List<scalar> 
5120
(
-0.0488111
-0.0387394
-0.0374292
-0.0369149
-0.0365414
-0.0361684
-0.0357323
-0.0352215
-0.0346452
-0.0340171
-0.0333504
-0.0326565
-0.0319443
-0.0312206
-0.0304905
-0.0297575
-0.0290241
-0.0282923
-0.0275631
-0.0268377
-0.0261165
-0.0254002
-0.0246891
-0.0239836
-0.023284
-0.0225904
-0.0219032
-0.0212226
-0.0205487
-0.0198818
-0.0192221
-0.0185697
-0.0179248
-0.0172876
-0.0166584
-0.0160372
-0.0154244
-0.0148199
-0.0142241
-0.0136371
-0.0130591
-0.0124904
-0.011931
-0.0113812
-0.0108412
-0.0103113
-0.00979151
-0.00928218
-0.0087835
-0.00829569
-0.00781897
-0.00735359
-0.00689977
-0.00645775
-0.00602779
-0.00561012
-0.00520501
-0.00481271
-0.00443347
-0.00406757
-0.00371528
-0.00337687
-0.00305261
-0.00274278
-0.00244768
-0.00216757
-0.00190276
-0.00165352
-0.00142013
-0.00120287
-0.001002
-0.000817775
-0.000650434
-0.00050023
-0.00036745
-0.000252535
-0.000156108
-8.04567e-05
-2.28034e-05
1.03749e-05
-0.0505358
-0.0404293
-0.0387568
-0.0379077
-0.0371198
-0.0364262
-0.0357691
-0.0351109
-0.0344403
-0.0337549
-0.033056
-0.0323462
-0.0316286
-0.0309061
-0.0301812
-0.0294558
-0.0287313
-0.0280089
-0.0272894
-0.0265736
-0.0258619
-0.0251548
-0.0244526
-0.0237556
-0.023064
-0.0223783
-0.0216985
-0.021025
-0.0203579
-0.0196975
-0.0190439
-0.0183975
-0.0177583
-0.0171267
-0.0165027
-0.0158867
-0.0152787
-0.014679
-0.0140878
-0.0135053
-0.0129317
-0.0123671
-0.0118118
-0.011266
-0.0107299
-0.0102038
-0.00968769
-0.00918195
-0.00868678
-0.0082024
-0.00772902
-0.0072669
-0.00681626
-0.00637735
-0.00595041
-0.00553569
-0.00513345
-0.00474394
-0.00436743
-0.00400418
-0.00365447
-0.00331856
-0.00299673
-0.00268927
-0.00239646
-0.00211859
-0.00185593
-0.00160879
-0.00137745
-0.00116221
-0.000963361
-0.000781211
-0.000616104
-0.000468444
-0.000338748
-0.000227757
-0.000136537
-6.77465e-05
-1.64085e-05
1.33416e-05
-0.0525915
-0.0411415
-0.0394524
-0.0385662
-0.0376581
-0.0368262
-0.0360486
-0.0352961
-0.0345565
-0.0338231
-0.0330921
-0.0323615
-0.0316311
-0.030901
-0.030172
-0.0294446
-0.0287195
-0.0279974
-0.0272788
-0.026564
-0.0258536
-0.0251477
-0.0244467
-0.0237509
-0.0230606
-0.0223759
-0.0216972
-0.0210246
-0.0203583
-0.0196987
-0.0190458
-0.0184
-0.0177614
-0.0171302
-0.0165066
-0.0158909
-0.0152832
-0.0146837
-0.0140926
-0.0135102
-0.0129366
-0.012372
-0.0118167
-0.0112708
-0.0107346
-0.0102083
-0.00969198
-0.00918601
-0.00869057
-0.00820589
-0.00773219
-0.00726971
-0.00681869
-0.00637937
-0.005952
-0.00553684
-0.00513412
-0.00474413
-0.00436711
-0.00400334
-0.00365308
-0.00331662
-0.00299422
-0.00268618
-0.00239278
-0.00211431
-0.00185105
-0.00160331
-0.00137138
-0.00115558
-0.000956223
-0.000773674
-0.000608332
-0.000460688
-0.000331358
-0.000221186
-0.000131364
-6.43244e-05
-1.45215e-05
1.47661e-05
-0.05357
-0.0413843
-0.0396887
-0.0388139
-0.0378832
-0.0370087
-0.036185
-0.0353914
-0.034619
-0.0338612
-0.0331129
-0.0323708
-0.0316329
-0.0308982
-0.0301665
-0.0294377
-0.0287121
-0.0279899
-0.0272715
-0.0265572
-0.0258473
-0.025142
-0.0244417
-0.0237465
-0.0230567
-0.0223725
-0.0216943
-0.0210221
-0.0203563
-0.019697
-0.0190445
-0.018399
-0.0177607
-0.0171297
-0.0165064
-0.0158908
-0.0152833
-0.0146839
-0.014093
-0.0135106
-0.0129371
-0.0123726
-0.0118173
-0.0112714
-0.0107352
-0.0102088
-0.0096925
-0.00918648
-0.00869097
-0.00820621
-0.00773241
-0.00726983
-0.00681869
-0.00637924
-0.00595174
-0.00553642
-0.00513355
-0.00474338
-0.00436618
-0.00400222
-0.00365177
-0.00331511
-0.0029925
-0.00268424
-0.00239062
-0.00211191
-0.00184843
-0.00160045
-0.00136831
-0.0011523
-0.000952786
-0.000770129
-0.000604768
-0.000457225
-0.000328147
-0.00021839
-0.000129151
-6.27002e-05
-1.32278e-05
1.60892e-05
-0.05357
-0.0413843
-0.0396887
-0.0388139
-0.0378832
-0.0370087
-0.036185
-0.0353914
-0.034619
-0.0338612
-0.0331129
-0.0323708
-0.0316329
-0.0308982
-0.0301665
-0.0294377
-0.0287121
-0.0279899
-0.0272715
-0.0265572
-0.0258473
-0.025142
-0.0244417
-0.0237465
-0.0230567
-0.0223725
-0.0216943
-0.0210221
-0.0203563
-0.019697
-0.0190445
-0.018399
-0.0177607
-0.0171297
-0.0165064
-0.0158908
-0.0152833
-0.0146839
-0.014093
-0.0135106
-0.0129371
-0.0123726
-0.0118173
-0.0112714
-0.0107352
-0.0102088
-0.0096925
-0.00918648
-0.00869097
-0.00820621
-0.00773241
-0.00726983
-0.00681869
-0.00637925
-0.00595174
-0.00553642
-0.00513355
-0.00474338
-0.00436618
-0.00400222
-0.00365177
-0.00331511
-0.0029925
-0.00268424
-0.00239062
-0.00211191
-0.00184843
-0.00160045
-0.00136831
-0.0011523
-0.000952786
-0.00077013
-0.000604768
-0.000457225
-0.000328147
-0.00021839
-0.000129152
-6.27007e-05
-1.32274e-05
1.60891e-05
-0.0525915
-0.0411415
-0.0394524
-0.0385662
-0.0376581
-0.0368262
-0.0360486
-0.0352961
-0.0345565
-0.0338231
-0.0330921
-0.0323615
-0.0316311
-0.030901
-0.030172
-0.0294446
-0.0287195
-0.0279974
-0.0272788
-0.026564
-0.0258536
-0.0251477
-0.0244467
-0.0237509
-0.0230606
-0.0223759
-0.0216972
-0.0210246
-0.0203583
-0.0196987
-0.0190458
-0.0184
-0.0177614
-0.0171302
-0.0165066
-0.0158909
-0.0152832
-0.0146837
-0.0140926
-0.0135102
-0.0129366
-0.012372
-0.0118167
-0.0112708
-0.0107346
-0.0102083
-0.00969198
-0.00918601
-0.00869057
-0.00820589
-0.00773219
-0.00726971
-0.00681869
-0.00637937
-0.005952
-0.00553684
-0.00513412
-0.00474413
-0.00436711
-0.00400334
-0.00365308
-0.00331662
-0.00299423
-0.00268618
-0.00239278
-0.00211431
-0.00185105
-0.00160331
-0.00137138
-0.00115558
-0.000956222
-0.000773673
-0.000608331
-0.000460687
-0.000331358
-0.000221187
-0.000131364
-6.43245e-05
-1.45217e-05
1.47685e-05
-0.0505358
-0.0404293
-0.0387568
-0.0379077
-0.0371198
-0.0364262
-0.0357691
-0.0351109
-0.0344403
-0.0337549
-0.033056
-0.0323462
-0.0316286
-0.0309061
-0.0301812
-0.0294558
-0.0287313
-0.0280089
-0.0272894
-0.0265736
-0.0258619
-0.0251548
-0.0244526
-0.0237556
-0.023064
-0.0223783
-0.0216985
-0.021025
-0.0203579
-0.0196975
-0.0190439
-0.0183975
-0.0177583
-0.0171267
-0.0165027
-0.0158867
-0.0152787
-0.014679
-0.0140878
-0.0135053
-0.0129317
-0.0123671
-0.0118118
-0.011266
-0.0107299
-0.0102038
-0.00968769
-0.00918195
-0.00868678
-0.0082024
-0.00772902
-0.0072669
-0.00681626
-0.00637735
-0.00595041
-0.00553569
-0.00513345
-0.00474394
-0.00436743
-0.00400418
-0.00365447
-0.00331856
-0.00299673
-0.00268927
-0.00239646
-0.00211859
-0.00185593
-0.00160879
-0.00137746
-0.00116221
-0.00096336
-0.000781211
-0.000616104
-0.000468444
-0.000338749
-0.000227758
-0.000136537
-6.77467e-05
-1.6409e-05
1.33423e-05
-0.0488111
-0.0387394
-0.0374292
-0.0369149
-0.0365414
-0.0361684
-0.0357323
-0.0352215
-0.0346452
-0.0340171
-0.0333504
-0.0326565
-0.0319443
-0.0312206
-0.0304905
-0.0297575
-0.0290241
-0.0282923
-0.0275631
-0.0268377
-0.0261165
-0.0254002
-0.0246891
-0.0239836
-0.023284
-0.0225904
-0.0219032
-0.0212226
-0.0205487
-0.0198818
-0.0192221
-0.0185697
-0.0179248
-0.0172876
-0.0166584
-0.0160372
-0.0154244
-0.0148199
-0.0142241
-0.0136371
-0.0130591
-0.0124904
-0.011931
-0.0113812
-0.0108412
-0.0103113
-0.00979151
-0.00928218
-0.0087835
-0.00829569
-0.00781897
-0.00735359
-0.00689977
-0.00645776
-0.00602779
-0.00561012
-0.00520501
-0.00481271
-0.00443347
-0.00406757
-0.00371528
-0.00337687
-0.00305261
-0.00274278
-0.00244768
-0.00216757
-0.00190276
-0.00165352
-0.00142013
-0.00120287
-0.001002
-0.000817775
-0.000650434
-0.000500229
-0.000367449
-0.000252535
-0.000156109
-8.04571e-05
-2.28033e-05
1.03769e-05
-0.0312881
-0.0241559
-0.0233328
-0.0231167
-0.022833
-0.0225656
-0.0222938
-0.0219977
-0.0216746
-0.0213272
-0.0209593
-0.0205751
-0.0201784
-0.0197724
-0.0193592
-0.0189409
-0.0185187
-0.0180938
-0.0176669
-0.0172388
-0.01681
-0.016381
-0.0159521
-0.0155237
-0.0150963
-0.01467
-0.0142452
-0.0138222
-0.0134012
-0.0129825
-0.0125664
-0.012153
-0.0117427
-0.0113357
-0.0109322
-0.0105324
-0.0101366
-0.00974503
-0.00935786
-0.00897533
-0.00859766
-0.00822508
-0.0078578
-0.00749605
-0.00714003
-0.00678996
-0.00644607
-0.00610857
-0.00577767
-0.0054536
-0.00513658
-0.00482682
-0.00452455
-0.00422998
-0.00394334
-0.00366485
-0.00339473
-0.00313321
-0.00288052
-0.00263688
-0.00240252
-0.00217767
-0.00196256
-0.00175742
-0.00156248
-0.00137798
-0.00120414
-0.00104119
-0.000889361
-0.000748859
-0.000619886
-0.00050262
-0.000397204
-0.000303736
-0.000222239
-0.000152597
-9.47121e-05
-4.94268e-05
-1.25529e-05
3.29418e-05
-0.037306
-0.026113
-0.0237016
-0.0231066
-0.0224883
-0.0219913
-0.0215869
-0.0212155
-0.0208544
-0.0204942
-0.0201301
-0.0197603
-0.0193844
-0.0190029
-0.0186164
-0.0182258
-0.0178315
-0.0174343
-0.0170347
-0.0166331
-0.0162301
-0.0158259
-0.015421
-0.0150157
-0.0146104
-0.0142054
-0.0138009
-0.0133973
-0.0129949
-0.0125939
-0.0121947
-0.0117975
-0.0114026
-0.0110103
-0.0106208
-0.0102344
-0.0098513
-0.00947184
-0.00909623
-0.00872473
-0.00835757
-0.00799501
-0.00763729
-0.00728464
-0.00693732
-0.00659557
-0.00625961
-0.00592969
-0.00560606
-0.00528893
-0.00497857
-0.0046752
-0.00437905
-0.00409038
-0.00380941
-0.00353639
-0.00327155
-0.00301513
-0.00276738
-0.00252853
-0.00229883
-0.00207851
-0.00186782
-0.001667
-0.00147629
-0.00129593
-0.00112616
-0.000967232
-0.000819372
-0.000682819
-0.000557806
-0.00044456
-0.000343309
-0.000254282
-0.000177683
-0.000113598
-6.24778e-05
-2.57472e-05
5.34747e-06
4.2562e-05
-0.0403661
-0.0276821
-0.0243866
-0.0234639
-0.0226425
-0.0219981
-0.0214947
-0.0210582
-0.0206561
-0.0202721
-0.0198963
-0.0195228
-0.0191487
-0.0187724
-0.0183933
-0.0180112
-0.0176262
-0.0172386
-0.0168487
-0.0164567
-0.016063
-0.0156679
-0.0152718
-0.014875
-0.0144777
-0.0140804
-0.0136832
-0.0132866
-0.0128908
-0.0124961
-0.0121028
-0.0117112
-0.0113215
-0.0109341
-0.0105493
-0.0101672
-0.0097882
-0.00941254
-0.00904047
-0.00867225
-0.00830816
-0.00794843
-0.00759333
-0.00724312
-0.00689804
-0.00655834
-0.00622428
-0.00589609
-0.00557405
-0.00525838
-0.00494933
-0.00464716
-0.00435211
-0.00406443
-0.00378436
-0.00351216
-0.00324806
-0.00299231
-0.00274516
-0.00250686
-0.00227766
-0.0020578
-0.00184753
-0.0016471
-0.00145675
-0.00127673
-0.0011073
-0.000948692
-0.000801162
-0.000664959
-0.000540341
-0.00042757
-0.000326926
-0.000238715
-0.000163233
-0.0001007
-5.17982e-05
-1.76847e-05
1.1347e-05
4.33394e-05
-0.0414538
-0.0281561
-0.0246199
-0.0236115
-0.0227164
-0.0220083
-0.0214579
-0.0209886
-0.0205645
-0.020167
-0.0197838
-0.0194074
-0.0190333
-0.018659
-0.0182831
-0.0179051
-0.0175246
-0.0171417
-0.0167565
-0.0163692
-0.0159802
-0.0155897
-0.015198
-0.0148053
-0.0144122
-0.0140187
-0.0136252
-0.0132321
-0.0128397
-0.0124482
-0.0120579
-0.0116691
-0.0112821
-0.0108972
-0.0105147
-0.0101349
-0.00975795
-0.00938422
-0.00901396
-0.00864744
-0.00828491
-0.00792664
-0.0075729
-0.00722393
-0.00688
-0.00654137
-0.00620828
-0.00588099
-0.00555976
-0.00524484
-0.00493647
-0.00463492
-0.00434043
-0.00405325
-0.00377364
-0.00350185
-0.00323811
-0.0029827
-0.00273585
-0.00249781
-0.00226885
-0.0020492
-0.00183911
-0.00163885
-0.00144866
-0.00126879
-0.00109949
-0.000941011
-0.000793616
-0.000657562
-0.000533119
-0.000420569
-0.000320215
-0.00023239
-0.000157418
-9.55477e-05
-4.75226e-05
-1.4346e-05
1.39763e-05
4.43227e-05
-0.0414538
-0.0281561
-0.0246199
-0.0236115
-0.0227164
-0.0220083
-0.0214579
-0.0209886
-0.0205645
-0.020167
-0.0197838
-0.0194074
-0.0190333
-0.018659
-0.0182831
-0.0179051
-0.0175246
-0.0171417
-0.0167565
-0.0163692
-0.0159802
-0.0155897
-0.015198
-0.0148053
-0.0144122
-0.0140187
-0.0136252
-0.0132321
-0.0128397
-0.0124482
-0.0120579
-0.0116691
-0.0112821
-0.0108972
-0.0105147
-0.0101349
-0.00975795
-0.00938422
-0.00901396
-0.00864744
-0.00828491
-0.00792664
-0.0075729
-0.00722393
-0.00688
-0.00654136
-0.00620828
-0.00588099
-0.00555976
-0.00524484
-0.00493647
-0.00463492
-0.00434043
-0.00405325
-0.00377364
-0.00350185
-0.00323811
-0.0029827
-0.00273585
-0.00249781
-0.00226885
-0.0020492
-0.00183911
-0.00163885
-0.00144866
-0.00126879
-0.00109949
-0.000941011
-0.000793616
-0.000657562
-0.00053312
-0.000420569
-0.000320215
-0.00023239
-0.000157418
-9.55476e-05
-4.75226e-05
-1.43459e-05
1.39763e-05
4.43225e-05
-0.0403661
-0.0276821
-0.0243866
-0.0234639
-0.0226425
-0.0219981
-0.0214947
-0.0210582
-0.0206561
-0.0202721
-0.0198963
-0.0195228
-0.0191487
-0.0187724
-0.0183933
-0.0180112
-0.0176262
-0.0172386
-0.0168487
-0.0164567
-0.016063
-0.0156679
-0.0152718
-0.014875
-0.0144777
-0.0140804
-0.0136832
-0.0132866
-0.0128908
-0.0124961
-0.0121028
-0.0117112
-0.0113215
-0.0109341
-0.0105493
-0.0101672
-0.0097882
-0.00941254
-0.00904047
-0.00867225
-0.00830816
-0.00794843
-0.00759333
-0.00724312
-0.00689804
-0.00655834
-0.00622427
-0.00589609
-0.00557405
-0.00525838
-0.00494933
-0.00464716
-0.00435211
-0.00406443
-0.00378436
-0.00351216
-0.00324806
-0.00299231
-0.00274516
-0.00250686
-0.00227766
-0.0020578
-0.00184753
-0.0016471
-0.00145675
-0.00127673
-0.0011073
-0.000948692
-0.000801162
-0.000664959
-0.000540341
-0.00042757
-0.000326926
-0.000238715
-0.000163233
-0.0001007
-5.17981e-05
-1.76846e-05
1.13467e-05
4.3339e-05
-0.037306
-0.026113
-0.0237016
-0.0231066
-0.0224883
-0.0219913
-0.0215869
-0.0212155
-0.0208544
-0.0204942
-0.0201301
-0.0197603
-0.0193844
-0.0190029
-0.0186164
-0.0182258
-0.0178315
-0.0174343
-0.0170347
-0.0166331
-0.0162301
-0.0158259
-0.015421
-0.0150157
-0.0146104
-0.0142054
-0.0138009
-0.0133973
-0.0129949
-0.0125939
-0.0121947
-0.0117975
-0.0114026
-0.0110103
-0.0106208
-0.0102344
-0.0098513
-0.00947184
-0.00909623
-0.00872473
-0.00835757
-0.00799501
-0.00763729
-0.00728464
-0.00693732
-0.00659557
-0.00625961
-0.00592969
-0.00560606
-0.00528893
-0.00497857
-0.0046752
-0.00437905
-0.00409038
-0.00380941
-0.00353639
-0.00327155
-0.00301513
-0.00276738
-0.00252853
-0.00229883
-0.00207851
-0.00186782
-0.001667
-0.00147629
-0.00129593
-0.00112616
-0.000967232
-0.000819372
-0.000682819
-0.000557806
-0.000444561
-0.000343309
-0.000254283
-0.000177683
-0.000113598
-6.24776e-05
-2.5747e-05
5.34733e-06
4.25616e-05
-0.0312881
-0.0241559
-0.0233328
-0.0231167
-0.022833
-0.0225656
-0.0222938
-0.0219977
-0.0216746
-0.0213272
-0.0209593
-0.0205751
-0.0201784
-0.0197724
-0.0193592
-0.0189409
-0.0185187
-0.0180938
-0.0176669
-0.0172388
-0.01681
-0.016381
-0.0159521
-0.0155237
-0.0150963
-0.01467
-0.0142452
-0.0138222
-0.0134012
-0.0129825
-0.0125664
-0.012153
-0.0117427
-0.0113357
-0.0109322
-0.0105324
-0.0101366
-0.00974503
-0.00935786
-0.00897533
-0.00859766
-0.00822508
-0.0078578
-0.00749605
-0.00714003
-0.00678996
-0.00644607
-0.00610857
-0.00577767
-0.0054536
-0.00513658
-0.00482682
-0.00452455
-0.00422998
-0.00394334
-0.00366485
-0.00339473
-0.00313321
-0.00288052
-0.00263688
-0.00240252
-0.00217767
-0.00196256
-0.00175742
-0.00156248
-0.00137798
-0.00120414
-0.00104119
-0.000889361
-0.000748859
-0.000619886
-0.00050262
-0.000397204
-0.000303736
-0.000222239
-0.000152597
-9.47122e-05
-4.94269e-05
-1.25531e-05
3.29418e-05
-0.0155898
-0.0118913
-0.0117358
-0.011835
-0.0117716
-0.0116706
-0.0115578
-0.011434
-0.0113015
-0.0111616
-0.0110148
-0.0108617
-0.0107028
-0.0105384
-0.0103689
-0.0101946
-0.0100159
-0.00983297
-0.00964624
-0.00945602
-0.00926261
-0.0090663
-0.00886737
-0.0086661
-0.00846274
-0.00825753
-0.00805071
-0.0078425
-0.00763313
-0.00742281
-0.00721175
-0.00700016
-0.00678824
-0.0065762
-0.00636424
-0.00615255
-0.00594135
-0.00573082
-0.00552116
-0.00531258
-0.00510526
-0.0048994
-0.00469521
-0.00449286
-0.00429257
-0.00409452
-0.0038989
-0.00370591
-0.00351573
-0.00332858
-0.00314462
-0.00296406
-0.00278708
-0.00261388
-0.00244463
-0.00227954
-0.00211879
-0.00196257
-0.00181105
-0.00166444
-0.0015229
-0.00138663
-0.0012558
-0.0011306
-0.00101121
-0.000897799
-0.000790547
-0.000689623
-0.000595189
-0.000507397
-0.000426381
-0.000352244
-0.000285042
-0.000224762
-0.000171274
-0.000124255
-8.35151e-05
-5.01413e-05
-1.75658e-05
4.50902e-05
-0.0200966
-0.0133497
-0.0117718
-0.0114368
-0.0111035
-0.0108587
-0.0106861
-0.0105445
-0.0104172
-0.0102959
-0.0101754
-0.0100526
-0.00992592
-0.00979451
-0.009658
-0.0095163
-0.0093695
-0.00921776
-0.00906132
-0.00890044
-0.00873537
-0.00856639
-0.00839375
-0.00821772
-0.00803856
-0.00785652
-0.00767184
-0.00748478
-0.00729557
-0.00710445
-0.00691165
-0.00671743
-0.006522
-0.00632559
-0.00612845
-0.0059308
-0.00573286
-0.00553487
-0.00533705
-0.00513962
-0.00494282
-0.00474686
-0.00455197
-0.00435837
-0.00416627
-0.0039759
-0.00378748
-0.00360123
-0.00341735
-0.00323607
-0.0030576
-0.00288215
-0.00270994
-0.00254118
-0.00237607
-0.00221483
-0.00205766
-0.00190477
-0.00175636
-0.00161264
-0.0014738
-0.00134005
-0.00121159
-0.0010886
-0.000971287
-0.000859838
-0.000754442
-0.000655282
-0.000562537
-0.00047638
-0.000396972
-0.000324458
-0.000258961
-0.000200574
-0.000149291
-0.000104894
-6.76871e-05
-3.85052e-05
-2.82786e-06
5.21689e-05
-0.0226815
-0.0147217
-0.0122183
-0.0115076
-0.0109832
-0.0106255
-0.010389
-0.0102125
-0.0100683
-0.0099418
-0.00982363
-0.00970797
-0.00959133
-0.0094717
-0.00934795
-0.00921951
-0.00908613
-0.00894778
-0.00880456
-0.00865661
-0.00850414
-0.00834737
-0.00818654
-0.00802189
-0.00785365
-0.00768209
-0.00750744
-0.00732996
-0.00714989
-0.00696747
-0.00678296
-0.0065966
-0.00640863
-0.0062193
-0.00602885
-0.00583752
-0.00564555
-0.00545319
-0.00526066
-0.00506822
-0.00487609
-0.00468451
-0.00449372
-0.00430395
-0.00411543
-0.0039284
-0.00374308
-0.0035597
-0.00337849
-0.00319969
-0.0030235
-0.00285016
-0.0026799
-0.00251292
-0.00234945
-0.00218971
-0.00203392
-0.00188229
-0.00173503
-0.00159236
-0.00145449
-0.00132162
-0.00119395
-0.0010717
-0.00095506
-0.000844232
-0.00073941
-0.000640788
-0.000548552
-0.000462889
-0.000383977
-0.000311988
-0.000247084
-0.000189417
-0.000139059
-9.59251e-05
-6.05136e-05
-3.28458e-05
2.78272e-06
4.98803e-05
-0.0235869
-0.0151648
-0.0123867
-0.011555
-0.0109479
-0.0105314
-0.0102578
-0.0100591
-0.00990257
-0.00977057
-0.00965146
-0.00953785
-0.00942518
-0.00931071
-0.00919283
-0.00907064
-0.00894371
-0.00881186
-0.00867508
-0.00853348
-0.00838721
-0.00823647
-0.00808147
-0.00792245
-0.00775963
-0.00759327
-0.00742362
-0.00725091
-0.00707539
-0.00689733
-0.00671696
-0.00653454
-0.00635032
-0.00616455
-0.00597746
-0.00578932
-0.00560037
-0.00541086
-0.00522102
-0.00503111
-0.00484136
-0.00465202
-0.00446333
-0.00427553
-0.00408885
-0.00390354
-0.00371982
-0.00353794
-0.00335813
-0.00318062
-0.00300563
-0.00283341
-0.00266417
-0.00249814
-0.00233555
-0.00217662
-0.00202158
-0.00187063
-0.00172401
-0.00158192
-0.00144457
-0.00131219
-0.00118498
-0.00106315
-0.000946893
-0.000836424
-0.000731938
-0.000633632
-0.000541701
-0.000456335
-0.000377724
-0.000306052
-0.0002415
-0.00018424
-0.000134366
-9.18319e-05
-5.72083e-05
-3.02143e-05
5.09388e-06
4.95448e-05
-0.0235869
-0.0151648
-0.0123867
-0.011555
-0.0109479
-0.0105314
-0.0102578
-0.0100591
-0.00990257
-0.00977057
-0.00965146
-0.00953785
-0.00942518
-0.00931071
-0.00919283
-0.00907064
-0.00894371
-0.00881186
-0.00867508
-0.00853348
-0.00838721
-0.00823647
-0.00808147
-0.00792245
-0.00775963
-0.00759327
-0.00742362
-0.00725091
-0.00707539
-0.00689733
-0.00671696
-0.00653454
-0.00635032
-0.00616455
-0.00597746
-0.00578932
-0.00560037
-0.00541086
-0.00522102
-0.00503111
-0.00484136
-0.00465202
-0.00446333
-0.00427553
-0.00408885
-0.00390354
-0.00371982
-0.00353794
-0.00335813
-0.00318062
-0.00300563
-0.00283341
-0.00266417
-0.00249814
-0.00233555
-0.00217662
-0.00202158
-0.00187063
-0.00172401
-0.00158192
-0.00144457
-0.00131219
-0.00118498
-0.00106315
-0.000946893
-0.000836424
-0.000731938
-0.000633632
-0.000541701
-0.000456335
-0.000377724
-0.000306052
-0.0002415
-0.00018424
-0.000134366
-9.1832e-05
-5.72083e-05
-3.02143e-05
5.09386e-06
4.95448e-05
-0.0226815
-0.0147217
-0.0122183
-0.0115076
-0.0109832
-0.0106255
-0.010389
-0.0102125
-0.0100683
-0.0099418
-0.00982363
-0.00970797
-0.00959133
-0.0094717
-0.00934795
-0.00921951
-0.00908613
-0.00894778
-0.00880456
-0.00865661
-0.00850414
-0.00834737
-0.00818654
-0.00802189
-0.00785365
-0.00768209
-0.00750744
-0.00732996
-0.00714989
-0.00696747
-0.00678296
-0.0065966
-0.00640863
-0.0062193
-0.00602885
-0.00583752
-0.00564555
-0.00545319
-0.00526066
-0.00506822
-0.00487609
-0.00468451
-0.00449372
-0.00430395
-0.00411543
-0.0039284
-0.00374308
-0.0035597
-0.00337849
-0.00319969
-0.0030235
-0.00285016
-0.0026799
-0.00251292
-0.00234945
-0.00218971
-0.00203392
-0.00188229
-0.00173503
-0.00159236
-0.00145449
-0.00132162
-0.00119395
-0.0010717
-0.00095506
-0.000844231
-0.00073941
-0.000640788
-0.000548552
-0.000462889
-0.000383977
-0.000311988
-0.000247084
-0.000189417
-0.000139059
-9.5925e-05
-6.05136e-05
-3.28458e-05
2.78268e-06
4.98802e-05
-0.0200966
-0.0133497
-0.0117718
-0.0114368
-0.0111035
-0.0108587
-0.0106861
-0.0105445
-0.0104172
-0.0102959
-0.0101754
-0.0100526
-0.00992592
-0.00979451
-0.009658
-0.0095163
-0.0093695
-0.00921776
-0.00906132
-0.00890044
-0.00873537
-0.00856639
-0.00839375
-0.00821772
-0.00803856
-0.00785652
-0.00767184
-0.00748478
-0.00729557
-0.00710445
-0.00691165
-0.00671743
-0.006522
-0.00632559
-0.00612845
-0.0059308
-0.00573286
-0.00553487
-0.00533705
-0.00513962
-0.00494282
-0.00474686
-0.00455197
-0.00435837
-0.00416627
-0.0039759
-0.00378748
-0.00360123
-0.00341735
-0.00323607
-0.0030576
-0.00288215
-0.00270994
-0.00254118
-0.00237607
-0.00221483
-0.00205766
-0.00190477
-0.00175636
-0.00161264
-0.0014738
-0.00134005
-0.00121159
-0.0010886
-0.000971287
-0.000859838
-0.000754441
-0.000655282
-0.000562537
-0.00047638
-0.000396972
-0.000324458
-0.000258961
-0.000200574
-0.000149291
-0.000104894
-6.76871e-05
-3.85052e-05
-2.82782e-06
5.21689e-05
-0.0155898
-0.0118913
-0.0117358
-0.011835
-0.0117716
-0.0116706
-0.0115578
-0.011434
-0.0113015
-0.0111616
-0.0110148
-0.0108617
-0.0107028
-0.0105384
-0.0103689
-0.0101946
-0.0100159
-0.00983297
-0.00964624
-0.00945602
-0.00926261
-0.0090663
-0.00886737
-0.0086661
-0.00846274
-0.00825753
-0.00805071
-0.0078425
-0.00763313
-0.00742281
-0.00721175
-0.00700016
-0.00678824
-0.0065762
-0.00636424
-0.00615255
-0.00594135
-0.00573082
-0.00552116
-0.00531258
-0.00510526
-0.0048994
-0.00469521
-0.00449286
-0.00429257
-0.00409452
-0.0038989
-0.00370591
-0.00351573
-0.00332858
-0.00314462
-0.00296406
-0.00278708
-0.00261388
-0.00244463
-0.00227954
-0.00211879
-0.00196257
-0.00181105
-0.00166444
-0.0015229
-0.00138663
-0.0012558
-0.0011306
-0.00101121
-0.000897799
-0.000790547
-0.000689623
-0.000595189
-0.000507397
-0.000426381
-0.000352244
-0.000285042
-0.000224762
-0.000171274
-0.000124255
-8.3515e-05
-5.01414e-05
-1.75663e-05
4.50895e-05
-0.00153259
-0.00139744
-0.00161911
-0.00182048
-0.00190569
-0.00193365
-0.00194106
-0.00194381
-0.00194936
-0.00196005
-0.0019754
-0.00199387
-0.00201368
-0.00203324
-0.00205131
-0.00206698
-0.00207967
-0.00208905
-0.00209495
-0.00209734
-0.00209624
-0.00209175
-0.00208396
-0.00207299
-0.00205898
-0.00204203
-0.00202227
-0.00199983
-0.0019748
-0.00194732
-0.00191749
-0.00188542
-0.00185124
-0.00181506
-0.00177699
-0.00173715
-0.00169566
-0.00165264
-0.00160821
-0.00156248
-0.00151558
-0.00146762
-0.00141874
-0.00136905
-0.00131867
-0.00126773
-0.00121635
-0.00116464
-0.00111274
-0.00106076
-0.00100882
-0.000957038
-0.000905538
-0.000854436
-0.000803848
-0.00075389
-0.000704676
-0.000656319
-0.000608931
-0.000562621
-0.000517499
-0.00047367
-0.000431241
-0.000390313
-0.000350987
-0.000313363
-0.000277537
-0.000243602
-0.000211648
-0.00018176
-0.000154014
-0.000128473
-0.000105184
-8.41674e-05
-6.53978e-05
-4.87597e-05
-3.44778e-05
-2.4395e-05
-1.14457e-05
4.16524e-05
-0.00318641
-0.00149182
-0.000983441
-0.000909696
-0.000871887
-0.000863436
-0.000881988
-0.000917257
-0.000963824
-0.00101786
-0.00107598
-0.00113548
-0.00119433
-0.00125106
-0.00130467
-0.00135449
-0.00140012
-0.00144134
-0.00147807
-0.0015103
-0.00153808
-0.00156148
-0.00158062
-0.00159561
-0.00160656
-0.00161361
-0.00161688
-0.0016165
-0.00161261
-0.00160534
-0.00159481
-0.00158118
-0.00156456
-0.00154511
-0.00152296
-0.00149826
-0.00147114
-0.00144175
-0.00141024
-0.00137675
-0.00134142
-0.0013044
-0.00126584
-0.00122589
-0.00118469
-0.00114238
-0.00109911
-0.00105504
-0.00101029
-0.000965019
-0.000919367
-0.000873474
-0.000827482
-0.000781529
-0.000735754
-0.000690292
-0.000645279
-0.000600846
-0.000557125
-0.000514244
-0.000472329
-0.000431506
-0.000391895
-0.000353616
-0.000316786
-0.000281517
-0.000247921
-0.000216104
-0.00018617
-0.000158217
-0.000132337
-0.000108614
-8.71219e-05
-6.79272e-05
-5.10283e-05
-3.62896e-05
-2.43936e-05
-1.67652e-05
2.36484e-06
4.17323e-05
-0.00412908
-0.00184351
-0.000900977
-0.000625722
-0.000483353
-0.000423099
-0.000422214
-0.000455938
-0.000510514
-0.000577522
-0.000650995
-0.00072682
-0.00080225
-0.000875481
-0.000945348
-0.00101113
-0.00107238
-0.00112888
-0.0011805
-0.00122723
-0.00126909
-0.00130615
-0.00133849
-0.00136622
-0.00138944
-0.0014083
-0.0014229
-0.00143338
-0.00143989
-0.00144255
-0.00144152
-0.00143694
-0.00142895
-0.0014177
-0.00140335
-0.00138606
-0.00136596
-0.00134323
-0.00131801
-0.00129047
-0.00126076
-0.00122904
-0.00119547
-0.00116021
-0.00112341
-0.00108524
-0.00104586
-0.00100541
-0.000964055
-0.000921954
-0.000879257
-0.00083612
-0.000792692
-0.000749124
-0.000705565
-0.000662162
-0.000619059
-0.000576399
-0.000534322
-0.000492968
-0.000452471
-0.000412966
-0.000374581
-0.000337446
-0.000301684
-0.000267417
-0.000234762
-0.000203834
-0.000174743
-0.000147596
-0.000122493
-9.95313e-05
-7.88021e-05
-6.03965e-05
-4.4342e-05
-3.05856e-05
-1.99577e-05
-1.2923e-05
6.95753e-06
3.51596e-05
-0.00448429
-0.00200461
-0.000897315
-0.000529157
-0.000326526
-0.000229791
-0.000210206
-0.000236524
-0.000290538
-0.000361031
-0.000440267
-0.00052306
-0.000606043
-0.000687065
-0.000764773
-0.000838337
-0.000907267
-0.000971292
-0.00103028
-0.00108419
-0.00113303
-0.00117685
-0.00121575
-0.00124981
-0.00127915
-0.00130388
-0.00132413
-0.00134004
-0.00135174
-0.00135937
-0.00136309
-0.00136304
-0.00135938
-0.00135226
-0.00134183
-0.00132826
-0.0013117
-0.00129232
-0.00127029
-0.00124575
-0.00121889
-0.00118985
-0.00115882
-0.00112594
-0.00109139
-0.00105534
-0.00101793
-0.000979342
-0.000939732
-0.000899262
-0.000858092
-0.000816379
-0.000774282
-0.000731955
-0.000689553
-0.000647227
-0.000605127
-0.000563402
-0.000522196
-0.000481653
-0.000441913
-0.000403113
-0.000365388
-0.00032887
-0.000293688
-0.000259966
-0.000227827
-0.000197387
-0.000168762
-0.000142062
-0.000117393
-9.48576e-05
-7.45551e-05
-5.65864e-05
-4.09864e-05
-2.77358e-05
-1.77428e-05
-1.11232e-05
8.62361e-06
3.32526e-05
-0.00448429
-0.00200461
-0.000897315
-0.000529157
-0.000326526
-0.000229791
-0.000210206
-0.000236524
-0.000290538
-0.000361031
-0.000440267
-0.00052306
-0.000606043
-0.000687065
-0.000764773
-0.000838337
-0.000907267
-0.000971292
-0.00103028
-0.00108419
-0.00113303
-0.00117685
-0.00121575
-0.00124981
-0.00127915
-0.00130388
-0.00132413
-0.00134004
-0.00135174
-0.00135937
-0.00136309
-0.00136304
-0.00135938
-0.00135226
-0.00134183
-0.00132826
-0.0013117
-0.00129232
-0.00127029
-0.00124575
-0.00121889
-0.00118985
-0.00115882
-0.00112594
-0.00109139
-0.00105534
-0.00101793
-0.000979342
-0.000939732
-0.000899262
-0.000858092
-0.000816379
-0.000774282
-0.000731955
-0.000689553
-0.000647227
-0.000605127
-0.000563402
-0.000522196
-0.000481653
-0.000441913
-0.000403113
-0.000365388
-0.00032887
-0.000293688
-0.000259966
-0.000227827
-0.000197387
-0.000168762
-0.000142062
-0.000117393
-9.48576e-05
-7.45552e-05
-5.65865e-05
-4.09864e-05
-2.77359e-05
-1.77428e-05
-1.11233e-05
8.62361e-06
3.32527e-05
-0.00412908
-0.00184351
-0.000900977
-0.000625722
-0.000483353
-0.000423099
-0.000422214
-0.000455938
-0.000510514
-0.000577522
-0.000650995
-0.00072682
-0.00080225
-0.000875481
-0.000945348
-0.00101113
-0.00107238
-0.00112888
-0.0011805
-0.00122723
-0.00126909
-0.00130615
-0.00133849
-0.00136622
-0.00138944
-0.0014083
-0.0014229
-0.00143338
-0.00143989
-0.00144255
-0.00144152
-0.00143694
-0.00142895
-0.0014177
-0.00140335
-0.00138606
-0.00136596
-0.00134323
-0.00131801
-0.00129047
-0.00126076
-0.00122904
-0.00119547
-0.00116021
-0.00112341
-0.00108524
-0.00104586
-0.00100541
-0.000964055
-0.000921954
-0.000879257
-0.00083612
-0.000792692
-0.000749124
-0.000705565
-0.000662162
-0.000619059
-0.000576399
-0.000534322
-0.000492968
-0.000452471
-0.000412966
-0.000374581
-0.000337446
-0.000301684
-0.000267417
-0.000234762
-0.000203834
-0.000174743
-0.000147596
-0.000122493
-9.95313e-05
-7.88022e-05
-6.03965e-05
-4.4342e-05
-3.05856e-05
-1.99577e-05
-1.2923e-05
6.95762e-06
3.51598e-05
-0.00318641
-0.00149182
-0.000983441
-0.000909696
-0.000871887
-0.000863436
-0.000881988
-0.000917257
-0.000963824
-0.00101786
-0.00107598
-0.00113548
-0.00119433
-0.00125106
-0.00130467
-0.00135449
-0.00140012
-0.00144134
-0.00147807
-0.0015103
-0.00153808
-0.00156148
-0.00158062
-0.00159561
-0.00160656
-0.00161361
-0.00161688
-0.0016165
-0.00161261
-0.00160534
-0.00159481
-0.00158118
-0.00156456
-0.00154511
-0.00152296
-0.00149826
-0.00147114
-0.00144175
-0.00141024
-0.00137675
-0.00134142
-0.0013044
-0.00126584
-0.00122589
-0.00118469
-0.00114238
-0.00109911
-0.00105504
-0.00101029
-0.000965019
-0.000919367
-0.000873474
-0.000827482
-0.000781529
-0.000735754
-0.000690292
-0.000645279
-0.000600846
-0.000557125
-0.000514244
-0.000472329
-0.000431506
-0.000391895
-0.000353616
-0.000316786
-0.000281517
-0.000247921
-0.000216104
-0.00018617
-0.000158217
-0.000132337
-0.000108614
-8.7122e-05
-6.79272e-05
-5.10283e-05
-3.62896e-05
-2.43936e-05
-1.67652e-05
2.36501e-06
4.17324e-05
-0.00153259
-0.00139744
-0.00161911
-0.00182048
-0.00190569
-0.00193365
-0.00194106
-0.00194381
-0.00194936
-0.00196005
-0.0019754
-0.00199387
-0.00201368
-0.00203324
-0.00205131
-0.00206698
-0.00207967
-0.00208905
-0.00209495
-0.00209734
-0.00209624
-0.00209175
-0.00208396
-0.00207299
-0.00205898
-0.00204203
-0.00202228
-0.00199983
-0.0019748
-0.00194732
-0.00191749
-0.00188542
-0.00185124
-0.00181506
-0.00177699
-0.00173715
-0.00169566
-0.00165264
-0.00160821
-0.00156248
-0.00151558
-0.00146762
-0.00141874
-0.00136905
-0.00131867
-0.00126773
-0.00121635
-0.00116464
-0.00111274
-0.00106076
-0.00100882
-0.000957038
-0.000905539
-0.000854436
-0.000803848
-0.00075389
-0.000704676
-0.000656319
-0.000608931
-0.000562621
-0.000517499
-0.000473671
-0.000431241
-0.000390313
-0.000350987
-0.000313363
-0.000277537
-0.000243602
-0.000211649
-0.00018176
-0.000154014
-0.000128474
-0.000105184
-8.41676e-05
-6.5398e-05
-4.876e-05
-3.4478e-05
-2.4395e-05
-1.14458e-05
4.16517e-05
0.0105617
0.00738811
0.0069936
0.0068705
0.00673497
0.00664053
0.00655825
0.00646616
0.00635688
0.00622993
0.00608808
0.00593518
0.00577495
0.00561046
0.00544407
0.00527746
0.00511178
0.00494776
0.00478588
0.00462641
0.00446952
0.00431529
0.00416378
0.00401502
0.00386903
0.00372582
0.00358541
0.00344782
0.00331305
0.00318111
0.00305201
0.00292577
0.00280238
0.00268185
0.00256417
0.00244934
0.00233736
0.00222822
0.00212191
0.00201842
0.00191773
0.00181983
0.00172469
0.00163231
0.00154267
0.00145574
0.0013715
0.00128994
0.00121103
0.00113476
0.0010611
0.000990031
0.00092154
0.000855605
0.000792208
0.000731333
0.000672963
0.000617085
0.000563684
0.000512751
0.000464274
0.000418246
0.00037466
0.000333511
0.000294796
0.000258512
0.000224659
0.000193235
0.000164237
0.000137656
0.000113478
9.16697e-05
7.21759e-05
5.48956e-05
3.96766e-05
2.63235e-05
1.42005e-05
1.1637e-06
-7.00429e-06
2.22868e-05
0.0118043
0.00856756
0.00819695
0.00814898
0.00797081
0.00780139
0.00764029
0.00747216
0.00729456
0.00710851
0.00691601
0.00671935
0.00652062
0.00632146
0.00612313
0.00592654
0.0057323
0.00554082
0.00535239
0.00516719
0.00498532
0.00480687
0.00463189
0.00446041
0.00429245
0.00412803
0.00396718
0.00380989
0.00365617
0.00350602
0.00335945
0.00321643
0.00307697
0.00294105
0.00280865
0.00267976
0.00255434
0.00243239
0.00231385
0.00219872
0.00208695
0.00197852
0.00187338
0.00177151
0.00167286
0.0015774
0.00148508
0.00139589
0.00130976
0.00122667
0.00114657
0.00106944
0.000995231
0.000923908
0.000855437
0.000789785
0.000726918
0.000666806
0.00060942
0.000554732
0.000502716
0.000453349
0.000406609
0.000362477
0.000320936
0.00028197
0.000245568
0.000211716
0.000180405
0.000151621
0.00012535
0.00010157
8.02447e-05
6.13072e-05
4.46933e-05
3.03482e-05
1.72749e-05
3.63689e-06
2.30529e-06
1.42038e-05
0.0130015
0.00948045
0.00883185
0.00873271
0.00854422
0.00835284
0.00816279
0.007964
0.00775715
0.00754464
0.00732866
0.00711116
0.00689368
0.00667737
0.00646303
0.00625126
0.00604247
0.00583694
0.00563488
0.00543643
0.0052417
0.00505076
0.00486366
0.00468046
0.00450117
0.00432584
0.00415446
0.00398704
0.0038236
0.00366412
0.0035086
0.00335702
0.00320937
0.00306562
0.00292575
0.00278973
0.00265752
0.0025291
0.00240443
0.00228346
0.00216615
0.00205246
0.00194236
0.00183578
0.00173269
0.00163303
0.00153676
0.00144383
0.0013542
0.00126781
0.00118462
0.00110457
0.00102763
0.000953753
0.000882887
0.000814991
0.000750025
0.000687948
0.000628723
0.000572313
0.000518684
0.000467804
0.000419644
0.000374176
0.000331378
0.000291226
0.000253701
0.000218788
0.000186471
0.000156736
0.000129571
0.000104959
8.28731e-05
6.32661e-05
4.61048e-05
3.13247e-05
1.78372e-05
4.57243e-06
4.18621e-06
3.89121e-06
0.01335
0.00968399
0.00901563
0.00895427
0.00878972
0.00860428
0.00841074
0.0082036
0.00798633
0.00776294
0.00753645
0.00730909
0.00708245
0.00685758
0.00663521
0.00641579
0.00619968
0.00598708
0.00577817
0.00557308
0.00537189
0.00517469
0.00498153
0.00479245
0.00460749
0.00442667
0.00425
0.00407751
0.00390917
0.003745
0.00358498
0.00342909
0.00327731
0.00312962
0.00298598
0.00284637
0.00271073
0.00257905
0.00245127
0.00232735
0.00220724
0.0020909
0.00197827
0.0018693
0.00176395
0.00166217
0.00156388
0.00146906
0.00137763
0.00128956
0.00120478
0.00112325
0.00104491
0.000969719
0.00089762
0.000828569
0.000762519
0.000699425
0.000639246
0.000581941
0.000527472
0.000475802
0.000426899
0.000380731
0.000337272
0.000296495
0.00025838
0.000222906
0.000190058
0.000159822
0.000132184
0.000107132
8.46404e-05
6.46681e-05
4.71907e-05
3.21239e-05
1.83129e-05
4.98483e-06
4.59326e-06
4.75007e-07
0.01335
0.00968399
0.00901563
0.00895427
0.00878972
0.00860428
0.00841074
0.0082036
0.00798633
0.00776294
0.00753645
0.00730909
0.00708245
0.00685758
0.00663521
0.00641579
0.00619968
0.00598708
0.00577817
0.00557308
0.00537189
0.00517469
0.00498153
0.00479245
0.00460749
0.00442667
0.00425
0.00407751
0.00390917
0.003745
0.00358498
0.00342909
0.00327731
0.00312962
0.00298598
0.00284637
0.00271073
0.00257905
0.00245127
0.00232735
0.00220724
0.0020909
0.00197827
0.0018693
0.00176395
0.00166217
0.00156388
0.00146906
0.00137763
0.00128956
0.00120478
0.00112325
0.00104491
0.000969719
0.00089762
0.000828569
0.000762519
0.000699425
0.000639246
0.000581941
0.000527472
0.000475802
0.000426899
0.000380731
0.000337272
0.000296495
0.00025838
0.000222906
0.000190058
0.000159822
0.000132184
0.000107132
8.46404e-05
6.46681e-05
4.71907e-05
3.21239e-05
1.83129e-05
4.98477e-06
4.59324e-06
4.75108e-07
0.0130015
0.00948045
0.00883185
0.00873271
0.00854422
0.00835284
0.00816279
0.007964
0.00775715
0.00754464
0.00732866
0.00711116
0.00689368
0.00667737
0.00646303
0.00625126
0.00604247
0.00583694
0.00563488
0.00543643
0.0052417
0.00505076
0.00486366
0.00468046
0.00450117
0.00432584
0.00415446
0.00398704
0.0038236
0.00366412
0.0035086
0.00335702
0.00320937
0.00306562
0.00292575
0.00278973
0.00265752
0.0025291
0.00240443
0.00228346
0.00216615
0.00205246
0.00194236
0.00183578
0.00173269
0.00163303
0.00153676
0.00144383
0.0013542
0.00126781
0.00118462
0.00110457
0.00102763
0.000953753
0.000882887
0.000814991
0.000750025
0.000687948
0.000628723
0.000572313
0.000518684
0.000467804
0.000419644
0.000374176
0.000331378
0.000291226
0.000253701
0.000218788
0.000186471
0.000156736
0.000129571
0.000104959
8.28731e-05
6.32661e-05
4.61048e-05
3.13247e-05
1.78372e-05
4.57235e-06
4.18617e-06
3.89132e-06
0.0118043
0.00856756
0.00819695
0.00814898
0.00797081
0.00780139
0.00764029
0.00747216
0.00729456
0.00710851
0.00691601
0.00671935
0.00652062
0.00632146
0.00612313
0.00592654
0.0057323
0.00554082
0.00535239
0.00516719
0.00498532
0.00480687
0.00463189
0.00446041
0.00429245
0.00412803
0.00396718
0.00380989
0.00365617
0.00350602
0.00335945
0.00321643
0.00307697
0.00294105
0.00280865
0.00267976
0.00255434
0.00243239
0.00231385
0.00219872
0.00208695
0.00197852
0.00187338
0.00177151
0.00167286
0.0015774
0.00148508
0.00139589
0.00130976
0.00122667
0.00114657
0.00106944
0.000995231
0.000923908
0.000855437
0.000789785
0.000726918
0.000666806
0.00060942
0.000554732
0.000502716
0.000453349
0.000406609
0.000362477
0.000320936
0.00028197
0.000245568
0.000211716
0.000180405
0.000151621
0.00012535
0.00010157
8.02447e-05
6.13072e-05
4.46933e-05
3.03481e-05
1.72749e-05
3.63678e-06
2.30536e-06
1.42038e-05
0.0105617
0.00738811
0.0069936
0.0068705
0.00673497
0.00664053
0.00655825
0.00646616
0.00635688
0.00622993
0.00608808
0.00593518
0.00577495
0.00561046
0.00544407
0.00527746
0.00511178
0.00494776
0.00478588
0.00462641
0.00446952
0.00431529
0.00416378
0.00401502
0.00386903
0.00372582
0.00358541
0.00344782
0.00331305
0.00318111
0.00305201
0.00292577
0.00280238
0.00268185
0.00256417
0.00244934
0.00233736
0.00222822
0.00212191
0.00201842
0.00191773
0.00181983
0.00172469
0.00163231
0.00154267
0.00145574
0.0013715
0.00128994
0.00121103
0.00113476
0.0010611
0.000990032
0.00092154
0.000855605
0.000792208
0.000731333
0.000672963
0.000617085
0.000563685
0.000512751
0.000464275
0.000418247
0.00037466
0.000333511
0.000294796
0.000258512
0.000224659
0.000193235
0.000164237
0.000137657
0.000113478
9.167e-05
7.2176e-05
5.48956e-05
3.96767e-05
2.63236e-05
1.42005e-05
1.16328e-06
-7.00447e-06
2.22868e-05
0.0206087
0.0150151
0.0145821
0.0145942
0.0144649
0.0143559
0.0142366
0.0140818
0.0138899
0.0136664
0.0134184
0.0131529
0.0128756
0.0125906
0.0123011
0.0120091
0.0117161
0.0114228
0.0111299
0.0108377
0.0105467
0.010257
0.00996874
0.00968213
0.00939731
0.00911443
0.00883365
0.0085551
0.00827893
0.00800528
0.0077343
0.0074661
0.00720083
0.00693862
0.00667958
0.00642384
0.00617152
0.00592273
0.00567757
0.00543617
0.00519863
0.00496505
0.00473553
0.00451019
0.00428911
0.00407239
0.00386015
0.00365247
0.00344944
0.00325118
0.00305778
0.00286933
0.00268593
0.00250768
0.00233469
0.00216704
0.00200485
0.0018482
0.00169721
0.00155199
0.00141263
0.00127924
0.00115193
0.00103081
0.000915996
0.000807593
0.000705713
0.000610463
0.000521946
0.000440253
0.000365455
0.000297593
0.00023665
0.000182524
0.000134988
9.36654e-05
5.77278e-05
2.52424e-05
-5.54294e-07
-1.15919e-06
0.0238202
0.0169955
0.0162305
0.0161605
0.0158213
0.0155237
0.0152578
0.0149867
0.0147047
0.0144124
0.0141116
0.0138046
0.0134936
0.01318
0.0128652
0.0125499
0.0122349
0.0119206
0.0116073
0.0112953
0.0109848
0.0106761
0.0103694
0.0100647
0.00976234
0.00946241
0.00916508
0.0088705
0.00857881
0.00829016
0.00800468
0.0077225
0.00744375
0.00716854
0.006897
0.00662924
0.00636537
0.00610549
0.00584971
0.00559812
0.00535082
0.00510791
0.00486947
0.00463561
0.0044064
0.00418194
0.00396232
0.00374761
0.00353791
0.00333329
0.00313386
0.00293968
0.00275085
0.00256745
0.00238957
0.00221729
0.00205071
0.00188991
0.00173498
0.00158601
0.0014431
0.00130635
0.00117583
0.00105167
0.000933942
0.000822763
0.000718228
0.00062044
0.000529497
0.000445496
0.000368523
0.000298651
0.000235925
0.000180338
0.000131834
9.02575e-05
5.45884e-05
2.30105e-05
2.87689e-06
-1.33829e-05
0.026855
0.0189969
0.0173486
0.0169988
0.0165276
0.0161265
0.0157797
0.0154459
0.0151156
0.0147863
0.0144571
0.0141277
0.0137984
0.0134694
0.013141
0.0128132
0.0124865
0.012161
0.0118368
0.0115143
0.0111936
0.0108749
0.0105584
0.0102443
0.0099328
0.00962401
0.00931811
0.00901525
0.00871559
0.00841926
0.0081264
0.00783713
0.00755158
0.00726985
0.00699207
0.00671834
0.00644877
0.00618344
0.00592247
0.00566593
0.00541393
0.00516654
0.00492386
0.00468597
0.00445295
0.00422488
0.00400184
0.00378391
0.00357116
0.00336368
0.00316155
0.00296483
0.00277361
0.00258797
0.00240798
0.00223373
0.00206529
0.00190275
0.00174619
0.00159569
0.00145134
0.00131323
0.00118145
0.00105608
0.000937227
0.000824977
0.000719429
0.000620683
0.000528837
0.000443992
0.000366247
0.000295694
0.000232413
0.000176451
0.00012783
8.64551e-05
5.12775e-05
2.08888e-05
1.74626e-06
-2.4159e-05
0.0277879
0.0195251
0.0176987
0.0173297
0.0168385
0.0164081
0.0160335
0.0156752
0.0153241
0.0149776
0.0146343
0.0142935
0.0139546
0.0136174
0.0132816
0.0129473
0.0126145
0.0122831
0.0119534
0.0116255
0.0112995
0.0109758
0.0106543
0.0103355
0.0100193
0.009706
0.00939576
0.00908871
0.00878502
0.0084848
0.00818821
0.00789535
0.00760636
0.00732135
0.00704041
0.00676367
0.00649122
0.00622315
0.00595956
0.00570053
0.00544616
0.00519653
0.00495171
0.0047118
0.00447686
0.00424697
0.00402222
0.00380267
0.0035884
0.00337948
0.003176
0.00297801
0.00278559
0.00259883
0.00241779
0.00224254
0.00207318
0.00190977
0.00175239
0.00160113
0.00145606
0.00131727
0.00118485
0.00105889
0.000939466
0.000826682
0.000720631
0.00062141
0.000529119
0.000443862
0.000365744
0.000294866
0.000231321
0.000175174
0.000126469
8.51078e-05
4.99965e-05
1.99107e-05
9.19392e-07
-2.80474e-05
0.0277879
0.0195251
0.0176987
0.0173297
0.0168385
0.0164081
0.0160335
0.0156752
0.0153241
0.0149776
0.0146343
0.0142935
0.0139546
0.0136174
0.0132816
0.0129473
0.0126145
0.0122831
0.0119534
0.0116255
0.0112995
0.0109758
0.0106543
0.0103355
0.0100193
0.009706
0.00939576
0.00908871
0.00878502
0.0084848
0.00818821
0.00789535
0.00760636
0.00732135
0.00704041
0.00676367
0.00649122
0.00622315
0.00595956
0.00570053
0.00544616
0.00519653
0.00495171
0.0047118
0.00447686
0.00424697
0.00402222
0.00380267
0.0035884
0.00337948
0.003176
0.00297801
0.00278559
0.00259883
0.00241779
0.00224254
0.00207318
0.00190977
0.00175239
0.00160113
0.00145606
0.00131727
0.00118485
0.00105889
0.000939466
0.000826682
0.000720631
0.00062141
0.000529119
0.000443863
0.000365744
0.000294866
0.000231321
0.000175174
0.000126469
8.51078e-05
4.99964e-05
1.99106e-05
9.19235e-07
-2.80473e-05
0.026855
0.0189969
0.0173486
0.0169988
0.0165276
0.0161265
0.0157797
0.0154459
0.0151156
0.0147863
0.0144571
0.0141277
0.0137984
0.0134694
0.013141
0.0128132
0.0124865
0.012161
0.0118368
0.0115143
0.0111936
0.0108749
0.0105584
0.0102443
0.0099328
0.00962401
0.00931811
0.00901525
0.00871559
0.00841926
0.0081264
0.00783713
0.00755158
0.00726985
0.00699207
0.00671834
0.00644877
0.00618344
0.00592247
0.00566593
0.00541393
0.00516654
0.00492386
0.00468597
0.00445295
0.00422488
0.00400184
0.00378391
0.00357116
0.00336368
0.00316155
0.00296483
0.00277361
0.00258797
0.00240798
0.00223373
0.00206529
0.00190275
0.00174619
0.00159569
0.00145134
0.00131323
0.00118145
0.00105608
0.000937226
0.000824977
0.000719429
0.000620683
0.000528837
0.000443992
0.000366247
0.000295694
0.000232413
0.000176451
0.00012783
8.6455e-05
5.12775e-05
2.08886e-05
1.74613e-06
-2.41588e-05
0.0238202
0.0169955
0.0162305
0.0161605
0.0158213
0.0155237
0.0152578
0.0149867
0.0147047
0.0144124
0.0141116
0.0138046
0.0134936
0.01318
0.0128652
0.0125499
0.0122349
0.0119206
0.0116073
0.0112953
0.0109848
0.0106761
0.0103694
0.0100647
0.00976234
0.00946241
0.00916508
0.0088705
0.00857881
0.00829016
0.00800468
0.0077225
0.00744375
0.00716854
0.006897
0.00662924
0.00636537
0.00610549
0.00584971
0.00559812
0.00535082
0.00510791
0.00486947
0.00463561
0.0044064
0.00418194
0.00396232
0.00374761
0.00353791
0.00333329
0.00313386
0.00293968
0.00275085
0.00256745
0.00238957
0.00221729
0.00205071
0.00188991
0.00173498
0.00158601
0.0014431
0.00130635
0.00117583
0.00105167
0.000933942
0.000822762
0.000718228
0.00062044
0.000529497
0.000445496
0.000368523
0.000298651
0.000235925
0.000180338
0.000131833
9.02573e-05
5.45882e-05
2.30103e-05
2.87688e-06
-1.3383e-05
0.0206087
0.0150151
0.0145821
0.0145942
0.0144649
0.0143559
0.0142366
0.0140818
0.0138899
0.0136664
0.0134184
0.0131529
0.0128756
0.0125906
0.0123011
0.0120091
0.0117161
0.0114228
0.0111299
0.0108377
0.0105467
0.010257
0.00996874
0.00968213
0.00939731
0.00911443
0.00883365
0.0085551
0.00827893
0.00800528
0.0077343
0.0074661
0.00720083
0.00693862
0.00667958
0.00642384
0.00617152
0.00592272
0.00567757
0.00543617
0.00519863
0.00496505
0.00473553
0.00451019
0.00428911
0.00407239
0.00386015
0.00365247
0.00344944
0.00325118
0.00305778
0.00286933
0.00268593
0.00250768
0.00233469
0.00216704
0.00200485
0.0018482
0.00169721
0.00155199
0.00141263
0.00127924
0.00115193
0.00103081
0.000915996
0.000807593
0.000705713
0.000610463
0.000521946
0.000440253
0.000365455
0.000297593
0.000236651
0.000182524
0.000134988
9.36657e-05
5.77283e-05
2.52431e-05
-5.5411e-07
-1.16004e-06
0.0275014
0.02108
0.0212737
0.0216417
0.0215967
0.0215075
0.0213692
0.0211653
0.0209055
0.0206033
0.0202709
0.0199177
0.0195502
0.0191732
0.0187897
0.0184016
0.0180102
0.0176163
0.0172205
0.0168232
0.0164247
0.0160253
0.0156252
0.0152247
0.014824
0.0144235
0.0140233
0.0136237
0.013225
0.0128274
0.0124312
0.0120367
0.011644
0.0112536
0.0108655
0.0104802
0.0100977
0.00971846
0.00934264
0.00897051
0.00860232
0.00823833
0.00787879
0.00752395
0.00717406
0.00682937
0.00649015
0.00615663
0.00582908
0.00550776
0.0051929
0.00488477
0.00458363
0.00428973
0.00400332
0.00372465
0.003454
0.0031916
0.00293772
0.00269261
0.00245653
0.00222974
0.00201248
0.00180502
0.00160762
0.00142051
0.00124397
0.00107822
0.000923509
0.000780064
0.000648086
0.000527748
0.000419174
0.000322414
0.000237414
0.000164004
0.000101743
4.96623e-05
8.85764e-06
-1.99776e-05
0.0303393
0.022636
0.0230192
0.0233718
0.0229887
0.0226084
0.0222658
0.0219174
0.0215578
0.0211884
0.0208112
0.0204277
0.0200394
0.0196472
0.0192518
0.0188536
0.018453
0.0180504
0.017646
0.0172402
0.0168331
0.016425
0.0160162
0.015607
0.0151976
0.0147882
0.0143792
0.0139708
0.0135633
0.0131569
0.0127519
0.0123486
0.0119472
0.0115479
0.0111511
0.010757
0.0103658
0.00997781
0.00959331
0.00921253
0.00883574
0.00846318
0.00809513
0.00773184
0.00737356
0.00702057
0.00667311
0.00633145
0.00599585
0.00566656
0.00534385
0.00502798
0.0047192
0.00441777
0.00412396
0.00383802
0.00356021
0.0032908
0.00303002
0.00277815
0.00253544
0.00230215
0.00207852
0.00186483
0.00166131
0.00146822
0.00128581
0.00111434
0.000954035
0.000805143
0.000667892
0.0005425
0.000429171
0.000328079
0.000239381
0.000163203
9.92078e-05
4.64827e-05
7.56067e-06
-2.94268e-05
0.0337921
0.0248315
0.0243345
0.0243841
0.0237735
0.0232063
0.0227308
0.0222896
0.0218658
0.0214524
0.021045
0.0206408
0.0202377
0.0198345
0.0194305
0.0190251
0.0186181
0.0182095
0.0177994
0.0173879
0.0169753
0.0165618
0.0161477
0.0157332
0.0153186
0.0149042
0.0144902
0.014077
0.0136647
0.0132537
0.0128442
0.0124365
0.0120308
0.0116273
0.0112265
0.0108284
0.0104334
0.0100418
0.00965371
0.00926946
0.00888932
0.00851352
0.00814234
0.00777603
0.00741484
0.00705903
0.00670887
0.00636461
0.0060265
0.0056948
0.00536978
0.00505168
0.00474077
0.0044373
0.00414153
0.00385371
0.0035741
0.00330295
0.00304052
0.00278705
0.00254281
0.00230805
0.00208302
0.00186796
0.00166313
0.00146878
0.00128516
0.00111251
0.000951092
0.000801142
0.000662913
0.000536656
0.000422624
0.00032107
0.000232259
0.00015644
9.33536e-05
4.22576e-05
4.94376e-06
-3.52011e-05
0.0347727
0.0253588
0.0247426
0.0247914
0.0241256
0.0234914
0.0229623
0.0224803
0.0220258
0.02159
0.0211662
0.0207501
0.0203383
0.0199285
0.0195192
0.0191094
0.0186987
0.0182866
0.0178733
0.0174587
0.0170431
0.0166267
0.0162097
0.0157924
0.0153751
0.014958
0.0145415
0.0141257
0.013711
0.0132976
0.0128858
0.0124759
0.012068
0.0116625
0.0112596
0.0108597
0.0104628
0.0100693
0.00967953
0.00929363
0.00891189
0.00853456
0.00816191
0.0077942
0.00743166
0.00707457
0.00672318
0.00637775
0.00603852
0.00570576
0.00537972
0.00506066
0.00474883
0.00444449
0.00414789
0.00385928
0.00357891
0.00330705
0.00304394
0.00278983
0.00254498
0.00230963
0.00208403
0.00186844
0.0016631
0.00146826
0.00128418
0.00111109
0.000949252
0.00079892
0.000660353
0.000533817
0.000419587
0.000317943
0.000229184
0.000153575
9.08586e-05
4.04011e-05
3.64639e-06
-3.76259e-05
0.0347727
0.0253588
0.0247426
0.0247914
0.0241256
0.0234914
0.0229623
0.0224803
0.0220258
0.02159
0.0211662
0.0207501
0.0203383
0.0199285
0.0195192
0.0191094
0.0186987
0.0182866
0.0178733
0.0174587
0.0170431
0.0166267
0.0162097
0.0157924
0.0153751
0.014958
0.0145415
0.0141257
0.013711
0.0132976
0.0128858
0.0124759
0.012068
0.0116625
0.0112596
0.0108597
0.0104628
0.0100693
0.00967953
0.00929363
0.00891189
0.00853456
0.00816191
0.0077942
0.00743166
0.00707457
0.00672318
0.00637775
0.00603852
0.00570576
0.00537972
0.00506066
0.00474883
0.00444449
0.00414789
0.00385928
0.00357891
0.00330705
0.00304394
0.00278983
0.00254498
0.00230963
0.00208403
0.00186844
0.0016631
0.00146826
0.00128418
0.00111109
0.000949252
0.00079892
0.000660352
0.000533817
0.000419587
0.000317943
0.000229184
0.000153575
9.08587e-05
4.04008e-05
3.6448e-06
-3.76265e-05
0.0337921
0.0248315
0.0243345
0.0243841
0.0237735
0.0232063
0.0227308
0.0222896
0.0218658
0.0214524
0.021045
0.0206408
0.0202377
0.0198345
0.0194305
0.0190251
0.0186181
0.0182095
0.0177994
0.0173879
0.0169753
0.0165618
0.0161477
0.0157332
0.0153186
0.0149042
0.0144902
0.014077
0.0136647
0.0132537
0.0128442
0.0124365
0.0120308
0.0116273
0.0112265
0.0108284
0.0104334
0.0100418
0.00965371
0.00926946
0.00888932
0.00851352
0.00814234
0.00777603
0.00741484
0.00705903
0.00670887
0.00636461
0.0060265
0.0056948
0.00536978
0.00505168
0.00474077
0.0044373
0.00414153
0.00385371
0.0035741
0.00330295
0.00304052
0.00278705
0.00254281
0.00230805
0.00208302
0.00186796
0.00166313
0.00146878
0.00128516
0.00111251
0.000951092
0.000801142
0.000662913
0.000536656
0.000422624
0.00032107
0.000232259
0.00015644
9.33537e-05
4.22573e-05
4.94242e-06
-3.5202e-05
0.0303393
0.022636
0.0230192
0.0233718
0.0229887
0.0226084
0.0222658
0.0219174
0.0215578
0.0211884
0.0208112
0.0204277
0.0200394
0.0196472
0.0192518
0.0188536
0.018453
0.0180504
0.017646
0.0172402
0.0168331
0.016425
0.0160162
0.015607
0.0151976
0.0147882
0.0143792
0.0139708
0.0135633
0.0131569
0.0127519
0.0123486
0.0119472
0.0115479
0.0111511
0.010757
0.0103658
0.00997781
0.00959331
0.00921253
0.00883574
0.00846318
0.00809513
0.00773184
0.00737356
0.00702057
0.00667311
0.00633145
0.00599585
0.00566656
0.00534385
0.00502798
0.0047192
0.00441777
0.00412396
0.00383802
0.00356021
0.0032908
0.00303002
0.00277815
0.00253544
0.00230215
0.00207852
0.00186483
0.00166131
0.00146822
0.00128581
0.00111434
0.000954035
0.000805143
0.000667892
0.0005425
0.000429171
0.000328079
0.000239381
0.000163203
9.92077e-05
4.64824e-05
7.56085e-06
-2.94276e-05
0.0275014
0.02108
0.0212737
0.0216417
0.0215967
0.0215075
0.0213692
0.0211653
0.0209055
0.0206033
0.0202709
0.0199177
0.0195502
0.0191732
0.0187897
0.0184016
0.0180102
0.0176163
0.0172205
0.0168232
0.0164247
0.0160253
0.0156252
0.0152247
0.014824
0.0144235
0.0140233
0.0136237
0.013225
0.0128274
0.0124312
0.0120367
0.011644
0.0112536
0.0108655
0.0104802
0.0100977
0.00971846
0.00934264
0.00897051
0.00860232
0.00823833
0.00787879
0.00752395
0.00717406
0.00682937
0.00649015
0.00615663
0.00582908
0.00550776
0.0051929
0.00488477
0.00458363
0.00428973
0.00400332
0.00372465
0.003454
0.0031916
0.00293772
0.00269261
0.00245653
0.00222974
0.00201248
0.00180502
0.00160762
0.00142051
0.00124397
0.00107822
0.000923509
0.000780063
0.000648085
0.000527748
0.000419174
0.000322414
0.000237414
0.000164004
0.000101743
4.96634e-05
8.85835e-06
-1.99795e-05
0.0323791
0.0269533
0.0275834
0.0282188
0.0282293
0.0280518
0.0277767
0.0274291
0.0270293
0.0265934
0.0261332
0.0256567
0.025169
0.0246735
0.0241722
0.0236665
0.0231574
0.0226456
0.0221315
0.0216156
0.0210983
0.0205799
0.0200608
0.0195414
0.0190218
0.0185025
0.0179838
0.017466
0.0169495
0.0164345
0.0159214
0.0154105
0.0149021
0.0143966
0.0138942
0.0133953
0.0129002
0.0124091
0.0119226
0.0114407
0.0109639
0.0104925
0.0100268
0.00956712
0.00911379
0.00866715
0.00822752
0.00779525
0.00737066
0.0069541
0.0065459
0.00614643
0.00575602
0.00537502
0.0050038
0.00464271
0.00429211
0.00395236
0.00362383
0.00330688
0.0030019
0.00270924
0.00242928
0.0021624
0.00190898
0.00166938
0.00144399
0.00123317
0.00103731
0.00085677
0.000691921
0.00054314
0.000410819
0.000295398
0.000197425
0.000117688
5.72878e-05
1.73499e-05
6.39298e-07
-2.84634e-06
0.0348076
0.0286079
0.0293588
0.0297733
0.0293927
0.0288975
0.0283937
0.0278869
0.0273809
0.0268764
0.0263727
0.0258688
0.0253637
0.0248567
0.0243473
0.0238353
0.0233209
0.0228042
0.0222854
0.0217649
0.021243
0.0207201
0.0201964
0.0196725
0.0191485
0.0186249
0.0181019
0.01758
0.0170594
0.0165404
0.0160235
0.0155088
0.0149967
0.0144876
0.0139817
0.0134794
0.0129809
0.0124866
0.0119968
0.0115118
0.0110319
0.0105574
0.0100887
0.00962613
0.00916993
0.00872047
0.00827807
0.00784306
0.0074158
0.0069966
0.00658581
0.00618379
0.00579087
0.00540741
0.00503375
0.00467027
0.00431731
0.00397524
0.00364442
0.00332522
0.00301801
0.00272316
0.00244103
0.00217201
0.00191647
0.00167477
0.0014473
0.00123444
0.00103656
0.000854049
0.000687304
0.00053675
0.000402855
0.000286167
0.000187383
0.000107461
4.75164e-05
8.37259e-06
-6.30137e-06
-1.83718e-06
0.0383208
0.0307501
0.0307371
0.0308219
0.0301565
0.0294248
0.0287476
0.02812
0.0275322
0.0269738
0.0264352
0.0259091
0.0253899
0.0248739
0.0243587
0.0238427
0.0233253
0.0228062
0.0222853
0.0217629
0.0212391
0.0207144
0.020189
0.0196634
0.0191378
0.0186126
0.0180882
0.0175649
0.017043
0.0165229
0.0160048
0.0154891
0.0149762
0.0144662
0.0139596
0.0134566
0.0129575
0.0124627
0.0119725
0.0114872
0.011007
0.0105323
0.0100635
0.00960082
0.0091446
0.00869516
0.00825284
0.00781797
0.00739087
0.00697188
0.00656134
0.00615959
0.00576698
0.00538386
0.00501056
0.00464746
0.0042949
0.00395324
0.00362285
0.00330408
0.00299731
0.00270291
0.00242122
0.00215265
0.00189754
0.00165629
0.00142925
0.00121683
0.0010194
0.000837376
0.000671172
0.000521257
0.000388158
0.000272493
0.000175038
9.68075e-05
3.89124e-05
2.14627e-06
-9.6618e-06
-1.96428e-06
0.0394333
0.0313507
0.0312214
0.0312749
0.0305177
0.0296871
0.0289304
0.0282438
0.027614
0.0270264
0.0264682
0.0259291
0.0254016
0.0248802
0.0243615
0.0238433
0.0233243
0.0228041
0.0222823
0.0217591
0.0212346
0.0207092
0.0201832
0.019657
0.0191308
0.0186051
0.0180802
0.0175564
0.0170341
0.0165135
0.0159951
0.0154791
0.0149658
0.0144556
0.0139487
0.0134455
0.0129463
0.0124513
0.011961
0.0114756
0.0109953
0.0105207
0.0100518
0.00958916
0.00913297
0.00868359
0.00824134
0.00780656
0.00737957
0.0069607
0.00655029
0.00614869
0.00575624
0.00537328
0.00500016
0.00463723
0.00428486
0.00394339
0.00361319
0.00329462
0.00298805
0.00269384
0.00241235
0.00214397
0.00188906
0.00164799
0.00142116
0.00120894
0.00101172
0.000829933
0.000664005
0.000514427
0.000381751
0.000266622
0.000169829
9.23823e-05
3.53779e-05
-3.95736e-07
-1.12774e-05
-2.78967e-06
0.0394333
0.0313507
0.0312214
0.0312749
0.0305177
0.0296871
0.0289304
0.0282438
0.027614
0.0270264
0.0264682
0.0259291
0.0254016
0.0248802
0.0243615
0.0238433
0.0233243
0.0228041
0.0222823
0.0217591
0.0212346
0.0207092
0.0201832
0.019657
0.0191308
0.0186051
0.0180802
0.0175564
0.0170341
0.0165135
0.0159951
0.0154791
0.0149658
0.0144556
0.0139487
0.0134455
0.0129463
0.0124513
0.011961
0.0114756
0.0109953
0.0105207
0.0100518
0.00958916
0.00913297
0.00868359
0.00824134
0.00780656
0.00737957
0.0069607
0.00655029
0.00614869
0.00575624
0.00537328
0.00500016
0.00463723
0.00428486
0.00394339
0.00361319
0.00329462
0.00298805
0.00269384
0.00241235
0.00214397
0.00188906
0.00164799
0.00142116
0.00120894
0.00101172
0.000829932
0.000664005
0.000514427
0.000381751
0.000266622
0.000169829
9.23828e-05
3.53786e-05
-3.97815e-07
-1.12811e-05
-2.77591e-06
0.0383208
0.0307501
0.0307371
0.0308219
0.0301565
0.0294248
0.0287476
0.02812
0.0275322
0.0269738
0.0264352
0.0259091
0.0253899
0.0248739
0.0243587
0.0238427
0.0233253
0.0228062
0.0222853
0.0217629
0.0212391
0.0207144
0.020189
0.0196634
0.0191378
0.0186126
0.0180882
0.0175649
0.017043
0.0165229
0.0160048
0.0154891
0.0149762
0.0144662
0.0139596
0.0134566
0.0129575
0.0124627
0.0119725
0.0114872
0.011007
0.0105323
0.0100635
0.00960082
0.0091446
0.00869516
0.00825284
0.00781797
0.00739087
0.00697188
0.00656134
0.00615959
0.00576698
0.00538386
0.00501056
0.00464746
0.0042949
0.00395324
0.00362285
0.00330408
0.00299731
0.00270291
0.00242122
0.00215265
0.00189754
0.00165629
0.00142925
0.00121683
0.0010194
0.000837376
0.000671172
0.000521257
0.000388158
0.000272493
0.000175038
9.68077e-05
3.89121e-05
2.14416e-06
-9.66206e-06
-1.95166e-06
0.0348076
0.0286079
0.0293588
0.0297733
0.0293927
0.0288975
0.0283937
0.0278869
0.0273809
0.0268764
0.0263727
0.0258688
0.0253637
0.0248567
0.0243473
0.0238353
0.0233209
0.0228042
0.0222854
0.0217649
0.021243
0.0207201
0.0201964
0.0196725
0.0191485
0.0186249
0.0181019
0.01758
0.0170594
0.0165404
0.0160235
0.0155088
0.0149967
0.0144876
0.0139817
0.0134794
0.0129809
0.0124866
0.0119968
0.0115118
0.0110319
0.0105574
0.0100887
0.00962613
0.00916993
0.00872047
0.00827807
0.00784306
0.0074158
0.0069966
0.00658581
0.00618379
0.00579087
0.00540741
0.00503375
0.00467027
0.00431731
0.00397524
0.00364442
0.00332522
0.00301801
0.00272316
0.00244103
0.00217201
0.00191647
0.00167477
0.0014473
0.00123444
0.00103656
0.000854049
0.000687305
0.00053675
0.000402855
0.000286167
0.000187383
0.000107461
4.75153e-05
8.37211e-06
-6.29833e-06
-1.84476e-06
0.0323791
0.0269533
0.0275834
0.0282188
0.0282293
0.0280518
0.0277767
0.0274291
0.0270293
0.0265934
0.0261332
0.0256567
0.025169
0.0246735
0.0241722
0.0236665
0.0231574
0.0226456
0.0221315
0.0216156
0.0210983
0.0205799
0.0200608
0.0195414
0.0190218
0.0185025
0.0179838
0.017466
0.0169495
0.0164345
0.0159214
0.0154105
0.0149021
0.0143966
0.0138942
0.0133953
0.0129002
0.0124091
0.0119226
0.0114407
0.0109639
0.0104925
0.0100268
0.00956712
0.00911379
0.00866715
0.00822752
0.00779525
0.00737066
0.0069541
0.0065459
0.00614643
0.00575602
0.00537502
0.0050038
0.00464271
0.00429211
0.00395236
0.00362383
0.00330688
0.0030019
0.00270924
0.00242928
0.0021624
0.00190898
0.00166938
0.00144399
0.00123317
0.00103731
0.00085677
0.000691921
0.00054314
0.000410819
0.000295399
0.000197425
0.000117688
5.72876e-05
1.73511e-05
6.3967e-07
-2.84749e-06
)
;

boundaryField
{
    left
    {
        type            zeroGradient;
    }
    right
    {
        type            pressureTraction;
        value           nonuniform List<scalar> 
64
(
2.34829e-05
2.58593e-05
2.59989e-05
2.7115e-05
2.71145e-05
2.59974e-05
2.58593e-05
2.34806e-05
-3.05136e-07
2.10808e-05
2.37582e-05
2.59054e-05
2.59061e-05
2.37596e-05
2.10817e-05
-3.06397e-07
-4.49364e-05
-1.08138e-05
-8.30328e-06
-6.27945e-06
-6.27926e-06
-8.30284e-06
-1.08135e-05
-4.49381e-05
-9.52257e-05
-6.20124e-05
-6.33186e-05
-6.26426e-05
-6.26431e-05
-6.33194e-05
-6.20128e-05
-9.5226e-05
-0.000125142
-0.000106488
-0.000112201
-0.000113256
-0.000113257
-0.000112202
-0.000106488
-0.000125141
-0.000120123
-0.000122011
-0.000129445
-0.000131438
-0.000131437
-0.000129445
-0.000122012
-0.000120123
-7.80394e-05
-9.68552e-05
-0.000100011
-0.000100657
-0.000100659
-0.000100014
-9.68532e-05
-7.80382e-05
-6.76701e-06
-1.73333e-05
-1.62265e-05
-1.69596e-05
-1.69684e-05
-1.62346e-05
-1.73228e-05
-6.76172e-06
)
;
    }
    back
    {
        type            pressureTraction;
        value           nonuniform List<scalar> 
640
(
-0.0458933
-0.0271013
-0.0128333
-0.000625053
0.0106458
0.0215956
0.0317762
0.0417873
-0.0380552
-0.0231542
-0.0109385
-0.00098031
0.0071441
0.0142045
0.0203366
0.0260768
-0.0367603
-0.0229726
-0.0114957
-0.00165691
0.00666753
0.0139911
0.0206098
0.0267767
-0.0364038
-0.0229163
-0.0118295
-0.00204791
0.00645225
0.0140122
0.0209508
0.027472
-0.0362339
-0.0227894
-0.0119121
-0.00222585
0.00630317
0.0139609
0.0210507
0.0276585
-0.0360208
-0.0226399
-0.0118975
-0.00229624
0.0062194
0.0139216
0.0210862
0.0276324
-0.0356961
-0.0224436
-0.0118297
-0.00231728
0.00615584
0.0138554
0.0210315
0.0274657
-0.0352606
-0.0221964
-0.011729
-0.00231921
0.00608579
0.0137431
0.0208847
0.0271923
-0.0347333
-0.0219036
-0.0116065
-0.00231686
0.00599825
0.0135843
0.0206631
0.0268415
-0.0341355
-0.0215733
-0.0114682
-0.00231623
0.00589111
0.0133861
0.0203856
0.0264373
-0.0334864
-0.0212135
-0.0113178
-0.00231881
0.00576682
0.0131575
0.0200687
0.0259975
-0.0328016
-0.0208314
-0.0111579
-0.00232403
0.00562947
0.0129072
0.019725
0.0255341
-0.0320931
-0.0204329
-0.0109901
-0.0023306
0.00548315
0.0126422
0.0193635
0.0250551
-0.0313697
-0.0200224
-0.0108158
-0.00233712
0.00533136
0.0123677
0.0189903
0.0245657
-0.0306377
-0.0196033
-0.0106357
-0.00234241
0.0051768
0.0120873
0.0186093
0.024069
-0.0299016
-0.0191781
-0.0104506
-0.00234561
0.00502138
0.0118038
0.0182231
0.0235671
-0.0291644
-0.0187486
-0.0102609
-0.00234615
0.00486641
0.0115186
0.0178334
0.0230614
-0.0284283
-0.0183162
-0.0100672
-0.00234367
0.00471275
0.0112329
0.0174412
0.0225528
-0.0276948
-0.0178817
-0.00986982
-0.00233803
0.0045609
0.0109474
0.0170471
0.0220418
-0.0269649
-0.0174461
-0.00966921
-0.0023292
0.00441119
0.0106625
0.0166516
0.021529
-0.0262394
-0.01701
-0.00946569
-0.00231722
0.00426378
0.0103785
0.0162551
0.0210147
-0.0255188
-0.0165738
-0.00925958
-0.00230219
0.00411876
0.0100957
0.0158577
0.0204993
-0.0248036
-0.0161379
-0.00905119
-0.00228421
0.00397618
0.0098142
0.0154598
0.0199832
-0.0240941
-0.0157029
-0.00884081
-0.00226342
0.00383608
0.00953416
0.0150616
0.0194666
-0.0233906
-0.015269
-0.00862868
-0.00223994
0.00369846
0.00925574
0.0146634
0.0189498
-0.0226934
-0.0148366
-0.00841505
-0.00221388
0.00356334
0.00897908
0.0142654
0.0184333
-0.0220027
-0.0144058
-0.00820017
-0.00218538
0.00343074
0.00870433
0.0138679
0.0179173
-0.0213187
-0.0139771
-0.00798425
-0.00215454
0.00330067
0.00843163
0.013471
0.0174021
-0.0206415
-0.0135507
-0.0077675
-0.00212148
0.00317314
0.00816113
0.0130752
0.0168882
-0.0199715
-0.0131268
-0.00755014
-0.00208629
0.00304817
0.00789297
0.0126805
0.0163757
-0.0193088
-0.0127056
-0.00733236
-0.0020491
0.00292577
0.00762728
0.0122873
0.015865
-0.0186535
-0.0122875
-0.00711437
-0.00201
0.00280597
0.00736422
0.0118959
0.0153564
-0.0180058
-0.0118726
-0.00689635
-0.00196911
0.00268875
0.0071039
0.0115064
0.0148504
-0.017366
-0.0114612
-0.00667851
-0.00192652
0.00257415
0.00684647
0.0111192
0.014347
-0.0167342
-0.0110535
-0.00646104
-0.00188234
0.00246215
0.00659204
0.0107345
0.0138468
-0.0161105
-0.0106497
-0.00624412
-0.00183668
0.00235277
0.00634075
0.0103525
0.01335
-0.0154952
-0.01025
-0.00602794
-0.00178966
0.002246
0.00609272
0.00997344
0.0128569
-0.0148884
-0.00985474
-0.0058127
-0.00174137
0.00214185
0.00584805
0.00959767
0.0123679
-0.0142903
-0.009464
-0.00559857
-0.00169193
0.00204032
0.00560688
0.00922538
0.0118833
-0.0137012
-0.00907803
-0.00538576
-0.00164144
0.00194138
0.00536931
0.00885681
0.0114033
-0.013121
-0.00869706
-0.00517444
-0.00159003
0.00184505
0.00513545
0.00849223
0.0109283
-0.0125502
-0.0083213
-0.0049648
-0.0015378
0.00175131
0.0049054
0.00813188
0.0104587
-0.0119888
-0.00795095
-0.00475703
-0.00148486
0.00166015
0.00467929
0.00777599
0.00999475
-0.011437
-0.00758622
-0.00455132
-0.00143133
0.00157155
0.00445721
0.00742482
0.00953677
-0.0108951
-0.00722733
-0.00434784
-0.00137732
0.00148551
0.00423927
0.00707862
0.00908509
-0.0103633
-0.00687448
-0.00414678
-0.00132294
0.00140202
0.00402557
0.00673763
0.00864006
-0.00984168
-0.00652789
-0.00394833
-0.00126831
0.00132106
0.00381622
0.0064021
0.00820201
-0.00933057
-0.00618777
-0.00375268
-0.00121354
0.00124261
0.00361131
0.00607228
0.00777126
-0.00883015
-0.00585433
-0.00356
-0.00115874
0.00116667
0.00341094
0.00574841
0.00734817
-0.00834065
-0.00552779
-0.00337048
-0.00110402
0.00109322
0.00321523
0.00543075
0.00693306
-0.00786228
-0.00520835
-0.00318431
-0.0010495
0.00102223
0.00302426
0.00511954
0.00652629
-0.00739529
-0.00489623
-0.00300166
-0.000995294
0.000953715
0.00283815
0.00481503
0.0061282
-0.00693991
-0.00459165
-0.00282273
-0.000941503
0.000887642
0.00265699
0.00451748
0.00573915
-0.00649637
-0.00429482
-0.00264768
-0.00088824
0.000824005
0.00248089
0.00422714
0.00535948
-0.00606492
-0.00400596
-0.00247671
-0.000835617
0.00076279
0.00230995
0.00394425
0.00498955
-0.00564581
-0.0037253
-0.00230999
-0.000783739
0.000703987
0.00214427
0.00366907
0.00462972
-0.00523928
-0.00345305
-0.00214771
-0.000732716
0.000647587
0.00198396
0.00340186
0.00428036
-0.00484561
-0.00318943
-0.00199004
-0.000682652
0.000593579
0.00182912
0.00314285
0.00394182
-0.00446505
-0.00293466
-0.00183717
-0.000633652
0.000541958
0.00167986
0.00289232
0.00361448
-0.00409786
-0.00268897
-0.00168928
-0.000585821
0.000492717
0.00153629
0.00265051
0.0032987
-0.00374431
-0.00245259
-0.00154654
-0.000539259
0.000445852
0.00139853
0.00241767
0.00299485
-0.00340467
-0.00222575
-0.00140912
-0.000494068
0.000401359
0.00126667
0.00219407
0.00270332
-0.00307923
-0.00200866
-0.00127722
-0.000450345
0.000359237
0.00114083
0.00197995
0.00242446
-0.00276826
-0.00180156
-0.00115099
-0.000408189
0.000319486
0.00102113
0.00177557
0.00215866
-0.00247204
-0.00160467
-0.00103063
-0.000367694
0.000282109
0.000907676
0.00158119
0.0019063
-0.00219086
-0.00141824
-0.000916288
-0.000328954
0.000247107
0.000800588
0.00139705
0.00166776
-0.00192499
-0.00124248
-0.000808148
-0.00029206
0.000214483
0.000699977
0.00122341
0.0014434
-0.00167473
-0.00107762
-0.00070637
-0.000257102
0.000184239
0.000605953
0.00106051
0.0012336
-0.00144035
-0.00092388
-0.00061111
-0.000224163
0.000156374
0.000518617
0.000908593
0.00103874
-0.00122211
-0.000781464
-0.000522513
-0.000193323
0.000130881
0.000438057
0.000767865
0.000859178
-0.00102026
-0.000650557
-0.0004407
-0.000164652
0.000107743
0.000364337
0.000638523
0.000695268
-0.000835015
-0.000531314
-0.000365754
-0.000138206
8.69223e-05
0.00029748
0.000520716
0.000547365
-0.000666575
-0.000423841
-0.0002977
-0.000114017
6.83531e-05
0.000237441
0.00041453
0.000415825
-0.000515105
-0.00032817
-0.000236475
-9.2087e-05
5.19161e-05
0.000184069
0.000319955
0.000301038
-0.000380776
-0.000244243
-0.000181891
-7.23789e-05
3.7414e-05
0.000137053
0.000236838
0.000203488
-0.00026388
-0.00017185
-0.000133572
-5.47885e-05
2.45769e-05
9.58969e-05
0.000164873
0.000123914
-0.000164827
-0.000110634
-9.10764e-05
-3.93143e-05
1.29334e-05
5.98447e-05
0.000103569
6.34604e-05
-8.58776e-05
-6.1296e-05
-5.5682e-05
-2.80611e-05
1.207e-07
2.6823e-05
5.18667e-05
2.34583e-05
-2.4926e-05
-2.15168e-05
-2.45608e-05
-1.81465e-05
-1.14791e-05
-1.89164e-06
1.01458e-05
6.19721e-06
1.1013e-05
3.02488e-05
4.2549e-05
4.19202e-05
2.6203e-05
4.37339e-06
-1.67518e-05
-2.46928e-06
)
;
    }
    front
    {
        type            pressureTraction;
        value           nonuniform List<scalar> 
640
(
-0.0458933
-0.0271013
-0.0128333
-0.000625053
0.0106458
0.0215956
0.0317762
0.0417873
-0.0380552
-0.0231542
-0.0109385
-0.00098031
0.0071441
0.0142045
0.0203366
0.0260768
-0.0367603
-0.0229726
-0.0114957
-0.00165691
0.00666753
0.0139911
0.0206098
0.0267767
-0.0364038
-0.0229163
-0.0118295
-0.00204791
0.00645225
0.0140122
0.0209508
0.027472
-0.0362339
-0.0227894
-0.0119121
-0.00222585
0.00630317
0.0139609
0.0210507
0.0276585
-0.0360208
-0.0226399
-0.0118975
-0.00229624
0.0062194
0.0139216
0.0210862
0.0276324
-0.0356961
-0.0224436
-0.0118297
-0.00231728
0.00615584
0.0138554
0.0210315
0.0274657
-0.0352606
-0.0221964
-0.011729
-0.00231921
0.00608579
0.0137431
0.0208847
0.0271923
-0.0347333
-0.0219036
-0.0116065
-0.00231686
0.00599825
0.0135843
0.0206631
0.0268415
-0.0341355
-0.0215733
-0.0114682
-0.00231623
0.00589111
0.0133861
0.0203856
0.0264373
-0.0334864
-0.0212135
-0.0113178
-0.00231881
0.00576682
0.0131575
0.0200687
0.0259975
-0.0328016
-0.0208314
-0.0111579
-0.00232403
0.00562947
0.0129072
0.019725
0.0255341
-0.0320931
-0.0204329
-0.0109901
-0.0023306
0.00548315
0.0126422
0.0193635
0.0250551
-0.0313697
-0.0200224
-0.0108158
-0.00233712
0.00533136
0.0123677
0.0189903
0.0245657
-0.0306377
-0.0196033
-0.0106357
-0.00234241
0.0051768
0.0120873
0.0186093
0.024069
-0.0299016
-0.0191781
-0.0104506
-0.00234561
0.00502138
0.0118038
0.0182231
0.0235671
-0.0291644
-0.0187486
-0.0102609
-0.00234615
0.00486641
0.0115186
0.0178334
0.0230614
-0.0284283
-0.0183162
-0.0100672
-0.00234367
0.00471275
0.0112329
0.0174412
0.0225528
-0.0276948
-0.0178817
-0.00986982
-0.00233803
0.0045609
0.0109474
0.0170471
0.0220418
-0.0269649
-0.0174461
-0.00966921
-0.0023292
0.00441119
0.0106625
0.0166516
0.021529
-0.0262394
-0.01701
-0.00946569
-0.00231722
0.00426378
0.0103785
0.0162551
0.0210147
-0.0255188
-0.0165738
-0.00925958
-0.00230219
0.00411876
0.0100957
0.0158577
0.0204993
-0.0248036
-0.0161379
-0.00905119
-0.00228421
0.00397618
0.0098142
0.0154598
0.0199832
-0.0240941
-0.0157029
-0.00884081
-0.00226342
0.00383608
0.00953416
0.0150616
0.0194666
-0.0233906
-0.015269
-0.00862868
-0.00223994
0.00369846
0.00925574
0.0146634
0.0189498
-0.0226934
-0.0148366
-0.00841505
-0.00221388
0.00356334
0.00897908
0.0142654
0.0184333
-0.0220027
-0.0144058
-0.00820017
-0.00218538
0.00343074
0.00870433
0.0138679
0.0179173
-0.0213187
-0.0139771
-0.00798425
-0.00215454
0.00330067
0.00843163
0.013471
0.0174021
-0.0206415
-0.0135507
-0.0077675
-0.00212148
0.00317314
0.00816113
0.0130752
0.0168882
-0.0199715
-0.0131268
-0.00755014
-0.00208629
0.00304817
0.00789297
0.0126805
0.0163757
-0.0193088
-0.0127056
-0.00733236
-0.0020491
0.00292577
0.00762729
0.0122873
0.015865
-0.0186535
-0.0122875
-0.00711437
-0.00201
0.00280597
0.00736422
0.0118959
0.0153564
-0.0180058
-0.0118726
-0.00689635
-0.00196911
0.00268875
0.0071039
0.0115064
0.0148504
-0.017366
-0.0114612
-0.00667851
-0.00192652
0.00257415
0.00684647
0.0111192
0.014347
-0.0167342
-0.0110535
-0.00646104
-0.00188234
0.00246215
0.00659204
0.0107345
0.0138468
-0.0161105
-0.0106497
-0.00624412
-0.00183668
0.00235277
0.00634075
0.0103525
0.01335
-0.0154952
-0.01025
-0.00602794
-0.00178966
0.002246
0.00609272
0.00997344
0.0128569
-0.0148884
-0.00985474
-0.0058127
-0.00174137
0.00214185
0.00584805
0.00959767
0.0123679
-0.0142903
-0.009464
-0.00559857
-0.00169193
0.00204032
0.00560688
0.00922538
0.0118833
-0.0137012
-0.00907803
-0.00538576
-0.00164144
0.00194138
0.00536931
0.00885681
0.0114033
-0.013121
-0.00869706
-0.00517444
-0.00159003
0.00184505
0.00513545
0.00849223
0.0109283
-0.0125502
-0.0083213
-0.0049648
-0.0015378
0.00175131
0.0049054
0.00813188
0.0104587
-0.0119888
-0.00795095
-0.00475703
-0.00148486
0.00166015
0.00467929
0.00777599
0.00999475
-0.011437
-0.00758622
-0.00455132
-0.00143133
0.00157155
0.00445721
0.00742482
0.00953677
-0.0108951
-0.00722733
-0.00434784
-0.00137732
0.00148551
0.00423927
0.00707862
0.00908509
-0.0103633
-0.00687448
-0.00414678
-0.00132294
0.00140202
0.00402557
0.00673763
0.00864006
-0.00984168
-0.00652789
-0.00394833
-0.00126831
0.00132106
0.00381622
0.0064021
0.00820201
-0.00933057
-0.00618777
-0.00375268
-0.00121354
0.00124261
0.00361131
0.00607228
0.00777126
-0.00883015
-0.00585433
-0.00356
-0.00115874
0.00116667
0.00341094
0.00574841
0.00734817
-0.00834064
-0.00552778
-0.00337048
-0.00110402
0.00109322
0.00321523
0.00543075
0.00693306
-0.00786228
-0.00520835
-0.00318431
-0.0010495
0.00102223
0.00302426
0.00511954
0.00652629
-0.00739529
-0.00489623
-0.00300166
-0.000995294
0.000953715
0.00283815
0.00481503
0.0061282
-0.00693991
-0.00459165
-0.00282273
-0.000941503
0.000887642
0.00265699
0.00451748
0.00573915
-0.00649637
-0.00429482
-0.00264768
-0.00088824
0.000824004
0.00248089
0.00422714
0.00535948
-0.00606492
-0.00400596
-0.00247671
-0.000835616
0.00076279
0.00230995
0.00394425
0.00498955
-0.00564581
-0.0037253
-0.00230999
-0.000783739
0.000703987
0.00214427
0.00366907
0.00462972
-0.00523929
-0.00345305
-0.00214771
-0.000732715
0.000647587
0.00198396
0.00340186
0.00428036
-0.00484561
-0.00318943
-0.00199004
-0.000682652
0.00059358
0.00182912
0.00314285
0.00394182
-0.00446505
-0.00293466
-0.00183718
-0.000633652
0.000541959
0.00167986
0.00289232
0.00361448
-0.00409785
-0.00268897
-0.00168928
-0.000585821
0.000492718
0.00153629
0.00265051
0.0032987
-0.00374431
-0.00245259
-0.00154654
-0.000539259
0.000445852
0.00139853
0.00241767
0.00299485
-0.00340467
-0.00222574
-0.00140912
-0.000494068
0.000401359
0.00126667
0.00219407
0.00270332
-0.00307923
-0.00200866
-0.00127722
-0.000450345
0.000359237
0.00114083
0.00197995
0.00242446
-0.00276826
-0.00180156
-0.00115099
-0.000408189
0.000319487
0.00102113
0.00177557
0.00215866
-0.00247204
-0.00160467
-0.00103063
-0.000367694
0.000282109
0.000907676
0.00158119
0.0019063
-0.00219085
-0.00141824
-0.000916289
-0.000328954
0.000247107
0.000800588
0.00139705
0.00166776
-0.00192499
-0.00124248
-0.000808148
-0.000292061
0.000214483
0.000699978
0.00122341
0.0014434
-0.00167473
-0.00107762
-0.00070637
-0.000257102
0.000184239
0.000605953
0.00106051
0.0012336
-0.00144035
-0.00092388
-0.000611111
-0.000224163
0.000156374
0.000518617
0.000908593
0.00103874
-0.00122211
-0.000781463
-0.000522514
-0.000193324
0.000130881
0.000438057
0.000767865
0.000859178
-0.00102026
-0.000650556
-0.0004407
-0.000164653
0.000107743
0.000364338
0.000638523
0.000695268
-0.000835013
-0.000531314
-0.000365753
-0.000138207
8.69227e-05
0.000297481
0.000520716
0.000547364
-0.000666572
-0.00042384
-0.0002977
-0.000114018
6.83532e-05
0.000237442
0.00041453
0.000415825
-0.000515104
-0.000328169
-0.000236475
-9.20872e-05
5.1916e-05
0.00018407
0.000319955
0.000301038
-0.000380779
-0.000244243
-0.000181892
-7.23792e-05
3.74142e-05
0.000137053
0.000236838
0.000203488
-0.00026388
-0.00017185
-0.000133572
-5.4789e-05
2.45772e-05
9.58976e-05
0.000164873
0.000123914
-0.000164826
-0.000110635
-9.10762e-05
-3.93146e-05
1.29335e-05
5.98459e-05
0.000103569
6.3461e-05
-8.58765e-05
-6.12966e-05
-5.56821e-05
-2.80611e-05
1.20127e-07
2.68243e-05
5.18685e-05
2.34583e-05
-2.49258e-05
-2.15172e-05
-2.45618e-05
-1.81469e-05
-1.14793e-05
-1.89126e-06
1.01472e-05
6.20277e-06
1.10108e-05
3.02484e-05
4.25465e-05
4.19186e-05
2.62035e-05
4.37273e-06
-1.67533e-05
-2.47124e-06
)
;
    }
    top
    {
        type            pressureTraction;
        value           nonuniform List<scalar> 
640
(
0.036063
0.0404824
0.046042
0.0485102
0.0485102
0.046042
0.0404824
0.036063
0.0293965
0.0311607
0.0330458
0.0336025
0.0336025
0.0330458
0.0311607
0.0293965
0.0306274
0.0324456
0.0338136
0.034328
0.034328
0.0338136
0.0324456
0.0306274
0.0316332
0.0330455
0.0341101
0.0345937
0.0345937
0.0341101
0.0330455
0.0316332
0.0318714
0.0328157
0.0335699
0.0339476
0.0339476
0.0335699
0.0328157
0.0318714
0.0318481
0.0324264
0.0329095
0.0331681
0.0331681
0.0329095
0.0324264
0.0318481
0.031686
0.0319978
0.0322748
0.0324339
0.0324339
0.0322748
0.0319978
0.031686
0.0314237
0.0315507
0.03168
0.0317635
0.0317635
0.03168
0.0315507
0.0314237
0.031092
0.0310962
0.0311231
0.0311516
0.0311516
0.0311231
0.0310962
0.031092
0.0307147
0.0306384
0.0305959
0.0305856
0.0305856
0.0305959
0.0306384
0.0307147
0.030308
0.0301786
0.0300896
0.0300526
0.0300526
0.0300896
0.0301786
0.030308
0.0298819
0.0297165
0.0295964
0.0295412
0.0295412
0.0295964
0.0297165
0.0298819
0.029442
0.029251
0.0291099
0.0290426
0.0290426
0.0291099
0.029251
0.029442
0.0289914
0.0287809
0.0286255
0.0285499
0.0285499
0.0286255
0.0287809
0.0289914
0.0285317
0.0283054
0.0281396
0.0280585
0.0280585
0.0281396
0.0283054
0.0285317
0.0280636
0.0278236
0.0276501
0.0275652
0.0275652
0.0276501
0.0278236
0.0280636
0.0275877
0.0273353
0.0271556
0.0270679
0.0270679
0.0271556
0.0273353
0.0275877
0.0271042
0.0268402
0.0266553
0.0265656
0.0265656
0.0266553
0.0268402
0.0271042
0.0266133
0.0263383
0.026149
0.0260576
0.0260576
0.026149
0.0263383
0.0266133
0.0261151
0.0258298
0.0256365
0.0255437
0.0255437
0.0256365
0.0258298
0.0261151
0.02561
0.025315
0.0251179
0.025024
0.025024
0.0251179
0.025315
0.02561
0.025098
0.0247939
0.0245935
0.0244986
0.0244986
0.0245935
0.0247939
0.025098
0.0245796
0.024267
0.0240636
0.0239679
0.0239679
0.0240636
0.024267
0.0245796
0.024055
0.0237346
0.0235286
0.0234321
0.0234321
0.0235286
0.0237346
0.024055
0.0235246
0.0231971
0.0229886
0.0228915
0.0228915
0.0229886
0.0231971
0.0235246
0.0229888
0.0226547
0.0224443
0.0223467
0.0223467
0.0224443
0.0226547
0.0229888
0.0224478
0.022108
0.0218959
0.021798
0.021798
0.0218959
0.022108
0.0224478
0.0219021
0.0215573
0.0213439
0.0212458
0.0212458
0.0213439
0.0215573
0.0219021
0.0213522
0.021003
0.0207886
0.0206904
0.0206904
0.0207886
0.021003
0.0213522
0.0207983
0.0204456
0.0202306
0.0201324
0.0201324
0.0202306
0.0204456
0.0207983
0.020241
0.0198854
0.0196701
0.0195722
0.0195722
0.0196701
0.0198854
0.020241
0.0196808
0.019323
0.0191077
0.0190102
0.0190102
0.0191077
0.019323
0.0196808
0.019118
0.0187587
0.0185439
0.0184468
0.0184468
0.0185439
0.0187587
0.0191179
0.0185531
0.018193
0.017979
0.0178825
0.0178825
0.017979
0.018193
0.0185531
0.0179866
0.0176265
0.0174136
0.0173178
0.0173178
0.0174136
0.0176265
0.0179866
0.0174191
0.0170595
0.016848
0.0167532
0.0167532
0.016848
0.0170595
0.0174191
0.016851
0.0164926
0.0162829
0.0161891
0.0161891
0.0162829
0.0164926
0.016851
0.0162829
0.0159263
0.0157187
0.015626
0.015626
0.0157187
0.0159263
0.0162829
0.0157152
0.0153611
0.0151559
0.0150645
0.0150645
0.0151559
0.0153611
0.0157152
0.0151486
0.0147976
0.014595
0.0145049
0.0145049
0.014595
0.0147976
0.0151486
0.0145836
0.0142361
0.0140365
0.0139479
0.0139479
0.0140365
0.0142361
0.0145836
0.0140207
0.0136774
0.013481
0.013394
0.013394
0.013481
0.0136774
0.0140207
0.0134605
0.0131219
0.012929
0.0128436
0.0128436
0.012929
0.0131219
0.0134605
0.0129035
0.0125702
0.012381
0.0122974
0.0122974
0.012381
0.0125702
0.0129035
0.0123505
0.0120228
0.0118375
0.0117558
0.0117558
0.0118375
0.0120228
0.0123505
0.0118019
0.0114803
0.0112991
0.0112193
0.0112193
0.0112991
0.0114803
0.0118019
0.0112583
0.0109433
0.0107664
0.0106886
0.0106886
0.0107664
0.0109433
0.0112583
0.0107204
0.0104123
0.0102399
0.0101642
0.0101642
0.0102399
0.0104123
0.0107204
0.0101887
0.00988795
0.00972021
0.00964659
0.00964659
0.00972021
0.00988795
0.0101887
0.00966378
0.00937073
0.00920779
0.00913635
0.00913635
0.00920779
0.00937073
0.00966378
0.00914635
0.00886126
0.00870323
0.00863403
0.00863403
0.00870323
0.00886126
0.00914635
0.00863696
0.00836011
0.00820712
0.00814018
0.00814018
0.00820712
0.00836011
0.00863696
0.00813621
0.00786785
0.00771999
0.00765535
0.00765535
0.00771999
0.00786785
0.00813621
0.00764471
0.00738505
0.00724241
0.00718011
0.0071801
0.00724241
0.00738505
0.00764471
0.00716305
0.0069123
0.00677494
0.00671499
0.00671499
0.00677494
0.0069123
0.00716305
0.00669183
0.00645016
0.00631814
0.00626056
0.00626056
0.00631814
0.00645016
0.00669183
0.00623165
0.00599921
0.00587256
0.00581735
0.00581735
0.00587256
0.00599921
0.00623165
0.00578311
0.00556
0.00543875
0.00538593
0.00538593
0.00543875
0.00556
0.00578311
0.00534678
0.00513309
0.00501726
0.00496683
0.00496683
0.00501726
0.00513309
0.00534678
0.00492324
0.00471906
0.00460865
0.00456059
0.00456059
0.00460865
0.00471906
0.00492324
0.00451309
0.00431845
0.00421344
0.00416775
0.00416775
0.00421344
0.00431845
0.00451309
0.00411688
0.00393181
0.00383218
0.00378884
0.00378884
0.00383218
0.00393181
0.00411688
0.00373519
0.00355969
0.00346541
0.0034244
0.0034244
0.00346541
0.00355969
0.00373519
0.00336857
0.00320262
0.00311364
0.00307495
0.00307495
0.00311364
0.00320262
0.00336857
0.00301757
0.00286113
0.00277742
0.00274101
0.00274101
0.00277742
0.00286113
0.00301757
0.00268273
0.00253576
0.00245724
0.0024231
0.0024231
0.00245724
0.00253576
0.00268273
0.00236459
0.00222701
0.00215363
0.00212173
0.00212173
0.00215363
0.00222701
0.00236459
0.00206366
0.0019354
0.0018671
0.0018374
0.0018374
0.0018671
0.0019354
0.00206366
0.00178045
0.00166144
0.00159816
0.00157065
0.00157065
0.00159816
0.00166144
0.00178045
0.00151545
0.00140563
0.00134733
0.00132199
0.00132199
0.00134733
0.00140563
0.00151545
0.00126915
0.00116848
0.00111513
0.00109198
0.00109198
0.00111513
0.00116848
0.00126915
0.001042
0.000950512
0.000902153
0.000881213
0.000881213
0.000902153
0.000950511
0.001042
0.000834449
0.000752297
0.000709024
0.000690355
0.000690355
0.000709023
0.000752296
0.000834449
0.000646972
0.000574497
0.000536507
0.000520207
0.000520207
0.000536507
0.000574496
0.000646971
0.000480074
0.000417946
0.000385571
0.000371779
0.000371779
0.000385571
0.000417946
0.000480073
0.000334343
0.000283787
0.000257535
0.00024643
0.000246429
0.000257535
0.000283788
0.000334345
0.00021046
0.0001735
0.000154071
0.000145822
0.00014582
0.000154071
0.000173502
0.000210462
0.000109161
8.87627e-05
7.70969e-05
7.19036e-05
7.19063e-05
7.70992e-05
8.8763e-05
0.00010916
3.10651e-05
3.05109e-05
2.76702e-05
2.60272e-05
2.60316e-05
2.76677e-05
3.05058e-05
3.10709e-05
-3.22051e-05
-1.50746e-05
-8.37008e-06
-6.57205e-06
-6.58686e-06
-8.38531e-06
-1.5071e-05
-3.2206e-05
)
;
    }
    bottom
    {
        type            pressureTraction;
        value           nonuniform List<scalar> 
640
(
-0.0563748
-0.0553078
-0.0556952
-0.0560093
-0.0560093
-0.0556952
-0.0553078
-0.0563748
-0.0464041
-0.0479176
-0.0484302
-0.0485936
-0.0485936
-0.0484302
-0.0479176
-0.0464041
-0.0445085
-0.0461706
-0.0469246
-0.0471686
-0.0471686
-0.0469246
-0.0461706
-0.0445085
-0.0436331
-0.0450574
-0.0458584
-0.0461501
-0.0461501
-0.0458584
-0.0450574
-0.0436331
-0.0430488
-0.0441025
-0.0448079
-0.0450954
-0.0450954
-0.0448079
-0.0441025
-0.0430488
-0.0424595
-0.0432134
-0.0437887
-0.0440433
-0.0440433
-0.0437887
-0.0432134
-0.0424595
-0.0417821
-0.0423253
-0.0427822
-0.0429954
-0.0429954
-0.0427822
-0.0423253
-0.0417821
-0.0410147
-0.0414202
-0.0417853
-0.0419603
-0.0419603
-0.0417853
-0.0414202
-0.0410147
-0.0401746
-0.040496
-0.0407959
-0.0409406
-0.0409406
-0.0407959
-0.040496
-0.0401746
-0.0392814
-0.0395555
-0.0398119
-0.0399345
-0.0399345
-0.0398119
-0.0395555
-0.0392814
-0.0383522
-0.0386033
-0.038832
-0.0389397
-0.0389397
-0.038832
-0.0386033
-0.0383522
-0.0374006
-0.0376441
-0.0378564
-0.0379544
-0.0379544
-0.0378564
-0.0376441
-0.0374006
-0.0364371
-0.0366825
-0.0368856
-0.0369778
-0.0369778
-0.0368856
-0.0366825
-0.0364371
-0.0354692
-0.0357221
-0.0359208
-0.0360097
-0.0360097
-0.0359208
-0.0357221
-0.0354692
-0.0345024
-0.0347657
-0.0349629
-0.0350501
-0.0350501
-0.0349629
-0.0347657
-0.0345024
-0.0335402
-0.0338154
-0.0340129
-0.0340995
-0.0340995
-0.0340129
-0.0338154
-0.0335402
-0.0325851
-0.0328729
-0.0330715
-0.033158
-0.033158
-0.0330715
-0.0328729
-0.0325851
-0.0316388
-0.0319392
-0.0321394
-0.0322262
-0.0322262
-0.0321394
-0.0319392
-0.0316388
-0.0307023
-0.031015
-0.0312171
-0.0313043
-0.0313043
-0.0312171
-0.031015
-0.0307023
-0.0297766
-0.0301009
-0.0303048
-0.0303925
-0.0303925
-0.0303048
-0.0301009
-0.0297766
-0.028862
-0.0291973
-0.0294029
-0.0294911
-0.0294911
-0.0294029
-0.0291973
-0.028862
-0.0279589
-0.0283045
-0.0285116
-0.0286002
-0.0286002
-0.0285116
-0.0283045
-0.0279589
-0.0270676
-0.0274228
-0.0276311
-0.02772
-0.02772
-0.0276311
-0.0274228
-0.0270676
-0.0261885
-0.0265522
-0.0267616
-0.0268507
-0.0268507
-0.0267616
-0.0265522
-0.0261885
-0.0253216
-0.025693
-0.0259032
-0.0259924
-0.0259924
-0.0259032
-0.025693
-0.0253216
-0.0244671
-0.0248454
-0.025056
-0.0251452
-0.0251452
-0.025056
-0.0248454
-0.0244671
-0.0236253
-0.0240094
-0.0242202
-0.0243094
-0.0243094
-0.0242202
-0.0240094
-0.0236253
-0.0227961
-0.0231853
-0.023396
-0.0234849
-0.0234849
-0.023396
-0.0231853
-0.0227961
-0.0219799
-0.0223731
-0.0225834
-0.022672
-0.022672
-0.0225834
-0.0223731
-0.0219799
-0.0211766
-0.0215731
-0.0217826
-0.0218708
-0.0218708
-0.0217826
-0.0215731
-0.0211766
-0.0203863
-0.0207852
-0.0209937
-0.0210813
-0.0210813
-0.0209937
-0.0207852
-0.0203863
-0.0196093
-0.0200096
-0.0202168
-0.0203038
-0.0203038
-0.0202168
-0.0200096
-0.0196093
-0.0188456
-0.0192465
-0.0194521
-0.0195384
-0.0195384
-0.0194521
-0.0192465
-0.0188456
-0.0180952
-0.0184959
-0.0186997
-0.0187851
-0.0187851
-0.0186997
-0.0184959
-0.0180952
-0.0173582
-0.017758
-0.0179597
-0.0180441
-0.0180441
-0.0179597
-0.017758
-0.0173582
-0.0166349
-0.0170329
-0.0172321
-0.0173155
-0.0173155
-0.0172321
-0.0170329
-0.0166349
-0.0159251
-0.0163206
-0.0165172
-0.0165994
-0.0165994
-0.0165172
-0.0163206
-0.0159251
-0.015229
-0.0156212
-0.015815
-0.0158959
-0.0158959
-0.015815
-0.0156212
-0.015229
-0.0145467
-0.014935
-0.0151257
-0.0152053
-0.0152053
-0.0151257
-0.014935
-0.0145467
-0.0138783
-0.0142619
-0.0144493
-0.0145275
-0.0145275
-0.0144493
-0.0142619
-0.0138783
-0.0132238
-0.0136021
-0.013786
-0.0138627
-0.0138627
-0.013786
-0.0136021
-0.0132238
-0.0125833
-0.0129557
-0.0131359
-0.013211
-0.013211
-0.0131359
-0.0129557
-0.0125833
-0.0119569
-0.0123228
-0.0124992
-0.0125726
-0.0125726
-0.0124992
-0.0123228
-0.0119569
-0.0113447
-0.0117036
-0.0118759
-0.0119475
-0.0119475
-0.0118759
-0.0117036
-0.0113447
-0.0107468
-0.0110981
-0.0112661
-0.011336
-0.011336
-0.0112661
-0.0110981
-0.0107468
-0.0101632
-0.0105065
-0.0106701
-0.0107382
-0.0107382
-0.0106701
-0.0105065
-0.0101632
-0.0095941
-0.00992885
-0.010088
-0.0101541
-0.0101541
-0.010088
-0.00992885
-0.0095941
-0.00903954
-0.00936536
-0.00951985
-0.00958401
-0.00958401
-0.00951985
-0.00936536
-0.00903954
-0.00849964
-0.00881615
-0.00896586
-0.00902802
-0.00902802
-0.00896586
-0.00881615
-0.00849964
-0.00797451
-0.00828136
-0.00842618
-0.0084863
-0.0084863
-0.00842618
-0.00828136
-0.00797451
-0.00746428
-0.00776113
-0.00790097
-0.007959
-0.007959
-0.00790097
-0.00776113
-0.00746428
-0.00696905
-0.00725562
-0.00739038
-0.0074463
-0.0074463
-0.00739038
-0.00725562
-0.00696906
-0.00648898
-0.006765
-0.00689461
-0.00694837
-0.00694837
-0.00689461
-0.006765
-0.00648898
-0.00602418
-0.00628943
-0.00641381
-0.0064654
-0.0064654
-0.00641381
-0.00628943
-0.00602418
-0.0055748
-0.00582908
-0.00594818
-0.00599757
-0.00599757
-0.00594818
-0.00582908
-0.0055748
-0.005141
-0.00538414
-0.00549791
-0.00554508
-0.00554508
-0.00549791
-0.00538414
-0.005141
-0.00472294
-0.0049548
-0.00506319
-0.00510813
-0.00510813
-0.00506319
-0.0049548
-0.00472294
-0.00432078
-0.00454124
-0.00464422
-0.00468692
-0.00468692
-0.00464422
-0.00454124
-0.00432078
-0.0039347
-0.00414367
-0.00424123
-0.00428166
-0.00428166
-0.00424123
-0.00414367
-0.0039347
-0.00356488
-0.00376231
-0.00385442
-0.00389258
-0.00389258
-0.00385442
-0.00376231
-0.00356488
-0.00321151
-0.00339736
-0.00348401
-0.00351991
-0.00351991
-0.00348401
-0.00339736
-0.00321151
-0.00287481
-0.00304904
-0.00313025
-0.00316388
-0.00316388
-0.00313025
-0.00304904
-0.00287481
-0.00255497
-0.0027176
-0.00279336
-0.00282472
-0.00282472
-0.00279336
-0.0027176
-0.00255497
-0.00225222
-0.00240327
-0.00247359
-0.00250269
-0.00250269
-0.00247359
-0.00240327
-0.00225222
-0.00196678
-0.00210629
-0.0021712
-0.00219804
-0.00219804
-0.0021712
-0.00210629
-0.00196678
-0.00169889
-0.00182692
-0.00188644
-0.00191104
-0.00191104
-0.00188644
-0.00182692
-0.00169889
-0.00144879
-0.00156541
-0.00161958
-0.00164195
-0.00164195
-0.00161958
-0.00156541
-0.00144879
-0.00121673
-0.00132203
-0.0013709
-0.00139106
-0.00139106
-0.00137089
-0.00132203
-0.00121673
-0.00100297
-0.00109706
-0.00114069
-0.00115868
-0.00115868
-0.00114068
-0.00109706
-0.00100297
-0.000807771
-0.000890782
-0.000929262
-0.000945143
-0.000945143
-0.000929261
-0.000890783
-0.00080777
-0.000631417
-0.000703517
-0.000736974
-0.000750811
-0.000750811
-0.000736975
-0.000703518
-0.000631416
-0.000474219
-0.000535626
-0.000564238
-0.000576129
-0.000576128
-0.000564239
-0.000535626
-0.000474218
-0.000336562
-0.000387558
-0.00041157
-0.000421644
-0.000421644
-0.00041157
-0.000387559
-0.00033656
-0.000218978
-0.000259941
-0.000279667
-0.000288082
-0.000288082
-0.000279668
-0.000259941
-0.000218978
-0.000122311
-0.000153723
-0.000169541
-0.000176454
-0.000176455
-0.00016954
-0.000153722
-0.000122315
-4.78891e-05
-7.03143e-05
-8.26051e-05
-8.81391e-05
-8.81396e-05
-8.26036e-05
-7.03127e-05
-4.78876e-05
1.7601e-06
-1.22611e-05
-2.13426e-05
-2.5545e-05
-2.55438e-05
-2.13417e-05
-1.22599e-05
1.76396e-06
2.36434e-05
1.66125e-05
1.03244e-05
7.46296e-06
7.46378e-06
1.03246e-05
1.66131e-05
2.36461e-05
1.21827e-05
1.10965e-05
7.92125e-06
6.74011e-06
6.73878e-06
7.92097e-06
1.10967e-05
1.2183e-05
-2.67901e-05
-2.58653e-05
-2.46851e-05
-2.33925e-05
-2.33923e-05
-2.46872e-05
-2.58665e-05
-2.67925e-05
)
;
    }
}


// ************************************************************************* //
