/*--------------------------------*- C++ -*----------------------------------*\
| =========                 |                                                 |
| \\      /  F ield         | foam-extend: Open Source CFD                    |
|  \\    /   O peration     | Version:     4.1                                |
|   \\  /    A nd           | Web:         http://www.foam-extend.org         |
|    \\/     M anipulation  |                                                 |
\*---------------------------------------------------------------------------*/
FoamFile
{
    version     2.0;
    format      ascii;
    class       volScalarField;
    location    "0.195";
    object      muEff;
}
// * * * * * * * * * * * * * * * * * * * * * * * * * * * * * * * * * * * * * //

dimensions      [1 -1 -2 0 0 0 0];

internalField   nonuniform List<scalar> 
5120
(
4437.62
4356.11
4345.16
4334.09
4325.36
4316.8
4307.79
4298.36
4288.64
4278.78
4269.95
4261.67
4253.38
4245.14
4236.99
4228.94
4221.02
4213.21
4205.51
4197.91
4190.39
4182.95
4175.56
4168.25
4161.02
4153.9
4146.93
4140.16
4134.89
4129.86
4124.86
4119.84
4114.76
4109.58
4104.25
4098.71
4094.84
4092.21
4090.08
4088.37
4086.91
4085.57
4084.22
4082.81
4081.34
4079.83
4078.31
4076.83
4075.43
4074.14
4072.97
4071.97
4071.13
4070.48
4070.05
4069.84
4069.88
4070.18
4070.78
4074.2
4075.47
4077.12
4079.19
4081.71
4084.75
4088.35
4092.55
4097.41
4102.95
4109.16
4115.95
4123.05
4129.91
4135.39
4134.32
4132.27
4114.84
4080.94
4034.37
4001.67
4456.35
4386.6
4367.03
4349.41
4335.81
4323.99
4312.75
4301.83
4291.16
4280.7
4270.45
4260.43
4250.63
4241.07
4232.81
4224.97
4217.31
4209.84
4202.56
4195.47
4188.58
4181.88
4175.38
4169.07
4162.94
4157.01
4151.27
4145.72
4140.36
4135.18
4130.19
4125.39
4120.78
4116.35
4112.1
4108.04
4104.15
4100.44
4096.91
4093.55
4090.35
4087.33
4084.47
4081.78
4079.25
4076.89
4074.69
4072.66
4070.81
4069.13
4067.62
4068.74
4067.61
4066.69
4065.98
4065.49
4065.24
4065.24
4065.51
4066.07
4066.96
4068.18
4069.79
4071.81
4074.29
4077.28
4080.82
4084.96
4089.72
4092.39
4098.28
4104.49
4110.53
4115.34
4119.89
4114.85
4098.3
4066.39
4021.57
4006.72
4446.43
4398.7
4380.88
4360.79
4344
4329.65
4316.59
4304.42
4292.91
4281.91
4271.32
4261.08
4251.14
4241.48
4232.09
4222.95
4215.34
4207.96
4200.77
4193.78
4186.99
4180.39
4173.97
4167.75
4161.72
4155.87
4150.2
4144.72
4139.42
4134.29
4129.34
4124.56
4119.96
4115.53
4111.26
4107.17
4103.24
4099.48
4095.88
4092.44
4089.17
4086.06
4083.11
4082.81
4080.18
4077.71
4075.41
4073.27
4071.31
4069.52
4067.9
4066.48
4065.24
4064.2
4063.37
4062.75
4062.37
4062.23
4062.35
4062.75
4063.46
4064.5
4065.9
4067.7
4069.95
4072.68
4075.95
4079.79
4084.26
4089.35
4092.29
4098.26
4104.1
4108.81
4113.34
4108.55
4092.54
4061.63
4019.07
4012.57
4439.58
4400.72
4386.12
4365.78
4347.83
4332.35
4318.43
4305.62
4293.67
4282.33
4271.55
4261.19
4251.17
4241.47
4232.04
4224.24
4216.76
4209.47
4202.37
4195.46
4188.74
4182.2
4175.85
4169.69
4163.7
4157.9
4152.27
4146.82
4141.54
4136.43
4131.5
4126.73
4122.13
4117.7
4113.43
4109.32
4105.37
4101.59
4097.97
4094.5
4091.2
4088.06
4085.07
4082.25
4079.58
4077.08
4074.75
4072.58
4070.57
4068.75
4067.1
4065.63
4064.35
4063.26
4062.38
4061.72
4061.28
4061.09
4061.15
4061.49
4062.13
4063.1
4064.43
4066.16
4068.32
4070.98
4074.16
4077.93
4082.33
4087.38
4093.01
4099.05
4105.03
4109.97
4109.1
4104.89
4092.64
4063.54
4023.68
4004.18
4439.58
4400.72
4386.12
4365.78
4347.83
4332.35
4318.43
4305.62
4293.67
4282.33
4271.55
4261.19
4251.17
4241.47
4232.04
4222.89
4214.48
4207.14
4199.99
4193.04
4186.28
4179.72
4173.34
4167.15
4161.15
4155.33
4149.69
4144.23
4138.95
4133.84
4128.9
4124.14
4119.54
4115.11
4110.85
4106.75
4102.81
4099.04
4095.43
4091.98
4088.68
4085.55
4082.58
4079.77
4077.12
4074.63
4072.3
4070.14
4068.15
4066.34
4064.69
4063.23
4061.96
4060.88
4060.01
4059.35
4058.91
4058.71
4058.77
4059.11
4059.74
4060.7
4062.01
4063.72
4065.87
4068.49
4071.64
4075.38
4079.74
4084.74
4090.32
4096.31
4102.24
4107.14
4111.96
4107.71
4089.96
4061.14
4025.67
4003.94
4446.43
4398.7
4380.88
4360.79
4344
4329.65
4316.59
4304.42
4292.91
4281.91
4271.32
4261.08
4251.14
4241.48
4232.84
4225.14
4217.62
4210.29
4203.15
4196.2
4189.44
4182.87
4176.48
4170.28
4164.27
4158.43
4152.78
4147.3
4142
4136.88
4131.93
4127.15
4122.55
4118.11
4113.84
4109.74
4105.8
4102.03
4098.42
4094.97
4091.69
4088.57
4085.61
4080.33
4077.71
4075.25
4072.96
4070.83
4068.88
4067.1
4065.49
4064.07
4062.84
4061.81
4060.98
4060.37
4059.98
4059.84
4059.96
4060.35
4061.05
4062.08
4063.46
4065.25
4067.47
4070.17
4073.41
4077.22
4081.64
4086.69
4095.01
4101.03
4106.92
4111.68
4110.46
4105.7
4089.83
4059.21
4017.08
4013.22
4456.35
4386.6
4367.03
4349.41
4335.81
4323.99
4312.75
4301.83
4291.16
4280.7
4270.45
4260.43
4250.99
4242.9
4234.96
4227.19
4219.58
4212.16
4204.93
4197.88
4191.02
4184.36
4177.88
4171.58
4165.48
4159.56
4153.83
4148.29
4142.93
4137.76
4132.77
4127.97
4123.36
4118.92
4114.67
4110.6
4106.71
4103
4099.45
4096.08
4092.88
4089.85
4086.98
4084.28
4081.74
4079.36
4077.16
4075.12
4073.26
4071.57
4070.06
4066.31
4065.19
4064.27
4063.56
4063.07
4062.82
4062.81
4063.08
4063.64
4064.51
4065.72
4067.31
4069.31
4071.77
4074.73
4078.23
4082.33
4087.05
4095.11
4101.05
4107.32
4113.41
4118.27
4116.95
4111.95
4095.53
4063.9
4019.53
4006.3
4437.62
4356.11
4345.16
4334.09
4325.36
4316.8
4307.79
4298.36
4288.64
4279.87
4271.8
4263.61
4255.4
4247.24
4239.14
4231.15
4223.27
4215.49
4207.82
4200.23
4192.71
4185.26
4177.85
4170.5
4163.23
4156.06
4149.04
4142.22
4135.65
4129.86
4124.86
4119.84
4114.76
4109.58
4104.25
4100.02
4096.89
4094.32
4092.26
4090.61
4089.23
4087.94
4086.63
4085.26
4083.8
4082.3
4080.79
4079.32
4077.92
4076.63
4075.46
4074.45
4073.61
4072.97
4072.53
4072.33
4072.37
4072.68
4073.28
4071.69
4072.94
4074.57
4076.62
4079.12
4082.13
4085.69
4089.86
4094.67
4100.16
4106.32
4113.05
4120.1
4126.9
4132.34
4137.39
4129.25
4111.96
4078.36
4032.26
4002.82
4229.69
4225.84
4236.27
4228.93
4221.03
4213.24
4205.36
4201.2
4199.8
4197.95
4195.76
4193.34
4190.78
4188.15
4185.53
4182.94
4180.42
4178
4175.69
4176.31
4174.3
4172.43
4170.71
4169.13
4167.7
4166.42
4165.31
4164.36
4163.57
4162.96
4162.52
4162.27
4162.2
4162.32
4162.65
4163.18
4163.93
4164.9
4166.11
4167.57
4169.29
4171.28
4173.56
4176.14
4179.04
4182.29
4185.9
4189.91
4194.32
4199.19
4204.53
4210.38
4216.79
4223.8
4231.45
4239.8
4248.89
4258.8
4269.57
4281.28
4293.98
4307.73
4322.59
4338.6
4355.75
4374.02
4393.32
4413.44
4434.07
4454.66
4474.39
4492
4500.43
4507.23
4508.25
4486.53
4432.61
4342.7
4200.5
4030.31
4242.8
4238.95
4247.57
4237
4226.7
4217.46
4208.54
4199.95
4195.42
4192.63
4189.77
4186.86
4183.94
4181.04
4178.19
4175.41
4172.71
4170.12
4167.64
4165.28
4163.05
4160.95
4158.99
4157.17
4155.49
4153.95
4152.57
4151.34
4150.27
4149.36
4148.61
4148.04
4147.63
4147.41
4147.37
4147.52
4147.88
4148.44
4152.46
4153.48
4154.74
4156.25
4158.03
4160.08
4162.42
4165.08
4168.08
4171.43
4175.16
4179.3
4183.88
4188.93
4194.49
4200.61
4207.32
4214.69
4222.75
4231.58
4241.24
4251.79
4263.3
4275.84
4289.48
4304.27
4320.25
4337.42
4355.72
4370.43
4390.36
4410.54
4430.19
4448.09
4462.31
4469.89
4471.25
4444.27
4393.9
4307.1
4172.43
4041.41
4231.19
4249.91
4257.58
4243.05
4229.89
4219.09
4209.33
4200.29
4195.03
4191.48
4188.03
4184.68
4181.44
4178.3
4175.27
4172.34
4169.53
4166.83
4164.25
4161.8
4159.47
4157.26
4155.19
4153.26
4151.46
4149.8
4148.29
4146.92
4145.7
4144.64
4143.73
4142.98
4142.4
4141.99
4141.76
4141.71
4145
4145.35
4145.92
4146.69
4147.7
4148.94
4150.43
4152.19
4154.23
4156.56
4159.21
4162.21
4165.56
4169.31
4173.47
4178.08
4183.19
4188.82
4195.03
4201.86
4209.36
4217.61
4226.65
4236.57
4247.42
4259.3
4272.26
4286.37
4301.69
4318.22
4335.95
4354.75
4369.81
4389.73
4409.29
4427.22
4441.56
4449.19
4450.22
4422.63
4371.23
4284.51
4156.04
4037.13
4235.1
4253.04
4261.9
4245.56
4230.74
4218.96
4208.75
4199.92
4195.75
4191.75
4187.93
4184.31
4180.86
4179.86
4176.79
4173.85
4171.03
4168.33
4165.76
4163.31
4160.98
4158.77
4156.69
4154.75
4152.93
4151.25
4149.7
4148.3
4147.04
4145.93
4144.97
4144.16
4143.52
4143.04
4142.73
4142.61
4142.66
4142.91
4143.36
4144.03
4144.91
4146.02
4147.38
4149
4150.89
4153.07
4155.57
4158.39
4161.57
4165.13
4169.1
4173.51
4178.4
4183.81
4189.78
4196.37
4203.62
4211.59
4220.36
4229.98
4240.53
4252.1
4264.74
4278.54
4293.54
4309.78
4327.23
4345.79
4365.23
4385.11
4404.67
4422.65
4437.03
4444.61
4435.59
4412.53
4365.22
4274.44
4149.31
4035.72
4232.58
4253.04
4261.9
4245.56
4230.74
4218.96
4208.75
4201.69
4197.61
4193.7
4189.98
4186.44
4183.08
4177.57
4174.43
4171.42
4168.54
4165.79
4163.16
4160.66
4158.28
4156.03
4153.91
4151.93
4150.08
4148.37
4146.79
4145.36
4144.08
4142.94
4141.96
4141.13
4140.47
4139.97
4139.65
4139.5
4139.54
4139.78
4140.21
4140.86
4141.72
4142.82
4144.16
4145.76
4147.63
4149.79
4152.27
4155.07
4158.22
4161.75
4165.7
4170.08
4174.94
4180.31
4186.24
4192.78
4199.99
4207.91
4216.62
4226.18
4236.68
4248.17
4260.75
4274.46
4289.39
4305.54
4322.89
4341.36
4360.7
4380.48
4399.95
4417.84
4432.15
4439.7
4440.47
4417.29
4360.72
4270.45
4146.17
4033.63
4228.79
4249.91
4257.58
4243.05
4229.89
4219.09
4209.33
4200.43
4196.88
4193.43
4190.08
4186.82
4183.66
4180.6
4177.64
4174.79
4172.04
4169.4
4166.87
4164.47
4162.18
4160.02
4157.99
4156.09
4154.33
4152.71
4151.22
4149.88
4148.69
4147.65
4146.76
4146.04
4145.48
4145.09
4144.87
4144.84
4141.85
4142.19
4142.74
4143.5
4144.48
4145.71
4147.18
4148.92
4150.94
4153.25
4155.88
4158.85
4162.18
4165.9
4170.03
4174.61
4179.68
4185.28
4191.44
4198.23
4205.69
4213.88
4222.87
4232.73
4243.52
4255.33
4268.21
4282.25
4297.48
4313.93
4331.56
4350.27
4374.39
4394.41
4414.06
4432.08
4446.48
4454.14
4445.29
4427.44
4375.78
4280.46
4152.84
4035.02
4240.6
4238.95
4247.57
4237
4226.7
4217.46
4208.54
4199.95
4197.27
4194.6
4191.84
4189.02
4186.19
4183.38
4180.6
4177.89
4175.26
4172.73
4170.3
4168
4165.81
4163.76
4161.83
4160.05
4158.41
4156.91
4155.56
4154.35
4153.31
4152.42
4151.7
4151.14
4150.76
4150.56
4150.54
4150.71
4151.09
4151.66
4149.22
4150.22
4151.46
4152.95
4154.71
4156.74
4159.06
4161.7
4164.67
4167.99
4171.7
4175.81
4180.35
4185.37
4190.9
4196.98
4203.65
4210.97
4218.98
4227.76
4237.36
4247.85
4259.29
4271.77
4285.33
4300.04
4315.94
4333.02
4351.23
4375.03
4395.05
4415.32
4435.07
4453.05
4467.33
4474.94
4466.22
4449.19
4398.57
4302.92
4169.11
4039.25
4230.48
4225.84
4236.27
4228.93
4221.03
4213.24
4205.36
4202.96
4201.7
4199.97
4197.9
4195.58
4193.11
4190.58
4188.03
4185.51
4183.06
4180.7
4178.44
4173.5
4171.44
4169.53
4167.76
4166.14
4164.68
4163.37
4162.22
4161.24
4160.43
4159.79
4159.32
4159.04
4158.95
4159.06
4159.36
4159.87
4160.6
4161.56
4162.75
4164.18
4165.88
4167.85
4170.1
4172.66
4175.54
4178.77
4182.35
4186.32
4190.71
4195.54
4200.85
4206.67
4213.04
4220
4227.61
4235.91
4244.95
4254.8
4265.51
4277.15
4289.79
4303.47
4318.25
4334.17
4351.24
4369.42
4388.62
4408.65
4429.18
4449.68
4469.32
4486.86
4505.62
4512.45
4503.05
4481.44
4437.47
4347.1
4204.05
4032.56
4111.38
4117.72
4128.36
4136.26
4145.73
4155.58
4164.97
4173.54
4183.78
4190.62
4196.67
4202.08
4207.02
4211.63
4216.03
4220.32
4224.57
4228.83
4233.15
4237.57
4242.09
4246.76
4251.57
4256.54
4261.69
4267.01
4272.53
4278.25
4284.18
4290.34
4296.73
4303.36
4310.25
4317.4
4324.84
4332.58
4340.62
4348.99
4357.7
4366.76
4376.2
4386.03
4396.26
4406.91
4418.01
4429.56
4441.59
4454.1
4467.13
4480.66
4494.73
4509.34
4524.49
4540.18
4556.41
4573.17
4584.76
4602.43
4620.53
4638.99
4657.75
4676.71
4695.75
4714.71
4733.42
4751.64
4769.12
4785.52
4800.43
4813.35
4830.12
4836.92
4838.99
4834.55
4814.32
4792.73
4741.18
4645.06
4449.06
4064.76
4175.57
4176.01
4161.49
4155.26
4155.82
4158.94
4163.04
4167.52
4172.02
4176.38
4180.55
4184.53
4188.35
4192.06
4195.71
4202.54
4206.25
4210.01
4213.84
4217.76
4221.79
4225.94
4230.23
4234.67
4239.27
4244.03
4248.97
4254.1
4259.43
4264.96
4270.71
4276.7
4282.92
4289.41
4296.16
4303.19
4310.53
4318.18
4326.15
4334.48
4343.17
4352.25
4361.73
4371.63
4381.98
4392.79
4404.09
4415.89
4428.22
4441.1
4454.54
4468.56
4483.17
4498.39
4514.22
4530.66
4547.7
4565.33
4583.5
4602.19
4621.31
4634.96
4654.62
4680.35
4700.1
4719.53
4738.37
4756.26
4772.75
4787.28
4799.1
4807.23
4810.23
4805.97
4784.62
4759.13
4699.5
4590.04
4390.48
4099.42
4164.23
4219.33
4195.1
4179.43
4172.42
4169.36
4168.56
4169.23
4170.82
4172.99
4175.52
4178.28
4181.18
4184.18
4187.27
4190.43
4193.66
4200.25
4203.74
4207.33
4211.03
4214.85
4218.81
4222.9
4227.15
4231.56
4236.13
4240.89
4245.83
4250.98
4256.33
4261.9
4267.71
4273.77
4280.09
4286.68
4293.57
4300.76
4308.27
4316.13
4324.34
4332.94
4341.94
4351.35
4361.21
4371.53
4382.35
4393.67
4405.53
4417.95
4430.94
4444.54
4458.76
4473.61
4489.11
4505.26
4522.07
4539.53
4557.6
4576.26
4595.46
4615.11
4635.11
4655.32
4675.57
4695.63
4709.11
4733.91
4751.3
4766.75
4779.45
4788.31
4791.74
4787.35
4765.04
4737.05
4673.19
4558.42
4360.47
4094.24
4165.23
4238.48
4212.82
4194.32
4184.02
4177.68
4173.99
4172.31
4172.09
4172.87
4174.37
4179.14
4181.55
4184.2
4187.02
4189.99
4193.08
4196.27
4199.58
4203
4206.54
4210.2
4213.99
4217.92
4221.99
4226.23
4230.63
4235.2
4239.95
4244.91
4250.06
4255.44
4261.04
4266.89
4272.99
4279.37
4286.03
4292.99
4300.28
4307.9
4315.88
4324.24
4332.99
4342.16
4351.78
4361.85
4372.42
4383.5
4395.12
4407.3
4420.07
4433.44
4447.45
4462.1
4477.42
4493.42
4510.09
4527.43
4545.42
4564.04
4583.24
4602.93
4623.03
4643.4
4663.85
4684.17
4704.06
4717.03
4734.76
4750.56
4763.61
4772.74
4782.61
4771.81
4761.48
4726.1
4660.57
4544.52
4350.27
4096.1
4167.63
4241.38
4215.39
4196.74
4186.41
4180.07
4176.42
4174.79
4174.63
4175.5
4177.07
4176.36
4178.69
4181.26
4184.01
4186.9
4189.92
4193.05
4196.29
4199.65
4203.12
4206.72
4210.46
4214.34
4218.36
4222.54
4226.89
4231.41
4236.12
4241.03
4246.14
4251.47
4257.03
4262.83
4268.89
4275.22
4281.83
4288.75
4295.99
4303.57
4311.5
4319.81
4328.51
4337.64
4347.2
4357.23
4367.74
4378.77
4390.33
4402.45
4415.16
4428.48
4442.42
4457.01
4472.26
4488.19
4504.79
4522.06
4539.98
4558.52
4577.64
4597.26
4617.28
4637.57
4657.95
4678.2
4698.02
4723.14
4740.93
4756.79
4769.88
4779.04
4776.31
4778.09
4755.25
4720.01
4654.74
4539.17
4345.86
4093.39
4166.57
4222.01
4197.46
4181.7
4174.68
4171.66
4170.93
4171.68
4173.36
4175.62
4178.24
4181.08
4184.07
4187.15
4190.31
4193.55
4196.86
4196.99
4200.41
4203.93
4207.57
4211.34
4215.24
4219.28
4223.47
4227.83
4232.35
4237.06
4241.96
4247.05
4252.36
4257.89
4263.65
4269.66
4275.93
4282.48
4289.32
4296.47
4303.94
4311.74
4319.91
4328.46
4337.41
4346.77
4356.58
4366.85
4377.61
4388.88
4400.68
4413.04
4425.98
4439.52
4453.67
4468.46
4483.89
4499.98
4516.72
4534.1
4552.1
4570.69
4589.81
4609.38
4629.31
4649.45
4669.63
4689.61
4715.2
4727.76
4745.08
4760.48
4773.14
4781.97
4785.4
4781.03
4771.3
4730.92
4667.31
4553.01
4355.99
4091.51
4173.27
4173.89
4163.43
4157.22
4157.87
4161.12
4165.34
4169.94
4174.56
4179.04
4183.31
4187.39
4191.31
4195.11
4198.84
4199.34
4202.98
4206.66
4210.42
4214.28
4218.25
4222.34
4226.57
4230.95
4235.49
4240.21
4245.09
4250.17
4255.45
4260.93
4266.64
4272.58
4278.76
4285.19
4291.9
4298.89
4306.17
4313.77
4321.71
4329.98
4338.63
4347.66
4357.09
4366.94
4377.23
4387.99
4399.24
4410.98
4423.26
4436.07
4449.45
4463.41
4477.97
4493.12
4508.89
4525.26
4542.23
4559.79
4577.89
4596.5
4615.55
4640.79
4660.52
4674.38
4694.05
4713.42
4732.19
4750.02
4766.46
4780.94
4792.72
4800.82
4803.82
4799.58
4790.95
4752.92
4693.52
4584.5
4385.86
4096.61
4111.38
4116.6
4129.74
4137.88
4147.59
4157.66
4167.25
4176
4181.16
4187.87
4193.8
4199.1
4203.94
4208.45
4212.77
4216.97
4221.14
4225.33
4229.59
4233.93
4238.4
4243
4247.75
4252.67
4257.75
4263.03
4268.49
4274.16
4280.04
4286.14
4292.48
4299.06
4305.9
4313.01
4320.4
4328.09
4336.08
4344.4
4353.06
4362.08
4371.47
4381.24
4391.42
4402.03
4413.07
4424.57
4436.54
4449
4461.96
4475.45
4489.45
4504
4519.09
4534.72
4550.88
4567.57
4590.43
4608.16
4626.32
4644.86
4663.69
4682.71
4701.82
4720.84
4739.62
4757.91
4775.44
4791.89
4806.85
4819.81
4823.63
4830.41
4832.48
4828.06
4820.76
4786.4
4735.04
4639.3
4453.99
4066.93
4106.07
4102.51
4236.86
4303.46
4354.04
4396.61
4439.27
4473.3
4503.16
4529.15
4551.79
4566.22
4583.92
4600.02
4614.95
4629.03
4642.49
4655.51
4668.19
4680.61
4692.82
4704.85
4716.71
4728.41
4739.95
4751.33
4762.55
4773.61
4784.5
4795.22
4805.76
4816.12
4826.29
4836.27
4846.05
4855.63
4865.01
4874.17
4883.12
4891.85
4900.35
4908.61
4916.64
4924.42
4931.96
4939.24
4946.26
4953.01
4959.49
4965.7
4971.63
4977.27
4982.62
4987.68
4992.45
4996.91
5001.07
5004.93
5008.48
5011.72
5014.65
5017.27
5019.57
5021.56
5023.22
5024.55
5025.53
5026.11
5026.25
5025.85
5024.72
5022.56
5018.84
5019.67
5009
4990.32
4955.91
4885.67
4711.6
4272.17
4052.05
4362.75
4385.51
4396.56
4413.01
4429.1
4446.66
4465.54
4484.62
4508.3
4526.01
4542.69
4558.4
4573.28
4587.47
4601.12
4614.35
4627.25
4639.9
4652.34
4664.61
4676.72
4688.71
4700.56
4712.28
4723.88
4735.35
4746.7
4757.91
4768.98
4779.91
4790.7
4801.33
4811.81
4822.13
4832.29
4835.58
4845.35
4854.94
4864.34
4873.55
4882.55
4891.34
4899.91
4908.25
4916.36
4924.23
4931.85
4939.21
4946.31
4953.12
4959.66
4972.97
4971.86
4977.5
4982.83
4987.84
4992.52
4996.87
5000.88
5004.54
5007.85
5010.79
5013.37
5015.55
5017.33
5018.68
5019.53
5019.83
5019.43
5018.12
5015.52
5010.99
5010.38
4997.24
4974.08
4931.15
4843.76
4628.79
4571.1
4142.13
4596.6
4552.42
4510.1
4488.26
4477.17
4474.98
4479.47
4488.18
4504.48
4517.01
4530.13
4543.41
4556.64
4569.72
4582.61
4595.31
4607.84
4620.2
4632.43
4644.54
4656.52
4668.4
4680.18
4691.85
4703.42
4714.89
4726.25
4737.51
4748.65
4759.68
4770.6
4781.39
4792.05
4802.58
4812.98
4823.23
4833.32
4843.27
4853.04
4855.91
4865.3
4874.51
4883.52
4892.33
4900.92
4909.29
4917.43
4925.32
4932.96
4940.33
4947.43
4954.24
4967.8
4966.98
4972.87
4978.45
4983.68
4988.57
4993.11
4997.28
5001.07
5004.47
5007.47
5010.04
5012.16
5013.79
5014.88
5015.33
5015
5013.63
5010.8
5005.78
5004.24
4989.48
4963.42
4915.35
4819.21
4598.22
4395.95
4245.94
4697
4634.49
4574.63
4535.6
4509.99
4501.39
4497.21
4499.57
4506.19
4515.45
4526.27
4537.97
4550.1
4562.42
4574.78
4587.1
4593.67
4611.52
4623.58
4635.55
4647.43
4659.22
4670.91
4682.52
4694.03
4705.46
4716.79
4728.03
4739.18
4750.22
4761.15
4771.98
4782.7
4793.3
4803.77
4814.12
4824.32
4834.39
4844.3
4854.06
4863.65
4866.3
4875.5
4884.51
4893.32
4901.91
4910.28
4918.42
4926.31
4933.94
4941.31
4948.39
4955.18
4961.67
4967.84
4973.69
4979.2
4984.36
4989.15
4993.58
4997.61
5001.25
5004.46
5007.24
5009.54
5011.34
5012.55
5013.1
5012.82
5011.45
5008.54
5010.37
5001.34
4985.82
4958.48
4908.37
4810.05
4600.78
4146.2
4249.38
4702.86
4640.1
4580
4540.82
4515.1
4496.31
4492.13
4494.47
4501.04
4510.24
4521
4532.62
4544.69
4556.94
4569.23
4581.49
4599.36
4605.77
4617.78
4629.69
4641.52
4653.25
4664.89
4676.44
4687.91
4699.29
4710.58
4721.77
4732.87
4743.87
4754.76
4765.55
4776.23
4786.79
4797.23
4807.54
4817.71
4827.74
4837.63
4847.35
4856.91
4873.07
4882.3
4891.33
4900.17
4908.78
4917.18
4925.34
4933.25
4940.9
4948.28
4955.39
4962.19
4968.7
4974.89
4980.75
4986.27
4991.44
4996.24
5000.67
5004.72
5008.36
5011.58
5014.35
5016.66
5018.45
5019.67
5020.22
5019.93
5018.55
5015.62
5003.3
4994.31
4978.84
4951.59
4901.64
4803.67
4595.2
4149.62
4139.4
4602.07
4557.69
4515.19
4493.26
4482.13
4479.94
4484.48
4493.25
4499.33
4511.79
4524.83
4538.04
4551.19
4564.2
4577.02
4589.65
4602.12
4614.42
4626.59
4638.64
4650.57
4662.39
4674.11
4685.74
4697.26
4708.68
4719.99
4731.2
4742.31
4753.3
4764.17
4774.92
4785.55
4796.04
4806.4
4816.61
4826.68
4836.59
4846.33
4862.65
4872.07
4881.31
4890.35
4899.18
4907.8
4916.19
4924.35
4932.26
4939.92
4947.31
4954.43
4961.26
4960.76
4974.02
4979.94
4985.52
4990.77
4995.67
5000.21
5004.39
5008.18
5011.59
5014.59
5017.16
5019.29
5020.92
5022.01
5022.45
5022.11
5020.73
5017.9
5012.85
4997.2
4982.49
4956.52
4908.6
4812.8
4603.83
4391.88
4052.05
4358.31
4390
4401.08
4417.62
4433.81
4451.48
4470.47
4489.67
4503.14
4520.75
4537.33
4552.96
4567.75
4581.87
4595.45
4608.61
4621.44
4634.03
4646.41
4658.62
4670.68
4682.61
4694.4
4706.08
4717.63
4729.06
4740.35
4751.52
4762.55
4773.44
4784.18
4794.78
4805.22
4815.51
4825.63
4842.27
4852.08
4861.7
4871.13
4880.36
4889.39
4898.2
4906.8
4915.17
4923.3
4931.19
4938.83
4946.21
4953.32
4960.15
4966.71
4965.91
4978.93
4984.58
4989.92
4994.94
4999.63
5003.99
5008.01
5011.67
5014.99
5017.94
5020.51
5022.7
5024.48
5025.82
5026.67
5026.96
5026.56
5025.24
5022.63
5018.08
5003.32
4990.22
4967.14
4924.35
4837.25
4634.53
4566.36
4106.07
4100.17
4240.3
4307.35
4358.26
4401.11
4434.54
4468.37
4498.06
4523.9
4546.42
4571.71
4589.5
4605.69
4620.7
4634.85
4648.39
4661.47
4674.21
4686.69
4698.96
4711.04
4722.95
4734.7
4746.29
4757.72
4768.99
4780.09
4791.03
4801.78
4812.36
4822.76
4832.96
4842.98
4852.79
4862.41
4871.81
4881.01
4889.98
4898.74
4907.26
4915.55
4923.6
4931.4
4938.96
4946.26
4953.29
4960.07
4966.56
4972.79
4978.73
4984.38
4989.75
4994.82
4999.59
5004.06
5008.23
5012.09
5015.64
5018.89
5021.82
5024.44
5026.75
5028.74
5030.4
5031.73
5032.7
5033.28
5033.41
5033
5031.86
5029.7
5025.96
5012.58
5001.94
4983.32
4949.03
4879.03
4705.58
4268.19
4096.11
3980.94
4093.71
4193.57
4269.13
4317.75
4343.9
4327.4
4397.04
4400.6
4402.91
4405.47
4408.21
4411.21
4414.53
4418.17
4422.11
4426.34
4435.8
4440.57
4445.59
4450.84
4456.33
4462.07
4468.05
4474.28
4480.77
4487.52
4494.54
4501.83
4509.39
4517.23
4525.35
4533.74
4542.42
4551.37
4560.6
4570.1
4579.88
4589.92
4600.23
4610.8
4621.62
4632.69
4643.99
4655.53
4667.29
4679.26
4691.43
4703.78
4716.32
4729.01
4741.86
4754.84
4767.93
4781.13
4794.42
4807.78
4821.2
4834.65
4848.13
4861.61
4875.09
4888.56
4901.99
4915.4
4928.76
4942.09
4955.38
4968.66
4981.94
4995.23
5008.5
5021.57
5033.82
5043.35
5044.41
5019.41
4902.11
4376.91
4132.94
4115.6
4034.15
4108.31
4190.01
4258.73
4305.76
4334.11
4349.84
4355.92
4346.53
4190.71
4240.35
4323.56
4348.27
4360.58
4368.99
4375.87
4382.14
4388.16
4394.15
4400.21
4406.4
4412.77
4419.34
4426.14
4433.19
4440.49
4448.06
4455.9
4464.03
4477.56
4486.3
4495.34
4504.68
4514.32
4524.25
4534.49
4545.02
4555.85
4566.97
4578.38
4590.07
4602.04
4614.27
4626.77
4639.52
4652.52
4665.74
4679.18
4692.83
4706.66
4720.68
4734.85
4749.17
4763.61
4778.16
4792.8
4807.5
4822.26
4837.05
4851.85
4866.64
4881.41
4896.14
4910.82
4925.43
4939.96
4954.4
4968.73
4976.01
4989.98
5003.63
5016.6
5027.92
5035.04
5030.71
4992.13
4820.18
4116.58
4130.3
4330.7
4243.51
4124.88
4111.45
4241.86
4302.85
4323.19
4328.87
4329.71
4333.06
4329.72
4319.08
4271.98
4059.12
4267.94
4319.08
4337.02
4347.26
4355.08
4362.04
4368.7
4375.34
4382.07
4388.96
4396.07
4403.42
4411.03
4418.91
4427.08
4435.55
4444.31
4453.39
4467.82
4477.56
4487.62
4498.01
4508.71
4519.73
4531.07
4542.73
4554.69
4566.97
4579.55
4592.42
4605.58
4619.02
4632.73
4646.69
4660.9
4675.34
4690
4704.86
4719.9
4735.1
4750.45
4765.93
4781.51
4797.18
4812.91
4828.69
4844.48
4860.28
4876.05
4891.77
4907.44
4923.03
4938.51
4953.87
4969.07
4984.07
4998.77
5005.96
5019.15
5030.23
5036.24
5029
4983.26
4802.16
4277.67
4096.29
4468.48
4415.49
4354.56
4170.89
4291.6
4330.71
4327.66
4322.3
4318.43
4320.71
4320.07
4320.34
4320.34
4313.15
4088.44
4312
4329.44
4336.83
4342.93
4348.86
4354.91
4361.16
4372.27
4379.07
4386.15
4393.51
4401.18
4409.15
4417.43
4426.03
4434.95
4444.2
4453.77
4463.68
4473.92
4484.49
4495.4
4506.64
4518.22
4530.12
4542.36
4554.92
4567.79
4580.97
4594.46
4608.25
4622.31
4636.65
4651.25
4666.1
4681.17
4696.47
4711.96
4727.63
4743.46
4759.42
4775.51
4791.69
4807.95
4824.25
4840.58
4856.92
4873.24
4889.52
4905.74
4921.88
4937.9
4953.8
4969.52
4985.02
5000.19
5014.8
5028.35
5039.64
5045.58
5037.87
4992.1
4823.43
4357.87
4098.71
4463.49
4410.66
4349.98
4174.67
4295.91
4335.18
4332.11
4326.71
4322.82
4316.34
4315.7
4315.98
4315.98
4308.82
4085.19
4316.35
4333.87
4341.3
4347.42
4353.39
4359.46
4365.75
4367.66
4374.43
4381.47
4388.8
4396.44
4404.37
4412.61
4421.18
4430.06
4439.26
4448.79
4458.66
4468.85
4479.38
4490.25
4501.44
4512.97
4524.83
4537.01
4549.52
4562.34
4575.48
4588.91
4602.64
4616.65
4630.94
4645.48
4660.27
4675.3
4690.53
4705.97
4721.58
4737.35
4753.26
4769.29
4785.42
4801.61
4817.86
4834.14
4850.42
4866.69
4882.91
4899.08
4915.16
4931.13
4946.98
4962.65
4978.1
4993.21
5007.77
5021.27
5032.53
5038.45
5030.75
4985.12
4829.88
4353.4
4130.3
4335.08
4247.55
4128.37
4114.95
4245.95
4307.2
4327.61
4333.31
4334.15
4328.62
4325.3
4314.7
4267.81
4056
4272.12
4323.49
4341.5
4351.79
4359.65
4366.64
4373.33
4380
4386.76
4393.69
4400.83
4408.21
4415.85
4423.77
4431.98
4440.48
4449.28
4458.39
4462.77
4472.47
4482.49
4492.83
4503.49
4514.47
4525.76
4537.37
4549.29
4561.52
4574.05
4586.87
4599.98
4613.37
4627.02
4640.94
4655.09
4669.48
4684.08
4698.88
4713.87
4729.02
4744.31
4759.74
4775.27
4790.88
4806.56
4822.28
4838.02
4853.76
4869.48
4885.15
4900.77
4916.3
4931.73
4947.04
4962.19
4977.14
4991.8
5012.98
5026.21
5037.34
5043.37
5036.12
4990.24
4808.57
4273.33
4132.94
4115.6
4034.15
4111.66
4193.81
4262.86
4310.12
4338.59
4354.4
4360.51
4342
4186.87
4244.45
4328.02
4352.84
4365.21
4373.65
4380.57
4386.86
4392.91
4398.92
4405.01
4411.23
4417.63
4424.23
4431.06
4438.14
4445.47
4453.07
4460.95
4469.11
4472.45
4481.15
4490.15
4499.45
4509.05
4518.95
4529.14
4539.63
4550.42
4561.5
4572.86
4584.51
4596.43
4608.62
4621.07
4633.77
4646.72
4659.89
4673.29
4686.88
4700.67
4714.64
4728.76
4743.02
4757.42
4771.91
4786.5
4801.16
4815.86
4830.6
4845.35
4860.1
4874.82
4889.5
4904.13
4918.69
4933.17
4947.56
4961.85
4982.93
4996.95
5010.65
5023.66
5035.02
5042.16
5037.83
4999.14
4826.65
4112.5
4098.98
3980.94
4096.53
4197.17
4273.21
4322.13
4348.43
4331.89
4401.82
4405.41
4407.74
4410.31
4413.07
4416.09
4419.42
4423.08
4427.04
4431.29
4430.83
4435.58
4440.57
4445.8
4451.27
4456.98
4462.93
4469.14
4475.6
4482.33
4489.32
4496.58
4504.11
4511.92
4520
4528.36
4537
4545.92
4555.11
4564.58
4574.32
4584.33
4594.6
4605.13
4615.91
4626.94
4638.2
4649.7
4661.41
4673.34
4685.46
4697.78
4710.27
4722.92
4735.72
4748.65
4761.71
4774.86
4788.11
4801.42
4814.79
4828.2
4841.63
4855.08
4868.51
4881.93
4895.33
4908.69
4922.01
4935.29
4948.55
4961.78
4975.02
4988.26
5001.49
5014.51
5026.73
5036.22
5037.28
5012.34
4895.42
4372.12
3968.69
3930.97
3919.38
3922.48
3934.03
3942.6
3948.38
3953.86
3956.27
3957.9
3959.13
3958.32
3959.3
3960.28
3961.3
3962.34
3963.41
3964.48
3965.5
3966.37
3966.78
3965.91
3961.18
3957.87
3971.32
3977.17
3980.69
3983.53
3986.19
3988.85
3991.62
3994.52
3997.6
4000.87
4004.37
4008.11
4012.12
4016.43
4021.05
4026.03
4031.38
4037.14
4043.35
4050.05
4054.81
4062.56
4070.93
4079.98
4089.76
4100.35
4111.8
4124.2
4137.63
4152.16
4167.9
4184.94
4203.38
4223.33
4244.88
4272.03
4293.26
4320.28
4349.31
4384.89
4418.3
4453.88
4491.6
4531.41
4573.2
4616.85
4662.2
4709.13
4757.68
4808.16
4861.38
4918.54
4979.55
5033.95
5011.17
4574.8
4089.63
3957.31
3921.69
3922.51
3933
3938.32
3941.17
3942.89
3945.76
3946.74
3945.95
3946.85
3947.8
3948.79
3949.83
3950.92
3952.05
3953.23
3954.44
3955.68
3956.94
3958.22
3959.5
3960.73
3961.84
3962.68
3962.94
3962.11
3960.46
3965.89
3973.27
3977.91
3981.73
3985.22
3988.65
3992.16
3995.83
3999.71
4003.85
4008.29
4013.05
4018.18
4023.72
4029.7
4036.17
4043.17
4050.77
4059
4067.94
4077.66
4088.23
4099.72
4112.23
4125.86
4140.7
4156.88
4174.5
4193.71
4214.62
4237.4
4262.16
4285.13
4314.16
4345.59
4379.53
4416.07
4455.26
4497.1
4541.52
4588.42
4637.63
4688.93
4742.13
4797.16
4854.07
4912.76
4970.9
5012.71
4919.42
4555.71
4041.08
4004.82
3945.2
3925.58
3938.8
3940.63
3940.35
3940
3941.57
3940.16
3940.65
3941.34
3942.17
3943.11
3944.13
3945.21
3946.35
3947.53
3948.75
3950.02
3951.32
3952.67
3954.05
3955.47
3956.93
3958.4
3959.86
3961.25
3962.41
3963.04
3962.64
3964.75
3971.33
3975.82
3979.61
3983.13
3986.63
3990.26
3994.09
3998.17
4002.55
4007.26
4012.35
4017.85
4023.82
4030.28
4037.31
4044.95
4053.27
4062.34
4072.23
4083.03
4094.83
4107.72
4121.84
4137.28
4154.19
4172.71
4192.99
4215.19
4239.49
4266.05
4291.1
4322.55
4356.77
4393.89
4434.02
4477.21
4523.44
4572.62
4624.58
4679.03
4735.66
4794.16
4854.28
4915.54
4975.16
5015.23
4896
4634.73
4040.79
4027.6
3973.84
3924.97
3947.51
3944.06
3941.2
3939.49
3940.29
3938.45
3938.69
3939.24
3939.99
3940.89
3941.89
3942.96
3944.09
3945.28
3946.5
3947.77
3949.08
3950.44
3951.85
3953.31
3954.83
3956.42
3958.07
3959.78
3961.55
3963.34
3964.95
3965.35
3967.43
3973.38
3976.81
3979.89
3983.06
3986.41
3989.99
3993.84
3997.99
4002.47
4007.32
4012.58
4018.29
4024.49
4031.23
4038.58
4046.59
4055.34
4064.89
4075.34
4084.19
4096.62
4110.26
4125.23
4141.65
4159.69
4179.5
4201.26
4225.15
4251.35
4283.97
4311.51
4350.09
4387.68
4428.47
4472.54
4519.92
4570.52
4624.17
4680.58
4739.38
4800.2
4862.79
4920.09
4983.13
5031.02
4974.63
4645.68
4038.67
4025.34
3971.95
3926.38
3949.27
3945.79
3942.9
3941.15
3938.65
3940.06
3940.28
3940.82
3941.56
3942.45
3943.44
3944.51
3945.64
3946.82
3948.05
3949.32
3950.63
3951.99
3953.4
3954.86
3956.38
3957.97
3959.62
3961.34
3963.12
3964.91
3966.5
3966.78
3966.15
3971.82
3975.17
3978.22
3981.35
3984.67
3988.22
3992.04
3996.15
4000.59
4005.4
4010.61
4016.26
4022.41
4029.09
4036.38
4044.32
4052.99
4062.47
4072.84
4086.79
4099.32
4113.06
4128.13
4144.68
4162.84
4182.78
4204.68
4228.72
4255.08
4280.07
4315.58
4345.84
4383.23
4423.82
4467.68
4514.85
4565.23
4618.65
4674.82
4733.39
4793.98
4856.33
4926.78
4990.04
5038.11
4981.59
4639.92
4043.39
4006.89
3946.7
3927.02
3940.43
3942.3
3942.02
3941.66
3939.93
3941.8
3942.27
3942.95
3943.78
3944.71
3945.73
3946.81
3947.94
3949.12
3950.34
3951.6
3952.91
3954.25
3955.63
3957.05
3958.51
3959.98
3961.43
3962.8
3963.93
3964.5
3963.96
3965.95
3969.91
3974.26
3977.96
3981.43
3984.89
3988.48
3992.27
3996.31
4000.65
4005.32
4010.36
4015.82
4021.73
4028.14
4035.1
4042.68
4050.93
4059.92
4069.73
4080.45
4092.15
4104.95
4118.96
4134.3
4151.09
4169.49
4189.63
4211.7
4235.85
4262.25
4291.1
4326.69
4361.09
4398.4
4438.72
4482.11
4528.56
4577.96
4630.13
4684.8
4741.66
4800.38
4860.73
4922.22
4982.05
5022.27
4902.75
4628.97
4089.63
3957.31
3921.69
3923.85
3934.51
3939.92
3942.82
3944.56
3944.08
3946.74
3947.64
3948.54
3949.49
3950.48
3951.52
3952.61
3953.74
3954.91
3956.12
3957.36
3958.62
3959.9
3961.17
3962.39
3963.48
3964.29
3964.51
3963.57
3960.98
3967.28
3971.7
3976.23
3979.99
3983.43
3986.82
3990.3
3993.93
3997.78
4001.88
4006.28
4011.01
4016.1
4021.58
4027.52
4033.93
4040.88
4048.41
4056.58
4065.45
4075.09
4085.58
4096.98
4109.4
4122.93
4137.67
4153.74
4171.25
4190.33
4211.12
4233.75
4258.37
4285.13
4318.26
4349.86
4383.98
4420.7
4460.07
4502.1
4546.72
4593.83
4643.24
4694.74
4748.16
4803.4
4860.51
4919.42
4977.78
5019.74
4926.23
4550.08
3968.69
3930.57
3919.38
3923.62
3935.44
3944.18
3950.08
3952.1
3954.47
3956.08
3959.13
3960.17
3961.15
3962.14
3963.15
3964.2
3965.27
3966.34
3967.35
3968.21
3968.6
3967.67
3962.78
3959.3
3969.59
3975.33
3978.81
3981.61
3984.25
3986.9
3989.64
3992.52
3995.58
3998.83
4002.3
4006.02
4010
4014.27
4018.86
4023.8
4029.11
4034.83
4040.99
4047.64
4057.28
4065.09
4073.52
4082.64
4092.49
4103.15
4114.69
4127.18
4140.69
4155.33
4171.17
4188.32
4206.87
4226.93
4248.62
4268.16
4293.26
4324.43
4353.62
4380.43
4413.68
4449.08
4486.63
4526.26
4567.88
4611.34
4656.5
4703.25
4751.61
4801.9
4854.93
4911.89
4972.67
5026.88
5018.22
4569.08
3930.39
3883.16
3881.43
3886.6
3888.57
3889.59
3890.82
3892.24
3893.96
3895.9
3898.01
3900.25
3902.59
3905.01
3907.48
3909.99
3912.52
3915.08
3917.66
3920.24
3922.82
3925.4
3927.97
3930.52
3933.05
3935.55
3938
3940.4
3942.73
3944.95
3947.03
3948.93
3950.57
3951.82
3952.51
3952.42
3951.27
3948.93
3946.24
3953.44
3959.95
3965.42
3969.88
3973.55
3976.63
3979.26
3981.56
3983.57
3985.35
3986.9
3988.24
3989.36
3990.25
3990.89
3991.26
3991.33
3991.06
3990.4
3989.29
3987.66
3995.67
4005.15
4016.21
4029.18
4044.44
4062.45
4083.8
4109.15
4139.3
4175.18
4217.84
4268.43
4324.11
4393.98
4476
4573.03
4691.25
4848.17
5013.68
4943.65
4001.37
3893.86
3878.87
3881.28
3885.06
3887.9
3890.33
3892.62
3894.82
3897
3899.22
3901.48
3903.78
3906.14
3908.54
3910.97
3913.44
3915.92
3918.42
3920.94
3923.45
3925.97
3928.48
3930.98
3933.46
3935.92
3938.34
3940.73
3943.07
3945.35
3947.56
3949.67
3951.68
3953.56
3955.27
3956.77
3958.02
3958.96
3959.52
3959.63
3959.23
3958.33
3957.3
3955.26
3959.98
3965.13
3969.9
3974.2
3977.98
3981.26
3984.07
3986.45
3988.44
3990.06
3991.32
3992.23
3992.75
3992.88
3992.57
3991.76
3990.38
3992.25
4001.5
4012.52
4025.7
4041.53
4060.62
4083.73
4111.8
4145.98
4187.64
4238.36
4295.98
4369.65
4457.48
4560.84
4680.89
4811.99
4741.22
4943.26
4005.44
3920.53
3885.73
3877.43
3880.65
3885.38
3889.14
3892.23
3894.81
3897.25
3899.61
3901.94
3904.28
3906.65
3909.05
3911.49
3913.95
3916.44
3918.94
3921.46
3924
3926.53
3929.07
3931.61
3934.13
3936.65
3939.15
3941.62
3944.06
3946.46
3948.82
3951.12
3953.35
3955.49
3957.53
3959.43
3961.17
3962.69
3963.93
3964.83
3965.28
3965.17
3964.42
3962.97
3960.89
3958.41
3964.24
3969.82
3974.82
3979.14
3982.8
3985.87
3988.41
3990.49
3992.15
3993.42
3994.3
3994.77
3994.82
3994.39
3993.42
3991.82
3993.36
4003.3
4015.3
4029.86
4047.61
4069.34
4096.06
4129.05
4169.85
4220.28
4282.37
4353.92
4444.59
4551.43
4673.61
4789.99
4206.46
4967.86
4040.5
3937.43
3893.59
3878.74
3877.3
3883.53
3888.05
3891.58
3894.52
3897.13
3899.59
3901.94
3904.33
3906.72
3909.15
3911.6
3914.09
3916.6
3919.13
3921.68
3924.25
3926.83
3929.42
3932.01
3934.6
3937.19
3939.77
3942.35
3944.91
3947.46
3949.98
3952.48
3954.96
3957.39
3959.79
3962.13
3964.41
3966.61
3968.7
3970.63
3972.33
3973.64
3974.26
3973.55
3970.26
3963.03
3966.38
3976.49
3982.94
3987.08
3989.99
3992.19
3993.94
3995.35
3996.46
3997.28
3997.82
3998.03
3997.89
3997.32
3996.27
3994.64
3992.3
3998.33
4010
4024.19
4041.53
4062.85
4089.21
4121.93
4162.68
4213.41
4276.36
4349.61
4443.1
4554.63
4685.93
4830.22
4947.53
4952.4
4038.2
3936.29
3892.76
3879.53
3877.3
3883.53
3888.05
3891.58
3894.52
3897.13
3899.59
3901.94
3904.33
3906.72
3909.15
3911.6
3914.09
3916.6
3919.13
3921.68
3924.25
3926.83
3929.42
3932.01
3934.6
3937.19
3939.77
3942.35
3944.91
3947.46
3949.98
3952.48
3954.96
3957.39
3959.79
3962.13
3964.41
3966.61
3968.7
3970.63
3972.33
3973.64
3974.26
3973.55
3970.26
3963.03
3966.38
3976.49
3982.94
3987.08
3989.99
3992.19
3993.94
3995.35
3996.46
3997.28
3997.82
3998.03
3997.89
3997.32
3996.27
3994.64
3992.3
3996.87
4008.4
4022.41
4039.56
4060.67
4086.78
4119.23
4159.66
4210.04
4272.6
4353.82
4447.79
4559.84
4691.7
4836.57
4940.72
4945.55
4003.23
3919.45
3885.73
3877.43
3880.65
3885.38
3889.14
3892.23
3894.81
3897.25
3899.61
3901.94
3904.28
3906.65
3909.05
3911.49
3913.95
3916.44
3918.94
3921.46
3924
3926.53
3929.07
3931.61
3934.13
3936.65
3939.15
3941.62
3944.06
3946.46
3948.82
3951.12
3953.35
3955.49
3957.53
3959.43
3961.17
3962.69
3963.93
3964.83
3965.28
3965.17
3964.42
3962.97
3960.89
3958.73
3964.24
3969.82
3974.82
3979.14
3982.8
3985.87
3988.41
3990.49
3992.15
3993.42
3994.3
3994.77
3994.82
3994.39
3993.42
3991.82
3991.99
4001.8
4013.65
4028.03
4045.58
4067.1
4093.58
4126.3
4166.79
4216.87
4278.57
4358.15
4449.29
4556.63
4679.35
4796.23
4201.68
4960.96
4003.9
3894.85
3878.35
3881.28
3885.06
3887.9
3890.33
3892.62
3894.82
3897
3899.22
3901.48
3903.78
3906.14
3908.54
3910.97
3913.44
3915.92
3918.42
3920.94
3923.45
3925.97
3928.48
3930.98
3933.46
3935.92
3938.34
3940.73
3943.07
3945.35
3947.56
3949.67
3951.68
3953.56
3955.27
3956.77
3958.02
3958.96
3959.52
3959.63
3959.23
3958.33
3957.3
3955.63
3959.98
3965.13
3969.9
3974.2
3977.98
3981.26
3984.07
3986.45
3988.44
3990.06
3991.32
3992.23
3992.75
3992.88
3992.57
3991.76
3990.38
3990.87
4000
4010.88
4023.9
4039.56
4058.45
4081.35
4109.18
4143.09
4184.45
4234.83
4295.98
4373.97
4462.25
4566.09
4686.65
4818.29
4747.48
4936.4
3930.39
3883.16
3881.43
3886.6
3888.57
3889.59
3890.82
3892.24
3893.96
3895.9
3898.01
3900.25
3902.59
3905.01
3907.48
3909.99
3912.52
3915.08
3917.66
3920.24
3922.82
3925.4
3927.97
3930.52
3933.05
3935.55
3938
3940.4
3942.73
3944.95
3947.03
3948.93
3950.57
3951.82
3952.51
3952.42
3951.27
3948.93
3946.24
3953.44
3959.95
3965.42
3969.88
3973.55
3976.63
3979.26
3981.56
3983.57
3985.35
3986.9
3988.24
3989.36
3990.25
3990.89
3991.26
3991.33
3991.06
3990.4
3989.29
3987.66
3994.17
4003.54
4014.48
4027.3
4042.4
4060.24
4081.39
4106.52
4136.44
4172.06
4214.43
4264.7
4328.18
4398.43
4480.86
4578.33
4697.04
4841.79
5006.7
4936.83
3877.51
3856.32
3854.89
3857.37
3858.87
3859.98
3861.17
3862.45
3863.78
3864.99
3865.85
3866.91
3869.92
3872.9
3875.66
3878.33
3880.98
3883.65
3886.34
3889.07
3891.84
3894.65
3897.48
3900.35
3903.24
3906.17
3909.11
3912.07
3915.04
3918.03
3921.02
3924.02
3927.02
3930.01
3933
3935.99
3938.96
3941.92
3944.86
3947.78
3950.68
3953.55
3956.4
3959.22
3962.01
3964.76
3967.48
3970.17
3972.81
3975.42
3977.99
3980.51
3982.99
3985.43
3987.82
3990.16
3992.46
3994.71
3996.92
3999.07
4001.17
4003.21
4005.19
4007.11
4008.94
4010.68
4012.31
4013.77
4015
4015.89
4016.27
4015.8
4013.92
4009.52
4000.41
4035.76
4116.49
4292.55
4737.44
3867.8
3877.84
3858.34
3851.26
3853.42
3856.88
3859.5
3861.56
3863.37
3865.11
3866.87
3868.67
3870.5
3872.35
3874.14
3875.81
3877.28
3878.52
3880.42
3884.22
3887.85
3891.27
3894.52
3897.66
3900.73
3903.77
3906.78
3909.78
3912.78
3915.77
3918.77
3921.76
3924.76
3927.74
3930.72
3933.7
3936.66
3939.61
3942.54
3945.45
3948.34
3951.21
3954.06
3956.88
3959.67
3962.43
3965.15
3967.84
3970.5
3973.12
3975.7
3978.24
3980.75
3983.21
3985.63
3988.01
3990.35
3992.65
3994.9
3997.11
3999.28
4001.41
4003.49
4005.53
4007.51
4009.44
4011.29
4013.04
4014.65
4016.05
4017.13
4017.67
4017.29
4015.3
4010.37
3999.94
4039.34
4129.34
4327.08
4783.3
5025.29
3950.4
3891.53
3865
3856.1
3853.47
3857.98
3861.26
3863.7
3865.85
3867.86
3869.85
3871.86
3873.93
3876.05
3878.23
3880.45
3882.69
3884.9
3887.02
3888.95
3890.52
3891.6
3893.34
3898
3902.25
3906.03
3909.48
3912.73
3915.88
3918.95
3921.99
3925
3927.98
3930.96
3933.91
3936.85
3939.78
3942.68
3945.57
3948.43
3951.28
3954.09
3956.88
3959.64
3962.36
3965.06
3967.72
3970.34
3972.93
3975.47
3977.98
3980.46
3982.88
3985.27
3987.62
3989.93
3992.19
3994.42
3996.6
3998.74
4000.84
4002.9
4004.91
4006.87
4008.78
4010.61
4012.35
4013.96
4015.35
4016.4
4016.87
4016.35
4014.03
4008.52
3997.46
4034.64
4104.14
4237.36
4712.95
4911.56
3986.4
3908.61
3873.41
3859.93
3853.1
3856.67
3860.66
3863.63
3866.07
3868.25
3870.33
3872.38
3874.51
3876.7
3878.96
3881.29
3883.68
3886.14
3888.65
3891.2
3893.78
3896.34
3898.79
3900.85
3901.34
3902.9
3909.07
3912.92
3916.15
3919.19
3922.18
3925.13
3928.07
3931
3933.92
3936.82
3939.72
3942.59
3945.45
3948.29
3951.1
3953.89
3956.65
3959.38
3962.08
3964.75
3967.39
3969.99
3972.55
3975.07
3977.56
3980
3982.4
3984.76
3987.08
3989.36
3991.59
3993.79
3995.94
3998.05
4000.12
4002.14
4004.13
4006.07
4007.97
4009.8
4011.57
4013.23
4014.75
4016.02
4016.89
4017.01
4015.72
4011.61
4001.87
4018.97
4055.46
4251.49
4433.39
4897.61
3985.16
3908.18
3873.11
3860.31
3853.55
3856.67
3860.66
3863.63
3866.07
3868.25
3870.33
3872.38
3874.51
3876.7
3878.96
3881.29
3883.68
3886.14
3888.65
3891.2
3893.78
3896.34
3898.79
3900.85
3901.34
3902.9
3909.07
3912.92
3916.15
3919.19
3922.18
3925.13
3928.07
3931
3933.92
3936.82
3939.72
3942.59
3945.45
3948.29
3951.1
3953.89
3956.65
3959.38
3962.08
3964.75
3967.39
3969.99
3972.55
3975.07
3977.56
3980
3982.4
3984.76
3987.08
3989.36
3991.59
3993.79
3995.94
3998.05
4000.12
4002.14
4004.13
4006.07
4007.97
4009.8
4011.57
4013.23
4014.75
4016.02
4016.89
4017.01
4015.72
4011.61
4001.87
4020.35
4057.55
4247.78
4428.54
4904.11
3949.23
3891.13
3865.29
3856.47
3853.18
3857.98
3861.26
3863.7
3865.85
3867.86
3869.85
3871.86
3873.93
3876.05
3878.23
3880.45
3882.69
3884.9
3887.02
3888.95
3890.52
3891.6
3893.34
3898
3902.25
3906.03
3909.48
3912.73
3915.88
3918.95
3921.99
3925
3927.98
3930.96
3933.91
3936.85
3939.78
3942.68
3945.57
3948.43
3951.28
3954.09
3956.88
3959.64
3962.36
3965.06
3967.72
3970.34
3972.93
3975.47
3977.98
3980.46
3982.88
3985.27
3987.62
3989.93
3992.19
3994.42
3996.6
3998.74
4000.84
4002.9
4004.91
4006.87
4008.78
4010.61
4012.35
4013.96
4015.35
4016.4
4016.87
4016.35
4014.03
4008.52
3997.46
4036.31
4106.57
4237.37
4718.92
4918.3
3877.84
3858.01
3851.57
3853.42
3856.88
3859.5
3861.56
3863.37
3865.11
3866.87
3868.67
3870.5
3872.35
3874.14
3875.81
3877.28
3878.52
3880.42
3884.22
3887.85
3891.27
3894.52
3897.66
3900.73
3903.77
3906.78
3909.78
3912.78
3915.77
3918.77
3921.76
3924.76
3927.74
3930.72
3933.7
3936.66
3939.61
3942.54
3945.45
3948.34
3951.21
3954.06
3956.88
3959.67
3962.43
3965.15
3967.84
3970.5
3973.12
3975.7
3978.24
3980.75
3983.21
3985.63
3988.01
3990.35
3992.65
3994.9
3997.11
3999.28
4001.41
4003.49
4005.53
4007.51
4009.44
4011.29
4013.04
4014.65
4016.05
4017.13
4017.67
4017.29
4015.3
4010.37
3999.94
4037.56
4126.67
4327.08
4789.45
5018.2
3877.51
3856.32
3854.89
3857.37
3858.87
3859.98
3861.17
3862.45
3863.78
3864.99
3865.85
3866.58
3869.92
3872.9
3875.66
3878.33
3880.98
3883.65
3886.34
3889.07
3891.84
3894.65
3897.48
3900.35
3903.24
3906.17
3909.11
3912.07
3915.04
3918.03
3921.02
3924.02
3927.02
3930.01
3933
3935.99
3938.96
3941.92
3944.86
3947.78
3950.68
3953.55
3956.4
3959.22
3962.01
3964.76
3967.48
3970.17
3972.81
3975.42
3977.99
3980.51
3982.99
3985.43
3987.82
3990.16
3992.46
3994.71
3996.92
3999.07
4001.17
4003.21
4005.19
4007.11
4008.94
4010.68
4012.31
4013.77
4015
4015.89
4016.27
4015.8
4013.92
4009.52
4000.41
4033.98
4113.9
4292.55
4731.5
3865.12
)
;

boundaryField
{
    left
    {
        type            zeroGradient;
    }
    right
    {
        type            zeroGradient;
    }
    back
    {
        type            zeroGradient;
    }
    front
    {
        type            zeroGradient;
    }
    top
    {
        type            zeroGradient;
    }
    bottom
    {
        type            zeroGradient;
    }
}


// ************************************************************************* //
