/*--------------------------------*- C++ -*----------------------------------*\
| =========                 |                                                 |
| \\      /  F ield         | foam-extend: Open Source CFD                    |
|  \\    /   O peration     | Version:     4.1                                |
|   \\  /    A nd           | Web:         http://www.foam-extend.org         |
|    \\/     M anipulation  |                                                 |
\*---------------------------------------------------------------------------*/
FoamFile
{
    version     2.0;
    format      ascii;
    class       volScalarField;
    location    "0.195";
    object      p;
}
// * * * * * * * * * * * * * * * * * * * * * * * * * * * * * * * * * * * * * //

dimensions      [1 -1 -2 0 0 0 0];

internalField   nonuniform List<scalar> 
5120
(
-410.228
-320.602
-308.428
-302.502
-297.003
-291.365
-285.251
-278.652
-271.676
-264.445
-257.064
-249.616
-242.164
-234.754
-227.415
-220.17
-213.031
-206.008
-199.107
-192.33
-185.678
-179.154
-172.757
-166.487
-160.344
-154.327
-148.435
-142.669
-137.026
-131.508
-126.111
-120.837
-115.685
-110.652
-105.74
-100.947
-96.272
-91.7149
-87.2746
-82.9506
-78.742
-74.6483
-70.6688
-66.8028
-63.0496
-59.4086
-55.8791
-52.4606
-49.1525
-45.9541
-42.8649
-39.8844
-37.0119
-34.247
-31.5891
-29.0378
-26.5924
-24.2526
-22.0179
-19.8878
-17.8619
-15.9397
-14.1208
-12.4048
-10.7913
-9.27993
-7.87022
-6.56178
-5.3542
-4.24701
-3.23975
-2.33189
-1.52294
-0.812505
-0.200546
0.312146
0.723342
1.02615
1.22848
1.30699
-427.399
-337.701
-322.143
-313.077
-303.877
-295.42
-287.36
-279.451
-271.625
-263.862
-256.162
-248.534
-240.99
-233.543
-226.201
-218.972
-211.862
-204.873
-198.009
-191.27
-184.658
-178.171
-171.811
-165.576
-159.467
-153.483
-147.623
-141.886
-136.273
-130.782
-125.412
-120.163
-115.035
-110.027
-105.137
-100.366
-95.7121
-91.1752
-86.7546
-82.4495
-78.2593
-74.1833
-70.2209
-66.3714
-62.6342
-59.0087
-55.4943
-52.0903
-48.7962
-45.6114
-42.5353
-39.5675
-36.7073
-33.9542
-31.3078
-28.7675
-26.3328
-24.0033
-21.7784
-19.6578
-17.641
-15.7276
-13.9171
-12.2092
-10.6034
-9.0993
-7.69658
-6.39484
-5.19368
-4.09276
-3.09176
-2.19044
-1.38876
-0.687022
-0.0862481
0.411501
0.802488
1.07837
1.25265
1.31959
-447.628
-347.483
-330.28
-320.127
-309.359
-299.372
-290.075
-281.243
-272.763
-264.556
-256.562
-248.745
-241.084
-233.565
-226.181
-218.929
-211.807
-204.814
-197.949
-191.211
-184.601
-178.118
-171.762
-165.531
-159.425
-153.444
-147.586
-141.852
-136.241
-130.752
-125.384
-120.137
-115.01
-110.002
-105.113
-100.342
-95.6886
-91.1518
-86.731
-82.4257
-78.235
-74.1585
-70.1954
-66.3452
-62.6071
-58.9806
-55.4651
-52.0601
-48.7648
-45.5788
-42.5015
-39.5324
-36.6709
-33.9165
-31.2687
-28.727
-26.2909
-23.96
-21.7338
-19.6118
-17.5936
-15.6789
-13.867
-12.1578
-10.5507
-9.04545
-7.64156
-6.33874
-5.13666
-4.03505
-3.03374
-2.13271
-1.33225
-0.633087
-0.0367103
0.454354
0.835979
1.10007
1.26197
1.32255
-456.523
-350.53
-333.084
-322.924
-311.781
-301.266
-291.459
-282.202
-273.399
-264.958
-256.804
-248.88
-241.15
-233.588
-226.178
-218.911
-211.781
-204.783
-197.917
-191.18
-184.571
-178.089
-171.734
-165.505
-159.401
-153.421
-147.565
-141.833
-136.222
-130.734
-125.367
-120.121
-114.994
-109.987
-105.099
-100.328
-95.6747
-91.138
-86.7173
-82.4119
-78.2212
-74.1445
-70.1813
-66.3308
-62.5924
-58.9656
-55.4498
-52.0443
-48.7486
-45.5622
-42.4844
-39.5147
-36.6527
-33.8978
-31.2495
-28.7072
-26.2706
-23.9391
-21.7124
-19.5898
-17.5711
-15.6558
-13.8435
-12.1337
-10.5261
-9.02032
-7.61598
-6.31275
-5.11036
-4.00859
-3.00734
-2.10673
-1.30717
-0.609545
-0.0154792
0.472459
0.8502
1.11001
1.26804
1.32721
-456.523
-350.53
-333.084
-322.924
-311.781
-301.266
-291.459
-282.202
-273.399
-264.958
-256.804
-248.88
-241.15
-233.588
-226.178
-218.911
-211.781
-204.783
-197.917
-191.18
-184.571
-178.089
-171.734
-165.505
-159.401
-153.421
-147.565
-141.833
-136.222
-130.734
-125.367
-120.121
-114.994
-109.987
-105.099
-100.328
-95.6747
-91.138
-86.7173
-82.4119
-78.2212
-74.1445
-70.1813
-66.3308
-62.5924
-58.9656
-55.4498
-52.0443
-48.7486
-45.5622
-42.4844
-39.5148
-36.6527
-33.8978
-31.2495
-28.7072
-26.2706
-23.9391
-21.7124
-19.5898
-17.5711
-15.6558
-13.8435
-12.1337
-10.5261
-9.02032
-7.61598
-6.31275
-5.11036
-4.00859
-3.00734
-2.10673
-1.30717
-0.609544
-0.0154785
0.47246
0.8502
1.11001
1.26803
1.32721
-447.628
-347.483
-330.28
-320.127
-309.359
-299.372
-290.075
-281.243
-272.763
-264.556
-256.562
-248.745
-241.084
-233.565
-226.181
-218.929
-211.807
-204.814
-197.949
-191.211
-184.601
-178.118
-171.762
-165.531
-159.425
-153.444
-147.586
-141.852
-136.241
-130.752
-125.384
-120.137
-115.01
-110.002
-105.113
-100.342
-95.6886
-91.1518
-86.731
-82.4257
-78.235
-74.1585
-70.1954
-66.3452
-62.6071
-58.9806
-55.4652
-52.0601
-48.7648
-45.5788
-42.5015
-39.5324
-36.6709
-33.9165
-31.2687
-28.727
-26.2909
-23.96
-21.7338
-19.6118
-17.5936
-15.6789
-13.867
-12.1578
-10.5507
-9.04545
-7.64157
-6.33875
-5.13666
-4.03505
-3.03374
-2.13271
-1.33225
-0.633088
-0.0367117
0.454352
0.835978
1.10007
1.26198
1.32255
-427.399
-337.701
-322.143
-313.077
-303.877
-295.42
-287.36
-279.451
-271.625
-263.862
-256.162
-248.534
-240.99
-233.543
-226.201
-218.972
-211.862
-204.873
-198.009
-191.27
-184.658
-178.171
-171.811
-165.576
-159.467
-153.483
-147.623
-141.886
-136.273
-130.782
-125.412
-120.163
-115.035
-110.027
-105.137
-100.366
-95.7121
-91.1752
-86.7546
-82.4495
-78.2593
-74.1833
-70.2209
-66.3714
-62.6342
-59.0087
-55.4943
-52.0903
-48.7962
-45.6114
-42.5353
-39.5675
-36.7073
-33.9542
-31.3078
-28.7675
-26.3328
-24.0033
-21.7784
-19.6578
-17.641
-15.7276
-13.9171
-12.2092
-10.6034
-9.0993
-7.69658
-6.39484
-5.19368
-4.09276
-3.09176
-2.19044
-1.38876
-0.687023
-0.0862491
0.4115
0.802487
1.07837
1.25265
1.3196
-410.228
-320.602
-308.428
-302.502
-297.003
-291.365
-285.251
-278.652
-271.676
-264.445
-257.064
-249.616
-242.164
-234.754
-227.415
-220.17
-213.031
-206.008
-199.107
-192.33
-185.678
-179.154
-172.757
-166.487
-160.344
-154.327
-148.435
-142.669
-137.026
-131.508
-126.111
-120.837
-115.685
-110.652
-105.74
-100.947
-96.272
-91.7149
-87.2746
-82.9506
-78.742
-74.6483
-70.6688
-66.8028
-63.0496
-59.4086
-55.8791
-52.4606
-49.1525
-45.9541
-42.8649
-39.8844
-37.0119
-34.247
-31.5891
-29.0378
-26.5924
-24.2526
-22.0179
-19.8878
-17.8619
-15.9397
-14.1208
-12.4048
-10.7913
-9.27993
-7.87022
-6.56178
-5.3542
-4.24701
-3.23975
-2.33189
-1.52294
-0.812504
-0.200545
0.312145
0.72334
1.02615
1.22848
1.30699
-283.566
-214.297
-205.855
-202.472
-198.265
-194.232
-190.155
-185.876
-181.4
-176.77
-172.036
-167.246
-162.436
-157.636
-152.867
-148.144
-143.477
-138.872
-134.335
-129.868
-125.475
-121.155
-116.91
-112.742
-108.649
-104.633
-100.695
-96.8328
-93.0481
-89.3407
-85.7105
-82.1574
-78.6815
-75.2826
-71.9607
-68.7157
-65.5474
-62.4556
-59.4403
-56.5012
-53.6382
-50.8511
-48.1397
-45.5038
-42.9431
-40.4575
-38.0468
-35.7107
-33.4489
-31.2614
-29.1479
-27.108
-25.1417
-23.2486
-21.4285
-19.6813
-18.0067
-16.4044
-14.8743
-13.416
-12.0295
-10.7145
-9.47076
-8.29807
-7.19623
-6.16501
-5.20419
-4.31355
-3.4928
-2.74162
-2.05961
-1.44623
-0.90077
-0.422214
-0.00915336
0.340464
0.629072
0.85724
1.03648
1.2221
-332.404
-233.478
-213.907
-207.711
-200.488
-194.278
-188.844
-183.707
-178.71
-173.791
-168.923
-164.097
-159.316
-154.583
-149.903
-145.281
-140.722
-136.227
-131.799
-127.439
-123.15
-118.931
-114.784
-110.709
-106.707
-102.777
-98.921
-95.1384
-91.4295
-87.7945
-84.2335
-80.7467
-77.3342
-73.9959
-70.7319
-67.5423
-64.427
-61.3859
-58.4191
-55.5264
-52.7077
-49.9631
-47.2923
-44.6953
-42.1719
-39.722
-37.3454
-35.042
-32.8116
-30.6541
-28.5693
-26.557
-24.617
-22.7492
-20.9535
-19.2295
-17.5771
-15.9962
-14.4865
-13.0478
-11.6801
-10.383
-9.15648
-8.00024
-6.91413
-5.89795
-4.95152
-4.07463
-3.26707
-2.52861
-1.85899
-1.25793
-0.72511
-0.260159
0.137417
0.468577
0.734049
0.932179
1.08707
1.27969
-361.692
-249.88
-222.104
-212.854
-203.69
-196.044
-189.62
-183.813
-178.373
-173.176
-168.143
-163.229
-158.408
-153.669
-149.002
-144.406
-139.879
-135.419
-131.029
-126.707
-122.455
-118.272
-114.16
-110.118
-106.148
-102.249
-98.4211
-94.6657
-90.9826
-87.372
-83.834
-80.3689
-76.9767
-73.6576
-70.4117
-67.239
-64.1396
-61.1135
-58.1606
-55.281
-52.4746
-49.7415
-47.0814
-44.4944
-41.9804
-39.5392
-37.1707
-34.8749
-32.6517
-30.5008
-28.4221
-26.4156
-24.481
-22.6182
-20.8271
-19.1074
-17.4591
-15.882
-14.3759
-12.9406
-11.5759
-10.2818
-9.058
-7.90435
-6.82068
-5.80681
-4.86259
-3.98783
-3.18237
-2.44605
-1.77874
-1.18031
-0.650712
-0.189954
0.201962
0.52537
0.780222
0.965235
1.10831
1.28963
-371.838
-254.602
-224.828
-214.946
-205.153
-196.928
-190.061
-183.93
-178.265
-172.919
-167.793
-162.825
-157.979
-153.231
-148.568
-143.982
-139.47
-135.028
-130.655
-126.352
-122.118
-117.954
-113.859
-109.834
-105.88
-101.996
-98.183
-94.4413
-90.7712
-87.1728
-83.6464
-80.1921
-76.8102
-73.5007
-70.2638
-67.0996
-64.0081
-60.9893
-58.0434
-55.1703
-52.37
-49.6424
-46.9876
-44.4055
-41.896
-39.459
-37.0945
-34.8023
-32.5824
-30.4346
-28.3588
-26.355
-24.4228
-22.5623
-20.7733
-19.0556
-17.4091
-15.8337
-14.3291
-12.8952
-11.5319
-10.239
-9.01628
-7.86369
-6.78101
-5.76809
-4.82476
-3.95087
-3.14629
-2.41091
-1.74464
-1.14747
-0.619451
-0.160718
0.228579
0.548658
0.799337
0.979637
1.11862
1.296
-371.838
-254.602
-224.828
-214.946
-205.153
-196.928
-190.061
-183.93
-178.265
-172.919
-167.793
-162.825
-157.979
-153.231
-148.568
-143.982
-139.47
-135.028
-130.655
-126.352
-122.118
-117.954
-113.859
-109.834
-105.88
-101.996
-98.183
-94.4413
-90.7712
-87.1728
-83.6464
-80.1921
-76.8102
-73.5007
-70.2638
-67.0996
-64.0081
-60.9893
-58.0434
-55.1703
-52.37
-49.6424
-46.9876
-44.4055
-41.896
-39.459
-37.0945
-34.8023
-32.5824
-30.4346
-28.3588
-26.355
-24.4228
-22.5623
-20.7733
-19.0556
-17.4091
-15.8337
-14.3291
-12.8952
-11.5319
-10.239
-9.01628
-7.86369
-6.78101
-5.76809
-4.82476
-3.95087
-3.14629
-2.41091
-1.74465
-1.14748
-0.619451
-0.160718
0.228579
0.548658
0.799337
0.979637
1.11862
1.296
-361.692
-249.88
-222.104
-212.854
-203.69
-196.044
-189.62
-183.813
-178.373
-173.176
-168.143
-163.229
-158.408
-153.669
-149.002
-144.406
-139.879
-135.419
-131.029
-126.707
-122.455
-118.272
-114.16
-110.118
-106.148
-102.249
-98.4211
-94.6657
-90.9826
-87.372
-83.834
-80.3689
-76.9767
-73.6576
-70.4117
-67.239
-64.1396
-61.1135
-58.1606
-55.281
-52.4746
-49.7415
-47.0814
-44.4944
-41.9804
-39.5392
-37.1707
-34.8749
-32.6517
-30.5008
-28.4221
-26.4156
-24.481
-22.6182
-20.8271
-19.1074
-17.4591
-15.882
-14.3759
-12.9406
-11.5759
-10.2818
-9.058
-7.90435
-6.82068
-5.80681
-4.86259
-3.98783
-3.18237
-2.44605
-1.77874
-1.18031
-0.650713
-0.189954
0.201962
0.52537
0.780223
0.965235
1.10831
1.28963
-332.404
-233.478
-213.907
-207.711
-200.488
-194.278
-188.844
-183.707
-178.71
-173.791
-168.923
-164.097
-159.316
-154.583
-149.903
-145.281
-140.722
-136.227
-131.799
-127.439
-123.15
-118.931
-114.784
-110.709
-106.707
-102.777
-98.921
-95.1384
-91.4295
-87.7945
-84.2335
-80.7467
-77.3342
-73.9959
-70.7319
-67.5423
-64.427
-61.3859
-58.4191
-55.5264
-52.7077
-49.9631
-47.2923
-44.6953
-42.1719
-39.722
-37.3454
-35.042
-32.8116
-30.6541
-28.5693
-26.557
-24.617
-22.7492
-20.9535
-19.2295
-17.5771
-15.9962
-14.4865
-13.0478
-11.6801
-10.383
-9.15648
-8.00024
-6.91413
-5.89795
-4.95152
-4.07463
-3.26707
-2.52861
-1.85899
-1.25793
-0.72511
-0.260159
0.137417
0.468578
0.734049
0.932179
1.08707
1.27969
-283.566
-214.297
-205.855
-202.472
-198.265
-194.232
-190.155
-185.876
-181.4
-176.77
-172.036
-167.246
-162.436
-157.636
-152.867
-148.144
-143.477
-138.872
-134.335
-129.868
-125.475
-121.155
-116.91
-112.742
-108.649
-104.633
-100.695
-96.8328
-93.0481
-89.3407
-85.7105
-82.1574
-78.6815
-75.2826
-71.9607
-68.7157
-65.5474
-62.4556
-59.4403
-56.5012
-53.6382
-50.8511
-48.1397
-45.5038
-42.9431
-40.4575
-38.0468
-35.7107
-33.4489
-31.2614
-29.1479
-27.108
-25.1417
-23.2486
-21.4285
-19.6813
-18.0067
-16.4044
-14.8743
-13.416
-12.0295
-10.7145
-9.47076
-8.29807
-7.19623
-6.16501
-5.20419
-4.31355
-3.4928
-2.74162
-2.05961
-1.44623
-0.900769
-0.422213
-0.00915364
0.340464
0.629072
0.85724
1.03648
1.2221
-157.434
-116.924
-113.409
-112.611
-110.564
-108.391
-106.187
-103.904
-101.546
-99.1285
-96.6666
-94.1769
-91.6739
-89.1689
-86.6704
-84.1848
-81.7169
-79.2702
-76.8473
-74.4504
-72.0813
-69.7413
-67.4315
-65.1531
-62.907
-60.6938
-58.5143
-56.3691
-54.2589
-52.184
-50.1451
-48.1426
-46.1768
-44.2482
-42.3572
-40.5041
-38.6892
-36.9129
-35.1754
-33.477
-31.818
-30.1986
-28.6191
-27.0796
-25.5804
-24.1216
-22.7035
-21.3261
-19.9896
-18.6943
-17.4401
-16.2272
-15.0558
-13.9259
-12.8375
-11.7909
-10.786
-9.82294
-8.90173
-8.02243
-7.18507
-6.38968
-5.63629
-4.9249
-4.25552
-3.62814
-3.04272
-2.49923
-1.99756
-1.53756
-1.119
-0.741472
-0.404307
-0.106475
0.153628
0.37846
0.570812
0.731255
0.874223
1.07204
-196.496
-133.074
-118.514
-114.348
-109.963
-106.413
-103.49
-100.828
-98.293
-95.8272
-93.3979
-90.9899
-88.5971
-86.2179
-83.8526
-81.5025
-79.1693
-76.8546
-74.5601
-72.2871
-70.037
-67.811
-65.6102
-63.4357
-61.2884
-59.1692
-57.079
-55.0184
-52.9883
-50.9893
-49.0222
-47.0874
-45.1856
-43.3174
-41.4833
-39.6839
-37.9195
-36.1907
-34.4978
-32.8414
-31.2218
-29.6394
-28.0945
-26.5875
-25.1187
-23.6884
-22.2968
-20.9443
-19.6311
-18.3574
-17.1234
-15.9294
-14.7755
-13.6619
-12.5888
-11.5563
-10.5646
-9.61381
-8.70399
-7.83529
-7.00778
-6.22156
-5.47669
-4.77323
-4.11124
-3.49073
-2.91173
-2.37424
-1.87823
-1.42365
-1.01035
-0.638163
-0.306742
-0.0155697
0.236277
0.450572
0.629056
0.772884
0.915116
1.12833
-221.527
-147.605
-124.561
-117.053
-111.02
-106.465
-102.93
-99.8905
-97.1306
-94.5426
-92.0597
-89.6429
-87.2697
-84.9277
-82.6099
-80.3131
-78.0358
-75.7779
-73.5396
-71.3217
-69.125
-66.9505
-64.7991
-62.6718
-60.5696
-58.4932
-56.4436
-54.4216
-52.428
-50.4635
-48.5289
-46.6249
-44.7521
-42.9111
-41.1027
-39.3273
-37.5856
-35.878
-34.205
-32.5672
-30.9651
-29.3989
-27.8692
-26.3764
-24.9207
-23.5027
-22.1225
-20.7806
-19.4772
-18.2126
-16.987
-15.8008
-14.6541
-13.5471
-12.4801
-11.4533
-10.4668
-9.52075
-8.61534
-7.75068
-6.92689
-6.14409
-5.40237
-4.70181
-4.04248
-3.42443
-2.84772
-2.31236
-1.81838
-1.36576
-0.954474
-0.58445
-0.255557
0.0324332
0.280044
0.488515
0.659086
0.794774
0.933342
1.13586
-230.162
-152.085
-126.693
-118.261
-111.601
-106.581
-102.734
-99.4895
-96.6
-93.9361
-91.4148
-88.9848
-86.6152
-84.2874
-81.9905
-79.7183
-77.4677
-75.2373
-73.0266
-70.8358
-68.6657
-66.5168
-64.3901
-62.2864
-60.2066
-58.1517
-56.1225
-54.1199
-52.1446
-50.1975
-48.2793
-46.3908
-44.5326
-42.7055
-40.91
-39.1468
-37.4166
-35.7197
-34.0569
-32.4286
-30.8353
-29.2774
-27.7555
-26.2699
-24.821
-23.4093
-22.035
-20.6985
-19.4001
-18.1402
-16.919
-15.7368
-14.5939
-13.4904
-12.4266
-11.4027
-10.4189
-9.47539
-8.57228
-7.70976
-6.88794
-6.10694
-5.36689
-4.66786
-4.00995
-3.39322
-2.81773
-2.28353
-1.79065
-1.33913
-0.928961
-0.56015
-0.232643
0.0536865
0.299252
0.505175
0.672579
0.805146
0.941861
1.14046
-230.162
-152.085
-126.693
-118.261
-111.601
-106.581
-102.734
-99.4895
-96.6
-93.9361
-91.4148
-88.9848
-86.6152
-84.2874
-81.9905
-79.7183
-77.4677
-75.2373
-73.0266
-70.8358
-68.6657
-66.5168
-64.3901
-62.2864
-60.2066
-58.1517
-56.1225
-54.1199
-52.1446
-50.1975
-48.2793
-46.3908
-44.5326
-42.7055
-40.91
-39.1468
-37.4166
-35.7197
-34.0569
-32.4286
-30.8353
-29.2774
-27.7555
-26.2699
-24.821
-23.4093
-22.035
-20.6985
-19.4001
-18.1402
-16.919
-15.7368
-14.5939
-13.4904
-12.4266
-11.4027
-10.4189
-9.47539
-8.57228
-7.70976
-6.88794
-6.10694
-5.36689
-4.66786
-4.00995
-3.39322
-2.81773
-2.28353
-1.79065
-1.33913
-0.928961
-0.56015
-0.232643
0.0536865
0.299252
0.505176
0.672579
0.805146
0.941861
1.14046
-221.527
-147.605
-124.561
-117.053
-111.02
-106.465
-102.93
-99.8905
-97.1306
-94.5426
-92.0597
-89.6429
-87.2697
-84.9277
-82.6099
-80.3131
-78.0358
-75.7779
-73.5396
-71.3217
-69.125
-66.9505
-64.7991
-62.6718
-60.5696
-58.4932
-56.4436
-54.4216
-52.428
-50.4635
-48.5289
-46.6249
-44.7521
-42.9111
-41.1027
-39.3273
-37.5856
-35.878
-34.205
-32.5672
-30.9651
-29.3989
-27.8692
-26.3764
-24.9207
-23.5027
-22.1225
-20.7806
-19.4772
-18.2126
-16.987
-15.8008
-14.6541
-13.5471
-12.4801
-11.4533
-10.4668
-9.52075
-8.61534
-7.75068
-6.92689
-6.14409
-5.40237
-4.70181
-4.04248
-3.42443
-2.84772
-2.31236
-1.81838
-1.36576
-0.954474
-0.58445
-0.255557
0.0324332
0.280044
0.488515
0.659086
0.794773
0.933342
1.13586
-196.496
-133.074
-118.514
-114.348
-109.963
-106.413
-103.49
-100.828
-98.293
-95.8272
-93.3979
-90.9899
-88.5971
-86.2179
-83.8526
-81.5025
-79.1693
-76.8546
-74.5601
-72.2871
-70.037
-67.811
-65.6102
-63.4357
-61.2884
-59.1692
-57.079
-55.0184
-52.9883
-50.9893
-49.0222
-47.0874
-45.1856
-43.3174
-41.4833
-39.6839
-37.9195
-36.1907
-34.4978
-32.8414
-31.2218
-29.6394
-28.0945
-26.5875
-25.1187
-23.6884
-22.2968
-20.9443
-19.6311
-18.3574
-17.1234
-15.9294
-14.7755
-13.6619
-12.5888
-11.5563
-10.5646
-9.61381
-8.70399
-7.83529
-7.00778
-6.22156
-5.47669
-4.77323
-4.11124
-3.49073
-2.91173
-2.37424
-1.87823
-1.42365
-1.01035
-0.638163
-0.306742
-0.0155698
0.236277
0.450572
0.629056
0.772884
0.915116
1.12833
-157.434
-116.924
-113.409
-112.611
-110.564
-108.391
-106.187
-103.904
-101.546
-99.1285
-96.6666
-94.1769
-91.6739
-89.1689
-86.6704
-84.1848
-81.7169
-79.2702
-76.8473
-74.4504
-72.0813
-69.7413
-67.4315
-65.1531
-62.907
-60.6938
-58.5143
-56.3691
-54.2589
-52.184
-50.1451
-48.1426
-46.1768
-44.2482
-42.3572
-40.5041
-38.6892
-36.9129
-35.1754
-33.477
-31.818
-30.1986
-28.6191
-27.0796
-25.5804
-24.1216
-22.7035
-21.3261
-19.9896
-18.6943
-17.4401
-16.2272
-15.0558
-13.9259
-12.8375
-11.7909
-10.786
-9.82294
-8.90173
-8.02243
-7.18507
-6.38968
-5.63629
-4.9249
-4.25552
-3.62814
-3.04272
-2.49923
-1.99756
-1.53756
-1.119
-0.741471
-0.404307
-0.106475
0.153628
0.37846
0.570812
0.731254
0.874222
1.07204
-35.1537
-26.5795
-26.9155
-27.6179
-27.499
-27.0918
-26.5934
-26.0676
-25.547
-25.0421
-24.5526
-24.074
-23.6012
-23.1294
-22.6552
-22.1762
-21.691
-21.1991
-20.7006
-20.1961
-19.6861
-19.1714
-18.6529
-18.1315
-17.608
-17.083
-16.5574
-16.0319
-15.507
-14.9835
-14.4618
-13.9426
-13.4264
-12.9138
-12.4052
-11.9011
-11.402
-10.9084
-10.4207
-9.93939
-9.46483
-8.99746
-8.53765
-8.08581
-7.64229
-7.20744
-6.78162
-6.36514
-5.95832
-5.56147
-5.17488
-4.79883
-4.43357
-4.07937
-3.73647
-3.40509
-3.08546
-2.77779
-2.48226
-2.19906
-1.92837
-1.67035
-1.42515
-1.19291
-0.973757
-0.767812
-0.575174
-0.395923
-0.230119
-0.0778016
0.0610403
0.186495
0.29876
0.39818
0.485321
0.561085
0.626024
0.677856
0.72876
0.849966
-49.8249
-30.4302
-25.6825
-24.6783
-23.6684
-22.8964
-22.3401
-21.896
-21.5209
-21.1891
-20.8809
-20.5824
-20.2845
-19.981
-19.6682
-19.344
-19.0074
-18.6582
-18.2968
-17.9238
-17.5399
-17.1459
-16.7429
-16.3317
-15.9132
-15.4884
-15.058
-14.623
-14.184
-13.7419
-13.2974
-12.8513
-12.4042
-11.9569
-11.51
-11.0642
-10.62
-10.1782
-9.73923
-9.30374
-8.87227
-8.44537
-8.02356
-7.60733
-7.19719
-6.79359
-6.397
-6.00784
-5.62654
-5.25351
-4.88912
-4.53375
-4.18776
-3.85149
-3.52525
-3.20937
-2.90413
-2.6098
-2.32667
-2.05497
-1.79495
-1.54681
-1.31077
-1.08703
-0.875752
-0.677109
-0.491248
-0.318304
-0.158386
-0.0115772
0.122071
0.242552
0.349927
0.444343
0.52616
0.596173
0.654289
0.699159
0.758776
0.873922
-59.0584
-34.979
-26.6564
-24.1796
-22.458
-21.3118
-20.5818
-20.0758
-19.7017
-19.4069
-19.1555
-18.924
-18.6977
-18.4674
-18.2277
-17.9754
-17.7092
-17.4284
-17.1332
-16.8241
-16.5017
-16.1668
-15.8204
-15.4633
-15.0965
-14.7208
-14.3372
-13.9466
-13.5498
-13.1477
-12.741
-12.3307
-11.9174
-11.502
-11.0853
-10.6678
-10.2503
-9.83361
-9.41826
-9.00493
-8.59426
-8.18684
-7.78327
-7.38411
-6.98991
-6.6012
-6.21849
-5.84227
-5.47301
-5.11116
-4.75718
-4.41146
-4.07442
-3.74643
-3.42787
-3.11909
-2.8204
-2.53214
-2.2546
-1.98807
-1.7328
-1.48906
-1.25708
-1.03707
-0.829241
-0.633784
-0.450872
-0.28066
-0.123283
0.0211419
0.15252
0.270789
0.375927
0.467962
0.547103
0.613898
0.668009
0.709956
0.769429
0.865814
-62.357
-36.5899
-27.0993
-24.0787
-22.0084
-20.638
-19.7832
-19.2167
-18.8221
-18.5318
-18.2998
-18.0962
-17.9023
-17.7065
-17.5021
-17.2852
-17.0537
-16.8069
-16.5447
-16.2674
-15.9758
-15.6704
-15.3523
-15.0223
-14.6814
-14.3304
-13.9703
-13.602
-13.2265
-12.8444
-12.4569
-12.0646
-11.6684
-11.2692
-10.8676
-10.4645
-10.0606
-9.6566
-9.25324
-8.85119
-8.45111
-8.05363
-7.65937
-7.26893
-6.88289
-6.50181
-6.12622
-5.75665
-5.39359
-5.03752
-4.6889
-4.34819
-4.01579
-3.69211
-3.37755
-3.07247
-2.77722
-2.49214
-2.21754
-1.95372
-1.70097
-1.45956
-1.22972
-1.0117
-0.805706
-0.611951
-0.430617
-0.261873
-0.105869
0.0372602
0.1674
0.284462
0.388389
0.479168
0.556967
0.62226
0.674599
0.715155
0.773933
0.864496
-62.357
-36.5899
-27.0993
-24.0787
-22.0084
-20.638
-19.7832
-19.2167
-18.8221
-18.5318
-18.2998
-18.0962
-17.9023
-17.7065
-17.5021
-17.2852
-17.0537
-16.8069
-16.5447
-16.2674
-15.9758
-15.6704
-15.3523
-15.0223
-14.6814
-14.3304
-13.9703
-13.602
-13.2265
-12.8444
-12.4569
-12.0646
-11.6684
-11.2692
-10.8676
-10.4645
-10.0606
-9.6566
-9.25324
-8.85119
-8.45111
-8.05363
-7.65937
-7.26893
-6.88289
-6.50181
-6.12622
-5.75665
-5.39359
-5.03752
-4.6889
-4.34819
-4.01579
-3.69211
-3.37755
-3.07247
-2.77722
-2.49214
-2.21754
-1.95372
-1.70097
-1.45956
-1.22972
-1.0117
-0.805706
-0.611951
-0.430617
-0.261873
-0.105869
0.0372601
0.1674
0.284462
0.388388
0.479168
0.556967
0.62226
0.674599
0.715155
0.773933
0.864496
-59.0584
-34.979
-26.6564
-24.1796
-22.458
-21.3118
-20.5818
-20.0758
-19.7017
-19.4069
-19.1555
-18.924
-18.6977
-18.4674
-18.2277
-17.9754
-17.7092
-17.4284
-17.1332
-16.8241
-16.5017
-16.1668
-15.8204
-15.4633
-15.0965
-14.7208
-14.3372
-13.9466
-13.5498
-13.1477
-12.741
-12.3307
-11.9174
-11.502
-11.0853
-10.6678
-10.2503
-9.83361
-9.41826
-9.00493
-8.59426
-8.18684
-7.78327
-7.38411
-6.98991
-6.6012
-6.21849
-5.84227
-5.47301
-5.11116
-4.75718
-4.41146
-4.07442
-3.74643
-3.42787
-3.11909
-2.8204
-2.53214
-2.2546
-1.98807
-1.7328
-1.48906
-1.25708
-1.03707
-0.829241
-0.633784
-0.450872
-0.280659
-0.123283
0.021142
0.15252
0.270789
0.375927
0.467962
0.547103
0.613898
0.668009
0.709956
0.769429
0.865814
-49.8249
-30.4302
-25.6825
-24.6783
-23.6684
-22.8964
-22.3401
-21.896
-21.5209
-21.1891
-20.8809
-20.5824
-20.2845
-19.981
-19.6682
-19.344
-19.0074
-18.6582
-18.2968
-17.9238
-17.5399
-17.1459
-16.7429
-16.3317
-15.9132
-15.4884
-15.058
-14.623
-14.184
-13.7419
-13.2974
-12.8513
-12.4042
-11.9569
-11.51
-11.0642
-10.62
-10.1782
-9.73923
-9.30374
-8.87227
-8.44537
-8.02356
-7.60733
-7.19719
-6.79359
-6.397
-6.00784
-5.62654
-5.25351
-4.88912
-4.53375
-4.18776
-3.85149
-3.52525
-3.20937
-2.90413
-2.6098
-2.32667
-2.05497
-1.79495
-1.54681
-1.31078
-1.08703
-0.875752
-0.677109
-0.491249
-0.318304
-0.158386
-0.0115773
0.12207
0.242552
0.349927
0.444343
0.52616
0.596173
0.654289
0.699159
0.758776
0.873922
-35.1537
-26.5795
-26.9155
-27.6179
-27.499
-27.0918
-26.5934
-26.0676
-25.547
-25.0421
-24.5526
-24.074
-23.6012
-23.1294
-22.6552
-22.1762
-21.691
-21.1991
-20.7006
-20.1961
-19.6861
-19.1714
-18.6529
-18.1315
-17.608
-17.083
-16.5574
-16.0319
-15.507
-14.9835
-14.4618
-13.9426
-13.4264
-12.9138
-12.4052
-11.9011
-11.402
-10.9084
-10.4207
-9.93939
-9.46483
-8.99746
-8.53765
-8.08581
-7.64229
-7.20744
-6.78162
-6.36514
-5.95832
-5.56147
-5.17488
-4.79883
-4.43357
-4.07937
-3.73647
-3.40509
-3.08546
-2.77779
-2.48226
-2.19906
-1.92837
-1.67035
-1.42515
-1.19291
-0.973756
-0.767811
-0.575174
-0.395923
-0.230119
-0.0778018
0.0610398
0.186494
0.298759
0.39818
0.48532
0.561084
0.626023
0.677856
0.728758
0.849965
78.9866
55.3156
52.4482
51.509
50.3073
49.2779
48.2968
47.2537
46.1164
44.8883
43.5892
42.2438
40.875
39.5013
38.1364
36.7898
35.4676
34.1737
32.9101
31.6777
30.4768
29.3072
28.1686
27.0605
25.9824
24.9337
23.9139
22.9225
21.9589
21.0228
20.1136
19.2309
18.3742
17.543
16.737
15.9556
15.1985
14.4652
13.7553
13.0684
12.4041
11.7619
11.1415
10.5424
9.96435
9.4069
8.86968
8.35235
7.85455
7.37593
6.91617
6.47495
6.05195
5.64687
5.25941
4.8893
4.53624
4.19999
3.88029
3.57689
3.28955
3.01807
2.76221
2.52179
2.2966
2.08645
1.89116
1.71055
1.54443
1.39258
1.25479
1.13074
1.02001
0.922008
0.83586
0.760385
0.693522
0.630864
0.578905
0.584688
91.0891
64.3957
59.8338
58.6037
56.719
55.0077
53.4388
51.8852
50.3176
48.7343
47.1426
45.5532
43.9765
42.421
40.893
39.3966
37.9347
36.5087
35.1194
33.7668
32.4508
31.1709
29.9267
28.7175
27.5427
26.4018
25.294
24.2187
23.1754
22.1633
21.182
20.2308
19.3092
18.4164
17.5521
16.7156
15.9063
15.1237
14.3672
13.6364
12.9306
12.2494
11.5923
10.9587
10.3482
9.76031
9.19453
8.65044
8.12758
7.62552
7.14386
6.68218
6.24009
5.81721
5.41318
5.02763
4.66023
4.31064
3.97855
3.66366
3.36567
3.0843
2.81929
2.57038
2.33734
2.11994
1.91793
1.73112
1.5593
1.40224
1.25972
1.13148
1.01722
0.91652
0.828856
0.753535
0.688346
0.629227
0.589775
0.566131
101.712
71.9588
64.372
62.1699
59.8814
57.843
55.9867
54.1834
52.4041
50.6449
48.9073
47.1957
45.5147
43.8679
42.2578
40.686
39.1536
37.661
36.2081
34.7947
33.4204
32.0847
30.787
29.5267
28.303
27.1154
25.9632
24.8456
23.762
22.7118
21.6943
20.7088
19.7546
18.8312
17.9378
17.0738
16.2386
15.4316
14.6522
13.8998
13.1737
12.4734
11.7984
11.148
10.5218
9.91918
9.33967
8.78275
8.24793
7.73473
7.2427
6.77138
6.32034
5.88916
5.47743
5.08476
4.71076
4.35508
4.01737
3.69728
3.3945
3.10872
2.83965
2.58699
2.3505
2.12991
1.92499
1.73549
1.56122
1.40193
1.25743
1.12749
1.01185
0.910186
0.822128
0.747091
0.68288
0.626448
0.588517
0.539361
105.065
73.8867
65.7502
63.545
61.2525
59.1503
57.2089
55.3151
53.449
51.6112
49.8046
48.0329
46.2993
44.6058
42.9535
41.3431
39.7747
38.2481
36.763
35.3189
33.9152
32.5513
31.2266
29.9405
28.6922
27.481
26.3064
25.1674
24.0636
22.9941
21.9582
20.9553
19.9847
19.0457
18.1375
17.2596
16.4113
15.5919
14.8008
14.0373
13.3009
12.5909
11.9067
11.2478
10.6135
10.0034
9.4168
8.85329
8.31232
7.79339
7.29601
6.81971
6.36403
5.92854
5.51281
5.11643
4.739
4.38013
4.03947
3.71666
3.41136
3.12325
2.85203
2.59739
2.35907
2.1368
1.93032
1.73941
1.56383
1.40338
1.25783
1.12699
1.01061
0.908416
0.820053
0.744934
0.680786
0.624956
0.587179
0.530744
105.065
73.8867
65.7502
63.545
61.2525
59.1503
57.2089
55.3151
53.449
51.6112
49.8046
48.0329
46.2993
44.6058
42.9535
41.3431
39.7747
38.2481
36.763
35.3189
33.9152
32.5513
31.2266
29.9405
28.6922
27.481
26.3064
25.1674
24.0636
22.9941
21.9582
20.9553
19.9847
19.0457
18.1375
17.2596
16.4113
15.5919
14.8008
14.0373
13.3009
12.5909
11.9067
11.2478
10.6135
10.0034
9.4168
8.85329
8.31232
7.79339
7.29601
6.81971
6.36403
5.92854
5.51281
5.11643
4.739
4.38013
4.03947
3.71666
3.41136
3.12325
2.85203
2.59739
2.35907
2.1368
1.93032
1.73941
1.56383
1.40338
1.25783
1.12699
1.01061
0.908416
0.820053
0.744934
0.680786
0.624956
0.587179
0.530744
101.712
71.9588
64.372
62.1699
59.8814
57.843
55.9867
54.1834
52.4041
50.6449
48.9073
47.1957
45.5147
43.8679
42.2578
40.686
39.1536
37.661
36.2081
34.7947
33.4204
32.0847
30.787
29.5267
28.303
27.1154
25.9632
24.8456
23.762
22.7118
21.6943
20.7088
19.7546
18.8312
17.9378
17.0738
16.2386
15.4316
14.6522
13.8998
13.1737
12.4734
11.7984
11.148
10.5218
9.91918
9.33967
8.78275
8.24793
7.73473
7.2427
6.77138
6.32034
5.88916
5.47743
5.08476
4.71076
4.35508
4.01737
3.69728
3.3945
3.10872
2.83965
2.587
2.3505
2.12991
1.92499
1.7355
1.56122
1.40193
1.25743
1.12749
1.01185
0.910186
0.822129
0.747091
0.68288
0.626448
0.588517
0.539361
91.0891
64.3957
59.8338
58.6037
56.719
55.0077
53.4388
51.8852
50.3176
48.7343
47.1426
45.5532
43.9765
42.421
40.893
39.3966
37.9347
36.5087
35.1194
33.7668
32.4508
31.1709
29.9267
28.7175
27.5427
26.4018
25.294
24.2187
23.1754
22.1633
21.182
20.2308
19.3092
18.4164
17.5521
16.7156
15.9063
15.1237
14.3672
13.6364
12.9306
12.2494
11.5923
10.9587
10.3482
9.76031
9.19453
8.65044
8.12758
7.62552
7.14386
6.68218
6.24009
5.81721
5.41318
5.02763
4.66023
4.31064
3.97855
3.66366
3.36567
3.0843
2.81929
2.57038
2.33734
2.11994
1.91793
1.73112
1.5593
1.40224
1.25972
1.13148
1.01722
0.91652
0.828856
0.753535
0.688346
0.629226
0.589775
0.566131
78.9866
55.3156
52.4482
51.509
50.3073
49.2779
48.2968
47.2537
46.1164
44.8883
43.5892
42.2438
40.875
39.5013
38.1364
36.7898
35.4676
34.1737
32.9101
31.6777
30.4768
29.3072
28.1686
27.0605
25.9824
24.9337
23.9139
22.9225
21.9589
21.0228
20.1136
19.2309
18.3742
17.543
16.737
15.9556
15.1985
14.4652
13.7553
13.0684
12.4041
11.7619
11.1415
10.5424
9.96435
9.4069
8.86968
8.35235
7.85454
7.37593
6.91617
6.47495
6.05195
5.64687
5.25941
4.88929
4.53624
4.19999
3.88029
3.57688
3.28955
3.01807
2.76221
2.52179
2.2966
2.08645
1.89116
1.71055
1.54443
1.39258
1.25479
1.13074
1.02001
0.922008
0.83586
0.760385
0.693522
0.630864
0.578904
0.584687
182.688
132.491
127.413
126.147
123.808
121.608
119.364
116.912
114.244
111.399
108.428
105.383
102.302
99.2171
96.1495
93.1136
90.1187
87.1705
84.2723
81.426
78.6325
75.8922
73.2052
70.5714
67.9906
65.4628
62.9876
60.5649
58.1944
55.876
53.6094
51.3944
49.2308
47.1183
45.0567
43.0457
41.0851
39.1745
37.3138
35.5025
33.7406
32.0275
30.3631
28.7471
27.1791
25.6589
24.1862
22.7607
21.3821
20.0501
18.7645
17.525
16.3312
15.1829
14.08
13.022
12.0088
11.0401
10.1156
9.23519
8.39857
7.60553
6.85585
6.14931
5.48573
4.86488
4.28656
3.75054
3.25656
2.80435
2.39351
2.0235
1.69351
1.40234
1.1482
0.928458
0.739285
0.575209
0.435521
0.329804
215.193
151.226
140.063
136.877
132.334
128.423
124.954
121.584
118.233
114.887
111.547
108.223
104.927
101.668
98.4539
95.2891
92.177
89.1197
86.1183
83.1735
80.2855
77.4544
74.6802
71.9626
69.3014
66.6965
64.1475
61.6543
59.2165
56.8337
54.5058
52.2325
50.0133
47.8479
45.736
43.6773
41.6714
39.7179
37.8165
35.9667
34.1683
32.4209
30.724
29.0773
27.4804
25.933
24.4347
22.9852
21.584
20.2308
18.9253
17.6672
16.456
15.2915
14.1733
13.1011
12.0747
11.0937
10.1577
9.26664
8.42011
7.61785
6.85962
6.14516
5.47423
4.84658
4.26196
3.72015
3.22089
2.76392
2.34892
1.97551
1.64321
1.35129
1.09873
0.883861
0.703297
0.551558
0.425903
0.282375
242.606
169.105
149.466
143.203
137.166
132.208
127.982
124.056
120.297
116.654
113.097
109.613
106.196
102.841
99.5477
96.3149
93.142
90.0288
86.975
83.9805
81.045
78.1685
75.3507
72.5914
69.8904
67.2473
64.662
62.1341
59.6633
57.2492
54.8915
52.5899
50.344
48.1533
46.0175
43.9361
41.9089
39.9353
38.0149
36.1473
34.3321
32.569
30.8573
29.1968
27.587
26.0275
24.518
23.0579
21.6469
20.2846
18.9707
17.7047
16.4862
15.315
14.1906
13.1128
12.081
11.0951
10.1548
9.25958
8.40929
7.60359
6.8422
6.12485
5.45126
4.82118
4.23436
3.69055
3.18951
2.73101
2.31479
1.94058
1.60805
1.31677
1.06608
0.854735
0.679634
0.53545
0.413522
0.247083
251.489
174.106
152.512
145.739
139.325
134.004
129.479
125.313
121.365
117.576
113.908
110.34
106.856
103.449
100.113
96.843
93.6377
90.4951
87.4141
84.3939
81.4341
78.5344
75.6944
72.9139
70.1926
67.5302
64.9264
62.3809
59.8933
57.4633
55.0906
52.7746
50.5151
48.3115
46.1636
44.0708
42.0327
40.0489
38.1189
36.2423
34.4186
32.6474
30.9283
29.2608
27.6444
26.0788
24.5635
23.0981
21.6821
20.3152
18.997
17.727
16.5049
15.3302
14.2027
13.1219
12.0874
11.0991
10.1564
9.25913
8.40691
7.59944
6.83643
6.11759
5.44264
4.81132
4.22338
3.67858
3.17667
2.71743
2.30065
1.9261
1.59353
1.30258
1.05271
0.842728
0.669493
0.527785
0.407112
0.234598
251.489
174.106
152.512
145.739
139.325
134.004
129.479
125.313
121.365
117.576
113.908
110.34
106.856
103.449
100.113
96.843
93.6377
90.4951
87.4141
84.3939
81.4341
78.5344
75.6944
72.9139
70.1926
67.5302
64.9264
62.3809
59.8933
57.4633
55.0906
52.7746
50.5151
48.3115
46.1636
44.0708
42.0327
40.0489
38.1189
36.2423
34.4186
32.6474
30.9283
29.2608
27.6444
26.0788
24.5635
23.0981
21.6821
20.3152
18.997
17.727
16.5049
15.3302
14.2027
13.1219
12.0874
11.0991
10.1564
9.25913
8.40691
7.59944
6.83643
6.11759
5.44264
4.81132
4.22338
3.67858
3.17667
2.71743
2.30065
1.9261
1.59353
1.30258
1.05271
0.842728
0.669493
0.527785
0.407112
0.234598
242.606
169.105
149.466
143.203
137.166
132.208
127.982
124.056
120.297
116.654
113.097
109.613
106.196
102.841
99.5477
96.3149
93.142
90.0288
86.975
83.9805
81.045
78.1685
75.3507
72.5914
69.8904
67.2473
64.662
62.1341
59.6633
57.2492
54.8915
52.5899
50.344
48.1533
46.0175
43.9361
41.9089
39.9353
38.0149
36.1473
34.3321
32.569
30.8573
29.1968
27.587
26.0275
24.518
23.0579
21.6469
20.2846
18.9707
17.7047
16.4862
15.315
14.1906
13.1128
12.081
11.0951
10.1548
9.25958
8.40929
7.60359
6.8422
6.12485
5.45126
4.82118
4.23436
3.69055
3.18951
2.73101
2.31479
1.94058
1.60805
1.31677
1.06608
0.854735
0.679634
0.53545
0.413522
0.247083
215.193
151.226
140.063
136.877
132.334
128.423
124.954
121.584
118.233
114.887
111.547
108.223
104.927
101.668
98.4539
95.2891
92.177
89.1197
86.1183
83.1735
80.2855
77.4544
74.6802
71.9626
69.3014
66.6965
64.1475
61.6543
59.2165
56.8337
54.5058
52.2325
50.0133
47.8479
45.736
43.6773
41.6714
39.7179
37.8165
35.9667
34.1683
32.4209
30.724
29.0773
27.4804
25.933
24.4347
22.9852
21.584
20.2308
18.9253
17.6672
16.456
15.2915
14.1733
13.1011
12.0747
11.0937
10.1577
9.26664
8.42011
7.61785
6.85962
6.14516
5.47423
4.84658
4.26196
3.72015
3.22089
2.76392
2.34892
1.97551
1.64321
1.35129
1.09873
0.883861
0.703297
0.551557
0.425903
0.282374
182.688
132.491
127.413
126.147
123.808
121.608
119.364
116.912
114.244
111.399
108.428
105.383
102.302
99.2171
96.1495
93.1136
90.1187
87.1705
84.2723
81.426
78.6325
75.8922
73.2052
70.5714
67.9906
65.4628
62.9876
60.5649
58.1944
55.876
53.6094
51.3944
49.2308
47.1183
45.0567
43.0457
41.0851
39.1745
37.3138
35.5025
33.7406
32.0275
30.3631
28.7471
27.1791
25.6589
24.1862
22.7607
21.3821
20.0501
18.7645
17.525
16.3312
15.1829
14.08
13.022
12.0088
11.0401
10.1156
9.23519
8.39857
7.60552
6.85584
6.14931
5.48573
4.86488
4.28656
3.75054
3.25656
2.80435
2.39351
2.0235
1.69351
1.40234
1.1482
0.928459
0.739286
0.57521
0.435522
0.329805
268.162
201.437
197.681
197.15
194.242
191.186
187.837
184.069
179.949
175.578
171.046
166.426
161.772
157.122
152.5
147.922
143.398
138.935
134.535
130.201
125.935
121.738
117.609
113.55
109.56
105.64
101.791
98.0118
94.3036
90.6664
87.1005
83.606
80.183
76.8318
73.5525
70.3452
67.21
64.1469
61.1562
58.2378
55.3917
52.6181
49.9169
47.2881
44.7318
42.2478
39.8363
37.4971
35.2303
33.0358
30.9135
28.8634
26.8854
24.9794
23.1454
21.3833
19.693
18.0743
16.5273
15.0518
13.6478
12.315
11.0534
9.86283
8.74321
7.6944
6.71624
5.80856
4.97117
4.20378
3.50605
2.87746
2.3173
1.82453
1.39764
1.03453
0.732351
0.487419
0.294267
0.129961
301.388
218.781
212.142
210.336
204.285
198.67
193.548
188.535
183.559
178.612
173.695
168.816
163.985
159.207
154.488
149.83
145.238
140.711
136.252
131.861
127.538
123.285
119.102
114.989
110.947
106.975
103.075
99.2464
95.4893
91.8041
88.1912
84.6506
81.1825
77.7872
74.4646
71.215
68.0384
64.9349
61.9046
58.9476
56.0638
53.2534
50.5163
47.8526
45.2622
42.7451
40.3014
37.9309
35.6337
33.4098
31.2589
29.1812
27.1765
25.2448
23.3859
21.5998
19.8864
18.2457
16.6774
15.1815
13.7578
12.4064
11.1269
9.91938
8.78361
7.71946
6.72678
5.8054
4.95515
4.17582
3.46717
2.82893
2.26075
1.76222
1.33279
0.971609
0.67712
0.446264
0.268172
0.0884026
332.777
238.451
223.475
218.596
210.395
203.088
196.763
190.909
185.354
180.014
174.832
169.776
164.824
159.962
155.182
150.478
145.846
141.286
136.796
132.376
128.026
123.747
119.538
115.401
111.335
107.34
103.418
99.5677
95.7902
92.0854
88.4536
84.8949
81.4095
77.9975
74.6591
71.3943
68.2032
65.0859
62.0425
59.0729
56.1771
53.3553
50.6074
47.9334
45.3332
42.8069
40.3544
37.9756
35.6706
33.4392
31.2814
29.197
27.1861
25.2485
23.3842
21.5929
19.8747
18.2294
16.6568
15.1569
13.7296
12.3746
11.0919
9.88136
8.74276
7.67597
6.68085
5.75724
4.90498
4.12393
3.41394
2.77489
2.20669
1.70927
1.28258
0.926364
0.63966
0.41965
0.250946
0.0661999
342.549
243.503
227.066
221.915
213.144
205.214
198.387
192.151
186.313
180.769
175.443
170.287
165.264
160.352
155.534
150.801
146.147
141.568
137.061
132.625
128.261
123.968
119.746
115.595
111.517
107.511
103.577
99.716
95.9281
92.2134
88.5722
85.0045
81.5105
78.0904
74.7443
71.4721
68.2741
65.1501
62.1004
59.1249
56.2235
53.3964
50.6435
47.9647
45.3601
42.8296
40.3732
37.9908
35.6823
33.4477
31.2868
29.1997
27.1861
25.246
23.3794
21.586
19.8658
18.2187
16.6444
15.1429
13.7141
12.3578
11.0739
9.86219
8.72253
7.65479
6.6588
5.73442
4.88152
4.09998
3.3897
2.75066
2.18284
1.68634
1.26122
0.907328
0.623759
0.407784
0.242668
0.0573605
342.549
243.503
227.066
221.915
213.144
205.214
198.387
192.151
186.313
180.769
175.443
170.287
165.264
160.352
155.534
150.801
146.147
141.568
137.061
132.625
128.261
123.968
119.746
115.595
111.517
107.511
103.577
99.716
95.9281
92.2134
88.5722
85.0045
81.5105
78.0904
74.7443
71.4721
68.2741
65.1501
62.1004
59.1249
56.2235
53.3964
50.6435
47.9647
45.3601
42.8296
40.3732
37.9908
35.6823
33.4477
31.2868
29.1997
27.1861
25.246
23.3794
21.586
19.8658
18.2187
16.6444
15.1429
13.7141
12.3578
11.0739
9.86219
8.72253
7.65479
6.6588
5.73442
4.88152
4.09998
3.3897
2.75066
2.18284
1.68634
1.26122
0.907328
0.623759
0.407784
0.242666
0.0573597
332.777
238.451
223.475
218.596
210.395
203.088
196.763
190.909
185.354
180.014
174.832
169.776
164.824
159.962
155.182
150.478
145.846
141.286
136.796
132.376
128.026
123.747
119.538
115.401
111.335
107.34
103.418
99.5677
95.7902
92.0854
88.4536
84.8949
81.4095
77.9975
74.6591
71.3943
68.2032
65.0859
62.0425
59.0729
56.1771
53.3553
50.6074
47.9334
45.3332
42.8069
40.3544
37.9756
35.6706
33.4392
31.2814
29.197
27.1861
25.2485
23.3842
21.5929
19.8747
18.2294
16.6568
15.1569
13.7296
12.3746
11.0919
9.88136
8.74276
7.67597
6.68085
5.75724
4.90498
4.12393
3.41394
2.77489
2.20669
1.70927
1.28258
0.926365
0.639661
0.419651
0.250944
0.0661983
301.388
218.781
212.142
210.336
204.285
198.67
193.548
188.535
183.559
178.612
173.695
168.816
163.985
159.207
154.488
149.83
145.238
140.711
136.252
131.861
127.538
123.285
119.102
114.989
110.947
106.975
103.075
99.2464
95.4893
91.8041
88.1912
84.6506
81.1825
77.7872
74.4646
71.215
68.0384
64.9349
61.9046
58.9476
56.0638
53.2534
50.5163
47.8526
45.2622
42.7451
40.3014
37.9309
35.6337
33.4098
31.2589
29.1812
27.1765
25.2448
23.3859
21.5998
19.8864
18.2457
16.6774
15.1815
13.7578
12.4064
11.1269
9.91938
8.78361
7.71946
6.72678
5.8054
4.95515
4.17582
3.46717
2.82893
2.26075
1.76222
1.33279
0.97161
0.677121
0.446264
0.268171
0.0884
268.162
201.437
197.681
197.15
194.242
191.186
187.837
184.069
179.949
175.578
171.046
166.426
161.772
157.122
152.5
147.922
143.398
138.935
134.535
130.201
125.935
121.738
117.609
113.55
109.56
105.64
101.791
98.0118
94.3036
90.6664
87.1005
83.606
80.183
76.8318
73.5525
70.3452
67.21
64.1469
61.1562
58.2378
55.3917
52.6181
49.9169
47.2881
44.7318
42.2478
39.8363
37.4971
35.2303
33.0358
30.9135
28.8634
26.8854
24.9794
23.1454
21.3833
19.693
18.0743
16.5273
15.0518
13.6478
12.315
11.0534
9.86283
8.74321
7.6944
6.71624
5.80856
4.97117
4.20378
3.50605
2.87746
2.3173
1.82453
1.39764
1.03453
0.732351
0.48742
0.294269
0.129962
336.883
268.721
265.48
265.061
261.623
257.163
252.042
246.423
240.468
234.308
228.043
221.741
215.449
209.197
203.005
196.884
190.842
184.884
179.012
173.229
167.537
161.935
156.425
151.007
145.681
140.449
135.311
130.266
125.316
120.46
115.699
111.033
106.462
101.987
97.6074
93.3238
89.1362
85.0447
81.0494
77.1504
73.3477
69.6414
66.0316
62.5182
59.1014
55.781
52.5571
49.4297
46.3988
43.4643
40.6263
37.8846
35.2392
32.6902
30.2374
27.8808
25.6203
23.4559
21.3875
19.415
17.5384
15.7576
14.0725
12.483
10.989
9.59036
8.28705
7.0789
5.96575
4.94739
4.02361
3.19416
2.45883
1.81761
1.27086
0.819962
0.468057
0.218853
0.0781955
0.0536002
356.081
285.796
281.312
278.147
271.051
263.726
256.569
249.546
242.659
235.898
229.254
222.716
216.277
209.932
203.678
197.514
191.438
185.451
179.554
173.747
168.031
162.406
156.873
151.432
146.085
140.832
135.672
130.608
125.638
120.763
115.984
111.3
106.713
102.221
97.8257
93.5268
89.3244
85.2186
81.2095
77.2972
73.4816
69.7629
66.1411
62.6162
59.1882
55.8571
52.6228
49.4854
46.4449
43.5011
40.6542
37.9039
35.2504
32.6934
30.2331
27.8692
25.6018
23.4307
21.3559
19.3774
17.495
15.7087
14.0183
12.4237
10.925
9.52189
8.21434
7.00221
5.88537
4.86372
3.93717
3.10574
2.36965
1.72947
1.18646
0.743053
0.403292
0.170788
0.0507614
0.0513004
382.988
302.546
292.782
287.06
277.57
268.22
259.554
251.465
243.851
236.611
229.657
222.923
216.362
209.944
203.645
197.453
191.36
185.363
179.457
173.644
167.922
162.292
156.755
151.311
145.96
140.703
135.541
130.473
125.501
120.624
115.843
111.158
106.57
102.077
97.6818
93.3828
89.1806
85.0752
81.0668
77.1553
73.3409
69.6235
66.0031
62.4798
59.0536
55.7243
52.4921
49.3568
46.3185
43.377
40.5324
37.7846
35.1334
32.5789
30.121
27.7596
25.4947
23.3261
21.2537
19.2776
17.3976
15.6136
13.9255
12.3331
10.8365
9.4355
8.12998
6.91987
5.80508
4.78558
3.86144
3.03288
2.3004
1.66497
1.12827
0.693078
0.363736
0.143814
0.0376198
0.0501041
392.465
307.333
296.786
290.828
280.625
270.473
261.129
252.522
244.535
237.034
229.905
223.056
216.423
209.957
203.63
197.421
191.318
185.314
179.404
173.588
167.864
162.232
156.693
151.248
145.896
140.638
135.474
130.406
125.433
120.556
115.774
111.089
106.5
102.008
97.6126
93.3138
89.1119
85.007
80.999
77.0882
73.2745
69.5578
65.9383
62.4159
58.9906
55.6624
52.4312
49.297
46.2597
43.3194
40.4759
37.7292
35.0792
32.5259
30.0692
27.709
25.4452
23.2777
21.2065
19.2315
17.3526
15.5697
13.8826
12.2913
10.7957
9.39565
8.09111
6.88197
5.76821
4.74983
3.82698
3
2.26951
1.63664
1.10314
0.671828
0.346934
0.131997
0.0309136
0.0462232
392.465
307.333
296.786
290.828
280.625
270.473
261.129
252.522
244.535
237.034
229.905
223.056
216.423
209.957
203.63
197.421
191.318
185.314
179.404
173.588
167.864
162.232
156.693
151.248
145.896
140.638
135.474
130.406
125.433
120.556
115.774
111.089
106.5
102.008
97.6126
93.3138
89.1119
85.007
80.999
77.0882
73.2745
69.5578
65.9383
62.4159
58.9906
55.6624
52.4312
49.297
46.2597
43.3194
40.4759
37.7292
35.0792
32.5259
30.0692
27.709
25.4452
23.2777
21.2065
19.2315
17.3526
15.5697
13.8826
12.2913
10.7957
9.39565
8.09111
6.88197
5.76821
4.74983
3.82698
3
2.26951
1.63664
1.10314
0.671829
0.346934
0.131992
0.0309046
0.0462399
382.988
302.546
292.782
287.06
277.57
268.22
259.554
251.465
243.851
236.611
229.657
222.923
216.362
209.944
203.645
197.453
191.36
185.363
179.457
173.644
167.922
162.292
156.755
151.311
145.96
140.703
135.541
130.473
125.501
120.624
115.843
111.158
106.57
102.077
97.6818
93.3828
89.1806
85.0752
81.0668
77.1553
73.3409
69.6235
66.0031
62.4798
59.0536
55.7244
52.4921
49.3568
46.3185
43.377
40.5324
37.7846
35.1334
32.5789
30.121
27.7596
25.4947
23.3261
21.2537
19.2776
17.3976
15.6136
13.9255
12.3331
10.8365
9.4355
8.12998
6.91987
5.80508
4.78558
3.86144
3.03288
2.3004
1.66497
1.12827
0.69308
0.363736
0.143809
0.0376122
0.0501196
356.081
285.796
281.312
278.147
271.051
263.726
256.569
249.546
242.659
235.898
229.254
222.716
216.277
209.932
203.678
197.514
191.438
185.451
179.554
173.747
168.031
162.406
156.873
151.432
146.085
140.832
135.672
130.608
125.638
120.763
115.984
111.3
106.713
102.221
97.8257
93.5268
89.3244
85.2186
81.2095
77.2972
73.4816
69.7629
66.1411
62.6162
59.1882
55.8571
52.6228
49.4854
46.4449
43.5011
40.6542
37.9039
35.2504
32.6934
30.2331
27.8692
25.6018
23.4307
21.3559
19.3774
17.495
15.7087
14.0183
12.4237
10.925
9.52189
8.21434
7.00221
5.88537
4.86372
3.93717
3.10575
2.36965
1.72947
1.18646
0.743054
0.40329
0.170784
0.0507636
0.0512917
336.883
268.721
265.48
265.061
261.623
257.163
252.042
246.423
240.468
234.308
228.043
221.741
215.449
209.197
203.005
196.884
190.842
184.884
179.012
173.229
167.537
161.935
156.425
151.007
145.681
140.449
135.311
130.266
125.316
120.46
115.699
111.033
106.462
101.987
97.6074
93.3238
89.1362
85.0447
81.0494
77.1504
73.3477
69.6414
66.0316
62.5182
59.1014
55.781
52.5571
49.4297
46.3988
43.4643
40.6263
37.8846
35.2392
32.6902
30.2374
27.8808
25.6203
23.4559
21.3875
19.415
17.5384
15.7576
14.0725
12.483
10.989
9.59036
8.28705
7.0789
5.96575
4.94739
4.02361
3.19416
2.45883
1.81761
1.27086
0.819961
0.468055
0.218854
0.0781972
0.0536122
)
;

boundaryField
{
    left
    {
        type            calculated;
        value           nonuniform List<scalar> 
64
(
-410.228
-427.399
-447.628
-456.523
-456.523
-447.628
-427.399
-410.228
-283.566
-332.404
-361.692
-371.838
-371.838
-361.692
-332.404
-283.566
-157.434
-196.496
-221.527
-230.162
-230.162
-221.527
-196.496
-157.434
-35.1537
-49.8249
-59.0584
-62.357
-62.357
-59.0584
-49.8249
-35.1537
78.9866
91.0891
101.712
105.065
105.065
101.712
91.0891
78.9866
182.688
215.193
242.606
251.489
251.489
242.606
215.193
182.688
268.162
301.388
332.777
342.549
342.549
332.777
301.388
268.162
336.883
356.081
382.988
392.465
392.465
382.988
356.081
336.883
)
;
    }
    right
    {
        type            calculated;
        value           nonuniform List<scalar> 
64
(
1.37409
1.37422
1.37284
1.37756
1.37755
1.37284
1.37422
1.37409
1.26571
1.34378
1.35769
1.36681
1.36681
1.35769
1.34379
1.26571
1.01966
1.12195
1.13952
1.14898
1.14898
1.13952
1.12195
1.01965
0.68931
0.767795
0.768156
0.771582
0.771581
0.768155
0.767795
0.689306
0.370215
0.391537
0.368285
0.363037
0.363036
0.368284
0.391536
0.370213
0.135694
0.0989831
0.062829
0.0523352
0.0523363
0.0628302
0.098983
0.135697
0.0424958
-0.0164763
-0.0379268
-0.0445965
-0.0445979
-0.0379291
-0.016475
0.0424984
-0.00147737
-0.00679644
-0.00171201
-0.00363377
-0.0036438
-0.00171807
-0.00678026
-0.00148266
)
;
    }
    back
    {
        type            calculated;
        value           nonuniform List<scalar> 
640
(
-388.661
-251.657
-134.595
-27.3084
75.4321
176.339
273.098
366.65
-312.746
-204.625
-107.872
-22.9642
52.3957
123.982
192.904
259.842
-301.519
-201.033
-109.843
-26.2438
50.0337
122.15
191.362
257.851
-297.155
-198.976
-110.823
-28.0481
48.9831
121.703
191.349
258.629
-293.508
-196.268
-110.014
-28.5299
47.9567
120.348
189.916
256.952
-289.284
-193.36
-108.612
-28.4265
47.1388
118.891
188.049
253.899
-284.149
-190.017
-106.846
-28.0528
46.3513
117.165
185.503
249.774
-278.213
-186.227
-104.823
-27.5628
45.4851
115.096
182.286
244.837
-271.67
-182.066
-102.616
-27.0315
44.5015
112.71
178.539
239.333
-264.712
-177.63
-100.274
-26.4907
43.4023
110.07
174.412
233.464
-257.495
-173.008
-97.8395
-25.9523
42.2105
107.248
170.038
227.383
-250.14
-168.275
-95.3468
-25.4187
40.955
104.312
165.52
221.198
-242.737
-163.487
-92.8214
-24.8885
39.663
101.315
160.933
214.98
-235.346
-158.686
-90.2824
-24.359
38.3566
98.2957
156.326
208.776
-228.011
-153.903
-87.7434
-23.8276
37.0523
95.2825
151.735
202.617
-220.758
-149.157
-85.2137
-23.2926
35.7615
92.2939
147.181
196.521
-213.606
-144.462
-82.7003
-22.7528
34.4917
89.3416
142.676
190.498
-206.567
-139.828
-80.2077
-22.208
33.2474
86.4329
138.231
184.558
-199.647
-135.259
-77.7396
-21.6584
32.0312
83.5721
133.848
178.702
-192.851
-130.761
-75.2986
-21.1043
30.8443
80.7615
129.531
172.934
-186.181
-126.336
-72.8866
-20.5467
29.6871
78.0023
125.282
167.256
-179.639
-121.986
-70.5052
-19.9862
28.5595
75.2951
121.101
161.669
-173.224
-117.712
-68.1558
-19.4238
27.4613
72.6399
116.989
156.172
-166.936
-113.514
-65.8393
-18.8604
26.3919
70.0367
112.947
150.768
-160.776
-109.394
-63.5568
-18.2966
25.3508
67.4855
108.975
145.456
-154.743
-105.351
-61.3089
-17.7333
24.3376
64.9859
105.073
140.236
-148.836
-101.386
-59.0963
-17.1711
23.3517
62.5379
101.241
135.11
-143.054
-97.4989
-56.9196
-16.6107
22.3927
60.1412
97.4794
130.077
-137.398
-93.69
-54.7794
-16.0527
21.46
57.7956
93.7887
125.138
-131.865
-89.9591
-52.6762
-15.4977
20.5533
55.501
90.1691
120.293
-126.456
-86.3063
-50.6102
-14.9461
19.6722
53.2572
86.6206
115.543
-121.169
-82.7315
-48.5821
-14.3985
18.8161
51.064
83.1435
110.887
-116.004
-79.2345
-46.592
-13.8553
17.9848
48.9211
79.7378
106.326
-110.96
-75.8154
-44.6404
-13.3171
17.1778
46.8284
76.4038
101.86
-106.037
-72.4739
-42.7276
-12.7843
16.3947
44.7857
73.1416
97.49
-101.233
-69.2099
-40.8539
-12.2573
15.6351
42.7927
69.9513
93.2151
-96.5473
-66.0233
-39.0195
-11.7365
14.8987
40.8492
66.8329
89.0358
-91.9801
-62.9139
-37.2247
-11.2224
14.185
38.955
63.7865
84.9523
-87.5301
-59.8814
-35.4698
-10.7153
13.4937
37.1098
60.8122
80.9648
-83.1967
-56.9258
-33.7549
-10.2157
12.8244
35.3133
57.9101
77.0731
-78.9792
-54.0467
-32.0804
-9.72386
12.1767
33.5654
55.0801
73.2776
-74.8768
-51.2441
-30.4463
-9.24016
11.5503
31.8657
52.3223
69.5781
-70.8888
-48.5176
-28.853
-8.76498
10.9448
30.214
49.6367
65.9748
-67.0146
-45.8671
-27.3004
-8.29863
10.3598
28.61
47.0233
62.4678
-63.2536
-43.2923
-25.7889
-7.84145
9.79508
27.0534
44.482
59.0569
-59.605
-40.793
-24.3186
-7.39374
9.2502
25.544
42.0129
55.7423
-56.0682
-38.3689
-22.8895
-6.95582
8.72485
24.0816
39.6159
52.524
-52.6426
-36.0199
-21.5019
-6.52796
8.2187
22.6658
37.2909
49.4019
-49.3276
-33.7457
-20.1558
-6.11045
7.73145
21.2964
35.038
46.376
-46.1226
-31.546
-18.8513
-5.70355
7.26277
19.9731
32.857
43.4464
-43.027
-29.4206
-17.5886
-5.30752
6.81236
18.6956
30.7479
40.6129
-40.0403
-27.3693
-16.3677
-4.9226
6.37993
17.4638
28.7106
37.8757
-37.1619
-25.3918
-15.1888
-4.54904
5.96519
16.2774
26.7451
35.2346
-34.3912
-23.488
-14.0517
-4.18704
5.56787
15.136
24.8513
32.6896
-31.7278
-21.6574
-12.9568
-3.83683
5.1877
14.0396
23.029
30.2406
-29.171
-19.9001
-11.9039
-3.49861
4.82441
12.9877
21.2783
27.8877
-26.7206
-18.2156
-10.8931
-3.17257
4.47777
11.9802
19.599
25.6307
-24.3758
-16.6038
-9.92457
-2.85889
4.14752
11.0169
17.9911
23.4696
-22.1363
-15.0644
-8.99819
-2.55774
3.83343
10.0976
16.4543
21.4044
-20.0016
-13.5972
-8.11404
-2.26928
3.5353
9.22193
14.9887
19.435
-17.9713
-12.2021
-7.27213
-1.99367
3.25289
8.38978
13.594
17.5612
-16.0448
-10.8787
-6.47248
-1.73104
2.98601
7.60093
12.2702
15.783
-14.2219
-9.62685
-5.71508
-1.48153
2.73446
6.85519
11.0173
14.1004
-12.502
-8.44636
-4.99992
-1.24526
2.49806
6.15235
9.83501
12.5133
-10.8848
-7.33699
-4.327
-1.02233
2.27663
5.49224
8.72334
11.0217
-9.36986
-6.29854
-3.6963
-0.812846
2.06999
4.87464
7.68209
9.62525
-7.95676
-5.33077
-3.10777
-0.616896
1.87798
4.29935
6.71112
8.32402
-6.64509
-4.43341
-2.56133
-0.434563
1.70042
3.76619
5.81025
7.11781
-5.43438
-3.60619
-2.05689
-0.265898
1.53715
3.2749
4.97925
6.00644
-4.32415
-2.84873
-1.59425
-0.110892
1.38794
2.82511
4.21783
4.98968
-3.31384
-2.16058
-1.17309
0.0305118
1.25254
2.41641
3.52556
4.06725
-2.40279
-1.54108
-0.792897
0.158438
1.13062
2.04816
2.90185
3.23877
-1.59027
-0.989316
-0.452881
0.273136
1.02172
1.71943
2.34577
2.50383
-0.875486
-0.503975
-0.151759
0.375042
0.92513
1.42877
1.85599
1.86212
-0.257908
-0.0832067
0.112414
0.464834
0.839814
1.174
1.43058
1.31365
0.262308
0.275562
0.342442
0.543455
0.764319
0.951991
1.06681
0.859372
0.68362
0.575628
0.541691
0.611744
0.696651
0.758652
0.761156
0.502224
0.999179
0.818164
0.7105
0.667165
0.632236
0.588423
0.509703
0.246515
1.21532
1.00926
0.854327
0.714197
0.573738
0.44103
0.309627
0.0974846
1.30588
1.2023
1.04751
0.838634
0.592274
0.3483
0.139064
0.0515355
)
;
    }
    front
    {
        type            calculated;
        value           nonuniform List<scalar> 
640
(
-388.661
-251.657
-134.595
-27.3084
75.4321
176.339
273.098
366.65
-312.746
-204.625
-107.872
-22.9642
52.3957
123.982
192.904
259.842
-301.519
-201.033
-109.843
-26.2438
50.0337
122.15
191.362
257.851
-297.155
-198.976
-110.823
-28.0481
48.9831
121.703
191.349
258.629
-293.508
-196.268
-110.014
-28.5299
47.9567
120.348
189.916
256.952
-289.284
-193.36
-108.612
-28.4265
47.1388
118.891
188.049
253.899
-284.149
-190.017
-106.846
-28.0528
46.3513
117.165
185.503
249.774
-278.213
-186.227
-104.823
-27.5628
45.4851
115.096
182.286
244.837
-271.67
-182.066
-102.616
-27.0315
44.5015
112.71
178.539
239.333
-264.712
-177.63
-100.274
-26.4907
43.4023
110.07
174.412
233.464
-257.495
-173.008
-97.8395
-25.9523
42.2105
107.248
170.038
227.383
-250.14
-168.275
-95.3468
-25.4187
40.955
104.312
165.52
221.198
-242.737
-163.487
-92.8214
-24.8885
39.663
101.315
160.933
214.98
-235.346
-158.686
-90.2824
-24.359
38.3566
98.2957
156.326
208.776
-228.011
-153.903
-87.7434
-23.8276
37.0523
95.2825
151.735
202.617
-220.758
-149.157
-85.2137
-23.2926
35.7615
92.2939
147.181
196.521
-213.606
-144.462
-82.7003
-22.7528
34.4917
89.3416
142.676
190.498
-206.567
-139.828
-80.2077
-22.208
33.2474
86.4329
138.231
184.558
-199.647
-135.259
-77.7396
-21.6584
32.0312
83.5721
133.848
178.702
-192.851
-130.761
-75.2986
-21.1043
30.8443
80.7615
129.531
172.934
-186.181
-126.336
-72.8866
-20.5467
29.6871
78.0023
125.282
167.256
-179.639
-121.986
-70.5052
-19.9862
28.5595
75.2951
121.101
161.669
-173.224
-117.712
-68.1558
-19.4238
27.4613
72.6399
116.989
156.172
-166.936
-113.514
-65.8393
-18.8604
26.3919
70.0367
112.947
150.768
-160.776
-109.394
-63.5568
-18.2966
25.3508
67.4855
108.975
145.456
-154.743
-105.351
-61.3089
-17.7333
24.3376
64.9859
105.073
140.236
-148.836
-101.386
-59.0963
-17.1711
23.3517
62.5379
101.241
135.11
-143.054
-97.4989
-56.9196
-16.6107
22.3927
60.1412
97.4794
130.077
-137.398
-93.69
-54.7794
-16.0527
21.46
57.7956
93.7887
125.138
-131.865
-89.9591
-52.6762
-15.4977
20.5533
55.501
90.1691
120.293
-126.456
-86.3063
-50.6102
-14.9461
19.6722
53.2572
86.6206
115.543
-121.169
-82.7315
-48.5821
-14.3985
18.8161
51.064
83.1435
110.887
-116.004
-79.2345
-46.592
-13.8553
17.9848
48.9211
79.7378
106.326
-110.96
-75.8154
-44.6404
-13.3171
17.1778
46.8284
76.4038
101.86
-106.037
-72.4739
-42.7276
-12.7843
16.3947
44.7857
73.1416
97.49
-101.233
-69.2099
-40.8539
-12.2573
15.6351
42.7927
69.9513
93.2151
-96.5473
-66.0233
-39.0195
-11.7365
14.8987
40.8492
66.8329
89.0358
-91.9801
-62.9139
-37.2247
-11.2224
14.185
38.955
63.7865
84.9523
-87.5301
-59.8814
-35.4698
-10.7153
13.4937
37.1098
60.8122
80.9648
-83.1967
-56.9258
-33.7549
-10.2157
12.8244
35.3133
57.9101
77.0731
-78.9792
-54.0467
-32.0804
-9.72385
12.1767
33.5654
55.0801
73.2776
-74.8768
-51.2441
-30.4463
-9.24016
11.5503
31.8657
52.3223
69.5781
-70.8888
-48.5176
-28.853
-8.76498
10.9448
30.214
49.6367
65.9748
-67.0146
-45.8671
-27.3004
-8.29863
10.3598
28.61
47.0233
62.4678
-63.2536
-43.2923
-25.7889
-7.84145
9.79508
27.0534
44.482
59.0569
-59.605
-40.793
-24.3186
-7.39374
9.2502
25.544
42.0129
55.7423
-56.0682
-38.3689
-22.8895
-6.95582
8.72485
24.0816
39.6159
52.524
-52.6426
-36.0199
-21.5019
-6.52796
8.2187
22.6658
37.2909
49.4019
-49.3276
-33.7457
-20.1558
-6.11045
7.73144
21.2964
35.038
46.376
-46.1226
-31.546
-18.8513
-5.70355
7.26276
19.9731
32.857
43.4464
-43.027
-29.4206
-17.5886
-5.30752
6.81236
18.6956
30.7479
40.6129
-40.0403
-27.3693
-16.3677
-4.9226
6.37993
17.4638
28.7106
37.8757
-37.1619
-25.3918
-15.1887
-4.54904
5.96519
16.2774
26.7451
35.2346
-34.3912
-23.488
-14.0517
-4.18704
5.56787
15.136
24.8513
32.6896
-31.7278
-21.6574
-12.9568
-3.83684
5.1877
14.0396
23.029
30.2406
-29.171
-19.9001
-11.9039
-3.49861
4.82441
12.9877
21.2783
27.8877
-26.7206
-18.2156
-10.8931
-3.17257
4.47776
11.9802
19.599
25.6307
-24.3758
-16.6038
-9.92457
-2.85889
4.14751
11.0169
17.9911
23.4696
-22.1363
-15.0644
-8.99819
-2.55774
3.83343
10.0976
16.4543
21.4044
-20.0016
-13.5972
-8.11404
-2.26928
3.53529
9.22193
14.9887
19.435
-17.9713
-12.2021
-7.27213
-1.99367
3.25289
8.38978
13.594
17.5612
-16.0448
-10.8787
-6.47248
-1.73104
2.98601
7.60093
12.2702
15.783
-14.2219
-9.62685
-5.71507
-1.48153
2.73446
6.85518
11.0173
14.1004
-12.502
-8.44636
-4.99992
-1.24525
2.49806
6.15235
9.83501
12.5133
-10.8848
-7.33699
-4.327
-1.02233
2.27663
5.49223
8.72334
11.0217
-9.36986
-6.29854
-3.6963
-0.812844
2.06999
4.87464
7.68209
9.62525
-7.95676
-5.33077
-3.10777
-0.616895
1.87798
4.29935
6.71112
8.32402
-6.64509
-4.43341
-2.56133
-0.434563
1.70042
3.76619
5.81025
7.11781
-5.43438
-3.60619
-2.05689
-0.265897
1.53715
3.2749
4.97925
6.00644
-4.32415
-2.84873
-1.59425
-0.110892
1.38794
2.82511
4.21783
4.98968
-3.31384
-2.16058
-1.17308
0.0305111
1.25254
2.41641
3.52556
4.06725
-2.40279
-1.54108
-0.792895
0.158438
1.13062
2.04816
2.90185
3.23876
-1.59026
-0.989314
-0.45288
0.273135
1.02172
1.71943
2.34577
2.50383
-0.875489
-0.503974
-0.151759
0.375042
0.92513
1.42877
1.85599
1.86212
-0.257912
-0.0832075
0.112414
0.464833
0.839814
1.174
1.43058
1.31365
0.262307
0.27556
0.342442
0.543453
0.764319
0.951994
1.06682
0.859374
0.683623
0.575627
0.54169
0.611742
0.696652
0.758655
0.761155
0.502224
0.999181
0.818162
0.710498
0.667164
0.632237
0.588426
0.509705
0.246506
1.21532
1.00926
0.854325
0.714194
0.573737
0.441033
0.309634
0.0974866
1.30589
1.20231
1.04751
0.838628
0.592271
0.348304
0.139075
0.051523
)
;
    }
    top
    {
        type            calculated;
        value           nonuniform List<scalar> 
640
(
377.824
399.241
432.445
447.097
447.097
432.445
399.241
377.824
300.282
317.566
331.764
336.082
336.082
331.764
317.566
300.282
299.422
316.112
327.41
331.57
331.57
327.41
316.112
299.422
300.336
313.129
322.332
326.346
326.346
322.332
313.129
300.336
297.645
306.242
312.946
316.195
316.195
312.946
306.242
297.645
293.447
298.83
303.296
305.636
305.636
303.296
298.83
293.447
288.305
291.377
294.118
295.66
295.66
294.118
291.377
288.305
282.503
283.986
285.482
286.402
286.402
285.482
283.986
282.503
276.269
276.703
277.34
277.805
277.805
277.34
276.703
276.269
269.776
269.535
269.596
269.742
269.742
269.596
269.535
269.776
263.147
262.477
262.161
262.091
262.091
262.161
262.477
263.147
256.463
255.521
254.963
254.75
254.75
254.963
255.521
256.463
249.772
248.657
247.945
247.641
247.641
247.945
248.657
249.772
243.105
241.877
241.07
240.707
240.707
241.07
241.877
243.105
236.481
235.175
234.309
233.911
233.911
234.309
235.175
236.481
229.911
228.549
227.647
227.227
227.227
227.647
228.549
229.911
223.401
221.996
221.071
220.639
220.639
221.071
221.996
223.401
216.955
215.516
214.577
214.139
214.139
214.577
215.516
216.955
210.576
209.109
208.162
207.72
207.72
208.162
209.109
210.576
204.266
202.776
201.824
201.382
201.382
201.824
202.776
204.266
198.028
196.518
195.564
195.122
195.122
195.564
196.518
198.028
191.863
190.337
189.382
188.942
188.942
189.382
190.337
191.863
185.773
184.234
183.28
182.842
182.842
183.28
184.234
185.773
179.758
178.21
177.259
176.823
176.823
177.259
178.21
179.758
173.821
172.267
171.32
170.888
170.888
171.32
172.267
173.821
167.963
166.406
165.465
165.037
165.037
165.465
166.406
167.963
162.185
160.629
159.695
159.271
159.271
159.695
160.629
162.185
156.49
154.937
154.011
153.592
153.592
154.011
154.937
156.49
150.877
149.331
148.414
148.001
148.001
148.414
149.331
150.877
145.35
143.813
142.907
142.499
142.499
142.907
143.813
145.35
139.909
138.384
137.49
137.088
137.088
137.49
138.384
139.909
134.555
133.045
132.164
131.768
131.768
132.164
133.045
134.555
129.29
127.798
126.93
126.542
126.542
126.93
127.798
129.29
124.116
122.643
121.79
121.409
121.409
121.79
122.643
124.116
119.033
117.581
116.744
116.371
116.371
116.744
117.581
119.033
114.043
112.615
111.795
111.43
111.43
111.795
112.615
114.043
109.146
107.744
106.942
106.585
106.585
106.942
107.744
109.146
104.345
102.971
102.187
101.839
101.839
102.187
102.971
104.345
99.6408
98.2953
97.5303
97.1912
97.1912
97.5303
98.2953
99.6408
95.0339
93.719
92.9736
92.6436
92.6436
92.9736
93.719
95.0339
90.5257
89.2427
88.5176
88.1969
88.1969
88.5176
89.2427
90.5257
86.1173
84.8675
84.1631
83.8519
83.8519
84.1631
84.8675
86.1173
81.8098
80.5944
79.911
79.6094
79.6094
79.911
80.5944
81.8098
77.6043
76.4241
75.7622
75.4703
75.4703
75.7622
76.4241
77.6043
73.5017
72.3576
71.7174
71.4353
71.4353
71.7174
72.3576
73.5017
69.503
68.3957
67.7775
67.5052
67.5052
67.7775
68.3957
69.503
65.6092
64.5393
63.9431
63.6808
63.6808
63.9431
64.5393
65.6092
61.8212
60.789
60.2151
59.9626
59.9626
60.2151
60.789
61.8212
58.1397
57.1457
56.594
56.3515
56.3515
56.594
57.1457
58.1397
54.5658
53.6101
53.0806
52.8479
52.8479
53.0806
53.6101
54.5658
51.1001
50.1829
49.6755
49.4526
49.4526
49.6755
50.1829
51.1001
47.7434
46.8646
46.3792
46.166
46.166
46.3792
46.8646
47.7434
44.4964
43.6559
43.1923
42.9888
42.9888
43.1923
43.6559
44.4964
41.3599
40.5575
40.1155
39.9214
39.9214
40.1155
40.5575
41.3599
38.3344
37.5697
37.149
36.9643
36.9643
37.149
37.5697
38.3344
35.4206
34.6932
34.2935
34.1179
34.1179
34.2935
34.6932
35.4206
32.6191
31.9284
31.5493
31.3827
31.3827
31.5493
31.9284
32.6191
29.9302
29.2758
28.9168
28.7591
28.7591
28.9168
29.2758
29.9302
27.3546
26.7357
26.3965
26.2474
26.2474
26.3965
26.7357
27.3546
24.8927
24.3086
23.9885
23.8478
23.8478
23.9885
24.3086
24.8927
22.5448
21.9946
21.6933
21.5607
21.5607
21.6933
21.9946
22.5448
20.3114
19.7942
19.511
19.3864
19.3864
19.5111
19.7942
20.3114
18.1929
17.7077
17.4421
17.325
17.325
17.4421
17.7077
18.1929
16.1894
15.7353
15.4866
15.3769
15.3769
15.4866
15.7353
16.1894
14.3013
13.877
13.6447
13.5421
13.5421
13.6447
13.877
14.3013
12.5286
12.1332
11.9165
11.8208
11.8208
11.9165
12.1332
12.5286
10.8716
10.5038
10.3022
10.213
10.213
10.3022
10.5038
10.8716
9.3304
8.98906
8.80184
8.71895
8.71895
8.80184
8.98906
9.3304
7.90504
7.589
7.41557
7.33877
7.33877
7.41557
7.589
7.90504
6.59556
6.30369
6.14356
6.07269
6.07269
6.14356
6.30369
6.59556
5.40194
5.13326
4.98607
4.92104
4.92104
4.98607
5.13326
5.40193
4.32414
4.07795
3.94354
3.8844
3.8844
3.94354
4.07795
4.32414
3.36222
3.13827
3.01682
2.96376
2.96376
3.01682
3.13826
3.36222
2.5165
2.31527
2.20741
2.16079
2.16079
2.20741
2.31527
2.5165
1.78796
1.61107
1.51792
1.47824
1.47824
1.51792
1.61107
1.78796
1.17873
1.0295
0.95269
0.920526
0.920524
0.952687
1.02949
1.17873
0.692668
0.576626
0.518234
0.49411
0.49411
0.518236
0.576631
0.692675
0.335894
0.260781
0.223818
0.208191
0.208202
0.22383
0.26079
0.335887
0.107812
0.0870869
0.0764994
0.0698785
0.0698936
0.0765147
0.0870843
0.107809
-0.0202604
0.0186596
0.0340411
0.0360143
0.0359983
0.0340258
0.0186605
-0.0202774
)
;
    }
    bottom
    {
        type            calculated;
        value           nonuniform List<scalar> 
640
(
-466.909
-463.799
-473.502
-478.522
-478.522
-473.502
-463.799
-466.909
-375.317
-391.122
-398.673
-401.076
-401.076
-398.673
-391.122
-375.317
-359.378
-375.371
-383.744
-386.63
-386.63
-383.744
-375.371
-359.378
-351.027
-364.099
-372.099
-375.23
-375.23
-372.099
-364.099
-351.027
-343.995
-353.407
-359.967
-362.82
-362.82
-359.967
-353.407
-343.995
-336.703
-343.272
-348.284
-350.637
-350.637
-348.284
-343.272
-336.703
-328.768
-333.333
-337.051
-338.886
-338.886
-337.051
-333.333
-328.768
-320.278
-323.502
-326.252
-327.647
-327.647
-326.252
-323.502
-320.278
-311.401
-313.769
-315.84
-316.899
-316.899
-315.84
-313.769
-311.401
-302.293
-304.137
-305.752
-306.573
-306.573
-305.752
-304.137
-302.293
-293.08
-294.619
-295.938
-296.596
-296.596
-295.938
-294.619
-293.08
-283.856
-285.23
-286.363
-286.913
-286.913
-286.363
-285.23
-283.856
-274.689
-275.985
-277.003
-277.484
-277.484
-277.003
-275.985
-274.689
-265.626
-266.895
-267.845
-268.283
-268.283
-267.845
-266.895
-265.626
-256.699
-257.969
-258.879
-259.292
-259.292
-258.879
-257.969
-256.699
-247.928
-249.215
-250.102
-250.498
-250.498
-250.102
-249.215
-247.928
-239.323
-240.636
-241.51
-241.896
-241.896
-241.51
-240.636
-239.323
-230.893
-232.233
-233.1
-233.48
-233.48
-233.1
-232.233
-230.893
-222.641
-224.008
-224.87
-225.245
-225.245
-224.87
-224.008
-222.641
-214.568
-215.96
-216.818
-217.189
-217.189
-216.818
-215.96
-214.568
-206.674
-208.088
-208.942
-209.31
-209.31
-208.942
-208.088
-206.674
-198.958
-200.39
-201.24
-201.605
-201.605
-201.24
-200.39
-198.958
-191.419
-192.866
-193.71
-194.072
-194.072
-193.71
-192.866
-191.419
-184.054
-185.512
-186.35
-186.709
-186.709
-186.35
-185.512
-184.054
-176.863
-178.329
-179.159
-179.513
-179.513
-179.159
-178.329
-176.863
-169.843
-171.312
-172.134
-172.484
-172.484
-172.134
-171.312
-169.843
-162.993
-164.462
-165.274
-165.619
-165.619
-165.274
-164.462
-162.993
-156.309
-157.775
-158.576
-158.916
-158.916
-158.576
-157.775
-156.309
-149.792
-151.251
-152.04
-152.374
-152.374
-152.04
-151.251
-149.792
-143.437
-144.886
-145.662
-145.991
-145.991
-145.662
-144.886
-143.437
-137.244
-138.68
-139.443
-139.764
-139.764
-139.443
-138.68
-137.244
-131.211
-132.631
-133.378
-133.693
-133.693
-133.378
-132.631
-131.211
-125.335
-126.736
-127.468
-127.776
-127.776
-127.468
-126.736
-125.335
-119.615
-120.995
-121.71
-122.011
-122.011
-121.71
-120.995
-119.615
-114.048
-115.405
-116.103
-116.396
-116.396
-116.103
-115.405
-114.048
-108.634
-109.965
-110.645
-110.93
-110.93
-110.645
-109.965
-108.634
-103.37
-104.672
-105.334
-105.611
-105.611
-105.334
-104.672
-103.37
-98.2539
-99.5262
-100.169
-100.437
-100.437
-100.169
-99.5262
-98.2539
-93.2845
-94.525
-95.1478
-95.4081
-95.4081
-95.1478
-94.525
-93.2845
-88.46
-89.6669
-90.2696
-90.5213
-90.5213
-90.2696
-89.6669
-88.46
-83.7784
-84.9504
-85.5327
-85.7756
-85.7756
-85.5327
-84.9504
-83.7784
-79.2383
-80.3739
-80.9354
-81.1694
-81.1694
-80.9354
-80.3739
-79.2383
-74.8379
-75.9359
-76.4764
-76.7014
-76.7014
-76.4764
-75.9359
-74.8379
-70.5755
-71.635
-72.1542
-72.3701
-72.3701
-72.1542
-71.635
-70.5755
-66.4497
-67.4697
-67.9674
-68.1742
-68.1742
-67.9674
-67.4697
-66.4497
-62.4589
-63.4386
-63.9147
-64.1123
-64.1123
-63.9147
-63.4386
-62.4589
-58.6014
-59.5403
-59.9947
-60.1831
-60.1831
-59.9947
-59.5403
-58.6014
-54.876
-55.7735
-56.2062
-56.3854
-56.3854
-56.2062
-55.7735
-54.876
-51.281
-52.1368
-52.5478
-52.7179
-52.7179
-52.5478
-52.1368
-51.281
-47.8152
-48.629
-49.0184
-49.1794
-49.1793
-49.0184
-48.629
-47.8152
-44.4771
-45.2489
-45.6167
-45.7686
-45.7686
-45.6167
-45.2488
-44.4771
-41.2654
-41.9951
-42.3416
-42.4845
-42.4845
-42.3416
-41.9951
-41.2654
-38.1789
-38.8666
-39.192
-39.326
-39.326
-39.192
-38.8666
-38.1789
-35.2162
-35.8622
-36.1667
-36.2919
-36.2919
-36.1667
-35.8622
-35.2162
-32.3763
-32.9808
-33.2646
-33.3812
-33.3812
-33.2646
-32.9808
-32.3763
-29.6579
-30.2213
-30.4848
-30.5929
-30.5929
-30.4848
-30.2213
-29.6579
-27.0598
-27.5828
-27.8263
-27.9259
-27.9259
-27.8263
-27.5828
-27.0598
-24.5811
-25.0641
-25.288
-25.3794
-25.3794
-25.288
-25.0641
-24.5811
-22.2206
-22.6644
-22.8691
-22.9525
-22.9525
-22.8691
-22.6644
-22.2206
-19.9774
-20.3827
-20.5686
-20.6441
-20.6441
-20.5686
-20.3827
-19.9774
-17.8504
-18.2181
-18.3857
-18.4535
-18.4535
-18.3857
-18.2181
-17.8504
-15.8388
-16.1698
-16.3195
-16.3799
-16.3799
-16.3195
-16.1698
-15.8388
-13.9417
-14.2369
-14.3692
-14.4224
-14.4224
-14.3692
-14.2369
-13.9417
-12.1582
-12.4186
-12.5341
-12.5802
-12.5802
-12.5341
-12.4186
-12.1582
-10.4875
-10.7141
-10.8134
-10.8528
-10.8527
-10.8134
-10.7141
-10.4875
-8.92883
-9.12282
-9.2064
-9.23922
-9.23922
-9.20639
-9.12282
-8.92882
-7.48139
-7.64392
-7.71243
-7.73899
-7.73899
-7.71243
-7.64392
-7.48139
-6.14448
-6.27678
-6.33087
-6.35149
-6.35148
-6.33087
-6.27678
-6.14448
-4.91741
-5.02076
-5.06118
-5.0762
-5.07619
-5.06118
-5.02076
-4.91741
-3.79949
-3.8753
-3.9029
-3.91274
-3.91274
-3.9029
-3.8753
-3.79949
-2.79006
-2.83993
-2.85574
-2.86092
-2.86092
-2.85574
-2.83994
-2.79006
-1.8886
-1.91441
-1.9197
-1.92089
-1.92089
-1.91971
-1.91441
-1.8886
-1.09481
-1.09887
-1.09525
-1.09324
-1.09324
-1.09525
-1.09887
-1.09481
-0.408944
-0.394178
-0.383647
-0.379388
-0.379389
-0.383647
-0.394177
-0.408949
0.167709
0.197499
0.212515
0.217976
0.217974
0.212518
0.197502
0.167706
0.631852
0.671852
0.688662
0.694339
0.694338
0.688665
0.671855
0.631856
0.976064
1.02059
1.03647
1.04161
1.04161
1.03647
1.02059
0.976073
1.19027
1.23151
1.24346
1.24757
1.24758
1.24346
1.23151
1.19028
1.25697
1.28625
1.29211
1.29558
1.29558
1.29211
1.28624
1.25697
1.22982
1.22994
1.23017
1.23488
1.23488
1.23017
1.22994
1.22982
)
;
    }
}


// ************************************************************************* //
