/*--------------------------------*- C++ -*----------------------------------*\
| =========                 |                                                 |
| \\      /  F ield         | foam-extend: Open Source CFD                    |
|  \\    /   O peration     | Version:     4.1                                |
|   \\  /    A nd           | Web:         http://www.foam-extend.org         |
|    \\/     M anipulation  |                                                 |
\*---------------------------------------------------------------------------*/
FoamFile
{
    version     2.0;
    format      ascii;
    class       volScalarField;
    location    "0.195";
    object      sigmaEq;
}
// * * * * * * * * * * * * * * * * * * * * * * * * * * * * * * * * * * * * * //

dimensions      [1 -1 -2 0 0 0 0];

internalField   nonuniform List<scalar> 
5120
(
1087.06
956.298
935.035
915.529
898.713
881.426
862.466
841.975
820.347
797.976
775.194
752.26
729.363
706.636
684.171
662.026
640.241
618.84
597.835
577.236
557.045
537.263
517.89
498.923
480.362
462.203
444.444
427.081
410.111
393.532
377.34
361.532
346.105
331.057
316.383
302.08
288.147
274.578
261.373
248.527
236.038
223.902
212.118
200.682
189.591
178.843
168.435
158.365
148.63
139.228
130.156
121.413
112.995
104.9
97.1278
89.6747
82.5392
75.7195
69.2137
63.0201
57.1372
51.5634
46.2973
41.3377
36.6834
32.3336
28.2876
24.545
21.1058
17.9706
15.1405
12.6182
10.4074
8.51456
6.94816
5.71773
4.82818
4.27009
4.02433
4.03303
986.887
964.421
959.445
935.647
912.354
889.664
866.605
843.235
819.71
796.158
772.692
749.404
726.364
703.626
681.228
659.195
637.546
616.291
595.436
574.985
554.938
535.294
516.052
497.211
478.768
460.719
443.064
425.798
408.919
392.425
376.312
360.577
345.218
330.232
315.616
301.367
287.483
273.959
260.795
247.987
235.531
223.427
211.67
200.259
189.191
178.463
168.074
158.019
148.298
138.908
129.847
121.112
112.702
104.614
96.8464
89.3976
82.2654
75.4482
68.9443
62.752
56.8699
51.2965
46.0305
41.0707
36.4162
32.0661
28.02
24.2776
20.8392
17.7059
14.8796
12.364
10.1646
8.28979
6.7505
5.55754
4.71329
4.20215
3.99762
4.04041
961.371
944.412
956.493
939.712
917.479
893.707
869.052
844.219
819.566
795.227
771.256
747.673
724.488
701.704
679.322
657.345
635.773
614.606
593.845
573.488
553.534
533.981
514.826
496.067
477.702
459.728
442.142
424.941
408.124
391.687
375.627
359.942
344.63
329.687
315.11
300.898
287.048
273.556
260.42
247.638
235.207
223.125
211.389
199.996
188.944
178.231
167.855
157.813
148.102
138.722
129.669
120.941
112.537
104.455
96.6924
89.2476
82.1189
75.3045
68.8029
62.6125
56.7319
51.1596
45.8944
40.9352
36.2811
31.9314
27.8857
24.1439
20.7066
17.5753
14.7525
12.2423
10.0513
8.18844
6.6648
5.49016
4.66466
4.17099
3.98013
4.02658
955.316
935.042
952.48
939.094
918.382
894.924
869.982
844.673
819.565
794.868
770.647
746.909
723.638
700.819
678.436
656.479
634.94
613.813
593.096
572.784
552.874
533.363
514.25
495.531
477.203
459.265
441.712
424.543
407.756
391.346
375.313
359.652
344.362
329.44
314.883
300.688
286.854
273.378
260.256
247.487
235.067
222.995
211.269
199.885
188.841
178.135
167.765
157.728
148.023
138.647
129.598
120.873
112.472
104.393
96.6321
89.189
82.0617
75.2485
68.7478
62.558
56.6778
51.1057
45.8407
40.8815
36.2274
31.8776
27.8318
24.0902
20.6533
17.523
14.7019
12.1947
10.0079
8.15068
6.63389
5.46636
4.64703
4.15799
3.96939
4.01359
955.316
935.042
952.48
939.094
918.382
894.924
869.982
844.673
819.565
794.868
770.647
746.909
723.638
700.819
678.436
656.479
634.94
613.813
593.096
572.784
552.874
533.363
514.25
495.531
477.203
459.265
441.712
424.543
407.756
391.346
375.313
359.652
344.362
329.44
314.883
300.688
286.854
273.378
260.256
247.487
235.067
222.995
211.269
199.885
188.841
178.135
167.765
157.728
148.023
138.647
129.598
120.873
112.472
104.393
96.6321
89.189
82.0617
75.2485
68.7478
62.558
56.6778
51.1057
45.8407
40.8815
36.2274
31.8776
27.8318
24.0902
20.6533
17.523
14.7019
12.1947
10.0079
8.15068
6.63389
5.46637
4.64703
4.15799
3.96939
4.01359
961.371
944.412
956.493
939.712
917.479
893.707
869.052
844.219
819.566
795.227
771.256
747.673
724.488
701.704
679.322
657.345
635.773
614.606
593.845
573.488
553.534
533.981
514.826
496.067
477.702
459.728
442.142
424.941
408.124
391.687
375.627
359.942
344.63
329.687
315.11
300.898
287.048
273.556
260.42
247.638
235.207
223.125
211.389
199.996
188.944
178.231
167.855
157.813
148.102
138.722
129.669
120.941
112.537
104.455
96.6924
89.2476
82.1189
75.3045
68.8029
62.6125
56.7319
51.1596
45.8944
40.9352
36.2811
31.9314
27.8857
24.1439
20.7066
17.5753
14.7525
12.2423
10.0513
8.18844
6.6648
5.49016
4.66466
4.17099
3.98014
4.02658
986.887
964.421
959.445
935.647
912.354
889.664
866.605
843.235
819.71
796.158
772.692
749.404
726.364
703.626
681.228
659.195
637.546
616.291
595.436
574.985
554.938
535.294
516.052
497.211
478.768
460.719
443.064
425.798
408.919
392.425
376.312
360.577
345.218
330.232
315.616
301.367
287.483
273.959
260.795
247.987
235.531
223.427
211.67
200.259
189.191
178.463
168.074
158.019
148.298
138.908
129.847
121.112
112.702
104.614
96.8464
89.3976
82.2654
75.4482
68.9443
62.752
56.8699
51.2965
46.0305
41.0707
36.4162
32.0661
28.02
24.2775
20.8392
17.7059
14.8796
12.364
10.1646
8.28979
6.7505
5.55754
4.71329
4.20215
3.99762
4.04041
1087.06
956.298
935.035
915.529
898.713
881.426
862.466
841.975
820.347
797.976
775.194
752.26
729.363
706.636
684.171
662.026
640.241
618.84
597.835
577.236
557.045
537.263
517.89
498.923
480.362
462.203
444.444
427.081
410.111
393.532
377.34
361.532
346.105
331.057
316.383
302.08
288.147
274.578
261.373
248.527
236.038
223.902
212.118
200.682
189.591
178.843
168.435
158.365
148.63
139.228
130.156
121.413
112.995
104.9
97.1278
89.6747
82.5392
75.7195
69.2137
63.0201
57.1372
51.5634
46.2973
41.3377
36.6834
32.3336
28.2876
24.545
21.1058
17.9706
15.1405
12.6182
10.4074
8.51456
6.94816
5.71772
4.82817
4.27009
4.02433
4.03302
640.868
649.691
654.249
639.763
626.108
613.386
600.242
586.448
572.06
557.217
542.081
526.801
511.497
496.257
481.146
466.208
451.473
436.961
422.682
408.647
394.859
381.322
368.037
355.007
342.23
329.708
317.439
305.424
293.662
282.152
270.894
259.886
249.128
238.619
228.358
218.343
208.573
199.048
189.766
180.726
171.928
163.369
155.048
146.965
139.118
131.506
124.127
116.982
110.067
103.383
96.9281
90.7009
84.7004
78.9256
73.3752
68.0482
62.9433
58.0596
53.3958
48.9508
44.7235
40.7128
36.9173
33.336
29.9673
26.8101
23.8625
21.123
18.5894
16.2592
14.1295
12.1965
10.4554
8.90056
7.5255
6.3247
5.29774
4.46455
3.90224
3.74127
555.224
670.563
681.081
657.146
636.577
619.215
602.699
586.558
570.628
554.821
539.124
523.551
508.127
492.879
477.826
462.986
448.369
433.985
419.84
405.937
392.279
378.868
365.704
352.788
340.121
327.702
315.532
303.609
291.933
280.505
269.323
258.387
247.695
237.248
227.045
217.084
207.364
197.886
188.647
179.648
170.886
162.361
154.071
146.017
138.197
130.609
123.253
116.128
109.232
102.565
96.1257
89.9129
83.9257
78.1631
72.6241
67.3077
62.2129
57.3387
52.6842
48.2483
44.0301
40.0286
36.2429
32.6718
29.3144
26.1695
23.236
20.5125
17.9975
15.6895
13.5862
11.6853
9.98339
8.47678
7.16122
6.03331
5.09247
4.35341
3.87956
3.77186
524.624
662.029
686.705
665.142
642.862
623.366
604.953
587.305
570.27
553.705
537.518
521.654
506.078
490.771
475.721
460.922
446.369
432.063
418.001
404.184
390.612
377.284
364.202
351.365
338.772
326.424
314.32
302.461
290.845
279.473
268.344
257.457
246.812
236.409
226.246
216.322
206.638
197.192
187.984
179.012
170.276
161.775
153.508
145.474
137.672
130.102
122.762
115.651
108.768
102.114
95.6853
89.4826
83.5047
77.7506
72.2193
66.9101
61.8219
56.9539
52.3051
47.8748
43.662
39.6659
35.8855
32.32
28.9684
25.8299
22.9034
20.188
17.6826
15.3859
13.2964
11.4123
9.73127
8.25013
6.96536
5.87362
4.97345
4.27744
3.84035
3.7437
514.758
657.841
687.479
667.359
645.102
625.154
606.11
587.843
570.297
553.35
536.898
520.864
505.19
489.837
474.774
459.985
445.457
431.183
417.159
403.381
389.849
376.561
363.516
350.716
338.159
325.844
313.773
301.943
290.356
279.011
267.907
257.044
246.421
236.038
225.894
215.988
206.321
196.89
187.696
178.737
170.014
161.524
153.267
145.243
137.449
129.887
122.554
115.449
108.573
101.924
95.5001
89.3019
83.328
77.5774
72.0495
66.7431
61.6576
56.7921
52.1456
47.7175
43.5067
39.5125
35.7341
32.1706
28.8212
25.685
22.7613
20.049
17.5474
15.2553
13.1716
11.2947
9.62253
8.15224
6.8804
5.80355
4.91969
4.24031
3.81615
3.72213
514.758
657.841
687.479
667.359
645.102
625.154
606.11
587.843
570.297
553.35
536.898
520.864
505.19
489.837
474.774
459.985
445.457
431.183
417.159
403.381
389.849
376.561
363.516
350.716
338.159
325.844
313.773
301.943
290.356
279.011
267.907
257.044
246.421
236.038
225.894
215.988
206.321
196.89
187.696
178.737
170.014
161.524
153.267
145.243
137.449
129.887
122.554
115.449
108.573
101.924
95.5001
89.3019
83.328
77.5774
72.0495
66.7431
61.6576
56.7921
52.1456
47.7175
43.5067
39.5125
35.7341
32.1706
28.8212
25.685
22.7613
20.049
17.5474
15.2553
13.1716
11.2947
9.62253
8.15224
6.8804
5.80355
4.91969
4.24031
3.81615
3.72213
524.624
662.029
686.705
665.142
642.862
623.366
604.953
587.305
570.27
553.705
537.518
521.654
506.078
490.771
475.721
460.922
446.369
432.063
418.001
404.184
390.612
377.284
364.202
351.365
338.772
326.424
314.32
302.461
290.845
279.473
268.344
257.457
246.812
236.409
226.246
216.322
206.638
197.192
187.984
179.012
170.276
161.775
153.508
145.474
137.672
130.102
122.762
115.651
108.768
102.114
95.6853
89.4826
83.5047
77.7506
72.2193
66.9101
61.8219
56.9539
52.3051
47.8748
43.662
39.6659
35.8855
32.32
28.9684
25.8299
22.9034
20.188
17.6826
15.3859
13.2964
11.4123
9.73127
8.25013
6.96536
5.87362
4.97345
4.27744
3.84035
3.7437
555.224
670.563
681.081
657.146
636.577
619.215
602.699
586.558
570.628
554.821
539.124
523.551
508.127
492.879
477.826
462.986
448.369
433.985
419.84
405.937
392.279
378.868
365.704
352.788
340.121
327.702
315.532
303.609
291.933
280.505
269.323
258.387
247.695
237.248
227.045
217.084
207.364
197.886
188.647
179.648
170.886
162.361
154.071
146.017
138.197
130.609
123.253
116.128
109.232
102.565
96.1257
89.9129
83.9257
78.1631
72.6241
67.3077
62.2129
57.3387
52.6842
48.2483
44.0301
40.0286
36.2429
32.6718
29.3144
26.1695
23.236
20.5125
17.9975
15.6895
13.5862
11.6853
9.98339
8.47678
7.16122
6.03331
5.09248
4.35341
3.87956
3.77186
640.868
649.691
654.249
639.763
626.108
613.386
600.242
586.448
572.06
557.217
542.081
526.801
511.497
496.257
481.146
466.208
451.473
436.961
422.682
408.647
394.859
381.322
368.037
355.007
342.23
329.708
317.439
305.424
293.662
282.152
270.894
259.886
249.128
238.619
228.358
218.343
208.573
199.048
189.766
180.726
171.928
163.369
155.048
146.965
139.118
131.506
124.127
116.982
110.067
103.383
96.9281
90.7009
84.7004
78.9256
73.3752
68.0482
62.9433
58.0596
53.3958
48.9508
44.7235
40.7128
36.9173
33.336
29.9673
26.8101
23.8625
21.123
18.5894
16.2592
14.1295
12.1965
10.4554
8.90056
7.5255
6.3247
5.29774
4.46455
3.90225
3.74127
333.206
356.839
377.589
377.058
371.703
364.998
357.498
349.53
341.248
332.746
324.108
315.408
306.705
298.043
289.451
280.95
272.554
264.272
256.109
248.07
240.159
232.376
224.724
217.204
209.818
202.566
195.449
188.467
181.621
174.912
168.338
161.902
155.602
149.438
143.411
137.521
131.767
126.148
120.666
115.319
110.107
105.029
100.086
95.2771
90.6014
86.0584
81.6478
77.369
73.2212
69.2038
65.3162
61.5574
57.9268
54.4235
51.0464
47.7946
44.667
41.6623
38.7794
36.0167
33.3727
30.8457
28.4339
26.1351
23.9472
21.8676
19.8936
18.0223
16.2504
14.5747
12.9915
11.4973
10.0888
8.76329
7.51944
6.35899
5.29015
4.34079
3.60024
3.18127
282.555
378.808
398.177
388.163
376.803
366.562
356.756
347.291
338.075
329.022
320.09
311.265
302.542
293.926
285.42
277.028
268.752
260.595
252.56
244.647
236.858
229.194
221.657
214.248
206.967
199.815
192.793
185.902
179.142
172.513
166.016
159.652
153.42
147.321
141.354
135.521
129.82
124.253
118.818
113.515
108.346
103.308
98.4033
93.6301
88.9884
84.478
80.0984
75.8493
71.7302
67.7407
63.8802
60.1481
56.5438
53.0666
49.7158
46.4906
43.39
40.4131
37.5589
34.8261
32.2135
29.7195
27.3426
25.081
22.9326
20.8954
18.9668
17.1442
15.4245
13.8047
12.2814
10.8512
9.5108
8.25757
7.09034
6.01112
5.0281
4.17108
3.53209
3.22223
260.023
379.72
407.414
396.76
382.269
369.347
357.616
346.827
336.731
327.115
317.841
308.826
300.017
291.383
282.902
274.562
266.355
258.275
250.321
242.49
234.783
227.2
219.741
212.406
205.197
198.113
191.156
184.327
177.625
171.052
164.607
158.292
152.107
146.051
140.126
134.331
128.666
123.132
117.729
112.457
107.315
102.304
97.4241
92.6741
88.0544
83.5647
79.2048
74.9743
70.873
66.9005
63.0564
59.3402
55.7514
52.2895
48.9538
45.7436
42.6583
39.6969
36.8585
34.1422
31.5466
29.0707
26.7128
24.4715
22.3449
20.3309
18.4273
16.6316
14.941
13.3526
11.8629
10.4688
9.16695
7.95463
6.83072
5.79736
4.86353
4.06124
3.4768
3.19724
251.886
379.977
410.855
400.296
384.869
370.934
358.342
346.89
336.319
326.379
316.895
307.754
298.879
290.219
281.738
273.415
265.235
257.189
249.272
241.48
233.812
226.267
218.845
211.546
204.372
197.321
190.396
183.596
176.923
170.377
163.957
157.666
151.503
145.468
139.563
133.786
128.139
122.622
117.234
111.976
106.848
101.849
96.9808
92.2419
87.6325
83.1525
78.8018
74.58
70.4869
66.5222
62.6855
58.9765
55.3947
51.9396
48.6106
45.4071
42.3284
39.3738
36.5424
33.8332
31.2452
28.777
26.4275
24.195
22.0778
20.074
18.1814
16.3976
14.7198
13.1453
11.6707
10.2927
9.00803
7.81404
6.70961
5.69704
4.78563
4.00766
3.44523
3.17552
251.886
379.977
410.855
400.296
384.869
370.934
358.342
346.89
336.319
326.379
316.895
307.754
298.879
290.219
281.738
273.415
265.235
257.189
249.272
241.48
233.812
226.267
218.845
211.546
204.372
197.321
190.396
183.596
176.923
170.377
163.957
157.666
151.503
145.468
139.563
133.786
128.139
122.622
117.234
111.976
106.848
101.849
96.9808
92.2419
87.6325
83.1525
78.8018
74.58
70.4869
66.5222
62.6855
58.9765
55.3947
51.9396
48.6106
45.4071
42.3284
39.3738
36.5424
33.8332
31.2452
28.777
26.4275
24.195
22.0778
20.074
18.1814
16.3976
14.7198
13.1453
11.6707
10.2927
9.00803
7.81404
6.70961
5.69704
4.78563
4.00766
3.44523
3.17552
260.023
379.72
407.414
396.76
382.269
369.347
357.616
346.827
336.731
327.115
317.841
308.826
300.017
291.383
282.902
274.562
266.355
258.275
250.321
242.49
234.783
227.2
219.741
212.406
205.197
198.113
191.156
184.327
177.625
171.052
164.607
158.292
152.107
146.051
140.126
134.331
128.666
123.132
117.729
112.457
107.315
102.304
97.4241
92.6741
88.0544
83.5647
79.2048
74.9743
70.873
66.9005
63.0564
59.3402
55.7514
52.2895
48.9538
45.7436
42.6583
39.6969
36.8585
34.1422
31.5466
29.0707
26.7128
24.4715
22.3449
20.3309
18.4273
16.6316
14.941
13.3526
11.8629
10.4688
9.16695
7.95463
6.83072
5.79736
4.86353
4.06124
3.4768
3.19724
282.555
378.808
398.177
388.163
376.803
366.562
356.756
347.291
338.075
329.022
320.09
311.265
302.542
293.926
285.42
277.028
268.752
260.595
252.56
244.647
236.858
229.194
221.657
214.248
206.967
199.815
192.793
185.902
179.142
172.513
166.016
159.652
153.42
147.321
141.354
135.521
129.82
124.253
118.818
113.515
108.346
103.308
98.4033
93.6301
88.9884
84.478
80.0984
75.8493
71.7302
67.7407
63.8802
60.1481
56.5438
53.0666
49.7158
46.4906
43.39
40.4131
37.5589
34.8261
32.2135
29.7195
27.3426
25.081
22.9326
20.8954
18.9668
17.1442
15.4245
13.8047
12.2814
10.8512
9.5108
8.25757
7.09034
6.01112
5.0281
4.17108
3.53209
3.22223
333.206
356.839
377.589
377.058
371.703
364.998
357.498
349.53
341.248
332.746
324.108
315.408
306.705
298.043
289.451
280.95
272.554
264.272
256.109
248.07
240.159
232.376
224.724
217.204
209.818
202.566
195.449
188.467
181.621
174.912
168.338
161.902
155.602
149.438
143.411
137.521
131.767
126.148
120.666
115.319
110.107
105.029
100.086
95.2771
90.6014
86.0584
81.6478
77.369
73.2212
69.2038
65.3162
61.5574
57.9268
54.4235
51.0464
47.7946
44.667
41.6623
38.7794
36.0167
33.3727
30.8457
28.4339
26.1351
23.9472
21.8676
19.8936
18.0223
16.2504
14.5747
12.9915
11.4973
10.0888
8.76329
7.51944
6.35899
5.29015
4.3408
3.60024
3.18127
89.3956
105.814
128.491
137.736
141.598
142.629
142.093
140.672
138.711
136.407
133.89
131.245
128.53
125.782
123.024
120.272
117.532
114.812
112.113
109.437
106.787
104.164
101.568
99.0009
96.4628
93.9547
91.4772
89.0306
86.6155
84.2321
81.8808
79.5616
77.2747
75.0203
72.7984
70.6089
68.4519
66.3273
64.2349
62.1747
60.1464
58.1499
56.1849
54.2511
52.3484
50.4762
48.6344
46.8224
45.0399
43.2865
41.5616
39.8649
38.1957
36.5534
34.9377
33.3478
31.7831
30.2431
28.727
27.2342
25.764
24.3157
22.8887
21.4822
20.0956
18.7283
17.3796
16.0493
14.737
13.4428
12.1674
10.9121
9.67958
8.47426
7.30304
6.17571
5.10443
4.10517
3.21627
2.45564
72.7845
138.488
149.121
147.447
145.011
142.289
139.437
136.597
133.785
130.995
128.223
125.471
122.741
120.034
117.352
114.694
112.061
109.453
106.869
104.31
101.775
99.2658
96.7823
94.325
91.8947
89.4918
87.1169
84.7704
82.4529
80.1648
77.9064
75.678
73.4799
71.3123
69.1754
67.0693
64.9942
62.95
60.9369
58.9549
57.0038
55.0837
53.1943
51.3357
49.5075
47.7095
45.9416
44.2035
42.4948
40.8151
39.1642
37.5416
35.9468
34.3795
32.839
31.3248
29.8365
28.3733
26.9348
25.5202
24.129
22.7604
21.4138
20.0885
18.7838
17.4992
16.2341
14.988
13.7607
12.5521
11.3626
10.1932
9.0461
7.92463
6.83446
5.78402
4.78536
3.86173
3.06978
2.47116
68.9369
158.167
167.444
159.315
151.458
145.02
139.733
135.324
131.515
128.105
124.963
122.006
119.178
116.444
113.777
111.163
108.589
106.05
103.541
101.058
98.6018
96.17
93.7629
91.3807
89.0236
86.6922
84.3868
82.1079
79.856
77.6317
75.4352
73.267
71.1274
69.0168
66.9354
64.8836
62.8614
60.869
58.9067
56.9744
55.0723
53.2003
51.3585
49.5468
47.765
46.0132
44.291
42.5984
40.935
39.3007
37.695
36.1177
34.5684
33.0466
31.5519
30.0839
28.642
27.2256
25.8342
24.4673
23.124
21.8039
20.5063
19.2305
17.9759
16.7418
15.5277
14.333
13.1575
12.0009
10.8635
9.74597
8.65003
7.57874
6.53753
5.53542
4.58713
3.72191
2.99688
2.45323
67.4991
166.572
176.087
165.593
155.369
147.08
140.462
135.14
130.723
126.919
123.531
120.428
117.523
114.754
112.082
109.481
106.932
104.425
101.95
99.5052
97.0865
94.6928
92.3234
89.9782
87.6574
85.3612
83.0901
80.8445
78.6249
76.4317
74.2655
72.1267
70.0157
67.9327
65.8783
63.8525
61.8558
59.8884
57.9503
56.0419
54.163
52.314
50.4947
48.7052
46.9454
45.2152
43.5146
41.8434
40.2013
38.5882
37.0037
35.4476
33.9195
32.419
30.9458
29.4993
28.079
26.6845
25.3152
23.9704
22.6497
21.3523
20.0777
18.8251
17.5939
16.3835
15.1933
14.0227
12.8714
11.7392
10.6261
9.53271
8.46061
7.41276
6.39474
5.41613
4.49301
3.65652
2.96136
2.43819
67.4991
166.572
176.087
165.593
155.369
147.08
140.462
135.14
130.723
126.919
123.531
120.428
117.523
114.754
112.082
109.481
106.932
104.425
101.95
99.5052
97.0865
94.6928
92.3234
89.9782
87.6574
85.3612
83.0901
80.8445
78.6249
76.4317
74.2655
72.1267
70.0157
67.9327
65.8783
63.8525
61.8558
59.8884
57.9503
56.0419
54.163
52.314
50.4947
48.7052
46.9454
45.2152
43.5146
41.8434
40.2013
38.5882
37.0037
35.4476
33.9195
32.419
30.9458
29.4993
28.079
26.6845
25.3152
23.9704
22.6497
21.3523
20.0777
18.8251
17.5939
16.3835
15.1933
14.0227
12.8714
11.7392
10.6261
9.53271
8.46061
7.41276
6.39474
5.41613
4.49301
3.65652
2.96136
2.43819
68.9369
158.167
167.444
159.315
151.458
145.02
139.733
135.324
131.515
128.105
124.963
122.006
119.178
116.444
113.777
111.163
108.589
106.05
103.541
101.058
98.6018
96.17
93.7629
91.3807
89.0236
86.6922
84.3868
82.1079
79.856
77.6317
75.4352
73.267
71.1274
69.0168
66.9354
64.8836
62.8614
60.869
58.9067
56.9744
55.0723
53.2003
51.3585
49.5468
47.765
46.0132
44.291
42.5984
40.935
39.3007
37.695
36.1177
34.5684
33.0466
31.5519
30.0839
28.642
27.2256
25.8342
24.4673
23.124
21.8039
20.5063
19.2305
17.9759
16.7418
15.5277
14.333
13.1575
12.0009
10.8635
9.74597
8.65003
7.57874
6.53753
5.53542
4.58713
3.72191
2.99688
2.45323
72.7845
138.488
149.121
147.447
145.011
142.289
139.437
136.597
133.785
130.995
128.223
125.471
122.741
120.034
117.352
114.694
112.061
109.453
106.869
104.31
101.775
99.2658
96.7823
94.325
91.8947
89.4918
87.1169
84.7704
82.4529
80.1648
77.9064
75.678
73.4799
71.3123
69.1754
67.0693
64.9942
62.95
60.9369
58.9549
57.0038
55.0837
53.1943
51.3357
49.5075
47.7095
45.9416
44.2035
42.4948
40.8151
39.1642
37.5416
35.9468
34.3795
32.839
31.3248
29.8365
28.3733
26.9348
25.5202
24.129
22.7604
21.4138
20.0885
18.7838
17.4992
16.2341
14.988
13.7607
12.5521
11.3626
10.1932
9.0461
7.92463
6.83446
5.78402
4.78536
3.86173
3.06978
2.47116
89.3956
105.814
128.491
137.736
141.598
142.629
142.093
140.672
138.711
136.407
133.89
131.245
128.53
125.782
123.024
120.272
117.532
114.812
112.113
109.437
106.787
104.164
101.568
99.0009
96.4628
93.9547
91.4772
89.0306
86.6155
84.2321
81.8808
79.5616
77.2747
75.0203
72.7984
70.6089
68.4519
66.3273
64.2349
62.1747
60.1464
58.1499
56.1849
54.2511
52.3484
50.4762
48.6344
46.8224
45.0399
43.2865
41.5616
39.8649
38.1957
36.5534
34.9377
33.3478
31.7831
30.2431
28.727
27.2342
25.764
24.3157
22.8887
21.4822
20.0956
18.7283
17.3796
16.0493
14.737
13.4428
12.1674
10.9121
9.67958
8.47426
7.30304
6.17571
5.10443
4.10518
3.21628
2.45564
165.432
141.847
143.71
141.908
141.42
141.583
141.628
141.229
140.255
138.718
136.708
134.335
131.707
128.912
126.018
123.075
120.117
117.166
114.237
111.338
108.474
105.649
102.864
100.12
97.4163
94.7541
92.1328
89.5525
87.0129
84.5139
82.0552
79.6367
77.258
74.919
72.6194
70.3588
68.1368
65.9533
63.8077
61.6996
59.6286
57.5943
55.5961
53.6335
51.7061
49.8132
47.9542
46.1287
44.3358
42.5751
40.8457
39.1472
37.4786
35.8394
34.2288
32.646
31.0903
29.5608
28.0567
26.5773
25.1217
23.689
22.2784
20.889
19.52
18.1705
16.8398
15.527
14.2317
12.9534
11.6923
10.4492
9.22606
8.0266
6.85705
5.72654
4.64626
3.62555
2.6645
1.68472
127.144
171.05
172.072
163.043
156.655
152.132
148.531
145.421
142.5
139.596
136.64
133.616
130.536
127.421
124.293
121.171
118.068
114.997
111.963
108.971
106.024
103.124
100.271
97.466
94.7086
91.9989
89.3366
86.7213
84.1529
81.6308
79.1548
76.7243
74.339
71.9983
69.7019
67.4491
65.2395
63.0726
60.9477
58.8642
56.8217
54.8194
52.8567
50.933
49.0475
47.1995
45.3885
43.6136
41.874
40.1691
38.498
36.86
35.2542
33.6798
32.136
30.6219
29.1367
27.6795
26.2493
24.8454
23.4666
22.1123
20.7813
19.4728
18.1858
16.9195
15.673
14.4455
13.2363
12.0449
10.8712
9.7156
8.57928
7.46479
6.37654
5.32132
4.30882
3.35381
2.4743
1.66048
109.506
183.524
189.625
178.256
168.244
160.565
154.474
149.453
145.093
141.127
137.398
133.819
130.34
126.938
123.599
120.318
117.092
113.92
110.802
107.736
104.725
101.766
98.8606
96.0078
93.2075
90.4591
87.7625
85.1171
82.5225
79.9781
77.4836
75.0383
72.6416
70.2931
67.992
65.7378
63.5298
61.3673
59.2497
57.1763
55.1463
53.1591
51.2138
49.3098
47.4462
45.6223
43.8372
42.0902
40.3804
38.707
37.0691
35.4659
33.8964
32.3599
30.8553
29.3818
27.9384
26.5242
25.1383
23.7796
22.4473
21.1402
19.8576
18.5983
17.3614
16.1459
14.9509
13.7756
12.6191
11.4809
10.3604
9.25782
8.17382
7.11036
6.07138
5.06395
4.10023
3.2013
2.39067
1.65483
102.469
189.216
197.383
185.168
173.778
164.782
157.57
151.642
146.573
142.064
137.93
134.051
130.355
126.793
123.338
119.969
116.675
113.45
110.287
107.184
104.14
101.152
98.2202
95.3437
92.5218
89.7541
87.0402
84.3794
81.7713
79.2154
76.711
74.2576
71.8546
69.5012
67.197
64.9411
62.7329
60.5716
58.4566
56.3871
54.3622
52.3813
50.4435
48.5481
46.6942
44.8809
43.1075
41.3731
39.6768
38.0178
36.3951
34.8079
33.2552
31.7361
30.2497
28.7951
27.3712
25.9771
24.6118
23.2744
21.9637
20.679
19.419
18.1829
16.9696
15.7781
14.6074
13.4567
12.3251
11.2119
10.1164
9.03868
7.97915
6.93965
5.92412
4.94014
4.00137
3.13148
2.35443
1.65145
102.469
189.216
197.383
185.168
173.778
164.782
157.57
151.642
146.573
142.064
137.93
134.051
130.355
126.793
123.338
119.969
116.675
113.45
110.287
107.184
104.14
101.152
98.2202
95.3437
92.5218
89.7541
87.0402
84.3794
81.7713
79.2154
76.711
74.2576
71.8546
69.5012
67.197
64.9411
62.7329
60.5716
58.4566
56.3871
54.3622
52.3813
50.4435
48.5481
46.6942
44.8809
43.1075
41.3731
39.6768
38.0178
36.3951
34.8079
33.2552
31.7361
30.2497
28.7951
27.3712
25.9771
24.6118
23.2744
21.9637
20.679
19.419
18.1829
16.9696
15.7781
14.6074
13.4567
12.3251
11.2119
10.1164
9.03868
7.97915
6.93965
5.92412
4.94014
4.00137
3.13149
2.35443
1.65145
109.506
183.524
189.625
178.256
168.244
160.565
154.474
149.453
145.093
141.127
137.398
133.819
130.34
126.938
123.599
120.318
117.092
113.92
110.802
107.736
104.725
101.766
98.8606
96.0078
93.2075
90.4591
87.7625
85.1171
82.5225
79.9781
77.4836
75.0383
72.6416
70.2931
67.992
65.7378
63.5298
61.3673
59.2497
57.1763
55.1463
53.1591
51.2138
49.3098
47.4462
45.6223
43.8372
42.0902
40.3804
38.707
37.0691
35.4659
33.8964
32.3599
30.8553
29.3818
27.9384
26.5242
25.1383
23.7796
22.4473
21.1402
19.8576
18.5983
17.3614
16.1459
14.9509
13.7756
12.6191
11.4809
10.3604
9.25782
8.17382
7.11036
6.07138
5.06395
4.10023
3.2013
2.39067
1.65483
127.144
171.05
172.072
163.043
156.655
152.132
148.531
145.421
142.5
139.596
136.64
133.616
130.536
127.421
124.293
121.171
118.068
114.997
111.963
108.971
106.024
103.124
100.271
97.466
94.7086
91.9989
89.3366
86.7213
84.1529
81.6308
79.1548
76.7243
74.339
71.9983
69.7019
67.4491
65.2395
63.0726
60.9477
58.8642
56.8217
54.8194
52.8567
50.933
49.0475
47.1995
45.3885
43.6136
41.874
40.1691
38.498
36.86
35.2542
33.6798
32.136
30.6219
29.1367
27.6795
26.2493
24.8454
23.4666
22.1123
20.7813
19.4728
18.1858
16.9195
15.673
14.4455
13.2363
12.0449
10.8712
9.7156
8.57928
7.46479
6.37654
5.32132
4.30882
3.35381
2.4743
1.66047
165.432
141.847
143.71
141.908
141.42
141.583
141.628
141.229
140.255
138.718
136.708
134.335
131.707
128.912
126.018
123.075
120.117
117.166
114.237
111.338
108.474
105.649
102.864
100.12
97.4163
94.7541
92.1328
89.5525
87.0129
84.5139
82.0552
79.6367
77.258
74.919
72.6194
70.3588
68.1368
65.9533
63.8077
61.6996
59.6286
57.5943
55.5961
53.6335
51.7061
49.8132
47.9542
46.1287
44.3358
42.5751
40.8457
39.1472
37.4786
35.8394
34.2288
32.646
31.0903
29.5608
28.0567
26.5773
25.1217
23.689
22.2784
20.889
19.52
18.1705
16.8398
15.527
14.2317
12.9534
11.6923
10.4492
9.22606
8.0266
6.85705
5.72654
4.64626
3.62555
2.6645
1.68472
390.66
367.833
368.209
358.463
350.856
345.106
339.613
333.779
327.399
320.467
313.081
305.368
297.448
289.42
281.359
273.317
265.33
257.424
249.612
241.906
234.31
226.828
219.464
212.218
205.092
198.087
191.203
184.441
177.802
171.287
164.896
158.629
152.488
146.472
140.582
134.818
129.182
123.672
118.289
113.034
107.906
102.905
98.032
93.2866
88.6686
84.178
79.8146
75.5783
71.4688
67.4858
63.629
59.898
56.2924
52.8117
49.4552
46.2223
43.1122
40.1242
37.2571
34.51
31.8815
29.3702
26.9746
24.6927
22.5225
20.4614
18.5067
16.6553
14.9035
13.2471
11.6816
10.2019
8.80234
7.4776
6.22282
5.03526
3.91685
2.8767
1.92085
0.974136
319.759
395.431
400.587
383.456
369.79
359.297
349.968
341.2
332.679
324.233
315.797
307.36
298.94
290.557
282.234
273.99
265.838
257.789
249.85
242.025
234.319
226.733
219.27
211.93
204.715
197.625
190.662
183.826
177.118
170.538
164.086
157.764
151.57
145.507
139.573
133.769
128.096
122.553
117.14
111.858
106.706
101.685
96.7946
92.034
87.4035
82.903
78.5321
74.2906
70.1782
66.1946
62.3393
58.6121
55.0123
51.5396
48.1932
44.9726
41.877
38.9056
36.0575
33.3318
30.7272
28.2425
25.8761
23.6265
21.4917
19.4695
17.5572
15.7521
14.0507
12.4492
10.9431
9.52737
8.19655
6.94477
5.76636
4.65682
3.61517
2.64783
1.76189
0.935393
286.319
393.381
412.572
397.961
382.347
369.347
357.767
347.13
337.137
327.571
318.306
309.268
300.413
291.716
283.162
274.741
266.45
258.286
250.248
242.335
234.548
226.887
219.354
211.947
204.67
197.521
190.502
183.613
176.855
170.229
163.734
157.37
151.14
145.041
139.075
133.242
127.541
121.974
116.539
111.236
106.066
101.029
96.1236
91.3505
86.7092
82.1995
77.8211
73.5736
69.4568
65.4701
61.6133
57.8859
54.2873
50.817
47.4744
44.2589
41.1698
38.2062
35.3674
32.6523
30.0599
27.5889
25.238
23.0056
20.8898
18.8888
17
15.2206
13.5476
11.9772
10.505
9.12606
7.83472
6.62476
5.48988
4.42484
3.42862
2.50993
1.68301
0.947567
274.197
392.524
416.598
403.394
387.632
373.968
361.574
350.152
339.481
329.367
319.678
310.321
301.229
292.358
283.675
275.157
266.791
258.565
250.475
242.518
234.69
226.992
219.424
211.985
204.676
197.499
190.452
183.538
176.756
170.106
163.59
157.207
150.958
144.842
138.861
133.013
127.299
121.719
116.273
110.96
105.781
100.736
95.8232
91.0437
86.3969
81.8825
77.5001
73.2495
69.1302
65.1418
61.2838
57.5559
53.9575
50.488
47.1468
43.9334
40.8469
37.8866
35.0517
32.3412
29.754
27.289
24.9448
22.72
20.6127
18.621
16.7427
14.9749
13.3147
11.7583
10.3015
8.93922
7.66578
6.47477
5.35964
4.31506
3.34041
2.44617
1.65003
0.957732
274.197
392.524
416.598
403.394
387.632
373.968
361.574
350.152
339.481
329.367
319.678
310.321
301.229
292.358
283.675
275.157
266.791
258.565
250.475
242.518
234.69
226.992
219.424
211.985
204.676
197.499
190.452
183.538
176.756
170.106
163.59
157.207
150.958
144.842
138.861
133.013
127.299
121.719
116.273
110.96
105.781
100.736
95.8232
91.0437
86.3969
81.8825
77.5001
73.2495
69.1302
65.1418
61.2838
57.5559
53.9575
50.488
47.1468
43.9334
40.8469
37.8866
35.0517
32.3412
29.754
27.289
24.9448
22.72
20.6127
18.621
16.7427
14.9749
13.3147
11.7583
10.3015
8.93922
7.66578
6.47477
5.35964
4.31506
3.34041
2.44617
1.65003
0.957732
286.319
393.381
412.572
397.961
382.347
369.347
357.767
347.13
337.137
327.571
318.306
309.268
300.413
291.716
283.162
274.741
266.45
258.286
250.248
242.335
234.548
226.887
219.354
211.947
204.67
197.521
190.502
183.613
176.855
170.229
163.734
157.37
151.14
145.041
139.075
133.242
127.541
121.974
116.539
111.236
106.066
101.029
96.1236
91.3505
86.7092
82.1995
77.8211
73.5736
69.4568
65.4701
61.6133
57.8859
54.2873
50.817
47.4744
44.2589
41.1698
38.2062
35.3674
32.6523
30.0599
27.5889
25.238
23.0056
20.8898
18.8888
17
15.2206
13.5476
11.9772
10.505
9.12606
7.83472
6.62476
5.48988
4.42484
3.42862
2.50993
1.68301
0.947568
319.759
395.431
400.587
383.456
369.79
359.297
349.968
341.2
332.679
324.233
315.797
307.36
298.94
290.557
282.234
273.99
265.838
257.789
249.85
242.025
234.319
226.733
219.27
211.93
204.715
197.625
190.662
183.826
177.118
170.538
164.086
157.764
151.57
145.507
139.573
133.769
128.096
122.553
117.14
111.858
106.706
101.685
96.7946
92.034
87.4035
82.903
78.5321
74.2906
70.1782
66.1946
62.3393
58.6121
55.0123
51.5396
48.1932
44.9726
41.877
38.9056
36.0575
33.3318
30.7272
28.2425
25.8761
23.6265
21.4917
19.4695
17.5572
15.7521
14.0507
12.4492
10.9431
9.52737
8.19655
6.94477
5.76636
4.65682
3.61517
2.64783
1.76189
0.935393
390.66
367.833
368.209
358.463
350.856
345.106
339.613
333.779
327.399
320.467
313.081
305.368
297.448
289.42
281.359
273.317
265.33
257.424
249.612
241.906
234.31
226.828
219.464
212.218
205.092
198.087
191.203
184.441
177.802
171.287
164.896
158.629
152.488
146.472
140.582
134.818
129.182
123.672
118.289
113.034
107.906
102.905
98.032
93.2866
88.6686
84.178
79.8146
75.5783
71.4688
67.4858
63.629
59.898
56.2924
52.8117
49.4552
46.2223
43.1122
40.1242
37.2571
34.51
31.8815
29.3702
26.9746
24.6927
22.5225
20.4614
18.5067
16.6553
14.9035
13.2471
11.6816
10.2019
8.80234
7.4776
6.22282
5.03526
3.91684
2.8767
1.92085
0.974135
638.149
602.847
590.644
574.065
563.678
555.172
545.873
535.439
524.017
511.844
499.161
486.173
473.036
459.863
446.732
433.695
420.784
408.022
395.422
382.993
370.739
358.665
346.774
335.068
323.549
312.218
301.077
290.128
279.372
268.81
258.445
248.276
238.306
228.535
218.964
209.595
200.429
191.465
182.705
174.15
165.8
157.656
149.719
141.989
134.466
127.15
120.043
113.145
106.455
99.9745
93.703
87.641
81.7884
76.1455
70.7122
65.4885
60.4744
55.6699
51.0747
46.6886
42.5115
38.543
34.7826
31.2299
27.8842
24.7446
21.81
19.079
16.5497
14.2195
12.0847
10.1406
8.38013
6.79407
5.36999
4.09282
2.94829
1.93304
1.07222
0.399735
545.158
637.527
630.57
604.358
586.585
572.312
558.347
544.392
530.454
516.542
502.681
488.902
475.23
461.689
448.293
435.055
421.983
409.083
396.36
383.817
371.456
359.282
347.294
335.496
323.89
312.476
301.257
290.234
279.408
268.782
258.355
248.129
238.105
228.285
218.668
209.257
200.05
191.05
182.257
173.672
165.294
157.125
149.165
141.414
133.872
126.54
119.419
112.508
105.807
99.3172
93.0379
86.9695
81.112
75.4653
70.0295
64.8044
59.7901
54.9863
50.3929
46.0097
41.8365
37.8728
34.1184
30.5728
27.2355
24.1056
21.1825
18.4651
15.9518
13.6408
11.5295
9.61415
7.88971
6.34884
4.98142
3.77412
2.71195
1.7837
0.99498
0.38318
509.968
630.88
641.198
619.228
600.355
583.843
567.517
551.462
535.831
520.629
505.822
491.364
477.211
463.328
449.687
436.266
423.053
410.039
397.219
384.59
372.151
359.904
347.848
335.985
324.316
312.844
301.57
290.494
279.619
268.945
258.474
248.207
238.145
228.288
218.638
209.195
199.959
190.932
182.114
173.505
165.107
156.918
148.94
141.172
133.616
126.271
119.137
112.215
105.505
99.0066
92.7199
86.645
80.7819
75.1306
69.6909
64.4628
59.4461
54.6407
50.0464
45.6629
41.49
37.5273
33.7745
30.2311
26.8968
23.7708
20.8526
18.1412
15.6355
13.334
11.2348
9.33495
7.63007
6.1137
4.77612
3.60351
2.57879
1.68778
0.939671
0.403748
499.31
627.811
643.632
623.981
605.716
588.941
571.908
555.03
538.642
522.814
507.521
492.699
478.28
464.204
450.422
436.899
423.607
410.53
397.658
384.985
372.506
360.222
348.132
336.237
324.538
313.037
301.735
290.634
279.734
269.038
258.545
248.258
238.177
228.302
218.636
209.177
199.927
190.887
182.057
173.437
165.028
156.829
148.843
141.067
133.504
126.153
119.013
112.086
105.371
98.8689
92.5787
86.5008
80.6352
74.9818
69.5404
64.3109
59.2933
54.4872
49.8925
45.5089
41.3362
37.374
33.622
30.0798
26.7468
23.6227
20.7066
17.998
15.4959
13.1989
11.1054
9.21263
7.51672
6.01132
4.6867
3.52864
2.51933
1.64442
0.917528
0.420491
499.31
627.811
643.632
623.981
605.716
588.941
571.908
555.03
538.642
522.814
507.521
492.699
478.28
464.204
450.422
436.899
423.607
410.53
397.658
384.985
372.506
360.222
348.132
336.237
324.538
313.037
301.735
290.634
279.734
269.038
258.545
248.258
238.177
228.302
218.636
209.177
199.927
190.887
182.057
173.437
165.028
156.829
148.843
141.067
133.504
126.153
119.013
112.086
105.371
98.8689
92.5787
86.5008
80.6352
74.9818
69.5404
64.3109
59.2933
54.4872
49.8925
45.5089
41.3362
37.374
33.622
30.0798
26.7468
23.6227
20.7066
17.998
15.4959
13.1989
11.1054
9.21263
7.51672
6.01132
4.6867
3.52864
2.51933
1.64442
0.917526
0.420489
509.968
630.88
641.198
619.228
600.355
583.843
567.517
551.462
535.831
520.629
505.822
491.364
477.211
463.328
449.687
436.266
423.053
410.039
397.219
384.59
372.151
359.904
347.848
335.985
324.316
312.844
301.57
290.494
279.619
268.945
258.474
248.207
238.145
228.288
218.638
209.195
199.959
190.932
182.114
173.505
165.107
156.918
148.94
141.172
133.616
126.271
119.137
112.215
105.505
99.0066
92.7199
86.645
80.7819
75.1306
69.6909
64.4628
59.4461
54.6407
50.0464
45.6629
41.49
37.5273
33.7745
30.2311
26.8968
23.7708
20.8526
18.1412
15.6355
13.334
11.2348
9.33495
7.63007
6.1137
4.77612
3.60351
2.57879
1.68778
0.93967
0.403745
545.158
637.527
630.57
604.358
586.585
572.312
558.347
544.392
530.454
516.542
502.681
488.902
475.23
461.689
448.293
435.055
421.983
409.083
396.36
383.817
371.456
359.282
347.294
335.496
323.89
312.476
301.257
290.234
279.408
268.782
258.355
248.129
238.105
228.285
218.668
209.257
200.05
191.05
182.257
173.672
165.294
157.125
149.165
141.414
133.872
126.54
119.419
112.508
105.807
99.3172
93.0379
86.9695
81.112
75.4653
70.0295
64.8044
59.7901
54.9863
50.3929
46.0097
41.8365
37.8728
34.1184
30.5728
27.2355
24.1056
21.1825
18.4651
15.9518
13.6408
11.5295
9.61415
7.88971
6.34884
4.98142
3.77412
2.71195
1.7837
0.99498
0.383181
638.149
602.847
590.644
574.065
563.678
555.172
545.873
535.439
524.017
511.844
499.161
486.173
473.036
459.863
446.732
433.695
420.784
408.022
395.422
382.993
370.739
358.665
346.774
335.068
323.549
312.218
301.077
290.128
279.372
268.81
258.445
248.276
238.306
228.535
218.964
209.595
200.429
191.465
182.705
174.15
165.8
157.656
149.719
141.989
134.466
127.15
120.043
113.145
106.455
99.9745
93.703
87.641
81.7884
76.1455
70.7122
65.4885
60.4744
55.6699
51.0747
46.6886
42.5115
38.543
34.7826
31.2299
27.8842
24.7446
21.81
19.079
16.5497
14.2195
12.0847
10.1406
8.38013
6.79407
5.36999
4.09282
2.94829
1.93303
1.07221
0.39973
947.055
811.385
799.569
790.003
779.895
768.038
753.934
738.116
721.151
703.481
685.428
667.212
648.979
630.825
612.807
594.963
577.318
559.885
542.674
525.691
508.942
492.43
476.158
460.129
444.346
428.812
413.528
398.498
383.723
369.206
354.949
340.953
327.222
313.756
300.557
287.627
274.968
262.582
250.469
238.631
227.07
215.786
204.782
194.057
183.614
173.454
163.576
153.983
144.676
135.654
126.919
118.471
110.312
102.441
94.8601
87.5689
80.5682
73.8584
67.4397
61.3127
55.4775
49.9344
44.6837
39.7254
35.0597
30.6865
26.6059
22.8176
19.3215
16.1171
13.204
10.5814
8.24834
6.20414
4.44837
2.98175
1.80711
0.929757
0.358886
0.0993444
855.699
843.312
840.43
822.614
804.806
786.622
767.403
747.741
728.054
708.524
689.227
670.186
651.403
632.873
614.589
596.546
578.74
561.171
543.838
526.744
509.889
493.277
476.91
460.791
444.922
429.307
413.947
398.844
384.002
369.421
355.105
341.054
327.271
313.758
300.515
287.545
274.849
262.429
250.285
238.419
226.832
215.526
204.501
193.759
183.3
173.125
163.236
153.633
144.316
135.287
126.546
118.094
109.932
102.059
94.4768
87.1854
80.1853
73.4767
67.06
60.9354
55.1032
49.5635
44.3164
39.3621
34.7006
30.3318
26.2558
22.4724
18.9817
15.7834
12.8776
10.2645
7.94456
5.91908
4.19047
2.76281
1.64172
0.830525
0.321206
0.0713663
833.954
825.49
844.968
835.922
818.711
798.629
777.033
755.185
733.715
712.825
692.533
672.784
653.505
634.626
616.094
597.87
579.926
562.245
544.818
527.641
510.71
494.028
477.594
461.412
445.484
429.811
414.397
399.243
384.353
369.727
355.368
341.277
327.457
313.909
300.634
287.634
274.91
262.464
250.297
238.409
226.803
215.478
204.437
193.68
183.207
173.021
163.12
153.508
144.183
135.147
126.399
117.942
109.775
101.899
94.3134
87.0197
80.0178
73.308
66.8906
60.7657
54.9335
49.3942
44.1479
39.1946
34.5343
30.167
26.0928
22.3117
18.8239
15.6295
12.7291
10.1235
7.81425
5.80339
4.09394
2.68941
1.59271
0.801773
0.302368
0.0633524
830.042
816.413
843.529
839.275
823.819
803.826
781.598
758.921
736.665
715.12
694.32
674.192
654.638
635.562
616.889
598.561
580.539
562.798
545.321
528.1
511.131
494.412
477.946
461.732
445.774
430.073
414.632
399.453
384.539
369.89
355.51
341.4
327.561
313.995
300.705
287.69
274.952
262.493
250.314
238.416
226.799
215.466
204.416
193.652
183.173
172.98
163.075
153.457
144.128
135.088
126.338
117.878
109.709
101.831
94.2441
86.9492
79.9464
73.2361
66.8183
60.6933
54.8612
49.3221
44.0762
39.1234
34.4638
30.0973
26.0242
22.2444
18.7582
15.5662
12.669
10.068
7.7648
5.76189
4.06211
2.66817
1.58123
0.796831
0.299289
0.0621596
830.042
816.413
843.529
839.275
823.819
803.826
781.598
758.921
736.665
715.12
694.32
674.192
654.638
635.562
616.889
598.561
580.539
562.798
545.321
528.1
511.131
494.412
477.946
461.732
445.774
430.073
414.632
399.453
384.539
369.89
355.51
341.4
327.561
313.995
300.705
287.69
274.952
262.493
250.314
238.416
226.799
215.466
204.416
193.652
183.173
172.98
163.075
153.457
144.128
135.088
126.338
117.878
109.709
101.831
94.2441
86.9492
79.9464
73.2361
66.8183
60.6933
54.8612
49.3221
44.0762
39.1234
34.4638
30.0973
26.0242
22.2444
18.7582
15.5662
12.669
10.068
7.7648
5.76189
4.06211
2.66817
1.58123
0.796834
0.299289
0.0621663
833.954
825.49
844.968
835.922
818.711
798.629
777.033
755.185
733.715
712.825
692.533
672.784
653.505
634.626
616.094
597.87
579.926
562.245
544.818
527.641
510.71
494.028
477.594
461.412
445.484
429.811
414.397
399.243
384.353
369.727
355.368
341.277
327.457
313.909
300.634
287.634
274.91
262.464
250.297
238.409
226.803
215.478
204.437
193.68
183.207
173.021
163.12
153.508
144.183
135.147
126.399
117.942
109.775
101.899
94.3134
87.0197
80.0178
73.308
66.8906
60.7657
54.9335
49.3942
44.1479
39.1946
34.5343
30.167
26.0928
22.3117
18.8239
15.6295
12.7291
10.1235
7.81425
5.80339
4.09394
2.6894
1.59271
0.801777
0.302369
0.0633559
855.699
843.312
840.43
822.614
804.806
786.622
767.403
747.741
728.054
708.524
689.227
670.186
651.403
632.873
614.589
596.546
578.74
561.171
543.838
526.744
509.889
493.277
476.91
460.791
444.922
429.307
413.947
398.844
384.002
369.421
355.105
341.054
327.271
313.758
300.515
287.545
274.849
262.429
250.285
238.419
226.832
215.526
204.501
193.759
183.3
173.125
163.236
153.633
144.316
135.287
126.546
118.094
109.932
102.059
94.4768
87.1854
80.1853
73.4767
67.06
60.9354
55.1032
49.5635
44.3164
39.3621
34.7006
30.3318
26.2558
22.4724
18.9817
15.7834
12.8776
10.2645
7.94456
5.91908
4.19047
2.76281
1.64172
0.830528
0.321207
0.071368
947.055
811.385
799.569
790.003
779.895
768.038
753.934
738.116
721.151
703.481
685.428
667.212
648.979
630.825
612.807
594.963
577.318
559.885
542.674
525.691
508.942
492.43
476.158
460.129
444.346
428.812
413.528
398.498
383.723
369.206
354.949
340.953
327.222
313.756
300.557
287.627
274.968
262.582
250.469
238.631
227.07
215.786
204.782
194.057
183.614
173.454
163.576
153.983
144.676
135.654
126.919
118.471
110.312
102.441
94.8601
87.5689
80.5682
73.8584
67.4397
61.3127
55.4775
49.9344
44.6837
39.7254
35.0597
30.6865
26.6059
22.8176
19.3215
16.1171
13.204
10.5814
8.24834
6.20413
4.44837
2.98175
1.80711
0.929758
0.358884
0.0993515
)
;

boundaryField
{
    left
    {
        type            calculated;
        value           nonuniform List<scalar> 
64
(
1231.45
1036.71
1020.83
1023.57
1023.57
1020.83
1036.71
1231.45
664.565
485.023
437.724
424.664
424.664
437.724
485.023
664.565
348.987
233.334
188.579
172.29
172.29
188.579
233.334
348.987
124.082
76.8164
70.0419
68.4881
68.4881
70.0419
76.8164
124.082
205.934
124.645
94.9369
82.7291
82.7291
94.9369
124.645
205.934
427.753
278.861
215.695
191.173
191.173
215.695
278.861
427.753
679.125
487.857
432.291
417.432
417.432
432.291
487.857
679.125
1068.1
884.948
870.648
875.543
875.543
870.648
884.948
1068.1
)
;
    }
    right
    {
        type            calculated;
        value           nonuniform List<scalar> 
64
(
4.07338
4.09467
4.08019
4.06556
4.06557
4.0802
4.09467
4.07338
3.76509
3.81194
3.78029
3.75692
3.75692
3.7803
3.81194
3.76509
3.15937
3.23052
3.20268
3.17893
3.17893
3.20268
3.23052
3.15937
2.32839
2.39357
2.37762
2.36233
2.36233
2.37762
2.39356
2.3284
1.45244
1.48908
1.49779
1.49977
1.49977
1.49779
1.48908
1.45244
0.704207
0.719026
0.76669
0.792383
0.792384
0.76669
0.719025
0.704207
0.207565
0.211662
0.275922
0.310349
0.310347
0.275919
0.211661
0.207558
0.0772909
0.0118116
0.0138612
0.00783247
0.00784099
0.0138469
0.0117915
0.0773062
)
;
    }
    back
    {
        type            calculated;
        value           nonuniform List<scalar> 
640
(
1144.75
691.224
363.636
107.779
191.762
431.945
691.303
999.093
950.689
637.499
346.276
97.0504
132.003
352.263
580.454
788.423
921.127
639.546
367.183
120.637
130.255
350.653
567.977
775.396
904.527
630.536
371.589
133.926
131.341
345.436
557.926
772.274
891.328
620.574
369.231
140.368
133.66
341.096
551.777
766.832
876.945
610.282
364.275
143.018
136.189
337.825
546.396
758.481
860.151
598.892
357.934
143.537
138.115
334.322
539.562
747.113
841.171
586.315
350.73
142.792
139.118
330.002
530.957
733.309
820.538
572.728
342.931
141.25
139.149
324.719
520.825
717.747
798.788
558.387
334.717
139.192
138.313
318.557
509.533
701.021
776.37
543.545
326.235
136.806
136.785
311.702
497.442
683.591
753.629
528.419
317.604
134.217
134.743
304.352
484.848
665.783
730.815
513.179
308.913
131.511
132.342
296.684
471.975
647.818
708.103
497.948
300.227
128.742
129.708
288.833
458.983
629.844
685.612
482.811
291.592
125.946
126.932
280.902
445.982
611.953
663.419
467.826
283.035
123.144
124.079
272.962
433.042
594.204
641.572
453.033
274.577
120.349
121.193
265.059
420.211
576.634
620.103
438.457
266.23
117.57
118.301
257.224
407.517
559.264
599.029
424.114
258.001
114.811
115.424
249.477
394.978
542.11
578.36
410.013
249.898
112.075
112.57
241.83
382.604
525.181
558.101
396.161
241.922
109.365
109.747
234.29
370.404
508.481
538.255
382.562
234.077
106.682
106.958
226.862
358.38
492.016
518.819
369.218
226.366
104.028
104.206
219.548
346.537
475.79
499.794
356.13
218.789
101.403
101.491
212.349
334.876
459.804
481.177
343.3
211.347
98.8093
98.8129
205.269
323.4
444.062
462.966
330.726
204.043
96.2465
96.1731
198.306
312.11
428.566
445.157
318.409
196.876
93.7156
93.571
191.462
301.008
413.32
427.747
306.349
189.847
91.2171
91.0067
184.739
290.095
398.324
410.734
294.544
182.956
88.7512
88.4801
178.135
279.374
383.582
394.115
282.994
176.204
86.3184
85.9911
171.653
268.845
369.095
377.885
271.698
169.59
83.9187
83.5396
165.293
258.509
354.867
362.042
260.655
163.116
81.5523
81.1256
159.056
248.369
340.898
346.583
249.864
156.78
79.2193
78.7488
152.941
238.425
327.191
331.504
239.324
150.582
76.9197
76.4092
146.95
228.679
313.748
316.802
229.034
144.523
74.6535
74.1065
141.083
219.131
300.571
302.474
218.993
138.602
72.4207
71.8405
135.34
209.784
287.661
288.516
209.198
132.819
70.221
69.611
129.723
200.636
275.02
274.926
199.65
127.173
68.0545
67.4178
124.23
191.691
262.65
261.7
190.347
121.665
65.9208
65.2605
118.863
182.948
250.553
248.836
181.288
116.293
63.8198
63.1388
113.622
174.408
238.729
236.329
172.471
111.058
61.7514
61.0523
108.506
166.072
227.18
224.178
163.895
105.958
59.7151
59.0007
103.517
157.941
215.908
212.38
155.559
100.994
57.7107
56.9835
98.6538
150.015
204.914
200.931
147.461
96.1654
55.7379
55.0004
93.9167
142.294
194.199
189.828
139.601
91.4705
53.7963
53.0508
89.3057
134.781
183.764
179.07
131.977
86.9093
51.8855
51.1343
84.8207
127.474
173.611
168.653
124.587
82.4812
50.0052
49.2503
80.4618
120.374
163.74
158.574
117.431
78.1853
48.1549
47.3984
76.2286
113.482
154.153
148.831
110.507
74.0211
46.3342
45.5779
72.1211
106.797
144.85
139.422
103.815
69.9878
44.5424
43.7883
68.139
100.321
135.832
130.345
97.3514
66.0844
42.7793
42.029
64.2818
94.0535
127.1
121.595
91.1169
62.3103
41.0441
40.2993
60.5494
87.9946
118.655
113.173
85.1096
58.6644
39.3364
38.5986
56.9412
82.1445
110.498
105.074
79.3285
55.1457
37.6555
36.9262
53.4567
76.5033
102.629
97.2981
73.7721
51.7534
36.001
35.2814
50.0953
71.0711
95.0495
89.8419
68.4395
48.4861
34.3721
33.6636
46.8564
65.848
87.759
82.7037
63.3293
45.3427
32.7682
32.0719
43.7391
60.8339
80.7586
75.8816
58.4404
42.322
31.1886
30.5057
40.7426
56.0288
74.0487
69.3737
53.7716
39.4224
29.6328
28.9642
37.8659
51.4324
67.6298
63.1784
49.3216
36.6425
28.0999
27.4466
35.1079
47.0447
61.5021
57.2939
45.0892
33.9806
26.5894
25.952
32.4671
42.8653
55.666
51.7187
41.0732
31.4348
25.1004
24.4798
29.9422
38.894
50.1218
46.4514
37.2722
29.0033
23.6324
23.0291
27.5314
35.1303
44.8698
41.4907
33.6849
26.6837
22.1847
21.5989
25.2329
31.5735
39.9101
36.8355
30.3099
24.4737
20.7564
20.1886
23.0443
28.2231
35.2428
32.4846
27.1455
22.3707
19.3471
18.7973
20.9631
25.078
30.8679
28.4375
24.1899
20.3719
17.9562
17.4243
18.9866
22.137
26.7855
24.6935
21.4412
18.4743
16.5833
16.0688
17.1113
19.3984
22.9953
21.2526
18.897
16.6744
15.2281
14.7303
15.3336
16.8602
19.4969
18.1151
16.5545
14.9688
13.8908
13.4085
13.6492
14.5194
16.2899
15.2817
14.4102
13.354
12.5721
12.1037
12.0535
12.3719
13.3735
12.7544
12.4597
11.8264
11.2736
10.8169
10.5413
10.4122
10.7464
10.5363
10.6976
10.3826
9.99817
9.55047
9.10717
8.63268
8.40711
8.63244
9.11724
9.0199
8.75082
8.30866
7.74583
7.02301
6.35367
7.05025
7.71112
7.73696
7.53909
7.09861
6.45287
5.5697
4.58424
5.7987
6.4727
6.53541
6.37348
5.93066
5.22635
4.25681
3.09775
4.88441
5.40164
5.4235
5.26628
4.8167
4.06957
3.07034
1.89555
4.3015
4.5199
4.4275
4.22941
3.76331
2.99315
2.01103
0.983812
4.03458
3.91029
3.63384
3.29194
2.76308
2.00471
1.11566
0.380544
4.02653
3.7248
3.16088
2.45221
1.7058
1.0054
0.419866
0.120509
)
;
    }
    front
    {
        type            calculated;
        value           nonuniform List<scalar> 
640
(
1144.75
691.224
363.636
107.779
191.762
431.945
691.303
999.093
950.689
637.499
346.276
97.0504
132.003
352.263
580.454
788.423
921.127
639.546
367.183
120.637
130.255
350.653
567.977
775.396
904.527
630.536
371.589
133.926
131.341
345.436
557.926
772.274
891.328
620.574
369.231
140.368
133.66
341.096
551.777
766.832
876.945
610.282
364.275
143.018
136.189
337.825
546.396
758.481
860.151
598.892
357.934
143.537
138.115
334.322
539.562
747.113
841.171
586.315
350.73
142.792
139.118
330.002
530.957
733.309
820.538
572.728
342.931
141.25
139.149
324.719
520.825
717.747
798.788
558.387
334.717
139.192
138.313
318.557
509.533
701.021
776.37
543.545
326.235
136.806
136.785
311.702
497.442
683.591
753.629
528.419
317.604
134.217
134.743
304.352
484.848
665.783
730.815
513.179
308.913
131.511
132.342
296.684
471.975
647.818
708.103
497.948
300.227
128.742
129.708
288.833
458.983
629.844
685.612
482.811
291.592
125.946
126.932
280.902
445.982
611.953
663.419
467.826
283.035
123.144
124.079
272.962
433.042
594.204
641.572
453.033
274.577
120.349
121.193
265.059
420.211
576.634
620.103
438.457
266.23
117.57
118.301
257.224
407.517
559.264
599.029
424.114
258.001
114.811
115.424
249.477
394.978
542.11
578.36
410.013
249.898
112.075
112.57
241.83
382.604
525.181
558.101
396.161
241.922
109.365
109.747
234.29
370.404
508.481
538.255
382.562
234.077
106.682
106.958
226.862
358.38
492.016
518.819
369.218
226.366
104.028
104.206
219.548
346.537
475.79
499.794
356.13
218.789
101.403
101.491
212.349
334.876
459.804
481.177
343.3
211.347
98.8093
98.8129
205.269
323.4
444.062
462.966
330.726
204.043
96.2465
96.1731
198.306
312.11
428.566
445.157
318.409
196.876
93.7156
93.571
191.462
301.008
413.32
427.747
306.349
189.847
91.2171
91.0067
184.739
290.095
398.324
410.734
294.544
182.956
88.7512
88.4801
178.135
279.374
383.582
394.115
282.994
176.204
86.3184
85.9911
171.653
268.845
369.095
377.885
271.698
169.59
83.9187
83.5396
165.293
258.509
354.867
362.042
260.655
163.116
81.5523
81.1256
159.056
248.369
340.898
346.583
249.864
156.78
79.2193
78.7488
152.941
238.425
327.191
331.504
239.324
150.582
76.9197
76.4092
146.95
228.679
313.748
316.802
229.034
144.523
74.6535
74.1065
141.083
219.131
300.571
302.474
218.993
138.602
72.4207
71.8405
135.34
209.784
287.661
288.516
209.198
132.819
70.221
69.611
129.723
200.636
275.02
274.926
199.65
127.173
68.0545
67.4178
124.23
191.691
262.65
261.7
190.347
121.665
65.9208
65.2605
118.863
182.948
250.553
248.836
181.288
116.293
63.8198
63.1388
113.622
174.408
238.729
236.329
172.471
111.058
61.7514
61.0523
108.506
166.072
227.18
224.178
163.895
105.958
59.7151
59.0007
103.517
157.941
215.908
212.38
155.559
100.994
57.7107
56.9835
98.6538
150.015
204.914
200.931
147.461
96.1654
55.7379
55.0004
93.9167
142.294
194.199
189.828
139.601
91.4705
53.7963
53.0508
89.3057
134.781
183.764
179.07
131.977
86.9093
51.8855
51.1343
84.8207
127.474
173.611
168.653
124.587
82.4812
50.0052
49.2503
80.4618
120.374
163.74
158.574
117.431
78.1853
48.1549
47.3984
76.2286
113.482
154.153
148.831
110.507
74.0211
46.3342
45.5779
72.1211
106.797
144.85
139.422
103.815
69.9878
44.5424
43.7883
68.139
100.321
135.832
130.345
97.3514
66.0844
42.7793
42.029
64.2818
94.0535
127.1
121.595
91.1169
62.3103
41.0441
40.2993
60.5494
87.9946
118.655
113.173
85.1096
58.6644
39.3364
38.5986
56.9412
82.1445
110.498
105.074
79.3285
55.1457
37.6555
36.9262
53.4567
76.5033
102.629
97.2981
73.7721
51.7534
36.001
35.2814
50.0953
71.0711
95.0495
89.8419
68.4395
48.4861
34.3721
33.6636
46.8564
65.848
87.759
82.7037
63.3293
45.3427
32.7682
32.0719
43.7391
60.8339
80.7586
75.8816
58.4404
42.322
31.1886
30.5057
40.7426
56.0288
74.0487
69.3737
53.7716
39.4224
29.6328
28.9642
37.8659
51.4324
67.6298
63.1784
49.3216
36.6425
28.0999
27.4466
35.1079
47.0447
61.5021
57.2939
45.0892
33.9806
26.5894
25.952
32.4671
42.8654
55.666
51.7187
41.0732
31.4348
25.1004
24.4798
29.9422
38.894
50.1218
46.4514
37.2722
29.0033
23.6324
23.029
27.5314
35.1303
44.8698
41.4907
33.6849
26.6837
22.1847
21.5989
25.2329
31.5735
39.9101
36.8355
30.3099
24.4737
20.7564
20.1886
23.0443
28.2231
35.2428
32.4846
27.1455
22.3707
19.3471
18.7973
20.9631
25.078
30.8679
28.4375
24.1899
20.3719
17.9562
17.4243
18.9866
22.137
26.7855
24.6935
21.4412
18.4743
16.5833
16.0688
17.1113
19.3984
22.9953
21.2526
18.897
16.6744
15.2281
14.7303
15.3336
16.8602
19.4969
18.1151
16.5545
14.9688
13.8908
13.4085
13.6492
14.5194
16.2899
15.2817
14.4102
13.354
12.5721
12.1037
12.0535
12.3719
13.3735
12.7544
12.4597
11.8264
11.2736
10.8169
10.5413
10.4122
10.7464
10.5363
10.6976
10.3826
9.99817
9.55047
9.10717
8.63268
8.40712
8.63244
9.11724
9.0199
8.75082
8.30866
7.74583
7.02301
6.35367
7.05025
7.71112
7.73696
7.53909
7.09861
6.45287
5.5697
4.58424
5.7987
6.4727
6.53541
6.37348
5.93066
5.22635
4.25681
3.09774
4.88442
5.40164
5.4235
5.26628
4.8167
4.06957
3.07034
1.89554
4.3015
4.5199
4.4275
4.22941
3.76331
2.99315
2.01103
0.983812
4.03458
3.91029
3.63384
3.29194
2.76308
2.00472
1.11567
0.380547
4.02654
3.7248
3.16088
2.45221
1.7058
1.0054
0.419875
0.120495
)
;
    }
    top
    {
        type            calculated;
        value           nonuniform List<scalar> 
640
(
1102.78
1015.86
1003.64
1004.22
1004.22
1003.64
1015.86
1102.78
909.859
939.673
915.333
902.504
902.504
915.333
939.673
909.859
901.471
942.622
943.849
940.207
940.207
943.849
942.622
901.471
897.174
931.023
943.665
946.364
946.364
943.665
931.023
897.174
887.578
913.488
927.563
932.628
932.628
927.563
913.488
887.578
874.177
893.366
905.625
910.918
910.918
905.625
893.366
874.177
857.789
871.548
881.344
886.003
886.003
881.344
871.548
857.789
839.393
849.083
856.593
860.387
860.387
856.593
849.083
839.393
819.763
826.584
832.227
835.197
835.197
832.227
826.584
819.763
799.442
804.314
808.536
810.82
810.82
808.536
804.314
799.442
778.793
782.371
785.555
787.307
787.307
785.555
782.371
778.793
758.049
760.772
763.221
764.578
764.578
763.221
760.772
758.049
737.35
739.506
741.443
742.514
742.514
741.443
739.506
737.35
716.782
718.554
720.133
721.002
721.002
720.133
718.554
716.782
696.397
697.897
699.223
699.947
699.947
699.223
697.897
696.397
676.224
677.521
678.664
679.283
679.283
678.664
677.521
676.224
656.281
657.416
658.42
658.961
658.961
658.42
657.416
656.281
636.581
637.578
638.472
638.952
638.952
638.472
637.578
636.581
617.129
618.005
618.805
619.236
619.236
618.805
618.005
617.129
597.933
598.697
599.415
599.803
599.803
599.415
598.697
597.933
578.996
579.654
580.299
580.648
580.648
580.299
579.654
578.996
560.321
560.881
561.456
561.771
561.771
561.456
560.881
560.321
541.912
542.378
542.889
543.171
543.171
542.889
542.378
541.912
523.773
524.15
524.6
524.852
524.852
524.6
524.15
523.773
505.906
506.2
506.591
506.814
506.814
506.591
506.2
505.906
488.313
488.529
488.866
489.062
489.062
488.866
488.529
488.313
470.999
471.141
471.427
471.597
471.597
471.427
471.141
470.999
453.966
454.039
454.277
454.422
454.422
454.277
454.039
453.966
437.216
437.225
437.417
437.541
437.541
437.417
437.225
437.216
420.753
420.702
420.852
420.954
420.954
420.852
420.702
420.753
404.577
404.472
404.583
404.665
404.665
404.583
404.472
404.577
388.693
388.538
388.612
388.675
388.675
388.612
388.538
388.693
373.102
372.901
372.941
372.988
372.988
372.941
372.901
373.102
357.807
357.564
357.573
357.604
357.604
357.573
357.564
357.807
342.81
342.528
342.509
342.526
342.526
342.509
342.528
342.81
328.113
327.797
327.752
327.755
327.755
327.752
327.797
328.113
313.717
313.371
313.302
313.293
313.293
313.302
313.371
313.717
299.626
299.252
299.162
299.142
299.142
299.162
299.252
299.626
285.841
285.443
285.334
285.303
285.303
285.334
285.443
285.841
272.364
271.945
271.818
271.779
271.779
271.818
271.945
272.364
259.196
258.759
258.617
258.57
258.57
258.617
258.759
259.196
246.34
245.887
245.732
245.677
245.677
245.732
245.887
246.34
233.798
233.332
233.164
233.103
233.103
233.164
233.332
233.798
221.569
221.093
220.915
220.849
220.849
220.915
221.093
221.569
209.658
209.173
208.986
208.915
208.915
208.986
209.173
209.658
198.064
197.573
197.379
197.304
197.304
197.379
197.573
198.064
186.789
186.294
186.094
186.015
186.015
186.094
186.294
186.789
175.835
175.337
175.132
175.051
175.051
175.132
175.337
175.835
165.203
164.704
164.496
164.412
164.412
164.496
164.704
165.203
154.894
154.396
154.185
154.099
154.099
154.185
154.396
154.894
144.909
144.413
144.201
144.114
144.114
144.201
144.413
144.909
135.25
134.757
134.544
134.457
134.457
134.544
134.757
135.25
125.917
125.429
125.216
125.128
125.128
125.216
125.429
125.917
116.912
116.43
116.217
116.129
116.129
116.217
116.43
116.912
108.236
107.76
107.548
107.461
107.461
107.548
107.76
108.236
99.8889
99.4198
99.2104
99.1237
99.1237
99.2104
99.4198
99.8889
91.8721
91.4108
91.2038
91.118
91.118
91.2038
91.4108
91.8721
84.1862
83.7332
83.5292
83.4444
83.4444
83.5292
83.7332
84.1862
76.8319
76.3878
76.187
76.1035
76.1035
76.187
76.3878
76.8319
69.8098
69.3749
69.1777
69.0957
69.0957
69.1777
69.3749
69.8098
63.1205
62.6951
62.5017
62.4213
62.4213
62.5017
62.6951
63.1205
56.7645
56.3487
56.1594
56.0806
56.0806
56.1594
56.3487
56.7645
50.7422
50.3363
50.1511
50.0741
50.0741
50.1511
50.3363
50.7422
45.0541
44.6579
44.4771
44.402
44.402
44.4771
44.6579
45.0541
39.7003
39.3139
39.1375
39.0643
39.0643
39.1375
39.3139
39.7003
34.6811
34.3043
34.1324
34.0613
34.0613
34.1324
34.3043
34.6811
29.9965
29.6293
29.4621
29.3932
29.3932
29.4621
29.6293
29.9965
25.6466
25.2889
25.1268
25.0603
25.0603
25.1268
25.2889
25.6466
21.6314
21.2833
21.1267
21.063
21.063
21.1267
21.2833
21.6314
17.9508
17.6126
17.4623
17.402
17.402
17.4623
17.6126
17.9508
14.6044
14.277
14.1344
14.0785
14.0785
14.1344
14.277
14.6044
11.5923
11.2772
11.1445
11.0943
11.0943
11.1445
11.2772
11.5923
8.91451
8.61473
8.49495
8.45203
8.45203
8.49495
8.61472
8.91451
6.57241
6.29237
6.18943
6.15581
6.15581
6.18943
6.29237
6.57241
4.56937
4.31564
4.23383
4.21132
4.21132
4.23383
4.31564
4.56937
2.91287
2.69399
2.63666
2.62608
2.62608
2.63665
2.69399
2.91287
1.61691
1.44225
1.40938
1.40952
1.40952
1.40938
1.44226
1.61692
0.701106
0.57827
0.563508
0.569771
0.569782
0.563522
0.578281
0.701105
0.175567
0.131226
0.117668
0.113237
0.113259
0.11769
0.131223
0.175564
0.0480251
0.0984644
0.125732
0.121421
0.121396
0.125713
0.0984822
0.0480352
)
;
    }
    bottom
    {
        type            calculated;
        value           nonuniform List<scalar> 
640
(
1340.72
1234.86
1214.04
1211.17
1211.17
1214.04
1234.86
1340.72
1118.8
1120.7
1094.68
1082.56
1082.56
1094.68
1120.7
1118.8
1082.6
1106.5
1099.19
1092.64
1092.64
1099.19
1106.5
1082.6
1060.87
1083.23
1085.59
1083.58
1083.58
1085.59
1083.23
1060.87
1042.57
1058.52
1063.41
1063.75
1063.75
1063.41
1058.52
1042.57
1022.89
1032.88
1037.18
1038.23
1038.23
1037.18
1032.88
1022.89
1000.78
1006.17
1008.98
1009.9
1009.9
1008.98
1006.17
1000.78
976.634
978.777
980.092
980.592
980.592
980.092
978.777
976.634
951.038
951.037
951.172
951.229
951.229
951.172
951.037
951.038
924.536
923.2
922.504
922.203
922.203
922.504
923.2
924.536
897.56
895.449
894.22
893.667
893.667
894.22
895.449
897.56
870.432
867.918
866.38
865.67
865.67
866.38
867.918
870.432
843.382
840.703
839.013
838.22
838.22
839.013
840.703
843.382
816.57
813.871
812.135
811.309
811.309
812.135
813.871
816.57
790.102
787.471
785.753
784.93
784.93
785.753
787.471
790.102
764.046
761.533
759.873
759.073
759.073
759.873
761.533
764.046
738.447
736.076
734.497
733.733
733.733
734.497
736.076
738.447
713.329
711.112
709.625
708.903
708.903
709.625
711.112
713.329
688.708
686.647
685.256
684.58
684.58
685.256
686.647
688.708
664.589
662.682
661.387
660.757
660.757
661.387
662.682
664.589
640.975
639.217
638.017
637.432
637.432
638.017
639.217
640.975
617.865
616.249
615.139
614.599
614.599
615.139
616.249
617.865
595.256
593.775
592.752
592.254
592.254
592.752
593.775
595.256
573.145
571.791
570.85
570.391
570.391
570.85
571.791
573.145
551.528
550.292
549.428
549.008
549.008
549.428
550.292
551.528
530.399
529.275
528.483
528.098
528.098
528.483
529.275
530.399
509.754
508.733
508.01
507.658
507.658
508.01
508.733
509.754
489.588
488.663
488.003
487.683
487.683
488.003
488.663
489.588
469.896
469.061
468.46
468.168
468.168
468.46
469.061
469.896
450.674
449.921
449.374
449.11
449.11
449.374
449.921
450.674
431.916
431.238
430.743
430.503
430.503
430.743
431.238
431.916
413.618
413.01
412.561
412.345
412.345
412.561
413.01
413.618
395.775
395.23
394.824
394.63
394.63
394.824
395.23
395.775
378.382
377.895
377.529
377.354
377.354
377.529
377.895
378.382
361.434
361
360.671
360.514
360.514
360.671
361
361.434
344.928
344.541
344.245
344.105
344.105
344.245
344.541
344.928
328.858
328.515
328.248
328.123
328.123
328.248
328.515
328.858
313.22
312.915
312.677
312.565
312.565
312.677
312.915
313.22
298.011
297.74
297.526
297.427
297.427
297.526
297.74
298.011
283.224
282.984
282.793
282.705
282.705
282.793
282.984
283.224
268.857
268.644
268.472
268.395
268.395
268.472
268.644
268.857
254.906
254.715
254.562
254.494
254.494
254.562
254.715
254.906
241.365
241.195
241.058
240.997
240.997
241.058
241.195
241.365
228.232
228.079
227.956
227.903
227.903
227.956
228.079
228.232
215.503
215.365
215.254
215.206
215.206
215.254
215.365
215.503
203.173
203.047
202.947
202.905
202.905
202.947
203.047
203.173
191.24
191.123
191.032
190.995
190.995
191.032
191.123
191.24
179.699
179.591
179.507
179.474
179.474
179.507
179.591
179.699
168.548
168.445
168.368
168.339
168.339
168.368
168.445
168.548
157.783
157.684
157.612
157.585
157.585
157.612
157.684
157.783
147.401
147.304
147.237
147.212
147.212
147.237
147.304
147.401
137.398
137.302
137.238
137.215
137.215
137.238
137.302
137.398
127.772
127.676
127.614
127.593
127.593
127.614
127.676
127.772
118.52
118.422
118.362
118.341
118.341
118.362
118.422
118.52
109.639
109.538
109.479
109.459
109.459
109.479
109.538
109.639
101.126
101.022
100.963
100.943
100.943
100.963
101.022
101.126
92.9788
92.8701
92.8113
92.7913
92.7913
92.8113
92.8701
92.9788
85.1947
85.081
85.0215
85.0012
85.0012
85.0215
85.081
85.1947
77.7713
77.6523
77.5915
77.5707
77.5707
77.5915
77.6523
77.7713
70.7064
70.5816
70.5193
70.4977
70.4977
70.5193
70.5816
70.7064
63.9979
63.8669
63.8027
63.7803
63.7803
63.8027
63.8669
63.9979
57.6437
57.5063
57.4401
57.4166
57.4166
57.4401
57.5063
57.6437
51.642
51.4981
51.4296
51.405
51.405
51.4296
51.4981
51.642
45.991
45.8406
45.7697
45.7439
45.7439
45.7697
45.8406
45.991
40.6892
40.5323
40.459
40.432
40.432
40.459
40.5323
40.6892
35.7355
35.5723
35.4965
35.4683
35.4683
35.4965
35.5723
35.7355
31.1288
30.9596
30.8815
30.8522
30.8522
30.8815
30.9596
31.1288
26.8686
26.6938
26.6138
26.5836
26.5836
26.6138
26.6938
26.8686
22.9549
22.7752
22.6939
22.6633
22.6633
22.6939
22.7752
22.9549
19.3885
19.205
19.1234
19.0929
19.0929
19.1234
19.205
19.3885
16.1715
15.986
15.9056
15.8762
15.8762
15.9056
15.986
16.1715
13.3078
13.1231
13.0462
13.0191
13.0191
13.0462
13.1231
13.3078
10.805
10.6251
10.5546
10.5312
10.5312
10.5546
10.6251
10.805
8.6754
8.50606
8.44529
8.4271
8.4271
8.44528
8.50606
8.67541
6.93802
6.78659
6.73835
6.72611
6.72611
6.73835
6.78659
6.93802
5.61679
5.49049
5.45538
5.44825
5.44826
5.45538
5.49048
5.61679
4.7282
4.63007
4.60549
4.60097
4.60097
4.60549
4.63007
4.72818
4.25002
4.1789
4.16224
4.15802
4.15802
4.16224
4.1789
4.25001
4.11559
4.07099
4.06242
4.05747
4.05746
4.06242
4.071
4.11559
4.15538
4.15522
4.15489
4.14773
4.14773
4.15489
4.15523
4.15537
)
;
    }
}


// ************************************************************************* //
