/*--------------------------------*- C++ -*----------------------------------*\
| =========                 |                                                 |
| \\      /  F ield         | foam-extend: Open Source CFD                    |
|  \\    /   O peration     | Version:     4.1                                |
|   \\  /    A nd           | Web:         http://www.foam-extend.org         |
|    \\/     M anipulation  |                                                 |
\*---------------------------------------------------------------------------*/
FoamFile
{
    version     2.0;
    format      ascii;
    class       volVectorField;
    location    "0.195";
    object      traction;
}
// * * * * * * * * * * * * * * * * * * * * * * * * * * * * * * * * * * * * * //

dimensions      [1 -1 -2 0 0 0 0];

internalField   uniform (0 0 0);

boundaryField
{
    left
    {
        type            calculated;
        value           nonuniform List<vector> 
64
(
(-1195.4 -164.337 -124.922)
(-1069.12 -142.308 -163.086)
(-1082.23 -77.3105 -189.901)
(-1093.8 -23.793 -201.527)
(-1093.8 23.793 -201.527)
(-1082.23 77.3104 -189.901)
(-1069.12 142.308 -163.086)
(-1195.4 164.337 -124.922)
(-701.647 -116.664 -48.1598)
(-616.234 -102.146 -85.9992)
(-619.148 -53.4888 -103.869)
(-621.613 -15.9564 -111.322)
(-621.613 15.9564 -111.322)
(-619.148 53.4888 -103.869)
(-616.234 102.146 -85.9992)
(-701.647 116.664 -48.1598)
(-374.518 -66.8891 23.4667)
(-333.859 -62.5462 -5.14133)
(-340.372 -32.8444 -9.86041)
(-342.927 -9.65988 -11.6498)
(-342.927 9.65988 -11.6498)
(-340.372 32.8444 -9.86041)
(-333.859 62.5462 -5.14133)
(-374.518 66.8891 23.4667)
(-82.2731 -13.7887 56.3933)
(-82.9193 -11.8976 29.3124)
(-87.7894 -5.77408 30.7119)
(-89.34 -1.57177 31.7686)
(-89.34 1.57177 31.7686)
(-87.7894 5.77408 30.7119)
(-82.9193 11.8976 29.3124)
(-82.2731 13.7887 56.3933)
(191.195 31.335 58.9101)
(149.516 40.9451 28.6244)
(148.359 23.1959 28.1854)
(148.297 7.08685 28.4049)
(148.297 -7.08685 28.4049)
(148.359 -23.1959 28.1854)
(149.516 -40.9451 28.6244)
(191.195 -31.335 58.9101)
(453.559 60.8067 33.7467)
(371.477 86.6401 -4.8393)
(373.392 48.6451 -14.948)
(374.862 14.7427 -19.2633)
(374.862 -14.7427 -19.2633)
(373.392 -48.6451 -14.948)
(371.477 -86.6401 -4.8393)
(453.559 -60.8067 33.7467)
(710.91 68.8845 -14.038)
(587.473 116.768 -65.1304)
(588.719 65.8418 -89.0272)
(591.095 20.0473 -99.5111)
(591.095 -20.0473 -99.5111)
(588.719 -65.8418 -89.0272)
(587.473 -116.768 -65.1304)
(710.91 -68.8845 -14.038)
(1045.93 52.8603 -11.4927)
(917.376 137.874 -43.1087)
(940.782 79.7492 -54.7054)
(956.425 24.6062 -58.4662)
(956.425 -24.6062 -58.4662)
(940.782 -79.7492 -54.7054)
(917.376 -137.874 -43.1087)
(1045.93 -52.8603 -11.4927)
)
;
    }
    right
    {
        type            calculated;
        value           nonuniform List<vector> 
64
(
(-0.623896 0.00329569 1.47045)
(-0.626083 -0.00125709 1.47562)
(-0.624399 -0.00370846 1.47164)
(-0.623622 -0.00173468 1.46981)
(-0.623623 0.00173461 1.46981)
(-0.624398 0.00370847 1.47164)
(-0.626083 0.00125725 1.47562)
(-0.623896 -0.00329568 1.47045)
(-0.57581 -0.00712145 1.35739)
(-0.592226 -0.0173309 1.39605)
(-0.590975 -0.0166246 1.39308)
(-0.589907 -0.00652045 1.39055)
(-0.589908 0.0065202 1.39055)
(-0.590976 0.0166246 1.39308)
(-0.592227 0.0173311 1.39605)
(-0.57581 0.00712163 1.35739)
(-0.476283 -0.0246178 1.12304)
(-0.498606 -0.0472514 1.1756)
(-0.498617 -0.035973 1.17558)
(-0.497876 -0.0129745 1.17382)
(-0.497876 0.0129744 1.17382)
(-0.498618 0.035973 1.17558)
(-0.498607 0.0472513 1.1756)
(-0.476283 0.0246179 1.12304)
(-0.340588 -0.0366829 0.803205)
(-0.358308 -0.0675947 0.84492)
(-0.357684 -0.0489874 0.843408)
(-0.357563 -0.0172774 0.843105)
(-0.357563 0.0172774 0.843105)
(-0.357684 0.0489873 0.843408)
(-0.358308 0.0675947 0.844919)
(-0.340588 0.0366829 0.803204)
(-0.201884 -0.0360206 0.476101)
(-0.207143 -0.0661111 0.48846)
(-0.20531 -0.0477909 0.484114)
(-0.205829 -0.0169226 0.485327)
(-0.205829 0.0169226 0.485327)
(-0.20531 0.0477908 0.484114)
(-0.207142 0.0661112 0.488459)
(-0.201884 0.0360207 0.476101)
(-0.0897103 -0.0224939 0.211529)
(-0.0822531 -0.0429056 0.193937)
(-0.0801303 -0.0325577 0.188923)
(-0.0812238 -0.0119613 0.191496)
(-0.0812242 0.0119613 0.191497)
(-0.0801306 0.0325576 0.188923)
(-0.082253 0.0429057 0.193936)
(-0.0897108 0.022494 0.211531)
(-0.0270572 -0.00365418 0.0637812)
(-0.0141636 -0.0117497 0.0333877)
(-0.0145876 -0.0125514 0.0343863)
(-0.0164014 -0.00537786 0.0386607)
(-0.0164008 0.0053788 0.0386593)
(-0.0145868 0.0125509 0.0343843)
(-0.0141639 0.0117494 0.0333884)
(-0.027057 0.00365424 0.0637808)
(-0.00606213 0.00596107 0.0142791)
(0.00158941 0.00134018 -0.00376032)
(0.0013246 -0.00190112 -0.00313512)
(0.000908447 -0.00124902 -0.00215427)
(0.000908615 0.00124933 -0.00215471)
(0.00132416 0.00190102 -0.00313412)
(0.00158651 -0.00134037 -0.00375345)
(-0.00606225 -0.00596149 0.0142794)
)
;
    }
    back
    {
        type            calculated;
        value           nonuniform List<vector> 
640
(
(-53.3202 2.48182 -2.86755)
(-26.6276 1.00174 -0.746839)
(-9.05949 0.223528 0.734838)
(-1.00125 0.00633215 0.138616)
(-4.2241 -0.101517 -1.43398)
(-18.6867 -0.778666 -2.39932)
(-42.8504 -2.53496 -1.74122)
(-79.0926 -6.11226 -2.16596)
(-15.8579 0.26398 -0.731498)
(-5.09291 0.036549 -0.526741)
(-0.765477 -0.00518791 -0.365143)
(0.238921 -0.0104492 -0.428595)
(-0.719303 -0.0147651 -0.44867)
(-3.47278 -0.0408001 -0.395126)
(-8.9037 -0.136325 -0.240147)
(-17.7862 -0.400621 -0.400592)
(-5.90262 0.0326272 -0.513474)
(-0.901749 -0.0113546 -0.610349)
(0.855451 -0.0124035 -0.512735)
(0.8017 -0.0118802 -0.48997)
(0.30844 -0.00974599 -0.391105)
(-0.441988 -0.00696587 -0.260292)
(-2.17121 -0.0106424 -0.165882)
(-4.64067 -0.0271247 -0.155673)
(-2.45168 0.0011111 -0.371146)
(-0.108764 -0.0145152 -0.579129)
(0.959871 -0.0143209 -0.531853)
(1.00592 -0.0134204 -0.506644)
(0.737103 -0.011395 -0.4327)
(0.325844 -0.00861012 -0.337937)
(-0.434449 -0.00692485 -0.27891)
(-1.18564 -0.00328587 -0.117507)
(-0.669019 -0.00461585 -0.244841)
(0.44917 -0.0146961 -0.516616)
(1.03316 -0.0148707 -0.511517)
(1.12366 -0.0144365 -0.501709)
(1.01675 -0.0127979 -0.444583)
(0.858259 -0.0104786 -0.361075)
(0.675457 -0.00807319 -0.276961)
(0.58608 -0.00204747 -0.0309198)
(0.371079 -0.00431112 -0.130048)
(0.870365 -0.01342 -0.433855)
(1.12982 -0.0141108 -0.457245)
(1.19744 -0.0144853 -0.471346)
(1.19627 -0.0135935 -0.432091)
(1.23561 -0.0120407 -0.352409)
(1.3838 -0.010319 -0.24162)
(1.6482 -0.0048122 0.0648901)
(0.974724 -0.00266686 -0.0330837)
(1.13689 -0.011728 -0.352319)
(1.20259 -0.0128214 -0.392017)
(1.23814 -0.0138536 -0.425557)
(1.29744 -0.0136361 -0.400093)
(1.45323 -0.0127764 -0.322021)
(1.75583 -0.0118231 -0.19635)
(2.18307 -0.00720295 0.145354)
(1.31171 -0.00106502 0.0451048)
(1.28886 -0.0100997 -0.279568)
(1.24302 -0.0114062 -0.327264)
(1.25265 -0.0128423 -0.373069)
(1.34151 -0.0130849 -0.356367)
(1.55295 -0.0126968 -0.279542)
(1.91228 -0.0122544 -0.148939)
(2.38615 -0.00823117 0.206668)
(1.48575 0.000172523 0.106653)
(1.36304 -0.0086744 -0.21696)
(1.25516 -0.0100395 -0.267439)
(1.24687 -0.0116704 -0.319666)
(1.34628 -0.0121815 -0.308124)
(1.57622 -0.0120756 -0.233176)
(1.94353 -0.011932 -0.104259)
(2.40974 -0.00825991 0.251893)
(1.56192 0.0010516 0.154674)
(1.38714 -0.00746265 -0.163727)
(1.24628 -0.00878807 -0.213931)
(1.22624 -0.0104754 -0.268713)
(1.32556 -0.0111248 -0.260212)
(1.55406 -0.0111793 -0.18793)
(1.90768 -0.0112139 -0.0644569)
(2.34653 -0.0077818 0.285192)
(1.58032 0.00165412 0.19214)
(1.38038 -0.00643444 -0.118439)
(1.22313 -0.00766917 -0.166764)
(1.19537 -0.00933342 -0.221861)
(1.28928 -0.0100442 -0.215308)
(1.50708 -0.0101913 -0.146264)
(1.83924 -0.0103437 -0.0299628)
(2.24635 -0.00711395 0.309978)
(1.56499 0.00205878 0.221446)
(1.35501 -0.00555594 -0.0797211)
(1.19071 -0.00668 -0.125469)
(1.15781 -0.00828037 -0.179713)
(1.24416 -0.0090108 -0.174581)
(1.44788 -0.00921484 -0.109048)
(1.75729 -0.00945492 -0.000401335)
(2.13401 -0.00641758 0.32866)
(1.53017 0.00232441 0.244386)
(1.31863 -0.00479939 -0.0464518)
(1.15251 -0.00581037 -0.0894396)
(1.11616 -0.00732869 -0.142282)
(1.19452 -0.00805723 -0.13831)
(1.38371 -0.0082993 -0.0763171)
(1.67171 -0.00860971 0.0248646)
(2.02109 -0.00576249 0.342821)
(1.48426 0.00249161 0.262264)
(1.27587 -0.00414353 -0.0177588)
(1.11087 -0.00504769 -0.058066)
(1.07222 -0.00647788 -0.109283)
(1.14301 -0.0071936 -0.106319)
(1.31852 -0.00746289 -0.0477428)
(1.58722 -0.00783117 0.046463)
(1.91237 -0.0051722 0.35346)
(1.43223 0.00258786 0.276027)
(1.22955 -0.00357217 0.00703046)
(1.06734 -0.00437928 -0.030789)
(1.02725 -0.00572121 -0.080313)
(1.0912 -0.00641842 -0.0782452)
(1.25427 -0.00670785 -0.0228888)
(1.50577 -0.00712336 0.0649166)
(1.80935 -0.00464915 0.361185)
(1.37704 0.00263186 0.286371)
(1.18144 -0.00307279 0.0284398)
(1.02296 -0.00379336 -0.00711621)
(0.982063 -0.00504958 -0.0549463)
(1.03997 -0.00572511 -0.0536774)
(1.19189 -0.00602929 -0.00132716)
(1.42796 -0.00648224 0.0806329)
(1.71208 -0.00418753 0.366374)
(1.3205 0.00263661 0.293819)
(1.13261 -0.00263545 0.0468853)
(0.978423 -0.00327949 0.0133767)
(0.937201 -0.00445356 -0.0327828)
(0.989817 -0.00510544 -0.0322242)
(1.13168 -0.00541985 0.0173194)
(1.35377 -0.00590112 0.093926)
(1.62005 -0.00377928 0.369281)
(1.26369 0.00261142 0.298774)
(1.08377 -0.00225207 0.0627045)
(0.934203 -0.0028286 0.0310513)
(0.89302 -0.0039244 -0.0134668)
(0.940975 -0.00455123 -0.0135389)
(1.07372 -0.00487191 0.0333707)
(1.28295 -0.0053731 0.105043)
(1.53267 -0.00341662 0.370099)
(1.20731 0.00256315 0.301559)
(1.03537 -0.00191596 0.0761777)
(0.890615 -0.00243293 0.0462152)
(0.849751 -0.00345431 0.00330959)
(0.893569 -0.00405506 0.002677)
(1.01795 -0.00437852 0.0470961)
(1.21522 -0.00489205 0.11419)
(1.44942 -0.00309289 0.368997)
(1.15178 0.002497 0.302438)
(0.987716 -0.00162149 0.0875424)
(0.847877 -0.00208583 0.0591314)
(0.807544 -0.00303653 0.017811)
(0.847655 -0.00361048 0.0166784)
(0.964292 -0.00393363 0.0587251)
(1.15033 -0.00445278 0.121541)
(1.36988 -0.00280264 0.366135)
(1.09738 0.00241704 0.301634)
(0.941007 -0.00136385 0.0970039)
(0.806139 -0.00178161 0.0700268)
(0.766499 -0.00266525 0.0302653)
(0.803253 -0.0032119 0.0286847)
(0.912663 -0.00353209 0.0684571)
(1.08807 -0.00405101 0.127258)
(1.29377 -0.00254153 0.361676)
(1.0443 0.00232653 0.299342)
(0.895384 -0.0011389 0.104743)
(0.765504 -0.00151535 0.0790993)
(0.726679 -0.00233544 0.0408711)
(0.76037 -0.00285454 0.0388873)
(0.862992 -0.00316949 0.0764694)
(1.02831 -0.00368315 0.131488)
(1.22086 -0.00230604 0.355782)
(0.99263 0.00222813 0.295731)
(0.85094 -0.000942988 0.110921)
(0.72604 -0.00128277 0.0865243)
(0.688124 -0.00204272 0.0498037)
(0.719003 -0.00253423 0.047456)
(0.815224 -0.00284202 0.0829227)
(0.970931 -0.00334618 0.13437)
(1.151 -0.00209327 0.348612)
(0.942459 0.00212404 0.290956)
(0.80774 -0.00077292 0.115685)
(0.687793 -0.00108011 0.0924594)
(0.65086 -0.00178322 0.0572198)
(0.679143 -0.00224731 0.0545436)
(0.769315 -0.00254638 0.0879645)
(0.915855 -0.00303752 0.136037)
(1.0841 -0.00190081 0.340324)
(0.893823 0.00201613 0.285158)
(0.765825 -0.000625841 0.119168)
(0.650792 -0.000904032 0.0970476)
(0.614898 -0.00155352 0.063262)
(0.640782 -0.00199054 0.0602898)
(0.725227 -0.0022796 0.0917319)
(0.863022 -0.00275485 0.136614)
(1.02006 -0.00172657 0.331071)
(0.846749 0.00190597 0.278466)
(0.725224 -0.000499197 0.121495)
(0.615053 -0.000751559 0.10042)
(0.580244 -0.00135055 0.0680608)
(0.603905 -0.00176098 0.0648233)
(0.682927 -0.00203905 0.0943528)
(0.812379 -0.00249612 0.136222)
(0.958817 -0.00156874 0.320998)
(0.801245 0.00179489 0.270999)
(0.685952 -0.000390692 0.12278)
(0.580582 -0.000620021 0.102699)
(0.546896 -0.00117155 0.0717371)
(0.568497 -0.00155602 0.0682636)
(0.642383 -0.00182232 0.0959469)
(0.763879 -0.00225946 0.134971)
(0.900295 -0.0014257 0.310241)
(0.757314 0.00168406 0.26287)
(0.648018 -0.000298254 0.123131)
(0.54738 -0.000507017 0.103996)
(0.514844 -0.00101401 0.0744031)
(0.534538 -0.00137326 0.070722)
(0.603562 -0.00162724 0.0966261)
(0.717477 -0.00204313 0.132967)
(0.84443 -0.00129601 0.298928)
(0.714951 0.00157442 0.254181)
(0.611422 -0.000220013 0.122649)
(0.515441 -0.000410382 0.104417)
(0.484076 -0.000875655 0.0761636)
(0.502007 -0.00121051 0.0723024)
(0.566431 -0.00145179 0.0964953)
(0.673125 -0.00184555 0.130308)
(0.791156 -0.00117834 0.287178)
(0.674145 0.00146681 0.24503)
(0.576161 -0.000154279 0.121428)
(0.484753 -0.000328163 0.10406)
(0.454578 -0.00075443 0.0771162)
(0.470879 -0.00106578 0.073102)
(0.530954 -0.00129416 0.0956523)
(0.630777 -0.00166524 0.127087)
(0.740405 -0.00107153 0.2751)
(0.634883 0.0013619 0.235508)
(0.542227 -9.95254e-05 0.119556)
(0.455304 -0.000258602 0.103017)
(0.426329 -0.00064846 0.0773523)
(0.441126 -0.000937247 0.0732111)
(0.497093 -0.00115265 0.0941881)
(0.590383 -0.00150082 0.123388)
(0.692105 -0.000974493 0.262794)
(0.597146 0.00126027 0.225698)
(0.509609 -5.43761e-05 0.117115)
(0.427076 -0.000200116 0.101374)
(0.399308 -0.000556047 0.076957)
(0.412721 -0.000823259 0.0727142)
(0.464808 -0.00102573 0.0921873)
(0.551893 -0.00135102 0.119289)
(0.646184 -0.000886269 0.250352)
(0.560915 0.00116237 0.215678)
(0.478294 -1.75919e-05 0.114184)
(0.40005 -0.000151283 0.0992102)
(0.373491 -0.000475653 0.0760096)
(0.38563 -0.000722301 0.0716896)
(0.43406 -0.000911982 0.0897284)
(0.515254 -0.00121465 0.114863)
(0.602567 -0.000805981 0.237856)
(0.526166 0.00106856 0.205521)
(0.448264 1.19402e-05 0.110833)
(0.374205 -0.000110829 0.0965995)
(0.348852 -0.00040589 0.0745836)
(0.359823 -0.000632998 0.0702099)
(0.404805 -0.000810119 0.0868837)
(0.480412 -0.00109062 0.110175)
(0.561181 -0.000732842 0.225382)
(0.492876 0.000979109 0.195292)
(0.419501 3.52166e-05 0.10713)
(0.349517 -7.76177e-05 0.0936107)
(0.325364 -0.000345503 0.0727474)
(0.335264 -0.000554103 0.0683424)
(0.377 -0.000718964 0.0837198)
(0.447314 -0.000977897 0.105287)
(0.521948 -0.000666147 0.212997)
(0.461018 0.000894211 0.185053)
(0.391984 5.31271e-05 0.103135)
(0.325962 -5.06351e-05 0.0903073)
(0.302999 -0.000293368 0.0705639)
(0.31192 -0.000484485 0.0661488)
(0.350602 -0.000637448 0.0802978)
(0.415904 -0.000875555 0.100252)
(0.484795 -0.000605262 0.200761)
(0.430565 0.000813995 0.174859)
(0.365692 6.64657e-05 0.0989071)
(0.303515 -2.89823e-05 0.0867478)
(0.281728 -0.000248473 0.0680914)
(0.289754 -0.000423124 0.0636861)
(0.325565 -0.000564597 0.0766734)
(0.386129 -0.000782719 0.0951213)
(0.449645 -0.000549622 0.188727)
(0.401489 0.000738528 0.16476)
(0.340601 7.59371e-05 0.0944976)
(0.282148 -1.18633e-05 0.0829858)
(0.261521 -0.000209915 0.0653832)
(0.268732 -0.000369099 0.0610065)
(0.301845 -0.000499529 0.0728976)
(0.357932 -0.000698588 0.0899392)
(0.416424 -0.000498723 0.176942)
(0.373759 0.000667819 0.154803)
(0.316685 8.21646e-05 0.0899551)
(0.261834 1.4229e-06 0.0790705)
(0.242346 -0.000176886 0.0624881)
(0.248816 -0.000321583 0.0581573)
(0.279398 -0.000441447 0.0690164)
(0.331259 -0.000622422 0.0847462)
(0.385059 -0.000452117 0.165447)
(0.347344 0.000601837 0.145028)
(0.29392 8.5697e-05 0.0853238)
(0.242545 1.14921e-05 0.0750466)
(0.224174 -0.00014867 0.0594507)
(0.229971 -0.000279833 0.0551818)
(0.258179 -0.000389629 0.0650713)
(0.306057 -0.000553539 0.0795782)
(0.355478 -0.000409406 0.154277)
(0.322213 0.000540508 0.135471)
(0.272278 8.70162e-05 0.0806436)
(0.224252 1.88827e-05 0.0709548)
(0.206974 -0.00012463 0.0563113)
(0.21216 -0.000243183 0.052119)
(0.238144 -0.000343425 0.0610998)
(0.282271 -0.000491312 0.0744672)
(0.327608 -0.000370236 0.143462)
(0.298335 0.000483724 0.126164)
(0.251732 8.65428e-05 0.0759508)
(0.206928 2.40629e-05 0.0668319)
(0.190713 -0.000104202 0.0531066)
(0.195347 -0.00021104 0.0490042)
(0.21925 -0.000302249 0.0571351)
(0.259848 -0.000435166 0.0694415)
(0.301382 -0.000334296 0.133027)
(0.275677 0.000431353 0.117136)
(0.232254 8.46428e-05 0.071278)
(0.190542 2.74385e-05 0.0627107)
(0.175362 -8.68917e-05 0.0498694)
(0.179497 -0.000182873 0.0458688)
(0.201453 -0.000265576 0.0532069)
(0.238738 -0.000384571 0.0645258)
(0.27673 -0.000301309 0.122992)
(0.254205 0.000383236 0.10841)
(0.213815 8.16329e-05 0.0666546)
(0.175066 2.93588e-05 0.0586208)
(0.160889 -7.22617e-05 0.0466292)
(0.164575 -0.000158211 0.0427411)
(0.184712 -0.000232934 0.0493413)
(0.218889 -0.00033904 0.0597414)
(0.253587 -0.000271028 0.113375)
(0.233888 0.000339198 0.100008)
(0.196386 7.77849e-05 0.0621066)
(0.160472 3.01232e-05 0.0545883)
(0.147264 -5.99302e-05 0.043412)
(0.150546 -0.000136636 0.0396457)
(0.168986 -0.000203899 0.0455611)
(0.20025 -0.000298128 0.0551067)
(0.231888 -0.000243237 0.104187)
(0.214692 0.00029905 0.0919448)
(0.179939 7.3331e-05 0.0576569)
(0.146729 2.99865e-05 0.0506363)
(0.134457 -4.95635e-05 0.040241)
(0.137377 -0.000117776 0.0366046)
(0.154233 -0.000178091 0.0418858)
(0.182774 -0.000261424 0.0506372)
(0.21157 -0.000217741 0.0954374)
(0.196584 0.00026259 0.0842356)
(0.164445 6.84683e-05 0.0533257)
(0.13381 2.9164e-05 0.0467847)
(0.122437 -4.08712e-05 0.0371364)
(0.125032 -0.000101304 0.0336368)
(0.140415 -0.000155173 0.0383325)
(0.166412 -0.000228553 0.0463457)
(0.192573 -0.000194368 0.0871321)
(0.179531 0.000229612 0.0768909)
(0.149873 6.33617e-05 0.0491302)
(0.121686 2.78361e-05 0.043051)
(0.111176 -3.36016e-05 0.0341157)
(0.113481 -8.6931e-05 0.0307585)
(0.127493 -0.00013484 0.0349152)
(0.151118 -0.00019917 0.0422426)
(0.174837 -0.000172964 0.0792736)
(0.1635 0.000199903 0.0699183)
(0.136194 5.81485e-05 0.0450855)
(0.110328 2.61527e-05 0.0394498)
(0.100645 -2.75373e-05 0.031194)
(0.10269 -7.44007e-05 0.0279837)
(0.115428 -0.000116822 0.0316457)
(0.136846 -0.00017296 0.0383361)
(0.158306 -0.000153389 0.0718618)
(0.148458 0.00017325 0.0633232)
(0.123379 5.29413e-05 0.0412038)
(0.0997094 2.42371e-05 0.0359937)
(0.0908143 -2.24908e-05 0.028384)
(0.0926288 -6.34888e-05 0.0253239)
(0.104185 -0.000100877 0.0285334)
(0.123552 -0.000149632 0.0346324)
(0.142924 -0.000135518 0.0648943)
(0.134372 0.00014944 0.057108)
(0.111398 4.78309e-05 0.0374955)
(0.0898021 2.2189e-05 0.0326925)
(0.081657 -1.83014e-05 0.0256961)
(0.0832661 -5.39979e-05 0.0227886)
(0.0937272 -8.6788e-05 0.0255854)
(0.111192 -0.000128922 0.0311357)
(0.128637 -0.000119237 0.0583662)
(0.12121 0.000128263 0.0512733)
(0.100222 4.28891e-05 0.0339688)
(0.080579 2.00888e-05 0.0295546)
(0.0731453 -1.48321e-05 0.0231388)
(0.0745721 -4.57544e-05 0.0203854)
(0.0840202 -7.43623e-05 0.0228073)
(0.0997249 -0.000110584 0.0278485)
(0.115394 -0.00010444 0.0522709)
(0.108939 0.000109513 0.0458171)
(0.0898219 3.81713e-05 0.0306298)
(0.072013 1.7999e-05 0.0265859)
(0.0652525 -1.1966e-05 0.0207189)
(0.0665175 -3.86065e-05 0.01812)
(0.07503 -6.34268e-05 0.0202026)
(0.0891096 -9.43959e-05 0.0247717)
(0.103144 -9.103e-05 0.0465999)
(0.097526 9.29908e-05 0.0407358)
(0.0801684 3.37185e-05 0.0274831)
(0.0640778 1.59679e-05 0.0237909)
(0.0579519 -9.60385e-06 0.0184411)
(0.0590738 -3.24205e-05 0.0159964)
(0.0667236 -5.38268e-05 0.0177733)
(0.0793061 -8.01525e-05 0.0219048)
(0.0918386 -7.89172e-05 0.041343)
(0.0869399 7.85029e-05 0.0360237)
(0.0712324 2.95594e-05 0.0245312)
(0.0567471 1.40312e-05 0.0211722)
(0.0512179 -7.66215e-06 0.0163089)
(0.0522132 -2.70793e-05 0.0140171)
(0.0590689 -4.54234e-05 0.0155196)
(0.0702758 -6.76656e-05 0.019246)
(0.0814313 -6.80162e-05 0.0364889)
(0.0771485 6.58644e-05 0.0316738)
(0.0629851 2.57125e-05 0.0217756)
(0.0499953 1.2214e-05 0.0187312)
(0.0450249 -6.07043e-06 0.0143242)
(0.0459083 -2.24803e-05 0.0121833)
(0.0520347 -3.8092e-05 0.0134409)
(0.0619808 -5.67622e-05 0.0167923)
(0.0718764 -5.82465e-05 0.0320247)
(0.0681197 5.48988e-05 0.0276773)
(0.0553979 2.2187e-05 0.019216)
(0.0437967 1.0533e-05 0.0164676)
(0.0393481 -4.76965e-06 0.0124874)
(0.0401328 -1.85332e-05 0.0104949)
(0.0455905 -3.17203e-05 0.0115349)
(0.0543845 -4.72839e-05 0.0145397)
(0.0631298 -4.95314e-05 0.0279367)
(0.0598221 4.54391e-05 0.0240241)
(0.0484422 1.89852e-05 0.0168509)
(0.0381264 8.99787e-06 0.0143801)
(0.0341631 -3.71044e-06 0.010798)
(0.0348605 -1.51587e-05 0.00895052)
(0.0397068 -2.62072e-05 0.00979854)
(0.0474511 -3.90847e-05 0.0124831)
(0.0551489 -4.17972e-05 0.0242104)
(0.0522241 3.73279e-05 0.0207029)
(0.0420897 1.61029e-05 0.0146777)
(0.0329595 7.61235e-06 0.0124662)
(0.0294458 -2.85167e-06 0.00925426)
(0.0300663 -1.2287e-05 0.00754792)
(0.0343547 -2.14611e-05 0.00822751)
(0.0411456 -3.20309e-05 0.0106168)
(0.0478924 -3.49732e-05 0.0208302)
(0.0452943 3.04178e-05 0.0177014)
(0.0363123 1.35312e-05 0.0126927)
(0.0282716 6.37576e-06 0.0107222)
(0.0251728 -2.15909e-06 0.00785345)
(0.0257253 -9.85626e-06 0.00628386)
(0.0295061 -1.73991e-05 0.00681682)
(0.0354343 -2.59996e-05 0.00893414)
(0.0413203 -2.89909e-05 0.0177802)
(0.0390016 2.45714e-05 0.0150063)
(0.031082 1.12571e-05 0.010891)
(0.0240386 5.28391e-06 0.00914376)
(0.0213209 -1.60433e-06 0.00659198)
(0.0218133 -7.81199e-06 0.00515429)
(0.0251336 -1.39462e-05 0.0055606)
(0.0302842 -2.08784e-05 0.00742797)
(0.0353937 -2.37843e-05 0.015044)
(0.0333148 1.96615e-05 0.0126034)
(0.0263709 9.26474e-06 0.00926706)
(0.0202366 4.32996e-06 0.0077255)
(0.0178674 -1.16382e-06 0.00546548)
(0.0183066 -6.10574e-06 0.00415441)
(0.0212104 -1.10335e-05 0.00445232)
(0.0256629 -1.65635e-05 0.00609039)
(0.030075 -1.92889e-05 0.0126047)
(0.0282028 1.55708e-05 0.0104778)
(0.0221514 7.53574e-06 0.00781447)
(0.016842 3.50514e-06 0.00646138)
(0.0147899 -8.17991e-07 0.00446885)
(0.0151818 -4.69441e-06 0.00327877)
(0.0177103 -8.59859e-06 0.00348486)
(0.021539 -1.296e-05 0.00491304)
(0.025327 -1.54419e-05 0.0104451)
(0.0236348 1.21917e-05 0.00861404)
(0.018396 6.05032e-06 0.00652606)
(0.0138315 2.79943e-06 0.00534472)
(0.0120664 -5.50594e-07 0.00359641)
(0.0124163 -3.53951e-06 0.00252137)
(0.0146077 -6.58414e-06 0.00265062)
(0.0178816 -9.98055e-06 0.00388713)
(0.0211137 -1.21826e-05 0.00854759)
(0.0195799 9.42656e-06 0.00699614)
(0.0150774 4.7877e-06 0.00539405)
(0.011182 2.20208e-06 0.00436825)
(0.00967525 -3.48062e-07 0.00284191)
(0.00998774 -2.60661e-06 0.00187572)
(0.0118775 -4.93778e-06 0.00194155)
(0.0146605 -7.54534e-06 0.00300358)
(0.0174003 -9.45238e-06 0.00689482)
(0.0160074 7.18669e-06 0.00560766)
(0.0121684 3.72662e-06 0.00441012)
(0.00887059 1.70197e-06 0.00352422)
(0.00759508 -1.99015e-07 0.00219867)
(0.00787411 -1.86479e-06 0.0013349)
(0.00949517 -3.61154e-06 0.00134929)
(0.0118462 -5.58144e-06 0.00225301)
(0.0141525 -7.19474e-06 0.00546929)
(0.0128865 5.39231e-06 0.00443185)
(0.0096419 2.84579e-06 0.00356537)
(0.00687476 1.28804e-06 0.00280445)
(0.00580487 -9.38486e-08 0.00165959)
(0.0060539 -1.28624e-06 0.000891647)
(0.00743663 -2.56151e-06 0.000865135)
(0.00940981 -4.0224e-06 0.00162575)
(0.011337 -5.35535e-06 0.00425357)
(0.0101866 3.97219e-06 0.00345171)
(0.00747117 2.12434e-06 0.00285054)
(0.00517207 9.49536e-07 0.00220039)
(0.00428383 -2.43961e-08 0.00121726)
(0.0045059 -8.45931e-07 0.000538401)
(0.00567825 -1.74748e-06 0.000480154)
(0.00732307 -2.80775e-06 0.00111194)
(0.00892093 -3.88225e-06 0.00323029)
(0.00787708 2.86319e-06 0.00265009)
(0.00562948 1.54212e-06 0.00225601)
(0.0037403 6.76225e-07 0.00170322)
(0.00301146 1.63426e-08 0.000863933)
(0.00320927 -5.21272e-07 0.000267346)
(0.00419678 -1.13273e-06 0.000185249)
(0.00555817 -1.88271e-06 0.000701573)
(0.00687219 -2.7261e-06 0.00238228)
(0.00592755 2.00982e-06 0.00200975)
(0.00409034 1.07992e-06 0.00177186)
(0.0025574 4.58556e-07 0.00130386)
(0.00196746 3.44505e-08 0.000591636)
(0.00214342 -2.91927e-07 7.0466e-05)
(0.00296936 -6.83846e-07 -2.88359e-05)
(0.00408789 -1.19788e-06 0.000384532)
(0.00515936 -1.84044e-06 0.00169261)
(0.00430781 1.36381e-06 0.00151348)
(0.00282748 7.19758e-07 0.00138794)
(0.00160148 2.87781e-07 0.000993069)
(0.00113167 3.52637e-08 0.000392211)
(0.001288 -1.39605e-07 -6.04774e-05)
(0.00197354 -3.70527e-07 -0.000171518)
(0.00288554 -7.08991e-07 0.000150629)
(0.00375163 -1.18185e-06 0.00114468)
(0.00298798 8.83648e-07 0.00114413)
(0.00181491 4.4502e-07 0.00109397)
(0.000850741 1.55993e-07 0.00076152)
(0.000483933 2.34668e-08 0.000257326)
(0.000622744 -4.78759e-08 -0.000133942)
(0.00118714 -1.65417e-07 -0.000252345)
(0.00192506 -3.76567e-07 -1.03628e-05)
(0.00261895 -7.10184e-07 0.000722232)
(0.00193861 5.34046e-07 0.000884621)
(0.00102695 2.40536e-07 0.000879595)
(0.000283383 5.60943e-08 0.000599839)
(3.89056e-06 3.14528e-09 0.000178484)
(0.000127253 -2.05808e-09 -0.000158605)
(0.000588242 -4.39414e-08 -0.000281007)
(0.00118096 -1.65691e-07 -0.000108702)
(0.00173202 -3.88709e-07 0.000409497)
(0.00113078 2.85481e-07 0.000717955)
(0.000438297 9.26299e-08 0.000734441)
(-0.000122474 -1.82787e-08 0.000498745)
(-0.000329276 -2.22262e-08 0.000147093)
(-0.000219212 1.08555e-08 -0.000143392)
(0.000155046 1.58145e-08 -0.000267375)
(0.000628461 -4.56928e-08 -0.000154681)
(0.00106228 -1.84159e-07 0.000191158)
(0.000536277 1.13735e-07 0.000627076)
(2.41019e-05 -1.08889e-08 0.000648187)
(-0.000388959 -7.29315e-08 0.000449266)
(-0.00053723 -4.99168e-08 0.000154653)
(-0.000438071 2.19212e-09 -9.7466e-05)
(-0.000134108 3.32171e-08 -0.000221566)
(0.000243481 1.01358e-08 -0.000158674)
(0.000581891 -6.67691e-08 5.23663e-05)
(0.000127458 -5.317e-10 0.000594531)
(-0.000240126 -8.07464e-08 0.000610547)
(-0.000538651 -1.13411e-07 0.00044324)
(-0.00064289 -7.82933e-08 0.000193356)
(-0.000551752 -1.85815e-08 -2.99129e-05)
(-0.000300861 2.51319e-08 -0.00015397)
(2.67984e-06 2.48116e-08 -0.000131303)
(0.00026341 -1.02736e-08 -2.1389e-05)
(-0.000123743 -7.22251e-08 0.00060182)
(-0.000378971 -1.26162e-07 0.000611236)
(-0.000594866 -1.45488e-07 0.000474274)
(-0.000670476 -1.07654e-07 0.00025766)
(-0.000583744 -4.4524e-08 5.14239e-05)
(-0.000367251 5.68959e-09 -7.50987e-05)
(-0.000117286 1.78197e-08 -8.38718e-05)
(7.87787e-05 8.08397e-09 -4.472e-05)
(-0.000248584 -1.1213e-07 0.000627278)
(-0.000418937 -1.54062e-07 0.00063731)
(-0.000581754 -1.74587e-07 0.000535926)
(-0.000642778 -1.4036e-07 0.000344362)
(-0.000555904 -7.18104e-08 0.000140852)
(-0.000356004 -1.44851e-08 4.68774e-06)
(-0.000142464 4.56659e-09 -2.89783e-05)
(-3.24052e-06 7.29922e-09 -3.39006e-05)
(-0.000287551 -1.2773e-07 0.000648821)
(-0.000394645 -1.67933e-07 0.00067208)
(-0.000524201 -2.04063e-07 0.00062294)
(-0.000572209 -1.79457e-07 0.000457197)
(-0.000479059 -1.00707e-07 0.000242149)
(-0.000288389 -3.10354e-08 8.09593e-05)
(-0.000106267 -5.59941e-09 1.92142e-05)
(-1.98903e-05 1.27209e-09 -7.50561e-06)
(-0.000275365 -1.24634e-07 0.000650125)
(-0.000355667 -1.79565e-07 0.000732007)
(-0.000440146 -2.48066e-07 0.000767358)
(-0.000431934 -2.38701e-07 0.000635048)
(-0.000310615 -1.42135e-07 0.000383806)
(-0.00015177 -4.72969e-08 0.000154395)
(-4.33786e-05 -7.551e-09 3.46788e-05)
(-8.5491e-06 -2.30583e-09 1.32054e-05)
)
;
    }
    front
    {
        type            calculated;
        value           nonuniform List<vector> 
640
(
(-53.3202 -2.48182 -2.86755)
(-26.6276 -1.00174 -0.746839)
(-9.05949 -0.223528 0.734838)
(-1.00125 -0.00633215 0.138616)
(-4.2241 0.101517 -1.43398)
(-18.6867 0.778666 -2.39932)
(-42.8504 2.53496 -1.74122)
(-79.0926 6.11226 -2.16596)
(-15.8579 -0.26398 -0.731498)
(-5.09291 -0.036549 -0.52674)
(-0.765477 0.00518791 -0.365143)
(0.238921 0.0104492 -0.428595)
(-0.719303 0.0147651 -0.44867)
(-3.47278 0.0408001 -0.395126)
(-8.9037 0.136325 -0.240147)
(-17.7862 0.400621 -0.400592)
(-5.90262 -0.0326272 -0.513474)
(-0.901749 0.0113546 -0.610349)
(0.855451 0.0124035 -0.512735)
(0.8017 0.0118802 -0.48997)
(0.30844 0.00974599 -0.391106)
(-0.441988 0.00696587 -0.260292)
(-2.17121 0.0106424 -0.165882)
(-4.64067 0.0271247 -0.155673)
(-2.45168 -0.0011111 -0.371146)
(-0.108764 0.0145152 -0.579129)
(0.959871 0.0143209 -0.531853)
(1.00592 0.0134204 -0.506644)
(0.737103 0.011395 -0.4327)
(0.325843 0.00861012 -0.337937)
(-0.434449 0.00692485 -0.27891)
(-1.18564 0.00328587 -0.117507)
(-0.669019 0.00461585 -0.244841)
(0.44917 0.0146961 -0.516616)
(1.03316 0.0148707 -0.511516)
(1.12366 0.0144365 -0.501709)
(1.01675 0.0127979 -0.444583)
(0.858259 0.0104786 -0.361075)
(0.675457 0.00807319 -0.276961)
(0.58608 0.00204747 -0.0309198)
(0.371079 0.00431112 -0.130048)
(0.870365 0.01342 -0.433855)
(1.12982 0.0141109 -0.457245)
(1.19744 0.0144853 -0.471346)
(1.19627 0.0135935 -0.432091)
(1.23561 0.0120407 -0.352409)
(1.3838 0.010319 -0.24162)
(1.6482 0.0048122 0.0648901)
(0.974724 0.00266686 -0.0330837)
(1.13689 0.011728 -0.352319)
(1.20259 0.0128214 -0.392017)
(1.23814 0.0138536 -0.425557)
(1.29744 0.0136361 -0.400093)
(1.45323 0.0127764 -0.322021)
(1.75583 0.0118231 -0.19635)
(2.18307 0.00720295 0.145354)
(1.31171 0.00106502 0.0451048)
(1.28886 0.0100997 -0.279568)
(1.24302 0.0114062 -0.327264)
(1.25265 0.0128423 -0.373069)
(1.34151 0.0130849 -0.356367)
(1.55295 0.0126968 -0.279542)
(1.91228 0.0122544 -0.148939)
(2.38615 0.00823117 0.206668)
(1.48575 -0.000172523 0.106653)
(1.36304 0.0086744 -0.21696)
(1.25516 0.0100395 -0.267439)
(1.24687 0.0116704 -0.319666)
(1.34628 0.0121815 -0.308124)
(1.57622 0.0120756 -0.233176)
(1.94353 0.011932 -0.104259)
(2.40974 0.00825991 0.251893)
(1.56192 -0.0010516 0.154674)
(1.38714 0.00746265 -0.163727)
(1.24628 0.00878807 -0.213931)
(1.22624 0.0104754 -0.268713)
(1.32556 0.0111248 -0.260212)
(1.55406 0.0111793 -0.18793)
(1.90768 0.0112139 -0.0644569)
(2.34653 0.0077818 0.285192)
(1.58032 -0.00165412 0.19214)
(1.38038 0.00643444 -0.118439)
(1.22313 0.00766917 -0.166764)
(1.19537 0.00933342 -0.221861)
(1.28928 0.0100442 -0.215308)
(1.50708 0.0101913 -0.146264)
(1.83924 0.0103437 -0.0299628)
(2.24635 0.00711395 0.309978)
(1.56499 -0.00205878 0.221446)
(1.35501 0.00555595 -0.0797211)
(1.19071 0.00668 -0.125469)
(1.15781 0.00828037 -0.179713)
(1.24416 0.0090108 -0.174581)
(1.44788 0.00921484 -0.109048)
(1.75729 0.00945492 -0.000401344)
(2.13401 0.00641758 0.32866)
(1.53017 -0.00232441 0.244386)
(1.31863 0.00479939 -0.0464518)
(1.15251 0.00581037 -0.0894395)
(1.11616 0.00732869 -0.142282)
(1.19452 0.00805723 -0.13831)
(1.38371 0.0082993 -0.0763171)
(1.67171 0.00860971 0.0248646)
(2.02109 0.00576249 0.342821)
(1.48426 -0.00249161 0.262264)
(1.27587 0.00414353 -0.0177588)
(1.11087 0.00504769 -0.0580659)
(1.07222 0.00647788 -0.109283)
(1.14301 0.0071936 -0.106319)
(1.31852 0.00746289 -0.0477428)
(1.58722 0.00783117 0.046463)
(1.91237 0.0051722 0.35346)
(1.43223 -0.00258786 0.276027)
(1.22955 0.00357217 0.00703045)
(1.06734 0.00437928 -0.030789)
(1.02725 0.00572121 -0.080313)
(1.0912 0.00641842 -0.0782452)
(1.25427 0.00670785 -0.0228888)
(1.50577 0.00712336 0.0649166)
(1.80935 0.00464915 0.361185)
(1.37704 -0.00263186 0.286371)
(1.18144 0.00307279 0.0284398)
(1.02296 0.00379336 -0.00711619)
(0.982063 0.00504957 -0.0549463)
(1.03997 0.00572511 -0.0536774)
(1.19189 0.00602929 -0.00132717)
(1.42796 0.00648224 0.0806329)
(1.71208 0.00418753 0.366374)
(1.3205 -0.00263661 0.293819)
(1.13261 0.00263545 0.0468853)
(0.978423 0.00327949 0.0133767)
(0.937201 0.00445356 -0.0327828)
(0.989817 0.00510544 -0.0322242)
(1.13168 0.00541985 0.0173194)
(1.35377 0.00590112 0.0939259)
(1.62005 0.00377928 0.369281)
(1.26369 -0.00261142 0.298774)
(1.08377 0.00225207 0.0627045)
(0.934203 0.0028286 0.0310513)
(0.89302 0.0039244 -0.0134668)
(0.940975 0.00455123 -0.0135389)
(1.07372 0.00487191 0.0333707)
(1.28295 0.0053731 0.105043)
(1.53267 0.00341662 0.370099)
(1.20731 -0.00256315 0.301559)
(1.03537 0.00191596 0.0761777)
(0.890615 0.00243293 0.0462152)
(0.849751 0.00345431 0.00330958)
(0.893569 0.00405506 0.002677)
(1.01795 0.00437852 0.0470961)
(1.21522 0.00489205 0.11419)
(1.44942 0.00309288 0.368997)
(1.15178 -0.002497 0.302438)
(0.987716 0.00162149 0.0875424)
(0.847877 0.00208583 0.0591315)
(0.807544 0.00303653 0.017811)
(0.847655 0.00361048 0.0166784)
(0.964292 0.00393363 0.0587251)
(1.15033 0.00445278 0.121541)
(1.36988 0.00280264 0.366135)
(1.09738 -0.00241704 0.301634)
(0.941007 0.00136385 0.097004)
(0.806139 0.00178161 0.0700268)
(0.766499 0.00266525 0.0302653)
(0.803253 0.0032119 0.0286847)
(0.912663 0.00353209 0.0684571)
(1.08807 0.00405101 0.127258)
(1.29377 0.00254153 0.361676)
(1.0443 -0.00232653 0.299342)
(0.895384 0.0011389 0.104743)
(0.765504 0.00151535 0.0790993)
(0.726679 0.00233544 0.0408711)
(0.76037 0.00285454 0.0388873)
(0.862992 0.00316949 0.0764694)
(1.02831 0.00368314 0.131488)
(1.22086 0.00230604 0.355782)
(0.99263 -0.00222813 0.295731)
(0.85094 0.000942988 0.110921)
(0.72604 0.00128277 0.0865243)
(0.688124 0.00204272 0.0498037)
(0.719003 0.00253423 0.047456)
(0.815224 0.00284202 0.0829227)
(0.970931 0.00334618 0.13437)
(1.151 0.00209327 0.348612)
(0.942459 -0.00212404 0.290956)
(0.80774 0.00077292 0.115685)
(0.687793 0.00108011 0.0924594)
(0.65086 0.00178322 0.0572198)
(0.679143 0.00224731 0.0545436)
(0.769315 0.00254638 0.0879645)
(0.915855 0.00303752 0.136037)
(1.0841 0.00190081 0.340324)
(0.893823 -0.00201613 0.285158)
(0.765825 0.000625841 0.119168)
(0.650792 0.000904032 0.0970476)
(0.614898 0.00155352 0.063262)
(0.640782 0.00199054 0.0602898)
(0.725227 0.0022796 0.0917319)
(0.863022 0.00275485 0.136614)
(1.02006 0.00172657 0.331071)
(0.846749 -0.00190597 0.278466)
(0.725224 0.000499197 0.121495)
(0.615053 0.000751559 0.10042)
(0.580244 0.00135055 0.0680608)
(0.603905 0.00176098 0.0648233)
(0.682927 0.00203905 0.0943528)
(0.812379 0.00249612 0.136222)
(0.958817 0.00156874 0.320998)
(0.801245 -0.0017949 0.270999)
(0.685952 0.000390692 0.12278)
(0.580582 0.000620021 0.102699)
(0.546896 0.00117155 0.0717371)
(0.568497 0.00155602 0.0682636)
(0.642383 0.00182232 0.0959469)
(0.763879 0.00225946 0.134971)
(0.900295 0.0014257 0.310241)
(0.757314 -0.00168406 0.26287)
(0.648018 0.000298254 0.123131)
(0.54738 0.000507017 0.103996)
(0.514844 0.00101401 0.0744031)
(0.534538 0.00137326 0.070722)
(0.603562 0.00162724 0.0966261)
(0.717477 0.00204313 0.132967)
(0.84443 0.00129601 0.298928)
(0.714951 -0.00157442 0.254181)
(0.611422 0.000220013 0.122649)
(0.515441 0.000410382 0.104417)
(0.484076 0.000875655 0.0761636)
(0.502007 0.00121051 0.0723024)
(0.566431 0.00145179 0.0964953)
(0.673125 0.00184555 0.130308)
(0.791156 0.00117834 0.287178)
(0.674145 -0.00146681 0.24503)
(0.576161 0.000154279 0.121428)
(0.484753 0.000328163 0.10406)
(0.454578 0.00075443 0.0771162)
(0.470879 0.00106578 0.073102)
(0.530954 0.00129416 0.0956523)
(0.630777 0.00166524 0.127087)
(0.740405 0.00107153 0.2751)
(0.634883 -0.0013619 0.235508)
(0.542227 9.95254e-05 0.119556)
(0.455304 0.000258602 0.103017)
(0.426329 0.00064846 0.0773523)
(0.441126 0.000937246 0.0732112)
(0.497092 0.00115265 0.0941881)
(0.590383 0.00150082 0.123388)
(0.692105 0.000974493 0.262794)
(0.597146 -0.00126027 0.225698)
(0.509609 5.43761e-05 0.117115)
(0.427076 0.000200116 0.101374)
(0.399308 0.000556047 0.076957)
(0.412721 0.000823259 0.0727143)
(0.464808 0.00102573 0.0921873)
(0.551893 0.00135102 0.119289)
(0.646184 0.000886268 0.250352)
(0.560915 -0.00116237 0.215678)
(0.478294 1.75918e-05 0.114184)
(0.40005 0.000151283 0.0992102)
(0.373491 0.000475653 0.0760096)
(0.38563 0.000722301 0.0716896)
(0.43406 0.000911982 0.0897284)
(0.515254 0.00121465 0.114863)
(0.602567 0.00080598 0.237856)
(0.526166 -0.00106856 0.205521)
(0.448264 -1.19403e-05 0.110833)
(0.374205 0.000110829 0.0965995)
(0.348852 0.00040589 0.0745836)
(0.359823 0.000632998 0.07021)
(0.404805 0.000810118 0.0868837)
(0.480412 0.00109062 0.110175)
(0.561181 0.000732842 0.225382)
(0.492876 -0.000979109 0.195292)
(0.419501 -3.52166e-05 0.10713)
(0.349517 7.76179e-05 0.0936107)
(0.325364 0.000345504 0.0727474)
(0.335264 0.000554103 0.0683424)
(0.377 0.000718964 0.0837198)
(0.447314 0.000977897 0.105287)
(0.521948 0.000666147 0.212997)
(0.461018 -0.000894211 0.185053)
(0.391984 -5.31271e-05 0.103135)
(0.325962 5.06353e-05 0.0903073)
(0.302999 0.000293368 0.0705639)
(0.31192 0.000484485 0.0661488)
(0.350602 0.000637448 0.0802978)
(0.415904 0.000875555 0.100252)
(0.484795 0.000605262 0.200761)
(0.430565 -0.000813996 0.174859)
(0.365692 -6.64657e-05 0.0989071)
(0.303515 2.89824e-05 0.0867478)
(0.281728 0.000248474 0.0680914)
(0.289754 0.000423124 0.0636862)
(0.325565 0.000564596 0.0766734)
(0.386129 0.000782719 0.0951213)
(0.449645 0.000549622 0.188727)
(0.401489 -0.000738528 0.16476)
(0.340601 -7.59372e-05 0.0944976)
(0.282148 1.18635e-05 0.0829858)
(0.261521 0.000209915 0.0653832)
(0.268732 0.000369099 0.0610065)
(0.301845 0.000499529 0.0728976)
(0.357932 0.000698588 0.0899392)
(0.416424 0.000498723 0.176942)
(0.373759 -0.00066782 0.154803)
(0.316685 -8.21646e-05 0.0899551)
(0.261834 -1.42276e-06 0.0790704)
(0.242346 0.000176886 0.0624881)
(0.248816 0.000321583 0.0581573)
(0.279398 0.000441447 0.0690164)
(0.331259 0.000622422 0.0847461)
(0.385059 0.000452117 0.165447)
(0.347344 -0.000601837 0.145028)
(0.29392 -8.56971e-05 0.0853238)
(0.242545 -1.1492e-05 0.0750466)
(0.224174 0.00014867 0.0594507)
(0.229971 0.000279832 0.0551818)
(0.258179 0.000389628 0.0650713)
(0.306057 0.000553539 0.0795781)
(0.355478 0.000409406 0.154277)
(0.322213 -0.000540508 0.135471)
(0.272278 -8.70162e-05 0.0806436)
(0.224252 -1.88826e-05 0.0709548)
(0.206974 0.00012463 0.0563113)
(0.21216 0.000243183 0.052119)
(0.238144 0.000343424 0.0610998)
(0.282271 0.000491312 0.0744672)
(0.327608 0.000370236 0.143462)
(0.298335 -0.000483724 0.126164)
(0.251732 -8.65428e-05 0.0759508)
(0.206928 -2.40628e-05 0.0668319)
(0.190713 0.000104202 0.0531066)
(0.195347 0.000211039 0.0490042)
(0.21925 0.000302249 0.0571351)
(0.259848 0.000435166 0.0694415)
(0.301382 0.000334296 0.133027)
(0.275677 -0.000431353 0.117136)
(0.232254 -8.46429e-05 0.071278)
(0.190542 -2.74383e-05 0.0627107)
(0.175362 8.68917e-05 0.0498694)
(0.179497 0.000182872 0.0458689)
(0.201453 0.000265576 0.053207)
(0.238738 0.000384571 0.0645258)
(0.27673 0.000301309 0.122992)
(0.254205 -0.000383236 0.10841)
(0.213815 -8.16329e-05 0.0666546)
(0.175066 -2.93586e-05 0.0586208)
(0.160889 7.22617e-05 0.0466292)
(0.164575 0.000158211 0.0427411)
(0.184712 0.000232934 0.0493413)
(0.218889 0.00033904 0.0597414)
(0.253587 0.000271028 0.113375)
(0.233888 -0.000339198 0.100008)
(0.196386 -7.77849e-05 0.0621066)
(0.160472 -3.01231e-05 0.0545883)
(0.147264 5.99302e-05 0.043412)
(0.150546 0.000136635 0.0396458)
(0.168986 0.000203899 0.0455611)
(0.20025 0.000298128 0.0551067)
(0.231888 0.000243237 0.104187)
(0.214692 -0.00029905 0.0919448)
(0.179939 -7.33311e-05 0.0576569)
(0.146729 -2.99864e-05 0.0506362)
(0.134457 4.95635e-05 0.040241)
(0.137377 0.000117776 0.0366047)
(0.154233 0.000178091 0.0418859)
(0.182774 0.000261424 0.0506372)
(0.21157 0.000217741 0.0954374)
(0.196584 -0.00026259 0.0842357)
(0.164445 -6.84683e-05 0.0533257)
(0.13381 -2.91639e-05 0.0467847)
(0.122437 4.08712e-05 0.0371364)
(0.125032 0.000101304 0.0336368)
(0.140415 0.000155173 0.0383325)
(0.166412 0.000228553 0.0463457)
(0.192573 0.000194368 0.0871321)
(0.179531 -0.000229612 0.0768909)
(0.149873 -6.33617e-05 0.0491302)
(0.121686 -2.7836e-05 0.0430509)
(0.111176 3.36016e-05 0.0341157)
(0.113481 8.69309e-05 0.0307585)
(0.127493 0.00013484 0.0349152)
(0.151118 0.00019917 0.0422426)
(0.174837 0.000172964 0.0792736)
(0.1635 -0.000199903 0.0699183)
(0.136194 -5.81486e-05 0.0450855)
(0.110328 -2.61527e-05 0.0394498)
(0.100645 2.75373e-05 0.0311941)
(0.10269 7.44006e-05 0.0279837)
(0.115428 0.000116822 0.0316457)
(0.136846 0.00017296 0.0383361)
(0.158306 0.000153389 0.0718618)
(0.148458 -0.00017325 0.0633232)
(0.123379 -5.29413e-05 0.0412038)
(0.0997094 -2.4237e-05 0.0359936)
(0.0908143 2.24907e-05 0.028384)
(0.0926288 6.34887e-05 0.0253239)
(0.104185 0.000100877 0.0285334)
(0.123552 0.000149632 0.0346324)
(0.142924 0.000135518 0.0648943)
(0.134372 -0.00014944 0.057108)
(0.111398 -4.78309e-05 0.0374955)
(0.0898021 -2.2189e-05 0.0326925)
(0.081657 1.83014e-05 0.0256961)
(0.0832661 5.39978e-05 0.0227886)
(0.0937272 8.67879e-05 0.0255854)
(0.111192 0.000128922 0.0311357)
(0.128637 0.000119237 0.0583662)
(0.12121 -0.000128263 0.0512732)
(0.100222 -4.28891e-05 0.0339688)
(0.080579 -2.00887e-05 0.0295546)
(0.0731453 1.48321e-05 0.0231389)
(0.0745721 4.57544e-05 0.0203855)
(0.0840202 7.43622e-05 0.0228073)
(0.0997249 0.000110584 0.0278485)
(0.115394 0.00010444 0.0522709)
(0.108939 -0.000109513 0.0458171)
(0.0898219 -3.81713e-05 0.0306298)
(0.072013 -1.7999e-05 0.0265859)
(0.0652525 1.19659e-05 0.0207189)
(0.0665175 3.86064e-05 0.01812)
(0.07503 6.34268e-05 0.0202026)
(0.0891096 9.43959e-05 0.0247717)
(0.103144 9.103e-05 0.0465999)
(0.097526 -9.29908e-05 0.0407358)
(0.0801684 -3.37185e-05 0.0274831)
(0.0640778 -1.5968e-05 0.0237909)
(0.0579519 9.60382e-06 0.0184411)
(0.0590738 3.24204e-05 0.0159964)
(0.0667236 5.38268e-05 0.0177733)
(0.0793061 8.01525e-05 0.0219048)
(0.0918386 7.89171e-05 0.041343)
(0.0869399 -7.85029e-05 0.0360237)
(0.0712324 -2.95594e-05 0.0245312)
(0.0567472 -1.40312e-05 0.0211722)
(0.0512179 7.66212e-06 0.0163089)
(0.0522132 2.70793e-05 0.0140171)
(0.0590689 4.54234e-05 0.0155196)
(0.0702758 6.76656e-05 0.019246)
(0.0814313 6.80162e-05 0.0364888)
(0.0771485 -6.58644e-05 0.0316738)
(0.0629851 -2.57125e-05 0.0217756)
(0.0499953 -1.2214e-05 0.0187312)
(0.0450249 6.07041e-06 0.0143242)
(0.0459083 2.24803e-05 0.0121833)
(0.0520347 3.8092e-05 0.0134409)
(0.0619808 5.67622e-05 0.0167923)
(0.0718764 5.82465e-05 0.0320247)
(0.0681198 -5.48988e-05 0.0276773)
(0.0553979 -2.2187e-05 0.019216)
(0.0437967 -1.0533e-05 0.0164676)
(0.0393481 4.76964e-06 0.0124874)
(0.0401328 1.85332e-05 0.0104949)
(0.0455905 3.17203e-05 0.011535)
(0.0543845 4.72839e-05 0.0145397)
(0.0631298 4.95314e-05 0.0279367)
(0.0598221 -4.54391e-05 0.0240241)
(0.0484422 -1.89852e-05 0.016851)
(0.0381264 -8.99788e-06 0.0143801)
(0.0341631 3.71045e-06 0.010798)
(0.0348605 1.51587e-05 0.00895053)
(0.0397068 2.62072e-05 0.00979854)
(0.0474511 3.90847e-05 0.0124831)
(0.0551489 4.17972e-05 0.0242104)
(0.0522241 -3.73279e-05 0.0207029)
(0.0420897 -1.61029e-05 0.0146778)
(0.0329595 -7.61235e-06 0.0124662)
(0.0294458 2.85168e-06 0.00925426)
(0.0300663 1.22869e-05 0.00754793)
(0.0343547 2.14611e-05 0.00822752)
(0.0411456 3.20309e-05 0.0106167)
(0.0478924 3.49731e-05 0.0208302)
(0.0452943 -3.04178e-05 0.0177014)
(0.0363123 -1.35312e-05 0.0126927)
(0.0282716 -6.37576e-06 0.0107222)
(0.0251728 2.1591e-06 0.00785345)
(0.0257253 9.85625e-06 0.00628387)
(0.0295061 1.73991e-05 0.00681683)
(0.0354343 2.59996e-05 0.00893414)
(0.0413203 2.89909e-05 0.0177802)
(0.0390016 -2.45714e-05 0.0150063)
(0.031082 -1.12572e-05 0.010891)
(0.0240386 -5.28391e-06 0.00914376)
(0.0213209 1.60434e-06 0.00659198)
(0.0218133 7.81199e-06 0.0051543)
(0.0251336 1.39461e-05 0.00556061)
(0.0302842 2.08784e-05 0.00742797)
(0.0353937 2.37843e-05 0.015044)
(0.0333148 -1.96615e-05 0.0126034)
(0.0263709 -9.26476e-06 0.00926707)
(0.0202366 -4.32996e-06 0.0077255)
(0.0178674 1.16383e-06 0.00546547)
(0.0183066 6.10574e-06 0.00415441)
(0.0212104 1.10335e-05 0.00445233)
(0.0256629 1.65635e-05 0.00609039)
(0.030075 1.92889e-05 0.0126047)
(0.0282028 -1.55708e-05 0.0104778)
(0.0221514 -7.53576e-06 0.00781448)
(0.016842 -3.50514e-06 0.00646138)
(0.0147899 8.17998e-07 0.00446885)
(0.0151818 4.69441e-06 0.00327877)
(0.0177103 8.59858e-06 0.00348487)
(0.021539 1.296e-05 0.00491304)
(0.025327 1.54419e-05 0.0104451)
(0.0236348 -1.21917e-05 0.00861404)
(0.018396 -6.05032e-06 0.00652606)
(0.0138315 -2.79944e-06 0.00534472)
(0.0120664 5.50597e-07 0.00359641)
(0.0124163 3.53951e-06 0.00252137)
(0.0146077 6.58414e-06 0.00265062)
(0.0178816 9.98055e-06 0.00388713)
(0.0211137 1.21826e-05 0.00854759)
(0.0195799 -9.42656e-06 0.00699614)
(0.0150774 -4.7877e-06 0.00539406)
(0.011182 -2.20208e-06 0.00436825)
(0.00967525 3.48062e-07 0.00284191)
(0.00998775 2.60661e-06 0.00187572)
(0.0118775 4.93778e-06 0.00194156)
(0.0146605 7.54533e-06 0.00300358)
(0.0174003 9.45238e-06 0.00689482)
(0.0160074 -7.18669e-06 0.00560766)
(0.0121684 -3.72662e-06 0.00441012)
(0.00887059 -1.70197e-06 0.00352422)
(0.00759509 1.99015e-07 0.00219867)
(0.00787412 1.86479e-06 0.0013349)
(0.00949518 3.61154e-06 0.00134929)
(0.0118462 5.58144e-06 0.00225301)
(0.0141525 7.19474e-06 0.00546929)
(0.0128865 -5.39231e-06 0.00443185)
(0.00964191 -2.84579e-06 0.00356537)
(0.00687476 -1.28804e-06 0.00280445)
(0.00580487 9.38475e-08 0.0016596)
(0.0060539 1.28625e-06 0.000891648)
(0.00743663 2.56151e-06 0.000865136)
(0.00940981 4.0224e-06 0.00162575)
(0.011337 5.35535e-06 0.00425357)
(0.0101866 -3.97219e-06 0.00345171)
(0.00747117 -2.12435e-06 0.00285054)
(0.00517207 -9.49537e-07 0.00220039)
(0.00428383 2.43954e-08 0.00121726)
(0.00450591 8.45932e-07 0.000538401)
(0.00567825 1.74748e-06 0.000480154)
(0.00732307 2.80775e-06 0.00111194)
(0.00892093 3.88225e-06 0.00323029)
(0.00787708 -2.86319e-06 0.00265008)
(0.00562948 -1.54212e-06 0.00225601)
(0.0037403 -6.76226e-07 0.00170322)
(0.00301146 -1.63433e-08 0.000863934)
(0.00320927 5.21272e-07 0.000267346)
(0.00419678 1.13273e-06 0.000185249)
(0.00555817 1.88271e-06 0.000701573)
(0.00687219 2.7261e-06 0.00238228)
(0.00592755 -2.00982e-06 0.00200975)
(0.00409034 -1.07992e-06 0.00177186)
(0.00255741 -4.58557e-07 0.00130386)
(0.00196746 -3.44511e-08 0.000591637)
(0.00214342 2.91928e-07 7.04661e-05)
(0.00296936 6.83846e-07 -2.88357e-05)
(0.00408789 1.19788e-06 0.000384531)
(0.00515935 1.84044e-06 0.00169261)
(0.00430781 -1.36381e-06 0.00151348)
(0.00282749 -7.19759e-07 0.00138794)
(0.00160149 -2.87781e-07 0.000993069)
(0.00113167 -3.52642e-08 0.000392213)
(0.00128801 1.39605e-07 -6.04771e-05)
(0.00197354 3.70528e-07 -0.000171518)
(0.00288554 7.08991e-07 0.000150628)
(0.00375163 1.18185e-06 0.00114468)
(0.00298798 -8.83649e-07 0.00114413)
(0.00181492 -4.45021e-07 0.00109397)
(0.000850743 -1.55993e-07 0.00076152)
(0.000483934 -2.34671e-08 0.000257328)
(0.000622745 4.7876e-08 -0.000133941)
(0.00118715 1.65417e-07 -0.000252346)
(0.00192506 3.76567e-07 -1.03634e-05)
(0.00261895 7.10184e-07 0.000722232)
(0.00193861 -5.34047e-07 0.000884623)
(0.00102695 -2.40536e-07 0.000879594)
(0.000283386 -5.60948e-08 0.000599839)
(3.89158e-06 -3.14539e-09 0.000178485)
(0.000127253 2.05815e-09 -0.000158604)
(0.000588244 4.39417e-08 -0.000281007)
(0.00118096 1.65692e-07 -0.000108701)
(0.00173202 3.88709e-07 0.000409497)
(0.00113078 -2.85482e-07 0.000717958)
(0.000438299 -9.26304e-08 0.00073444)
(-0.000122472 1.82781e-08 0.000498744)
(-0.000329274 2.22261e-08 0.000147094)
(-0.000219212 -1.08554e-08 -0.000143391)
(0.000155047 -1.58144e-08 -0.000267375)
(0.000628462 4.56931e-08 -0.00015468)
(0.00106228 1.84159e-07 0.000191158)
(0.000536278 -1.13735e-07 0.000627078)
(2.41026e-05 1.08888e-08 0.000648188)
(-0.000388957 7.2931e-08 0.000449265)
(-0.000537229 4.99166e-08 0.000154653)
(-0.000438071 -2.19203e-09 -9.74656e-05)
(-0.000134108 -3.3217e-08 -0.000221565)
(0.000243481 -1.01354e-08 -0.000158672)
(0.00058189 6.67688e-08 5.23662e-05)
(0.000127458 5.31558e-10 0.000594531)
(-0.000240125 8.07464e-08 0.000610548)
(-0.000538649 1.1341e-07 0.00044324)
(-0.000642888 7.8293e-08 0.000193355)
(-0.000551752 1.85816e-08 -2.99126e-05)
(-0.00030086 -2.51319e-08 -0.00015397)
(2.68066e-06 -2.48111e-08 -0.000131302)
(0.000263408 1.02735e-08 -2.13883e-05)
(-0.000123743 7.22248e-08 0.000601819)
(-0.000378969 1.26161e-07 0.000611235)
(-0.000594865 1.45488e-07 0.000474273)
(-0.000670475 1.07653e-07 0.000257659)
(-0.000583744 4.45242e-08 5.14243e-05)
(-0.00036725 -5.68954e-09 -7.5098e-05)
(-0.000117284 -1.78191e-08 -8.38707e-05)
(7.87784e-05 -8.08399e-09 -4.47198e-05)
(-0.000248583 1.12129e-07 0.000627276)
(-0.000418935 1.54061e-07 0.000637308)
(-0.000581753 1.74586e-07 0.000535925)
(-0.000642778 1.4036e-07 0.000344361)
(-0.000555904 7.18108e-08 0.000140852)
(-0.000356003 1.44852e-08 4.68865e-06)
(-0.000142462 -4.56719e-09 -2.89793e-05)
(-3.23837e-06 -7.3005e-09 -3.39054e-05)
(-0.000287549 1.27729e-07 0.000648818)
(-0.000394643 1.67932e-07 0.000672078)
(-0.000524198 2.04062e-07 0.000622938)
(-0.000572208 1.79456e-07 0.000457196)
(-0.000479058 1.00707e-07 0.00024215)
(-0.000288391 3.10361e-08 8.09609e-05)
(-0.000106265 5.59951e-09 1.92156e-05)
(-1.98885e-05 -1.27193e-09 -7.50489e-06)
(-0.000275365 1.24633e-07 0.000650121)
(-0.000355667 1.79564e-07 0.000732005)
(-0.000440143 2.48064e-07 0.000767355)
(-0.000431932 2.38699e-07 0.000635046)
(-0.000310614 1.42136e-07 0.000383806)
(-0.00015177 4.72974e-08 0.000154397)
(-4.33791e-05 7.55105e-09 3.46806e-05)
(-8.54848e-06 2.30563e-09 1.3203e-05)
)
;
    }
    top
    {
        type            calculated;
        value           nonuniform List<vector> 
640
(
(-55.2453 -0.992392 -2.75129)
(-69.6926 -8.36474 -4.61401)
(-83.4198 -6.5797 -6.4574)
(-90.1183 -2.26782 -7.42299)
(-90.1183 2.26782 -7.42299)
(-83.4198 6.5797 -6.4574)
(-69.6926 8.36474 -4.61401)
(-55.2453 0.992392 -2.75129)
(-26.0437 -0.102281 -0.746476)
(-31.1053 -1.55387 -1.03028)
(-32.5908 -1.70931 -1.13672)
(-33.2749 -0.66292 -1.18496)
(-33.2749 0.66292 -1.18496)
(-32.5908 1.70931 -1.13672)
(-31.1053 1.55387 -1.03028)
(-26.0437 0.102281 -0.746476)
(-34.0193 0.0715359 -1.28621)
(-36.5968 -0.503544 -1.42127)
(-36.4573 -0.688833 -1.39426)
(-36.2996 -0.30099 -1.37779)
(-36.2996 0.30099 -1.37779)
(-36.4573 0.688833 -1.39426)
(-36.5968 0.503544 -1.42127)
(-34.0193 -0.0715359 -1.28621)
(-48.7766 0.0956463 -2.65714)
(-50.8974 -0.0368306 -2.78384)
(-51.5249 -0.205317 -2.80007)
(-51.6795 -0.117167 -2.79879)
(-51.6795 0.117167 -2.79879)
(-51.5249 0.205317 -2.80007)
(-50.8974 0.0368306 -2.78384)
(-48.7766 -0.0956463 -2.65714)
(-62.0647 0.116156 -4.35424)
(-63.7142 0.304161 -4.45818)
(-64.7542 0.151241 -4.52506)
(-65.1941 0.0287051 -4.55382)
(-65.1941 -0.0287051 -4.55382)
(-64.7542 -0.151241 -4.52506)
(-63.7142 -0.304161 -4.45818)
(-62.0647 -0.116156 -4.35424)
(-73.5567 0.0922621 -6.22091)
(-74.7479 0.473587 -6.29191)
(-75.743 0.352648 -6.37007)
(-76.246 0.116537 -6.41315)
(-76.246 -0.116537 -6.41315)
(-75.743 -0.352648 -6.37007)
(-74.7479 -0.473587 -6.29191)
(-73.5567 -0.0922621 -6.22091)
(-83.6085 0.0411801 -8.2072)
(-84.3901 0.523217 -8.24185)
(-85.1821 0.439392 -8.30831)
(-85.6276 0.158497 -8.35114)
(-85.6276 -0.158497 -8.35114)
(-85.1821 -0.439392 -8.30831)
(-84.3901 -0.523217 -8.24185)
(-83.6085 -0.0411801 -8.2072)
(-92.4383 -0.0155989 -10.2747)
(-92.8774 0.509178 -10.2729)
(-93.442 0.459091 -10.3183)
(-93.7883 0.172412 -10.3529)
(-93.7883 -0.172412 -10.3529)
(-93.442 -0.459091 -10.3183)
(-92.8774 -0.509178 -10.2729)
(-92.4383 0.0155989 -10.2747)
(-100.195 -0.0662815 -12.3905)
(-100.37 0.469468 -12.3556)
(-100.729 0.446137 -12.3772)
(-100.973 0.171748 -12.4003)
(-100.973 -0.171748 -12.4003)
(-100.729 -0.446137 -12.3772)
(-100.37 -0.469468 -12.3556)
(-100.195 0.0662815 -12.3905)
(-106.996 -0.106101 -14.5268)
(-106.978 0.42647 -14.4638)
(-107.169 0.422144 -14.4623)
(-107.321 0.165226 -14.473)
(-107.321 -0.165226 -14.473)
(-107.169 -0.422144 -14.4623)
(-106.978 -0.42647 -14.4638)
(-106.996 0.106101 -14.5268)
(-112.934 -0.134273 -16.6599)
(-112.78 0.391197 -16.5737)
(-112.841 0.398945 -16.5515)
(-112.919 0.157833 -16.5507)
(-112.919 -0.157833 -16.5507)
(-112.841 -0.398945 -16.5515)
(-112.78 -0.391197 -16.5737)
(-112.934 0.134273 -16.6599)
(-118.085 -0.151906 -18.7686)
(-117.837 0.367535 -18.6635)
(-117.802 0.381851 -18.6237)
(-117.824 0.151991 -18.6128)
(-117.824 -0.151991 -18.6128)
(-117.802 -0.381851 -18.6237)
(-117.837 -0.367535 -18.6635)
(-118.085 0.151906 -18.7686)
(-122.509 -0.160796 -20.8334)
(-122.197 0.355501 -20.7129)
(-122.093 0.372323 -20.6588)
(-122.073 0.148553 -20.6395)
(-122.073 -0.148553 -20.6395)
(-122.093 -0.372323 -20.6588)
(-122.197 -0.355501 -20.7129)
(-122.509 0.160796 -20.8334)
(-126.256 -0.162809 -22.8367)
(-125.901 0.353336 -22.7036)
(-125.749 0.369821 -22.6379)
(-125.699 0.147515 -22.6119)
(-125.699 -0.147515 -22.6119)
(-125.749 -0.369821 -22.6379)
(-125.901 -0.353336 -22.7036)
(-126.256 0.162809 -22.8367)
(-129.37 -0.159609 -24.7624)
(-128.984 0.358718 -24.6187)
(-128.799 0.372961 -24.5438)
(-128.729 0.148477 -24.5126)
(-128.729 -0.148477 -24.5126)
(-128.799 -0.372961 -24.5438)
(-128.984 -0.358718 -24.6187)
(-129.37 0.159609 -24.7624)
(-131.891 -0.152556 -26.5965)
(-131.482 0.369393 -26.4435)
(-131.274 0.380168 -26.3614)
(-131.19 0.150917 -26.326)
(-131.19 -0.150917 -26.326)
(-131.274 -0.380168 -26.3614)
(-131.482 -0.369393 -26.4435)
(-131.891 0.152556 -26.5965)
(-133.854 -0.142711 -28.3267)
(-133.427 0.383456 -28.1656)
(-133.202 0.390006 -28.0774)
(-133.108 0.154329 -28.0388)
(-133.108 -0.154329 -28.0388)
(-133.202 -0.390006 -28.0774)
(-133.427 -0.383456 -28.1656)
(-133.854 0.142711 -28.3267)
(-135.294 -0.13087 -29.9428)
(-134.851 0.399427 -29.7741)
(-134.615 0.40131 -29.681)
(-134.514 0.158288 -29.6397)
(-134.514 -0.158288 -29.6397)
(-134.615 -0.40131 -29.681)
(-134.851 -0.399427 -29.7741)
(-135.294 0.13087 -29.9428)
(-136.244 -0.117622 -31.4363)
(-135.786 0.416225 -31.2604)
(-135.54 0.413201 -31.163)
(-135.435 0.162471 -31.1196)
(-135.435 -0.162471 -31.1196)
(-135.54 -0.413201 -31.163)
(-135.786 -0.416225 -31.2604)
(-136.244 0.117622 -31.4363)
(-136.736 -0.103398 -32.8005)
(-136.264 0.433101 -32.6178)
(-136.01 0.425061 -32.5165)
(-135.9 0.166643 -32.4714)
(-135.9 -0.166643 -32.4714)
(-136.01 -0.425061 -32.5165)
(-136.264 -0.433101 -32.6178)
(-136.736 0.103398 -32.8005)
(-136.799 -0.0885145 -34.0305)
(-136.314 0.449556 -33.8412)
(-136.053 0.436475 -33.7363)
(-135.94 0.170647 -33.6896)
(-135.94 -0.170648 -33.6896)
(-136.053 -0.436475 -33.7363)
(-136.314 -0.449556 -33.8412)
(-136.799 0.0885145 -34.0305)
(-136.465 -0.0732092 -35.1227)
(-135.965 0.465277 -34.927)
(-135.698 0.447185 -34.8188)
(-135.582 0.174385 -34.7706)
(-135.582 -0.174385 -34.7706)
(-135.698 -0.447185 -34.8188)
(-135.965 -0.465277 -34.927)
(-136.465 0.0732093 -35.1227)
(-135.76 -0.0576653 -36.0751)
(-135.248 0.480073 -35.8731)
(-134.974 0.457038 -35.7618)
(-134.856 0.177798 -35.7123)
(-134.856 -0.177798 -35.7123)
(-134.974 -0.457038 -35.7618)
(-135.248 -0.480073 -35.8731)
(-135.76 0.0576653 -36.0751)
(-134.713 -0.042029 -36.8867)
(-134.189 0.493837 -36.6789)
(-133.909 0.465955 -36.5645)
(-133.788 0.180854 -36.5138)
(-133.788 -0.180854 -36.5138)
(-133.909 -0.465955 -36.5645)
(-134.189 -0.493837 -36.6789)
(-134.713 0.0420291 -36.8867)
(-133.35 -0.0264218 -37.5581)
(-132.814 0.506512 -37.3445)
(-132.529 0.4739 -37.2274)
(-132.406 0.183542 -37.1755)
(-132.406 -0.183542 -37.1755)
(-132.529 -0.4739 -37.2274)
(-132.814 -0.506512 -37.3445)
(-133.35 0.0264218 -37.5581)
(-131.698 -0.0109478 -38.0905)
(-131.151 0.518072 -37.8716)
(-130.86 0.480867 -37.7518)
(-130.734 0.185859 -37.6988)
(-130.734 -0.185859 -37.6988)
(-130.86 -0.480868 -37.7518)
(-131.151 -0.518072 -37.8716)
(-131.698 0.0109478 -38.0905)
(-129.779 0.00430145 -38.4863)
(-129.222 0.528509 -38.2624)
(-128.927 0.486866 -38.1401)
(-128.799 0.187811 -38.0862)
(-128.799 -0.187811 -38.0862)
(-128.927 -0.486866 -38.1401)
(-129.222 -0.528509 -38.2624)
(-129.779 -0.00430144 -38.4863)
(-127.619 0.0192443 -38.7485)
(-127.053 0.537822 -38.52)
(-126.753 0.491911 -38.3955)
(-126.624 0.189404 -38.3406)
(-126.624 -0.189404 -38.3406)
(-126.753 -0.491911 -38.3955)
(-127.053 -0.537822 -38.52)
(-127.619 -0.0192443 -38.7485)
(-125.238 0.0338075 -38.881)
(-124.665 0.546018 -38.6483)
(-124.361 0.496025 -38.5218)
(-124.231 0.190648 -38.4661)
(-124.231 -0.190648 -38.4661)
(-124.361 -0.496025 -38.5218)
(-124.665 -0.546018 -38.6483)
(-125.238 -0.0338075 -38.881)
(-122.66 0.0479248 -38.8882)
(-122.08 0.553106 -38.6518)
(-121.773 0.499229 -38.5236)
(-121.641 0.191554 -38.4672)
(-121.641 -0.191554 -38.4672)
(-121.773 -0.499229 -38.5236)
(-122.08 -0.553106 -38.6518)
(-122.66 -0.0479248 -38.8882)
(-119.904 0.0615374 -38.775)
(-119.319 0.559096 -38.5355)
(-119.01 0.501545 -38.4057)
(-118.876 0.192129 -38.3487)
(-118.876 -0.192129 -38.3487)
(-119.01 -0.501545 -38.4057)
(-119.319 -0.559096 -38.5355)
(-119.904 -0.0615374 -38.775)
(-116.99 0.0745926 -38.5469)
(-116.401 0.563998 -38.3047)
(-116.09 0.502995 -38.1737)
(-115.956 0.192385 -38.1163)
(-115.956 -0.192385 -38.1163)
(-116.09 -0.502995 -38.1737)
(-116.401 -0.563999 -38.3047)
(-116.99 -0.0745925 -38.5469)
(-113.936 0.0870444 -38.2096)
(-113.344 0.567827 -37.9653)
(-113.032 0.503601 -37.8334)
(-112.898 0.19233 -37.7756)
(-112.898 -0.19233 -37.7756)
(-113.032 -0.503601 -37.8334)
(-113.344 -0.567827 -37.9653)
(-113.936 -0.0870444 -38.2096)
(-110.761 0.0988531 -37.7692)
(-110.168 0.570597 -37.5233)
(-109.855 0.503386 -37.3908)
(-109.72 0.191974 -37.3328)
(-109.72 -0.191974 -37.3328)
(-109.855 -0.503386 -37.3908)
(-110.168 -0.570597 -37.5233)
(-110.761 -0.0988531 -37.7692)
(-107.48 0.109985 -37.2321)
(-106.887 0.572323 -36.9852)
(-106.574 0.502371 -36.8523)
(-106.44 0.191325 -36.7942)
(-106.44 -0.191325 -36.7942)
(-106.574 -0.502371 -36.8523)
(-106.887 -0.572323 -36.9852)
(-107.48 -0.109985 -37.2321)
(-104.11 0.120412 -36.6046)
(-103.518 0.573023 -36.3573)
(-103.206 0.500578 -36.2243)
(-103.072 0.190394 -36.1663)
(-103.072 -0.190394 -36.1663)
(-103.206 -0.500578 -36.2243)
(-103.518 -0.573023 -36.3573)
(-104.11 -0.120412 -36.6046)
(-100.666 0.130112 -35.8935)
(-100.077 0.572718 -35.6463)
(-99.7664 0.498032 -35.5136)
(-99.6329 0.189189 -35.4557)
(-99.6329 -0.189189 -35.4557)
(-99.7664 -0.498032 -35.5136)
(-100.077 -0.572718 -35.6463)
(-100.666 -0.130112 -35.8935)
(-97.1622 0.139067 -35.1054)
(-96.5767 0.571428 -34.8588)
(-96.2685 0.494754 -34.7267)
(-96.136 0.18772 -34.6691)
(-96.136 -0.18772 -34.6691)
(-96.2685 -0.494754 -34.7267)
(-96.5767 -0.571428 -34.8588)
(-97.1622 -0.139067 -35.1054)
(-93.6121 0.147264 -34.247)
(-93.0315 0.569177 -34.0017)
(-92.7262 0.490769 -33.8705)
(-92.5949 0.185995 -33.8133)
(-92.5949 -0.185996 -33.8133)
(-92.7262 -0.490769 -33.8705)
(-93.0315 -0.569177 -34.0017)
(-93.6121 -0.147264 -34.247)
(-90.0285 0.154696 -33.3251)
(-89.4539 0.56599 -33.0816)
(-89.152 0.486101 -32.9515)
(-89.0222 0.184026 -32.8948)
(-89.0222 -0.184026 -32.8948)
(-89.152 -0.486101 -32.9515)
(-89.4539 -0.56599 -33.0816)
(-90.0285 -0.154696 -33.3251)
(-86.4233 0.161359 -32.3463)
(-85.8558 0.561892 -32.1051)
(-85.5579 0.480775 -31.9764)
(-85.4299 0.18182 -31.9204)
(-85.4299 -0.18182 -31.9204)
(-85.5579 -0.480775 -31.9764)
(-85.8558 -0.561892 -32.1051)
(-86.4233 -0.161359 -32.3463)
(-82.8079 0.167253 -31.3172)
(-82.2486 0.556912 -31.0787)
(-81.9551 0.474816 -30.9517)
(-81.8291 0.179388 -30.8966)
(-81.8291 -0.179388 -30.8966)
(-81.9551 -0.474816 -30.9517)
(-82.2486 -0.556912 -31.0787)
(-82.8079 -0.167253 -31.3172)
(-79.193 0.172381 -30.2443)
(-78.6427 0.551077 -30.0091)
(-78.3544 0.468249 -29.884)
(-78.2305 0.176739 -29.8297)
(-78.2305 -0.176739 -29.8297)
(-78.3544 -0.468249 -29.884)
(-78.6427 -0.551078 -30.0091)
(-79.193 -0.172381 -30.2443)
(-75.5885 0.176751 -29.1339)
(-75.0483 0.544419 -28.9024)
(-74.7654 0.461099 -28.7795)
(-74.644 0.173883 -28.7262)
(-74.644 -0.173883 -28.7262)
(-74.7654 -0.461099 -28.7795)
(-75.0483 -0.544419 -28.9024)
(-75.5885 -0.176751 -29.1339)
(-72.004 0.180372 -27.9922)
(-71.4746 0.536966 -27.7649)
(-71.1977 0.453393 -27.6444)
(-71.0789 0.17083 -27.5922)
(-71.0789 -0.17083 -27.5922)
(-71.1977 -0.453393 -27.6444)
(-71.4746 -0.536966 -27.7649)
(-72.004 -0.180372 -27.9922)
(-68.4483 0.183256 -26.8252)
(-67.9305 0.528751 -26.6024)
(-67.6599 0.445155 -26.4845)
(-67.5439 0.167588 -26.4335)
(-67.5439 -0.167588 -26.4335)
(-67.6599 -0.445155 -26.4845)
(-67.9305 -0.528751 -26.6024)
(-68.4483 -0.183256 -26.8252)
(-64.9296 0.185418 -25.6387)
(-64.424 0.519805 -25.4208)
(-64.1602 0.436412 -25.3057)
(-64.0471 0.164168 -25.256)
(-64.0471 -0.164168 -25.256)
(-64.1602 -0.436412 -25.3057)
(-64.424 -0.519805 -25.4208)
(-64.9296 -0.185418 -25.6387)
(-61.4557 0.186875 -24.4384)
(-60.963 0.510159 -24.2257)
(-60.7063 0.427188 -24.1136)
(-60.5963 0.160578 -24.0651)
(-60.5963 -0.160578 -24.0651)
(-60.7063 -0.427188 -24.1136)
(-60.963 -0.510159 -24.2257)
(-61.4557 -0.186875 -24.4384)
(-58.0338 0.187645 -23.2295)
(-57.5546 0.499847 -23.0224)
(-57.3052 0.417509 -22.9134)
(-57.1984 0.156829 -22.8663)
(-57.1984 -0.156829 -22.8663)
(-57.3052 -0.417509 -22.9134)
(-57.5546 -0.499847 -23.0224)
(-58.0338 -0.187645 -23.2295)
(-54.6707 0.187749 -22.0173)
(-54.2054 0.488899 -21.816)
(-53.9636 0.4074 -21.7102)
(-53.8601 0.152929 -21.6646)
(-53.8601 -0.152929 -21.6646)
(-53.9636 -0.4074 -21.7102)
(-54.2054 -0.488899 -21.816)
(-54.6707 -0.187749 -22.0173)
(-51.3727 0.187208 -20.8067)
(-50.9217 0.477349 -20.6113)
(-50.6876 0.396885 -20.5089)
(-50.5875 0.148887 -20.4648)
(-50.5875 -0.148887 -20.4648)
(-50.6876 -0.396885 -20.5089)
(-50.9217 -0.477349 -20.6113)
(-51.3727 -0.187208 -20.8067)
(-48.1457 0.186045 -19.6022)
(-47.7093 0.465228 -19.4131)
(-47.4831 0.385988 -19.3142)
(-47.3865 0.144711 -19.2716)
(-47.3865 -0.144711 -19.2716)
(-47.4831 -0.385988 -19.3142)
(-47.7093 -0.465228 -19.4131)
(-48.1456 -0.186045 -19.6022)
(-44.9949 0.184283 -18.4084)
(-44.5734 0.452568 -18.2257)
(-44.3553 0.374732 -18.1303)
(-44.2622 0.140411 -18.0893)
(-44.2622 -0.140411 -18.0893)
(-44.3553 -0.374732 -18.1303)
(-44.5734 -0.452568 -18.2257)
(-44.9949 -0.184283 -18.4084)
(-41.9255 0.181948 -17.2294)
(-41.519 0.4394 -17.0532)
(-41.3091 0.363142 -16.9614)
(-41.2196 0.135995 -16.922)
(-41.2196 -0.135995 -16.922)
(-41.3091 -0.363142 -16.9614)
(-41.519 -0.4394 -17.0532)
(-41.9255 -0.181948 -17.2294)
(-38.942 0.179065 -16.0692)
(-38.5507 0.425756 -15.8995)
(-38.349 0.351239 -15.8113)
(-38.2631 0.131471 -15.7735)
(-38.2631 -0.131471 -15.7735)
(-38.349 -0.351239 -15.8113)
(-38.5507 -0.425756 -15.8995)
(-38.942 -0.179065 -16.0692)
(-36.0488 0.175659 -14.9312)
(-35.6728 0.411666 -14.7682)
(-35.4793 0.339046 -14.6836)
(-35.3969 0.126847 -14.6474)
(-35.3969 -0.126846 -14.6474)
(-35.4793 -0.339046 -14.6836)
(-35.6728 -0.411666 -14.7682)
(-36.0488 -0.175659 -14.9312)
(-33.2497 0.171756 -13.8191)
(-32.8889 0.39716 -13.6627)
(-32.7036 0.326584 -13.5818)
(-32.6249 0.12213 -13.5472)
(-32.6249 -0.12213 -13.5472)
(-32.7036 -0.326584 -13.5818)
(-32.8889 -0.39716 -13.6627)
(-33.2497 -0.171756 -13.8191)
(-30.5484 0.167382 -12.7359)
(-30.2027 0.382268 -12.5861)
(-30.0256 0.313875 -12.5088)
(-29.9504 0.117328 -12.4759)
(-29.9504 -0.117328 -12.4759)
(-30.0256 -0.313875 -12.5088)
(-30.2027 -0.382268 -12.5861)
(-30.5484 -0.167382 -12.7359)
(-27.948 0.162564 -11.6845)
(-27.6173 0.367017 -11.5413)
(-27.4483 0.300937 -11.4677)
(-27.3767 0.112448 -11.4363)
(-27.3767 -0.112448 -11.4363)
(-27.4483 -0.300937 -11.4677)
(-27.6173 -0.367017 -11.5413)
(-27.948 -0.162564 -11.6845)
(-25.4515 0.157328 -10.6677)
(-25.1357 0.351435 -10.531)
(-24.9747 0.287789 -10.4609)
(-24.9065 0.107496 -10.4312)
(-24.9065 -0.107496 -10.4312)
(-24.9747 -0.287789 -10.4609)
(-25.1357 -0.351435 -10.531)
(-25.4515 -0.157328 -10.6677)
(-23.0616 0.151702 -9.68777)
(-22.7605 0.335551 -9.55757)
(-22.6073 0.274453 -9.491)
(-22.5426 0.102481 -9.46276)
(-22.5426 -0.102481 -9.46276)
(-22.6073 -0.274453 -9.491)
(-22.7605 -0.335551 -9.55757)
(-23.0616 -0.151702 -9.68777)
(-20.7808 0.145711 -8.74708)
(-20.4939 0.319391 -8.6232)
(-20.3484 0.260946 -8.56005)
(-20.2871 0.0974073 -8.53332)
(-20.2871 -0.0974074 -8.53332)
(-20.3484 -0.260946 -8.56005)
(-20.4939 -0.319391 -8.6232)
(-20.7808 -0.145711 -8.74708)
(-18.6111 0.139378 -7.84759)
(-18.3383 0.302975 -7.72988)
(-18.2003 0.247282 -7.67009)
(-18.1422 0.0922811 -7.64483)
(-18.1422 -0.0922812 -7.64483)
(-18.2003 -0.247282 -7.67009)
(-18.3383 -0.302975 -7.72988)
(-18.6111 -0.139377 -7.84759)
(-16.5546 0.132724 -6.9911)
(-16.2953 0.28632 -6.87939)
(-16.1646 0.23347 -6.82284)
(-16.1097 0.0871045 -6.79903)
(-16.1097 -0.0871046 -6.79903)
(-16.1646 -0.23347 -6.82284)
(-16.2953 -0.28632 -6.87939)
(-16.5546 -0.132724 -6.99109)
(-14.6127 0.125772 -6.17916)
(-14.3666 0.269443 -6.07328)
(-14.243 0.219517 -6.01988)
(-14.1912 0.0818797 -5.99746)
(-14.1912 -0.0818797 -5.99746)
(-14.243 -0.219517 -6.01988)
(-14.3666 -0.269443 -6.07328)
(-14.6127 -0.125772 -6.17916)
(-12.787 0.118542 -5.41319)
(-12.5537 0.252353 -5.31293)
(-12.4369 0.205426 -5.26258)
(-12.3882 0.0766058 -5.24151)
(-12.3882 -0.0766058 -5.24151)
(-12.4369 -0.205426 -5.26258)
(-12.5537 -0.252352 -5.31293)
(-12.787 -0.118542 -5.41319)
(-11.0788 0.111047 -4.69439)
(-10.8577 0.235043 -4.59954)
(-10.7476 0.191186 -4.55214)
(-10.7018 0.0712792 -4.53239)
(-10.7018 -0.0712793 -4.53239)
(-10.7476 -0.191186 -4.55214)
(-10.8577 -0.235043 -4.59954)
(-11.0788 -0.111047 -4.69439)
(-9.48894 0.103291 -4.02378)
(-9.27977 0.217493 -3.93414)
(-9.17612 0.176773 -3.88961)
(-9.13323 0.0658905 -3.87114)
(-9.13323 -0.0658906 -3.87114)
(-9.17612 -0.176773 -3.88961)
(-9.27977 -0.217493 -3.93414)
(-9.48894 -0.103291 -4.02378)
(-8.01842 0.0952666 -3.40224)
(-7.82069 0.199655 -3.31762)
(-7.7234 0.162142 -3.27589)
(-7.68342 0.0604203 -3.25871)
(-7.68342 -0.0604204 -3.25871)
(-7.7234 -0.162142 -3.27589)
(-7.82069 -0.199655 -3.31762)
(-8.01842 -0.0952666 -3.40224)
(-6.66787 0.0869481 -2.83048)
(-6.48126 0.181443 -2.75072)
(-6.39034 0.147216 -2.71178)
(-6.35334 0.05484 -2.69591)
(-6.35334 -0.05484 -2.69591)
(-6.39034 -0.147216 -2.71178)
(-6.48126 -0.181443 -2.75072)
(-6.66787 -0.0869481 -2.83048)
(-5.43782 0.0782867 -2.30907)
(-5.26219 0.162728 -2.23409)
(-5.17783 0.13189 -2.19802)
(-5.14399 0.0491104 -2.18352)
(-5.14399 -0.0491105 -2.18352)
(-5.17783 -0.13189 -2.19802)
(-5.26218 -0.162728 -2.23409)
(-5.43782 -0.0782867 -2.30907)
(-4.32869 0.0692048 -1.83846)
(-4.16419 0.143332 -1.76832)
(-4.08684 0.116026 -1.73528)
(-4.05645 0.0431843 -1.72229)
(-4.05645 -0.0431844 -1.72229)
(-4.08684 -0.116027 -1.73528)
(-4.16419 -0.143332 -1.76832)
(-4.32869 -0.0692048 -1.83846)
(-3.3409 0.0595955 -1.41906)
(-3.18818 0.12304 -1.35401)
(-3.11861 0.0994816 -1.32434)
(-3.0921 0.0370157 -1.31302)
(-3.0921 -0.0370158 -1.31302)
(-3.11861 -0.0994816 -1.32434)
(-3.18818 -0.12304 -1.35401)
(-3.3409 -0.0595955 -1.41906)
(-2.47512 0.0493332 -1.05131)
(-2.33556 0.101647 -0.991921)
(-2.27489 0.0821578 -0.966073)
(-2.25279 0.0305843 -0.95665)
(-2.25279 -0.0305844 -0.956649)
(-2.27489 -0.0821578 -0.966073)
(-2.33556 -0.101647 -0.99192)
(-2.47512 -0.0493332 -1.05131)
(-1.73271 0.0383159 -0.735911)
(-1.60863 0.0790871 -0.683148)
(-1.55823 0.0641181 -0.6617)
(-1.54106 0.0239379 -0.654382)
(-1.54106 -0.0239378 -0.654381)
(-1.55823 -0.064118 -0.661699)
(-1.60863 -0.0790872 -0.683147)
(-1.73271 -0.038316 -0.735911)
(-1.11633 0.0265781 -0.474048)
(-1.01118 0.0556846 -0.42937)
(-0.972369 0.0457792 -0.412866)
(-0.960384 0.0172573 -0.407764)
(-0.960382 -0.0172567 -0.407764)
(-0.972367 -0.045779 -0.412865)
(-1.01118 -0.0556849 -0.42937)
(-1.11633 -0.0265784 -0.47405)
(-0.630707 0.0145245 -0.267774)
(-0.548931 0.0325883 -0.233046)
(-0.522378 0.0281677 -0.221763)
(-0.51537 0.0109266 -0.218783)
(-0.51537 -0.0109256 -0.218783)
(-0.522379 -0.0281678 -0.221764)
(-0.548933 -0.0325891 -0.233047)
(-0.630711 -0.0145249 -0.267775)
(-0.282406 0.00323871 -0.11987)
(-0.228415 0.0121466 -0.0969519)
(-0.213949 0.0130566 -0.0908095)
(-0.211136 0.00555326 -0.0896134)
(-0.211142 -0.00555317 -0.0896161)
(-0.213957 -0.013057 -0.0908126)
(-0.228421 -0.0121471 -0.0969543)
(-0.282405 -0.0032388 -0.119869)
(-0.071627 -0.00482289 -0.0303962)
(-0.0490317 -0.0017056 -0.0208081)
(-0.0460534 0.00273802 -0.0195444)
(-0.0464273 0.00183896 -0.0197027)
(-0.0464354 -0.00184161 -0.0197061)
(-0.0460617 -0.00273756 -0.0195479)
(-0.0490309 0.00170623 -0.0208078)
(-0.0716256 0.00482305 -0.0303956)
(0.0167766 -0.00547139 0.0071164)
(0.00929944 -0.00321078 0.00394048)
(0.00548059 -0.000373721 0.00231998)
(0.00313979 0.000275109 0.00132675)
(0.00314504 -0.000276887 0.00132896)
(0.0054866 0.000374202 0.00232252)
(0.00930274 0.00321136 0.0039419)
(0.0167835 0.00547163 0.00711932)
)
;
    }
    bottom
    {
        type            calculated;
        value           nonuniform List<vector> 
640
(
(-64.1302 -6.22226 0.949033)
(-76.2185 -8.76209 -0.585613)
(-86.4037 -5.84497 -1.87609)
(-91.1759 -1.93787 -2.50793)
(-91.1759 1.93787 -2.50793)
(-86.4037 5.84497 -1.87609)
(-76.2185 8.76209 -0.585613)
(-64.1302 6.22226 0.949033)
(-39.2938 -1.79459 2.62057)
(-42.8917 -3.04124 2.37346)
(-44.2928 -2.34733 2.25526)
(-45.0535 -0.823602 2.19176)
(-45.0535 0.823602 2.19176)
(-44.2928 2.34733 2.25526)
(-42.8917 3.04124 2.37346)
(-39.2938 1.79459 2.62057)
(-46.1067 -0.86102 2.0349)
(-48.6497 -1.61326 1.8713)
(-48.7831 -1.3554 1.86753)
(-48.8599 -0.508182 1.86086)
(-48.8599 0.508182 1.86086)
(-48.7831 1.3554 1.86753)
(-48.6497 1.61326 1.8713)
(-46.1067 0.86102 2.0349)
(-59.1811 -0.435214 0.691186)
(-61.6258 -0.891262 0.501937)
(-62.2089 -0.818482 0.467072)
(-62.3699 -0.325998 0.456144)
(-62.3699 0.325998 0.456144)
(-62.2089 0.818482 0.467072)
(-61.6258 0.891262 0.501937)
(-59.1811 0.435214 0.691186)
(-72.3835 -0.124783 -1.04807)
(-74.2513 -0.355669 -1.21379)
(-75.086 -0.389966 -1.28264)
(-75.3787 -0.168377 -1.30777)
(-75.3787 0.168377 -1.30777)
(-75.086 0.389966 -1.28264)
(-74.2513 0.355669 -1.21379)
(-72.3835 0.124783 -1.04807)
(-84.6196 0.0989025 -3.05038)
(-85.8653 0.00718412 -3.16866)
(-86.6367 -0.0854989 -3.24289)
(-86.9605 -0.0513821 -3.27529)
(-86.9605 0.051382 -3.27529)
(-86.6367 0.0854989 -3.24289)
(-85.8653 -0.00718412 -3.16866)
(-84.6196 -0.0989025 -3.05038)
(-95.6533 0.257175 -5.23444)
(-96.3754 0.24412 -5.30027)
(-96.9508 0.11712 -5.35978)
(-97.2279 0.0280816 -5.39024)
(-97.2279 -0.0280816 -5.39024)
(-96.9508 -0.11712 -5.35978)
(-96.3754 -0.24412 -5.30027)
(-95.6533 -0.257175 -5.23444)
(-105.453 0.368542 -7.53636)
(-105.765 0.398885 -7.55113)
(-106.122 0.249124 -7.58631)
(-106.317 0.0801449 -7.6082)
(-106.317 -0.0801449 -7.6082)
(-106.122 -0.249124 -7.58631)
(-105.765 -0.398885 -7.55113)
(-105.453 -0.368542 -7.53636)
(-114.055 0.447522 -9.90367)
(-114.067 0.502474 -9.87309)
(-114.232 0.336065 -9.88158)
(-114.342 0.114284 -9.89178)
(-114.342 -0.114285 -9.89178)
(-114.232 -0.336065 -9.88158)
(-114.067 -0.502474 -9.87309)
(-114.055 -0.447522 -9.90367)
(-121.524 0.504851 -12.2924)
(-121.331 0.575309 -12.2245)
(-121.348 0.395784 -12.2082)
(-121.384 0.137465 -12.2063)
(-121.384 -0.137465 -12.2063)
(-121.348 -0.395784 -12.2082)
(-121.331 -0.575309 -12.2245)
(-121.524 -0.504851 -12.2924)
(-127.935 0.547803 -14.666)
(-127.613 0.629988 -14.5691)
(-127.523 0.439606 -14.5319)
(-127.503 0.154221 -14.5192)
(-127.503 -0.154221 -14.5192)
(-127.523 -0.439606 -14.5319)
(-127.613 -0.629988 -14.5691)
(-127.935 -0.547803 -14.666)
(-133.365 0.580982 -16.9939)
(-132.969 0.6738 -16.876)
(-132.811 0.474198 -16.8225)
(-132.751 0.167265 -16.801)
(-132.751 -0.167265 -16.801)
(-132.811 -0.474198 -16.8225)
(-132.969 -0.6738 -16.876)
(-133.365 -0.580982 -16.9939)
(-137.889 0.607199 -19.251)
(-137.461 0.710728 -19.119)
(-137.263 0.503235 -19.0537)
(-137.178 0.178111 -19.0254)
(-137.178 -0.178111 -19.0254)
(-137.263 -0.503235 -19.0537)
(-137.461 -0.710728 -19.119)
(-137.889 -0.607199 -19.251)
(-141.577 0.628151 -21.4164)
(-141.146 0.742838 -21.276)
(-140.929 0.528614 -21.2028)
(-140.831 0.187552 -21.1698)
(-140.831 -0.187552 -21.1698)
(-140.929 -0.528614 -21.2028)
(-141.146 -0.742838 -21.276)
(-141.577 -0.628151 -21.4164)
(-144.496 0.644877 -23.4728)
(-144.08 0.771154 -23.3288)
(-143.86 0.551257 -23.2509)
(-143.756 0.195975 -23.2149)
(-143.756 -0.195975 -23.2149)
(-143.86 -0.551257 -23.2509)
(-144.08 -0.771154 -23.3288)
(-144.496 -0.644877 -23.4728)
(-146.706 0.658043 -25.4062)
(-146.318 0.796178 -25.2622)
(-146.105 0.571583 -25.1824)
(-146.001 0.203558 -25.1447)
(-146.001 -0.203558 -25.1447)
(-146.105 -0.571583 -25.1824)
(-146.318 -0.796178 -25.2622)
(-146.706 -0.658043 -25.4062)
(-148.264 0.668108 -27.2053)
(-147.911 0.818174 -27.0643)
(-147.711 0.589787 -26.9845)
(-147.612 0.21038 -26.9463)
(-147.612 -0.21038 -26.9463)
(-147.711 -0.589787 -26.9845)
(-147.911 -0.818174 -27.0643)
(-148.264 -0.668108 -27.2053)
(-149.22 0.675417 -28.8612)
(-148.908 0.837311 -28.7254)
(-148.725 0.605968 -28.6472)
(-148.633 0.21648 -28.6094)
(-148.633 -0.21648 -28.6094)
(-148.725 -0.605968 -28.6472)
(-148.908 -0.837311 -28.7254)
(-149.22 -0.675417 -28.8612)
(-149.625 0.680243 -30.3672)
(-149.355 0.853726 -30.2385)
(-149.192 0.620199 -30.1632)
(-149.109 0.221882 -30.1263)
(-149.109 -0.221882 -30.1263)
(-149.192 -0.620199 -30.1632)
(-149.355 -0.853727 -30.2385)
(-149.625 -0.680243 -30.3672)
(-149.522 0.682822 -31.7186)
(-149.296 0.867551 -31.5984)
(-149.154 0.632551 -31.5268)
(-149.08 0.22661 -31.4915)
(-149.08 -0.22661 -31.4915)
(-149.154 -0.632551 -31.5268)
(-149.296 -0.867551 -31.5984)
(-149.522 -0.682822 -31.7186)
(-148.954 0.683356 -32.9125)
(-148.772 0.878912 -32.8019)
(-148.652 0.643097 -32.7348)
(-148.587 0.230688 -32.7014)
(-148.587 -0.230688 -32.7014)
(-148.652 -0.643097 -32.7348)
(-148.772 -0.878912 -32.8019)
(-148.954 -0.683356 -32.9125)
(-147.961 0.682026 -33.9475)
(-147.822 0.887935 -33.8474)
(-147.724 0.651913 -33.7854)
(-147.669 0.234142 -33.7541)
(-147.669 -0.234142 -33.7541)
(-147.724 -0.651913 -33.7854)
(-147.822 -0.887935 -33.8474)
(-147.961 -0.682026 -33.9475)
(-146.582 0.678998 -34.8239)
(-146.484 0.894744 -34.7349)
(-146.407 0.659076 -34.6784)
(-146.361 0.236996 -34.6494)
(-146.361 -0.236996 -34.6494)
(-146.407 -0.659076 -34.6784)
(-146.484 -0.894744 -34.7349)
(-146.582 -0.678998 -34.8239)
(-144.85 0.67442 -35.5431)
(-144.793 0.899456 -35.4657)
(-144.736 0.66466 -35.4148)
(-144.7 0.239278 -35.3885)
(-144.7 -0.239278 -35.3885)
(-144.736 -0.66466 -35.4148)
(-144.793 -0.899456 -35.4657)
(-144.85 -0.67442 -35.5431)
(-142.8 0.668431 -36.1076)
(-142.782 0.902185 -36.0421)
(-142.745 0.66874 -35.9972)
(-142.717 0.241013 -35.9734)
(-142.717 -0.241013 -35.9734)
(-142.745 -0.66874 -35.9972)
(-142.782 -0.902185 -36.0421)
(-142.8 -0.668431 -36.1076)
(-140.464 0.66116 -36.5211)
(-140.481 0.90304 -36.4675)
(-140.463 0.671388 -36.4287)
(-140.444 0.242225 -36.4076)
(-140.444 -0.242225 -36.4076)
(-140.463 -0.671388 -36.4287)
(-140.481 -0.90304 -36.4675)
(-140.464 -0.66116 -36.5211)
(-137.87 0.652728 -36.788)
(-137.922 0.902127 -36.7464)
(-137.921 0.672674 -36.7136)
(-137.911 0.242939 -36.6953)
(-137.911 -0.242939 -36.6953)
(-137.921 -0.672674 -36.7136)
(-137.922 -0.902127 -36.7464)
(-137.87 -0.652728 -36.788)
(-135.048 0.643249 -36.9135)
(-135.132 0.899547 -36.8837)
(-135.147 0.672665 -36.8569)
(-135.145 0.243178 -36.8414)
(-135.145 -0.243178 -36.8414)
(-135.147 -0.672665 -36.8569)
(-135.132 -0.899547 -36.8837)
(-135.048 -0.643249 -36.9135)
(-132.024 0.632832 -36.9034)
(-132.137 0.895401 -36.8851)
(-132.168 0.67143 -36.8643)
(-132.172 0.242966 -36.8515)
(-132.172 -0.242966 -36.8515)
(-132.168 -0.67143 -36.8643)
(-132.137 -0.895401 -36.8851)
(-132.024 -0.632832 -36.9034)
(-128.822 0.62158 -36.7639)
(-128.962 0.889786 -36.7569)
(-129.007 0.669033 -36.7419)
(-129.018 0.242326 -36.7317)
(-129.018 -0.242326 -36.7317)
(-129.007 -0.669033 -36.7419)
(-128.962 -0.889786 -36.7569)
(-128.822 -0.62158 -36.7639)
(-125.466 0.609588 -36.502)
(-125.63 0.882798 -36.5058)
(-125.688 0.665541 -36.4963)
(-125.705 0.241281 -36.4887)
(-125.705 -0.241281 -36.4887)
(-125.688 -0.665541 -36.4963)
(-125.63 -0.882798 -36.5058)
(-125.466 -0.609588 -36.502)
(-121.978 0.596951 -36.1245)
(-122.164 0.874529 -36.1386)
(-122.233 0.661016 -36.1345)
(-122.256 0.239852 -36.1294)
(-122.256 -0.239852 -36.1294)
(-122.233 -0.661016 -36.1345)
(-122.164 -0.874529 -36.1386)
(-121.978 -0.596951 -36.1245)
(-118.378 0.583755 -35.6389)
(-118.583 0.865068 -35.6627)
(-118.663 0.655523 -35.6637)
(-118.691 0.238063 -35.6609)
(-118.691 -0.238064 -35.6609)
(-118.663 -0.655523 -35.6637)
(-118.583 -0.865068 -35.6627)
(-118.378 -0.583755 -35.6389)
(-114.685 0.570081 -35.0524)
(-114.908 0.854504 -35.0853)
(-114.997 0.649121 -35.0911)
(-115.029 0.235935 -35.0906)
(-115.029 -0.235935 -35.0906)
(-114.997 -0.649121 -35.0911)
(-114.908 -0.854504 -35.0853)
(-114.685 -0.570081 -35.0524)
(-110.918 0.556006 -34.3728)
(-111.155 0.842918 -34.4141)
(-111.252 0.64187 -34.4244)
(-111.288 0.233489 -34.426)
(-111.288 -0.233489 -34.426)
(-111.252 -0.64187 -34.4244)
(-111.155 -0.842918 -34.4141)
(-110.918 -0.556006 -34.3728)
(-107.092 0.541602 -33.6076)
(-107.342 0.830393 -33.6566)
(-107.446 0.633828 -33.6709)
(-107.486 0.230745 -33.6745)
(-107.486 -0.230745 -33.6745)
(-107.446 -0.633828 -33.6709)
(-107.342 -0.830393 -33.6566)
(-107.092 -0.541602 -33.6076)
(-103.224 0.526935 -32.7644)
(-103.484 0.817003 -32.8202)
(-103.594 0.625049 -32.8384)
(-103.636 0.227724 -32.8438)
(-103.636 -0.227724 -32.8438)
(-103.594 -0.625049 -32.8384)
(-103.484 -0.817003 -32.8202)
(-103.224 -0.526935 -32.7644)
(-99.3278 0.512067 -31.8506)
(-99.5954 0.802824 -31.9126)
(-99.71 0.615588 -31.9342)
(-99.7552 0.224444 -31.9412)
(-99.7552 -0.224444 -31.9412)
(-99.71 -0.615588 -31.9342)
(-99.5954 -0.802824 -31.9126)
(-99.3278 -0.512067 -31.8506)
(-95.4166 0.497055 -30.8737)
(-95.6902 0.787925 -30.9412)
(-95.8085 0.605495 -30.9657)
(-95.8557 0.220923 -30.9742)
(-95.8557 -0.220923 -30.9742)
(-95.8085 -0.605495 -30.9657)
(-95.6902 -0.787925 -30.9412)
(-95.4166 -0.497055 -30.8737)
(-91.5032 0.48195 -29.841)
(-91.7807 0.772369 -29.9131)
(-91.9018 0.594818 -29.9403)
(-91.9506 0.217179 -29.9501)
(-91.9506 -0.21718 -29.9501)
(-91.9018 -0.594818 -29.9403)
(-91.7807 -0.772369 -29.9131)
(-91.5032 -0.48195 -29.841)
(-87.599 0.466801 -28.7595)
(-87.8786 0.756221 -28.8355)
(-88.0015 0.583603 -28.8649)
(-88.0514 0.21323 -28.8759)
(-88.0514 -0.21323 -28.8759)
(-88.0015 -0.583603 -28.8649)
(-87.8786 -0.756221 -28.8355)
(-87.599 -0.466801 -28.7595)
(-83.7147 0.45165 -27.6363)
(-83.9946 0.739537 -27.7153)
(-84.1184 0.571894 -27.7466)
(-84.1691 0.209089 -27.7586)
(-84.1691 -0.209089 -27.7586)
(-84.1184 -0.571894 -27.7466)
(-83.9946 -0.739537 -27.7153)
(-83.7147 -0.45165 -27.6363)
(-79.8601 0.436536 -26.4779)
(-80.1386 0.722373 -26.5592)
(-80.2625 0.559733 -26.5921)
(-80.3136 0.204774 -26.6049)
(-80.3136 -0.204774 -26.6049)
(-80.2625 -0.559734 -26.5921)
(-80.1386 -0.722373 -26.5592)
(-79.8601 -0.436536 -26.4779)
(-76.0443 0.421495 -25.2908)
(-76.3199 0.704781 -25.3738)
(-76.443 0.54716 -25.4078)
(-76.4942 0.200298 -25.4213)
(-76.4942 -0.200298 -25.4213)
(-76.443 -0.54716 -25.4078)
(-76.3199 -0.704781 -25.3738)
(-76.0443 -0.421495 -25.2908)
(-72.2756 0.406557 -24.0813)
(-72.5469 0.686808 -24.1652)
(-72.6686 0.53421 -24.2)
(-72.7195 0.195674 -24.214)
(-72.7195 -0.195674 -24.214)
(-72.6686 -0.53421 -24.2)
(-72.5469 -0.686808 -24.1652)
(-72.2756 -0.406557 -24.0813)
(-68.5619 0.391751 -22.8552)
(-68.8274 0.6685 -22.9394)
(-68.947 0.52092 -22.9747)
(-68.9973 0.190916 -22.9891)
(-68.9973 -0.190917 -22.9891)
(-68.947 -0.52092 -22.9747)
(-68.8274 -0.6685 -22.9394)
(-68.5619 -0.391751 -22.8552)
(-64.91 0.377099 -21.6183)
(-65.1686 0.649898 -21.7021)
(-65.2854 0.507322 -21.7376)
(-65.3348 0.186036 -21.7522)
(-65.3348 -0.186037 -21.7522)
(-65.2854 -0.507322 -21.7376)
(-65.1686 -0.649898 -21.7021)
(-64.91 -0.377099 -21.6183)
(-61.3265 0.362624 -20.376)
(-61.577 0.631041 -20.4587)
(-61.6905 0.493448 -20.4941)
(-61.7388 0.181046 -20.5087)
(-61.7388 -0.181046 -20.5087)
(-61.6905 -0.493448 -20.4941)
(-61.577 -0.631041 -20.4587)
(-61.3265 -0.362624 -20.376)
(-57.8173 0.348343 -19.1333)
(-58.0586 0.611966 -19.2144)
(-58.1683 0.479326 -19.2494)
(-58.2152 0.175955 -19.264)
(-58.2152 -0.175955 -19.264)
(-58.1683 -0.479326 -19.2494)
(-58.0586 -0.611966 -19.2144)
(-57.8173 -0.348343 -19.1333)
(-54.3878 0.334272 -17.8951)
(-54.619 0.592706 -17.9741)
(-54.7244 0.464983 -18.0084)
(-54.7697 0.170775 -18.0228)
(-54.7697 -0.170775 -18.0228)
(-54.7244 -0.464983 -18.0084)
(-54.619 -0.592706 -17.9741)
(-54.3878 -0.334272 -17.8951)
(-51.0428 0.320421 -16.6659)
(-51.2631 0.573292 -16.7423)
(-51.3638 0.450446 -16.7757)
(-51.4073 0.165514 -16.7899)
(-51.4073 -0.165515 -16.7899)
(-51.3638 -0.450446 -16.7757)
(-51.2631 -0.573292 -16.7423)
(-51.0428 -0.320421 -16.6659)
(-47.7869 0.306801 -15.4501)
(-47.9955 0.553751 -15.5234)
(-48.0912 0.435738 -15.5557)
(-48.1327 0.160183 -15.5694)
(-48.1327 -0.160183 -15.5694)
(-48.0912 -0.435738 -15.5556)
(-47.9955 -0.553751 -15.5234)
(-47.7869 -0.306801 -15.4501)
(-44.6239 0.293419 -14.2515)
(-44.8203 0.53411 -14.3214)
(-44.9106 0.42088 -14.3522)
(-44.9499 0.154788 -14.3655)
(-44.9499 -0.154788 -14.3655)
(-44.9106 -0.42088 -14.3522)
(-44.8203 -0.53411 -14.3214)
(-44.6239 -0.293419 -14.2515)
(-41.5576 0.280281 -13.0739)
(-41.7412 0.514393 -13.1399)
(-41.8258 0.405894 -13.1692)
(-41.8629 0.149338 -13.1819)
(-41.8629 -0.149338 -13.1819)
(-41.8258 -0.405894 -13.1692)
(-41.7412 -0.514393 -13.1399)
(-41.5576 -0.280281 -13.0739)
(-38.5912 0.267389 -11.9207)
(-38.7616 0.494621 -11.9826)
(-38.8402 0.3908 -12.0102)
(-38.875 0.143841 -12.0222)
(-38.875 -0.14384 -12.0222)
(-38.8402 -0.3908 -12.0102)
(-38.7616 -0.494621 -11.9826)
(-38.5912 -0.267389 -11.9207)
(-35.7275 0.254745 -10.7951)
(-35.8843 0.474814 -10.8525)
(-35.9569 0.375613 -10.8782)
(-35.9892 0.138302 -10.8896)
(-35.9892 -0.138302 -10.8896)
(-35.9569 -0.375613 -10.8782)
(-35.8843 -0.474814 -10.8525)
(-35.7275 -0.254745 -10.7951)
(-32.9693 0.242348 -9.69995)
(-33.1122 0.454989 -9.75272)
(-33.1786 0.360352 -9.77644)
(-33.2083 0.132729 -9.78697)
(-33.2083 -0.132728 -9.78697)
(-33.1786 -0.360352 -9.77644)
(-33.1122 -0.454989 -9.75272)
(-32.9693 -0.242348 -9.69995)
(-30.3187 0.230197 -8.63798)
(-30.4476 0.435164 -8.68587)
(-30.5075 0.34503 -8.70748)
(-30.5346 0.127126 -8.71718)
(-30.5346 -0.127126 -8.71718)
(-30.5075 -0.34503 -8.70748)
(-30.4476 -0.435164 -8.68587)
(-30.3187 -0.230197 -8.63798)
(-27.7778 0.218286 -7.61158)
(-27.8925 0.415351 -7.65443)
(-27.946 0.329663 -7.67383)
(-27.9705 0.121501 -7.68265)
(-27.9705 -0.121501 -7.68265)
(-27.946 -0.329663 -7.67383)
(-27.8925 -0.415351 -7.65443)
(-27.7778 -0.218286 -7.61158)
(-25.3483 0.206613 -6.62294)
(-25.4488 0.395563 -6.66062)
(-25.4958 0.314261 -6.67775)
(-25.5176 0.115856 -6.68565)
(-25.5176 -0.115856 -6.68565)
(-25.4958 -0.314261 -6.67775)
(-25.4488 -0.395563 -6.66062)
(-25.3483 -0.206613 -6.62294)
(-23.0317 0.195169 -5.67403)
(-23.1181 0.375811 -5.70645)
(-23.1586 0.298836 -5.72125)
(-23.1777 0.110197 -5.7282)
(-23.1777 -0.110197 -5.7282)
(-23.1586 -0.298836 -5.72124)
(-23.1181 -0.375811 -5.70645)
(-23.0317 -0.195169 -5.67403)
(-20.8294 0.183948 -4.76659)
(-20.9016 0.356103 -4.7937)
(-20.9357 0.283397 -4.80612)
(-20.9521 0.104527 -4.81211)
(-20.9521 -0.104527 -4.81211)
(-20.9357 -0.283397 -4.80612)
(-20.9016 -0.356103 -4.7937)
(-20.8294 -0.183948 -4.76659)
(-18.7424 0.172941 -3.90218)
(-18.8007 0.336444 -3.92395)
(-18.8284 0.267952 -3.93398)
(-18.8421 0.0988494 -3.93898)
(-18.8421 -0.0988495 -3.93898)
(-18.8284 -0.267952 -3.93398)
(-18.8007 -0.336444 -3.92395)
(-18.7424 -0.17294 -3.90218)
(-16.7716 0.162134 -3.08215)
(-16.8161 0.316836 -3.09859)
(-16.8375 0.252503 -3.10622)
(-16.8485 0.0931653 -3.11023)
(-16.8485 -0.0931653 -3.11023)
(-16.8375 -0.252503 -3.10622)
(-16.8161 -0.316836 -3.09859)
(-16.7716 -0.162134 -3.08215)
(-14.9177 0.151517 -2.30767)
(-14.9488 0.297277 -2.31882)
(-14.9639 0.237049 -2.32407)
(-14.9724 0.087474 -2.3271)
(-14.9724 -0.087474 -2.3271)
(-14.9639 -0.237049 -2.32407)
(-14.9488 -0.297277 -2.31882)
(-14.9177 -0.151517 -2.30767)
(-13.1814 0.141073 -1.57976)
(-13.1992 0.277758 -1.58569)
(-13.2083 0.221583 -1.58858)
(-13.2143 0.0817724 -1.59064)
(-13.2143 -0.0817724 -1.59064)
(-13.2083 -0.221583 -1.58858)
(-13.1992 -0.277758 -1.58569)
(-13.1814 -0.141073 -1.57976)
(-11.5629 0.130779 -0.899262)
(-11.5679 0.258255 -0.900056)
(-11.5712 0.206088 -0.900652)
(-11.5747 0.076054 -0.901779)
(-11.5747 -0.076054 -0.901779)
(-11.5712 -0.206088 -0.900651)
(-11.5679 -0.258255 -0.900056)
(-11.5629 -0.130779 -0.899261)
(-10.0627 0.120606 -0.266857)
(-10.0553 0.238727 -0.262661)
(-10.053 0.190529 -0.261051)
(-10.0543 0.0703061 -0.261291)
(-10.0543 -0.070306 -0.261291)
(-10.053 -0.190528 -0.261051)
(-10.0553 -0.238727 -0.26266)
(-10.0627 -0.120606 -0.266857)
(-8.68073 0.110511 0.316898)
(-8.6615 0.219108 0.325902)
(-8.65402 0.174851 0.329579)
(-8.65325 0.0645075 0.330149)
(-8.65325 -0.0645074 0.330149)
(-8.65402 -0.174851 0.32958)
(-8.6615 -0.219108 0.325903)
(-8.68073 -0.110512 0.316899)
(-7.41712 0.100436 0.851589)
(-7.38672 0.199297 0.865147)
(-7.37461 0.158973 0.870686)
(-7.37208 0.0586276 0.87195)
(-7.37208 -0.0586274 0.87195)
(-7.37461 -0.158973 0.870686)
(-7.38672 -0.199297 0.865147)
(-7.41712 -0.100436 0.851589)
(-6.27175 0.0902973 1.33691)
(-6.23111 0.179146 1.35467)
(-6.2151 0.142777 1.36177)
(-6.21123 0.052624 1.36356)
(-6.21123 -0.0526238 1.36356)
(-6.2151 -0.142777 1.36177)
(-6.23111 -0.179146 1.35466)
(-6.27175 -0.0902973 1.33691)
(-5.24452 0.079983 1.77264)
(-5.19492 0.158455 1.79408)
(-5.17605 0.126115 1.80232)
(-5.17139 0.0464448 1.80441)
(-5.17139 -0.0464448 1.80441)
(-5.17605 -0.126115 1.80232)
(-5.19492 -0.158455 1.79407)
(-5.24452 -0.079983 1.77264)
(-4.33544 0.069349 2.15855)
(-4.27865 0.136984 2.18294)
(-4.2583 0.108827 2.19175)
(-4.25356 0.0400389 2.19385)
(-4.25356 -0.040039 2.19385)
(-4.2583 -0.108827 2.19175)
(-4.27865 -0.136984 2.18294)
(-4.33544 -0.0693489 2.15855)
(-3.5449 0.0582302 2.49433)
(-3.48342 0.114505 2.52063)
(-3.46334 0.0907984 2.52928)
(-3.45931 0.0333791 2.53105)
(-3.45931 -0.0333793 2.53104)
(-3.46334 -0.0907986 2.52928)
(-3.48342 -0.114505 2.52063)
(-3.5449 -0.0582301 2.49433)
(-2.8742 0.0464901 2.77931)
(-2.81143 0.0909334 2.80609)
(-2.79359 0.0720785 2.81375)
(-2.79104 0.0265069 2.81487)
(-2.79104 -0.0265071 2.81487)
(-2.79359 -0.0720786 2.81375)
(-2.81143 -0.0909334 2.80609)
(-2.8742 -0.0464901 2.77931)
(-2.32645 0.0341579 3.0121)
(-2.26668 0.0666195 3.03755)
(-2.25284 0.0530865 3.04348)
(-2.25224 0.0196004 3.04376)
(-2.25224 -0.0196005 3.04376)
(-2.25284 -0.0530864 3.04348)
(-2.26668 -0.0666197 3.03755)
(-2.32645 -0.034158 3.0121)
(-1.90813 0.0217439 3.1899)
(-1.85581 0.0428275 3.21216)
(-1.84695 0.0348797 3.21595)
(-1.84822 0.013047 3.21542)
(-1.84822 -0.013047 3.21542)
(-1.84695 -0.0348795 3.21595)
(-1.85581 -0.0428277 3.21216)
(-1.90812 -0.021744 3.18991)
(-1.62913 0.0106548 3.30852)
(-1.58838 0.0222079 3.32583)
(-1.58456 0.0192365 3.32747)
(-1.58705 0.0074348 3.32642)
(-1.58705 -0.00743461 3.32642)
(-1.58456 -0.0192363 3.32747)
(-1.58838 -0.0222081 3.32583)
(-1.62913 -0.0106549 3.30852)
(-1.49878 0.0025689 3.36398)
(-1.47274 0.00784032 3.37504)
(-1.47304 0.00802358 3.37492)
(-1.47561 0.00333745 3.37383)
(-1.47561 -0.00333696 3.37383)
(-1.47304 -0.00802353 3.37492)
(-1.47275 -0.00784049 3.37504)
(-1.49878 -0.00256909 3.36398)
(-1.50004 -0.0014864 3.3635)
(-1.48722 0.00126913 3.36895)
(-1.48683 0.00201012 3.36912)
(-1.48721 0.000927434 3.36896)
(-1.48721 -0.000927181 3.36896)
(-1.48683 -0.00201011 3.36912)
(-1.48722 -0.00126919 3.36895)
(-1.50004 0.00148632 3.3635)
)
;
    }
}


// ************************************************************************* //
