/*--------------------------------*- C++ -*----------------------------------*\
| =========                 |                                                 |
| \\      /  F ield         | foam-extend: Open Source CFD                    |
|  \\    /   O peration     | Version:     4.1                                |
|   \\  /    A nd           | Web:         http://www.foam-extend.org         |
|    \\/     M anipulation  |                                                 |
\*---------------------------------------------------------------------------*/
FoamFile
{
    version     2.0;
    format      ascii;
    class       volScalarField;
    location    "0.191";
    object      Dp;
}
// * * * * * * * * * * * * * * * * * * * * * * * * * * * * * * * * * * * * * //

dimensions      [1 -1 -2 0 0 0 0];

internalField   nonuniform List<scalar> 
5120
(
-0.0515664
-0.0409241
-0.039541
-0.0389982
-0.0386033
-0.0382087
-0.0377474
-0.0372073
-0.036598
-0.0359342
-0.0352297
-0.0344965
-0.0337441
-0.0329796
-0.0322083
-0.031434
-0.0306594
-0.0298864
-0.0291162
-0.02835
-0.0275883
-0.0268317
-0.0260806
-0.0253354
-0.0245964
-0.0238639
-0.023138
-0.0224191
-0.0217073
-0.0210028
-0.0203059
-0.0196168
-0.0189356
-0.0182625
-0.0175978
-0.0169416
-0.0162942
-0.0156556
-0.0150262
-0.0144061
-0.0137955
-0.0131946
-0.0126036
-0.0120228
-0.0114523
-0.0108923
-0.0103432
-0.00980508
-0.00927821
-0.00876281
-0.00825915
-0.00776744
-0.00728796
-0.00682095
-0.00636667
-0.00592539
-0.00549737
-0.00508289
-0.00468222
-0.00429564
-0.00392344
-0.00356591
-0.00322335
-0.00289603
-0.00258428
-0.00228838
-0.00200865
-0.00174537
-0.00149886
-0.00126938
-0.00105724
-0.000862691
-0.000685993
-0.000527411
-0.000387253
-0.000265983
-0.000164266
-8.45088e-05
-2.38023e-05
1.09683e-05
-0.0533892
-0.0427125
-0.0409467
-0.0400499
-0.0392171
-0.0384838
-0.037789
-0.0370931
-0.0363841
-0.0356597
-0.034921
-0.034171
-0.0334128
-0.0326495
-0.0318837
-0.0311173
-0.030352
-0.0295889
-0.0288289
-0.0280728
-0.027321
-0.0265741
-0.0258323
-0.0250961
-0.0243656
-0.0236413
-0.0229232
-0.0222117
-0.0215071
-0.0208094
-0.0201191
-0.0194362
-0.018761
-0.0180937
-0.0174346
-0.0167838
-0.0161415
-0.0155079
-0.0148834
-0.0142679
-0.0136619
-0.0130654
-0.0124787
-0.0119021
-0.0113357
-0.0107797
-0.0102345
-0.00970011
-0.00917691
-0.00866511
-0.00816494
-0.00767666
-0.0072005
-0.00673674
-0.00628563
-0.00584743
-0.00542242
-0.00501086
-0.00461304
-0.00422923
-0.00385972
-0.00350481
-0.00316479
-0.00283994
-0.00253058
-0.00223701
-0.00195953
-0.00169844
-0.00145406
-0.0012267
-0.00101666
-0.000824278
-0.000649912
-0.000493991
-0.000357064
-0.000239913
-0.000143668
-7.11289e-05
-1.70785e-05
1.40938e-05
-0.0555631
-0.0434683
-0.0416838
-0.0407472
-0.039787
-0.0389073
-0.0380849
-0.0372892
-0.0365073
-0.0357321
-0.0349595
-0.0341875
-0.0334157
-0.0326444
-0.0318741
-0.0311057
-0.0303398
-0.029577
-0.0288178
-0.0280628
-0.0273123
-0.0265667
-0.0258263
-0.0250913
-0.0243621
-0.0236389
-0.0229219
-0.0222114
-0.0215076
-0.0208108
-0.0201211
-0.0194389
-0.0187642
-0.0180974
-0.0174387
-0.0167882
-0.0161462
-0.0155128
-0.0148884
-0.0142731
-0.0136671
-0.0130706
-0.0124839
-0.0119071
-0.0113406
-0.0107844
-0.010239
-0.00970436
-0.00918088
-0.00866876
-0.00816824
-0.00767958
-0.00720302
-0.00673883
-0.00628726
-0.00584859
-0.00542308
-0.005011
-0.00461264
-0.00422828
-0.00385821
-0.00350271
-0.00316208
-0.00283663
-0.00252665
-0.00223244
-0.00195432
-0.0016926
-0.0014476
-0.00121964
-0.00100908
-0.000816277
-0.000641666
-0.000485766
-0.000349229
-0.000232948
-0.000138184
-6.75023e-05
-1.50865e-05
1.55926e-05
-0.0565974
-0.0437258
-0.0419341
-0.0410097
-0.0400254
-0.0391005
-0.0382293
-0.0373902
-0.0365735
-0.0357725
-0.0349817
-0.0341975
-0.0334178
-0.0326416
-0.0318685
-0.0310986
-0.030332
-0.0295692
-0.0288103
-0.0280558
-0.0273058
-0.0265608
-0.025821
-0.0250867
-0.024358
-0.0236353
-0.0229189
-0.0222089
-0.0215055
-0.0208091
-0.0201198
-0.0194379
-0.0187635
-0.018097
-0.0174385
-0.0167882
-0.0161463
-0.0155131
-0.0148888
-0.0142736
-0.0136676
-0.0130712
-0.0124845
-0.0119078
-0.0113412
-0.010785
-0.0102395
-0.00970486
-0.00918131
-0.0086691
-0.00816848
-0.00767971
-0.00720303
-0.0067387
-0.00628698
-0.00584815
-0.00542246
-0.00501021
-0.00461166
-0.0042271
-0.00385682
-0.0035011
-0.00316025
-0.00283457
-0.00252435
-0.0022299
-0.00195154
-0.00168958
-0.00144434
-0.00121618
-0.00100544
-0.000812522
-0.000637891
-0.000482099
-0.000345829
-0.000229987
-0.00013584
-6.57826e-05
-1.37213e-05
1.69878e-05
-0.0565974
-0.0437258
-0.0419341
-0.0410097
-0.0400254
-0.0391005
-0.0382293
-0.0373902
-0.0365735
-0.0357725
-0.0349817
-0.0341975
-0.0334178
-0.0326416
-0.0318685
-0.0310986
-0.030332
-0.0295692
-0.0288103
-0.0280558
-0.0273058
-0.0265608
-0.025821
-0.0250867
-0.024358
-0.0236353
-0.0229189
-0.0222089
-0.0215055
-0.0208091
-0.0201198
-0.0194379
-0.0187635
-0.018097
-0.0174385
-0.0167882
-0.0161463
-0.0155131
-0.0148888
-0.0142736
-0.0136676
-0.0130712
-0.0124845
-0.0119078
-0.0113412
-0.010785
-0.0102395
-0.00970486
-0.00918131
-0.0086691
-0.00816848
-0.00767971
-0.00720303
-0.0067387
-0.00628698
-0.00584815
-0.00542246
-0.00501021
-0.00461166
-0.0042271
-0.00385682
-0.0035011
-0.00316026
-0.00283457
-0.00252435
-0.0022299
-0.00195154
-0.00168958
-0.00144434
-0.00121618
-0.00100544
-0.000812522
-0.000637892
-0.000482099
-0.000345828
-0.000229987
-0.00013584
-6.57832e-05
-1.37209e-05
1.69876e-05
-0.0555631
-0.0434683
-0.0416838
-0.0407472
-0.039787
-0.0389073
-0.0380849
-0.0372892
-0.0365073
-0.0357321
-0.0349595
-0.0341875
-0.0334157
-0.0326444
-0.0318741
-0.0311057
-0.0303398
-0.029577
-0.0288178
-0.0280628
-0.0273123
-0.0265667
-0.0258263
-0.0250913
-0.0243621
-0.0236389
-0.0229219
-0.0222114
-0.0215076
-0.0208108
-0.0201211
-0.0194389
-0.0187642
-0.0180974
-0.0174387
-0.0167882
-0.0161462
-0.0155128
-0.0148884
-0.0142731
-0.0136671
-0.0130706
-0.0124839
-0.0119071
-0.0113406
-0.0107844
-0.010239
-0.00970436
-0.00918088
-0.00866876
-0.00816824
-0.00767958
-0.00720302
-0.00673883
-0.00628726
-0.00584859
-0.00542308
-0.005011
-0.00461264
-0.00422828
-0.00385821
-0.00350271
-0.00316208
-0.00283663
-0.00252665
-0.00223244
-0.00195432
-0.0016926
-0.0014476
-0.00121964
-0.00100908
-0.000816276
-0.000641666
-0.000485766
-0.00034923
-0.000232948
-0.000138184
-6.75024e-05
-1.50867e-05
1.55951e-05
-0.0533892
-0.0427125
-0.0409467
-0.0400499
-0.0392171
-0.0384838
-0.037789
-0.0370931
-0.0363841
-0.0356597
-0.034921
-0.034171
-0.0334128
-0.0326495
-0.0318837
-0.0311173
-0.030352
-0.0295889
-0.0288289
-0.0280728
-0.027321
-0.0265741
-0.0258323
-0.0250961
-0.0243656
-0.0236413
-0.0229232
-0.0222117
-0.0215071
-0.0208094
-0.0201191
-0.0194362
-0.018761
-0.0180937
-0.0174346
-0.0167838
-0.0161415
-0.0155079
-0.0148834
-0.0142679
-0.0136619
-0.0130654
-0.0124787
-0.0119021
-0.0113357
-0.0107797
-0.0102345
-0.00970011
-0.00917691
-0.00866511
-0.00816494
-0.00767666
-0.0072005
-0.00673674
-0.00628563
-0.00584743
-0.00542242
-0.00501086
-0.00461304
-0.00422923
-0.00385973
-0.00350481
-0.00316479
-0.00283994
-0.00253058
-0.00223701
-0.00195953
-0.00169844
-0.00145406
-0.0012267
-0.00101666
-0.000824278
-0.000649912
-0.000493991
-0.000357065
-0.000239914
-0.000143668
-7.11292e-05
-1.7079e-05
1.40945e-05
-0.0515664
-0.0409241
-0.039541
-0.0389982
-0.0386033
-0.0382087
-0.0377474
-0.0372073
-0.036598
-0.0359342
-0.0352297
-0.0344965
-0.0337441
-0.0329796
-0.0322083
-0.031434
-0.0306594
-0.0298864
-0.0291162
-0.02835
-0.0275883
-0.0268317
-0.0260806
-0.0253354
-0.0245964
-0.0238639
-0.023138
-0.0224191
-0.0217073
-0.0210028
-0.0203059
-0.0196168
-0.0189356
-0.0182625
-0.0175978
-0.0169416
-0.0162942
-0.0156556
-0.0150262
-0.0144061
-0.0137955
-0.0131946
-0.0126036
-0.0120228
-0.0114523
-0.0108923
-0.0103432
-0.00980508
-0.00927821
-0.00876281
-0.00825915
-0.00776744
-0.00728796
-0.00682095
-0.00636667
-0.00592539
-0.00549737
-0.00508289
-0.00468222
-0.00429564
-0.00392344
-0.00356591
-0.00322335
-0.00289603
-0.00258428
-0.00228838
-0.00200865
-0.00174537
-0.00149886
-0.00126938
-0.00105724
-0.000862692
-0.000685993
-0.000527411
-0.000387252
-0.000265983
-0.000164267
-8.45092e-05
-2.38021e-05
1.09702e-05
-0.0330855
-0.0255386
-0.0246677
-0.0244385
-0.0241381
-0.023855
-0.0235674
-0.023254
-0.0229121
-0.0225445
-0.0221553
-0.0217489
-0.0213293
-0.0208998
-0.0204629
-0.0200205
-0.0195741
-0.0191248
-0.0186734
-0.0182208
-0.0177675
-0.0173139
-0.0168605
-0.0164077
-0.0159558
-0.0155052
-0.0150562
-0.0146091
-0.0141641
-0.0137215
-0.0132817
-0.0128448
-0.0124111
-0.0119809
-0.0115544
-0.0111319
-0.0107136
-0.0102997
-0.00989052
-0.00948622
-0.00908706
-0.00869328
-0.0083051
-0.00792275
-0.00754647
-0.00717648
-0.00681302
-0.00645631
-0.00610658
-0.00576407
-0.005429
-0.00510161
-0.00478213
-0.00447079
-0.00416783
-0.00387349
-0.00358799
-0.00331159
-0.00304451
-0.002787
-0.00253929
-0.00230164
-0.00207428
-0.00185747
-0.00165143
-0.00145642
-0.00127269
-0.00110046
-0.000939989
-0.00079149
-0.000655176
-0.000531235
-0.00041982
-0.000321032
-0.000234895
-0.000161287
-0.000100103
-5.22206e-05
-1.32403e-05
3.47499e-05
-0.0394413
-0.0276101
-0.0250634
-0.0244344
-0.0237804
-0.0232546
-0.0228266
-0.0224334
-0.0220512
-0.0216699
-0.0212845
-0.020893
-0.0204952
-0.0200915
-0.0196826
-0.0192692
-0.0188521
-0.0184319
-0.0180092
-0.0175845
-0.0171582
-0.0167308
-0.0163026
-0.015874
-0.0154454
-0.0150171
-0.0145894
-0.0141627
-0.0137372
-0.0133133
-0.0128913
-0.0124713
-0.0120539
-0.0116391
-0.0112274
-0.0108189
-0.0104139
-0.0100128
-0.00961575
-0.00922304
-0.00883492
-0.00845167
-0.00807353
-0.00770077
-0.00733363
-0.00697237
-0.00661725
-0.00626851
-0.00592641
-0.00559119
-0.00526312
-0.00494244
-0.0046294
-0.00432426
-0.00402726
-0.00373866
-0.00345871
-0.00318766
-0.00292577
-0.00267329
-0.00243048
-0.00219758
-0.00197486
-0.00176257
-0.00156097
-0.00137031
-0.00119085
-0.00102283
-0.000866522
-0.000722161
-0.000589996
-0.000470269
-0.000363217
-0.000269086
-0.000188087
-0.000120313
-6.62362e-05
-2.73471e-05
5.55598e-06
4.49499e-05
-0.0426777
-0.0292712
-0.0257897
-0.0248144
-0.0239456
-0.0232639
-0.0227312
-0.0222691
-0.0218434
-0.0214369
-0.021039
-0.0206436
-0.0202476
-0.0198493
-0.0194481
-0.0190438
-0.0186364
-0.0182263
-0.0178137
-0.0173991
-0.0169826
-0.0165647
-0.0161458
-0.0157261
-0.0153059
-0.0148857
-0.0144658
-0.0140464
-0.0136278
-0.0132105
-0.0127946
-0.0123806
-0.0119686
-0.0115591
-0.0111522
-0.0107483
-0.0103476
-0.00995043
-0.00955709
-0.00916784
-0.00878294
-0.00840266
-0.00802728
-0.00765707
-0.00729228
-0.00693319
-0.00658005
-0.00623314
-0.0058927
-0.00555902
-0.00523233
-0.00491292
-0.00460103
-0.00429693
-0.00400088
-0.00371313
-0.00343396
-0.00316362
-0.00290236
-0.00265046
-0.00240817
-0.00217576
-0.00195348
-0.00174161
-0.00154039
-0.00135009
-0.00117097
-0.0010033
-0.00084733
-0.000703337
-0.000571587
-0.000452359
-0.000345946
-0.000252673
-0.000172852
-0.000106715
-5.49772e-05
-1.88507e-05
1.18719e-05
4.57963e-05
-0.0438278
-0.0297729
-0.0260371
-0.0249712
-0.0240246
-0.0232756
-0.0226933
-0.0221965
-0.0217475
-0.0213267
-0.020921
-0.0205224
-0.0201264
-0.0197302
-0.0193324
-0.0189322
-0.0185296
-0.0181244
-0.0177169
-0.0173072
-0.0168956
-0.0164825
-0.0160682
-0.0156529
-0.0152371
-0.0148209
-0.0144049
-0.0139892
-0.0135741
-0.0131601
-0.0127474
-0.0123364
-0.0119272
-0.0115203
-0.0111159
-0.0107143
-0.0103158
-0.00992067
-0.00952923
-0.00914175
-0.00875849
-0.00837975
-0.00800579
-0.00763689
-0.00727331
-0.00691533
-0.00656322
-0.00621725
-0.00587767
-0.00554477
-0.0052188
-0.00490004
-0.00458873
-0.00428516
-0.00398959
-0.00370228
-0.00342349
-0.00315349
-0.00289255
-0.00264093
-0.00239889
-0.0021667
-0.00194462
-0.00173292
-0.00153186
-0.00134171
-0.00116274
-0.000995201
-0.000839377
-0.00069554
-0.000563974
-0.000444977
-0.000338869
-0.000246003
-0.00016672
-0.000101281
-5.04677e-05
-1.53296e-05
1.46431e-05
4.68405e-05
-0.0438278
-0.0297729
-0.0260371
-0.0249712
-0.0240246
-0.0232756
-0.0226933
-0.0221965
-0.0217475
-0.0213267
-0.020921
-0.0205224
-0.0201264
-0.0197302
-0.0193324
-0.0189322
-0.0185296
-0.0181244
-0.0177169
-0.0173072
-0.0168956
-0.0164825
-0.0160682
-0.0156529
-0.0152371
-0.0148209
-0.0144049
-0.0139892
-0.0135741
-0.0131601
-0.0127474
-0.0123364
-0.0119272
-0.0115203
-0.0111159
-0.0107143
-0.0103158
-0.00992067
-0.00952923
-0.00914175
-0.00875849
-0.00837975
-0.00800579
-0.00763689
-0.00727331
-0.00691533
-0.00656322
-0.00621725
-0.00587767
-0.00554477
-0.0052188
-0.00490004
-0.00458873
-0.00428516
-0.00398959
-0.00370228
-0.00342349
-0.00315349
-0.00289255
-0.00264093
-0.00239889
-0.0021667
-0.00194462
-0.00173292
-0.00153186
-0.00134171
-0.00116274
-0.000995201
-0.000839377
-0.00069554
-0.000563974
-0.000444977
-0.000338869
-0.000246003
-0.00016672
-0.000101281
-5.04677e-05
-1.53296e-05
1.46431e-05
4.68403e-05
-0.0426777
-0.0292712
-0.0257897
-0.0248144
-0.0239456
-0.0232639
-0.0227312
-0.0222691
-0.0218434
-0.0214369
-0.021039
-0.0206436
-0.0202476
-0.0198493
-0.0194481
-0.0190438
-0.0186364
-0.0182263
-0.0178137
-0.0173991
-0.0169826
-0.0165647
-0.0161458
-0.0157261
-0.0153059
-0.0148857
-0.0144658
-0.0140464
-0.0136278
-0.0132105
-0.0127946
-0.0123806
-0.0119686
-0.0115591
-0.0111522
-0.0107483
-0.0103476
-0.00995043
-0.00955709
-0.00916784
-0.00878294
-0.00840266
-0.00802728
-0.00765707
-0.00729228
-0.00693319
-0.00658005
-0.00623314
-0.0058927
-0.00555902
-0.00523233
-0.00491292
-0.00460103
-0.00429693
-0.00400088
-0.00371313
-0.00343396
-0.00316362
-0.00290236
-0.00265046
-0.00240817
-0.00217576
-0.00195348
-0.00174161
-0.00154039
-0.00135009
-0.00117097
-0.0010033
-0.00084733
-0.000703337
-0.000571587
-0.000452359
-0.000345946
-0.000252673
-0.000172852
-0.000106715
-5.49771e-05
-1.88506e-05
1.18716e-05
4.57958e-05
-0.0394413
-0.0276101
-0.0250634
-0.0244344
-0.0237804
-0.0232546
-0.0228266
-0.0224334
-0.0220512
-0.0216699
-0.0212845
-0.020893
-0.0204952
-0.0200915
-0.0196826
-0.0192692
-0.0188521
-0.0184319
-0.0180092
-0.0175845
-0.0171582
-0.0167308
-0.0163026
-0.015874
-0.0154454
-0.0150171
-0.0145894
-0.0141627
-0.0137372
-0.0133133
-0.0128913
-0.0124713
-0.0120539
-0.0116391
-0.0112274
-0.0108189
-0.0104139
-0.0100128
-0.00961575
-0.00922304
-0.00883492
-0.00845167
-0.00807353
-0.00770077
-0.00733363
-0.00697237
-0.00661725
-0.00626851
-0.00592641
-0.00559119
-0.00526312
-0.00494244
-0.0046294
-0.00432426
-0.00402726
-0.00373866
-0.00345871
-0.00318766
-0.00292577
-0.00267329
-0.00243048
-0.00219758
-0.00197486
-0.00176257
-0.00156097
-0.00137031
-0.00119085
-0.00102283
-0.000866522
-0.000722161
-0.000589996
-0.000470269
-0.000363218
-0.000269086
-0.000188087
-0.000120313
-6.6236e-05
-2.73469e-05
5.55585e-06
4.49495e-05
-0.0330855
-0.0255386
-0.0246677
-0.0244385
-0.0241381
-0.023855
-0.0235674
-0.023254
-0.0229121
-0.0225445
-0.0221553
-0.0217489
-0.0213293
-0.0208998
-0.0204629
-0.0200205
-0.0195741
-0.0191248
-0.0186734
-0.0182208
-0.0177675
-0.0173139
-0.0168605
-0.0164077
-0.0159558
-0.0155052
-0.0150562
-0.0146091
-0.0141641
-0.0137215
-0.0132817
-0.0128448
-0.0124111
-0.0119809
-0.0115544
-0.0111319
-0.0107136
-0.0102997
-0.00989052
-0.00948622
-0.00908706
-0.00869328
-0.0083051
-0.00792275
-0.00754647
-0.00717648
-0.00681302
-0.00645631
-0.00610658
-0.00576407
-0.005429
-0.00510161
-0.00478213
-0.00447079
-0.00416783
-0.00387349
-0.00358799
-0.00331159
-0.00304451
-0.002787
-0.00253929
-0.00230164
-0.00207428
-0.00185747
-0.00165143
-0.00145642
-0.00127269
-0.00110046
-0.000939989
-0.000791489
-0.000655175
-0.000531235
-0.000419819
-0.000321031
-0.000234895
-0.000161287
-0.000100103
-5.22207e-05
-1.32405e-05
3.475e-05
-0.0165033
-0.0125849
-0.0124185
-0.0125221
-0.0124541
-0.0123468
-0.0122271
-0.0120959
-0.0119554
-0.011807
-0.0116515
-0.0114892
-0.0113207
-0.0111465
-0.0109668
-0.0107821
-0.0105927
-0.0103989
-0.0102011
-0.00999968
-0.00979485
-0.00958699
-0.00937637
-0.0091633
-0.00894803
-0.00873082
-0.00851193
-0.00829159
-0.00807003
-0.00784748
-0.00762416
-0.0074003
-0.0071761
-0.00695178
-0.00672756
-0.00650365
-0.00628025
-0.00605758
-0.00583584
-0.00561524
-0.00539599
-0.0051783
-0.00496237
-0.00474841
-0.00453662
-0.00432721
-0.00412038
-0.00391634
-0.00371529
-0.00351742
-0.00332295
-0.00313207
-0.00294499
-0.0027619
-0.002583
-0.0024085
-0.00223859
-0.00207347
-0.00191334
-0.00175838
-0.0016088
-0.00146478
-0.00132653
-0.00119423
-0.00106806
-0.000948227
-0.000834902
-0.000728268
-0.000628496
-0.000535747
-0.00045016
-0.000371846
-0.000300863
-0.000237197
-0.00018071
-0.00013106
-8.80428e-05
-5.27935e-05
-1.84204e-05
4.74952e-05
-0.0212658
-0.01413
-0.0124619
-0.0121072
-0.0117541
-0.0114948
-0.0113118
-0.0111614
-0.0110262
-0.0108973
-0.0107692
-0.0106387
-0.0105041
-0.0103646
-0.0102196
-0.0100692
-0.00991338
-0.00975239
-0.00958645
-0.00941583
-0.00924082
-0.00906168
-0.00887871
-0.00869218
-0.00850236
-0.00830951
-0.0081139
-0.00791578
-0.00771541
-0.00751305
-0.00730893
-0.00710332
-0.00689645
-0.00668857
-0.00647992
-0.00627075
-0.0060613
-0.0058518
-0.0056425
-0.00543363
-0.00522543
-0.00501814
-0.00481199
-0.0046072
-0.00440403
-0.00420269
-0.00400343
-0.00380645
-0.00361201
-0.00342032
-0.00323161
-0.0030461
-0.00286402
-0.0026856
-0.00251104
-0.00234058
-0.00217443
-0.00201281
-0.00185593
-0.00170401
-0.00155726
-0.00141589
-0.00128011
-0.00115013
-0.00102614
-0.00090836
-0.000796979
-0.000692192
-0.000594189
-0.000503151
-0.000419248
-0.000342634
-0.000273437
-0.000211756
-0.000157583
-0.00011069
-7.13904e-05
-4.05542e-05
-2.93802e-06
5.50373e-05
-0.0239999
-0.0155826
-0.0129361
-0.0121843
-0.0116294
-0.0112507
-0.0110001
-0.0108128
-0.0106597
-0.0105252
-0.0103995
-0.0102765
-0.0101524
-0.0100252
-0.00989367
-0.00975719
-0.0096155
-0.0094686
-0.00931655
-0.00915955
-0.00899779
-0.0088315
-0.00866095
-0.00848637
-0.00830804
-0.00812621
-0.00794114
-0.0077531
-0.00756234
-0.00736913
-0.00717372
-0.00697637
-0.00677735
-0.0065769
-0.00637529
-0.00617276
-0.00596958
-0.005766
-0.00556226
-0.00535862
-0.00515534
-0.00495265
-0.0047508
-0.00455005
-0.00435063
-0.0041528
-0.00395678
-0.00376284
-0.0035712
-0.0033821
-0.00319579
-0.0030125
-0.00283246
-0.00265591
-0.00248307
-0.00231419
-0.00214949
-0.00198918
-0.00183351
-0.0016827
-0.00153695
-0.00139651
-0.00126157
-0.00113235
-0.00100908
-0.000891944
-0.000781165
-0.000676941
-0.000579471
-0.00048895
-0.000405566
-0.000329501
-0.000260926
-0.000200001
-0.000146803
-0.00010124
-6.38315e-05
-3.45943e-05
2.96475e-06
5.2677e-05
-0.0249576
-0.0160516
-0.0131147
-0.0122353
-0.0115931
-0.0111524
-0.0108626
-0.0106518
-0.0104856
-0.0103453
-0.0102186
-0.0100977
-0.00997776
-0.00985597
-0.00973059
-0.00960069
-0.00946579
-0.00932572
-0.00918046
-0.00903013
-0.00887489
-0.00871494
-0.00855052
-0.00838187
-0.00820924
-0.00803288
-0.00785306
-0.00767004
-0.00748407
-0.00729543
-0.00710438
-0.00691118
-0.00671609
-0.00651938
-0.00632131
-0.00612214
-0.00592213
-0.00572154
-0.00552063
-0.00531965
-0.00511887
-0.00491853
-0.00471889
-0.0045202
-0.00432272
-0.00412669
-0.00393237
-0.00373999
-0.00354982
-0.00336208
-0.00317703
-0.0029949
-0.00281594
-0.00264039
-0.00246848
-0.00230045
-0.00213652
-0.00197694
-0.00182193
-0.00167173
-0.00152654
-0.00138661
-0.00125214
-0.00112337
-0.00100049
-0.000883737
-0.00077331
-0.000669417
-0.000572265
-0.000482055
-0.000398987
-0.000323254
-0.000255048
-0.000194551
-0.000141861
-9.69289e-05
-6.03498e-05
-3.18225e-05
5.39898e-06
5.23409e-05
-0.0249576
-0.0160516
-0.0131147
-0.0122353
-0.0115931
-0.0111524
-0.0108626
-0.0106518
-0.0104856
-0.0103453
-0.0102186
-0.0100977
-0.00997776
-0.00985597
-0.00973059
-0.00960069
-0.00946579
-0.00932572
-0.00918046
-0.00903013
-0.00887489
-0.00871494
-0.00855052
-0.00838187
-0.00820924
-0.00803288
-0.00785306
-0.00767004
-0.00748407
-0.00729543
-0.00710438
-0.00691118
-0.00671609
-0.00651938
-0.00632131
-0.00612214
-0.00592213
-0.00572154
-0.00552063
-0.00531965
-0.00511887
-0.00491853
-0.00471889
-0.0045202
-0.00432272
-0.00412669
-0.00393237
-0.00373999
-0.00354982
-0.00336208
-0.00317703
-0.0029949
-0.00281594
-0.00264039
-0.00246848
-0.00230045
-0.00213652
-0.00197694
-0.00182193
-0.00167172
-0.00152654
-0.00138661
-0.00125214
-0.00112337
-0.00100049
-0.000883737
-0.000773309
-0.000669417
-0.000572265
-0.000482055
-0.000398987
-0.000323254
-0.000255048
-0.000194551
-0.000141861
-9.69289e-05
-6.03498e-05
-3.18225e-05
5.39896e-06
5.23409e-05
-0.0239999
-0.0155826
-0.0129361
-0.0121843
-0.0116294
-0.0112507
-0.0110001
-0.0108128
-0.0106597
-0.0105252
-0.0103995
-0.0102765
-0.0101524
-0.0100252
-0.00989367
-0.00975719
-0.0096155
-0.0094686
-0.00931655
-0.00915955
-0.00899779
-0.0088315
-0.00866095
-0.00848637
-0.00830804
-0.00812621
-0.00794114
-0.0077531
-0.00756234
-0.00736913
-0.00717372
-0.00697637
-0.00677735
-0.0065769
-0.00637529
-0.00617276
-0.00596958
-0.005766
-0.00556226
-0.00535862
-0.00515534
-0.00495265
-0.0047508
-0.00455005
-0.00435063
-0.0041528
-0.00395678
-0.00376284
-0.0035712
-0.0033821
-0.00319579
-0.0030125
-0.00283246
-0.00265591
-0.00248307
-0.00231419
-0.00214949
-0.00198918
-0.00183351
-0.0016827
-0.00153695
-0.00139651
-0.00126157
-0.00113235
-0.00100908
-0.000891944
-0.000781165
-0.000676941
-0.000579471
-0.00048895
-0.000405566
-0.000329501
-0.000260926
-0.000200001
-0.000146803
-0.00010124
-6.38315e-05
-3.45943e-05
2.96471e-06
5.26769e-05
-0.0212658
-0.01413
-0.0124619
-0.0121072
-0.0117541
-0.0114948
-0.0113118
-0.0111614
-0.0110262
-0.0108973
-0.0107692
-0.0106387
-0.0105041
-0.0103646
-0.0102196
-0.0100692
-0.00991338
-0.00975239
-0.00958645
-0.00941583
-0.00924082
-0.00906168
-0.00887871
-0.00869218
-0.00850236
-0.00830951
-0.0081139
-0.00791578
-0.00771541
-0.00751305
-0.00730893
-0.00710332
-0.00689645
-0.00668857
-0.00647992
-0.00627075
-0.0060613
-0.0058518
-0.0056425
-0.00543363
-0.00522543
-0.00501814
-0.00481199
-0.0046072
-0.00440403
-0.00420269
-0.00400343
-0.00380645
-0.00361201
-0.00342032
-0.00323161
-0.0030461
-0.00286402
-0.0026856
-0.00251104
-0.00234058
-0.00217443
-0.00201281
-0.00185593
-0.00170401
-0.00155726
-0.00141589
-0.00128011
-0.00115013
-0.00102614
-0.00090836
-0.000796979
-0.000692192
-0.000594189
-0.000503151
-0.000419248
-0.000342634
-0.000273437
-0.000211756
-0.000157583
-0.00011069
-7.13904e-05
-4.05542e-05
-2.93797e-06
5.50373e-05
-0.0165033
-0.0125849
-0.0124185
-0.0125221
-0.0124541
-0.0123468
-0.0122271
-0.0120959
-0.0119554
-0.011807
-0.0116515
-0.0114892
-0.0113207
-0.0111465
-0.0109668
-0.0107821
-0.0105927
-0.0103989
-0.0102011
-0.00999968
-0.00979485
-0.00958699
-0.00937637
-0.0091633
-0.00894803
-0.00873082
-0.00851193
-0.00829159
-0.00807003
-0.00784748
-0.00762416
-0.0074003
-0.0071761
-0.00695178
-0.00672756
-0.00650365
-0.00628025
-0.00605758
-0.00583584
-0.00561524
-0.00539599
-0.0051783
-0.00496237
-0.00474841
-0.00453662
-0.00432721
-0.00412039
-0.00391634
-0.00371529
-0.00351742
-0.00332295
-0.00313207
-0.00294499
-0.0027619
-0.002583
-0.0024085
-0.00223859
-0.00207347
-0.00191334
-0.00175838
-0.0016088
-0.00146478
-0.00132653
-0.00119423
-0.00106806
-0.000948227
-0.000834903
-0.000728268
-0.000628496
-0.000535747
-0.00045016
-0.000371846
-0.000300863
-0.000237197
-0.00018071
-0.00013106
-8.80427e-05
-5.27935e-05
-1.84208e-05
4.74946e-05
-0.00164295
-0.00149262
-0.00172539
-0.00193733
-0.00202674
-0.00205591
-0.00206349
-0.00206616
-0.00207177
-0.00208277
-0.00209866
-0.0021178
-0.00213833
-0.00215858
-0.00217723
-0.00219335
-0.00220633
-0.0022158
-0.00222161
-0.00222371
-0.00222214
-0.00221699
-0.00220837
-0.0021964
-0.00218122
-0.00216295
-0.00214173
-0.00211767
-0.0020909
-0.00206154
-0.00202972
-0.00199555
-0.00195915
-0.00192065
-0.00188017
-0.00183783
-0.00179376
-0.00174808
-0.00170092
-0.0016524
-0.00160266
-0.00155181
-0.0015
-0.00144734
-0.00139396
-0.00134
-0.00128559
-0.00123084
-0.0011759
-0.00112088
-0.00106591
-0.00101112
-0.000956638
-0.000902582
-0.000849077
-0.000796245
-0.000744206
-0.00069308
-0.000642984
-0.000594033
-0.000546343
-0.000500026
-0.000455192
-0.000411948
-0.000370403
-0.00033066
-0.00029282
-0.000256981
-0.000223239
-0.000191683
-0.000162391
-0.000135433
-0.000110855
-8.86785e-05
-6.8877e-05
-5.13276e-05
-3.62641e-05
-2.56157e-05
-1.19759e-05
4.37541e-05
-0.00339088
-0.00159541
-0.00105817
-0.00098023
-0.000939912
-0.000930594
-0.000949797
-0.00098663
-0.00103537
-0.00109195
-0.00115283
-0.00121515
-0.00127676
-0.00133613
-0.00139219
-0.00144425
-0.00149189
-0.00153488
-0.00157313
-0.00160663
-0.00163544
-0.00165965
-0.00167935
-0.00169468
-0.00170577
-0.00171274
-0.00171574
-0.0017149
-0.00171036
-0.00170225
-0.00169073
-0.00167594
-0.00165801
-0.0016371
-0.00161336
-0.00158693
-0.00155797
-0.00152662
-0.00149304
-0.00145739
-0.00141981
-0.00138046
-0.00133949
-0.00129706
-0.00125333
-0.00120844
-0.00116256
-0.00111582
-0.00106839
-0.00102042
-0.000972061
-0.000923455
-0.000874754
-0.000826105
-0.000777653
-0.000729541
-0.000681912
-0.000634904
-0.000588656
-0.000543303
-0.000498979
-0.000455814
-0.000413936
-0.000373471
-0.000334542
-0.000297267
-0.000261765
-0.000228146
-0.00019652
-0.00016699
-0.000139654
-0.000114599
-9.19037e-05
-7.16365e-05
-5.3796e-05
-3.82391e-05
-2.5679e-05
-1.76069e-05
2.51228e-06
4.38999e-05
-0.00438797
-0.00196855
-0.000972824
-0.000682315
-0.000531745
-0.000467774
-0.00046643
-0.000501572
-0.00055869
-0.000628904
-0.000705922
-0.000785406
-0.000864463
-0.000941191
-0.00101436
-0.00108322
-0.0011473
-0.00120636
-0.00126029
-0.00130905
-0.00135268
-0.00139125
-0.00142484
-0.00145358
-0.00147758
-0.00149697
-0.00151189
-0.00152247
-0.00152886
-0.00153121
-0.00152967
-0.0015244
-0.00151554
-0.00150326
-0.00148772
-0.00146908
-0.0014475
-0.00142314
-0.00139618
-0.00136678
-0.00133511
-0.00130132
-0.0012656
-0.0012281
-0.001189
-0.00114846
-0.00110665
-0.00106373
-0.00101986
-0.000975223
-0.000929966
-0.000884253
-0.000838245
-0.000792101
-0.000745976
-0.000700025
-0.000654401
-0.000609254
-0.000564733
-0.000520982
-0.000478145
-0.000436362
-0.000395771
-0.000356505
-0.000318696
-0.000282472
-0.000247956
-0.000215269
-0.000184527
-0.000155842
-0.00012932
-0.000105063
-8.31665e-05
-6.37267e-05
-4.67723e-05
-3.22467e-05
-2.10187e-05
-1.35717e-05
7.33314e-06
3.70238e-05
-0.0047635
-0.002139
-0.000969464
-0.000581081
-0.000367026
-0.000264604
-0.000243538
-0.000270857
-0.000327363
-0.000401232
-0.000484306
-0.00057112
-0.000658124
-0.000743052
-0.000824478
-0.000901529
-0.00097369
-0.00104068
-0.00110235
-0.00115866
-0.00120964
-0.00125533
-0.00129583
-0.00133123
-0.00136166
-0.00138723
-0.00140809
-0.00142437
-0.00143623
-0.00144381
-0.00144727
-0.00144676
-0.00144246
-0.00143451
-0.00142309
-0.00140837
-0.00139051
-0.00136968
-0.00134607
-0.00131983
-0.00129114
-0.00126018
-0.00122712
-0.00119213
-0.00115539
-0.00111707
-0.00107734
-0.00103637
-0.000994339
-0.000951411
-0.000907756
-0.00086354
-0.00081893
-0.000774088
-0.000729177
-0.000684358
-0.000639788
-0.000595622
-0.000552014
-0.000509114
-0.000467071
-0.000426029
-0.000386129
-0.000347511
-0.00031031
-0.000274658
-0.000240682
-0.000208507
-0.000178253
-0.000150036
-0.000123969
-0.000100158
-7.87089e-05
-5.97271e-05
-4.32492e-05
-2.92545e-05
-1.86925e-05
-1.16813e-05
9.08349e-06
3.50311e-05
-0.0047635
-0.002139
-0.000969464
-0.000581081
-0.000367026
-0.000264604
-0.000243538
-0.000270857
-0.000327363
-0.000401232
-0.000484306
-0.00057112
-0.000658124
-0.000743052
-0.000824478
-0.000901529
-0.00097369
-0.00104068
-0.00110235
-0.00115866
-0.00120964
-0.00125533
-0.00129583
-0.00133123
-0.00136166
-0.00138723
-0.00140809
-0.00142437
-0.00143623
-0.00144381
-0.00144727
-0.00144676
-0.00144246
-0.00143451
-0.00142309
-0.00140837
-0.00139051
-0.00136968
-0.00134607
-0.00131983
-0.00129114
-0.00126018
-0.00122712
-0.00119213
-0.00115539
-0.00111707
-0.00107734
-0.00103637
-0.000994339
-0.000951411
-0.000907756
-0.00086354
-0.00081893
-0.000774088
-0.000729177
-0.000684358
-0.000639788
-0.000595622
-0.000552014
-0.000509114
-0.000467071
-0.000426029
-0.000386129
-0.000347511
-0.00031031
-0.000274658
-0.000240682
-0.000208507
-0.000178253
-0.000150036
-0.000123969
-0.000100158
-7.8709e-05
-5.97272e-05
-4.32492e-05
-2.92545e-05
-1.86925e-05
-1.16814e-05
9.08349e-06
3.50312e-05
-0.00438797
-0.00196855
-0.000972824
-0.000682315
-0.000531745
-0.000467774
-0.00046643
-0.000501573
-0.00055869
-0.000628904
-0.000705922
-0.000785406
-0.000864463
-0.000941191
-0.00101436
-0.00108322
-0.0011473
-0.00120636
-0.00126029
-0.00130905
-0.00135268
-0.00139125
-0.00142484
-0.00145358
-0.00147758
-0.00149697
-0.00151189
-0.00152247
-0.00152886
-0.00153121
-0.00152967
-0.0015244
-0.00151554
-0.00150326
-0.00148772
-0.00146908
-0.0014475
-0.00142314
-0.00139618
-0.00136678
-0.00133511
-0.00130132
-0.0012656
-0.0012281
-0.001189
-0.00114846
-0.00110665
-0.00106373
-0.00101986
-0.000975223
-0.000929966
-0.000884253
-0.000838245
-0.000792101
-0.000745976
-0.000700025
-0.000654401
-0.000609254
-0.000564733
-0.000520982
-0.000478145
-0.000436362
-0.000395771
-0.000356505
-0.000318696
-0.000282472
-0.000247956
-0.000215269
-0.000184527
-0.000155842
-0.00012932
-0.000105063
-8.31665e-05
-6.37267e-05
-4.67723e-05
-3.22467e-05
-2.10186e-05
-1.35717e-05
7.33324e-06
3.7024e-05
-0.00339088
-0.00159541
-0.00105817
-0.00098023
-0.000939912
-0.000930594
-0.000949797
-0.00098663
-0.00103537
-0.00109195
-0.00115283
-0.00121515
-0.00127676
-0.00133613
-0.00139219
-0.00144425
-0.00149189
-0.00153488
-0.00157313
-0.00160663
-0.00163544
-0.00165965
-0.00167935
-0.00169468
-0.00170577
-0.00171274
-0.00171574
-0.0017149
-0.00171036
-0.00170225
-0.00169073
-0.00167594
-0.00165801
-0.0016371
-0.00161336
-0.00158693
-0.00155797
-0.00152662
-0.00149304
-0.00145739
-0.00141981
-0.00138046
-0.00133949
-0.00129706
-0.00125333
-0.00120844
-0.00116256
-0.00111582
-0.00106839
-0.00102042
-0.000972061
-0.000923455
-0.000874754
-0.000826105
-0.000777653
-0.000729541
-0.000681912
-0.000634904
-0.000588656
-0.000543303
-0.000498979
-0.000455814
-0.000413936
-0.000373471
-0.000334542
-0.000297267
-0.000261764
-0.000228146
-0.00019652
-0.00016699
-0.000139654
-0.000114599
-9.19038e-05
-7.16365e-05
-5.3796e-05
-3.82391e-05
-2.5679e-05
-1.76068e-05
2.51246e-06
4.39001e-05
-0.00164295
-0.00149262
-0.00172539
-0.00193733
-0.00202674
-0.00205591
-0.00206349
-0.00206616
-0.00207177
-0.00208277
-0.00209866
-0.0021178
-0.00213833
-0.00215858
-0.00217723
-0.00219335
-0.00220633
-0.0022158
-0.00222161
-0.00222371
-0.00222214
-0.00221699
-0.00220837
-0.0021964
-0.00218122
-0.00216295
-0.00214173
-0.00211767
-0.0020909
-0.00206154
-0.00202972
-0.00199555
-0.00195915
-0.00192065
-0.00188017
-0.00183783
-0.00179376
-0.00174808
-0.00170092
-0.0016524
-0.00160266
-0.00155181
-0.0015
-0.00144734
-0.00139396
-0.00134
-0.00128559
-0.00123084
-0.0011759
-0.00112088
-0.00106591
-0.00101112
-0.000956638
-0.000902582
-0.000849077
-0.000796245
-0.000744206
-0.00069308
-0.000642984
-0.000594033
-0.000546343
-0.000500026
-0.000455192
-0.000411949
-0.000370403
-0.00033066
-0.00029282
-0.000256982
-0.00022324
-0.000191683
-0.000162392
-0.000135433
-0.000110855
-8.86787e-05
-6.88772e-05
-5.1328e-05
-3.62643e-05
-2.56157e-05
-1.19761e-05
4.37534e-05
0.0111523
0.0078011
0.00738463
0.00725472
0.00711159
0.00701172
0.00692465
0.00682722
0.0067117
0.00657755
0.00642772
0.00626625
0.00609707
0.00592342
0.00574778
0.00557192
0.00539706
0.00522396
0.00505312
0.00488483
0.00471927
0.00455653
0.00439665
0.00423968
0.00408564
0.00393453
0.00378638
0.0036412
0.00349899
0.00335977
0.00322355
0.00309034
0.00296014
0.00283294
0.00270876
0.00258758
0.00246941
0.00235422
0.00224202
0.00213279
0.0020265
0.00192316
0.00182273
0.00172521
0.00163056
0.00153878
0.00144983
0.00136371
0.00128038
0.00119982
0.00112202
0.00104696
0.000974606
0.000904948
0.000837967
0.000773644
0.000711964
0.00065291
0.000596471
0.000542633
0.000491388
0.000442726
0.00039664
0.000353127
0.000312182
0.000273805
0.000237994
0.000204748
0.000174064
0.000145933
0.00012034
9.72514e-05
7.66085e-05
5.8305e-05
4.21809e-05
2.80296e-05
1.51828e-05
1.39176e-06
-7.28834e-06
2.32805e-05
0.012467
0.00904682
0.00865337
0.00860173
0.00841318
0.00823404
0.00806378
0.00788615
0.00769859
0.00750215
0.00729892
0.00709135
0.00688159
0.00667141
0.00646213
0.00625468
0.00604973
0.00584771
0.00564891
0.00545352
0.00526166
0.00507341
0.00488882
0.00470792
0.00453075
0.00435732
0.00418764
0.00402173
0.00385958
0.0037012
0.00354658
0.00339572
0.00324861
0.00310523
0.00296556
0.00282958
0.00269727
0.0025686
0.00244355
0.00232207
0.00220414
0.00208972
0.00197878
0.00187127
0.00176716
0.00166641
0.00156898
0.00147483
0.00138391
0.0012962
0.00121164
0.0011302
0.00105184
0.000976527
0.000904218
0.00083488
0.000768479
0.000704982
0.00064436
0.000586582
0.000531623
0.000479458
0.000430065
0.000383423
0.000339516
0.000298327
0.000259843
0.000224053
0.000190945
0.000160506
0.000132721
0.000107568
8.50071e-05
6.49704e-05
4.73894e-05
3.22059e-05
1.83741e-05
3.96707e-06
2.45826e-06
1.47893e-05
0.0137328
0.0100115
0.00932341
0.00921703
0.00901721
0.00881473
0.00861384
0.00840384
0.00818543
0.00796108
0.0077331
0.00750356
0.00727406
0.00704579
0.00681964
0.00659622
0.00637594
0.00615912
0.00594597
0.00573663
0.00553122
0.00532982
0.00513248
0.00493925
0.00475015
0.00456523
0.00438447
0.0042079
0.00403552
0.00386732
0.0037033
0.00354343
0.00338769
0.00323608
0.00308855
0.00294508
0.00280563
0.00267016
0.00253865
0.00241103
0.00228728
0.00216734
0.00205117
0.00193872
0.00182994
0.00172478
0.00162319
0.00152512
0.00143052
0.00133934
0.00125153
0.00116703
0.00108581
0.00100781
0.000932981
0.000861288
0.000792682
0.000727123
0.00066457
0.000604986
0.000548334
0.000494582
0.000443699
0.000395657
0.00035043
0.000307997
0.000268337
0.000231433
0.000197271
0.000165836
0.000137114
0.000111088
8.77321e-05
6.69952e-05
4.88427e-05
3.32067e-05
1.89459e-05
4.93647e-06
4.41998e-06
3.95802e-06
0.0141016
0.0102268
0.00951744
0.0094506
0.00927585
0.00907952
0.00887489
0.00865606
0.00842663
0.0081908
0.00795174
0.0077118
0.00747264
0.00723538
0.00700075
0.00676927
0.00654128
0.00631701
0.00609665
0.00588032
0.00566812
0.00546012
0.00525639
0.00505698
0.00486191
0.00467121
0.0044849
0.00430298
0.00412545
0.00395231
0.00378355
0.00361915
0.00345907
0.00330331
0.00315182
0.00300456
0.00286151
0.00272261
0.00258783
0.00245711
0.00233041
0.00220768
0.00208886
0.0019739
0.00186275
0.00175535
0.00165165
0.00155158
0.0014551
0.00136215
0.00127267
0.00118661
0.00110392
0.00102454
0.00094842
0.000875513
0.000805769
0.000739143
0.000675589
0.000615066
0.000557532
0.000502952
0.000451289
0.000402512
0.000356593
0.000313505
0.000273225
0.000235734
0.000201015
0.000169054
0.000139838
0.000113351
8.95703e-05
6.84513e-05
4.99688e-05
3.40338e-05
1.94361e-05
5.36286e-06
4.84158e-06
3.69502e-07
0.0141016
0.0102268
0.00951744
0.0094506
0.00927585
0.00907952
0.00887489
0.00865606
0.00842663
0.0081908
0.00795174
0.0077118
0.00747264
0.00723538
0.00700075
0.00676927
0.00654128
0.00631701
0.00609665
0.00588032
0.00566812
0.00546012
0.00525639
0.00505698
0.00486191
0.00467121
0.0044849
0.00430298
0.00412545
0.00395231
0.00378355
0.00361915
0.00345907
0.00330331
0.00315182
0.00300456
0.00286151
0.00272261
0.00258783
0.00245711
0.00233041
0.00220768
0.00208886
0.0019739
0.00186275
0.00175535
0.00165165
0.00155158
0.0014551
0.00136215
0.00127267
0.00118661
0.00110392
0.00102454
0.00094842
0.000875513
0.000805769
0.000739143
0.000675589
0.000615066
0.000557532
0.000502952
0.000451289
0.000402512
0.000356593
0.000313505
0.000273225
0.000235734
0.000201015
0.000169054
0.000139837
0.000113351
8.95703e-05
6.84513e-05
4.99687e-05
3.40338e-05
1.94361e-05
5.3628e-06
4.84156e-06
3.69612e-07
0.0137328
0.0100115
0.00932341
0.00921703
0.00901721
0.00881473
0.00861384
0.00840384
0.00818543
0.00796108
0.0077331
0.00750356
0.00727406
0.00704579
0.00681964
0.00659622
0.00637594
0.00615912
0.00594597
0.00573663
0.00553122
0.00532982
0.00513248
0.00493925
0.00475015
0.00456523
0.00438447
0.0042079
0.00403552
0.00386732
0.0037033
0.00354343
0.00338769
0.00323608
0.00308855
0.00294508
0.00280563
0.00267016
0.00253865
0.00241103
0.00228728
0.00216734
0.00205117
0.00193872
0.00182994
0.00172478
0.00162319
0.00152512
0.00143052
0.00133934
0.00125153
0.00116703
0.00108581
0.00100781
0.000932981
0.000861288
0.000792682
0.000727123
0.00066457
0.000604986
0.000548334
0.000494582
0.000443699
0.000395657
0.00035043
0.000307997
0.000268337
0.000231433
0.000197271
0.000165836
0.000137114
0.000111088
8.77321e-05
6.69952e-05
4.88427e-05
3.32067e-05
1.89459e-05
4.93639e-06
4.41995e-06
3.95815e-06
0.012467
0.00904682
0.00865337
0.00860173
0.00841318
0.00823404
0.00806378
0.00788615
0.00769859
0.00750215
0.00729892
0.00709135
0.00688159
0.00667141
0.00646213
0.00625468
0.00604973
0.00584771
0.00564891
0.00545352
0.00526166
0.00507341
0.00488882
0.00470792
0.00453075
0.00435732
0.00418764
0.00402173
0.00385958
0.0037012
0.00354658
0.00339572
0.00324861
0.00310523
0.00296556
0.00282958
0.00269727
0.0025686
0.00244355
0.00232207
0.00220414
0.00208972
0.00197878
0.00187127
0.00176716
0.00166641
0.00156898
0.00147483
0.00138391
0.0012962
0.00121164
0.0011302
0.00105184
0.000976527
0.000904218
0.00083488
0.000768479
0.000704982
0.000644359
0.000586582
0.000531623
0.000479458
0.000430065
0.000383423
0.000339516
0.000298327
0.000259843
0.000224053
0.000190945
0.000160506
0.000132721
0.000107568
8.50071e-05
6.49704e-05
4.73894e-05
3.22059e-05
1.83741e-05
3.96694e-06
2.45832e-06
1.47893e-05
0.0111523
0.0078011
0.00738463
0.00725472
0.00711159
0.00701172
0.00692465
0.00682722
0.0067117
0.00657755
0.00642772
0.00626625
0.00609707
0.00592342
0.00574778
0.00557192
0.00539706
0.00522396
0.00505312
0.00488483
0.00471927
0.00455653
0.00439665
0.00423968
0.00408564
0.00393453
0.00378638
0.0036412
0.00349899
0.00335977
0.00322355
0.00309034
0.00296014
0.00283294
0.00270876
0.00258758
0.00246941
0.00235422
0.00224202
0.00213279
0.0020265
0.00192316
0.00182273
0.00172521
0.00163056
0.00153878
0.00144983
0.00136371
0.00128038
0.00119982
0.00112202
0.00104696
0.000974606
0.000904948
0.000837967
0.000773644
0.000711964
0.00065291
0.000596471
0.000542634
0.000491388
0.000442726
0.00039664
0.000353127
0.000312183
0.000273805
0.000237994
0.000204748
0.000174064
0.000145933
0.00012034
9.72516e-05
7.66086e-05
5.8305e-05
4.2181e-05
2.80297e-05
1.51828e-05
1.39131e-06
-7.28848e-06
2.32805e-05
0.0217897
0.0158748
0.0154158
0.0154276
0.0152903
0.0151745
0.0150479
0.0148839
0.0146808
0.0144442
0.014182
0.0139012
0.013608
0.0133068
0.0130008
0.0126922
0.0123824
0.0120724
0.0117629
0.0114542
0.0111466
0.0108404
0.0105358
0.010233
0.00993204
0.00963314
0.00933645
0.00904214
0.00875033
0.0084612
0.00817487
0.0078915
0.00761122
0.00733416
0.00706045
0.00679023
0.00652362
0.00626073
0.00600168
0.0057466
0.00549559
0.00524876
0.00500622
0.00476808
0.00453445
0.00430543
0.00408112
0.00386163
0.00364706
0.00343752
0.00323311
0.00303392
0.00284007
0.00265167
0.0024688
0.00229159
0.00212013
0.00195454
0.00179492
0.00164139
0.00149406
0.00135303
0.00121843
0.00109037
0.000968968
0.000854343
0.00074661
0.000645884
0.000552274
0.000465875
0.000386764
0.000314983
0.000250516
0.000193254
0.000142957
9.92297e-05
6.11972e-05
2.68298e-05
-4.91154e-07
-1.42768e-06
0.0251885
0.0179698
0.0171564
0.0170801
0.0167207
0.0164055
0.016124
0.0158372
0.015539
0.0152298
0.0149118
0.0145873
0.0142585
0.0139271
0.0135944
0.0132612
0.0129283
0.0125961
0.0122651
0.0119354
0.0116074
0.0112813
0.0109571
0.0106353
0.0103158
0.00999898
0.00968486
0.00937366
0.00906551
0.00876057
0.00845898
0.00816088
0.0078664
0.00757567
0.00728881
0.00700593
0.00672716
0.00645261
0.00618238
0.00591657
0.0056553
0.00539866
0.00514674
0.00489964
0.00465747
0.0044203
0.00418823
0.00396136
0.00373977
0.00352355
0.0033128
0.0031076
0.00290805
0.00271423
0.00252624
0.00234416
0.0021681
0.00199814
0.00183439
0.00167693
0.00152587
0.00138131
0.00124335
0.00111209
0.000987643
0.000870106
0.00075959
0.000656204
0.000560051
0.000471233
0.000389843
0.000315957
0.000249624
0.000190836
0.000139534
9.55555e-05
5.78267e-05
2.444e-05
3.06823e-06
-1.4327e-05
0.0283973
0.0200859
0.0183379
0.0179651
0.0174658
0.017041
0.0166741
0.016321
0.0159717
0.0156236
0.0152755
0.0149274
0.0145794
0.0142317
0.0138845
0.0135382
0.013193
0.012849
0.0125065
0.0121658
0.0118269
0.0114903
0.0111559
0.0108241
0.010495
0.0101688
0.00984569
0.00952578
0.00920924
0.00889622
0.00858686
0.0082813
0.00797966
0.00768207
0.00738864
0.00709949
0.00681472
0.00653444
0.00625875
0.00598774
0.00572152
0.00546018
0.0052038
0.00495247
0.00470628
0.00446532
0.00422966
0.0039994
0.00377461
0.00355539
0.0033418
0.00313393
0.00293187
0.00273569
0.00254549
0.00236134
0.00218333
0.00201155
0.00184608
0.00168702
0.00153445
0.00138847
0.00124917
0.00111665
0.000991016
0.000872357
0.000760779
0.000656387
0.000559286
0.000469584
0.000387384
0.000312785
0.000245871
0.000186692
0.000135273
9.15133e-05
5.4311e-05
2.2185e-05
1.85821e-06
-2.56671e-05
0.0293842
0.0206447
0.018708
0.0183144
0.0177938
0.017338
0.0169417
0.0165626
0.0161913
0.015825
0.0154621
0.0151018
0.0147437
0.0143873
0.0140325
0.0136793
0.0133276
0.0129775
0.0126291
0.0122827
0.0119383
0.0115963
0.0112568
0.0109199
0.0105859
0.010255
0.0099273
0.00960298
0.00928219
0.00896509
0.0086518
0.00834247
0.00803721
0.00773616
0.00743941
0.00714709
0.00685929
0.00657613
0.00629768
0.00602406
0.00575535
0.00549164
0.00523301
0.00497956
0.00473135
0.00448848
0.00425103
0.00401907
0.00379268
0.00357194
0.00335693
0.00314773
0.00294441
0.00274706
0.00255574
0.00237056
0.00219157
0.00201888
0.00185255
0.00169269
0.00153936
0.00139267
0.00125271
0.00111956
0.000993332
0.000874112
0.000762005
0.000657115
0.000559548
0.000469414
0.000386823
0.000311884
0.000244695
0.000185324
0.00013382
9.00764e-05
5.29481e-05
2.11449e-05
9.78534e-07
-2.97605e-05
0.0293842
0.0206447
0.018708
0.0183144
0.0177938
0.017338
0.0169417
0.0165626
0.0161913
0.015825
0.0154621
0.0151018
0.0147437
0.0143873
0.0140325
0.0136793
0.0133276
0.0129775
0.0126291
0.0122827
0.0119383
0.0115963
0.0112568
0.0109199
0.0105859
0.010255
0.0099273
0.00960298
0.00928219
0.00896509
0.0086518
0.00834247
0.00803721
0.00773616
0.00743941
0.00714709
0.00685929
0.00657613
0.00629768
0.00602406
0.00575535
0.00549164
0.00523301
0.00497956
0.00473135
0.00448848
0.00425103
0.00401907
0.00379268
0.00357194
0.00335693
0.00314773
0.00294441
0.00274706
0.00255574
0.00237056
0.00219157
0.00201888
0.00185255
0.00169269
0.00153936
0.00139267
0.00125271
0.00111956
0.000993332
0.000874112
0.000762005
0.000657115
0.000559548
0.000469414
0.000386823
0.000311884
0.000244695
0.000185324
0.000133819
9.00763e-05
5.2948e-05
2.11448e-05
9.78372e-07
-2.97604e-05
0.0283973
0.0200859
0.0183379
0.0179651
0.0174658
0.017041
0.0166741
0.016321
0.0159717
0.0156236
0.0152755
0.0149274
0.0145794
0.0142317
0.0138845
0.0135382
0.013193
0.012849
0.0125065
0.0121658
0.0118269
0.0114903
0.0111559
0.0108241
0.010495
0.0101688
0.00984569
0.00952578
0.00920924
0.00889622
0.00858686
0.0082813
0.00797966
0.00768207
0.00738864
0.00709949
0.00681472
0.00653444
0.00625875
0.00598774
0.00572152
0.00546018
0.0052038
0.00495247
0.00470628
0.00446532
0.00422966
0.0039994
0.00377461
0.00355539
0.0033418
0.00313393
0.00293187
0.00273569
0.00254549
0.00236134
0.00218333
0.00201155
0.00184608
0.00168702
0.00153445
0.00138847
0.00124917
0.00111665
0.000991016
0.000872357
0.000760779
0.000656387
0.000559286
0.000469584
0.000387384
0.000312785
0.000245871
0.000186692
0.000135273
9.15132e-05
5.4311e-05
2.21849e-05
1.85808e-06
-2.56669e-05
0.0251885
0.0179698
0.0171564
0.0170801
0.0167207
0.0164055
0.016124
0.0158372
0.015539
0.0152298
0.0149118
0.0145873
0.0142585
0.0139271
0.0135944
0.0132612
0.0129283
0.0125961
0.0122651
0.0119354
0.0116074
0.0112813
0.0109571
0.0106353
0.0103158
0.00999898
0.00968486
0.00937366
0.00906551
0.00876057
0.00845898
0.00816088
0.0078664
0.00757567
0.00728881
0.00700593
0.00672716
0.00645261
0.00618238
0.00591657
0.0056553
0.00539866
0.00514674
0.00489964
0.00465747
0.0044203
0.00418823
0.00396136
0.00373977
0.00352355
0.0033128
0.0031076
0.00290805
0.00271423
0.00252624
0.00234416
0.0021681
0.00199814
0.00183439
0.00167693
0.00152587
0.00138131
0.00124335
0.00111209
0.000987642
0.000870106
0.00075959
0.000656204
0.000560051
0.000471233
0.000389843
0.000315957
0.000249624
0.000190836
0.000139534
9.55554e-05
5.78265e-05
2.44398e-05
3.06825e-06
-1.43272e-05
0.0217897
0.0158748
0.0154158
0.0154276
0.0152903
0.0151745
0.0150479
0.0148839
0.0146808
0.0144442
0.014182
0.0139012
0.013608
0.0133068
0.0130008
0.0126922
0.0123824
0.0120724
0.0117629
0.0114542
0.0111466
0.0108404
0.0105358
0.010233
0.00993204
0.00963314
0.00933645
0.00904214
0.00875033
0.0084612
0.00817487
0.0078915
0.00761122
0.00733416
0.00706045
0.00679023
0.00652362
0.00626073
0.00600168
0.0057466
0.00549559
0.00524876
0.00500622
0.00476808
0.00453445
0.00430543
0.00408112
0.00386163
0.00364706
0.00343752
0.00323311
0.00303392
0.00284007
0.00265167
0.0024688
0.00229159
0.00212013
0.00195454
0.00179492
0.00164139
0.00149406
0.00135303
0.00121843
0.00109037
0.000968968
0.000854343
0.00074661
0.000645885
0.000552274
0.000465875
0.000386764
0.000314983
0.000250516
0.000193254
0.000142958
9.923e-05
6.11977e-05
2.68304e-05
-4.90976e-07
-1.42841e-06
0.0291004
0.0223008
0.0225005
0.0228867
0.022838
0.0227428
0.0225959
0.0223796
0.0221044
0.0217846
0.0214328
0.021059
0.0206702
0.0202713
0.0198656
0.019455
0.019041
0.0186244
0.0182058
0.0177856
0.0173641
0.0169417
0.0165186
0.016095
0.0156713
0.0152478
0.0148246
0.0144021
0.0139805
0.0135601
0.0131412
0.0127241
0.012309
0.0118961
0.0114859
0.0110785
0.0106741
0.0102732
0.00987588
0.00948247
0.00909324
0.00870845
0.00832836
0.00795324
0.00758336
0.00721899
0.00686039
0.00650783
0.00616159
0.00582191
0.00548909
0.00516338
0.00484505
0.00453437
0.00423162
0.00393706
0.00365096
0.0033736
0.00310524
0.00284615
0.00259661
0.00235688
0.00212724
0.00190796
0.00169929
0.00150153
0.00131491
0.00113972
0.000976189
0.000824566
0.000685065
0.000557869
0.000443107
0.000340832
0.000250988
0.000173397
0.000107592
5.25555e-05
9.42203e-06
-2.11393e-05
0.0321071
0.0239494
0.0243447
0.0247134
0.0243073
0.0239046
0.0235419
0.0231729
0.0227923
0.0224014
0.0220022
0.0215964
0.0211856
0.0207706
0.0203522
0.019931
0.0195073
0.0190814
0.0186537
0.0182244
0.0177938
0.0173623
0.0169299
0.0164972
0.0160642
0.0156313
0.0151989
0.014767
0.0143361
0.0139064
0.0134782
0.0130518
0.0126274
0.0122053
0.0117858
0.0113691
0.0109556
0.0105454
0.0101389
0.00973642
0.00933811
0.0089443
0.00855525
0.00817123
0.00779253
0.00741942
0.00705216
0.00669103
0.00633631
0.00598828
0.00564719
0.00531334
0.00498699
0.00466842
0.0043579
0.0040557
0.00376209
0.00347736
0.00320177
0.00293559
0.00267909
0.00243255
0.00219623
0.0019704
0.00175533
0.00155129
0.00135854
0.00117734
0.00100795
0.000850625
0.000705602
0.000573113
0.000453375
0.000346571
0.000252867
0.000172396
0.000104806
4.91381e-05
8.01399e-06
-3.1129e-05
0.0357578
0.0262706
0.0257347
0.0257828
0.0251361
0.0245359
0.0240325
0.0235656
0.023117
0.0226796
0.0222485
0.0218208
0.0213943
0.0209678
0.0205403
0.0201114
0.0196809
0.0192487
0.018815
0.0183798
0.0179434
0.0175061
0.0170682
0.0166298
0.0161914
0.0157532
0.0153155
0.0148786
0.0144427
0.0140081
0.0135751
0.0131441
0.0127152
0.0122887
0.0118649
0.0114441
0.0110266
0.0106125
0.0102023
0.00979613
0.0093943
0.00899708
0.00860474
0.00821755
0.00783578
0.00745971
0.00708961
0.00672575
0.00636839
0.00601783
0.00567431
0.00533813
0.00500954
0.00468882
0.00437624
0.00407206
0.00377657
0.00349002
0.00321268
0.00294483
0.00268673
0.00243865
0.00220085
0.00197359
0.00175715
0.00155178
0.00135776
0.00117533
0.00100477
0.000846332
0.000700283
0.000566888
0.000446414
0.000339129
0.000245312
0.000165226
9.8602e-05
4.4662e-05
5.24115e-06
-3.72161e-05
0.0367957
0.0268284
0.0261661
0.0262129
0.0255079
0.0248369
0.0242769
0.0237667
0.0232858
0.0228246
0.0223762
0.0219359
0.0215002
0.0210667
0.0206337
0.0202002
0.0197657
0.0193299
0.0188927
0.0184543
0.0180147
0.0175744
0.0171334
0.0166921
0.0162508
0.0158098
0.0153694
0.0149298
0.0144913
0.0140542
0.0136189
0.0131855
0.0127543
0.0123256
0.0118997
0.0114769
0.0110574
0.0106415
0.0102294
0.00982148
0.00941798
0.00901914
0.00862526
0.00823659
0.00785341
0.00747599
0.0071046
0.0067395
0.00638098
0.00602929
0.00568471
0.00534751
0.00501796
0.00469632
0.00438287
0.00407786
0.00378158
0.00349428
0.00321624
0.00294771
0.00268896
0.00244026
0.00220187
0.00197406
0.00175708
0.0015512
0.00135668
0.00117379
0.0010028
0.000843958
0.000697555
0.000563868
0.000443188
0.000335811
0.00024205
0.000162188
9.59584e-05
4.26973e-05
3.86483e-06
-3.97733e-05
0.0367957
0.0268284
0.0261661
0.0262129
0.0255079
0.0248369
0.0242769
0.0237667
0.0232858
0.0228246
0.0223762
0.0219359
0.0215002
0.0210667
0.0206337
0.0202002
0.0197657
0.0193299
0.0188927
0.0184543
0.0180147
0.0175744
0.0171334
0.0166921
0.0162508
0.0158098
0.0153694
0.0149298
0.0144913
0.0140542
0.0136189
0.0131855
0.0127543
0.0123256
0.0118997
0.0114769
0.0110574
0.0106415
0.0102294
0.00982148
0.00941798
0.00901914
0.00862526
0.00823659
0.00785341
0.00747599
0.0071046
0.0067395
0.00638098
0.00602929
0.00568471
0.00534751
0.00501796
0.00469632
0.00438287
0.00407786
0.00378158
0.00349428
0.00321624
0.00294771
0.00268896
0.00244026
0.00220187
0.00197405
0.00175708
0.0015512
0.00135668
0.00117379
0.0010028
0.000843958
0.000697555
0.000563868
0.000443188
0.000335811
0.00024205
0.000162188
9.59585e-05
4.2697e-05
3.8632e-06
-3.97739e-05
0.0357578
0.0262706
0.0257347
0.0257828
0.0251361
0.0245359
0.0240325
0.0235656
0.023117
0.0226796
0.0222485
0.0218208
0.0213943
0.0209678
0.0205403
0.0201114
0.0196809
0.0192487
0.018815
0.0183798
0.0179434
0.0175061
0.0170682
0.0166298
0.0161914
0.0157532
0.0153155
0.0148786
0.0144427
0.0140081
0.0135751
0.0131441
0.0127152
0.0122887
0.0118649
0.0114441
0.0110266
0.0106125
0.0102023
0.00979613
0.0093943
0.00899708
0.00860474
0.00821755
0.00783578
0.00745971
0.00708961
0.00672575
0.00636839
0.00601783
0.00567431
0.00533813
0.00500954
0.00468882
0.00437624
0.00407206
0.00377657
0.00349002
0.00321268
0.00294483
0.00268673
0.00243865
0.00220085
0.00197359
0.00175715
0.00155178
0.00135776
0.00117533
0.00100477
0.000846332
0.000700283
0.000566888
0.000446414
0.000339129
0.000245312
0.000165226
9.86022e-05
4.46616e-05
5.23976e-06
-3.72171e-05
0.0321071
0.0239494
0.0243447
0.0247134
0.0243073
0.0239046
0.0235419
0.0231729
0.0227923
0.0224014
0.0220022
0.0215964
0.0211856
0.0207706
0.0203522
0.019931
0.0195073
0.0190814
0.0186537
0.0182244
0.0177938
0.0173623
0.0169299
0.0164972
0.0160642
0.0156313
0.0151989
0.014767
0.0143361
0.0139064
0.0134782
0.0130518
0.0126274
0.0122053
0.0117858
0.0113691
0.0109556
0.0105454
0.0101389
0.00973642
0.00933811
0.0089443
0.00855525
0.00817123
0.00779253
0.00741942
0.00705216
0.00669103
0.00633631
0.00598828
0.00564719
0.00531334
0.00498699
0.00466842
0.0043579
0.0040557
0.00376209
0.00347736
0.00320177
0.00293559
0.00267909
0.00243255
0.00219623
0.0019704
0.00175533
0.00155129
0.00135854
0.00117734
0.00100795
0.000850625
0.000705602
0.000573113
0.000453374
0.000346571
0.000252867
0.000172396
0.000104805
4.91378e-05
8.01416e-06
-3.11299e-05
0.0291004
0.0223008
0.0225005
0.0228867
0.022838
0.0227428
0.0225959
0.0223796
0.0221044
0.0217846
0.0214328
0.021059
0.0206702
0.0202713
0.0198656
0.019455
0.019041
0.0186244
0.0182058
0.0177856
0.0173641
0.0169417
0.0165186
0.016095
0.0156713
0.0152478
0.0148246
0.0144021
0.0139805
0.0135601
0.0131412
0.0127241
0.012309
0.0118961
0.0114859
0.0110785
0.0106741
0.0102732
0.00987588
0.00948247
0.00909324
0.00870845
0.00832836
0.00795324
0.00758336
0.00721899
0.00686039
0.00650783
0.00616159
0.00582191
0.00548909
0.00516338
0.00484505
0.00453437
0.00423162
0.00393706
0.00365096
0.0033736
0.00310524
0.00284615
0.00259661
0.00235688
0.00212724
0.00190796
0.00169929
0.00150153
0.00131491
0.00113972
0.000976188
0.000824566
0.000685065
0.000557868
0.000443107
0.000340832
0.000250988
0.000173397
0.000107592
5.25566e-05
9.42268e-06
-2.11414e-05
0.0342753
0.0285207
0.0291795
0.029847
0.0298569
0.0296687
0.0293773
0.0290094
0.0285863
0.0281251
0.0276383
0.0271343
0.0266185
0.0260943
0.0255641
0.0250294
0.024491
0.0239497
0.023406
0.0228605
0.0223135
0.0217654
0.0212164
0.0206671
0.0201177
0.0195686
0.0190202
0.0184727
0.0179265
0.0173819
0.0168394
0.0162992
0.0157616
0.0152271
0.0146958
0.0141683
0.0136447
0.0131255
0.012611
0.0121014
0.0115972
0.0110987
0.0106063
0.0101201
0.00964074
0.0091684
0.00870348
0.00824633
0.0077973
0.00735676
0.00692506
0.00650257
0.00608967
0.00568673
0.00529411
0.0049122
0.00454139
0.00418204
0.00383456
0.00349933
0.00317674
0.00286718
0.00257105
0.00228874
0.00202066
0.0017672
0.00152875
0.00130572
0.00109849
0.000907455
0.000733011
0.000575552
0.000435492
0.000313295
0.000209537
0.000125053
6.10017e-05
1.8573e-05
6.75745e-07
-3.04104e-06
0.0368367
0.0302719
0.0310557
0.0314889
0.0310854
0.0305615
0.0300285
0.0294924
0.0289571
0.0284235
0.0278907
0.0273577
0.0268235
0.0262872
0.0257485
0.0252071
0.0246631
0.0241167
0.0235681
0.0230177
0.0224658
0.0219128
0.0213591
0.0208051
0.020251
0.0196973
0.0191444
0.0185925
0.018042
0.0174933
0.0169467
0.0164025
0.0158611
0.0153227
0.0147878
0.0142566
0.0137295
0.0132068
0.0126888
0.012176
0.0116685
0.0111668
0.0106712
0.010182
0.00969954
0.00922423
0.00875638
0.00829636
0.00784451
0.00740119
0.00696676
0.00654159
0.00612605
0.00572051
0.00532534
0.00494091
0.00456762
0.00420584
0.00385595
0.00351835
0.00319342
0.00288156
0.00258315
0.0022986
0.00202829
0.00177263
0.00153201
0.00130682
0.00109748
0.000904386
0.000727958
0.000568644
0.000426939
0.000303423
0.00019883
0.000114175
5.06347e-05
9.08635e-06
-6.61747e-06
-2.02924e-06
0.0405445
0.0325339
0.0325117
0.0325967
0.0318923
0.0311185
0.0304023
0.0297385
0.0291169
0.0285263
0.0279566
0.0274002
0.0268511
0.0263054
0.0257605
0.0252148
0.0246677
0.0241187
0.0235679
0.0230155
0.0224617
0.0219068
0.0213513
0.0207955
0.0202397
0.0196844
0.01913
0.0185766
0.0180248
0.0174749
0.0169271
0.0163818
0.0158394
0.0153002
0.0147645
0.0142326
0.0137049
0.0131817
0.0126633
0.0121501
0.0116424
0.0111404
0.0106447
0.0101554
0.00967293
0.00919765
0.00872989
0.00826999
0.00781832
0.00737522
0.00694105
0.00651617
0.00610096
0.00569576
0.00530097
0.00491694
0.00454406
0.00418271
0.00383327
0.00349612
0.00317165
0.00286025
0.00256231
0.00227822
0.00200838
0.00175317
0.001513
0.00128828
0.00107941
0.000886819
0.000710955
0.000552311
0.000411441
0.000289001
0.000185808
0.000102936
4.15589e-05
2.52138e-06
-1.0158e-05
-2.17062e-06
0.0417197
0.0331682
0.0330232
0.0330752
0.0322739
0.0313956
0.0305955
0.0298693
0.0292032
0.0285818
0.0279915
0.0274213
0.0268634
0.026312
0.0257634
0.0252154
0.0246666
0.0241165
0.0235647
0.0230115
0.0224569
0.0219014
0.0213452
0.0207887
0.0202324
0.0196766
0.0191215
0.0185677
0.0180154
0.017465
0.0169169
0.0163713
0.0158285
0.015289
0.0147531
0.014221
0.0136931
0.0131698
0.0126513
0.0121379
0.0116301
0.0111282
0.0106324
0.0101431
0.0096607
0.00918548
0.0087178
0.008258
0.00780644
0.00736346
0.00692943
0.00650471
0.00608966
0.00568464
0.00529002
0.00490618
0.0045335
0.00417235
0.0038231
0.00348616
0.0031619
0.00285071
0.00255297
0.00226908
0.00199944
0.00174443
0.00150447
0.00127996
0.00107131
0.00087897
0.000703396
0.000545106
0.000404681
0.000282805
0.00018031
9.82632e-05
3.78331e-05
-1.50686e-07
-1.1879e-05
-3.05037e-06
0.0417197
0.0331682
0.0330232
0.0330752
0.0322739
0.0313956
0.0305955
0.0298693
0.0292032
0.0285818
0.0279915
0.0274213
0.0268634
0.026312
0.0257634
0.0252154
0.0246666
0.0241165
0.0235647
0.0230115
0.0224569
0.0219014
0.0213452
0.0207887
0.0202324
0.0196766
0.0191215
0.0185677
0.0180154
0.017465
0.0169169
0.0163713
0.0158285
0.015289
0.0147531
0.014221
0.0136931
0.0131698
0.0126513
0.0121379
0.0116301
0.0111282
0.0106324
0.0101431
0.0096607
0.00918548
0.0087178
0.008258
0.00780644
0.00736346
0.00692943
0.00650471
0.00608966
0.00568464
0.00529002
0.00490618
0.0045335
0.00417235
0.0038231
0.00348616
0.0031619
0.00285071
0.00255297
0.00226908
0.00199944
0.00174443
0.00150447
0.00127996
0.00107131
0.00087897
0.000703396
0.000545106
0.000404681
0.000282805
0.000180309
9.82636e-05
3.78339e-05
-1.52951e-07
-1.18828e-05
-3.03601e-06
0.0405445
0.0325339
0.0325117
0.0325967
0.0318923
0.0311185
0.0304023
0.0297385
0.0291169
0.0285263
0.0279566
0.0274002
0.0268511
0.0263054
0.0257605
0.0252148
0.0246677
0.0241187
0.0235679
0.0230155
0.0224617
0.0219068
0.0213513
0.0207955
0.0202397
0.0196844
0.01913
0.0185766
0.0180248
0.0174749
0.0169271
0.0163818
0.0158394
0.0153002
0.0147645
0.0142326
0.0137049
0.0131817
0.0126633
0.0121501
0.0116424
0.0111404
0.0106447
0.0101554
0.00967293
0.00919765
0.00872989
0.00826999
0.00781832
0.00737522
0.00694105
0.00651617
0.00610096
0.00569576
0.00530097
0.00491694
0.00454406
0.00418271
0.00383327
0.00349612
0.00317165
0.00286025
0.00256231
0.00227822
0.00200838
0.00175317
0.001513
0.00128828
0.00107941
0.000886819
0.000710955
0.000552311
0.000411442
0.000289001
0.000185808
0.000102936
4.15586e-05
2.51915e-06
-1.01583e-05
-2.1575e-06
0.0368367
0.0302719
0.0310557
0.0314889
0.0310854
0.0305615
0.0300285
0.0294924
0.0289571
0.0284235
0.0278907
0.0273577
0.0268235
0.0262872
0.0257485
0.0252071
0.0246631
0.0241167
0.0235681
0.0230177
0.0224658
0.0219128
0.0213591
0.0208051
0.020251
0.0196973
0.0191444
0.0185925
0.018042
0.0174933
0.0169467
0.0164025
0.0158611
0.0153227
0.0147878
0.0142566
0.0137295
0.0132068
0.0126888
0.012176
0.0116685
0.0111668
0.0106712
0.010182
0.00969954
0.00922423
0.00875638
0.00829636
0.00784451
0.00740119
0.00696676
0.00654159
0.00612605
0.00572051
0.00532534
0.00494091
0.00456762
0.00420584
0.00385595
0.00351835
0.00319342
0.00288156
0.00258315
0.0022986
0.00202829
0.00177263
0.00153201
0.00130682
0.00109748
0.000904386
0.000727958
0.000568644
0.000426939
0.000303423
0.000198831
0.000114175
5.06335e-05
9.08567e-06
-6.61427e-06
-2.03695e-06
0.0342753
0.0285207
0.0291795
0.029847
0.0298569
0.0296687
0.0293773
0.0290094
0.0285863
0.0281251
0.0276383
0.0271343
0.0266185
0.0260943
0.0255641
0.0250294
0.024491
0.0239497
0.023406
0.0228605
0.0223135
0.0217654
0.0212164
0.0206671
0.0201177
0.0195686
0.0190202
0.0184727
0.0179265
0.0173819
0.0168394
0.0162992
0.0157616
0.0152271
0.0146958
0.0141683
0.0136447
0.0131255
0.012611
0.0121014
0.0115972
0.0110987
0.0106063
0.0101201
0.00964074
0.0091684
0.00870348
0.00824633
0.0077973
0.00735676
0.00692506
0.00650257
0.00608967
0.00568673
0.00529411
0.0049122
0.00454139
0.00418204
0.00383456
0.00349933
0.00317674
0.00286718
0.00257105
0.00228874
0.00202066
0.0017672
0.00152875
0.00130572
0.00109849
0.000907455
0.000733011
0.000575552
0.000435492
0.000313295
0.000209538
0.000125053
6.10016e-05
1.85743e-05
6.76184e-07
-3.04248e-06
)
;

boundaryField
{
    left
    {
        type            zeroGradient;
    }
    right
    {
        type            pressureTraction;
        value           nonuniform List<scalar> 
64
(
2.48783e-05
2.731e-05
2.74575e-05
2.86346e-05
2.86341e-05
2.74558e-05
2.731e-05
2.48763e-05
1.70784e-07
2.26265e-05
2.54759e-05
2.77469e-05
2.77477e-05
2.54773e-05
2.26275e-05
1.69547e-07
-4.66031e-05
-1.07875e-05
-8.1061e-06
-5.96517e-06
-5.96497e-06
-8.10564e-06
-1.07871e-05
-4.66049e-05
-9.95172e-05
-6.46998e-05
-6.6054e-05
-6.53375e-05
-6.5338e-05
-6.60549e-05
-6.47002e-05
-9.95177e-05
-0.000131155
-0.000111656
-0.000117679
-0.000118795
-0.000118796
-0.00011768
-0.000111657
-0.000131154
-0.000126126
-0.000128192
-0.000136051
-0.000138159
-0.000138159
-0.000136051
-0.000128193
-0.000126126
-8.20374e-05
-0.00010179
-0.00010515
-0.000105843
-0.000105845
-0.000105154
-0.000101787
-8.2036e-05
-7.42585e-06
-1.83924e-05
-1.72274e-05
-1.79875e-05
-1.79966e-05
-1.72357e-05
-1.83805e-05
-7.41991e-06
)
;
    }
    back
    {
        type            pressureTraction;
        value           nonuniform List<scalar> 
640
(
-0.0484812
-0.0286616
-0.0135897
-0.000683926
0.011235
0.022813
0.0335753
0.0441443
-0.0401988
-0.0244786
-0.0115771
-0.00105178
0.0075423
0.0150164
0.021513
0.0275933
-0.0388328
-0.0242848
-0.012163
-0.00176418
0.00704047
0.014791
0.0217981
0.0283264
-0.0384569
-0.0242245
-0.0125142
-0.00217588
0.00681392
0.014813
0.0221566
0.029058
-0.0382773
-0.0240899
-0.0126005
-0.00236304
0.00665678
0.0147585
0.0222612
0.0292541
-0.0380517
-0.0239316
-0.0125845
-0.00243698
0.00656831
0.0147166
0.0222979
0.0292259
-0.0377081
-0.0237238
-0.0125124
-0.00245897
0.00650104
0.0146461
0.0222393
0.0290491
-0.0372475
-0.0234622
-0.0124056
-0.00246084
0.00642689
0.014527
0.0220836
0.0287595
-0.03669
-0.0231524
-0.0122758
-0.00245817
0.00633428
0.0143589
0.0218488
0.0283883
-0.0360582
-0.022803
-0.0121293
-0.00245728
0.00622103
0.0141491
0.021555
0.0279606
-0.0353724
-0.0224224
-0.0119699
-0.00245974
0.0060897
0.0139073
0.0212196
0.0274953
-0.0346489
-0.0220183
-0.0118004
-0.00246495
0.00594462
0.0136426
0.020856
0.0270052
-0.0339004
-0.0215968
-0.0116227
-0.00247155
0.0057901
0.0133624
0.0204735
0.0264985
-0.0331362
-0.0211626
-0.011438
-0.00247808
0.00562983
0.0130721
0.0200786
0.0259808
-0.0323629
-0.0207195
-0.0112472
-0.0024833
0.00546665
0.0127758
0.0196756
0.0254555
-0.0315854
-0.0202699
-0.0110511
-0.0024863
0.00530258
0.012476
0.0192671
0.0249248
-0.0308067
-0.0198158
-0.0108502
-0.00248648
0.005139
0.0121746
0.0188549
0.02439
-0.0300292
-0.0193585
-0.0106451
-0.00248348
0.0049768
0.0118727
0.0184401
0.023852
-0.0292545
-0.0188993
-0.0104361
-0.00247715
0.00481653
0.0115709
0.0180233
0.0233117
-0.0284836
-0.0184387
-0.0102237
-0.00246744
0.00465852
0.0112698
0.017605
0.0227694
-0.0277173
-0.0179777
-0.0100083
-0.00245442
0.00450294
0.0109697
0.0171856
0.0222255
-0.0269562
-0.0175166
-0.00979009
-0.00243818
0.00434989
0.0106708
0.0167654
0.0216806
-0.0262008
-0.0170559
-0.00956953
-0.00241884
0.00419943
0.0103733
0.0163446
0.0211347
-0.0254514
-0.016596
-0.00934687
-0.00239654
0.00405157
0.0100774
0.0159236
0.0205885
-0.0247084
-0.0161374
-0.00912238
-0.0023714
0.00390634
0.00978319
0.0155025
0.0200421
-0.023972
-0.0156803
-0.00889633
-0.00234355
0.00376375
0.00949084
0.0150816
0.0194959
-0.0232424
-0.015225
-0.00866896
-0.00231312
0.00362381
0.00920052
0.0146613
0.0189503
-0.0225199
-0.0147719
-0.00844051
-0.00228024
0.00348655
0.00891236
0.0142417
0.0184055
-0.0218047
-0.0143212
-0.00821119
-0.00224501
0.00335196
0.00862653
0.0138231
0.0178621
-0.0210969
-0.0138732
-0.00798124
-0.00220756
0.00322008
0.00834317
0.0134058
0.0173201
-0.0203969
-0.0134281
-0.00775086
-0.002168
0.00309091
0.00806243
0.0129901
0.0167802
-0.0197047
-0.0129861
-0.00752026
-0.00212643
0.00296447
0.00778446
0.0125762
0.0162424
-0.0190206
-0.0125477
-0.00728966
-0.00208297
0.00284077
0.00750939
0.0121645
0.0157073
-0.0183447
-0.0121129
-0.00705925
-0.00203773
0.00271981
0.00723737
0.0117551
0.0151751
-0.0176773
-0.011682
-0.00682923
-0.00199083
0.00260161
0.00696852
0.0113483
0.0146461
-0.0170184
-0.0112552
-0.00659981
-0.00194237
0.00248616
0.00670298
0.0109444
0.0141208
-0.0163684
-0.0108328
-0.00637119
-0.00189248
0.00237347
0.00644088
0.0105437
0.0135994
-0.0157274
-0.010415
-0.00614356
-0.00184126
0.00226353
0.00618234
0.0101465
0.0130823
-0.0150956
-0.0100021
-0.00591713
-0.00178883
0.00215635
0.00592748
0.00975286
0.0125698
-0.0144732
-0.00959414
-0.00569209
-0.00173532
0.00205191
0.00567642
0.00936322
0.0120622
-0.0138603
-0.00919151
-0.00546864
-0.00168083
0.00195021
0.00542929
0.00897778
0.0115599
-0.0132572
-0.00879437
-0.00524697
-0.00162549
0.00185124
0.00518618
0.00859682
0.0110633
-0.0126641
-0.00840296
-0.00502729
-0.00156941
0.00175499
0.00494722
0.00822058
0.0105727
-0.0120812
-0.00801749
-0.00480978
-0.00151272
0.00166145
0.00471252
0.00784933
0.0100883
-0.0115087
-0.00763818
-0.00459465
-0.00145552
0.0015706
0.00448219
0.00748333
0.00961069
-0.0109468
-0.00726527
-0.00438209
-0.00139795
0.00148243
0.00425634
0.00712285
0.00914005
-0.0103958
-0.00689897
-0.00417229
-0.00134012
0.00139692
0.00403507
0.00676814
0.00867678
-0.00985576
-0.0065395
-0.00396544
-0.00128216
0.00131407
0.00381849
0.00641946
0.00822124
-0.00932707
-0.00618709
-0.00376176
-0.00122417
0.00123386
0.00360672
0.00607708
0.00777378
-0.0088099
-0.00584197
-0.00356141
-0.00116628
0.00115626
0.00339985
0.00574126
0.00733477
-0.0083045
-0.00550436
-0.00336461
-0.0011086
0.00108128
0.003198
0.00541227
0.00690457
-0.00781112
-0.00517449
-0.00317155
-0.00105126
0.00100889
0.00300127
0.00509036
0.00648355
-0.00733
-0.00485258
-0.0029824
-0.000994367
0.000939078
0.00280978
0.0047758
0.00607207
-0.00686139
-0.00453887
-0.00279738
-0.000938043
0.000871834
0.00262362
0.00446887
0.00567052
-0.00640556
-0.00423358
-0.00261667
-0.0008824
0.000807144
0.00244292
0.00416981
0.00527926
-0.00596276
-0.00393695
-0.00244046
-0.000827553
0.000744998
0.00226777
0.00387891
0.00489869
-0.00553327
-0.00364921
-0.00226895
-0.000773615
0.000685384
0.00209829
0.00359642
0.00452917
-0.00511736
-0.00337059
-0.00210231
-0.000720697
0.000628295
0.00193459
0.00332262
0.0041711
-0.0047153
-0.00310134
-0.00194076
-0.00066891
0.000573723
0.00177679
0.00305777
0.00382486
-0.00432737
-0.00284168
-0.00178446
-0.000618362
0.000521661
0.001625
0.00280214
0.00349085
-0.00395386
-0.00259185
-0.00163361
-0.000569162
0.000472106
0.00147934
0.002556
0.00316946
-0.00359506
-0.0023521
-0.0014884
-0.000521414
0.000425054
0.00133992
0.00231962
0.00286107
-0.00325125
-0.00212267
-0.00134902
-0.000475224
0.000380505
0.00120686
0.00209326
0.0025661
-0.00292274
-0.00190379
-0.00121564
-0.000430693
0.000338458
0.00108028
0.0018772
0.00228493
-0.00260982
-0.00169571
-0.00108845
-0.000387921
0.000298917
0.000960314
0.00167171
0.00201796
-0.0023128
-0.00149868
-0.000967646
-0.000347008
0.000261883
0.000847068
0.00147705
0.0017656
-0.00203197
-0.00131293
-0.00085339
-0.000308049
0.00022736
0.000740667
0.00129349
0.00152824
-0.00176763
-0.0011387
-0.000745862
-0.000271138
0.000195351
0.000641226
0.00112128
0.00130627
-0.00152008
-0.000976227
-0.000645226
-0.000236364
0.000165854
0.000548853
0.00096067
0.0011001
-0.00128959
-0.000825721
-0.000551634
-0.00020381
0.000138864
0.000463642
0.000811895
0.000910087
-0.00107642
-0.000687381
-0.000465213
-0.000173551
0.00011436
0.00038566
0.000675154
0.000736627
-0.000880807
-0.000561369
-0.000386052
-0.000145644
9.2306e-05
0.000314932
0.000550607
0.000580086
-0.000702961
-0.000447796
-0.000314176
-0.000120123
7.2631e-05
0.000251411
0.000438344
0.000440842
-0.000543056
-0.000346699
-0.000249519
-9.69894e-05
5.52098e-05
0.000194936
0.000338354
0.000319304
-0.000401274
-0.000258013
-0.000191881
-7.6204e-05
3.98346e-05
0.00014518
0.000250477
0.000215983
-0.000277926
-0.000181517
-0.000140864
-5.76557e-05
2.62205e-05
0.00010162
0.000174389
0.000131658
-0.00017345
-0.000116833
-9.6e-05
-4.13411e-05
1.38709e-05
6.34574e-05
0.000109573
6.75367e-05
-9.02234e-05
-6.46905e-05
-5.8623e-05
-2.94642e-05
3.07992e-07
2.85138e-05
5.49145e-05
2.50219e-05
-2.60432e-05
-2.26563e-05
-2.57704e-05
-1.9006e-05
-1.19735e-05
-1.87521e-06
1.08054e-05
6.52367e-06
1.16361e-05
3.18848e-05
4.47733e-05
4.40023e-05
2.7389e-05
4.39602e-06
-1.77507e-05
-2.64303e-06
)
;
    }
    front
    {
        type            pressureTraction;
        value           nonuniform List<scalar> 
640
(
-0.0484812
-0.0286616
-0.0135897
-0.000683926
0.011235
0.022813
0.0335753
0.0441443
-0.0401988
-0.0244786
-0.0115771
-0.00105178
0.0075423
0.0150164
0.021513
0.0275933
-0.0388328
-0.0242848
-0.012163
-0.00176418
0.00704047
0.014791
0.0217981
0.0283264
-0.0384569
-0.0242245
-0.0125142
-0.00217588
0.00681392
0.014813
0.0221566
0.029058
-0.0382773
-0.0240899
-0.0126005
-0.00236304
0.00665678
0.0147585
0.0222612
0.0292541
-0.0380517
-0.0239316
-0.0125845
-0.00243698
0.00656831
0.0147166
0.0222979
0.0292259
-0.0377081
-0.0237238
-0.0125124
-0.00245897
0.00650104
0.0146461
0.0222393
0.0290491
-0.0372475
-0.0234622
-0.0124056
-0.00246084
0.00642689
0.014527
0.0220836
0.0287595
-0.03669
-0.0231524
-0.0122758
-0.00245817
0.00633428
0.0143589
0.0218488
0.0283883
-0.0360582
-0.022803
-0.0121293
-0.00245728
0.00622103
0.0141491
0.021555
0.0279606
-0.0353724
-0.0224224
-0.0119699
-0.00245974
0.0060897
0.0139073
0.0212196
0.0274953
-0.0346489
-0.0220183
-0.0118004
-0.00246495
0.00594462
0.0136426
0.020856
0.0270052
-0.0339004
-0.0215968
-0.0116227
-0.00247155
0.0057901
0.0133624
0.0204735
0.0264985
-0.0331362
-0.0211626
-0.011438
-0.00247808
0.00562983
0.0130721
0.0200786
0.0259808
-0.0323629
-0.0207195
-0.0112472
-0.0024833
0.00546665
0.0127758
0.0196756
0.0254555
-0.0315854
-0.0202699
-0.0110511
-0.0024863
0.00530258
0.012476
0.0192671
0.0249248
-0.0308067
-0.0198158
-0.0108502
-0.00248648
0.005139
0.0121746
0.0188549
0.02439
-0.0300292
-0.0193585
-0.0106451
-0.00248348
0.0049768
0.0118727
0.0184401
0.023852
-0.0292545
-0.0188993
-0.0104361
-0.00247715
0.00481653
0.0115709
0.0180233
0.0233117
-0.0284836
-0.0184387
-0.0102237
-0.00246744
0.00465852
0.0112698
0.017605
0.0227694
-0.0277173
-0.0179777
-0.0100083
-0.00245442
0.00450294
0.0109697
0.0171856
0.0222255
-0.0269562
-0.0175166
-0.00979009
-0.00243818
0.00434989
0.0106708
0.0167654
0.0216806
-0.0262008
-0.0170559
-0.00956953
-0.00241884
0.00419943
0.0103733
0.0163446
0.0211347
-0.0254514
-0.016596
-0.00934687
-0.00239654
0.00405157
0.0100774
0.0159236
0.0205885
-0.0247084
-0.0161374
-0.00912238
-0.0023714
0.00390634
0.00978319
0.0155025
0.0200421
-0.023972
-0.0156803
-0.00889633
-0.00234355
0.00376375
0.00949084
0.0150816
0.0194959
-0.0232424
-0.015225
-0.00866896
-0.00231312
0.00362381
0.00920052
0.0146613
0.0189503
-0.0225199
-0.0147719
-0.00844051
-0.00228024
0.00348655
0.00891236
0.0142417
0.0184055
-0.0218047
-0.0143212
-0.00821119
-0.00224501
0.00335196
0.00862653
0.0138231
0.0178621
-0.0210969
-0.0138732
-0.00798124
-0.00220756
0.00322008
0.00834317
0.0134058
0.0173201
-0.0203969
-0.0134281
-0.00775086
-0.002168
0.00309091
0.00806243
0.0129901
0.0167802
-0.0197047
-0.0129861
-0.00752026
-0.00212643
0.00296447
0.00778446
0.0125762
0.0162424
-0.0190206
-0.0125477
-0.00728966
-0.00208297
0.00284077
0.00750939
0.0121645
0.0157073
-0.0183447
-0.0121129
-0.00705925
-0.00203773
0.00271981
0.00723737
0.0117551
0.0151751
-0.0176773
-0.011682
-0.00682923
-0.00199083
0.00260161
0.00696852
0.0113483
0.0146461
-0.0170184
-0.0112552
-0.00659981
-0.00194237
0.00248616
0.00670298
0.0109444
0.0141208
-0.0163684
-0.0108328
-0.00637119
-0.00189248
0.00237347
0.00644088
0.0105437
0.0135994
-0.0157274
-0.010415
-0.00614356
-0.00184126
0.00226353
0.00618234
0.0101465
0.0130823
-0.0150956
-0.0100021
-0.00591713
-0.00178883
0.00215635
0.00592748
0.00975286
0.0125698
-0.0144732
-0.00959414
-0.00569209
-0.00173532
0.00205191
0.00567642
0.00936322
0.0120622
-0.0138603
-0.00919151
-0.00546864
-0.00168083
0.00195021
0.00542929
0.00897778
0.0115599
-0.0132572
-0.00879437
-0.00524697
-0.00162549
0.00185124
0.00518618
0.00859682
0.0110633
-0.0126641
-0.00840296
-0.00502729
-0.00156941
0.00175499
0.00494722
0.00822058
0.0105727
-0.0120812
-0.00801749
-0.00480978
-0.00151272
0.00166145
0.00471252
0.00784933
0.0100883
-0.0115087
-0.00763818
-0.00459465
-0.00145552
0.0015706
0.00448219
0.00748333
0.00961069
-0.0109468
-0.00726527
-0.00438209
-0.00139795
0.00148243
0.00425634
0.00712285
0.00914005
-0.0103958
-0.00689897
-0.00417229
-0.00134012
0.00139692
0.00403507
0.00676814
0.00867678
-0.00985576
-0.0065395
-0.00396544
-0.00128216
0.00131407
0.00381849
0.00641946
0.00822124
-0.00932707
-0.00618709
-0.00376176
-0.00122417
0.00123386
0.00360672
0.00607708
0.00777378
-0.0088099
-0.00584197
-0.00356141
-0.00116628
0.00115627
0.00339985
0.00574126
0.00733477
-0.0083045
-0.00550436
-0.00336461
-0.0011086
0.00108128
0.003198
0.00541227
0.00690457
-0.00781112
-0.00517449
-0.00317155
-0.00105126
0.00100889
0.00300127
0.00509036
0.00648355
-0.00733
-0.00485258
-0.0029824
-0.000994368
0.000939078
0.00280978
0.0047758
0.00607207
-0.00686139
-0.00453887
-0.00279738
-0.000938043
0.000871834
0.00262362
0.00446887
0.00567052
-0.00640556
-0.00423358
-0.00261667
-0.0008824
0.000807144
0.00244291
0.00416981
0.00527926
-0.00596276
-0.00393695
-0.00244046
-0.000827553
0.000744998
0.00226777
0.00387891
0.00489869
-0.00553327
-0.00364921
-0.00226895
-0.000773615
0.000685385
0.00209829
0.00359642
0.00452917
-0.00511736
-0.0033706
-0.00210231
-0.000720697
0.000628296
0.00193459
0.00332262
0.0041711
-0.0047153
-0.00310134
-0.00194076
-0.00066891
0.000573724
0.00177679
0.00305777
0.00382486
-0.00432737
-0.00284168
-0.00178446
-0.000618362
0.000521662
0.001625
0.00280214
0.00349085
-0.00395386
-0.00259185
-0.00163361
-0.000569162
0.000472107
0.00147934
0.002556
0.00316946
-0.00359505
-0.0023521
-0.0014884
-0.000521415
0.000425055
0.00133992
0.00231962
0.00286107
-0.00325125
-0.00212267
-0.00134902
-0.000475224
0.000380505
0.00120686
0.00209326
0.0025661
-0.00292274
-0.00190379
-0.00121564
-0.000430693
0.000338459
0.00108029
0.0018772
0.00228493
-0.00260982
-0.00169571
-0.00108846
-0.000387921
0.000298917
0.000960314
0.00167171
0.00201796
-0.0023128
-0.00149868
-0.000967647
-0.000347008
0.000261883
0.000847068
0.00147705
0.0017656
-0.00203197
-0.00131293
-0.000853391
-0.00030805
0.000227361
0.000740667
0.00129349
0.00152824
-0.00176763
-0.0011387
-0.000745863
-0.000271139
0.000195351
0.000641226
0.00112128
0.00130627
-0.00152008
-0.000976227
-0.000645226
-0.000236365
0.000165855
0.000548853
0.00096067
0.0011001
-0.00128958
-0.00082572
-0.000551634
-0.000203811
0.000138864
0.000463642
0.000811894
0.000910087
-0.00107642
-0.00068738
-0.000465213
-0.000173551
0.00011436
0.000385661
0.000675154
0.000736626
-0.000880806
-0.000561368
-0.000386051
-0.000145644
9.23064e-05
0.000314933
0.000550607
0.000580086
-0.000702958
-0.000447795
-0.000314176
-0.000120123
7.26311e-05
0.000251411
0.000438344
0.000440842
-0.000543054
-0.000346698
-0.000249519
-9.69896e-05
5.52098e-05
0.000194937
0.000338354
0.000319304
-0.000401277
-0.000258013
-0.000191882
-7.62044e-05
3.98348e-05
0.000145181
0.000250477
0.000215983
-0.000277926
-0.000181517
-0.000140864
-5.76563e-05
2.62208e-05
0.000101621
0.00017439
0.000131659
-0.000173448
-0.000116834
-9.59998e-05
-4.13414e-05
1.3871e-05
6.34586e-05
0.000109573
6.75372e-05
-9.02223e-05
-6.46911e-05
-5.86231e-05
-2.94642e-05
3.07354e-07
2.85149e-05
5.49163e-05
2.50217e-05
-2.6043e-05
-2.26568e-05
-2.57715e-05
-1.90064e-05
-1.19737e-05
-1.87486e-06
1.08066e-05
6.52937e-06
1.16341e-05
3.18844e-05
4.47707e-05
4.40007e-05
2.73896e-05
4.39581e-06
-1.77525e-05
-2.64494e-06
)
;
    }
    top
    {
        type            pressureTraction;
        value           nonuniform List<scalar> 
640
(
0.0381742
0.0428209
0.0486765
0.0512759
0.0512759
0.0486765
0.0428209
0.0381742
0.0311108
0.0329769
0.0349667
0.0355545
0.0355545
0.0349667
0.0329769
0.0311108
0.0324028
0.0343247
0.0357695
0.0363128
0.0363128
0.0357695
0.0343247
0.0324028
0.0334606
0.0349529
0.0360777
0.0365885
0.0365885
0.0360777
0.0349529
0.0334606
0.0337103
0.0347081
0.035505
0.035904
0.035904
0.035505
0.0347081
0.0337103
0.0336842
0.0342954
0.034806
0.0350793
0.0350793
0.034806
0.0342954
0.0336842
0.0335116
0.0338412
0.0341341
0.0343024
0.0343024
0.0341341
0.0338412
0.0335116
0.0332332
0.0333676
0.0335045
0.0335928
0.0335928
0.0335045
0.0333676
0.0332332
0.0328815
0.0328861
0.0329149
0.0329452
0.0329452
0.0329149
0.0328861
0.0328815
0.0324816
0.0324013
0.0323567
0.0323461
0.0323461
0.0323567
0.0324013
0.0324816
0.0320507
0.0319143
0.0318207
0.0317818
0.0317818
0.0318207
0.0319143
0.0320507
0.0315993
0.0314249
0.0312985
0.0312405
0.0312405
0.0312985
0.0314249
0.0315993
0.0311332
0.0309319
0.0307834
0.0307125
0.0307125
0.0307834
0.0309319
0.0311332
0.0306559
0.0304341
0.0302704
0.0301909
0.0301909
0.0302704
0.0304341
0.0306559
0.0301689
0.0299305
0.0297559
0.0296706
0.0296706
0.0297559
0.0299305
0.0301689
0.0296731
0.0294203
0.0292376
0.0291483
0.0291483
0.0292376
0.0294203
0.0296731
0.0291691
0.0289032
0.0287141
0.0286218
0.0286218
0.0287141
0.0289032
0.0291691
0.028657
0.028379
0.0281844
0.02809
0.02809
0.0281844
0.028379
0.028657
0.028137
0.0278476
0.0276484
0.0275522
0.0275522
0.0276484
0.0278476
0.028137
0.0276095
0.0273093
0.0271058
0.0270083
0.0270083
0.0271058
0.0273093
0.0276095
0.0270745
0.0267641
0.0265569
0.0264581
0.0264581
0.0265569
0.0267641
0.0270745
0.0265325
0.0262126
0.0260018
0.025902
0.025902
0.0260018
0.0262126
0.0265325
0.0259836
0.0256548
0.025441
0.0253403
0.0253403
0.025441
0.0256548
0.0259836
0.0254282
0.0250913
0.0248746
0.0247732
0.0247732
0.0248746
0.0250913
0.0254282
0.0248667
0.0245223
0.0243032
0.0242012
0.0242012
0.0243032
0.0245223
0.0248667
0.0242995
0.0239483
0.0237272
0.0236246
0.0236246
0.0237272
0.0239483
0.0242995
0.0237269
0.0233698
0.0231469
0.023044
0.023044
0.0231469
0.0233698
0.0237269
0.0231493
0.022787
0.0225627
0.0224596
0.0224596
0.0225627
0.022787
0.0231493
0.0225673
0.0222004
0.0219752
0.0218721
0.0218721
0.0219752
0.0222004
0.0225673
0.0219812
0.0216106
0.0213847
0.0212817
0.0212817
0.0213847
0.0216106
0.0219812
0.0213915
0.0210179
0.0207918
0.020689
0.020689
0.0207918
0.0210179
0.0213915
0.0207986
0.0204228
0.0201968
0.0200944
0.0200944
0.0201968
0.0204228
0.0207986
0.0202031
0.0198258
0.0196003
0.0194984
0.0194984
0.0196003
0.0198258
0.0202031
0.0196055
0.0192274
0.0190028
0.0189015
0.0189015
0.0190028
0.0192274
0.0196055
0.0190063
0.0186281
0.0184047
0.0183042
0.0183042
0.0184047
0.0186281
0.0190063
0.0184059
0.0180284
0.0178065
0.017707
0.017707
0.0178065
0.0180284
0.0184059
0.017805
0.0174288
0.0172088
0.0171103
0.0171103
0.0172088
0.0174288
0.017805
0.0172041
0.0168299
0.0166121
0.0165148
0.0165148
0.0166121
0.0168299
0.0172041
0.0166037
0.0162322
0.0160169
0.0159209
0.0159209
0.0160169
0.0162322
0.0166037
0.0160045
0.0156362
0.0154237
0.0153292
0.0153292
0.0154237
0.0156362
0.0160045
0.015407
0.0150425
0.0148331
0.0147402
0.0147402
0.0148331
0.0150425
0.015407
0.0148117
0.0144517
0.0142457
0.0141544
0.0141544
0.0142457
0.0144517
0.0148117
0.0142194
0.0138643
0.013662
0.0135725
0.0135725
0.013662
0.0138643
0.0142194
0.0136306
0.013281
0.0130826
0.0129949
0.0129949
0.0130826
0.013281
0.0136306
0.0130459
0.0127023
0.012508
0.0124223
0.0124223
0.012508
0.0127023
0.0130459
0.0124659
0.0121288
0.0119388
0.0118551
0.0118551
0.0119388
0.0121288
0.0124659
0.0118913
0.0115611
0.0113756
0.0112941
0.0112941
0.0113756
0.0115611
0.0118913
0.0113227
0.0109998
0.0108191
0.0107397
0.0107397
0.0108191
0.0109998
0.0113227
0.0107607
0.0104455
0.0102696
0.0101925
0.0101925
0.0102696
0.0104455
0.0107607
0.0102059
0.00989876
0.00972798
0.00965311
0.00965311
0.00972798
0.00989876
0.0102059
0.00965908
0.00936027
0.00919466
0.00912214
0.00912214
0.00919466
0.00936027
0.00965908
0.00912076
0.00883061
0.00867028
0.00860014
0.00860014
0.00867028
0.00883061
0.00912076
0.0085916
0.00831036
0.00815542
0.00808769
0.00808769
0.00815542
0.00831036
0.0085916
0.00807224
0.00780015
0.00765068
0.0075854
0.0075854
0.00765068
0.00780015
0.00807224
0.0075633
0.00730056
0.00715664
0.00709382
0.00709382
0.00715664
0.00730056
0.0075633
0.00706543
0.00681222
0.00667389
0.00661356
0.00661356
0.00667389
0.00681222
0.00706543
0.00657925
0.00633571
0.00620301
0.00614518
0.00614518
0.00620301
0.00633571
0.00657925
0.00610538
0.00587163
0.0057446
0.00568926
0.00568926
0.0057446
0.00587163
0.00610538
0.00564445
0.00542058
0.00529922
0.00524638
0.00524638
0.00529922
0.00542058
0.00564445
0.00519705
0.00498314
0.00486746
0.00481711
0.00481711
0.00486746
0.00498314
0.00519705
0.00476381
0.0045599
0.00444989
0.00440202
0.00440202
0.00444989
0.0045599
0.00476381
0.00434533
0.00415144
0.00404706
0.00400166
0.00400166
0.00404706
0.00415144
0.00434533
0.00394221
0.00375834
0.00365956
0.0036166
0.0036166
0.00365956
0.00375834
0.00394221
0.00355502
0.00338116
0.00328794
0.0032474
0.0032474
0.00328793
0.00338116
0.00355502
0.00318435
0.00302045
0.00293273
0.00289459
0.00289459
0.00293273
0.00302045
0.00318435
0.00283077
0.00267678
0.00259451
0.00255873
0.00255873
0.00259451
0.00267678
0.00283077
0.00249484
0.00235069
0.0022738
0.00224036
0.00224036
0.0022738
0.00235069
0.00249484
0.00217712
0.00204272
0.00197114
0.00194001
0.00194001
0.00197114
0.00204272
0.00217712
0.00187813
0.00175341
0.00168708
0.00165824
0.00165824
0.00168708
0.00175341
0.00187813
0.00159839
0.00148328
0.00142215
0.00139559
0.00139559
0.00142215
0.00148328
0.00159839
0.00133841
0.00123288
0.00117694
0.00115266
0.00115266
0.00117694
0.00123288
0.00133841
0.00109868
0.00100275
0.00095203
0.000930066
0.000930066
0.00095203
0.00100275
0.00109868
0.000879669
0.000793502
0.000748104
0.000728518
0.000728518
0.000748103
0.000793501
0.000879669
0.000681874
0.000605831
0.000565964
0.000548859
0.00054886
0.000565964
0.000605831
0.000681873
0.000505835
0.000440621
0.000406635
0.000392159
0.00039216
0.000406635
0.00044062
0.000505834
0.000352177
0.000299078
0.000271507
0.000259849
0.000259848
0.000271507
0.000299079
0.000352179
0.000221632
0.000182774
0.000162355
0.00015368
0.000153678
0.000162355
0.000182776
0.000221634
0.000114993
9.34828e-05
8.12117e-05
7.57378e-05
7.57408e-05
8.1214e-05
9.34835e-05
0.000114991
3.2906e-05
3.22062e-05
2.92055e-05
2.75072e-05
2.75116e-05
2.92029e-05
3.22008e-05
3.29123e-05
-3.34603e-05
-1.553e-05
-8.51454e-06
-6.63558e-06
-6.65105e-06
-8.53056e-06
-1.55275e-05
-3.34612e-05
)
;
    }
    bottom
    {
        type            pressureTraction;
        value           nonuniform List<scalar> 
640
(
-0.0595466
-0.0584199
-0.0588334
-0.0591668
-0.0591668
-0.0588334
-0.0584199
-0.0595466
-0.0490099
-0.0506114
-0.0511556
-0.0513291
-0.0513291
-0.0511556
-0.0506114
-0.0490099
-0.0470101
-0.0487684
-0.0495669
-0.0498253
-0.0498253
-0.0495669
-0.0487684
-0.0470101
-0.046087
-0.0475932
-0.0484408
-0.0487496
-0.0487496
-0.0484408
-0.0475932
-0.046087
-0.0454701
-0.0465844
-0.0473305
-0.0476346
-0.0476346
-0.0473305
-0.0465844
-0.0454701
-0.0448475
-0.0456448
-0.0462529
-0.0465222
-0.0465222
-0.0462529
-0.0456448
-0.0448475
-0.0441318
-0.0447062
-0.0451891
-0.0454144
-0.0454144
-0.0451891
-0.0447062
-0.0441318
-0.0433211
-0.0437499
-0.0441355
-0.0443204
-0.0443204
-0.0441355
-0.0437499
-0.0433211
-0.0424339
-0.0427736
-0.0430902
-0.0432429
-0.0432429
-0.0430902
-0.0427736
-0.0424339
-0.0414907
-0.0417803
-0.0420507
-0.0421801
-0.0421801
-0.0420507
-0.0417803
-0.0414907
-0.0405095
-0.0407746
-0.0410158
-0.0411294
-0.0411294
-0.0410158
-0.0407746
-0.0405095
-0.0395048
-0.0397618
-0.0399854
-0.0400888
-0.0400888
-0.0399854
-0.0397618
-0.0395048
-0.0384876
-0.0387464
-0.0389604
-0.0390575
-0.0390575
-0.0389604
-0.0387464
-0.0384876
-0.0374659
-0.0377323
-0.0379416
-0.0380353
-0.0380353
-0.0379416
-0.0377323
-0.0374659
-0.0364453
-0.0367226
-0.0369302
-0.0370221
-0.0370221
-0.0369302
-0.0367226
-0.0364453
-0.0354296
-0.0357194
-0.0359272
-0.0360184
-0.0360184
-0.0359272
-0.0357194
-0.0354296
-0.0344214
-0.0347243
-0.0349333
-0.0350244
-0.0350244
-0.0349333
-0.0347243
-0.0344214
-0.0334225
-0.0337386
-0.0339493
-0.0340406
-0.0340406
-0.0339493
-0.0337386
-0.0334225
-0.032434
-0.032763
-0.0329755
-0.0330673
-0.0330673
-0.0329755
-0.032763
-0.032434
-0.0314568
-0.031798
-0.0320124
-0.0321047
-0.0321047
-0.0320124
-0.031798
-0.0314568
-0.0304914
-0.0308441
-0.0310603
-0.031153
-0.031153
-0.0310603
-0.0308441
-0.0304914
-0.0295381
-0.0299015
-0.0301193
-0.0302124
-0.0302124
-0.0301193
-0.0299015
-0.0295381
-0.0285974
-0.0289706
-0.0291897
-0.0292831
-0.0292831
-0.0291897
-0.0289706
-0.0285974
-0.0276693
-0.0280515
-0.0282717
-0.0283653
-0.0283653
-0.0282717
-0.0280515
-0.0276693
-0.0267542
-0.0271445
-0.0273653
-0.0274591
-0.0274591
-0.0273653
-0.0271445
-0.0267542
-0.0258522
-0.0262496
-0.0264709
-0.0265647
-0.0265647
-0.0264709
-0.0262496
-0.0258522
-0.0249635
-0.025367
-0.0255885
-0.0256822
-0.0256822
-0.0255885
-0.025367
-0.0249635
-0.0240882
-0.0244969
-0.0247182
-0.0248117
-0.0248117
-0.0247182
-0.0244969
-0.0240882
-0.0232265
-0.0236394
-0.0238602
-0.0239533
-0.0239533
-0.0238602
-0.0236394
-0.0232265
-0.0223784
-0.0227946
-0.0230147
-0.0231073
-0.0231073
-0.0230147
-0.0227946
-0.0223784
-0.0215441
-0.0219627
-0.0221817
-0.0222737
-0.0222737
-0.0221817
-0.0219627
-0.0215441
-0.0207237
-0.0211438
-0.0213614
-0.0214527
-0.0214527
-0.0213614
-0.0211438
-0.0207237
-0.0199173
-0.020338
-0.0205539
-0.0206444
-0.0206444
-0.0205539
-0.020338
-0.0199173
-0.0191249
-0.0195454
-0.0197593
-0.019849
-0.019849
-0.0197593
-0.0195454
-0.0191249
-0.0183468
-0.0187662
-0.0189778
-0.0190664
-0.0190664
-0.0189778
-0.0187662
-0.0183468
-0.0175829
-0.0180004
-0.0182095
-0.018297
-0.018297
-0.0182095
-0.0180004
-0.0175829
-0.0168334
-0.0172481
-0.0174545
-0.0175407
-0.0175407
-0.0174545
-0.0172481
-0.0168334
-0.0160983
-0.0165095
-0.0167129
-0.0167978
-0.0167978
-0.0167129
-0.0165095
-0.0160983
-0.0153777
-0.0157848
-0.0159849
-0.0160683
-0.0160683
-0.0159849
-0.0157848
-0.0153777
-0.0146717
-0.0150739
-0.0152705
-0.0153525
-0.0153525
-0.0152705
-0.0150739
-0.0146717
-0.0139805
-0.014377
-0.0145699
-0.0146503
-0.0146503
-0.0145699
-0.014377
-0.0139805
-0.0133039
-0.0136942
-0.0138832
-0.0139619
-0.0139619
-0.0138832
-0.0136942
-0.0133039
-0.0126423
-0.0130257
-0.0132106
-0.0132876
-0.0132876
-0.0132106
-0.0130257
-0.0126423
-0.0119956
-0.0123716
-0.0125522
-0.0126273
-0.0126273
-0.0125522
-0.0123716
-0.0119956
-0.0113639
-0.0117319
-0.0119081
-0.0119814
-0.0119814
-0.0119081
-0.0117319
-0.0113639
-0.0107474
-0.0111069
-0.0112785
-0.0113498
-0.0113498
-0.0112785
-0.0111069
-0.0107474
-0.0101461
-0.0104967
-0.0106635
-0.0107328
-0.0107328
-0.0106635
-0.0104967
-0.0101461
-0.00956012
-0.00990133
-0.0100632
-0.0101305
-0.0101305
-0.0100632
-0.00990133
-0.00956012
-0.00898964
-0.00932106
-0.00947794
-0.00954308
-0.00954308
-0.00947794
-0.00932106
-0.00898964
-0.00843474
-0.008756
-0.00890774
-0.00897073
-0.00897073
-0.00890774
-0.008756
-0.00843474
-0.00789554
-0.0082063
-0.0083528
-0.0084136
-0.0084136
-0.0083528
-0.0082063
-0.00789554
-0.00737218
-0.00767214
-0.0078133
-0.00787188
-0.00787188
-0.0078133
-0.00767214
-0.00737218
-0.0068648
-0.00715369
-0.00728943
-0.00734575
-0.00734575
-0.00728943
-0.00715369
-0.0068648
-0.00637354
-0.00665112
-0.00678137
-0.0068354
-0.0068354
-0.00678137
-0.00665112
-0.00637354
-0.00589856
-0.00616462
-0.00628931
-0.00634104
-0.00634104
-0.00628931
-0.00616462
-0.00589856
-0.00544001
-0.00569438
-0.00581347
-0.00586286
-0.00586286
-0.00581347
-0.00569438
-0.00544001
-0.00499807
-0.0052406
-0.00535405
-0.00540109
-0.00540109
-0.00535405
-0.0052406
-0.00499807
-0.00457291
-0.00480349
-0.00491126
-0.00495594
-0.00495594
-0.00491126
-0.00480349
-0.00457291
-0.00416473
-0.00438326
-0.00448533
-0.00452764
-0.00452764
-0.00448533
-0.00438326
-0.00416473
-0.00377371
-0.00398013
-0.00407649
-0.00411642
-0.00411642
-0.00407649
-0.00398013
-0.00377371
-0.00340007
-0.00359434
-0.00368498
-0.00372253
-0.00372253
-0.00368498
-0.00359434
-0.00340007
-0.00304402
-0.00322612
-0.00331104
-0.00334621
-0.0033462
-0.00331104
-0.00322612
-0.00304401
-0.00270577
-0.00287572
-0.00295492
-0.00298771
-0.00298771
-0.00295492
-0.00287572
-0.00270577
-0.00238558
-0.00254339
-0.00261689
-0.0026473
-0.0026473
-0.00261689
-0.00254339
-0.00238558
-0.00208366
-0.00222938
-0.0022972
-0.00232525
-0.00232525
-0.0022972
-0.00222938
-0.00208366
-0.00180028
-0.00193397
-0.00199614
-0.00202183
-0.00202183
-0.00199614
-0.00193397
-0.00180028
-0.00153569
-0.00165743
-0.00171399
-0.00173735
-0.00173735
-0.00171399
-0.00165743
-0.00153569
-0.00129016
-0.00140004
-0.00145104
-0.00147209
-0.00147209
-0.00145104
-0.00140004
-0.00129016
-0.00106396
-0.0011621
-0.00120761
-0.00122639
-0.00122639
-0.00120761
-0.0011621
-0.00106396
-0.000857373
-0.00094391
-0.000984028
-0.00100058
-0.00100058
-0.000984027
-0.000943911
-0.000857371
-0.000670691
-0.000745806
-0.000780662
-0.000795074
-0.000795074
-0.000780663
-0.000745807
-0.00067069
-0.000504249
-0.00056817
-0.000597953
-0.000610328
-0.000610328
-0.000597955
-0.000568171
-0.000504247
-0.000358451
-0.000411481
-0.000436448
-0.000446924
-0.000446923
-0.000436449
-0.000411481
-0.000358449
-0.000233862
-0.000276399
-0.000296886
-0.000305626
-0.000305626
-0.000296886
-0.000276399
-0.000233863
-0.000131372
-0.000163926
-0.000180331
-0.000187505
-0.000187506
-0.00018033
-0.000163926
-0.000131376
-5.23787e-05
-7.55524e-05
-8.82803e-05
-9.40177e-05
-9.40183e-05
-8.82788e-05
-7.55507e-05
-5.23772e-05
4.54349e-07
-1.396e-05
-2.33494e-05
-2.77021e-05
-2.77008e-05
-2.33485e-05
-1.39588e-05
4.58352e-07
2.39697e-05
1.68256e-05
1.03333e-05
7.37326e-06
7.37409e-06
1.03334e-05
1.68263e-05
2.39725e-05
1.23179e-05
1.13247e-05
8.05127e-06
6.83741e-06
6.83603e-06
8.05098e-06
1.1325e-05
1.23183e-05
-2.83064e-05
-2.72991e-05
-2.60595e-05
-2.46942e-05
-2.4694e-05
-2.60616e-05
-2.73003e-05
-2.83087e-05
)
;
    }
}


// ************************************************************************* //
