/*--------------------------------*- C++ -*----------------------------------*\
| =========                 |                                                 |
| \\      /  F ield         | foam-extend: Open Source CFD                    |
|  \\    /   O peration     | Version:     4.1                                |
|   \\  /    A nd           | Web:         http://www.foam-extend.org         |
|    \\/     M anipulation  |                                                 |
\*---------------------------------------------------------------------------*/
FoamFile
{
    version     2.0;
    format      ascii;
    class       volScalarField;
    location    "0.191";
    object      muEff;
}
// * * * * * * * * * * * * * * * * * * * * * * * * * * * * * * * * * * * * * //

dimensions      [1 -1 -2 0 0 0 0];

internalField   nonuniform List<scalar> 
5120
(
4435.23
4354.07
4343.15
4332.13
4323.44
4314.92
4305.95
4296.55
4286.88
4277.08
4268.31
4260.07
4251.83
4243.63
4235.53
4227.53
4219.66
4211.91
4204.27
4196.74
4189.29
4181.93
4174.64
4167.42
4160.29
4153.28
4146.42
4139.76
4133.38
4128.32
4123.27
4118.21
4113.09
4107.86
4102.47
4098.48
4095.38
4092.78
4090.65
4088.86
4087.28
4085.78
4084.28
4082.74
4081.16
4079.57
4077.99
4076.48
4075.05
4073.74
4072.57
4071.55
4070.72
4070.07
4069.63
4069.42
4069.46
4069.76
4072.85
4073.76
4075.02
4076.66
4078.72
4081.23
4084.24
4087.81
4091.98
4096.79
4102.28
4108.42
4115.12
4122.12
4128.85
4134.18
4132.96
4130.76
4113.33
4079.7
4033.73
4001.71
4454.04
4384.44
4364.92
4347.37
4333.84
4322.07
4310.89
4300.02
4289.39
4278.99
4268.8
4258.82
4249.08
4239.57
4231.37
4223.57
4215.96
4208.53
4201.29
4194.24
4187.39
4180.74
4174.27
4168
4161.91
4156.02
4150.32
4144.8
4139.47
4134.33
4129.38
4124.61
4120.02
4115.62
4111.41
4107.37
4103.51
4099.82
4096.31
4092.97
4089.79
4086.79
4083.94
4081.27
4078.75
4076.4
4074.22
4072.21
4070.36
4068.69
4067.2
4068.31
4067.2
4066.28
4065.57
4065.09
4064.84
4064.84
4065.12
4065.68
4066.56
4067.78
4069.38
4071.39
4073.85
4076.81
4080.32
4084.42
4089.14
4091.76
4097.57
4103.69
4109.61
4114.29
4118.67
4113.52
4096.97
4065.33
4021.09
4006.57
4444.07
4396.49
4378.71
4358.7
4341.98
4327.7
4314.71
4302.59
4291.14
4280.2
4269.66
4259.47
4249.58
4239.98
4230.64
4221.55
4214
4206.66
4199.52
4192.57
4185.81
4179.24
4172.87
4166.68
4160.68
4154.87
4149.24
4143.79
4138.51
4133.42
4128.5
4123.75
4119.18
4114.77
4110.53
4106.47
4102.56
4098.82
4095.25
4091.84
4088.58
4085.5
4085.05
4082.27
4079.66
4077.2
4074.92
4072.8
4070.85
4069.07
4067.47
4066.05
4064.83
4063.8
4062.97
4062.36
4061.98
4061.85
4061.97
4062.37
4063.08
4064.11
4065.51
4067.3
4069.53
4072.24
4075.48
4079.29
4083.72
4088.75
4091.63
4097.51
4103.24
4107.82
4112.19
4107.29
4091.3
4060.65
4018.59
4012.56
4437.17
4398.47
4383.92
4363.66
4345.79
4330.39
4316.53
4303.78
4291.9
4280.61
4269.89
4259.58
4249.62
4239.97
4230.6
4222.86
4215.42
4208.16
4201.1
4194.23
4187.54
4181.05
4174.73
4168.6
4162.65
4156.88
4151.28
4145.86
4140.62
4135.54
4130.64
4125.9
4121.33
4116.92
4112.68
4108.6
4104.68
4100.92
4097.32
4093.88
4090.6
4087.47
4084.51
4081.7
4079.06
4076.57
4074.25
4072.1
4070.11
4068.3
4066.66
4065.21
4063.94
4062.86
4061.99
4061.33
4060.9
4060.71
4060.78
4061.12
4061.76
4062.72
4064.05
4065.76
4067.91
4070.54
4073.71
4077.45
4081.8
4086.79
4092.36
4098.31
4104.19
4109
4108.01
4103.69
4091.43
4062.58
4023.22
4004.21
4437.17
4398.47
4383.92
4363.66
4345.79
4330.39
4316.53
4303.78
4291.9
4280.61
4269.89
4259.58
4249.62
4239.97
4230.6
4221.49
4213.15
4205.85
4198.74
4191.83
4185.11
4178.58
4172.24
4166.09
4160.12
4154.33
4148.72
4143.3
4138.04
4132.97
4128.06
4123.32
4118.76
4114.35
4110.12
4106.04
4102.13
4098.38
4094.79
4091.37
4088.1
4084.98
4082.03
4079.24
4076.61
4074.13
4071.83
4069.68
4067.71
4065.9
4064.27
4062.82
4061.56
4060.49
4059.63
4058.97
4058.54
4058.35
4058.41
4058.74
4059.37
4060.33
4061.64
4063.34
4065.46
4068.07
4071.2
4074.9
4079.22
4084.16
4089.68
4095.58
4101.4
4106.17
4110.85
4106.49
4088.77
4060.2
4025.19
4003.97
4444.07
4396.49
4378.71
4358.7
4341.98
4327.7
4314.71
4302.59
4291.14
4280.2
4269.66
4259.47
4249.58
4239.98
4231.41
4223.74
4216.27
4208.98
4201.88
4194.97
4188.24
4181.71
4175.36
4169.2
4163.22
4157.41
4151.79
4146.35
4141.08
4135.99
4131.07
4126.33
4121.75
4117.34
4113.1
4109.02
4105.11
4101.36
4097.78
4094.35
4091.09
4087.99
4082.57
4079.8
4077.2
4074.76
4072.48
4070.37
4068.43
4066.66
4065.07
4063.66
4062.44
4061.42
4060.6
4059.99
4059.61
4059.47
4059.59
4059.98
4060.68
4061.7
4063.08
4064.85
4067.06
4069.74
4072.95
4076.73
4081.11
4086.1
4094.34
4100.27
4106.05
4110.67
4109.33
4104.46
4088.6
4058.24
4016.61
4013.2
4454.04
4384.44
4364.92
4347.37
4333.84
4322.07
4310.89
4300.02
4289.39
4278.99
4268.8
4258.82
4249.46
4241.41
4233.51
4225.78
4218.22
4210.84
4203.65
4196.64
4189.82
4183.19
4176.75
4170.5
4164.43
4158.55
4152.86
4147.35
4142.03
4136.89
4131.94
4127.17
4122.59
4118.18
4113.96
4109.92
4106.05
4102.36
4098.84
4095.49
4092.31
4089.29
4086.44
4083.75
4081.23
4078.87
4076.68
4074.65
4072.8
4071.12
4069.63
4065.9
4064.78
4063.87
4063.17
4062.68
4062.43
4062.43
4062.7
4063.25
4064.12
4065.33
4066.91
4068.9
4071.33
4074.27
4077.74
4081.8
4086.48
4094.47
4100.34
4106.51
4112.48
4117.2
4115.74
4110.62
4094.21
4062.87
4019.07
4006.16
4435.23
4354.07
4343.15
4332.13
4323.44
4314.92
4305.95
4296.55
4286.88
4278.17
4270.14
4262
4253.84
4245.71
4237.67
4229.73
4221.9
4214.18
4206.57
4199.05
4191.6
4184.23
4176.92
4169.67
4162.51
4155.45
4148.55
4141.84
4135.38
4129.2
4123.36
4118.21
4113.09
4108.23
4104.11
4100.52
4097.46
4094.93
4092.86
4091.13
4089.61
4088.16
4086.7
4085.18
4083.62
4082.04
4080.47
4078.96
4077.53
4076.22
4075.04
4074.03
4073.19
4072.54
4072.11
4071.9
4071.94
4072.25
4070.35
4071.26
4072.5
4074.12
4076.16
4078.64
4081.63
4085.16
4089.29
4094.07
4099.5
4105.59
4112.24
4119.18
4125.85
4131.14
4136.01
4127.75
4110.46
4077.14
4031.63
4002.72
4228.54
4224.58
4234.94
4227.61
4219.73
4211.97
4204.12
4200.22
4198.83
4196.99
4194.81
4192.41
4189.86
4187.26
4184.64
4182.07
4179.57
4177.16
4174.86
4175.49
4173.5
4171.64
4169.93
4168.36
4166.94
4165.68
4164.58
4163.64
4162.86
4162.26
4161.83
4161.58
4161.52
4161.65
4161.99
4162.52
4163.28
4164.26
4165.47
4166.93
4168.65
4170.64
4172.92
4175.5
4178.4
4181.65
4185.25
4189.25
4193.66
4198.51
4203.84
4209.69
4216.08
4223.07
4230.7
4239.03
4248.09
4257.97
4268.71
4280.38
4293.03
4306.74
4321.55
4337.48
4354.56
4372.75
4391.94
4411.96
4432.45
4452.89
4472.44
4489.84
4498.04
4504.57
4505.26
4483.21
4429.03
4339.16
4197.86
4029.61
4242.11
4237.61
4246.17
4235.64
4225.39
4216.18
4207.3
4198.74
4194.47
4191.7
4188.85
4185.96
4183.05
4180.17
4177.33
4174.56
4171.89
4169.31
4166.84
4164.5
4162.28
4160.2
4158.25
4156.44
4154.77
4153.25
4151.88
4150.66
4149.6
4148.7
4147.96
4147.39
4147
4146.78
4146.75
4146.91
4147.27
4147.83
4151.85
4152.87
4154.13
4155.65
4157.42
4159.47
4161.82
4164.47
4167.46
4170.81
4174.53
4178.66
4183.23
4188.27
4193.82
4199.93
4206.62
4213.97
4222.01
4230.81
4240.44
4250.95
4262.42
4274.92
4288.51
4303.24
4319.15
4336.23
4354.44
4369.05
4388.85
4408.87
4428.35
4446.04
4460.02
4467.32
4468.36
4441.09
4390.53
4303.89
4170.25
4040.81
4230.6
4248.51
4256.13
4241.66
4228.56
4217.8
4208.08
4199.08
4194.09
4190.55
4187.12
4183.79
4180.56
4177.44
4174.42
4171.51
4168.71
4166.03
4163.46
4161.02
4158.7
4156.51
4154.46
4152.53
4150.75
4149.1
4147.6
4146.24
4145.04
4143.98
4143.08
4142.35
4141.77
4141.37
4141.15
4141.1
4144.38
4144.74
4145.31
4146.09
4147.1
4148.34
4149.84
4151.59
4153.63
4155.96
4158.61
4161.6
4164.95
4168.69
4172.84
4177.45
4182.54
4188.16
4194.35
4201.16
4208.65
4216.86
4225.88
4235.76
4246.58
4258.41
4271.32
4285.37
4300.62
4317.07
4334.71
4353.4
4368.34
4388.11
4407.48
4425.21
4439.3
4446.65
4447.36
4419.5
4367.95
4281.47
4154.02
4036.57
4234.58
4251.61
4260.43
4244.16
4229.39
4217.67
4207.51
4198.96
4194.8
4190.82
4187.02
4183.41
4179.98
4178.99
4175.93
4173
4170.2
4167.52
4164.95
4162.52
4160.2
4158.01
4155.94
4154.01
4152.2
4150.53
4149
4147.61
4146.36
4145.26
4144.3
4143.51
4142.87
4142.4
4142.1
4141.98
4142.05
4142.3
4142.76
4143.42
4144.31
4145.42
4146.78
4148.4
4150.29
4152.48
4154.97
4157.79
4160.96
4164.52
4168.48
4172.88
4177.76
4183.16
4189.11
4195.68
4202.91
4210.86
4219.59
4229.18
4239.7
4251.22
4263.82
4277.55
4292.49
4308.65
4326
4344.46
4363.77
4383.49
4402.87
4420.64
4434.77
4442.07
4432.77
4409.43
4361.97
4271.47
4147.36
4035.17
4232.06
4251.61
4260.43
4244.16
4229.39
4217.67
4207.51
4200.72
4196.66
4192.76
4189.06
4185.53
4182.18
4176.71
4173.58
4170.58
4167.72
4164.98
4162.37
4159.88
4157.51
4155.28
4153.18
4151.2
4149.36
4147.66
4146.1
4144.68
4143.41
4142.28
4141.31
4140.49
4139.84
4139.35
4139.03
4138.89
4138.94
4139.18
4139.62
4140.27
4141.13
4142.23
4143.58
4145.18
4147.05
4149.21
4151.68
4154.48
4157.62
4161.15
4165.09
4169.46
4174.3
4179.66
4185.58
4192.1
4199.29
4207.19
4215.87
4225.4
4235.85
4247.31
4259.83
4273.49
4288.34
4304.41
4321.68
4340.03
4359.25
4378.88
4398.16
4415.85
4429.91
4437.18
4437.63
4414.18
4357.49
4267.5
4144.23
4033.09
4228.21
4248.51
4256.13
4241.66
4228.56
4217.8
4208.08
4199.46
4195.93
4192.49
4189.15
4185.91
4182.77
4179.72
4176.78
4173.94
4171.2
4168.58
4166.07
4163.67
4161.4
4159.26
4157.24
4155.36
4153.61
4151.99
4150.52
4149.19
4148.01
4146.98
4146.1
4145.38
4144.83
4144.45
4144.24
4144.22
4141.25
4141.59
4142.14
4142.91
4143.9
4145.12
4146.6
4148.34
4150.35
4152.66
4155.29
4158.26
4161.58
4165.29
4169.41
4173.99
4179.05
4184.63
4190.78
4197.54
4204.98
4213.15
4222.11
4231.93
4242.69
4254.45
4267.28
4281.26
4296.42
4312.79
4330.33
4348.93
4372.91
4392.78
4412.24
4430.05
4444.2
4451.59
4442.45
4424.3
4372.48
4277.45
4150.84
4034.48
4239.91
4237.61
4246.17
4235.64
4225.39
4216.18
4207.3
4198.87
4196.31
4193.66
4190.91
4188.11
4185.29
4182.49
4179.73
4177.04
4174.42
4171.9
4169.49
4167.2
4165.03
4162.99
4161.08
4159.31
4157.68
4156.19
4154.85
4153.66
4152.62
4151.75
4151.03
4150.49
4150.11
4149.92
4149.91
4150.08
4150.46
4151.05
4148.62
4149.62
4150.87
4152.36
4154.11
4156.14
4158.47
4161.1
4164.07
4167.38
4171.08
4175.18
4179.72
4184.73
4190.24
4196.3
4202.96
4210.26
4218.25
4227
4236.57
4247.02
4258.43
4270.86
4284.37
4299.02
4314.84
4331.84
4349.96
4373.63
4393.53
4413.65
4433.21
4450.98
4465.02
4472.35
4463.34
4445.99
4395.18
4299.74
4166.95
4038.67
4229.33
4224.58
4234.94
4227.61
4219.73
4211.97
4204.12
4201.97
4200.72
4199.01
4196.95
4194.64
4192.19
4189.67
4187.14
4184.63
4182.2
4179.85
4177.61
4172.69
4170.65
4168.75
4166.99
4165.39
4163.93
4162.64
4161.5
4160.53
4159.73
4159.1
4158.65
4158.38
4158.29
4158.4
4158.71
4159.23
4159.96
4160.92
4162.12
4163.56
4165.25
4167.22
4169.48
4172.04
4174.91
4178.13
4181.71
4185.68
4190.06
4194.88
4200.18
4205.98
4212.34
4219.29
4226.87
4235.14
4244.16
4253.98
4264.66
4276.26
4288.85
4302.49
4317.21
4333.07
4350.06
4368.16
4387.26
4407.18
4427.58
4447.92
4467.38
4484.71
4503.22
4509.78
4500.08
4478.13
4433.87
4343.54
4201.39
4031.85
4110.8
4117.35
4128
4135.91
4145.4
4155.26
4164.65
4173.22
4183.45
4190.29
4196.33
4201.73
4206.66
4211.26
4215.66
4219.93
4224.17
4228.43
4232.74
4237.15
4241.67
4246.32
4251.12
4256.09
4261.22
4266.54
4272.04
4277.75
4283.67
4289.82
4296.19
4302.81
4309.68
4316.82
4324.25
4331.97
4339.99
4348.34
4357.03
4366.08
4375.5
4385.3
4395.51
4406.14
4417.21
4428.74
4440.74
4453.22
4466.21
4479.72
4493.76
4508.33
4523.44
4539.09
4555.28
4572
4583.56
4601.18
4619.22
4637.64
4656.34
4675.25
4694.23
4713.13
4731.77
4749.93
4767.34
4783.66
4798.49
4811.31
4827.96
4834.62
4836.52
4831.86
4811.33
4789.32
4737.23
4640.52
4444.63
4059.01
4175.59
4175.68
4161.11
4154.91
4155.49
4158.63
4162.73
4167.2
4171.7
4176.06
4180.22
4184.19
4188.01
4191.71
4195.35
4202.16
4205.87
4209.62
4213.44
4217.35
4221.37
4225.52
4229.8
4234.23
4238.81
4243.57
4248.5
4253.62
4258.93
4264.45
4270.2
4276.17
4282.38
4288.85
4295.59
4302.61
4309.93
4317.56
4325.52
4333.83
4342.5
4351.56
4361.01
4370.9
4381.22
4392.01
4403.28
4415.05
4427.35
4440.2
4453.61
4467.59
4482.17
4497.36
4513.15
4529.54
4546.54
4564.12
4582.24
4600.87
4619.94
4633.54
4653.13
4678.79
4698.47
4717.83
4736.59
4754.39
4770.78
4785.2
4796.9
4804.87
4807.69
4803.19
4781.53
4755.62
4695.47
4585.58
4386.52
4098.48
4164.29
4219.06
4194.73
4179.08
4172.08
4169.04
4168.24
4168.91
4170.5
4172.67
4175.19
4177.94
4180.83
4183.82
4186.9
4190.05
4193.29
4199.86
4203.34
4206.92
4210.61
4214.42
4218.37
4222.46
4226.7
4231.1
4235.66
4240.41
4245.34
4250.47
4255.81
4261.38
4267.18
4273.22
4279.52
4286.1
4292.97
4300.15
4307.65
4315.49
4323.68
4332.26
4341.23
4350.63
4360.47
4370.77
4381.55
4392.85
4404.68
4417.07
4430.03
4443.6
4457.78
4472.6
4488.06
4504.17
4520.93
4538.34
4556.36
4574.97
4594.1
4613.69
4633.63
4653.77
4673.95
4687.91
4707.33
4732.03
4749.31
4764.64
4777.21
4785.9
4789.14
4784.5
4761.87
4733.45
4669.1
4554
4356.7
4093.08
4165.3
4238.22
4212.46
4193.97
4183.69
4177.36
4173.67
4171.99
4171.76
4172.54
4174.03
4178.79
4181.19
4183.83
4186.65
4189.61
4192.69
4195.88
4199.17
4202.59
4206.11
4209.77
4213.55
4217.47
4221.54
4225.76
4230.15
4234.71
4239.46
4244.4
4249.55
4254.91
4260.5
4266.34
4272.43
4278.79
4285.44
4292.39
4299.65
4307.26
4315.22
4323.56
4332.29
4341.44
4351.04
4361.09
4371.64
4382.69
4394.28
4406.43
4419.17
4432.51
4446.48
4461.1
4476.38
4492.33
4508.96
4526.25
4544.19
4562.76
4581.89
4601.52
4621.56
4641.85
4662.23
4682.47
4702.27
4715.15
4732.76
4748.45
4761.35
4770.32
4779.98
4775.21
4758.26
4722.46
4656.45
4540.11
4346.55
4094.75
4167.7
4241.11
4215.03
4196.39
4186.08
4179.75
4176.09
4174.47
4174.3
4175.16
4176.73
4176.01
4178.33
4180.9
4183.64
4186.53
4189.53
4192.66
4195.89
4199.24
4202.71
4206.3
4210.03
4213.9
4217.91
4222.08
4226.42
4230.94
4235.64
4240.53
4245.63
4250.95
4256.49
4262.28
4268.33
4274.65
4281.25
4288.15
4295.38
4302.94
4310.85
4319.14
4327.83
4336.93
4346.47
4356.47
4366.97
4377.97
4389.5
4401.59
4414.27
4427.55
4441.46
4456.01
4471.23
4487.11
4503.66
4520.89
4538.76
4557.25
4576.31
4595.86
4615.82
4636.03
4656.34
4676.5
4696.23
4721.25
4738.93
4754.67
4767.61
4776.61
4773.69
4768.93
4752.05
4716.39
4650.64
4534.78
4342.16
4092.06
4166.63
4221.74
4197.1
4181.34
4174.34
4171.34
4170.61
4171.36
4173.04
4175.29
4177.9
4180.74
4183.71
4186.79
4189.94
4193.17
4196.47
4196.6
4200.02
4203.53
4207.16
4210.92
4214.81
4218.84
4223.03
4227.38
4231.89
4236.59
4241.47
4246.56
4251.85
4257.37
4263.12
4269.12
4275.38
4281.91
4288.74
4295.87
4303.32
4311.11
4319.26
4327.79
4336.72
4346.06
4355.85
4366.09
4376.83
4388.07
4399.85
4412.17
4425.08
4438.58
4452.7
4467.45
4482.85
4498.89
4515.59
4532.92
4550.87
4569.4
4588.46
4607.98
4627.84
4647.91
4668.01
4693.92
4713.41
4725.88
4743.1
4758.38
4770.91
4779.58
4782.81
4778.19
4768.12
4727.34
4663.24
4548.61
4352.25
4090.37
4173.28
4173.57
4163.05
4156.86
4157.54
4160.8
4165.02
4169.62
4174.24
4178.71
4182.98
4187.05
4190.96
4194.75
4198.47
4198.97
4202.6
4206.28
4210.03
4213.88
4217.84
4221.92
4226.15
4230.52
4235.05
4239.75
4244.63
4249.7
4254.96
4260.44
4266.13
4272.05
4278.22
4284.64
4291.33
4298.31
4305.58
4313.16
4321.08
4329.34
4337.96
4346.97
4356.38
4366.21
4376.48
4387.22
4398.43
4410.15
4422.4
4435.19
4448.53
4462.46
4476.98
4492.09
4507.82
4524.15
4541.08
4558.58
4576.64
4595.19
4614.19
4639.36
4659.03
4672.82
4692.43
4711.72
4730.42
4748.15
4764.49
4778.86
4790.53
4798.48
4801.29
4796.81
4787.85
4749.42
4689.51
4580.06
4381.92
4095.69
4110.8
4116.24
4129.38
4137.53
4147.26
4157.34
4166.93
4175.68
4180.84
4187.54
4193.46
4198.75
4203.58
4208.09
4212.4
4216.59
4220.76
4224.94
4229.18
4233.52
4237.98
4242.57
4247.31
4252.22
4257.3
4262.56
4268.01
4273.67
4279.54
4285.63
4291.95
4298.52
4305.35
4312.44
4319.82
4327.49
4335.47
4343.77
4352.41
4361.41
4370.77
4380.53
4390.68
4401.26
4412.28
4423.75
4435.7
4448.13
4461.06
4474.51
4488.49
4503
4518.05
4533.64
4549.76
4566.41
4589.21
4606.9
4625.01
4643.5
4662.27
4681.24
4700.29
4719.26
4737.96
4756.19
4773.65
4790.03
4804.9
4817.77
4821.48
4828.12
4830.02
4825.37
4817.76
4783
4731.1
4634.78
4449.54
4061.12
4107.45
4103.18
4237.67
4304.32
4354.89
4397.43
4440.04
4473.99
4503.79
4529.7
4552.28
4566.64
4584.28
4600.33
4615.2
4629.23
4642.65
4655.61
4668.25
4680.62
4692.79
4704.77
4716.58
4728.24
4739.73
4751.07
4762.26
4773.27
4784.12
4794.8
4805.3
4815.62
4825.75
4835.7
4845.45
4855
4864.34
4873.47
4882.39
4891.09
4899.56
4907.8
4915.81
4923.57
4931.09
4938.35
4945.35
4952.09
4958.56
4964.76
4970.68
4976.31
4981.66
4986.72
4991.48
4995.94
5000.1
5003.96
5007.51
5010.76
5013.69
5016.32
5018.63
5020.62
5022.28
5023.61
5024.58
5025.16
5025.28
5024.84
5023.67
5021.44
5017.61
5018.26
5007.32
4988.23
4953.18
4881.92
4706.62
4264.72
4052.96
4363.3
4386.04
4397.18
4413.67
4429.77
4447.31
4466.15
4485.18
4508.81
4526.46
4543.09
4558.75
4573.57
4587.71
4601.32
4614.5
4627.35
4639.96
4652.35
4664.57
4676.65
4688.59
4700.39
4712.08
4723.63
4735.06
4746.37
4757.53
4768.57
4779.46
4790.21
4800.81
4811.25
4821.54
4825.01
4834.92
4844.66
4854.22
4863.59
4872.77
4881.74
4890.51
4899.06
4907.38
4915.47
4923.32
4930.92
4938.27
4945.34
4952.15
4958.68
4971.97
4970.86
4976.49
4981.82
4986.82
4991.5
4995.85
4999.86
5003.52
5006.83
5009.78
5012.36
5014.54
5016.32
5017.65
5018.5
5018.77
5018.33
5016.96
5014.29
5009.63
5008.82
4995.39
4971.78
4928.13
4839.67
4623.83
4554.38
4143.37
4596.79
4552.71
4510.54
4488.78
4477.72
4475.53
4479.99
4488.67
4504.93
4517.41
4530.48
4543.72
4556.9
4569.93
4582.78
4595.43
4607.91
4620.24
4632.43
4644.49
4656.43
4668.27
4680
4691.63
4703.16
4714.59
4725.91
4737.13
4748.24
4759.23
4770.11
4780.86
4791.49
4801.99
4812.35
4822.56
4832.63
4842.54
4852.29
4855.13
4864.49
4873.68
4882.66
4891.45
4900.02
4908.37
4916.48
4924.36
4931.98
4939.34
4946.43
4953.23
4966.77
4965.95
4971.84
4977.4
4982.64
4987.52
4992.06
4996.22
5000.01
5003.41
5006.41
5008.98
5011.09
5012.72
5013.79
5014.21
5013.83
5012.4
5009.49
5011.4
5002.58
4987.5
4960.95
4912.12
4814.93
4593.23
4369.98
4247.14
4697.04
4634.66
4574.97
4536.04
4510.47
4501.88
4497.69
4500.02
4506.6
4515.82
4526.6
4538.25
4550.34
4562.61
4574.93
4587.21
4599.42
4611.53
4623.56
4635.49
4647.32
4659.07
4670.72
4682.29
4693.76
4705.15
4716.45
4727.65
4738.75
4749.76
4760.66
4771.45
4782.13
4792.69
4803.13
4813.45
4823.62
4833.66
4843.54
4853.27
4856.1
4865.46
4874.64
4883.63
4892.41
4900.98
4909.33
4917.45
4925.32
4932.94
4940.29
4947.37
4954.15
4960.63
4966.79
4972.63
4978.14
4983.29
4988.09
4992.51
4996.54
5000.17
5003.38
5006.15
5008.45
5010.23
5011.43
5011.95
5011.62
5010.19
5007.18
5008.86
4999.62
4983.77
4955.92
4905.03
4805.66
4595.68
4148.39
4250.59
4702.9
4640.27
4580.34
4541.26
4515.59
4496.81
4492.61
4494.92
4501.45
4510.61
4521.32
4532.9
4544.92
4557.13
4569.38
4581.59
4593.74
4605.79
4617.76
4629.63
4641.41
4653.1
4664.7
4676.22
4687.65
4698.98
4710.23
4721.39
4732.45
4743.41
4754.27
4765.02
4775.67
4786.19
4796.6
4806.87
4817.02
4827.02
4836.87
4846.57
4862.83
4872.22
4881.43
4890.44
4899.25
4907.85
4916.22
4924.36
4932.26
4939.9
4947.27
4954.36
4961.15
4967.65
4973.83
4979.69
4985.2
4990.37
4995.17
4999.6
5003.64
5007.28
5010.49
5013.26
5015.56
5017.34
5018.54
5019.06
5018.73
5017.28
5014.26
5001.8
4992.59
4976.8
4949.04
4898.32
4799.29
4590.12
4151.79
4140.64
4602.26
4557.99
4515.63
4493.78
4482.69
4480.5
4485
4493.74
4499.78
4512.19
4525.19
4538.34
4551.45
4564.41
4577.19
4589.78
4602.2
4614.46
4626.58
4638.59
4650.48
4662.26
4673.94
4685.52
4697
4708.38
4719.66
4730.83
4741.89
4752.85
4763.68
4774.4
4784.99
4795.45
4805.77
4815.95
4825.99
4835.86
4845.58
4861.86
4871.26
4880.47
4889.48
4898.29
4906.89
4915.26
4923.4
4931.3
4938.94
4946.32
4953.42
4960.24
4959.74
4972.99
4978.89
4984.47
4989.72
4994.61
4999.16
5003.33
5007.13
5010.53
5013.53
5016.1
5018.22
5019.84
5020.91
5021.33
5020.94
5019.51
5016.58
5004.33
4995.54
4980.51
4954.06
4905.38
4808.52
4598.82
4366.02
4052.96
4358.86
4390.54
4401.7
4418.29
4434.48
4452.13
4471.08
4490.23
4503.65
4521.2
4537.73
4553.3
4568.05
4582.11
4595.64
4608.76
4621.55
4634.09
4646.42
4658.59
4670.6
4682.49
4694.24
4705.88
4717.39
4728.77
4740.03
4751.15
4762.14
4772.99
4783.7
4794.26
4804.67
4814.92
4831.66
4841.61
4851.38
4860.97
4870.37
4879.58
4888.58
4897.37
4905.94
4914.29
4922.4
4930.27
4937.89
4945.26
4952.35
4959.18
4965.72
4964.91
4977.92
4983.57
4988.91
4993.93
4998.62
5002.97
5006.99
5010.66
5013.97
5016.92
5019.5
5021.68
5023.46
5024.79
5025.63
5025.9
5025.46
5024.08
5021.39
5016.71
5001.77
4988.38
4964.85
4921.33
4833.18
4629.54
4549.7
4107.45
4100.83
4241.11
4308.21
4359.12
4401.93
4435.3
4469.06
4498.68
4524.45
4546.9
4572.13
4589.86
4606
4620.95
4635.05
4648.54
4661.57
4674.26
4686.7
4698.92
4710.96
4722.82
4734.53
4746.08
4757.46
4768.69
4779.75
4790.64
4801.36
4811.9
4822.25
4832.42
4842.4
4852.18
4861.77
4871.14
4880.3
4889.25
4897.97
4906.47
4914.74
4922.76
4930.55
4938.08
4945.36
4952.38
4959.14
4965.63
4971.84
4977.77
4983.42
4988.78
4993.84
4998.61
5003.08
5007.25
5011.12
5014.67
5017.92
5020.86
5023.49
5025.8
5027.79
5029.45
5030.78
5031.75
5032.32
5032.44
5031.99
5030.81
5028.57
5024.72
5011.18
5000.27
4981.25
4946.31
4875.28
4700.62
4260.78
4095.84
3980.9
4094.37
4193.82
4268.86
4316.87
4341.45
4306.56
4398.26
4402.02
4404.32
4406.84
4409.56
4412.56
4415.88
4419.52
4423.47
4427.71
4437.19
4441.97
4446.99
4452.25
4457.76
4463.5
4469.49
4475.73
4482.23
4488.99
4496.01
4503.31
4510.87
4518.71
4526.83
4535.23
4543.9
4552.85
4562.08
4571.57
4581.34
4591.38
4601.68
4612.24
4623.04
4634.1
4645.39
4656.91
4668.65
4680.6
4692.75
4705.08
4717.59
4730.26
4743.08
4756.04
4769.11
4782.28
4795.54
4808.87
4822.25
4835.68
4849.12
4862.58
4876.03
4889.46
4902.86
4916.23
4929.55
4942.84
4956.1
4969.33
4982.56
4995.78
5008.96
5021.91
5033.97
5043.17
5043.63
5017.47
4897.99
4366.22
4133.47
4116.51
4035.67
4106.88
4188.15
4257.18
4305
4334.18
4350.66
4357.21
4345.27
4150.13
4261.73
4329.68
4351.34
4362.75
4370.8
4377.53
4383.72
4389.7
4395.67
4401.72
4407.91
4414.28
4420.86
4427.67
4434.72
4442.03
4449.6
4457.45
4465.58
4479.12
4487.86
4496.9
4506.23
4515.87
4525.8
4536.03
4546.56
4557.38
4568.49
4579.88
4591.56
4603.52
4615.74
4628.22
4640.95
4653.92
4667.12
4680.54
4694.16
4707.98
4721.96
4736.11
4750.4
4764.81
4779.33
4793.93
4808.61
4823.33
4838.09
4852.85
4867.61
4882.35
4897.05
4911.68
4926.25
4940.74
4955.13
4969.41
4976.63
4990.53
5004.08
5016.89
5027.99
5034.73
5029.72
4989.83
4815.45
4105.89
4131.09
4332.13
4245.7
4128.76
4106.75
4238.84
4302.22
4323.76
4329.96
4331
4334.36
4330.69
4318.3
4260
4101.67
4280.29
4323.23
4339.44
4349.17
4356.79
4363.67
4370.3
4376.91
4383.64
4390.54
4397.65
4405
4412.61
4420.5
4428.68
4437.14
4445.91
4454.99
4469.43
4479.17
4489.23
4499.61
4510.3
4521.32
4532.65
4544.3
4556.25
4568.52
4581.08
4593.94
4607.08
4620.5
4634.19
4648.13
4662.32
4676.73
4691.36
4706.19
4721.2
4736.38
4751.7
4767.14
4782.7
4798.33
4814.03
4829.77
4845.53
4861.29
4877.02
4892.71
4908.34
4923.88
4939.32
4954.62
4969.77
4984.7
4999.32
5006.39
5019.42
5030.25
5035.84
5027.85
4980.67
4797.12
4270.23
4097.41
4469.69
4416.86
4356.95
4183.5
4287.23
4331.3
4328.8
4323.57
4319.75
4322.05
4321.41
4321.64
4321.32
4310.93
4112.84
4317.12
4331.45
4338.48
4344.5
4350.42
4356.46
4362.72
4373.84
4380.65
4387.73
4395.11
4402.78
4410.76
4419.05
4427.65
4436.58
4445.83
4455.4
4465.31
4475.55
4486.12
4497.02
4508.26
4519.83
4531.72
4543.95
4556.49
4569.35
4582.52
4595.99
4609.75
4623.8
4638.12
4652.69
4667.51
4682.57
4697.83
4713.29
4728.93
4744.73
4760.67
4776.72
4792.87
4809.09
4825.36
4841.66
4857.96
4874.24
4890.48
4906.66
4922.75
4938.73
4954.57
4970.24
4985.67
5000.74
5015.23
5028.61
5039.63
5045.13
5036.62
4989.36
4818.32
4351.48
4099.83
4464.69
4412.04
4352.36
4187.34
4291.53
4335.77
4333.24
4327.98
4324.14
4317.68
4317.05
4317.27
4316.96
4306.61
4116.23
4321.49
4335.89
4342.95
4349
4354.94
4361.02
4367.31
4369.23
4376
4383.05
4390.4
4398.03
4405.98
4414.23
4422.79
4431.68
4440.89
4450.42
4460.28
4470.48
4481
4491.86
4503.05
4514.57
4526.42
4538.6
4551.09
4563.9
4577.02
4590.44
4604.15
4618.14
4632.4
4646.92
4661.69
4676.68
4691.89
4707.3
4722.88
4738.62
4754.5
4770.5
4786.59
4802.75
4818.97
4835.21
4851.45
4867.68
4883.87
4899.99
4916.03
4931.96
4947.75
4963.36
4978.74
4993.76
5008.2
5021.54
5032.52
5038
5029.5
4982.39
4824.76
4347.04
4131.09
4336.51
4249.75
4132.27
4110.22
4242.92
4306.57
4328.19
4334.4
4335.45
4329.92
4326.26
4313.93
4255.88
4098.32
4284.52
4327.65
4343.94
4353.71
4361.37
4368.27
4374.93
4381.58
4388.34
4395.27
4402.41
4409.8
4417.44
4425.37
4433.58
4442.08
4450.89
4460
4464.37
4474.07
4484.09
4494.43
4505.08
4516.05
4527.34
4538.94
4550.84
4563.06
4575.57
4588.38
4601.47
4614.84
4628.48
4642.37
4656.5
4670.86
4685.44
4700.21
4715.17
4730.29
4745.56
4760.95
4776.45
4792.03
4807.67
4823.36
4839.06
4854.77
4870.45
4886.09
4901.66
4917.15
4932.54
4947.8
4962.89
4977.78
4992.35
5013.41
5026.49
5037.36
5042.97
5034.96
4987.64
4803.51
4265.92
4133.47
4116.51
4035.67
4110.22
4191.94
4261.31
4309.34
4338.66
4355.21
4361.8
4340.75
4146.48
4265.92
4334.16
4355.92
4367.38
4375.47
4382.23
4388.44
4394.46
4400.45
4406.53
4412.75
4419.15
4425.75
4432.59
4439.67
4447.01
4454.62
4462.5
4470.66
4474
4482.7
4491.71
4501
4510.6
4520.49
4530.68
4541.16
4551.94
4563.01
4574.36
4586
4597.9
4610.08
4622.51
4635.2
4648.12
4661.27
4674.64
4688.22
4701.98
4715.92
4730.01
4744.25
4758.61
4773.08
4787.64
4802.26
4816.94
4831.64
4846.36
4861.07
4875.76
4890.4
4904.99
4919.51
4933.95
4948.3
4962.53
4983.56
4997.5
5011.09
5023.95
5035.09
5041.85
5036.84
4996.83
4821.91
4101.85
4098.71
3980.9
4097.2
4197.42
4272.94
4321.25
4345.97
4310.97
4403.05
4406.84
4409.15
4411.69
4414.43
4417.44
4420.77
4424.43
4428.4
4432.66
4432.21
4436.97
4441.97
4447.21
4452.69
4458.41
4464.37
4470.59
4477.06
4483.79
4490.79
4498.05
4505.59
4513.4
4521.48
4529.85
4538.48
4547.4
4556.59
4566.05
4575.78
4585.78
4596.04
4606.56
4617.33
4628.34
4639.59
4651.07
4662.77
4674.68
4686.78
4699.07
4711.54
4724.17
4736.94
4749.85
4762.88
4776.01
4789.22
4802.51
4815.85
4829.22
4842.63
4856.04
4869.44
4882.83
4896.19
4909.51
4922.8
4936.04
4949.26
4962.45
4975.63
4988.81
5001.95
5014.85
5026.88
5036.04
5036.5
5010.41
4891.31
4361.47
3968.88
3931.18
3919.55
3923.05
3934.64
3943.24
3949.04
3954.54
3956.97
3958.61
3959.84
3959.05
3960.03
3961.02
3962.04
3963.09
3964.17
3965.24
3966.25
3967.08
3967.4
3966.25
3960.76
3959.67
3972.65
3978.22
3981.67
3984.5
3987.16
3989.84
3992.62
3995.54
3998.64
4001.94
4005.46
4009.22
4013.25
4017.58
4022.23
4027.23
4032.6
4038.39
4044.63
4051.35
4056.14
4063.91
4072.31
4081.38
4091.19
4101.8
4113.28
4125.71
4139.16
4153.73
4169.49
4186.55
4205.02
4224.98
4246.56
4273.73
4294.97
4322.01
4355.37
4386.65
4420.08
4455.66
4493.39
4533.2
4574.99
4618.64
4663.98
4710.91
4759.45
4809.92
4863.1
4920.17
4980.88
5034.39
5008.95
4565.03
4089.9
3957.7
3922.01
3923.04
3933.61
3938.97
3941.84
3943.58
3946.46
3947.44
3946.65
3947.56
3948.51
3949.51
3950.56
3951.65
3952.79
3953.97
3955.19
3956.43
3957.7
3958.98
3960.25
3961.46
3962.54
3963.31
3963.44
3962.37
3961.29
3966.87
3974.27
3978.89
3982.72
3986.22
3989.67
3993.2
3996.89
4000.79
4004.96
4009.42
4014.21
4019.36
4024.93
4030.93
4037.43
4044.46
4052.08
4060.34
4069.31
4079.06
4089.65
4101.17
4113.72
4127.37
4142.24
4158.45
4176.1
4195.33
4216.27
4239.07
4263.86
4286.84
4315.89
4347.34
4381.3
4417.86
4457.06
4498.91
4543.34
4590.25
4639.46
4690.76
4743.96
4798.97
4855.83
4914.39
4972.21
5012.97
4915.47
4545.12
4041.62
4005.39
3945.84
3925.89
3939.38
3941.29
3941.03
3940.69
3942.27
3940.86
3941.35
3942.04
3942.88
3943.82
3944.85
3945.94
3947.08
3948.27
3949.5
3950.77
3952.08
3953.44
3954.83
3956.25
3957.71
3959.18
3960.63
3961.98
3963.07
3963.57
3962.91
3965.51
3972.23
3976.76
3980.57
3984.11
3987.64
3991.29
3995.15
3999.26
4003.66
4008.4
4013.51
4019.04
4025.03
4031.53
4038.58
4046.25
4054.6
4063.69
4073.61
4084.44
4096.27
4109.2
4123.34
4138.82
4155.76
4174.31
4194.62
4216.85
4241.17
4267.77
4292.83
4324.31
4358.55
4395.69
4435.84
4479.05
4525.3
4574.5
4626.46
4680.92
4737.55
4796.04
4856.11
4917.24
4976.47
5015.31
4890.6
4622.9
4041.32
4028.19
3974.49
3924.41
3948.15
3944.74
3941.89
3940.18
3940.98
3939.15
3939.39
3939.94
3940.7
3941.6
3942.6
3943.69
3944.83
3946.01
3947.25
3948.53
3949.85
3951.22
3952.64
3954.11
3955.64
3957.23
3958.89
3960.62
3962.4
3964.17
3965.71
3965.72
3968.56
3974.36
3977.77
3980.88
3984.07
3987.44
3991.04
3994.91
3999.09
4003.59
4008.47
4013.75
4019.48
4025.71
4032.48
4039.86
4047.9
4056.67
4066.26
4076.74
4085.61
4098.08
4111.75
4126.74
4143.2
4161.27
4181.11
4202.9
4226.82
4253.06
4285.71
4313.27
4351.89
4389.5
4430.31
4474.42
4521.82
4572.44
4626.11
4682.52
4741.33
4802.15
4864.69
4921.85
4984.5
5031.18
4970.65
4633.42
4039.2
4025.94
3972.6
3925.8
3949.9
3946.47
3943.59
3941.84
3939.35
3940.76
3940.98
3941.52
3942.27
3943.16
3944.16
3945.24
3946.38
3947.56
3948.8
3950.08
3951.4
3952.77
3954.19
3955.66
3957.19
3958.79
3960.46
3962.18
3963.96
3965.74
3967.26
3967.13
3967.23
3972.78
3976.13
3979.2
3982.35
3985.69
3989.27
3993.1
3997.24
4001.71
4006.54
4011.77
4017.45
4023.63
4030.34
4037.65
4045.62
4054.32
4063.83
4074.23
4088.21
4100.78
4114.55
4129.66
4146.23
4164.43
4184.4
4206.33
4230.4
4256.79
4281.81
4317.35
4347.63
4385.04
4425.66
4469.55
4516.73
4567.14
4620.57
4676.76
4735.34
4795.92
4858.23
4928.54
4991.41
5038.27
4977.59
4627.71
4043.93
4007.46
3947.34
3927.33
3941.01
3942.96
3942.7
3942.35
3940.62
3942.49
3942.98
3943.66
3944.49
3945.42
3946.45
3947.53
3948.67
3949.86
3951.09
3952.36
3953.67
3955.02
3956.41
3957.84
3959.29
3960.76
3962.2
3963.53
3964.59
3965.02
3964.22
3966.73
3970.79
3975.18
3978.91
3982.4
3985.89
3989.51
3993.32
3997.39
4001.76
4006.45
4011.52
4017
4022.93
4029.37
4036.37
4043.97
4052.25
4061.27
4071.11
4081.85
4093.59
4106.42
4120.46
4135.83
4152.65
4171.08
4191.25
4213.35
4237.52
4263.96
4292.83
4328.45
4362.87
4400.21
4440.55
4483.96
4530.42
4579.84
4632.02
4686.7
4743.56
4802.27
4862.56
4923.92
4983.37
5022.36
4897.33
4617.19
4089.9
3957.7
3922.01
3924.38
3935.12
3940.57
3943.49
3945.25
3944.77
3947.44
3948.34
3949.26
3950.2
3951.2
3952.25
3953.34
3954.48
3955.66
3956.87
3958.12
3959.38
3960.66
3961.92
3963.12
3964.18
3964.92
3965
3963.82
3961.29
3968.28
3972.69
3977.21
3980.97
3984.43
3987.84
3991.33
3994.99
3998.86
4002.99
4007.41
4012.16
4017.27
4022.79
4028.74
4035.18
4042.16
4049.72
4057.91
4066.81
4076.48
4086.99
4098.43
4110.88
4124.44
4139.21
4155.3
4172.84
4191.94
4212.76
4235.42
4260.06
4286.84
4320
4351.62
4385.75
4422.49
4461.88
4503.92
4548.55
4595.66
4645.07
4696.58
4749.99
4805.21
4862.28
4921.06
4979.09
5020.01
4922.27
4539.54
3968.88
3930.77
3919.55
3924.19
3936.05
3944.82
3950.74
3952.78
3955.16
3956.78
3959.84
3960.89
3961.88
3962.88
3963.9
3964.95
3966.02
3967.09
3968.1
3968.92
3969.22
3968
3962.33
3961.14
3970.9
3976.37
3979.78
3982.58
3985.22
3987.88
3990.64
3993.54
3996.62
3999.89
4003.39
4007.12
4011.13
4015.42
4020.03
4024.99
4030.33
4036.07
4042.26
4048.94
4058.61
4066.44
4074.9
4084.04
4093.93
4104.61
4116.18
4128.69
4142.24
4156.89
4172.76
4189.93
4208.51
4228.6
4250.3
4269.85
4298.99
4326.17
4351.06
4382.18
4415.45
4450.86
4488.41
4528.05
4569.66
4613.13
4658.28
4705.03
4753.38
4803.66
4856.64
4913.5
4974
5027.32
5016
4559.35
3930.49
3883.47
3881.71
3886.85
3888.8
3889.83
3891.06
3892.48
3894.21
3896.15
3898.26
3900.51
3902.85
3905.26
3907.73
3910.24
3912.77
3915.33
3917.9
3920.48
3923.06
3925.63
3928.19
3930.74
3933.26
3935.75
3938.2
3940.59
3942.9
3945.11
3947.18
3949.07
3950.68
3951.9
3952.56
3952.42
3951.22
3948.86
3946.99
3954.08
3960.45
3965.77
3970.13
3973.71
3976.72
3979.31
3981.56
3983.54
3985.29
3986.81
3988.12
3989.22
3990.08
3990.7
3991.04
3991.09
3990.79
3990.1
3988.96
3988.54
3996.74
4006.27
4017.37
4030.39
4045.69
4063.76
4085.17
4110.58
4140.8
4176.76
4219.51
4270.2
4325.98
4396
4478.21
4575.48
4694.02
4851.22
5015.57
4932.02
4001.64
3894.23
3879.21
3881.54
3885.29
3888.13
3890.56
3892.86
3895.06
3897.25
3899.47
3901.73
3904.04
3906.4
3908.8
3911.23
3913.69
3916.18
3918.68
3921.19
3923.7
3926.21
3928.71
3931.21
3933.68
3936.13
3938.55
3940.93
3943.26
3945.53
3947.73
3949.84
3951.84
3953.7
3955.4
3956.89
3958.13
3959.05
3959.59
3959.69
3959.29
3958.39
3957.38
3955.37
3960.46
3965.53
3970.23
3974.45
3978.16
3981.37
3984.12
3986.45
3988.4
3989.97
3991.2
3992.07
3992.56
3992.66
3992.31
3991.47
3990.06
3993.26
4002.56
4013.63
4026.86
4042.74
4061.89
4085.07
4113.22
4147.48
4189.24
4240.07
4297.8
4371.63
4459.65
4563.24
4683.52
4814.32
4733.56
4935.9
4005.8
3920.83
3886.13
3877.79
3880.89
3885.61
3889.37
3892.46
3895.05
3897.5
3899.86
3902.19
3904.54
3906.91
3909.31
3911.75
3914.21
3916.69
3919.2
3921.71
3924.24
3926.78
3929.31
3931.84
3934.36
3936.87
3939.36
3941.83
3944.26
3946.65
3949
3951.29
3953.51
3955.64
3957.67
3959.56
3961.28
3962.79
3964.02
3964.9
3965.33
3965.22
3964.45
3963.01
3960.96
3958.82
3964.67
3970.16
3975.07
3979.31
3982.9
3985.91
3988.4
3990.43
3992.05
3993.28
3994.12
3994.57
3994.58
3994.12
3993.12
3991.48
3994.37
4004.36
4016.42
4031.03
4048.84
4070.64
4097.45
4130.52
4171.42
4221.97
4280.38
4355.9
4446.77
4553.84
4676.14
4790.79
4259.4
4954.66
4040.77
3937.68
3893.96
3879.19
3877.54
3883.77
3888.28
3891.79
3894.76
3897.37
3899.83
3902.19
3904.58
3906.98
3909.41
3911.86
3914.35
3916.85
3919.39
3921.94
3924.5
3927.07
3929.66
3932.24
3934.83
3937.41
3939.99
3942.56
3945.11
3947.65
3950.16
3952.66
3955.12
3957.54
3959.93
3962.26
3964.52
3966.71
3968.78
3970.7
3972.38
3973.67
3974.25
3973.48
3970.1
3962.83
3967
3976.83
3983.08
3987.12
3989.96
3992.12
3993.83
3995.21
3996.3
3997.1
3997.6
3997.79
3997.62
3997.03
3995.95
3994.29
3991.92
3999.4
4011.13
4025.37
4042.77
4064.16
4090.61
4123.43
4164.28
4215.15
4278.26
4351.7
4445.45
4557.29
4688.92
4832.21
4957.7
4936.41
4038.48
3936.54
3893.14
3879.99
3877.54
3883.77
3888.28
3891.79
3894.76
3897.37
3899.83
3902.19
3904.58
3906.98
3909.41
3911.86
3914.35
3916.85
3919.39
3921.94
3924.5
3927.07
3929.66
3932.24
3934.83
3937.41
3939.99
3942.56
3945.11
3947.65
3950.16
3952.66
3955.12
3957.54
3959.93
3962.26
3964.52
3966.71
3968.78
3970.7
3972.38
3973.67
3974.25
3973.48
3970.1
3962.83
3967
3976.83
3983.08
3987.12
3989.96
3992.12
3993.83
3995.21
3996.3
3997.1
3997.6
3997.79
3997.62
3997.03
3995.95
3994.29
3991.92
3997.94
4009.51
4023.59
4040.8
4061.98
4088.17
4120.72
4161.26
4211.77
4274.49
4355.92
4450.15
4562.51
4694.71
4838.58
4950.86
4929.62
4003.59
3919.76
3886.13
3877.79
3880.89
3885.61
3889.37
3892.46
3895.05
3897.5
3899.86
3902.19
3904.54
3906.91
3909.31
3911.75
3914.21
3916.69
3919.2
3921.71
3924.24
3926.78
3929.31
3931.84
3934.36
3936.87
3939.36
3941.83
3944.26
3946.65
3949
3951.29
3953.51
3955.64
3957.67
3959.56
3961.28
3962.79
3964.02
3964.9
3965.33
3965.22
3964.45
3963.01
3960.96
3958.85
3964.67
3970.16
3975.07
3979.31
3982.9
3985.91
3988.4
3990.43
3992.05
3993.28
3994.12
3994.57
3994.58
3994.12
3993.12
3991.48
3992.99
4002.85
4014.75
4029.2
4046.81
4068.39
4094.96
4127.76
4168.35
4218.55
4280.38
4360.14
4451.48
4559.05
4681.89
4797.03
4254.46
4947.8
4004.17
3895.21
3878.68
3881.54
3885.29
3888.13
3890.56
3892.86
3895.06
3897.25
3899.47
3901.73
3904.04
3906.4
3908.8
3911.23
3913.69
3916.18
3918.68
3921.19
3923.7
3926.21
3928.71
3931.21
3933.68
3936.13
3938.55
3940.93
3943.26
3945.53
3947.73
3949.84
3951.84
3953.7
3955.4
3956.89
3958.13
3959.05
3959.59
3959.69
3959.29
3958.39
3957.38
3955.75
3960.46
3965.53
3970.23
3974.45
3978.16
3981.37
3984.12
3986.45
3988.4
3989.97
3991.2
3992.07
3992.56
3992.66
3992.31
3991.47
3990.06
3991.87
4001.05
4011.98
4025.05
4040.76
4059.72
4082.68
4110.59
4144.58
4186.03
4236.53
4297.8
4375.95
4464.42
4568.5
4689.3
4820.63
4727.31
4929.07
3930.49
3883.47
3881.71
3886.85
3888.8
3889.83
3891.06
3892.48
3894.21
3896.15
3898.26
3900.51
3902.85
3905.26
3907.73
3910.24
3912.77
3915.33
3917.9
3920.48
3923.06
3925.63
3928.19
3930.74
3933.26
3935.75
3938.2
3940.59
3942.9
3945.11
3947.18
3949.07
3950.68
3951.9
3952.56
3952.42
3951.22
3948.86
3946.99
3954.08
3960.45
3965.77
3970.13
3973.71
3976.72
3979.31
3981.56
3983.54
3985.29
3986.81
3988.12
3989.22
3990.08
3990.7
3991.04
3991.09
3990.79
3990.1
3988.96
3987.3
3995.24
4004.65
4015.63
4028.5
4043.65
4061.54
4082.75
4107.95
4137.93
4173.63
4216.09
4266.46
4330.07
4400.46
4483.07
4580.79
4699.82
4844.82
5008.57
4925.24
3877.44
3856.5
3855.13
3857.6
3859.12
3860.24
3861.44
3862.74
3864.08
3865.3
3866.16
3867.23
3870.3
3873.28
3876.03
3878.7
3881.36
3884.03
3886.73
3889.46
3892.23
3895.04
3897.87
3900.74
3903.63
3906.55
3909.49
3912.45
3915.42
3918.4
3921.39
3924.38
3927.37
3930.36
3933.34
3936.32
3939.28
3942.23
3945.16
3948.07
3950.96
3953.82
3956.66
3959.46
3962.24
3964.98
3967.69
3970.36
3972.99
3975.58
3978.13
3980.64
3983.11
3985.53
3987.91
3990.24
3992.52
3994.76
3996.94
3999.08
4001.16
4003.19
4005.15
4007.05
4008.87
4010.59
4012.19
4013.63
4014.83
4015.7
4016.04
4015.53
4013.59
4009.11
3999.88
4037.25
4118.73
4296.53
4743.91
3885.48
3877.91
3858.58
3851.53
3853.65
3857.1
3859.73
3861.81
3863.64
3865.39
3867.16
3868.98
3870.83
3872.68
3874.48
3876.16
3877.63
3878.88
3880.84
3884.63
3888.26
3891.67
3894.92
3898.05
3901.12
3904.15
3907.16
3910.16
3913.15
3916.15
3919.14
3922.12
3925.11
3928.09
3931.06
3934.03
3936.98
3939.92
3942.84
3945.75
3948.63
3951.49
3954.32
3957.13
3959.91
3962.65
3965.37
3968.04
3970.69
3973.29
3975.86
3978.39
3980.88
3983.33
3985.74
3988.1
3990.42
3992.71
3994.95
3997.14
3999.3
4001.41
4003.47
4005.49
4007.46
4009.36
4011.19
4012.92
4014.51
4015.88
4016.92
4017.42
4016.98
4014.9
4009.87
3999.29
4040.94
4131.53
4330.64
4790.41
5018.09
3950.21
3891.65
3865.22
3856.37
3853.7
3858.2
3861.49
3864.04
3866.12
3868.15
3870.15
3872.17
3874.25
3876.39
3878.58
3880.8
3883.04
3885.26
3887.38
3889.31
3890.89
3891.97
3893.78
3898.42
3902.65
3906.42
3909.86
3913.11
3916.24
3919.31
3922.34
3925.34
3928.33
3931.29
3934.24
3937.17
3940.09
3942.99
3945.86
3948.72
3951.55
3954.35
3957.13
3959.87
3962.59
3965.27
3967.92
3970.53
3973.1
3975.64
3978.13
3980.59
3983.01
3985.38
3987.71
3990.01
3992.26
3994.47
3996.63
3998.76
4000.84
4002.88
4004.88
4006.82
4008.71
4010.52
4012.24
4013.82
4015.18
4016.18
4016.6
4016
4013.57
4007.9
3997.41
4035.96
4103.62
4230.27
4713.54
4903.11
3986.07
3908.67
3873.6
3860.18
3853.4
3856.89
3860.89
3863.88
3866.33
3868.52
3870.63
3872.69
3874.82
3877.02
3879.29
3881.63
3884.03
3886.5
3889.01
3891.57
3894.14
3896.71
3899.16
3901.22
3901.68
3903.37
3909.47
3913.29
3916.51
3919.55
3922.53
3925.48
3928.41
3931.33
3934.24
3937.14
3940.02
3942.89
3945.74
3948.57
3951.37
3954.15
3956.9
3959.62
3962.31
3964.97
3967.59
3970.18
3972.72
3975.23
3977.7
3980.13
3982.52
3984.87
3987.17
3989.44
3991.66
3993.84
3995.97
3998.07
4000.12
4002.13
4004.1
4006.03
4007.91
4009.72
4011.47
4013.11
4014.6
4015.85
4016.67
4016.74
4015.36
4011.07
4001.01
4018.02
4064.75
4265.71
4366.52
4882.51
3984.83
3908.24
3873.31
3860.56
3853.84
3856.89
3860.89
3863.88
3866.33
3868.52
3870.63
3872.69
3874.82
3877.02
3879.29
3881.63
3884.03
3886.5
3889.01
3891.57
3894.14
3896.71
3899.16
3901.22
3901.68
3903.37
3909.47
3913.29
3916.51
3919.55
3922.53
3925.48
3928.41
3931.33
3934.24
3937.14
3940.02
3942.89
3945.74
3948.57
3951.37
3954.15
3956.9
3959.62
3962.31
3964.97
3967.59
3970.18
3972.72
3975.23
3977.7
3980.13
3982.52
3984.87
3987.17
3989.44
3991.66
3993.84
3995.97
3998.07
4000.12
4002.13
4004.1
4006.03
4007.91
4009.72
4011.47
4013.11
4014.6
4015.85
4016.67
4016.74
4015.36
4011.07
4001.01
4019.35
4066.93
4261.93
4361.94
4888.96
3949.04
3891.26
3865.51
3856.73
3853.4
3858.2
3861.49
3864.04
3866.12
3868.15
3870.15
3872.17
3874.25
3876.39
3878.58
3880.8
3883.04
3885.26
3887.38
3889.31
3890.89
3891.97
3893.78
3898.42
3902.65
3906.42
3909.86
3913.11
3916.24
3919.31
3922.34
3925.34
3928.33
3931.29
3934.24
3937.17
3940.09
3942.99
3945.86
3948.72
3951.55
3954.35
3957.13
3959.87
3962.59
3965.27
3967.92
3970.53
3973.1
3975.64
3978.13
3980.59
3983.01
3985.38
3987.71
3990.01
3992.26
3994.47
3996.63
3998.76
4000.84
4002.88
4004.88
4006.82
4008.71
4010.52
4012.24
4013.82
4015.18
4016.18
4016.6
4016
4013.57
4007.9
3996.67
4037.63
4106.05
4230.29
4719.53
4909.83
3877.91
3858.26
3851.84
3853.65
3857.1
3859.73
3861.81
3863.64
3865.39
3867.16
3868.98
3870.83
3872.68
3874.48
3876.16
3877.63
3878.88
3880.84
3884.63
3888.26
3891.67
3894.92
3898.05
3901.12
3904.15
3907.16
3910.16
3913.15
3916.15
3919.14
3922.12
3925.11
3928.09
3931.06
3934.03
3936.98
3939.92
3942.84
3945.75
3948.63
3951.49
3954.32
3957.13
3959.91
3962.65
3965.37
3968.04
3970.69
3973.29
3975.86
3978.39
3980.88
3983.33
3985.74
3988.1
3990.42
3992.71
3994.95
3997.14
3999.3
4001.41
4003.47
4005.49
4007.46
4009.36
4011.19
4012.92
4014.51
4015.88
4016.92
4017.42
4016.98
4014.9
4009.87
3999.29
4039.15
4128.85
4330.63
4796.59
5011.02
3877.44
3856.5
3855.13
3857.6
3859.12
3860.24
3861.44
3862.74
3864.08
3865.3
3866.16
3866.97
3870.3
3873.28
3876.03
3878.7
3881.36
3884.03
3886.73
3889.46
3892.23
3895.04
3897.87
3900.74
3903.63
3906.55
3909.49
3912.45
3915.42
3918.4
3921.39
3924.38
3927.37
3930.36
3933.34
3936.32
3939.28
3942.23
3945.16
3948.07
3950.96
3953.82
3956.66
3959.46
3962.24
3964.98
3967.69
3970.36
3972.99
3975.58
3978.13
3980.64
3983.11
3985.53
3987.91
3990.24
3992.52
3994.76
3996.94
3999.08
4001.16
4003.19
4005.15
4007.05
4008.87
4010.59
4012.19
4013.63
4014.83
4015.7
4016.04
4015.53
4013.59
4009.11
3999.88
4035.46
4116.13
4296.53
4737.94
3882.74
)
;

boundaryField
{
    left
    {
        type            zeroGradient;
    }
    right
    {
        type            zeroGradient;
    }
    back
    {
        type            zeroGradient;
    }
    front
    {
        type            zeroGradient;
    }
    top
    {
        type            zeroGradient;
    }
    bottom
    {
        type            zeroGradient;
    }
}


// ************************************************************************* //
