/*--------------------------------*- C++ -*----------------------------------*\
| =========                 |                                                 |
| \\      /  F ield         | foam-extend: Open Source CFD                    |
|  \\    /   O peration     | Version:     4.1                                |
|   \\  /    A nd           | Web:         http://www.foam-extend.org         |
|    \\/     M anipulation  |                                                 |
\*---------------------------------------------------------------------------*/
FoamFile
{
    version     2.0;
    format      ascii;
    class       volScalarField;
    location    "0.191";
    object      p;
}
// * * * * * * * * * * * * * * * * * * * * * * * * * * * * * * * * * * * * * //

dimensions      [1 -1 -2 0 0 0 0];

internalField   nonuniform List<scalar> 
5120
(
-408.222
-319.01
-306.89
-300.985
-295.501
-289.879
-283.783
-277.204
-270.253
-263.047
-255.694
-248.274
-240.852
-233.471
-226.162
-218.947
-211.838
-204.846
-197.974
-191.227
-184.605
-178.111
-171.743
-165.502
-159.387
-153.399
-147.535
-141.797
-136.182
-130.691
-125.322
-120.074
-114.948
-109.942
-105.056
-100.288
-95.6383
-91.1059
-86.6901
-82.3902
-78.2054
-74.1351
-70.1786
-66.3351
-62.6041
-58.9849
-55.4768
-52.0792
-48.7916
-45.6133
-42.5437
-39.5823
-36.7284
-33.9817
-31.3415
-28.8073
-26.3786
-24.0549
-21.8358
-19.7207
-17.7092
-15.801
-13.9954
-12.2921
-10.6908
-9.19089
-7.79206
-6.49387
-5.29587
-4.19761
-3.1986
-2.29831
-1.49624
-0.79197
-0.185465
0.322508
0.729744
1.02945
1.22941
1.30656
-425.322
-336.04
-320.55
-311.519
-302.351
-293.923
-285.89
-278.008
-270.21
-262.475
-254.803
-247.205
-239.691
-232.273
-224.961
-217.762
-210.681
-203.723
-196.888
-190.178
-183.595
-177.138
-170.806
-164.6
-158.519
-152.563
-146.731
-141.022
-135.436
-129.972
-124.629
-119.408
-114.306
-109.323
-104.459
-99.713
-95.0842
-90.572
-86.1757
-81.8946
-77.7279
-73.6751
-69.7355
-65.9085
-62.1933
-58.5894
-55.0962
-51.713
-48.4392
-45.2744
-42.2178
-39.2689
-36.4272
-33.6922
-31.0633
-28.54
-26.1219
-23.8083
-21.599
-19.4933
-17.4909
-15.5912
-13.794
-12.0987
-10.5049
-9.01226
-7.62034
-6.32875
-5.13711
-4.04503
-3.0522
-2.15836
-1.36346
-0.667791
-0.072344
0.420846
0.808087
1.08115
1.25332
1.31905
-445.467
-345.793
-328.659
-318.542
-307.811
-297.859
-288.594
-279.793
-271.343
-263.166
-255.202
-247.416
-239.784
-232.295
-224.941
-217.719
-210.627
-203.663
-196.828
-190.12
-183.539
-177.085
-170.757
-164.555
-158.477
-152.524
-146.695
-140.988
-135.405
-129.942
-124.601
-119.381
-114.28
-109.298
-104.435
-99.6891
-95.0606
-90.5484
-86.1519
-81.8705
-77.7034
-73.6501
-69.7099
-65.882
-62.166
-58.5612
-55.0669
-51.6826
-48.4077
-45.2416
-42.1838
-39.2337
-36.3907
-33.6543
-31.0241
-28.4995
-26.0799
-23.7651
-21.5543
-19.4473
-17.4435
-15.5426
-13.744
-12.0474
-10.4524
-8.95859
-7.56553
-6.27289
-5.08033
-3.98759
-2.99447
-2.10094
-1.30727
-0.614175
-0.0231104
0.463429
0.841366
1.10271
1.26257
1.32194
-454.321
-348.829
-331.453
-321.329
-310.224
-299.745
-289.972
-280.748
-271.976
-263.566
-255.443
-247.55
-239.85
-232.318
-224.939
-217.701
-210.601
-203.633
-196.796
-190.089
-183.509
-177.056
-170.73
-164.529
-158.453
-152.502
-146.674
-140.969
-135.386
-129.925
-124.585
-119.365
-114.265
-109.283
-104.42
-99.675
-95.0467
-90.5346
-86.1382
-81.8568
-77.6896
-73.6361
-69.6957
-65.8676
-62.1513
-58.5461
-55.0515
-51.6668
-48.3915
-45.225
-42.1667
-39.216
-36.3726
-33.6357
-31.0049
-28.4797
-26.0597
-23.7443
-21.533
-19.4254
-17.4211
-15.5196
-13.7205
-12.0234
-10.4279
-8.93356
-7.54005
-6.24701
-5.05416
-3.96126
-2.96821
-2.07511
-1.28233
-0.590775
-0.00201142
0.481419
0.855496
1.11258
1.26857
1.32655
-454.321
-348.829
-331.453
-321.329
-310.224
-299.745
-289.972
-280.748
-271.976
-263.566
-255.443
-247.55
-239.85
-232.318
-224.939
-217.701
-210.601
-203.633
-196.796
-190.089
-183.509
-177.056
-170.73
-164.529
-158.453
-152.502
-146.674
-140.969
-135.386
-129.925
-124.585
-119.365
-114.265
-109.283
-104.42
-99.675
-95.0467
-90.5346
-86.1382
-81.8568
-77.6896
-73.6361
-69.6957
-65.8676
-62.1513
-58.5461
-55.0515
-51.6668
-48.3915
-45.225
-42.1667
-39.216
-36.3726
-33.6357
-31.0049
-28.4797
-26.0597
-23.7443
-21.533
-19.4254
-17.4211
-15.5196
-13.7205
-12.0234
-10.4279
-8.93356
-7.54005
-6.24701
-5.05416
-3.96126
-2.96822
-2.07511
-1.28233
-0.590774
-0.00201071
0.48142
0.855496
1.11258
1.26857
1.32655
-445.467
-345.793
-328.659
-318.542
-307.811
-297.859
-288.594
-279.793
-271.343
-263.166
-255.202
-247.416
-239.784
-232.295
-224.941
-217.719
-210.627
-203.663
-196.828
-190.12
-183.539
-177.085
-170.757
-164.555
-158.477
-152.524
-146.695
-140.988
-135.405
-129.942
-124.601
-119.381
-114.28
-109.298
-104.435
-99.6891
-95.0606
-90.5484
-86.1519
-81.8705
-77.7034
-73.6501
-69.7099
-65.882
-62.166
-58.5612
-55.0669
-51.6826
-48.4077
-45.2416
-42.1838
-39.2337
-36.3907
-33.6543
-31.0241
-28.4995
-26.0799
-23.7651
-21.5543
-19.4473
-17.4435
-15.5426
-13.744
-12.0474
-10.4524
-8.95859
-7.56553
-6.27289
-5.08033
-3.98759
-2.99447
-2.10094
-1.30727
-0.614175
-0.0231117
0.463427
0.841365
1.10271
1.26257
1.32195
-425.322
-336.04
-320.55
-311.519
-302.351
-293.923
-285.89
-278.008
-270.21
-262.475
-254.803
-247.205
-239.691
-232.273
-224.961
-217.762
-210.681
-203.723
-196.888
-190.178
-183.595
-177.138
-170.806
-164.6
-158.519
-152.563
-146.731
-141.022
-135.436
-129.972
-124.629
-119.408
-114.306
-109.323
-104.459
-99.713
-95.0842
-90.572
-86.1757
-81.8946
-77.7279
-73.6751
-69.7355
-65.9085
-62.1933
-58.5894
-55.0962
-51.713
-48.4392
-45.2744
-42.2178
-39.2689
-36.4272
-33.6922
-31.0633
-28.54
-26.1219
-23.8083
-21.599
-19.4933
-17.4909
-15.5912
-13.794
-12.0987
-10.5049
-9.01226
-7.62034
-6.32875
-5.13711
-4.04503
-3.0522
-2.15836
-1.36346
-0.667791
-0.072345
0.420845
0.808087
1.08115
1.25332
1.31905
-408.222
-319.01
-306.89
-300.985
-295.501
-289.879
-283.783
-277.204
-270.253
-263.047
-255.694
-248.274
-240.852
-233.471
-226.162
-218.947
-211.838
-204.846
-197.974
-191.227
-184.605
-178.111
-171.743
-165.502
-159.387
-153.399
-147.535
-141.797
-136.182
-130.691
-125.322
-120.074
-114.948
-109.942
-105.056
-100.288
-95.6383
-91.1059
-86.6901
-82.3902
-78.2054
-74.1351
-70.1786
-66.3351
-62.6041
-58.9849
-55.4768
-52.0792
-48.7916
-45.6133
-42.5437
-39.5823
-36.7284
-33.9817
-31.3415
-28.8073
-26.3786
-24.0549
-21.8358
-19.7207
-17.7092
-15.801
-13.9954
-12.2921
-10.6908
-9.19089
-7.79206
-6.49387
-5.29587
-4.19761
-3.1986
-2.29831
-1.49624
-0.791969
-0.185465
0.322506
0.729742
1.02944
1.22941
1.30656
-282.28
-213.304
-204.896
-201.522
-197.327
-193.304
-189.238
-184.972
-180.509
-175.893
-171.175
-166.4
-161.606
-156.823
-152.072
-147.366
-142.716
-138.128
-133.609
-129.16
-124.784
-120.482
-116.255
-112.104
-108.029
-104.03
-100.109
-96.2647
-92.4974
-88.8071
-85.194
-81.6579
-78.1989
-74.8167
-71.5114
-68.2828
-65.1308
-62.0551
-59.0557
-56.1323
-53.2849
-50.5131
-47.8167
-45.1957
-42.6496
-40.1784
-37.7818
-35.4596
-33.2115
-31.0373
-28.9367
-26.9096
-24.9557
-23.0747
-21.2665
-19.5307
-17.8671
-16.2756
-14.7559
-13.3077
-11.9308
-10.625
-9.3901
-8.22584
-7.13201
-6.10837
-5.1547
-4.27075
-3.45624
-2.71084
-2.03413
-1.42557
-0.884445
-0.40973
-1.92989e-05
0.346736
0.632965
0.859271
1.03699
1.22074
-330.87
-232.404
-212.933
-206.761
-199.563
-193.374
-187.956
-182.835
-177.852
-172.948
-168.095
-163.285
-158.519
-153.801
-149.138
-144.532
-139.989
-135.51
-131.098
-126.756
-122.483
-118.281
-114.15
-110.092
-106.106
-102.193
-98.3537
-94.5877
-90.8953
-87.2768
-83.7323
-80.2618
-76.8655
-73.5433
-70.2954
-67.1216
-64.022
-60.9966
-58.0452
-55.1678
-52.3642
-49.6345
-46.9784
-44.3959
-41.8867
-39.4509
-37.0881
-34.7982
-32.5812
-30.4367
-28.3646
-26.3648
-24.437
-22.5811
-20.7969
-19.0841
-17.4426
-15.8722
-14.3727
-12.9439
-11.5856
-10.2976
-9.0797
-7.93171
-6.85344
-5.84468
-4.90522
-4.03487
-3.23338
-2.50053
-1.83605
-1.23965
-0.710993
-0.249701
0.144725
0.473251
0.73662
0.93324
1.08685
1.27795
-360.033
-248.742
-221.101
-211.89
-202.759
-195.139
-188.737
-182.947
-177.524
-172.343
-167.325
-162.426
-157.621
-152.897
-148.246
-143.666
-139.154
-134.711
-130.336
-126.031
-121.794
-117.628
-113.532
-109.507
-105.553
-101.67
-97.8587
-94.1196
-90.4527
-86.8583
-83.3365
-79.8875
-76.5113
-73.2082
-69.9781
-66.8211
-63.7373
-60.7266
-57.789
-54.9245
-52.1331
-49.4148
-46.7693
-44.1967
-41.6968
-39.2696
-36.9149
-34.6326
-32.4225
-30.2846
-28.2187
-26.2246
-24.3021
-22.4511
-20.6715
-18.9631
-17.3256
-15.759
-14.263
-12.8375
-11.4823
-10.1972
-8.98205
-7.83664
-6.76079
-5.75433
-4.81707
-3.94883
-3.14943
-2.41871
-1.75652
-1.16273
-0.637268
-0.180136
0.208677
0.529514
0.782356
0.965965
1.10784
1.28785
-370.134
-253.445
-223.816
-213.975
-204.219
-196.023
-189.179
-183.067
-177.42
-172.09
-166.979
-162.027
-157.196
-152.464
-147.816
-143.246
-138.749
-134.323
-129.967
-125.679
-121.462
-117.313
-113.234
-109.226
-105.287
-101.42
-97.6229
-93.8974
-90.2434
-86.6611
-83.1507
-79.7125
-76.3464
-73.0528
-69.8316
-66.683
-63.607
-60.6036
-57.6729
-54.8148
-52.0294
-49.3166
-46.6763
-44.1085
-41.6132
-39.1901
-36.8393
-34.5606
-32.3538
-30.219
-28.1559
-26.1644
-24.2444
-22.3957
-20.6182
-18.9117
-17.276
-15.711
-14.2166
-12.7925
-11.4386
-10.1547
-8.94068
-7.79632
-6.72146
-5.71593
-4.77955
-3.91218
-3.11366
-2.38387
-1.72272
-1.13018
-0.606282
-0.15116
0.235055
0.552591
0.801294
0.98023
1.11805
1.29417
-370.134
-253.445
-223.816
-213.975
-204.219
-196.023
-189.179
-183.067
-177.42
-172.09
-166.979
-162.027
-157.196
-152.464
-147.816
-143.246
-138.749
-134.323
-129.967
-125.679
-121.462
-117.313
-113.234
-109.226
-105.287
-101.42
-97.6229
-93.8974
-90.2434
-86.6611
-83.1507
-79.7125
-76.3464
-73.0528
-69.8316
-66.683
-63.607
-60.6036
-57.6729
-54.8148
-52.0294
-49.3166
-46.6763
-44.1085
-41.6132
-39.1901
-36.8393
-34.5606
-32.3538
-30.219
-28.1559
-26.1644
-24.2444
-22.3957
-20.6182
-18.9117
-17.276
-15.711
-14.2166
-12.7925
-11.4386
-10.1547
-8.94068
-7.79632
-6.72146
-5.71593
-4.77955
-3.91218
-3.11366
-2.38387
-1.72272
-1.13018
-0.606282
-0.15116
0.235056
0.552591
0.801295
0.98023
1.11805
1.29417
-360.033
-248.742
-221.101
-211.89
-202.759
-195.139
-188.737
-182.947
-177.524
-172.343
-167.325
-162.426
-157.621
-152.897
-148.246
-143.666
-139.154
-134.711
-130.336
-126.031
-121.794
-117.628
-113.532
-109.507
-105.553
-101.67
-97.8587
-94.1196
-90.4527
-86.8583
-83.3365
-79.8875
-76.5113
-73.2082
-69.9781
-66.8211
-63.7373
-60.7266
-57.789
-54.9245
-52.1331
-49.4148
-46.7693
-44.1967
-41.6968
-39.2696
-36.9149
-34.6326
-32.4225
-30.2846
-28.2187
-26.2246
-24.3021
-22.4511
-20.6715
-18.9631
-17.3256
-15.759
-14.263
-12.8375
-11.4823
-10.1972
-8.98205
-7.83664
-6.76079
-5.75433
-4.81707
-3.94883
-3.14943
-2.41871
-1.75652
-1.16273
-0.637268
-0.180136
0.208677
0.529514
0.782356
0.965965
1.10784
1.28784
-330.87
-232.404
-212.933
-206.761
-199.563
-193.374
-187.956
-182.835
-177.852
-172.948
-168.095
-163.285
-158.519
-153.801
-149.138
-144.532
-139.989
-135.51
-131.098
-126.756
-122.483
-118.281
-114.15
-110.092
-106.106
-102.193
-98.3537
-94.5877
-90.8953
-87.2768
-83.7323
-80.2618
-76.8655
-73.5433
-70.2954
-67.1216
-64.022
-60.9966
-58.0452
-55.1678
-52.3642
-49.6345
-46.9784
-44.3959
-41.8867
-39.4509
-37.0881
-34.7982
-32.5812
-30.4367
-28.3646
-26.3648
-24.437
-22.5811
-20.7969
-19.0841
-17.4426
-15.8722
-14.3727
-12.9439
-11.5856
-10.2976
-9.0797
-7.93171
-6.85344
-5.84468
-4.90522
-4.03487
-3.23338
-2.50053
-1.83605
-1.23965
-0.710993
-0.249702
0.144725
0.473251
0.736621
0.93324
1.08685
1.27794
-282.28
-213.304
-204.896
-201.522
-197.327
-193.304
-189.238
-184.972
-180.509
-175.893
-171.175
-166.4
-161.606
-156.823
-152.072
-147.366
-142.716
-138.128
-133.609
-129.16
-124.784
-120.482
-116.255
-112.104
-108.029
-104.03
-100.109
-96.2647
-92.4974
-88.8071
-85.194
-81.6579
-78.1989
-74.8167
-71.5114
-68.2828
-65.1308
-62.0551
-59.0557
-56.1323
-53.2849
-50.5131
-47.8167
-45.1957
-42.6496
-40.1784
-37.7818
-35.4596
-33.2115
-31.0373
-28.9367
-26.9096
-24.9557
-23.0747
-21.2665
-19.5307
-17.8671
-16.2756
-14.7559
-13.3077
-11.9308
-10.625
-9.3901
-8.22584
-7.13201
-6.10837
-5.1547
-4.27075
-3.45624
-2.71084
-2.03413
-1.42557
-0.884444
-0.40973
-1.95806e-05
0.346736
0.632965
0.859271
1.03699
1.22075
-156.793
-116.435
-112.927
-112.125
-110.08
-107.911
-105.712
-103.434
-101.082
-98.6695
-96.2137
-93.7303
-91.2339
-88.7356
-86.2441
-83.7657
-81.3051
-78.8659
-76.4507
-74.0617
-71.7005
-69.3685
-67.067
-64.7969
-62.5591
-60.3543
-58.1834
-56.0468
-53.9451
-51.8789
-49.8487
-47.8548
-45.8978
-43.9779
-42.0956
-40.2512
-38.445
-36.6773
-34.9484
-33.2586
-31.6082
-29.9972
-28.4261
-26.8949
-25.404
-23.9533
-22.5432
-21.1738
-19.8452
-18.5575
-17.3109
-16.1054
-14.9413
-13.8185
-12.7371
-11.6972
-10.699
-9.7423
-8.82731
-7.95404
-7.12249
-6.33271
-5.58469
-4.87845
-4.21397
-3.59125
-3.01024
-2.4709
-1.97311
-1.51672
-1.10149
-0.727003
-0.3926
-0.0972443
0.160661
0.383562
0.57424
0.733312
0.874942
1.07019
-195.669
-132.525
-118.03
-113.877
-109.507
-105.966
-103.051
-100.394
-97.8646
-95.4038
-92.9795
-90.5765
-88.1889
-85.8151
-83.4554
-81.1112
-78.784
-76.4756
-74.1875
-71.9211
-69.6778
-67.4587
-65.2651
-63.0978
-60.9579
-58.8462
-56.7636
-54.7107
-52.6884
-50.6973
-48.738
-46.8112
-44.9175
-43.0574
-41.2314
-39.4401
-37.6838
-35.9631
-34.2785
-32.6302
-31.0187
-29.4443
-27.9074
-26.4084
-24.9475
-23.525
-22.1412
-20.7963
-19.4906
-18.2244
-16.9978
-15.8109
-14.6641
-13.5575
-12.4912
-11.4653
-10.4801
-9.53553
-8.63181
-7.76902
-6.94722
-6.16649
-5.42691
-4.7285
-4.07132
-3.4554
-2.88073
-2.34732
-1.85512
-1.40407
-0.994045
-0.624833
-0.296104
-0.00733069
0.242409
0.45488
0.631835
0.774464
0.915231
1.12618
-220.594
-147
-124.058
-116.58
-110.568
-106.028
-102.503
-99.4704
-96.7164
-94.1336
-91.6557
-89.2436
-86.8752
-84.5381
-82.2255
-79.9339
-77.6622
-75.4099
-73.1775
-70.9657
-68.7753
-66.6072
-64.4625
-62.342
-60.2467
-58.1774
-56.135
-54.1202
-52.134
-50.1771
-48.25
-46.3537
-44.4886
-42.6555
-40.8548
-39.0873
-37.3535
-35.6538
-33.9888
-32.3589
-30.7646
-29.2064
-27.6845
-26.1995
-24.7516
-23.3412
-21.9687
-20.6343
-19.3383
-18.081
-16.8627
-15.6836
-14.5439
-13.4438
-12.3836
-11.3633
-10.3832
-9.44339
-8.54403
-7.68524
-6.86712
-6.08978
-5.35331
-4.65777
-4.00323
-3.38974
-2.81733
-2.28603
-1.79584
-1.34674
-0.938698
-0.571632
-0.245406
0.0402144
0.285756
0.492455
0.661571
0.796121
0.933227
1.13381
-229.192
-151.461
-126.184
-117.786
-111.151
-106.147
-102.312
-99.0757
-96.1926
-93.5341
-91.0177
-88.5924
-86.2275
-83.9044
-81.6124
-79.3453
-77.0999
-74.8749
-72.6698
-70.4849
-68.3207
-66.1781
-64.0577
-61.9606
-59.8876
-57.8395
-55.8173
-53.8218
-51.8537
-49.9139
-48.0031
-46.1221
-44.2715
-42.452
-40.6643
-38.9088
-37.1863
-35.4973
-33.8423
-32.2218
-30.6363
-29.0862
-27.572
-26.0942
-24.653
-23.2488
-21.8821
-20.5531
-19.2621
-18.0095
-16.7955
-15.6204
-14.4844
-13.3877
-12.3306
-11.3133
-10.3358
-9.39851
-8.50143
-7.64475
-6.82857
-6.05302
-5.31819
-4.62417
-3.97104
-3.35885
-2.78765
-2.25749
-1.76839
-1.32038
-0.913442
-0.547575
-0.222721
0.0612553
0.304771
0.508947
0.674928
0.806386
0.941652
1.13843
-229.192
-151.461
-126.184
-117.786
-111.151
-106.147
-102.312
-99.0757
-96.1926
-93.5341
-91.0177
-88.5924
-86.2275
-83.9044
-81.6124
-79.3453
-77.0999
-74.8749
-72.6698
-70.4849
-68.3207
-66.1781
-64.0577
-61.9606
-59.8876
-57.8395
-55.8173
-53.8218
-51.8537
-49.9139
-48.0031
-46.1221
-44.2715
-42.452
-40.6643
-38.9088
-37.1863
-35.4973
-33.8423
-32.2218
-30.6363
-29.0862
-27.572
-26.0942
-24.653
-23.2488
-21.8821
-20.5531
-19.2621
-18.0095
-16.7955
-15.6204
-14.4844
-13.3877
-12.3306
-11.3133
-10.3358
-9.39851
-8.50143
-7.64475
-6.82857
-6.05302
-5.31819
-4.62417
-3.97104
-3.35885
-2.78765
-2.25749
-1.76839
-1.32038
-0.913442
-0.547575
-0.222721
0.0612553
0.304771
0.508947
0.674928
0.806386
0.941652
1.13843
-220.594
-147
-124.058
-116.58
-110.568
-106.028
-102.503
-99.4704
-96.7164
-94.1336
-91.6557
-89.2436
-86.8752
-84.5381
-82.2255
-79.9339
-77.6622
-75.4099
-73.1775
-70.9657
-68.7753
-66.6072
-64.4625
-62.342
-60.2467
-58.1774
-56.135
-54.1202
-52.134
-50.1771
-48.25
-46.3537
-44.4886
-42.6555
-40.8548
-39.0873
-37.3535
-35.6538
-33.9888
-32.3589
-30.7646
-29.2064
-27.6845
-26.1995
-24.7516
-23.3412
-21.9687
-20.6343
-19.3383
-18.081
-16.8627
-15.6836
-14.5439
-13.4438
-12.3836
-11.3633
-10.3832
-9.44339
-8.54403
-7.68524
-6.86712
-6.08978
-5.35331
-4.65777
-4.00323
-3.38974
-2.81733
-2.28603
-1.79584
-1.34674
-0.938698
-0.571632
-0.245406
0.0402145
0.285756
0.492455
0.661571
0.796121
0.933227
1.13381
-195.669
-132.525
-118.03
-113.877
-109.507
-105.966
-103.051
-100.394
-97.8646
-95.4038
-92.9795
-90.5765
-88.1889
-85.8151
-83.4554
-81.1112
-78.784
-76.4756
-74.1875
-71.9211
-69.6778
-67.4587
-65.2651
-63.0978
-60.9579
-58.8462
-56.7636
-54.7107
-52.6884
-50.6973
-48.738
-46.8112
-44.9175
-43.0574
-41.2314
-39.4401
-37.6838
-35.9631
-34.2785
-32.6302
-31.0187
-29.4443
-27.9074
-26.4084
-24.9475
-23.525
-22.1412
-20.7963
-19.4906
-18.2244
-16.9978
-15.8109
-14.6641
-13.5575
-12.4912
-11.4653
-10.4801
-9.53553
-8.63181
-7.76902
-6.94722
-6.16649
-5.42691
-4.7285
-4.07132
-3.4554
-2.88073
-2.34732
-1.85512
-1.40407
-0.994045
-0.624833
-0.296104
-0.00733076
0.242409
0.45488
0.631835
0.774464
0.915231
1.12618
-156.793
-116.435
-112.927
-112.125
-110.08
-107.911
-105.712
-103.434
-101.082
-98.6695
-96.2137
-93.7303
-91.2339
-88.7356
-86.2441
-83.7657
-81.3051
-78.8659
-76.4507
-74.0617
-71.7005
-69.3685
-67.067
-64.7969
-62.5591
-60.3543
-58.1834
-56.0468
-53.9451
-51.8789
-49.8487
-47.8548
-45.8978
-43.9779
-42.0956
-40.2512
-38.445
-36.6773
-34.9484
-33.2586
-31.6082
-29.9972
-28.4261
-26.8949
-25.404
-23.9533
-22.5432
-21.1738
-19.8452
-18.5575
-17.3109
-16.1054
-14.9413
-13.8185
-12.7371
-11.6972
-10.699
-9.7423
-8.82731
-7.95403
-7.12249
-6.33271
-5.58469
-4.87844
-4.21397
-3.59125
-3.01024
-2.4709
-1.97311
-1.51672
-1.10149
-0.727003
-0.392599
-0.097244
0.160662
0.383562
0.57424
0.733311
0.874941
1.07019
-35.0902
-26.5218
-26.8487
-27.5428
-27.4204
-27.0121
-26.5134
-25.9875
-25.4667
-24.9614
-24.4712
-23.9919
-23.5182
-23.0457
-22.5707
-22.0911
-21.6053
-21.1131
-20.6144
-20.1097
-19.5998
-19.0853
-18.5672
-18.0462
-17.5232
-16.999
-16.4742
-15.9496
-15.4258
-14.9034
-14.383
-13.8651
-13.3503
-12.8391
-12.3321
-11.8297
-11.3323
-10.8405
-10.3546
-9.87516
-9.40253
-8.93712
-8.47933
-8.02953
-7.58809
-7.15534
-6.73163
-6.31727
-5.91259
-5.51788
-5.13343
-4.7595
-4.39636
-4.04426
-3.70344
-3.37412
-3.05651
-2.75082
-2.45724
-2.17595
-1.90712
-1.6509
-1.40744
-1.17688
-0.959343
-0.754943
-0.563777
-0.385921
-0.221429
-0.0703394
0.0673628
0.191768
0.303077
0.401634
0.488004
0.563086
0.627438
0.678856
0.729228
0.848259
-49.6935
-30.3685
-25.6417
-24.6405
-23.6322
-22.8606
-22.3035
-21.858
-21.481
-21.147
-20.8364
-20.5355
-20.2351
-19.9293
-19.6143
-19.288
-18.9496
-18.5988
-18.2359
-17.8615
-17.4765
-17.0816
-16.6778
-16.266
-15.8471
-15.4219
-14.9914
-14.5564
-14.1176
-13.6758
-13.2318
-12.7862
-12.3399
-11.8934
-11.4474
-11.0025
-10.5595
-10.1189
-9.68122
-9.24711
-8.8171
-8.39173
-7.9715
-7.55692
-7.14848
-6.74662
-6.35181
-5.96447
-5.58501
-5.21384
-4.85133
-4.49785
-4.15375
-3.81937
-3.49502
-3.181
-2.87761
-2.58511
-2.30378
-2.03384
-1.77554
-1.52908
-1.29467
-1.0725
-0.862737
-0.665543
-0.481064
-0.309427
-0.150739
-0.00507894
0.127505
0.247013
0.353505
0.447132
0.528254
0.597662
0.65529
0.699846
0.758678
0.87221
-58.8883
-34.9028
-26.619
-24.1535
-22.4378
-21.294
-20.564
-20.0567
-19.6804
-19.3829
-19.1284
-18.8938
-18.6645
-18.4312
-18.1885
-17.9336
-17.6648
-17.3818
-17.0845
-16.7734
-16.4493
-16.1129
-15.7652
-15.407
-15.0392
-14.6628
-14.2786
-13.8876
-13.4905
-13.0883
-12.6817
-12.2715
-11.8586
-11.4437
-11.0275
-10.6107
-10.1941
-9.77833
-9.36403
-8.95184
-8.54239
-8.13629
-7.7341
-7.33639
-6.94371
-6.55657
-6.17548
-5.80092
-5.43337
-5.07326
-4.72103
-4.37709
-4.04183
-3.71564
-3.39887
-3.09187
-2.79496
-2.50845
-2.23264
-1.96781
-1.71421
-1.47209
-1.24168
-1.0232
-0.816845
-0.622796
-0.441227
-0.272285
-0.116104
0.0272051
0.157551
0.274877
0.379163
0.470443
0.548924
0.615153
0.668827
0.710486
0.769143
0.864372
-62.1723
-36.5072
-27.0621
-24.0565
-21.9946
-20.6281
-19.7741
-19.2065
-18.8098
-18.5166
-18.2813
-18.0743
-17.877
-17.678
-17.4704
-17.2504
-17.0161
-16.7667
-16.5021
-16.2226
-15.929
-15.6219
-15.3022
-14.9708
-14.6286
-14.2767
-13.9157
-13.5468
-13.1708
-12.7884
-12.4007
-12.0085
-11.6124
-11.2135
-10.8124
-10.4098
-10.0066
-9.60341
-9.20097
-8.79993
-8.40096
-8.00467
-7.61169
-7.22261
-6.838
-6.4584
-6.08435
-5.71637
-5.35494
-5.00054
-4.65362
-4.31462
-3.98396
-3.66202
-3.3492
-3.04586
-2.75235
-2.46898
-2.19608
-1.93393
-1.68281
-1.44299
-1.2147
-0.998181
-0.793637
-0.601269
-0.421256
-0.253762
-0.0989351
0.0430967
0.172223
0.288359
0.391451
0.481492
0.55865
0.623399
0.675327
0.71561
0.77358
0.863132
-62.1723
-36.5072
-27.0621
-24.0565
-21.9946
-20.6281
-19.7741
-19.2065
-18.8098
-18.5166
-18.2813
-18.0743
-17.877
-17.678
-17.4704
-17.2504
-17.0161
-16.7667
-16.5021
-16.2226
-15.929
-15.6219
-15.3022
-14.9708
-14.6286
-14.2767
-13.9157
-13.5468
-13.1708
-12.7884
-12.4007
-12.0085
-11.6124
-11.2135
-10.8124
-10.4098
-10.0066
-9.60341
-9.20097
-8.79993
-8.40096
-8.00467
-7.61169
-7.22261
-6.838
-6.4584
-6.08435
-5.71637
-5.35494
-5.00054
-4.65362
-4.31462
-3.98396
-3.66202
-3.34921
-3.04586
-2.75235
-2.46898
-2.19608
-1.93393
-1.68281
-1.44299
-1.2147
-0.998181
-0.793637
-0.601269
-0.421256
-0.253762
-0.0989351
0.0430967
0.172223
0.288359
0.391451
0.481492
0.55865
0.623399
0.675327
0.71561
0.77358
0.863132
-58.8883
-34.9028
-26.619
-24.1535
-22.4378
-21.294
-20.564
-20.0567
-19.6804
-19.3829
-19.1284
-18.8938
-18.6645
-18.4312
-18.1885
-17.9336
-17.6648
-17.3818
-17.0845
-16.7734
-16.4493
-16.1129
-15.7652
-15.407
-15.0392
-14.6628
-14.2786
-13.8876
-13.4905
-13.0883
-12.6817
-12.2715
-11.8586
-11.4437
-11.0275
-10.6107
-10.1941
-9.77833
-9.36403
-8.95184
-8.54239
-8.13629
-7.7341
-7.33639
-6.94371
-6.55657
-6.17548
-5.80092
-5.43337
-5.07326
-4.72103
-4.37709
-4.04183
-3.71564
-3.39887
-3.09187
-2.79496
-2.50845
-2.23264
-1.96781
-1.71421
-1.47209
-1.24168
-1.0232
-0.816845
-0.622796
-0.441227
-0.272285
-0.116104
0.0272051
0.157551
0.274877
0.379163
0.470442
0.548924
0.615153
0.668827
0.710486
0.769143
0.864372
-49.6935
-30.3685
-25.6417
-24.6405
-23.6322
-22.8606
-22.3035
-21.858
-21.481
-21.147
-20.8364
-20.5355
-20.2351
-19.9293
-19.6143
-19.288
-18.9496
-18.5988
-18.2359
-17.8615
-17.4765
-17.0816
-16.6778
-16.266
-15.8471
-15.4219
-14.9914
-14.5564
-14.1176
-13.6758
-13.2318
-12.7862
-12.3399
-11.8934
-11.4474
-11.0025
-10.5595
-10.1189
-9.68122
-9.24711
-8.8171
-8.39173
-7.9715
-7.55692
-7.14848
-6.74662
-6.35181
-5.96447
-5.58501
-5.21384
-4.85133
-4.49785
-4.15375
-3.81937
-3.49501
-3.181
-2.87761
-2.58511
-2.30378
-2.03384
-1.77554
-1.52908
-1.29467
-1.0725
-0.862737
-0.665544
-0.481064
-0.309428
-0.150739
-0.00507908
0.127505
0.247012
0.353505
0.447132
0.528254
0.597662
0.65529
0.699846
0.758679
0.872211
-35.0902
-26.5218
-26.8487
-27.5428
-27.4204
-27.0121
-26.5134
-25.9875
-25.4667
-24.9614
-24.4712
-23.9919
-23.5182
-23.0457
-22.5707
-22.0911
-21.6053
-21.1131
-20.6144
-20.1097
-19.5998
-19.0853
-18.5672
-18.0462
-17.5232
-16.999
-16.4742
-15.9496
-15.4258
-14.9034
-14.383
-13.8651
-13.3503
-12.8391
-12.3321
-11.8297
-11.3323
-10.8405
-10.3546
-9.87516
-9.40253
-8.93712
-8.47933
-8.02953
-7.58809
-7.15534
-6.73163
-6.31727
-5.91259
-5.51788
-5.13343
-4.7595
-4.39636
-4.04426
-3.70344
-3.37412
-3.05651
-2.75082
-2.45724
-2.17595
-1.90712
-1.6509
-1.40744
-1.17688
-0.959341
-0.754942
-0.563777
-0.38592
-0.221429
-0.0703396
0.0673623
0.191768
0.303076
0.401634
0.488003
0.563084
0.627437
0.678855
0.729226
0.848258
78.5527
55.0121
52.1609
51.2268
50.0307
49.0051
48.0274
46.9881
45.8552
44.6323
43.3391
42
40.6378
39.2709
37.9128
36.573
35.2577
33.9705
32.7135
31.4876
30.2931
29.1299
27.9975
26.8956
25.8234
24.7806
23.7666
22.7808
21.8228
20.8921
19.9882
19.1107
18.259
17.4328
16.6316
15.855
15.1025
14.3737
13.6681
12.9855
12.3253
11.6871
11.0706
10.4753
9.90095
9.34706
8.81331
8.29933
7.80476
7.32928
6.87255
6.43425
6.01407
5.61169
5.22684
4.85922
4.50857
4.17462
3.85711
3.5558
3.27046
3.00086
2.7468
2.50807
2.28447
2.07581
1.88192
1.7026
1.53767
1.38692
1.25012
1.12697
1.01704
0.919746
0.834224
0.759299
0.692935
0.630813
0.57919
0.583777
90.6041
64.0438
59.4971
58.269
56.3916
54.6873
53.125
51.5783
50.018
48.4424
46.8585
45.2772
43.7087
42.1614
40.6415
39.1532
37.6993
36.2812
34.8995
33.5546
32.246
30.9735
29.7364
28.5343
27.3664
26.2322
25.131
24.0622
23.0252
22.0193
21.044
20.0987
19.1828
18.2956
17.4367
16.6055
15.8013
15.0237
14.2722
13.5461
12.8449
12.1681
11.5153
10.8859
10.2795
9.69549
9.13351
8.59308
8.07375
7.57511
7.09674
6.63823
6.19919
5.77924
5.37802
4.99517
4.63035
4.28323
3.9535
3.64085
3.345
3.06566
2.80257
2.55548
2.32415
2.10834
1.90784
1.72242
1.55188
1.396
1.25456
1.1273
1.01392
0.913997
0.827016
0.752285
0.687634
0.629075
0.589679
0.565552
101.177
71.5693
64.0092
61.8112
59.5305
57.4999
55.6515
53.8563
52.0856
50.335
48.6063
46.9037
45.2316
43.5937
41.9923
40.4293
38.9055
37.4213
35.9767
34.5715
33.2052
31.8773
30.5873
29.3345
28.1182
26.9377
25.7925
24.6818
23.605
22.5613
21.5502
20.5709
19.6228
18.7053
17.8176
16.9592
16.1295
15.3278
14.5535
13.806
13.0847
12.3891
11.7186
11.0726
10.4506
9.85209
9.27653
8.72342
8.19229
7.68264
7.19402
6.72599
6.27811
5.84997
5.44115
5.05126
4.67994
4.32681
3.99153
3.67376
3.37318
3.08949
2.8224
2.57161
2.33688
2.11794
1.91456
1.7265
1.55355
1.39549
1.2521
1.12317
1.00844
0.907584
0.820231
0.745802
0.682145
0.626258
0.588345
0.539204
104.516
73.4888
65.3799
63.1773
60.8916
58.797
56.8635
54.9782
53.121
51.2924
49.4951
47.7328
46.0085
44.3241
42.681
41.0797
39.5201
38.0023
36.5257
35.09
33.6946
32.3388
31.0221
29.7437
28.503
27.2992
26.1318
25
23.903
22.8403
21.811
20.8145
19.8501
18.9171
18.0149
17.1427
16.3
15.486
14.7001
13.9417
13.2102
12.505
11.8254
11.171
10.541
9.93507
9.35255
8.79294
8.25572
7.7404
7.2465
6.77355
6.3211
5.8887
5.47593
5.08238
4.70766
4.35139
4.0132
3.69274
3.38968
3.1037
2.83448
2.58174
2.34521
2.12461
1.9197
1.73025
1.55602
1.3968
1.2524
1.12258
1.00713
0.905756
0.818112
0.743612
0.680032
0.624749
0.58699
0.530727
104.516
73.4888
65.3799
63.1773
60.8916
58.797
56.8635
54.9782
53.121
51.2924
49.4951
47.7328
46.0085
44.3241
42.681
41.0797
39.5201
38.0023
36.5257
35.09
33.6946
32.3388
31.0221
29.7437
28.503
27.2992
26.1318
25
23.903
22.8403
21.811
20.8145
19.8501
18.9171
18.0149
17.1427
16.3
15.486
14.7001
13.9417
13.2102
12.505
11.8254
11.171
10.541
9.93507
9.35255
8.79294
8.25572
7.7404
7.2465
6.77355
6.3211
5.8887
5.47593
5.08238
4.70766
4.35139
4.0132
3.69274
3.38968
3.1037
2.83448
2.58174
2.34521
2.12461
1.9197
1.73025
1.55602
1.3968
1.2524
1.12258
1.00713
0.905756
0.818112
0.743612
0.680032
0.624749
0.58699
0.530727
101.177
71.5693
64.0092
61.8112
59.5305
57.4999
55.6515
53.8563
52.0856
50.335
48.6063
46.9037
45.2316
43.5937
41.9923
40.4293
38.9055
37.4213
35.9767
34.5715
33.2052
31.8773
30.5873
29.3345
28.1182
26.9377
25.7925
24.6818
23.605
22.5613
21.5502
20.5709
19.6228
18.7053
17.8176
16.9592
16.1295
15.3278
14.5535
13.806
13.0847
12.3891
11.7186
11.0726
10.4506
9.85209
9.27653
8.72342
8.19229
7.68264
7.19402
6.72599
6.27811
5.84997
5.44115
5.05126
4.67994
4.32681
3.99153
3.67376
3.37318
3.08949
2.8224
2.57161
2.33688
2.11794
1.91456
1.7265
1.55355
1.39549
1.2521
1.12317
1.00844
0.907584
0.820232
0.745802
0.682146
0.626258
0.588345
0.539204
90.6041
64.0438
59.4971
58.269
56.3916
54.6873
53.125
51.5783
50.018
48.4424
46.8585
45.2772
43.7087
42.1614
40.6415
39.1532
37.6993
36.2812
34.8995
33.5546
32.246
30.9735
29.7364
28.5343
27.3664
26.2322
25.131
24.0622
23.0252
22.0193
21.044
20.0987
19.1828
18.2956
17.4367
16.6055
15.8013
15.0237
14.2722
13.5461
12.8449
12.1681
11.5153
10.8859
10.2795
9.69549
9.13351
8.59308
8.07376
7.57511
7.09674
6.63823
6.19919
5.77924
5.37802
4.99517
4.63035
4.28323
3.9535
3.64085
3.345
3.06566
2.80257
2.55548
2.32415
2.10834
1.90784
1.72242
1.55188
1.396
1.25456
1.1273
1.01392
0.913997
0.827016
0.752285
0.687633
0.629075
0.589679
0.565552
78.5527
55.0121
52.1609
51.2268
50.0307
49.0051
48.0274
46.9881
45.8552
44.6323
43.3391
42
40.6378
39.2709
37.9128
36.573
35.2577
33.9705
32.7135
31.4876
30.2931
29.1299
27.9975
26.8956
25.8234
24.7806
23.7666
22.7808
21.8228
20.8921
19.9882
19.1107
18.259
17.4328
16.6316
15.855
15.1025
14.3737
13.6681
12.9855
12.3253
11.6871
11.0706
10.4753
9.90095
9.34706
8.81331
8.29932
7.80476
7.32928
6.87255
6.43425
6.01407
5.61169
5.22684
4.85922
4.50857
4.17462
3.85711
3.5558
3.27046
3.00086
2.7468
2.50807
2.28447
2.07581
1.88192
1.7026
1.53767
1.38692
1.25012
1.12697
1.01704
0.919746
0.834224
0.759299
0.692935
0.630813
0.57919
0.583776
181.841
131.874
126.814
125.547
123.213
121.018
118.779
116.333
113.673
110.837
107.877
104.842
101.773
98.6996
95.6439
92.62
89.6372
86.701
83.8149
80.9806
78.199
75.4706
72.7955
70.1734
67.6044
65.0882
62.6245
60.2132
57.8541
55.547
53.2915
51.0876
48.9349
46.8331
44.7822
42.7817
40.8314
38.9311
37.0804
35.2791
33.5269
31.8234
30.1685
28.5617
27.0028
25.4915
24.0275
22.6106
21.2403
19.9165
18.6388
17.407
16.2208
15.0799
13.984
12.9329
11.9264
10.9641
10.0458
9.17138
8.34049
7.55293
6.80848
6.10693
5.44806
4.83167
4.25754
3.72544
3.2351
2.78624
2.37848
2.01126
1.68378
1.39484
1.14264
0.924604
0.736909
0.574169
0.435542
0.329856
214.214
150.527
139.396
136.213
131.684
127.785
124.327
120.968
117.629
114.295
110.967
107.655
104.372
101.126
97.9252
94.7734
91.6742
88.6298
85.6413
82.7093
79.8341
77.0157
74.254
71.549
68.9002
66.3076
63.7709
61.2897
58.8639
56.493
54.1769
51.9151
49.7073
47.5533
45.4526
43.4049
41.4098
39.467
37.5761
35.7367
33.9484
32.2109
30.5238
28.8868
27.2993
25.7612
24.2719
22.8311
21.4386
20.0938
18.7965
17.5463
16.3429
15.1859
14.0751
13.01
11.9904
11.016
10.0864
9.20145
8.36078
7.56415
6.81128
6.10193
5.43583
4.81275
4.23244
3.69465
3.19912
2.7456
2.33377
1.96323
1.6335
1.34387
1.0933
0.880149
0.701051
0.55061
0.425785
0.282928
241.502
168.324
148.753
142.504
136.487
131.546
127.334
123.421
119.676
116.046
112.503
109.033
105.629
102.287
99.0077
95.7883
92.6289
89.529
86.4886
83.5073
80.5851
77.7216
74.9168
72.1704
69.4822
66.8518
64.2791
61.7636
59.3051
56.9032
54.5576
52.2678
50.0336
47.8545
45.7301
43.66
41.6439
39.6811
37.7715
35.9145
34.1096
32.3566
30.6549
29.0042
27.404
25.8539
24.3535
22.9024
21.5001
20.1464
18.8407
17.5828
16.3722
15.2086
14.0917
13.0209
11.9961
11.0169
10.083
9.19399
8.34963
7.54961
6.79364
6.08143
5.41273
4.78726
4.20478
3.66503
3.16777
2.71276
2.29973
1.92842
1.59849
1.30951
1.06082
0.851179
0.677525
0.534589
0.41345
0.248079
250.347
173.304
151.785
145.027
138.633
133.33
128.82
124.669
120.736
116.961
113.307
109.752
106.283
102.889
99.5668
96.311
93.1194
89.9904
86.9229
83.9162
80.9698
78.0834
75.2566
72.4892
69.7809
67.1313
64.5403
62.0074
59.5323
57.1147
54.7541
52.4502
50.2025
48.0107
45.8743
43.7928
41.7659
39.7931
37.874
36.008
34.1948
32.4338
30.7248
29.0671
27.4604
25.9043
24.3982
22.9418
21.5346
20.1763
18.8664
17.6046
16.3904
15.2234
14.1033
13.0297
12.0022
11.0206
10.0844
9.19332
8.34705
7.54529
6.78772
6.07406
5.40402
4.77734
4.19376
3.65303
3.15491
2.69918
2.28561
1.91398
1.58402
1.29538
1.04751
0.839228
0.667437
0.526965
0.407075
0.235753
250.347
173.304
151.785
145.027
138.633
133.33
128.82
124.669
120.736
116.961
113.307
109.752
106.283
102.889
99.5668
96.311
93.1194
89.9904
86.9229
83.9162
80.9698
78.0834
75.2566
72.4892
69.7809
67.1313
64.5403
62.0074
59.5323
57.1147
54.7541
52.4502
50.2025
48.0107
45.8743
43.7928
41.7659
39.7931
37.874
36.008
34.1948
32.4338
30.7248
29.0671
27.4604
25.9043
24.3982
22.9418
21.5346
20.1763
18.8664
17.6046
16.3904
15.2234
14.1033
13.0297
12.0022
11.0206
10.0844
9.19332
8.34705
7.54529
6.78772
6.07406
5.40402
4.77734
4.19376
3.65303
3.15491
2.69918
2.28561
1.91398
1.58402
1.29538
1.04751
0.839228
0.667437
0.526965
0.407074
0.235753
241.502
168.324
148.753
142.504
136.487
131.546
127.334
123.421
119.676
116.046
112.503
109.033
105.629
102.287
99.0077
95.7883
92.6289
89.529
86.4886
83.5073
80.5851
77.7216
74.9168
72.1704
69.4822
66.8518
64.2791
61.7636
59.3051
56.9032
54.5576
52.2678
50.0336
47.8545
45.7301
43.66
41.6439
39.6811
37.7715
35.9145
34.1096
32.3566
30.6549
29.0042
27.404
25.8539
24.3535
22.9024
21.5001
20.1464
18.8407
17.5828
16.3722
15.2086
14.0917
13.0209
11.9961
11.0169
10.083
9.19399
8.34963
7.54961
6.79364
6.08143
5.41273
4.78726
4.20478
3.66503
3.16777
2.71276
2.29973
1.92842
1.59849
1.30951
1.06082
0.851179
0.677525
0.534589
0.41345
0.248079
214.214
150.527
139.396
136.213
131.684
127.785
124.327
120.968
117.629
114.295
110.967
107.655
104.372
101.126
97.9252
94.7734
91.6742
88.6298
85.6413
82.7093
79.8341
77.0157
74.254
71.549
68.9002
66.3076
63.7709
61.2897
58.8639
56.493
54.1769
51.9151
49.7073
47.5533
45.4526
43.4049
41.4098
39.467
37.5761
35.7367
33.9484
32.2109
30.5238
28.8868
27.2993
25.7612
24.2719
22.8311
21.4386
20.0938
18.7965
17.5463
16.3429
15.1859
14.0751
13.01
11.9904
11.016
10.0864
9.20145
8.36078
7.56415
6.81128
6.10193
5.43583
4.81275
4.23244
3.69465
3.19912
2.7456
2.33377
1.96323
1.6335
1.34387
1.0933
0.880148
0.701051
0.550609
0.425784
0.282927
181.841
131.874
126.814
125.547
123.213
121.018
118.779
116.333
113.673
110.837
107.877
104.842
101.773
98.6996
95.6439
92.62
89.6372
86.701
83.8149
80.9806
78.199
75.4706
72.7955
70.1734
67.6044
65.0882
62.6245
60.2132
57.8541
55.547
53.2915
51.0876
48.9349
46.8331
44.7822
42.7817
40.8314
38.9311
37.0804
35.2791
33.5269
31.8234
30.1685
28.5617
27.0028
25.4915
24.0275
22.6106
21.2403
19.9165
18.6388
17.407
16.2208
15.0799
13.984
12.9329
11.9264
10.9641
10.0458
9.17138
8.34049
7.55293
6.80848
6.10693
5.44806
4.83167
4.25754
3.72544
3.2351
2.78624
2.37848
2.01126
1.68378
1.39484
1.14265
0.924605
0.73691
0.57417
0.435543
0.329856
267.031
200.57
196.806
196.26
193.354
190.302
186.959
183.199
179.09
174.731
170.212
165.607
160.969
156.334
151.728
147.166
142.658
138.21
133.827
129.51
125.26
121.079
116.967
112.924
108.951
105.047
101.214
97.4518
93.76
90.1392
86.5895
83.1112
79.7044
76.3692
73.1059
69.9144
66.7949
63.7475
60.7722
57.8691
55.0382
52.2795
49.593
46.9789
44.4369
41.9671
39.5695
37.2441
34.9907
32.8094
30.7
28.6626
26.697
24.8031
22.9809
21.2302
19.551
17.9432
16.4066
14.9412
13.5468
12.2233
10.9707
9.78864
8.67714
7.63601
6.66511
5.76425
4.93321
4.17172
3.47941
2.85577
2.30007
1.81128
1.38789
1.02779
0.728169
0.485377
0.293902
0.130782
300.14
217.85
211.195
209.376
203.34
197.741
192.633
187.634
182.673
177.741
172.839
167.976
163.161
158.399
153.696
149.055
144.479
139.969
135.527
131.152
126.847
122.61
118.444
114.348
110.322
106.368
102.484
98.6721
94.9318
91.2634
87.6671
84.1431
80.6915
77.3125
74.0063
70.7729
67.6124
64.5248
61.5104
58.569
55.7007
52.9056
50.1836
47.5348
44.9591
42.4566
40.0271
37.6707
35.3873
33.1769
31.0393
28.9746
26.9826
25.0632
23.2164
21.4421
19.7401
18.1104
16.5529
15.0673
13.6536
12.3118
11.0415
9.84275
8.71534
7.65913
6.67394
5.75961
4.91595
4.14273
3.43973
2.80664
2.24312
1.74874
1.32295
0.964904
0.673044
0.444353
0.26786
0.0896126
331.388
237.43
222.474
217.594
209.418
202.134
195.829
189.993
184.456
179.132
173.967
168.928
163.992
159.147
154.383
149.696
145.081
140.537
136.064
131.661
127.329
123.066
118.875
114.754
110.705
106.728
102.822
98.9892
95.2286
91.5407
87.9257
84.3837
80.915
77.5197
74.1977
70.9493
67.7744
64.6732
61.6457
58.6919
55.8118
53.0054
50.2728
47.6138
45.0285
42.5168
40.0787
37.7141
35.4229
33.2052
31.0607
28.9894
26.9913
25.0662
23.214
21.4345
19.7278
18.0936
16.5319
15.0424
13.6251
12.2798
11.0063
9.8046
8.67442
7.61562
6.62804
5.71152
4.8659
4.09101
3.3867
2.75284
2.18932
1.69608
1.27304
0.919937
0.635824
0.417913
0.250742
0.0676468
341.119
242.461
226.049
220.896
212.152
204.249
197.443
191.227
185.408
179.881
174.573
169.434
164.428
159.533
154.732
150.016
145.379
140.816
136.326
131.907
127.56
123.284
119.079
114.946
110.885
106.896
102.979
99.1354
95.3646
91.6669
88.0426
84.4918
81.0146
77.6111
74.2815
71.0258
67.8441
64.7363
61.7026
58.7429
55.8573
53.0457
50.3081
47.6444
45.0547
42.5389
40.0969
37.7287
35.4341
33.2132
31.0657
28.9917
26.9909
25.0634
23.2089
21.4274
19.7187
18.0828
16.5193
15.0283
13.6096
12.2629
10.9883
9.78541
8.6542
7.59445
6.60603
5.68877
4.84251
4.06715
3.36257
2.72872
2.1656
1.67328
1.2518
0.901018
0.620026
0.406123
0.242518
0.058907
341.119
242.461
226.049
220.896
212.152
204.249
197.443
191.227
185.408
179.881
174.573
169.434
164.428
159.533
154.732
150.016
145.379
140.816
136.326
131.907
127.56
123.284
119.079
114.946
110.885
106.896
102.979
99.1354
95.3646
91.6669
88.0426
84.4918
81.0146
77.6111
74.2815
71.0258
67.8441
64.7363
61.7026
58.7429
55.8573
53.0457
50.3081
47.6444
45.0547
42.5389
40.0969
37.7287
35.4341
33.2132
31.0657
28.9917
26.9909
25.0634
23.2089
21.4274
19.7187
18.0828
16.5193
15.0283
13.6096
12.2629
10.9883
9.78541
8.6542
7.59445
6.60603
5.68877
4.84251
4.06715
3.36257
2.72872
2.1656
1.67328
1.2518
0.901018
0.620026
0.406124
0.242516
0.0589062
331.388
237.43
222.474
217.594
209.418
202.134
195.829
189.993
184.456
179.132
173.967
168.928
163.992
159.147
154.383
149.696
145.081
140.537
136.064
131.661
127.329
123.066
118.875
114.754
110.705
106.728
102.822
98.9892
95.2286
91.5407
87.9257
84.3837
80.915
77.5197
74.1977
70.9493
67.7744
64.6732
61.6457
58.6919
55.8118
53.0054
50.2728
47.6138
45.0285
42.5168
40.0787
37.7141
35.4229
33.2052
31.0607
28.9894
26.9913
25.0662
23.214
21.4345
19.7278
18.0936
16.5319
15.0424
13.6251
12.2798
11.0063
9.8046
8.67442
7.61562
6.62804
5.71152
4.8659
4.09101
3.3867
2.75284
2.18932
1.69608
1.27304
0.919937
0.635826
0.417914
0.250741
0.0676453
300.14
217.85
211.195
209.376
203.34
197.741
192.633
187.634
182.673
177.741
172.839
167.976
163.161
158.399
153.696
149.055
144.479
139.969
135.527
131.152
126.847
122.61
118.444
114.348
110.322
106.368
102.484
98.6721
94.9318
91.2634
87.6671
84.1431
80.6915
77.3125
74.0063
70.7729
67.6124
64.5248
61.5104
58.569
55.7007
52.9056
50.1836
47.5348
44.9591
42.4566
40.0271
37.6707
35.3873
33.1769
31.0393
28.9746
26.9826
25.0632
23.2164
21.4421
19.7401
18.1104
16.5529
15.0673
13.6536
12.3118
11.0415
9.84275
8.71534
7.65913
6.67394
5.75961
4.91595
4.14273
3.43973
2.80664
2.24312
1.74874
1.32295
0.964904
0.673045
0.444353
0.26786
0.0896099
267.031
200.57
196.806
196.26
193.354
190.302
186.959
183.199
179.09
174.731
170.212
165.607
160.969
156.334
151.728
147.166
142.658
138.21
133.827
129.51
125.26
121.079
116.967
112.924
108.951
105.047
101.214
97.4518
93.76
90.1392
86.5895
83.1112
79.7044
76.3692
73.1059
69.9144
66.7949
63.7475
60.7722
57.8691
55.0382
52.2795
49.593
46.9789
44.4369
41.9671
39.5695
37.2441
34.9907
32.8094
30.7
28.6626
26.697
24.8031
22.9809
21.2302
19.551
17.9432
16.4066
14.9412
13.5468
12.2233
10.9707
9.78864
8.67714
7.63601
6.66511
5.76425
4.93321
4.17172
3.47941
2.85577
2.30007
1.81128
1.38789
1.02779
0.728168
0.485377
0.293903
0.130783
335.551
267.613
264.346
263.901
260.462
256.01
250.9
245.295
239.356
233.215
226.968
220.686
214.414
208.183
202.011
195.911
189.89
183.953
178.102
172.341
166.669
161.089
155.6
150.203
144.899
139.689
134.571
129.548
124.619
119.784
115.044
110.399
105.849
101.395
97.0361
92.7731
88.6058
84.5345
80.5592
76.68
72.8969
69.21
65.6193
62.1249
58.7266
55.4246
52.2188
49.1092
46.0957
43.1784
40.3571
37.6318
35.0026
32.4692
30.0316
27.6899
25.4438
23.2934
21.2385
19.279
17.415
15.6462
13.9726
12.394
10.9104
9.52169
8.22765
7.02817
5.92308
4.91214
3.99514
3.17181
2.44193
1.80544
1.26273
0.815112
0.465694
0.218135
0.0781692
0.0537178
354.649
284.619
280.105
276.923
269.843
262.538
255.401
248.399
241.533
234.793
228.17
221.652
215.234
208.91
202.677
196.534
190.479
184.514
178.638
172.852
167.157
161.554
156.042
150.623
145.298
140.066
134.928
129.885
124.936
120.083
115.325
110.663
106.096
101.625
97.2509
92.9726
88.7907
84.7052
80.7163
76.8239
73.0281
69.3289
65.7263
62.2204
58.8112
55.4985
52.2824
49.1629
46.14
43.2135
40.3834
37.6497
35.0123
32.4711
30.0261
27.6772
25.4242
23.2672
21.2061
19.2407
17.3709
15.5967
13.9179
12.3344
10.8462
9.45301
8.15481
6.95143
5.84273
4.82859
3.9089
3.08366
2.35307
1.71769
1.17875
0.738625
0.401331
0.17044
0.0510196
0.0513775
381.412
301.281
291.518
285.793
276.33
267.01
258.372
250.309
242.72
235.502
228.57
221.858
215.319
208.921
202.643
196.473
190.402
184.425
178.541
172.749
167.049
161.441
155.925
150.502
145.173
139.938
134.797
129.751
124.8
119.945
115.185
110.522
105.954
101.483
97.1078
92.8295
88.6478
84.5628
80.5745
76.683
72.8883
69.1904
65.5894
62.0851
58.6776
55.3668
52.1528
49.0354
46.0146
43.0904
40.2626
37.5313
34.8963
32.3576
29.915
27.5685
25.3181
23.1635
21.1048
19.1417
17.2743
15.5024
13.8259
12.2446
10.7585
9.36738
8.0712
6.86982
5.76315
4.75113
3.83382
3.01143
2.28442
1.65375
1.12106
0.689088
0.362129
0.143721
0.0380159
0.0501867
390.844
306.044
295.502
289.543
279.37
269.253
259.94
251.361
243.399
235.923
228.817
221.99
215.378
208.935
202.629
196.441
190.359
184.376
178.488
172.693
166.991
161.381
155.864
150.439
145.109
139.873
134.731
129.684
124.733
119.877
115.117
110.453
105.885
101.414
97.0391
92.761
88.5796
84.495
80.5073
76.6164
72.8224
69.1253
65.525
62.0216
58.6151
55.3053
52.0923
48.976
45.9563
43.0332
40.2066
37.4764
34.8425
32.305
29.8636
27.5183
25.269
23.1156
21.0579
19.096
17.2297
15.4589
13.7834
12.2031
10.718
9.32786
8.03265
6.83224
5.72659
4.71569
3.79966
2.97883
2.2538
1.62566
1.09615
0.668019
0.345472
0.132008
0.0313764
0.0463397
390.844
306.044
295.502
289.543
279.37
269.253
259.94
251.361
243.399
235.923
228.817
221.99
215.378
208.935
202.629
196.441
190.359
184.376
178.488
172.693
166.991
161.381
155.864
150.439
145.109
139.873
134.731
129.684
124.733
119.877
115.117
110.453
105.885
101.414
97.0391
92.761
88.5796
84.495
80.5073
76.6164
72.8224
69.1253
65.525
62.0216
58.6151
55.3053
52.0923
48.976
45.9563
43.0332
40.2066
37.4764
34.8425
32.305
29.8636
27.5183
25.269
23.1156
21.0579
19.096
17.2297
15.4589
13.7834
12.2031
10.718
9.32786
8.03265
6.83224
5.72659
4.71569
3.79966
2.97883
2.2538
1.62566
1.09615
0.66802
0.345472
0.132003
0.0313675
0.046356
381.412
301.281
291.518
285.793
276.33
267.01
258.372
250.309
242.72
235.502
228.57
221.858
215.319
208.921
202.643
196.473
190.402
184.425
178.541
172.749
167.049
161.441
155.925
150.502
145.173
139.938
134.797
129.751
124.8
119.945
115.185
110.522
105.954
101.483
97.1078
92.8295
88.6478
84.5628
80.5745
76.683
72.8883
69.1904
65.5894
62.0851
58.6776
55.3668
52.1528
49.0354
46.0146
43.0904
40.2626
37.5313
34.8963
32.3576
29.915
27.5685
25.3181
23.1635
21.1048
19.1417
17.2743
15.5024
13.8259
12.2446
10.7585
9.36738
8.0712
6.86982
5.76315
4.75113
3.83382
3.01143
2.28442
1.65375
1.12106
0.68909
0.362129
0.143716
0.0380083
0.0502016
354.649
284.619
280.105
276.923
269.843
262.538
255.401
248.399
241.533
234.793
228.17
221.652
215.234
208.91
202.677
196.534
190.479
184.514
178.638
172.852
167.157
161.554
156.042
150.623
145.298
140.066
134.928
129.885
124.936
120.083
115.325
110.663
106.096
101.625
97.2509
92.9726
88.7907
84.7052
80.7163
76.8239
73.0281
69.3289
65.7263
62.2204
58.8112
55.4985
52.2824
49.1629
46.14
43.2135
40.3834
37.6497
35.0123
32.4711
30.0261
27.6772
25.4242
23.2672
21.2061
19.2407
17.3709
15.5967
13.9179
12.3344
10.8462
9.45301
8.15481
6.95143
5.84273
4.82859
3.9089
3.08366
2.35307
1.71769
1.17875
0.738626
0.40133
0.170436
0.0510216
0.0513692
335.551
267.613
264.346
263.901
260.462
256.01
250.9
245.295
239.356
233.215
226.968
220.686
214.414
208.183
202.011
195.911
189.89
183.953
178.102
172.341
166.669
161.089
155.6
150.203
144.899
139.689
134.571
129.548
124.619
119.784
115.044
110.399
105.849
101.395
97.0361
92.7731
88.6058
84.5345
80.5592
76.68
72.8969
69.21
65.6193
62.1249
58.7266
55.4246
52.2188
49.1092
46.0957
43.1784
40.3571
37.6318
35.0026
32.4692
30.0316
27.6899
25.4438
23.2934
21.2385
19.279
17.415
15.6462
13.9726
12.394
10.9104
9.52169
8.22765
7.02818
5.92308
4.91214
3.99514
3.17181
2.44193
1.80544
1.26273
0.815111
0.465692
0.218136
0.0781709
0.0537298
)
;

boundaryField
{
    left
    {
        type            calculated;
        value           nonuniform List<scalar> 
64
(
-408.222
-425.322
-445.467
-454.321
-454.321
-445.467
-425.322
-408.222
-282.28
-330.87
-360.033
-370.134
-370.134
-360.033
-330.87
-282.28
-156.793
-195.669
-220.594
-229.192
-229.192
-220.594
-195.669
-156.793
-35.0902
-49.6935
-58.8883
-62.1723
-62.1723
-58.8883
-49.6935
-35.0902
78.5527
90.6041
101.177
104.516
104.516
101.177
90.6041
78.5527
181.841
214.214
241.502
250.347
250.347
241.502
214.214
181.841
267.031
300.14
331.388
341.119
341.119
331.388
300.14
267.031
335.551
354.649
381.412
390.844
390.844
381.412
354.649
335.551
)
;
    }
    right
    {
        type            calculated;
        value           nonuniform List<scalar> 
64
(
1.37313
1.37315
1.37177
1.37644
1.37644
1.37177
1.37315
1.37313
1.26571
1.34291
1.3567
1.36574
1.36574
1.35671
1.34291
1.26571
1.02149
1.12238
1.13984
1.14922
1.14922
1.13985
1.12238
1.02148
0.693202
0.770328
0.770742
0.77414
0.774139
0.770741
0.770327
0.693198
0.375337
0.395897
0.372879
0.367674
0.367674
0.372878
0.395896
0.375335
0.140615
0.103983
0.0681347
0.0577229
0.057724
0.0681359
0.103983
0.140618
0.0456948
-0.0125066
-0.0338269
-0.0404698
-0.0404712
-0.0338291
-0.0125054
0.0456974
-0.00119405
-0.00608266
-0.00104363
-0.00293555
-0.00294522
-0.00104936
-0.00606693
-0.00119957
)
;
    }
    back
    {
        type            calculated;
        value           nonuniform List<scalar> 
640
(
-386.775
-250.543
-134.067
-27.2823
74.9949
175.451
271.792
364.933
-311.182
-203.673
-107.422
-22.9236
52.1023
123.398
192.068
258.77
-300.008
-200.089
-109.371
-26.1754
49.7598
121.575
190.515
256.75
-295.659
-198.034
-110.337
-27.9637
48.718
121.127
190.487
257.5
-292.019
-195.331
-109.524
-28.4382
47.6977
119.774
189.051
255.815
-287.804
-192.43
-108.123
-28.3319
46.8833
118.319
187.182
252.763
-282.683
-189.095
-106.359
-27.9574
46.0984
116.595
184.638
248.644
-276.764
-185.314
-104.341
-27.4673
45.2351
114.531
181.428
243.719
-270.243
-181.166
-102.138
-26.9361
44.2551
112.152
177.69
238.23
-263.309
-176.744
-99.8023
-26.3953
43.1603
109.52
173.574
232.377
-256.119
-172.136
-97.3742
-25.8568
41.9736
106.708
169.213
226.315
-248.792
-167.419
-94.8881
-25.323
40.7237
103.782
164.71
220.148
-241.418
-162.647
-92.3696
-24.7925
39.4377
100.795
160.137
213.95
-234.057
-157.863
-89.8378
-24.2628
38.1376
97.7873
155.546
207.766
-226.752
-153.097
-87.3061
-23.7312
36.8397
94.7857
150.97
201.627
-219.529
-148.369
-84.7841
-23.196
35.5552
91.8087
146.432
195.552
-212.408
-143.692
-82.2784
-22.6563
34.2918
88.8682
141.943
189.55
-205.399
-139.075
-79.7939
-22.1116
33.0538
85.9712
137.514
183.63
-198.509
-134.524
-77.3339
-21.5622
31.8438
83.1221
133.147
177.796
-191.743
-130.044
-74.9011
-21.0085
30.6631
80.3233
128.846
172.049
-185.103
-125.637
-72.4975
-20.4513
29.5119
77.5758
124.614
166.392
-178.59
-121.305
-70.1246
-19.8915
28.3903
74.8801
120.449
160.826
-172.205
-117.048
-67.7837
-19.3299
27.2979
72.2365
116.354
155.351
-165.946
-112.869
-65.4759
-18.7673
26.2343
69.6449
112.328
149.967
-159.815
-108.766
-63.2021
-18.2045
25.1989
67.1051
108.372
144.676
-153.81
-104.741
-60.963
-17.6422
24.1912
64.6169
104.486
139.478
-147.932
-100.794
-58.7592
-17.0813
23.2107
62.1801
100.671
134.373
-142.178
-96.9245
-56.5915
-16.5221
22.257
59.7946
96.9256
129.362
-136.549
-93.1331
-54.4602
-15.9655
21.3296
57.4602
93.2513
124.444
-131.044
-89.4196
-52.3658
-15.4119
20.4281
55.1766
89.6479
119.62
-125.662
-85.7841
-50.3089
-14.8618
19.5519
52.9437
86.1155
114.89
-120.403
-82.2265
-48.2896
-14.3158
18.7008
50.7613
82.6545
110.256
-115.264
-78.7466
-46.3086
-13.7744
17.8743
48.6291
79.2649
105.715
-110.247
-75.3443
-44.3659
-13.2379
17.072
46.547
75.9468
101.27
-105.349
-72.0196
-42.462
-12.7069
16.2935
44.5148
72.7004
96.9206
-100.571
-68.7722
-40.5972
-12.1818
15.5384
42.5321
69.5257
92.6662
-95.9106
-65.602
-38.7717
-11.663
14.8064
40.5988
66.4229
88.5072
-91.3683
-62.5089
-36.9858
-11.1508
14.097
38.7146
63.392
84.4438
-86.9429
-59.4925
-35.2397
-10.6458
13.4098
36.8793
60.433
80.4762
-82.6338
-56.5527
-33.5336
-10.1482
12.7446
35.0926
57.5461
76.6043
-78.44
-53.6893
-31.8677
-9.6585
12.1009
33.3543
54.7311
72.8282
-74.3611
-50.9021
-30.2423
-9.17696
11.4783
31.6641
51.9881
69.1481
-70.3962
-48.1909
-28.6575
-8.70395
10.8765
30.0216
49.3171
65.5639
-66.5447
-45.5553
-27.1134
-8.23981
10.2952
28.4267
46.7181
62.0756
-62.8059
-42.9953
-25.6102
-7.78485
9.73402
26.8791
44.1911
58.6834
-59.1792
-40.5105
-24.1481
-7.33938
9.19256
25.3786
41.736
55.387
-55.6638
-38.1006
-22.7272
-6.9037
8.67054
23.9247
39.3527
52.1867
-52.2592
-35.7656
-21.3476
-6.47809
8.16762
22.5173
37.0413
49.0823
-48.9648
-33.5051
-20.0095
-6.06283
7.68348
21.1561
34.8017
46.0738
-45.7799
-31.3188
-18.7128
-5.65818
7.21782
19.8409
32.6337
43.1613
-42.704
-29.2065
-17.4578
-5.26439
6.77033
18.5713
30.5374
40.3446
-39.7365
-27.1681
-16.2444
-4.88171
6.34072
17.3472
28.5127
37.6237
-36.8767
-25.2031
-15.0728
-4.51035
5.92869
16.1681
26.5594
34.9986
-34.1243
-23.3114
-13.9429
-4.15055
5.53399
15.034
24.6775
32.4692
-31.4786
-21.4928
-12.855
-3.8025
5.15633
13.9446
22.8669
30.0354
-28.9391
-19.747
-11.809
-3.46642
4.79546
12.8995
21.1275
27.6973
-26.5053
-18.0737
-10.8049
-3.14247
4.45113
11.8987
19.4592
25.4547
-24.1767
-16.4727
-9.8428
-2.83085
4.1231
10.9417
17.8619
23.3075
-21.9529
-14.9438
-8.92271
-2.53171
3.81114
10.0285
16.3354
21.2558
-19.8332
-13.4867
-8.04463
-2.24522
3.51503
9.15877
14.8797
19.2993
-17.8174
-12.1013
-7.20859
-1.97152
3.23455
8.33228
13.4946
17.438
-15.905
-10.7872
-6.41458
-1.71075
2.9695
7.54885
12.18
15.6719
-14.0954
-9.5443
-5.6626
-1.46304
2.71968
6.80828
10.9359
14.0007
-12.3883
-8.37232
-4.95263
-1.22849
2.48492
6.11037
9.76202
12.4246
-10.7833
-7.27105
-4.28466
-1.00723
2.26502
5.45491
8.65834
10.9432
-9.27987
-6.24026
-3.65866
-0.799338
2.05982
4.84172
7.62467
9.55665
-7.8777
-5.27971
-3.07457
-0.604904
1.86915
4.27057
6.66083
8.26464
-6.5763
-4.38913
-2.53232
-0.424008
1.69283
3.74127
5.76665
7.06706
-5.37523
-3.56822
-2.03179
-0.256695
1.53071
3.25357
4.9419
5.9637
-4.27397
-2.81662
-1.57279
-0.102956
1.38255
2.8071
4.18626
4.95433
-3.27195
-2.13385
-1.15498
0.0372699
1.2481
2.40142
3.49932
4.03864
-2.36851
-1.51925
-0.777875
0.16411
1.12704
2.03592
2.88044
3.21624
-1.5629
-0.9719
-0.440654
0.277815
1.0189
1.70966
2.32872
2.48672
-0.854341
-0.49049
-0.142048
0.378821
0.92299
1.4212
1.84284
1.84973
-0.24228
-0.073171
0.119882
0.467804
0.838271
1.16836
1.42085
1.30527
0.273134
0.282622
0.347926
0.545702
0.763304
0.948045
1.06004
0.854266
0.69038
0.580174
0.545429
0.613355
0.696116
0.756189
0.756897
0.499607
1.0027
0.820682
0.712784
0.668315
0.632227
0.587317
0.50757
0.245547
1.21634
1.01014
0.855333
0.714939
0.574206
0.441106
0.309208
0.0972304
1.30543
1.20106
1.04577
0.836917
0.591202
0.348125
0.139753
0.0516376
)
;
    }
    front
    {
        type            calculated;
        value           nonuniform List<scalar> 
640
(
-386.775
-250.543
-134.067
-27.2823
74.9949
175.451
271.792
364.933
-311.182
-203.673
-107.422
-22.9236
52.1023
123.398
192.068
258.77
-300.008
-200.089
-109.371
-26.1754
49.7598
121.575
190.515
256.75
-295.659
-198.034
-110.337
-27.9637
48.718
121.127
190.487
257.5
-292.019
-195.331
-109.524
-28.4382
47.6977
119.774
189.051
255.815
-287.804
-192.43
-108.123
-28.3319
46.8833
118.319
187.182
252.763
-282.683
-189.095
-106.359
-27.9574
46.0984
116.595
184.638
248.644
-276.764
-185.314
-104.341
-27.4673
45.2351
114.531
181.428
243.719
-270.243
-181.166
-102.138
-26.9361
44.2551
112.152
177.69
238.23
-263.309
-176.744
-99.8023
-26.3953
43.1603
109.52
173.574
232.377
-256.119
-172.136
-97.3742
-25.8568
41.9736
106.708
169.213
226.315
-248.792
-167.419
-94.8881
-25.323
40.7237
103.782
164.71
220.148
-241.418
-162.647
-92.3696
-24.7925
39.4377
100.795
160.137
213.95
-234.057
-157.863
-89.8378
-24.2628
38.1376
97.7873
155.546
207.766
-226.752
-153.097
-87.3061
-23.7312
36.8397
94.7857
150.97
201.627
-219.529
-148.369
-84.7841
-23.196
35.5552
91.8087
146.432
195.552
-212.408
-143.692
-82.2784
-22.6563
34.2918
88.8682
141.943
189.55
-205.399
-139.075
-79.7939
-22.1116
33.0538
85.9712
137.514
183.63
-198.509
-134.524
-77.3339
-21.5622
31.8438
83.1221
133.147
177.796
-191.743
-130.044
-74.9011
-21.0085
30.6631
80.3233
128.846
172.049
-185.103
-125.637
-72.4975
-20.4513
29.5119
77.5758
124.614
166.392
-178.59
-121.305
-70.1246
-19.8915
28.3903
74.8801
120.449
160.826
-172.205
-117.048
-67.7837
-19.3299
27.2979
72.2365
116.354
155.351
-165.946
-112.869
-65.4759
-18.7673
26.2343
69.6449
112.328
149.967
-159.815
-108.766
-63.2021
-18.2045
25.1989
67.1051
108.372
144.676
-153.81
-104.741
-60.963
-17.6422
24.1912
64.6169
104.486
139.478
-147.932
-100.794
-58.7592
-17.0813
23.2107
62.1801
100.671
134.373
-142.178
-96.9245
-56.5915
-16.5221
22.257
59.7946
96.9256
129.362
-136.549
-93.1331
-54.4602
-15.9655
21.3296
57.4602
93.2513
124.444
-131.044
-89.4196
-52.3658
-15.4119
20.4281
55.1766
89.6479
119.62
-125.662
-85.7841
-50.3089
-14.8618
19.5519
52.9437
86.1155
114.89
-120.403
-82.2265
-48.2896
-14.3158
18.7008
50.7613
82.6545
110.256
-115.264
-78.7466
-46.3086
-13.7744
17.8743
48.6291
79.2649
105.715
-110.247
-75.3443
-44.3659
-13.2379
17.072
46.547
75.9468
101.27
-105.349
-72.0196
-42.462
-12.7069
16.2935
44.5148
72.7004
96.9206
-100.571
-68.7722
-40.5972
-12.1818
15.5384
42.5321
69.5257
92.6662
-95.9106
-65.602
-38.7717
-11.663
14.8064
40.5988
66.4229
88.5072
-91.3683
-62.5089
-36.9858
-11.1508
14.097
38.7146
63.392
84.4438
-86.9429
-59.4925
-35.2397
-10.6458
13.4098
36.8793
60.433
80.4762
-82.6338
-56.5527
-33.5336
-10.1482
12.7446
35.0926
57.5461
76.6043
-78.44
-53.6893
-31.8677
-9.6585
12.1009
33.3543
54.7311
72.8282
-74.3611
-50.9021
-30.2423
-9.17696
11.4783
31.6641
51.9881
69.1481
-70.3962
-48.1909
-28.6575
-8.70395
10.8765
30.0216
49.3171
65.5639
-66.5447
-45.5553
-27.1134
-8.23981
10.2952
28.4267
46.7181
62.0756
-62.8059
-42.9953
-25.6102
-7.78484
9.73401
26.8791
44.1911
58.6834
-59.1792
-40.5105
-24.1481
-7.33938
9.19256
25.3786
41.736
55.387
-55.6638
-38.1006
-22.7272
-6.9037
8.67054
23.9247
39.3527
52.1867
-52.2592
-35.7656
-21.3476
-6.47809
8.16762
22.5173
37.0413
49.0823
-48.9648
-33.5051
-20.0095
-6.06283
7.68348
21.1561
34.8017
46.0739
-45.7799
-31.3188
-18.7128
-5.65818
7.21782
19.8409
32.6337
43.1613
-42.704
-29.2065
-17.4578
-5.2644
6.77033
18.5713
30.5374
40.3446
-39.7365
-27.1681
-16.2444
-4.88171
6.34071
17.3472
28.5127
37.6237
-36.8767
-25.2031
-15.0728
-4.51036
5.92869
16.1681
26.5594
34.9986
-34.1243
-23.3114
-13.9429
-4.15055
5.53399
15.034
24.6775
32.4692
-31.4786
-21.4928
-12.855
-3.80251
5.15633
13.9446
22.8669
30.0354
-28.9391
-19.747
-11.809
-3.46642
4.79546
12.8995
21.1275
27.6973
-26.5053
-18.0737
-10.8049
-3.14247
4.45113
11.8987
19.4592
25.4547
-24.1767
-16.4727
-9.8428
-2.83085
4.1231
10.9417
17.8619
23.3075
-21.9529
-14.9438
-8.92271
-2.53171
3.81113
10.0285
16.3354
21.2558
-19.8332
-13.4867
-8.04463
-2.24522
3.51503
9.15876
14.8797
19.2993
-17.8174
-12.1013
-7.20859
-1.97152
3.23455
8.33228
13.4946
17.438
-15.905
-10.7872
-6.41458
-1.71075
2.9695
7.54885
12.18
15.6719
-14.0954
-9.5443
-5.6626
-1.46303
2.71968
6.80827
10.9359
14.0007
-12.3883
-8.37232
-4.95263
-1.22849
2.48492
6.11036
9.76202
12.4246
-10.7833
-7.27105
-4.28466
-1.00723
2.26502
5.45491
8.65834
10.9432
-9.27987
-6.24026
-3.65866
-0.799337
2.05982
4.84172
7.62466
9.55665
-7.87769
-5.27971
-3.07457
-0.604903
1.86915
4.27057
6.66083
8.26464
-6.5763
-4.38913
-2.53232
-0.424007
1.69283
3.74127
5.76665
7.06706
-5.37523
-3.56822
-2.03179
-0.256695
1.53071
3.25357
4.9419
5.9637
-4.27396
-2.81662
-1.57279
-0.102956
1.38255
2.8071
4.18626
4.95433
-3.27194
-2.13385
-1.15498
0.0372693
1.2481
2.40142
3.49932
4.03864
-2.36851
-1.51925
-0.777873
0.16411
1.12704
2.03592
2.88044
3.21624
-1.5629
-0.971898
-0.440653
0.277814
1.0189
1.70966
2.32872
2.48672
-0.854344
-0.490489
-0.142048
0.37882
0.92299
1.4212
1.84284
1.84973
-0.242284
-0.0731717
0.119883
0.467802
0.838271
1.16836
1.42085
1.30527
0.273134
0.282621
0.347926
0.5457
0.763305
0.948047
1.06004
0.854268
0.690383
0.580172
0.545428
0.613354
0.696116
0.756191
0.756896
0.499607
1.0027
0.820679
0.712782
0.668314
0.632228
0.58732
0.507572
0.245537
1.21633
1.01014
0.85533
0.714937
0.574206
0.441109
0.309215
0.0972322
1.30543
1.20106
1.04576
0.836911
0.5912
0.348129
0.139764
0.0516252
)
;
    }
    top
    {
        type            calculated;
        value           nonuniform List<scalar> 
640
(
376.341
397.576
430.552
445.104
445.104
430.552
397.576
376.341
299.073
316.284
330.405
334.701
334.701
330.405
316.284
299.073
298.163
314.778
326.02
330.159
330.159
326.02
314.778
298.163
299.036
311.771
320.93
324.923
324.923
320.93
311.771
299.036
296.335
304.892
311.566
314.8
314.8
311.566
304.892
296.335
292.137
297.497
301.943
304.273
304.273
301.943
297.497
292.137
287.002
290.062
292.791
294.327
294.327
292.791
290.062
287.002
281.211
282.689
284.18
285.096
285.096
284.18
282.689
281.211
274.991
275.425
276.06
276.524
276.524
276.06
275.425
274.991
268.514
268.275
268.338
268.485
268.485
268.338
268.275
268.514
261.901
261.237
260.924
260.856
260.856
260.924
261.237
261.901
255.234
254.299
253.746
253.536
253.536
253.746
254.299
255.234
248.561
247.454
246.749
246.447
246.447
246.749
247.454
248.561
241.914
240.694
239.893
239.534
239.534
239.893
240.694
241.914
235.309
234.012
233.153
232.758
232.758
233.153
234.012
235.309
228.757
227.405
226.51
226.094
226.094
226.51
227.405
228.757
222.267
220.872
219.955
219.527
219.527
219.955
220.872
222.267
215.84
214.412
213.481
213.047
213.047
213.481
214.412
215.84
209.482
208.026
207.087
206.649
206.649
207.087
208.026
209.482
203.193
201.714
200.77
200.331
200.331
200.77
201.714
203.193
196.976
195.478
194.531
194.093
194.093
194.531
195.478
196.976
190.832
189.318
188.371
187.935
187.935
188.371
189.318
190.832
184.762
183.236
182.291
181.857
181.857
182.291
183.236
184.762
178.769
177.234
176.292
175.86
175.86
176.292
177.234
178.769
172.854
171.314
170.375
169.947
169.947
170.375
171.314
172.854
167.018
165.475
164.542
164.118
164.118
164.542
165.475
167.018
161.263
159.721
158.795
158.375
158.375
158.795
159.721
161.263
155.589
154.051
153.133
152.718
152.718
153.133
154.051
155.589
150
148.468
147.56
147.15
147.15
147.56
148.468
150
144.495
142.973
142.075
141.671
141.671
142.075
142.973
144.495
139.077
137.567
136.681
136.283
136.283
136.681
137.567
139.077
133.746
132.251
131.378
130.987
130.987
131.378
132.251
133.746
128.505
127.027
126.168
125.784
125.784
126.168
127.027
128.505
123.353
121.895
121.051
120.674
120.674
121.051
121.895
123.353
118.294
116.857
116.029
115.66
115.66
116.029
116.857
118.294
113.327
111.914
111.102
110.741
110.741
111.102
111.914
113.327
108.454
107.066
106.273
105.92
105.92
106.273
107.066
108.454
103.676
102.316
101.541
101.196
101.196
101.541
102.316
103.676
98.995
97.664
96.9074
96.5721
96.5721
96.9074
97.664
98.995
94.4114
93.1109
92.3738
92.0475
92.0475
92.3738
93.1109
94.4114
89.9264
88.6577
87.9407
87.6237
87.6237
87.9407
88.6577
89.9264
85.5412
84.3055
83.6091
83.3014
83.3014
83.6091
84.3055
85.5412
81.2568
80.0552
79.3797
79.0816
79.0816
79.3797
80.0552
81.2568
77.0741
75.9076
75.2534
74.9649
74.9649
75.2534
75.9076
77.0741
72.9943
71.8636
71.2309
70.9522
70.9522
71.2309
71.8636
72.9943
69.0181
67.924
67.3131
67.0442
67.0442
67.3131
67.924
69.0181
65.1467
64.0896
63.5007
63.2415
63.2415
63.5007
64.0896
65.1467
61.3807
60.3612
59.7943
59.5449
59.5449
59.7943
60.3612
61.3807
57.7211
56.7395
56.1946
55.955
55.955
56.1946
56.7395
57.7211
54.1688
53.2251
52.7022
52.4725
52.4725
52.7022
53.2251
54.1688
50.7243
49.8188
49.3178
49.0978
49.0978
49.3178
49.8188
50.7243
47.3886
46.5211
46.042
45.8315
45.8315
46.042
46.5211
47.3886
44.1622
43.3327
42.8751
42.6742
42.6742
42.8751
43.3327
44.1622
41.0459
40.2541
39.8179
39.6263
39.6263
39.8179
40.2541
41.0459
38.0402
37.2857
36.8706
36.6883
36.6883
36.8706
37.2857
38.0402
35.1457
34.4282
34.0339
33.8607
33.8607
34.0339
34.4282
35.1457
32.3631
31.682
31.308
31.1437
31.1437
31.308
31.682
32.3631
29.6927
29.0474
28.6934
28.5378
28.5378
28.6934
29.0474
29.6927
27.135
26.5249
26.1903
26.0433
26.0433
26.1903
26.5249
27.135
24.6905
24.1147
23.7992
23.6604
23.6604
23.7992
24.1147
24.6905
22.3595
21.8172
21.5202
21.3895
21.3895
21.5202
21.8172
22.3595
20.1423
19.6327
19.3536
19.2307
19.2307
19.3536
19.6327
20.1423
18.0395
17.5615
17.2997
17.1843
17.1843
17.2997
17.5615
18.0395
16.0511
15.6037
15.3587
15.2506
15.2506
15.3587
15.6037
16.0511
14.1773
13.7595
13.5306
13.4295
13.4295
13.5306
13.7595
14.1773
12.4184
12.029
11.8155
11.7212
11.7212
11.8155
12.029
12.4184
10.7745
10.4123
10.2137
10.1258
10.1258
10.2137
10.4123
10.7745
9.24566
8.90957
8.72514
8.64347
8.64347
8.72514
8.90957
9.24566
7.83193
7.52076
7.34993
7.27425
7.27425
7.34993
7.52076
7.83193
6.53334
6.24596
6.08822
6.01838
6.01838
6.08822
6.24596
6.53334
5.34983
5.08528
4.94027
4.87618
4.87618
4.94027
5.08528
5.34983
4.28136
4.03892
3.90649
3.84821
3.84821
3.90649
4.03892
4.28136
3.32797
3.10738
2.98771
2.93541
2.93541
2.98771
3.10737
3.32797
2.48995
2.29168
2.18538
2.13943
2.13943
2.18538
2.29168
2.48995
1.76826
1.59391
1.50209
1.46298
1.46297
1.50209
1.59391
1.76826
1.16501
1.01785
0.942118
0.910409
0.910407
0.942115
1.01785
1.16501
0.684033
0.569506
0.511911
0.488125
0.488125
0.511913
0.569511
0.68404
0.331415
0.257139
0.220654
0.205241
0.205251
0.220667
0.257149
0.331408
0.106534
0.0858337
0.0753629
0.0688088
0.0688238
0.0753784
0.0858313
0.10653
-0.0189477
0.0192715
0.0343788
0.0362785
0.0362631
0.0343642
0.0192723
-0.0189647
)
;
    }
    bottom
    {
        type            calculated;
        value           nonuniform List<scalar> 
640
(
-464.593
-461.527
-471.214
-476.22
-476.22
-471.214
-461.527
-464.593
-373.41
-389.153
-396.683
-399.079
-399.079
-396.683
-389.153
-373.41
-357.549
-373.474
-381.816
-384.692
-384.692
-381.816
-373.474
-357.549
-349.234
-362.247
-370.215
-373.334
-373.334
-370.215
-362.247
-349.234
-342.226
-351.595
-358.126
-360.967
-360.967
-358.126
-351.595
-342.226
-334.959
-341.496
-346.485
-348.827
-348.827
-346.485
-341.496
-334.959
-327.051
-331.594
-335.293
-337.119
-337.119
-335.293
-331.594
-327.051
-318.593
-321.8
-324.535
-325.923
-325.923
-324.535
-321.8
-318.593
-309.75
-312.105
-314.164
-315.217
-315.217
-314.164
-312.105
-309.75
-300.679
-302.512
-304.117
-304.932
-304.932
-304.117
-302.512
-300.679
-291.504
-293.033
-294.343
-294.996
-294.996
-294.343
-293.033
-291.504
-282.319
-283.684
-284.807
-285.354
-285.354
-284.807
-283.684
-282.319
-273.192
-274.477
-275.487
-275.965
-275.965
-275.487
-274.477
-273.192
-264.169
-265.427
-266.369
-266.804
-266.804
-266.369
-265.427
-264.169
-255.282
-256.541
-257.443
-257.852
-257.852
-257.443
-256.541
-255.282
-246.55
-247.826
-248.705
-249.097
-249.097
-248.705
-247.826
-246.55
-237.985
-239.285
-240.151
-240.534
-240.534
-240.151
-239.285
-237.985
-229.593
-230.921
-231.779
-232.155
-232.155
-231.779
-230.921
-229.593
-221.38
-222.733
-223.587
-223.959
-223.959
-223.587
-222.733
-221.38
-213.345
-214.723
-215.572
-215.941
-215.941
-215.572
-214.723
-213.345
-205.488
-206.888
-207.733
-208.098
-208.098
-207.733
-206.888
-205.488
-197.809
-199.227
-200.068
-200.43
-200.43
-200.068
-199.227
-197.809
-190.306
-191.739
-192.574
-192.933
-192.933
-192.574
-191.739
-190.306
-182.978
-184.421
-185.251
-185.605
-185.605
-185.251
-184.421
-182.978
-175.823
-177.273
-178.095
-178.445
-178.445
-178.095
-177.273
-175.823
-168.838
-170.291
-171.105
-171.451
-171.451
-171.105
-170.291
-168.838
-162.022
-163.475
-164.279
-164.62
-164.62
-164.279
-163.475
-162.022
-155.373
-156.823
-157.615
-157.951
-157.951
-157.615
-156.823
-155.373
-148.888
-150.331
-151.112
-151.442
-151.442
-151.112
-150.331
-148.888
-142.567
-144
-144.767
-145.092
-145.092
-144.767
-144
-142.567
-136.406
-137.826
-138.58
-138.898
-138.898
-138.58
-137.826
-136.406
-130.405
-131.809
-132.548
-132.859
-132.859
-132.548
-131.809
-130.405
-124.56
-125.945
-126.669
-126.973
-126.973
-126.669
-125.945
-124.56
-118.871
-120.235
-120.942
-121.239
-121.239
-120.942
-120.235
-118.871
-113.335
-114.675
-115.365
-115.655
-115.655
-115.365
-114.675
-113.335
-107.95
-109.265
-109.936
-110.218
-110.218
-109.936
-109.265
-107.95
-102.715
-104.001
-104.655
-104.929
-104.929
-104.655
-104.001
-102.715
-97.628
-98.8842
-99.5187
-99.7842
-99.7842
-99.5187
-98.8842
-97.628
-92.6866
-93.9111
-94.5262
-94.7833
-94.7833
-94.5262
-93.9111
-92.6866
-87.8895
-89.0807
-89.6758
-89.9243
-89.9243
-89.6758
-89.0807
-87.8895
-83.2349
-84.3913
-84.9661
-85.2058
-85.2058
-84.9661
-84.3913
-83.2349
-78.721
-79.8414
-80.3955
-80.6264
-80.6264
-80.3955
-79.8414
-78.721
-74.3464
-75.4294
-75.9627
-76.1846
-76.1846
-75.9627
-75.4294
-74.3464
-70.1092
-71.154
-71.6661
-71.879
-71.879
-71.6661
-71.154
-70.1092
-66.0079
-67.0136
-67.5044
-67.7083
-67.7082
-67.5044
-67.0136
-66.0079
-62.0411
-63.0068
-63.4761
-63.6709
-63.6709
-63.4761
-63.0068
-62.0411
-58.207
-59.1322
-59.5801
-59.7658
-59.7658
-59.5801
-59.1322
-58.207
-54.5043
-55.3885
-55.8149
-55.9915
-55.9915
-55.8149
-55.3885
-54.5043
-50.9316
-51.7744
-52.1793
-52.3468
-52.3468
-52.1793
-51.7744
-50.9316
-47.4873
-48.2886
-48.6721
-48.8305
-48.8305
-48.6721
-48.2886
-47.4873
-44.1702
-44.9298
-45.292
-45.4415
-45.4415
-45.292
-44.9298
-44.1702
-40.9789
-41.6968
-42.0379
-42.1785
-42.1785
-42.0379
-41.6968
-40.9789
-37.9121
-38.5885
-38.9086
-39.0404
-39.0404
-38.9086
-38.5885
-37.9121
-34.9685
-35.6036
-35.903
-36.0261
-36.0261
-35.903
-35.6036
-34.9685
-32.147
-32.7412
-33.0201
-33.1347
-33.1347
-33.0201
-32.7412
-32.147
-29.4464
-30
-30.2588
-30.3649
-30.3649
-30.2588
-30
-29.4464
-26.8656
-27.3791
-27.6181
-27.716
-27.716
-27.6181
-27.3791
-26.8656
-24.4034
-24.8774
-25.0971
-25.1868
-25.1868
-25.0971
-24.8774
-24.4034
-22.0588
-22.494
-22.6947
-22.7764
-22.7764
-22.6947
-22.494
-22.0588
-19.8307
-20.228
-20.4101
-20.4841
-20.4841
-20.4101
-20.228
-19.8307
-17.7183
-18.0784
-18.2424
-18.3088
-18.3088
-18.2424
-18.0784
-17.7183
-15.7206
-16.0444
-16.1908
-16.2498
-16.2498
-16.1908
-16.0444
-15.7206
-13.8366
-14.1251
-14.2544
-14.3062
-14.3062
-14.2544
-14.1251
-13.8366
-12.0656
-12.3198
-12.4324
-12.4773
-12.4773
-12.4324
-12.3198
-12.0656
-10.4066
-10.6275
-10.7241
-10.7624
-10.7624
-10.7241
-10.6275
-10.4066
-8.85891
-9.04767
-9.12882
-9.16064
-9.16064
-9.12882
-9.04767
-8.85891
-7.42176
-7.57953
-7.64582
-7.67147
-7.67147
-7.64582
-7.57953
-7.42176
-6.0944
-6.22239
-6.27449
-6.29428
-6.29428
-6.27449
-6.22239
-6.0944
-4.87612
-4.97563
-5.01426
-5.02854
-5.02854
-5.01426
-4.97563
-4.87612
-3.76622
-3.83865
-3.86468
-3.87386
-3.87386
-3.86468
-3.83865
-3.76622
-2.76405
-2.81098
-2.82542
-2.83003
-2.83003
-2.82542
-2.81098
-2.76405
-1.86905
-1.89236
-1.89648
-1.89718
-1.89718
-1.89649
-1.89236
-1.86905
-1.08093
-1.08291
-1.07831
-1.07588
-1.07588
-1.07831
-1.08291
-1.08093
-0.399898
-0.383463
-0.372128
-0.367527
-0.367528
-0.372128
-0.383462
-0.399903
0.172776
0.203845
0.219505
0.225247
0.225246
0.219508
0.203847
0.172773
0.633853
0.674765
0.692075
0.697978
0.697977
0.692078
0.674768
0.633857
0.976019
1.02111
1.03737
1.04268
1.04268
1.03737
1.02111
0.976027
1.18932
1.23084
1.24305
1.24728
1.24728
1.24305
1.23084
1.18933
1.25648
1.2858
1.29179
1.29531
1.29531
1.29179
1.28579
1.25648
1.23092
1.231
1.23119
1.23584
1.23584
1.23118
1.231
1.23092
)
;
    }
}


// ************************************************************************* //
