/*--------------------------------*- C++ -*----------------------------------*\
| =========                 |                                                 |
| \\      /  F ield         | foam-extend: Open Source CFD                    |
|  \\    /   O peration     | Version:     4.1                                |
|   \\  /    A nd           | Web:         http://www.foam-extend.org         |
|    \\/     M anipulation  |                                                 |
\*---------------------------------------------------------------------------*/
FoamFile
{
    version     2.0;
    format      ascii;
    class       volVectorField;
    location    "0.191";
    object      traction;
}
// * * * * * * * * * * * * * * * * * * * * * * * * * * * * * * * * * * * * * //

dimensions      [1 -1 -2 0 0 0 0];

internalField   uniform (0 0 0);

boundaryField
{
    left
    {
        type            calculated;
        value           nonuniform List<vector> 
64
(
(-1189.71 -163.414 -124.166)
(-1064.03 -141.644 -162.138)
(-1077.11 -76.9607 -188.803)
(-1088.63 -23.6857 -200.363)
(-1088.63 23.6857 -200.363)
(-1077.11 76.9607 -188.803)
(-1064.03 141.644 -162.138)
(-1189.71 163.414 -124.166)
(-698.529 -116.081 -47.9746)
(-613.437 -101.714 -85.6618)
(-616.34 -53.2717 -103.461)
(-618.797 -15.8924 -110.885)
(-618.797 15.8924 -110.885)
(-616.34 53.2717 -103.461)
(-613.437 101.714 -85.6618)
(-698.529 116.081 -47.9746)
(-373.013 -66.6043 23.2798)
(-332.457 -62.3174 -5.21253)
(-338.935 -32.7297 -9.91541)
(-341.478 -9.62693 -11.6989)
(-341.478 9.62693 -11.6989)
(-338.935 32.7297 -9.91541)
(-332.457 62.3174 -5.21253)
(-373.013 66.6043 23.2798)
(-82.1317 -13.7694 56.0475)
(-82.6938 -11.9025 29.0891)
(-87.5311 -5.78237 30.4857)
(-89.0722 -1.57548 31.5397)
(-89.0722 1.57548 31.5397)
(-87.5311 5.78237 30.4857)
(-82.6938 11.9025 29.0891)
(-82.1317 13.7694 56.0475)
(190.129 31.1796 58.5519)
(148.716 40.7102 28.4132)
(147.577 23.0608 27.987)
(147.519 7.04521 28.2111)
(147.519 -7.04521 28.2111)
(147.577 -23.0608 27.987)
(148.716 -40.7102 28.4132)
(190.129 -31.1796 58.5519)
(451.396 60.5954 33.4977)
(369.759 86.2149 -4.89543)
(371.678 48.4011 -14.9422)
(373.144 14.6682 -19.2299)
(373.144 -14.6682 -19.2299)
(371.678 -48.4011 -14.9422)
(369.759 -86.2149 -4.89543)
(451.396 -60.5954 33.4977)
(707.751 68.748 -14.1042)
(584.946 116.222 -64.9444)
(586.194 65.5252 -88.7196)
(588.563 19.9503 -99.1487)
(588.563 -19.9503 -99.1487)
(586.194 -65.5252 -88.7196)
(584.946 -116.222 -64.9444)
(707.751 -68.748 -14.1042)
(1041.56 52.9612 -11.6766)
(913.618 137.263 -43.1693)
(936.894 79.3879 -54.7537)
(952.458 24.4951 -58.5194)
(952.458 -24.4951 -58.5194)
(936.894 -79.3879 -54.7537)
(913.618 -137.263 -43.1693)
(1041.56 -52.9612 -11.6766)
)
;
    }
    right
    {
        type            calculated;
        value           nonuniform List<vector> 
64
(
(-0.617134 0.00327722 1.46327)
(-0.619275 -0.00121621 1.46836)
(-0.617632 -0.00364648 1.46446)
(-0.616875 -0.00170838 1.46266)
(-0.616875 0.00170831 1.46266)
(-0.617632 0.00364649 1.46446)
(-0.619275 0.00121637 1.46836)
(-0.617134 -0.00327721 1.46327)
(-0.569708 -0.00698649 1.35109)
(-0.58576 -0.017048 1.38912)
(-0.58453 -0.0163731 1.38618)
(-0.583478 -0.00642547 1.38367)
(-0.583479 0.00642522 1.38367)
(-0.584531 0.0163731 1.38618)
(-0.585762 0.0170482 1.38912)
(-0.569708 0.00698667 1.35109)
(-0.471651 -0.0242552 1.11881)
(-0.493425 -0.0465776 1.17038)
(-0.493432 -0.0354642 1.17036)
(-0.492699 -0.0127929 1.1686)
(-0.492699 0.0127928 1.1686)
(-0.493432 0.0354642 1.17036)
(-0.493426 0.0465776 1.17038)
(-0.47165 0.0242552 1.1188)
(-0.337979 -0.0361695 0.801846)
(-0.3552 -0.0666706 0.842629)
(-0.354581 -0.0483183 0.841124)
(-0.354456 -0.0170419 0.840809)
(-0.354456 0.0170419 0.840808)
(-0.354581 0.0483183 0.841123)
(-0.3552 0.0666706 0.842629)
(-0.337978 0.0361696 0.801845)
(-0.201181 -0.0355277 0.477297)
(-0.206198 -0.0652283 0.489158)
(-0.20439 -0.0471534 0.484847)
(-0.204893 -0.0166962 0.486028)
(-0.204893 0.0166962 0.486027)
(-0.20439 0.0471534 0.484846)
(-0.206197 0.0652284 0.489157)
(-0.20118 0.0355277 0.477296)
(-0.0902535 -0.0221944 0.214091)
(-0.0828708 -0.0423505 0.196569)
(-0.0807746 -0.0321378 0.191588)
(-0.081841 -0.0118056 0.194113)
(-0.0818414 0.0118056 0.194114)
(-0.0807749 0.0321377 0.191589)
(-0.0828707 0.0423505 0.196569)
(-0.090254 0.0221944 0.214092)
(-0.0278785 -0.0036269 0.0661128)
(-0.015269 -0.0116277 0.03621)
(-0.0156652 -0.0124052 0.0371485)
(-0.0174345 -0.00531188 0.0413434)
(-0.0174339 0.00531278 0.041342)
(-0.0156644 0.0124047 0.0371466)
(-0.0152693 0.0116274 0.0362106)
(-0.0278783 0.00362695 0.0661123)
(-0.00610316 0.00585423 0.0144619)
(0.00130218 0.0012983 -0.00310257)
(0.00102992 -0.00188751 -0.00245589)
(0.000614517 -0.00123541 -0.00147088)
(0.000614668 0.00123571 -0.00147129)
(0.00102947 0.00188741 -0.00245486)
(0.00129938 -0.00129849 -0.00309589)
(-0.00610322 -0.00585464 0.014462)
)
;
    }
    back
    {
        type            calculated;
        value           nonuniform List<vector> 
640
(
(-52.8785 2.45269 -2.83824)
(-26.4147 0.990221 -0.7409)
(-8.99264 0.221137 0.728091)
(-0.993915 0.00631317 0.139257)
(-4.17513 -0.099753 -1.41651)
(-18.4953 -0.766502 -2.37003)
(-42.4266 -2.49642 -1.71438)
(-78.3155 -6.0189 -2.12914)
(-15.716 0.260564 -0.723587)
(-5.0525 0.0361554 -0.521772)
(-0.7614 -0.00508492 -0.361103)
(0.23798 -0.0102668 -0.422979)
(-0.707834 -0.0144732 -0.442227)
(-3.43366 -0.0400712 -0.388817)
(-8.8143 -0.13417 -0.235068)
(-17.6211 -0.394846 -0.394482)
(-5.844 0.0321322 -0.507848)
(-0.893994 -0.0111771 -0.603826)
(0.84749 -0.0122064 -0.50684)
(0.796082 -0.0116743 -0.483713)
(0.309349 -0.00955965 -0.3855)
(-0.432801 -0.00681124 -0.255828)
(-2.14684 -0.0104273 -0.16222)
(-4.59908 -0.0267407 -0.152881)
(-2.42359 0.00106777 -0.366954)
(-0.106137 -0.0142812 -0.572369)
(0.952108 -0.0140827 -0.525469)
(0.998574 -0.0131876 -0.500134)
(0.733429 -0.0111889 -0.426703)
(0.326795 -0.00844256 -0.332769)
(-0.427059 -0.00678214 -0.27438)
(-1.17377 -0.00322054 -0.115405)
(-0.657081 -0.00456092 -0.242029)
(0.447809 -0.0144475 -0.51022)
(1.02545 -0.0146158 -0.505149)
(1.11529 -0.0141852 -0.495204)
(1.00995 -0.0125725 -0.438544)
(0.853304 -0.0102904 -0.355882)
(0.671766 -0.00792691 -0.272876)
(0.582183 -0.00200705 -0.0301314)
(0.373389 -0.00424808 -0.128554)
(0.86562 -0.0131806 -0.428198)
(1.12158 -0.0138613 -0.451334)
(1.18835 -0.0142308 -0.465154)
(1.18736 -0.0133577 -0.426308)
(1.22643 -0.0118347 -0.347575)
(1.37294 -0.0101482 -0.238303)
(1.63436 -0.00473934 0.0642543)
(0.971177 -0.00262019 -0.0327494)
(1.12977 -0.011508 -0.347498)
(1.19378 -0.0125881 -0.386764)
(1.22855 -0.0136078 -0.419887)
(1.28722 -0.0134012 -0.394789)
(1.44153 -0.0125632 -0.317754)
(1.74115 -0.0116351 -0.19382)
(2.16417 -0.00710043 0.143546)
(1.30461 -0.00103841 0.0444641)
(1.28018 -0.0099019 -0.275563)
(1.23377 -0.0111935 -0.322731)
(1.24275 -0.0126122 -0.368028)
(1.33057 -0.0128597 -0.351666)
(1.53997 -0.0124872 -0.275929)
(1.8959 -0.0120631 -0.147139)
(2.36535 -0.00811696 0.203986)
(1.47655 0.000181532 0.105214)
(1.35341 -0.00849837 -0.213708)
(1.24563 -0.00984836 -0.263618)
(1.23682 -0.0114591 -0.315288)
(1.33503 -0.0119713 -0.304066)
(1.56275 -0.011877 -0.230221)
(1.92666 -0.0117471 -0.1031)
(2.38867 -0.0081471 0.248574)
(1.55153 0.0010467 0.152587)
(1.37698 -0.00730673 -0.161151)
(1.23663 -0.00861781 -0.210778)
(1.21618 -0.010284 -0.264982)
(1.31427 -0.010932 -0.256785)
(1.54057 -0.0109953 -0.185591)
(1.89096 -0.0110404 -0.0638448)
(2.32598 -0.00767673 0.281402)
(1.5693 0.00163865 0.189529)
(1.36996 -0.00629666 -0.116464)
(1.21346 -0.00751828 -0.164225)
(1.1854 -0.00916124 -0.21874)
(1.27813 -0.00986907 -0.212471)
(1.49383 -0.010023 -0.144481)
(1.82299 -0.0101835 -0.0298154)
(2.22661 -0.00701872 0.30583)
(1.5537 0.00203542 0.21841)
(1.34453 -0.00543441 -0.0782805)
(1.18112 -0.00654671 -0.123484)
(1.148 -0.00812621 -0.17715)
(1.23325 -0.00885268 -0.172282)
(1.43501 -0.00906203 -0.107759)
(1.74164 -0.00930796 -0.000650249)
(2.11518 -0.00633223 0.324228)
(1.51883 0.0022952 0.241003)
(1.3082 -0.00469235 -0.0454846)
(1.14306 -0.0056929 -0.087951)
(1.10655 -0.00719104 -0.140223)
(1.18391 -0.00791489 -0.136493)
(1.37128 -0.00816097 -0.0754657)
(1.6567 -0.00847527 0.0242747)
(2.00315 -0.00568625 0.338161)
(1.473 0.00245813 0.258598)
(1.26557 -0.00404939 -0.0172116)
(1.10161 -0.00494435 -0.0570207)
(1.06286 -0.00635517 -0.107677)
(1.13273 -0.00706566 -0.104934)
(1.30655 -0.00733783 -0.0472772)
(1.57283 -0.00770824 0.0455775)
(1.89528 -0.00510405 0.348613)
(1.42115 0.00255132 0.272132)
(1.21945 -0.00348953 0.00720491)
(1.0583 -0.00428852 -0.0301383)
(1.01816 -0.00561194 -0.0791126)
(1.08127 -0.00630352 -0.0772446)
(1.24277 -0.00659484 -0.022764)
(1.49199 -0.00701091 0.0637734)
(1.79306 -0.00458809 0.356185)
(1.36621 0.00259321 0.282291)
(1.17156 -0.0030004 0.0282839)
(1.01417 -0.0037138 -0.0068159)
(0.973264 -0.00495237 -0.0541075)
(1.03041 -0.00562198 -0.0530187)
(1.18084 -0.00592719 -0.00150335)
(1.41477 -0.00637931 0.0792651)
(1.69653 -0.00413268 0.361254)
(1.30995 0.00259661 0.289592)
(1.123 -0.0025722 0.0464369)
(0.969903 -0.00320989 0.0133663)
(0.928701 -0.00436719 -0.032266)
(0.980612 -0.00501292 -0.0318695)
(1.12109 -0.00532761 0.0168778)
(1.34114 -0.00580687 0.0923633)
(1.60521 -0.0037299 0.36407)
(1.25344 0.00257066 0.294435)
(1.07443 -0.00219696 0.0619981)
(0.925961 -0.00276787 0.0307662)
(0.884825 -0.00384774 -0.0132364)
(0.93213 -0.00446829 -0.0134538)
(1.06357 -0.00478861 0.0326959)
(1.27087 -0.00528679 0.103313)
(1.51851 -0.00337206 0.364826)
(1.19738 0.00252213 0.297136)
(1.02633 -0.00186811 0.0752447)
(0.88266 -0.00238008 0.0456881)
(0.841864 -0.00338638 0.00328596)
(0.885082 -0.00398078 0.00252354)
(1.00823 -0.00430333 0.0462175)
(1.20366 -0.00481302 0.112318)
(1.43591 -0.00305262 0.363687)
(1.14218 0.00245612 0.297958)
(0.978971 -0.00158011 0.0864115)
(0.840212 -0.00203999 0.0583921)
(0.799967 -0.00297644 0.0175629)
(0.839521 -0.00354402 0.0163149)
(0.954997 -0.00386582 0.0576698)
(1.13928 -0.00438044 0.119551)
(1.35701 -0.00276621 0.360816)
(1.08812 0.00237664 0.297122)
(0.932568 -0.00132822 0.0957015)
(0.798767 -0.001742 0.0691026)
(0.75923 -0.0026122 0.02982)
(0.795469 -0.00315253 0.0281374)
(0.903781 -0.00347097 0.0672504)
(1.07752 -0.00398483 0.125172)
(1.2815 -0.00250854 0.356372)
(1.03537 0.00228688 0.294818)
(0.887252 -0.00110837 0.103294)
(0.758424 -0.00148126 0.0780153)
(0.719716 -0.0022887 0.0402535)
(0.752929 -0.00280157 0.0381804)
(0.854516 -0.00311447 0.0751347)
(1.01825 -0.00362265 0.129327)
(1.20919 -0.00227613 0.350514)
(0.984044 0.00218946 0.291216)
(0.843117 -0.000916992 0.109347)
(0.719252 -0.00125357 0.0853039)
(0.681464 -0.00200163 0.0490368)
(0.711899 -0.00248704 0.0466118)
(0.807144 -0.00279254 0.0814817)
(0.961341 -0.00329093 0.132154)
(1.13992 -0.00206614 0.343402)
(0.934208 0.00208654 0.286469)
(0.800224 -0.000750924 0.114008)
(0.681293 -0.00105522 0.091124)
(0.644497 -0.00174719 0.0563251)
(0.672371 -0.00220533 0.0535829)
(0.761621 -0.00250192 0.0864373)
(0.906727 -0.0029871 0.133783)
(1.07358 -0.00187618 0.335192)
(0.885905 0.00197994 0.280715)
(0.758615 -0.000607369 0.117407)
(0.644577 -0.000882943 0.095617)
(0.608829 -0.00152201 0.0622593)
(0.634333 -0.00195325 0.0592318)
(0.71791 -0.00223971 0.0901371)
(0.854344 -0.00270889 0.13434)
(1.01008 -0.0017042 0.326034)
(0.83916 0.00187121 0.274082)
(0.718317 -0.00048382 0.119667)
(0.609119 -0.000733804 0.0989127)
(0.574462 -0.00132307 0.0669684)
(0.597773 -0.00172793 0.0636857)
(0.675976 -0.00200329 0.0927074)
(0.804139 -0.00245426 0.133941)
(0.949365 -0.0015484 0.31607)
(0.793981 0.00176167 0.266688)
(0.679344 -0.000378022 0.120903)
(0.574924 -0.000605181 0.101131)
(0.541394 -0.00114765 0.0705718)
(0.562673 -0.00152677 0.0670626)
(0.635788 -0.0017903 0.0942666)
(0.756064 -0.00222137 0.132697)
(0.891352 -0.00140719 0.305436)
(0.750369 0.00165242 0.258643)
(0.641704 -0.000287943 0.12122)
(0.541991 -0.000494716 0.102384)
(0.509617 -0.000993276 0.0731805)
(0.529013 -0.0013474 0.0694727)
(0.597313 -0.0015986 0.0949251)
(0.710073 -0.00200852 0.130713)
(0.835979 -0.00127915 0.294258)
(0.70832 0.00154442 0.250051)
(0.605398 -0.000211746 0.120718)
(0.510315 -0.000400282 0.102775)
(0.479116 -0.000857729 0.0748979)
(0.496773 -0.0011877 0.0710185)
(0.560517 -0.00142621 0.0947866)
(0.66612 -0.00181413 0.128085)
(0.78318 -0.00116297 0.282652)
(0.667821 0.00143847 0.241007)
(0.570421 -0.000147774 0.119489)
(0.479885 -0.000319963 0.102401)
(0.449877 -0.000738977 0.0758205)
(0.465927 -0.00104569 0.0717958)
(0.525364 -0.00127132 0.0939474)
(0.624157 -0.00163674 0.124904)
(0.732885 -0.0010575 0.270727)
(0.62886 0.00133524 0.231599)
(0.536766 -9.45317e-05 0.117622)
(0.450687 -0.000252032 0.101353)
(0.42188 -0.000635183 0.0760384)
(0.436447 -0.000919579 0.071894)
(0.491815 -0.00113229 0.0924976)
(0.584135 -0.00147501 0.121253)
(0.685024 -0.000961673 0.258581)
(0.591417 0.00123527 0.221911)
(0.504421 -5.06689e-05 0.115197)
(0.422703 -0.000194937 0.0997153)
(0.395103 -0.000544677 0.0756357)
(0.408305 -0.000807747 0.0713963)
(0.459833 -0.00100759 0.0905205)
(0.546004 -0.00132766 0.117211)
(0.639524 -0.000874544 0.246305)
(0.555473 0.00113901 0.21202)
(0.473371 -1.49718e-05 0.112289)
(0.395913 -0.000147283 0.0975663)
(0.369522 -0.00046595 0.0746904)
(0.381468 -0.000708703 0.0703799)
(0.429375 -0.000895842 0.0880934)
(0.509709 -0.00119354 0.112847)
(0.596312 -0.000795248 0.233979)
(0.521004 0.00104681 0.201997)
(0.4436 1.36494e-05 0.108972)
(0.370298 -0.000107822 0.0949791)
(0.345112 -0.000397638 0.0732752)
(0.355906 -0.000621096 0.0689166)
(0.400399 -0.000795768 0.0852876)
(0.4752 -0.00107157 0.108227)
(0.555312 -0.000723009 0.221677)
(0.487986 0.00095893 0.191906)
(0.41509 3.61704e-05 0.105308)
(0.345832 -7.54395e-05 0.0920215)
(0.321844 -0.000338513 0.0714574)
(0.331583 -0.000543701 0.0670724)
(0.372863 -0.000706217 0.0821688)
(0.44242 -0.000960727 0.103411)
(0.516449 -0.000657133 0.209467)
(0.456393 0.000875555 0.181809)
(0.387818 5.34621e-05 0.101361)
(0.322492 -4.91423e-05 0.0887558)
(0.299692 -0.000287469 0.0692991)
(0.308465 -0.000475408 0.0649085)
(0.346722 -0.000626135 0.0787972)
(0.411316 -0.000860099 0.0984518)
(0.479649 -0.000596994 0.197406)
(0.426197 0.000796808 0.171759)
(0.361764 6.6301e-05 0.0971851)
(0.300252 -2.80503e-05 0.0852398)
(0.278625 -0.000243515 0.0668577)
(0.286517 -0.000415214 0.0624808)
(0.321932 -0.000554567 0.0752277)
(0.381834 -0.000768827 0.0933996)
(0.444837 -0.000542036 0.185547)
(0.39737 0.000722748 0.161806)
(0.336903 7.53764e-05 0.0928331)
(0.279085 -1.13842e-05 0.0815263)
(0.258613 -0.000205764 0.0641856)
(0.265703 -0.000362216 0.0598407)
(0.298448 -0.000490644 0.0715103)
(0.353917 -0.00068612 0.0882981)
(0.411938 -0.000491762 0.173936)
(0.369881 0.000653383 0.151996)
(0.31321 8.12974e-05 0.0883522)
(0.258963 1.54187e-06 0.0776636)
(0.239627 -0.000173427 0.0613309)
(0.245987 -0.000315602 0.0570349)
(0.276227 -0.000433584 0.0676904)
(0.327513 -0.00061125 0.0831871)
(0.38088 -0.00044573 0.162613)
(0.3437 0.000588677 0.142367)
(0.29066 8.46001e-05 0.0837858)
(0.239859 1.13303e-05 0.0736958)
(0.221635 -0.000145801 0.0583375)
(0.227332 -0.000274643 0.0541059)
(0.255223 -0.000382677 0.0638088)
(0.302566 -0.000543546 0.0781019)
(0.35159 -0.000403548 0.151612)
(0.318794 0.000528554 0.132957)
(0.269225 8.57551e-05 0.0791731)
(0.221744 1.85074e-05 0.0696629)
(0.204607 -0.00012226 0.0552451)
(0.209704 -0.000238686 0.0510921)
(0.235394 -0.000337286 0.0599024)
(0.279024 -0.00048239 0.0730739)
(0.323998 -0.000364868 0.140963)
(0.295134 0.000472906 0.123795)
(0.248879 8.51728e-05 0.0745499)
(0.20459 2.3531e-05 0.0656009)
(0.188511 -0.000102256 0.0520896)
(0.193065 -0.000207148 0.0480281)
(0.216695 -0.000296834 0.0560037)
(0.256834 -0.000427216 0.068131)
(0.298034 -0.000329381 0.130691)
(0.272684 0.000421599 0.11491)
(0.229593 8.32103e-05 0.0699481)
(0.188368 2.67971e-05 0.0615422)
(0.173318 -8.53008e-05 0.0489034)
(0.177381 -0.000179509 0.0449449)
(0.199085 -0.000260806 0.052142)
(0.235945 -0.000377501 0.0632972)
(0.273632 -0.000296815 0.120815)
(0.251414 0.000374475 0.106325)
(0.211339 8.0176e-05 0.0653966)
(0.173048 2.86472e-05 0.0575157)
(0.158995 -7.09686e-05 0.0457153)
(0.162616 -0.000155309 0.0418702)
(0.182521 -0.000228737 0.0483428)
(0.216306 -0.000332768 0.0585936)
(0.250725 -0.000266925 0.111351)
(0.231291 0.000331361 0.0980605)
(0.194087 7.6335e-05 0.0609208)
(0.158603 2.93732e-05 0.0535471)
(0.145513 -5.88852e-05 0.042551)
(0.148737 -0.000134135 0.0388282)
(0.166962 -0.000200211 0.0446284)
(0.197867 -0.000292576 0.0540381)
(0.22925 -0.000239499 0.102312)
(0.21228 0.000292067 0.0901323)
(0.17781 7.19132e-05 0.0565433)
(0.145002 2.92238e-05 0.049659)
(0.132842 -4.8724e-05 0.0394332)
(0.13571 -0.000115625 0.0358405)
(0.152369 -0.000174858 0.0410182)
(0.180579 -0.000256523 0.0496459)
(0.209144 -0.000214343 0.0937055)
(0.19435 0.000256395 0.082554)
(0.162477 6.7102e-05 0.0522836)
(0.132218 2.84087e-05 0.0458709)
(0.120952 -4.02012e-05 0.0363816)
(0.1235 -9.9457e-05 0.0329255)
(0.138702 -0.000152343 0.0375287)
(0.164396 -0.000224239 0.0454295)
(0.190346 -0.000191287 0.0855377)
(0.177467 0.000224139 0.075336)
(0.148059 6.2062e-05 0.0481588)
(0.120223 2.71039e-05 0.0422)
(0.109813 -3.30705e-05 0.0334136)
(0.112076 -8.53473e-05 0.0300994)
(0.125922 -0.000132368 0.0341737)
(0.14927 -0.000195384 0.0413991)
(0.172799 -0.000170179 0.0778108)
(0.161598 0.00019509 0.0684859)
(0.134527 5.69262e-05 0.0441834)
(0.108987 2.54552e-05 0.0386605)
(0.0993978 -2.71192e-05 0.0305436)
(0.101406 -7.30457e-05 0.0273756)
(0.113992 -0.000114668 0.0309645)
(0.135158 -0.000169648 0.0375627)
(0.156445 -0.00015088 0.0705246)
(0.146711 0.000169038 0.0620085)
(0.121852 5.18038e-05 0.0403695)
(0.0984842 2.35824e-05 0.0352645)
(0.0896769 -2.21643e-05 0.0277842)
(0.0914578 -6.23322e-05 0.0247656)
(0.102875 -9.90052e-05 0.0279105)
(0.122013 -0.000146746 0.0339263)
(0.141229 -0.000133266 0.0636764)
(0.132772 0.000145772 0.0559061)
(0.110004 4.67826e-05 0.0367271)
(0.0886862 2.15828e-05 0.032022)
(0.0806228 -1.80485e-05 0.0251456)
(0.082202 -5.30129e-05 0.0222786)
(0.0925369 -8.51666e-05 0.0250187)
(0.109795 -0.000126416 0.0304938)
(0.127099 -0.000117223 0.0572615)
(0.119749 0.000125086 0.0501791)
(0.0989533 4.1932e-05 0.0332641)
(0.0795661 1.95342e-05 0.0289406)
(0.0722083 -1.46379e-05 0.022636)
(0.0736084 -4.49181e-05 0.0199218)
(0.0829418 -7.29625e-05 0.0222942)
(0.0984598 -0.000108417 0.0272677)
(0.114002 -0.000102648 0.051273)
(0.10761 0.000106776 0.0448254)
(0.0886715 3.73052e-05 0.0299865)
(0.0710972 1.74974e-05 0.0260264)
(0.0644067 -1.18182e-05 0.020262)
(0.065648 -3.78986e-05 0.0177008)
(0.0740565 -6.22231e-05 0.0197406)
(0.0879682 -9.25316e-05 0.0242488)
(0.101889 -8.94435e-05 0.0457025)
(0.0963218 9.06469e-05 0.0398411)
(0.0791294 3.29418e-05 0.0268986)
(0.0632531 1.55191e-05 0.0232836)
(0.0571916 -9.49261e-06 0.0180282)
(0.0582924 -3.18234e-05 0.0156196)
(0.0658482 -5.27961e-05 0.0173596)
(0.0782804 -7.85563e-05 0.0214366)
(0.090711 -7.75201e-05 0.0405398)
(0.0858533 7.6508e-05 0.0352207)
(0.070298 2.8869e-05 0.0240029)
(0.0560078 1.36337e-05 0.0207147)
(0.0505374 -7.57935e-06 0.0159378)
(0.0515139 -2.65779e-05 0.0136805)
(0.0582849 -4.45453e-05 0.0151515)
(0.0693578 -6.63065e-05 0.0188291)
(0.0804224 -6.67931e-05 0.0357736)
(0.0761721 6.41777e-05 0.0309569)
(0.0621487 2.51042e-05 0.0213006)
(0.0493356 1.18656e-05 0.0183208)
(0.0444189 -6.00959e-06 0.0139927)
(0.0452856 -2.20612e-05 0.0118846)
(0.0513358 -3.73479e-05 0.0131155)
(0.0611629 -5.5612e-05 0.0164234)
(0.0709777 -5.71828e-05 0.0313913)
(0.0672467 5.34829e-05 0.0270409)
(0.0546529 2.1656e-05 0.0187914)
(0.0432112 1.02309e-05 0.0161017)
(0.0388113 -4.72558e-06 0.0121933)
(0.039581 -1.81849e-05 0.0102317)
(0.0449706 -3.10938e-05 0.0112494)
(0.0536593 -4.63169e-05 0.0142153)
(0.0623332 -4.86129e-05 0.0273791)
(0.0590456 4.42595e-05 0.0234627)
(0.0477823 1.85259e-05 0.0164737)
(0.0376097 8.73854e-06 0.014056)
(0.0336902 -3.67907e-06 0.010539)
(0.0343745 -1.4871e-05 0.00872047)
(0.0391599 -2.56833e-05 0.00954995)
(0.0468116 -3.82778e-05 0.0122001)
(0.0544465 -4.10102e-05 0.0237225)
(0.0515372 3.63532e-05 0.0202111)
(0.0415087 1.57096e-05 0.0143448)
(0.0325064 7.39217e-06 0.0121811)
(0.029032 -2.82979e-06 0.00902786)
(0.0296408 -1.20511e-05 0.00734858)
(0.033875 -2.10264e-05 0.00801299)
(0.040585 -3.13631e-05 0.0103717)
(0.0472766 -3.43046e-05 0.0204064)
(0.0446906 2.96196e-05 0.0172738)
(0.035804 1.31978e-05 0.012401)
(0.0278771 6.19092e-06 0.0104734)
(0.0248133 -2.14422e-06 0.00765726)
(0.0253554 -9.66447e-06 0.00611278)
(0.0290882 -1.70418e-05 0.00663351)
(0.034946 -2.54519e-05 0.00872392)
(0.0407838 -2.84283e-05 0.0174149)
(0.0384745 2.39241e-05 0.0146375)
(0.0306405 1.09777e-05 0.0106375)
(0.0236977 5.13059e-06 0.00892834)
(0.021011 -1.59457e-06 0.0064236)
(0.0214942 -7.65757e-06 0.00500906)
(0.0247722 -1.36553e-05 0.00540568)
(0.0298619 -2.04337e-05 0.00724939)
(0.0349297 -2.33158e-05 0.0147318)
(0.0328581 1.91421e-05 0.0122882)
(0.0259906 9.03326e-06 0.00904865)
(0.0199446 4.20439e-06 0.00754076)
(0.0176027 -1.15772e-06 0.00532249)
(0.0180336 -5.98283e-06 0.00403264)
(0.0209004 -1.07995e-05 0.00432304)
(0.0253006 -1.62066e-05 0.00594038)
(0.0296768 -1.89033e-05 0.0123404)
(0.0278105 1.51588e-05 0.0102112)
(0.0218266 7.34643e-06 0.00762812)
(0.0165943 3.40372e-06 0.00630459)
(0.014566 -8.14484e-07 0.00434889)
(0.0149507 -4.59786e-06 0.00317812)
(0.0174468 -8.41281e-06 0.00337854)
(0.0212309 -1.26773e-05 0.00478862)
(0.0249882 -1.51286e-05 0.0102236)
(0.0233008 1.18692e-05 0.00839105)
(0.0181215 5.89764e-06 0.00636879)
(0.0136237 2.71874e-06 0.00521319)
(0.0118793 -5.48872e-07 0.00349716)
(0.0122228 -3.46486e-06 0.00243956)
(0.014386 -6.43891e-06 0.00256467)
(0.0176222 -9.75987e-06 0.00378545)
(0.0208284 -1.19318e-05 0.00836433)
(0.0192986 9.17759e-06 0.00681209)
(0.0148479 4.66646e-06 0.00526296)
(0.0110099 2.13894e-06 0.00425937)
(0.00952092 -3.47538e-07 0.00276112)
(0.0098278 -2.54997e-06 0.00181054)
(0.0116933 -4.82627e-06 0.00187349)
(0.0144445 -7.37601e-06 0.0029219)
(0.0171626 -9.25482e-06 0.0067452)
(0.0157733 6.99756e-06 0.00545803)
(0.0119791 3.63199e-06 0.00430237)
(0.00873021 1.65349e-06 0.00343547)
(0.00746981 -1.99264e-07 0.00213415)
(0.0077439 -1.82277e-06 0.00128423)
(0.0093441 -3.52772e-06 0.00129675)
(0.0116688 -5.45409e-06 0.00218873)
(0.013957 -7.04207e-06 0.00534908)
(0.0126943 5.2512e-06 0.00431234)
(0.00948811 2.77334e-06 0.00347824)
(0.00676222 1.2516e-06 0.0027334)
(0.00570506 -9.4565e-08 0.00160925)
(0.00594976 -1.25593e-06 0.000853476)
(0.00731473 -2.5001e-06 0.000825867)
(0.00926621 -3.92886e-06 0.00157642)
(0.0111786 -5.23995e-06 0.00415877)
(0.0100313 3.86902e-06 0.00335825)
(0.00734839 2.07008e-06 0.00278143)
(0.00508372 9.22805e-07 0.00214471)
(0.0042061 -2.53635e-08 0.0011791)
(0.00442441 -8.24814e-07 0.000510811)
(0.00558175 -1.70388e-06 0.000452052)
(0.00720887 -2.74096e-06 0.00107526)
(0.00879469 -3.79726e-06 0.00315718)
(0.00775384 2.78947e-06 0.00257886)
(0.0055335 1.50249e-06 0.00220245)
(0.00367272 6.57177e-07 0.00166072)
(0.00295262 1.52765e-08 0.000836072)
(0.00314716 -5.07223e-07 0.000248542)
(0.0041221 -1.10298e-06 0.000166348)
(0.00546924 -1.83666e-06 0.000675397)
(0.00677363 -2.66542e-06 0.00232742)
(0.0058319 1.9585e-06 0.00195719)
(0.0040172 1.05181e-06 0.0017315)
(0.00250737 4.45446e-07 0.00127247)
(0.00192452 3.33913e-08 0.000572307)
(0.00209767 -2.83155e-07 5.87799e-05)
(0.00291319 -6.64568e-07 -4.0347e-05)
(0.00402036 -1.16751e-06 0.000366889)
(0.00508423 -1.79874e-06 0.00165283)
(0.00423554 1.32914e-06 0.00147631)
(0.00277349 7.005e-07 0.00135861)
(0.00156599 2.79135e-07 0.000970859)
(0.00110185 3.42828e-08 0.000379776)
(0.00125578 -1.34622e-07 -6.65786e-05)
(0.00193277 -3.58912e-07 -0.000177292)
(0.00283584 -6.9009e-07 0.000139722)
(0.00369604 -1.15453e-06 0.00111708)
(0.00293516 8.61006e-07 0.00111932)
(0.00177667 4.32351e-07 0.00107364)
(0.000827037 1.50592e-07 0.000746704)
(0.000464671 2.26102e-08 0.000250281)
(0.00060144 -4.54792e-08 -0.000135847)
(0.00115892 -1.59153e-07 -0.000253866)
(0.0018899 -3.65725e-07 -1.61497e-05)
(0.0025793 -6.93373e-07 0.000704225)
(0.00190162 5.19795e-07 0.000869456)
(0.00100133 2.32593e-07 0.000866407)
(0.00026895 5.29576e-08 0.000590789)
(-7.14766e-06 2.4404e-09 0.00017547)
(0.000114491 -1.29616e-09 -0.00015755)
(0.000569953 -4.11859e-08 -0.000279582)
(0.00115735 -1.60202e-07 -0.0001108)
(0.00170504 -3.79222e-07 0.00039876)
(0.00110631 2.76846e-07 0.000709997)
(0.000422479 8.79243e-08 0.000726706)
(-0.000129898 -1.9915e-08 0.00049399)
(-0.000334177 -2.27651e-08 0.000146905)
(-0.000225568 1.07023e-08 -0.000140446)
(0.000144329 1.6477e-08 -0.000264126)
(0.0006137 -4.34855e-08 -0.000154327)
(0.00104504 -1.79452e-07 0.000185653)
(0.000521328 1.08664e-07 0.000624187)
(1.55687e-05 -1.35022e-08 0.000644393)
(-0.000391361 -7.36316e-08 0.000447495)
(-0.000537815 -5.02821e-08 0.000156244)
(-0.000439894 1.63622e-09 -9.35241e-05)
(-0.000139353 3.2813e-08 -0.000217419)
(0.000235163 1.05675e-08 -0.000156908)
(0.000571773 -6.48998e-08 5.03398e-05)
(0.000119371 -3.48241e-09 0.000594873)
(-0.00024358 -8.20984e-08 0.000609356)
(-0.000537733 -1.13555e-07 0.0004433)
(-0.000640684 -7.84745e-08 0.000195842)
(-0.000550626 -1.92087e-08 -2.56802e-05)
(-0.00030246 2.43391e-08 -0.000149643)
(-1.29988e-06 2.44796e-08 -0.000128957)
(0.000258149 -9.84612e-09 -2.14078e-05)
(-0.000127279 -7.39999e-08 0.000603861)
(-0.000379233 -1.26803e-07 0.000611483)
(-0.000592028 -1.45284e-07 0.000475145)
(-0.000666677 -1.07614e-07 0.000260299)
(-0.000580933 -4.50331e-08 5.5421e-05)
(-0.000366728 4.88499e-09 -7.10916e-05)
(-0.000118713 1.73112e-08 -8.15505e-05)
(7.6485e-05 7.97178e-09 -4.39016e-05)
(-0.000249479 -1.13274e-07 0.000629837)
(-0.000417564 -1.54315e-07 0.000638057)
(-0.000578091 -1.74107e-07 0.000536795)
(-0.000638276 -1.40037e-07 0.000346596)
(-0.000552356 -7.21235e-08 0.000144291)
(-0.000354551 -1.51693e-08 8.1149e-06)
(-0.00014273 4.12653e-09 -2.70283e-05)
(-4.00876e-06 7.12502e-09 -3.30694e-05)
(-0.000287144 -1.28501e-07 0.00065115)
(-0.000392722 -1.67982e-07 0.000672774)
(-0.000520453 -2.03361e-07 0.000623342)
(-0.000567714 -1.7885e-07 0.000458685)
(-0.000475568 -1.0086e-07 0.000244835)
(-0.000286885 -3.16195e-08 8.36945e-05)
(-0.000106252 -5.93707e-09 2.06952e-05)
(-2.00321e-05 1.19207e-09 -7.07618e-06)
(-0.00027453 -1.25172e-07 0.000651898)
(-0.000353427 -1.79385e-07 0.00073222)
(-0.000436497 -2.46965e-07 0.000766674)
(-0.000428372 -2.37611e-07 0.000634955)
(-0.000308669 -1.41968e-07 0.000384962)
(-0.000151507 -4.76939e-08 0.000156082)
(-4.36753e-05 -7.81226e-09 3.58232e-05)
(-8.52193e-06 -2.33115e-09 1.33441e-05)
)
;
    }
    front
    {
        type            calculated;
        value           nonuniform List<vector> 
640
(
(-52.8785 -2.45269 -2.83824)
(-26.4147 -0.990221 -0.7409)
(-8.99264 -0.221137 0.728091)
(-0.993915 -0.00631317 0.139257)
(-4.17513 0.099753 -1.41651)
(-18.4953 0.766502 -2.37003)
(-42.4266 2.49642 -1.71438)
(-78.3155 6.0189 -2.12914)
(-15.716 -0.260564 -0.723587)
(-5.0525 -0.0361554 -0.521772)
(-0.7614 0.00508492 -0.361103)
(0.23798 0.0102668 -0.422979)
(-0.707834 0.0144732 -0.442227)
(-3.43366 0.0400712 -0.388817)
(-8.8143 0.13417 -0.235068)
(-17.6211 0.394846 -0.394482)
(-5.844 -0.0321322 -0.507848)
(-0.893994 0.0111771 -0.603826)
(0.84749 0.0122064 -0.50684)
(0.796082 0.0116743 -0.483713)
(0.309349 0.00955965 -0.3855)
(-0.432802 0.00681124 -0.255828)
(-2.14684 0.0104273 -0.16222)
(-4.59908 0.0267407 -0.152881)
(-2.42359 -0.00106777 -0.366954)
(-0.106137 0.0142812 -0.572369)
(0.952108 0.0140827 -0.525468)
(0.998574 0.0131876 -0.500134)
(0.733429 0.0111889 -0.426703)
(0.326795 0.00844256 -0.332769)
(-0.427059 0.00678214 -0.27438)
(-1.17377 0.00322054 -0.115405)
(-0.657081 0.00456092 -0.242029)
(0.447809 0.0144475 -0.51022)
(1.02545 0.0146158 -0.505149)
(1.11529 0.0141852 -0.495204)
(1.00995 0.0125725 -0.438544)
(0.853304 0.0102904 -0.355882)
(0.671766 0.00792691 -0.272876)
(0.582183 0.00200705 -0.0301314)
(0.373389 0.00424808 -0.128554)
(0.86562 0.0131806 -0.428198)
(1.12158 0.0138613 -0.451334)
(1.18835 0.0142308 -0.465154)
(1.18736 0.0133577 -0.426308)
(1.22643 0.0118347 -0.347575)
(1.37294 0.0101482 -0.238303)
(1.63436 0.00473934 0.0642543)
(0.971177 0.00262019 -0.0327494)
(1.12977 0.011508 -0.347498)
(1.19378 0.0125881 -0.386764)
(1.22855 0.0136078 -0.419887)
(1.28722 0.0134012 -0.394789)
(1.44153 0.0125632 -0.317754)
(1.74115 0.0116351 -0.19382)
(2.16417 0.00710043 0.143546)
(1.30461 0.00103842 0.0444641)
(1.28018 0.0099019 -0.275564)
(1.23377 0.0111935 -0.322731)
(1.24275 0.0126122 -0.368028)
(1.33057 0.0128597 -0.351666)
(1.53997 0.0124872 -0.275929)
(1.8959 0.0120631 -0.147139)
(2.36535 0.00811696 0.203986)
(1.47655 -0.000181531 0.105214)
(1.35341 0.00849838 -0.213708)
(1.24563 0.00984836 -0.263618)
(1.23682 0.0114591 -0.315288)
(1.33503 0.0119713 -0.304066)
(1.56275 0.011877 -0.230221)
(1.92666 0.0117471 -0.1031)
(2.38867 0.0081471 0.248574)
(1.55153 -0.0010467 0.152587)
(1.37698 0.00730673 -0.161151)
(1.23663 0.00861781 -0.210778)
(1.21618 0.010284 -0.264982)
(1.31427 0.010932 -0.256785)
(1.54057 0.0109953 -0.185591)
(1.89096 0.0110404 -0.0638448)
(2.32598 0.00767673 0.281402)
(1.5693 -0.00163865 0.189529)
(1.36996 0.00629666 -0.116464)
(1.21346 0.00751828 -0.164225)
(1.1854 0.00916124 -0.21874)
(1.27813 0.00986907 -0.212471)
(1.49383 0.010023 -0.144481)
(1.82299 0.0101835 -0.0298154)
(2.22661 0.00701872 0.30583)
(1.5537 -0.00203542 0.21841)
(1.34453 0.00543441 -0.0782805)
(1.18112 0.00654671 -0.123484)
(1.148 0.00812622 -0.17715)
(1.23325 0.00885268 -0.172282)
(1.43501 0.00906203 -0.107759)
(1.74164 0.00930796 -0.000650258)
(2.11518 0.00633223 0.324228)
(1.51883 -0.0022952 0.241003)
(1.3082 0.00469235 -0.0454846)
(1.14306 0.0056929 -0.087951)
(1.10655 0.00719104 -0.140223)
(1.18391 0.00791489 -0.136493)
(1.37128 0.00816097 -0.0754656)
(1.6567 0.00847527 0.0242747)
(2.00315 0.00568625 0.338161)
(1.473 -0.00245813 0.258598)
(1.26557 0.00404939 -0.0172117)
(1.10161 0.00494435 -0.0570206)
(1.06286 0.00635517 -0.107677)
(1.13273 0.00706566 -0.104934)
(1.30655 0.00733783 -0.0472772)
(1.57283 0.00770824 0.0455775)
(1.89528 0.00510404 0.348613)
(1.42115 -0.00255132 0.272132)
(1.21945 0.00348953 0.0072049)
(1.0583 0.00428852 -0.0301383)
(1.01816 0.00561194 -0.0791126)
(1.08127 0.00630352 -0.0772446)
(1.24277 0.00659484 -0.022764)
(1.49199 0.00701091 0.0637734)
(1.79306 0.00458809 0.356185)
(1.36621 -0.00259321 0.282291)
(1.17156 0.0030004 0.0282838)
(1.01417 0.0037138 -0.00681588)
(0.973264 0.00495237 -0.0541075)
(1.03041 0.00562198 -0.0530187)
(1.18084 0.00592718 -0.00150335)
(1.41477 0.00637931 0.0792651)
(1.69653 0.00413268 0.361254)
(1.30995 -0.00259661 0.289592)
(1.123 0.0025722 0.0464369)
(0.969903 0.00320989 0.0133663)
(0.928701 0.00436719 -0.032266)
(0.980612 0.00501292 -0.0318695)
(1.12109 0.00532761 0.0168778)
(1.34114 0.00580687 0.0923633)
(1.60521 0.00372989 0.36407)
(1.25344 -0.00257066 0.294435)
(1.07443 0.00219696 0.0619981)
(0.925961 0.00276787 0.0307662)
(0.884825 0.00384774 -0.0132365)
(0.93213 0.00446829 -0.0134538)
(1.06357 0.00478861 0.0326959)
(1.27087 0.00528679 0.103313)
(1.51851 0.00337206 0.364826)
(1.19738 -0.00252213 0.297136)
(1.02633 0.00186811 0.0752447)
(0.88266 0.00238008 0.0456881)
(0.841864 0.00338638 0.00328595)
(0.885082 0.00398078 0.00252354)
(1.00823 0.00430333 0.0462175)
(1.20366 0.00481302 0.112318)
(1.43591 0.00305262 0.363687)
(1.14218 -0.00245612 0.297958)
(0.978971 0.00158011 0.0864115)
(0.840212 0.00203999 0.0583921)
(0.799967 0.00297644 0.0175629)
(0.839521 0.00354402 0.0163149)
(0.954997 0.00386582 0.0576698)
(1.13928 0.00438044 0.119551)
(1.35701 0.00276621 0.360816)
(1.08812 -0.00237664 0.297122)
(0.932568 0.00132822 0.0957016)
(0.798767 0.001742 0.0691026)
(0.75923 0.0026122 0.02982)
(0.795469 0.00315253 0.0281374)
(0.903781 0.00347097 0.0672504)
(1.07752 0.00398483 0.125172)
(1.2815 0.00250854 0.356372)
(1.03537 -0.00228688 0.294818)
(0.887252 0.00110837 0.103294)
(0.758424 0.00148126 0.0780153)
(0.719716 0.0022887 0.0402535)
(0.752929 0.00280157 0.0381804)
(0.854515 0.00311447 0.0751347)
(1.01825 0.00362265 0.129327)
(1.20919 0.00227613 0.350514)
(0.984044 -0.00218946 0.291216)
(0.843117 0.000916991 0.109347)
(0.719252 0.00125357 0.0853039)
(0.681464 0.00200163 0.0490368)
(0.711899 0.00248704 0.0466118)
(0.807144 0.00279254 0.0814817)
(0.961341 0.00329093 0.132154)
(1.13992 0.00206614 0.343402)
(0.934208 -0.00208654 0.286469)
(0.800224 0.000750924 0.114008)
(0.681293 0.00105522 0.091124)
(0.644497 0.00174719 0.0563251)
(0.672371 0.00220533 0.0535829)
(0.761621 0.00250192 0.0864373)
(0.906727 0.0029871 0.133783)
(1.07358 0.00187618 0.335192)
(0.885905 -0.00197994 0.280715)
(0.758615 0.000607369 0.117407)
(0.644577 0.000882943 0.095617)
(0.608829 0.00152201 0.0622593)
(0.634333 0.00195325 0.0592318)
(0.71791 0.00223971 0.0901371)
(0.854344 0.00270889 0.13434)
(1.01008 0.0017042 0.326034)
(0.83916 -0.00187121 0.274082)
(0.718317 0.00048382 0.119667)
(0.609119 0.000733804 0.0989127)
(0.574462 0.00132307 0.0669684)
(0.597773 0.00172793 0.0636857)
(0.675976 0.00200329 0.0927074)
(0.804139 0.00245426 0.133941)
(0.949365 0.0015484 0.31607)
(0.793981 -0.00176167 0.266688)
(0.679344 0.000378022 0.120903)
(0.574924 0.000605181 0.101131)
(0.541394 0.00114765 0.0705718)
(0.562673 0.00152677 0.0670626)
(0.635788 0.0017903 0.0942666)
(0.756064 0.00222137 0.132697)
(0.891352 0.00140719 0.305436)
(0.750369 -0.00165242 0.258643)
(0.641704 0.000287943 0.12122)
(0.541991 0.000494716 0.102384)
(0.509617 0.000993276 0.0731805)
(0.529013 0.0013474 0.0694727)
(0.597313 0.0015986 0.0949251)
(0.710073 0.00200852 0.130713)
(0.835979 0.00127915 0.294258)
(0.70832 -0.00154442 0.250051)
(0.605398 0.000211746 0.120718)
(0.510315 0.000400282 0.102775)
(0.479116 0.000857729 0.0748979)
(0.496773 0.0011877 0.0710185)
(0.560517 0.00142621 0.0947866)
(0.66612 0.00181413 0.128085)
(0.78318 0.00116297 0.282652)
(0.667821 -0.00143847 0.241007)
(0.570421 0.000147774 0.119489)
(0.479885 0.000319963 0.102401)
(0.449877 0.000738977 0.0758205)
(0.465927 0.00104569 0.0717958)
(0.525364 0.00127132 0.0939474)
(0.624157 0.00163674 0.124904)
(0.732885 0.0010575 0.270727)
(0.62886 -0.00133524 0.231599)
(0.536766 9.45317e-05 0.117622)
(0.450687 0.000252033 0.101353)
(0.42188 0.000635183 0.0760384)
(0.436447 0.000919579 0.071894)
(0.491815 0.00113229 0.0924976)
(0.584135 0.00147501 0.121253)
(0.685024 0.000961673 0.258581)
(0.591417 -0.00123527 0.221911)
(0.504421 5.06689e-05 0.115197)
(0.422703 0.000194937 0.0997153)
(0.395103 0.000544677 0.0756357)
(0.408305 0.000807747 0.0713963)
(0.459833 0.00100759 0.0905205)
(0.546003 0.00132766 0.117211)
(0.639524 0.000874544 0.246305)
(0.555473 -0.00113901 0.21202)
(0.473371 1.49718e-05 0.112289)
(0.395913 0.000147283 0.0975663)
(0.369522 0.00046595 0.0746903)
(0.381468 0.000708703 0.0703799)
(0.429375 0.000895841 0.0880934)
(0.509709 0.00119354 0.112847)
(0.596311 0.000795248 0.233979)
(0.521004 -0.00104681 0.201997)
(0.4436 -1.36495e-05 0.108972)
(0.370298 0.000107823 0.0949791)
(0.345112 0.000397638 0.0732752)
(0.355906 0.000621096 0.0689166)
(0.400399 0.000795768 0.0852876)
(0.4752 0.00107157 0.108227)
(0.555312 0.000723009 0.221677)
(0.487986 -0.00095893 0.191906)
(0.41509 -3.61705e-05 0.105308)
(0.345832 7.54396e-05 0.0920214)
(0.321844 0.000338513 0.0714574)
(0.331583 0.000543701 0.0670724)
(0.372863 0.000706217 0.0821689)
(0.44242 0.000960727 0.103411)
(0.516449 0.000657132 0.209467)
(0.456393 -0.000875555 0.181809)
(0.387818 -5.34621e-05 0.101361)
(0.322492 4.91425e-05 0.0887558)
(0.299692 0.000287469 0.0692991)
(0.308465 0.000475408 0.0649085)
(0.346722 0.000626135 0.0787972)
(0.411316 0.000860099 0.0984518)
(0.479649 0.000596994 0.197406)
(0.426197 -0.000796808 0.171759)
(0.361764 -6.63011e-05 0.0971851)
(0.300252 2.80504e-05 0.0852398)
(0.278625 0.000243515 0.0668577)
(0.286517 0.000415214 0.0624809)
(0.321932 0.000554566 0.0752277)
(0.381834 0.000768827 0.0933996)
(0.444837 0.000542036 0.185547)
(0.39737 -0.000722748 0.161806)
(0.336903 -7.53765e-05 0.0928331)
(0.279085 1.13844e-05 0.0815263)
(0.258613 0.000205765 0.0641856)
(0.265703 0.000362216 0.0598407)
(0.298448 0.000490644 0.0715103)
(0.353917 0.00068612 0.0882981)
(0.411938 0.000491762 0.173936)
(0.369881 -0.000653383 0.151996)
(0.31321 -8.12974e-05 0.0883522)
(0.258963 -1.54173e-06 0.0776636)
(0.239627 0.000173427 0.0613309)
(0.245987 0.000315602 0.0570349)
(0.276227 0.000433584 0.0676904)
(0.327513 0.00061125 0.0831871)
(0.38088 0.00044573 0.162613)
(0.3437 -0.000588677 0.142367)
(0.29066 -8.46002e-05 0.0837858)
(0.239859 -1.13302e-05 0.0736958)
(0.221635 0.000145801 0.0583375)
(0.227332 0.000274642 0.0541059)
(0.255223 0.000382677 0.0638089)
(0.302566 0.000543546 0.0781019)
(0.35159 0.000403548 0.151612)
(0.318794 -0.000528554 0.132957)
(0.269225 -8.57551e-05 0.0791731)
(0.221744 -1.85073e-05 0.0696629)
(0.204607 0.00012226 0.0552451)
(0.209704 0.000238685 0.0510921)
(0.235394 0.000337285 0.0599024)
(0.279024 0.00048239 0.0730739)
(0.323998 0.000364868 0.140963)
(0.295134 -0.000472906 0.123795)
(0.248879 -8.51728e-05 0.0745499)
(0.20459 -2.35309e-05 0.0656009)
(0.188511 0.000102256 0.0520896)
(0.193065 0.000207147 0.0480281)
(0.216695 0.000296834 0.0560037)
(0.256834 0.000427216 0.068131)
(0.298034 0.000329381 0.130691)
(0.272684 -0.000421599 0.11491)
(0.229593 -8.32103e-05 0.0699482)
(0.188368 -2.6797e-05 0.0615422)
(0.173318 8.53008e-05 0.0489034)
(0.177381 0.000179509 0.044945)
(0.199085 0.000260805 0.052142)
(0.235945 0.000377501 0.0632972)
(0.273632 0.000296815 0.120815)
(0.251414 -0.000374475 0.106325)
(0.211339 -8.01761e-05 0.0653966)
(0.173048 -2.86471e-05 0.0575157)
(0.158995 7.09686e-05 0.0457153)
(0.162616 0.000155309 0.0418702)
(0.182521 0.000228737 0.0483428)
(0.216306 0.000332768 0.0585936)
(0.250725 0.000266925 0.111351)
(0.231291 -0.000331361 0.0980605)
(0.194087 -7.63351e-05 0.0609209)
(0.158603 -2.93731e-05 0.0535471)
(0.145513 5.88852e-05 0.042551)
(0.148737 0.000134135 0.0388283)
(0.166962 0.000200211 0.0446284)
(0.197867 0.000292576 0.0540381)
(0.22925 0.000239499 0.102312)
(0.21228 -0.000292067 0.0901323)
(0.17781 -7.19132e-05 0.0565433)
(0.145002 -2.92237e-05 0.049659)
(0.132842 4.8724e-05 0.0394332)
(0.13571 0.000115625 0.0358405)
(0.152369 0.000174858 0.0410182)
(0.180579 0.000256523 0.0496459)
(0.209144 0.000214343 0.0937055)
(0.19435 -0.000256395 0.082554)
(0.162477 -6.71021e-05 0.0522836)
(0.132218 -2.84086e-05 0.0458709)
(0.120952 4.02012e-05 0.0363817)
(0.1235 9.94569e-05 0.0329256)
(0.138702 0.000152343 0.0375287)
(0.164396 0.000224239 0.0454295)
(0.190346 0.000191287 0.0855377)
(0.177467 -0.000224139 0.0753361)
(0.148059 -6.2062e-05 0.0481588)
(0.120223 -2.71038e-05 0.0422)
(0.109813 3.30705e-05 0.0334136)
(0.112076 8.53472e-05 0.0300994)
(0.125922 0.000132368 0.0341737)
(0.14927 0.000195384 0.0413991)
(0.172799 0.000170179 0.0778108)
(0.161598 -0.00019509 0.0684859)
(0.134527 -5.69263e-05 0.0441834)
(0.108987 -2.54551e-05 0.0386605)
(0.0993978 2.71192e-05 0.0305436)
(0.101406 7.30456e-05 0.0273757)
(0.113992 0.000114668 0.0309646)
(0.135158 0.000169648 0.0375627)
(0.156445 0.00015088 0.0705246)
(0.146711 -0.000169038 0.0620085)
(0.121852 -5.18038e-05 0.0403695)
(0.0984842 -2.35824e-05 0.0352645)
(0.0896769 2.21642e-05 0.0277842)
(0.0914578 6.23321e-05 0.0247656)
(0.102875 9.90052e-05 0.0279105)
(0.122013 0.000146746 0.0339262)
(0.141229 0.000133266 0.0636764)
(0.132772 -0.000145772 0.0559061)
(0.110004 -4.67826e-05 0.0367271)
(0.0886862 -2.15828e-05 0.032022)
(0.0806228 1.80485e-05 0.0251456)
(0.082202 5.30128e-05 0.0222786)
(0.0925369 8.51666e-05 0.0250187)
(0.109795 0.000126416 0.0304938)
(0.127099 0.000117223 0.0572615)
(0.119749 -0.000125086 0.0501791)
(0.0989533 -4.1932e-05 0.0332641)
(0.0795661 -1.95342e-05 0.0289406)
(0.0722083 1.46379e-05 0.022636)
(0.0736084 4.4918e-05 0.0199218)
(0.0829418 7.29625e-05 0.0222942)
(0.0984598 0.000108417 0.0272677)
(0.114002 0.000102648 0.051273)
(0.10761 -0.000106776 0.0448254)
(0.0886715 -3.73053e-05 0.0299865)
(0.0710973 -1.74974e-05 0.0260264)
(0.0644067 1.18182e-05 0.020262)
(0.065648 3.78985e-05 0.0177008)
(0.0740565 6.22231e-05 0.0197406)
(0.0879682 9.25316e-05 0.0242488)
(0.101889 8.94435e-05 0.0457025)
(0.0963218 -9.06469e-05 0.0398411)
(0.0791294 -3.29418e-05 0.0268986)
(0.0632532 -1.55191e-05 0.0232836)
(0.0571916 9.49258e-06 0.0180282)
(0.0582924 3.18234e-05 0.0156196)
(0.0658482 5.27961e-05 0.0173596)
(0.0782804 7.85564e-05 0.0214366)
(0.090711 7.752e-05 0.0405398)
(0.0858533 -7.6508e-05 0.0352207)
(0.070298 -2.8869e-05 0.0240029)
(0.0560078 -1.36337e-05 0.0207147)
(0.0505375 7.57933e-06 0.0159378)
(0.0515139 2.65779e-05 0.0136805)
(0.0582849 4.45453e-05 0.0151515)
(0.0693578 6.63065e-05 0.0188291)
(0.0804224 6.67931e-05 0.0357736)
(0.0761721 -6.41777e-05 0.0309569)
(0.0621487 -2.51042e-05 0.0213006)
(0.0493356 -1.18657e-05 0.0183208)
(0.0444189 6.00957e-06 0.0139927)
(0.0452856 2.20612e-05 0.0118846)
(0.0513358 3.73479e-05 0.0131155)
(0.0611629 5.5612e-05 0.0164234)
(0.0709777 5.71828e-05 0.0313913)
(0.0672467 -5.34829e-05 0.0270409)
(0.0546529 -2.1656e-05 0.0187914)
(0.0432112 -1.02309e-05 0.0161017)
(0.0388113 4.72558e-06 0.0121933)
(0.039581 1.81849e-05 0.0102317)
(0.0449706 3.10937e-05 0.0112494)
(0.0536593 4.63169e-05 0.0142153)
(0.0623332 4.86128e-05 0.0273791)
(0.0590456 -4.42595e-05 0.0234627)
(0.0477823 -1.85259e-05 0.0164737)
(0.0376097 -8.73855e-06 0.014056)
(0.0336902 3.67907e-06 0.010539)
(0.0343745 1.4871e-05 0.00872048)
(0.0391598 2.56832e-05 0.00954995)
(0.0468116 3.82778e-05 0.0122001)
(0.0544465 4.10102e-05 0.0237225)
(0.0515373 -3.63532e-05 0.0202111)
(0.0415087 -1.57096e-05 0.0143448)
(0.0325064 -7.39217e-06 0.0121811)
(0.0290321 2.82979e-06 0.00902785)
(0.0296408 1.2051e-05 0.00734859)
(0.033875 2.10264e-05 0.008013)
(0.040585 3.13631e-05 0.0103717)
(0.0472766 3.43046e-05 0.0204064)
(0.0446906 -2.96196e-05 0.0172738)
(0.035804 -1.31979e-05 0.012401)
(0.0278771 -6.19092e-06 0.0104734)
(0.0248133 2.14423e-06 0.00765726)
(0.0253554 9.66445e-06 0.00611279)
(0.0290882 1.70417e-05 0.00663352)
(0.034946 2.54519e-05 0.00872391)
(0.0407838 2.84283e-05 0.0174149)
(0.0384746 -2.39241e-05 0.0146375)
(0.0306405 -1.09777e-05 0.0106375)
(0.0236977 -5.13059e-06 0.00892834)
(0.021011 1.59458e-06 0.00642359)
(0.0214942 7.65757e-06 0.00500906)
(0.0247722 1.36553e-05 0.00540569)
(0.0298619 2.04337e-05 0.00724938)
(0.0349297 2.33158e-05 0.0147318)
(0.0328581 -1.91421e-05 0.0122882)
(0.0259906 -9.03327e-06 0.00904866)
(0.0199446 -4.20439e-06 0.00754076)
(0.0176027 1.15773e-06 0.00532248)
(0.0180337 5.98282e-06 0.00403264)
(0.0209004 1.07995e-05 0.00432304)
(0.0253006 1.62066e-05 0.00594037)
(0.0296768 1.89033e-05 0.0123404)
(0.0278105 -1.51588e-05 0.0102112)
(0.0218266 -7.34644e-06 0.00762813)
(0.0165943 -3.40372e-06 0.00630459)
(0.014566 8.14491e-07 0.00434889)
(0.0149507 4.59786e-06 0.00317812)
(0.0174468 8.4128e-06 0.00337855)
(0.0212309 1.26773e-05 0.00478862)
(0.0249882 1.51286e-05 0.0102236)
(0.0233008 -1.18692e-05 0.00839105)
(0.0181215 -5.89765e-06 0.0063688)
(0.0136237 -2.71874e-06 0.00521319)
(0.0118793 5.48876e-07 0.00349716)
(0.0122228 3.46487e-06 0.00243956)
(0.014386 6.4389e-06 0.00256467)
(0.0176222 9.75986e-06 0.00378545)
(0.0208284 1.19317e-05 0.00836433)
(0.0192986 -9.17759e-06 0.00681208)
(0.0148479 -4.66646e-06 0.00526296)
(0.0110099 -2.13894e-06 0.00425938)
(0.00952093 3.47539e-07 0.00276112)
(0.00982781 2.54997e-06 0.00181054)
(0.0116933 4.82627e-06 0.0018735)
(0.0144445 7.37601e-06 0.0029219)
(0.0171626 9.25482e-06 0.0067452)
(0.0157733 -6.99756e-06 0.00545803)
(0.0119791 -3.63199e-06 0.00430237)
(0.00873021 -1.65349e-06 0.00343547)
(0.00746981 1.99264e-07 0.00213415)
(0.0077439 1.82277e-06 0.00128423)
(0.0093441 3.52773e-06 0.00129675)
(0.0116688 5.45409e-06 0.00218873)
(0.013957 7.04207e-06 0.00534908)
(0.0126943 -5.2512e-06 0.00431234)
(0.00948811 -2.77334e-06 0.00347824)
(0.00676222 -1.2516e-06 0.0027334)
(0.00570506 9.4564e-08 0.00160925)
(0.00594977 1.25593e-06 0.000853477)
(0.00731474 2.5001e-06 0.000825868)
(0.00926621 3.92886e-06 0.00157642)
(0.0111786 5.23995e-06 0.00415877)
(0.0100313 -3.86901e-06 0.00335825)
(0.00734839 -2.07008e-06 0.00278143)
(0.00508373 -9.22806e-07 0.00214471)
(0.0042061 2.53628e-08 0.0011791)
(0.00442441 8.24815e-07 0.000510811)
(0.00558175 1.70388e-06 0.000452052)
(0.00720887 2.74096e-06 0.00107526)
(0.00879469 3.79726e-06 0.00315718)
(0.00775384 -2.78946e-06 0.00257886)
(0.0055335 -1.50249e-06 0.00220245)
(0.00367272 -6.57178e-07 0.00166072)
(0.00295262 -1.52772e-08 0.000836074)
(0.00314717 5.07224e-07 0.000248542)
(0.00412211 1.10298e-06 0.000166349)
(0.00546924 1.83666e-06 0.000675397)
(0.00677363 2.66542e-06 0.00232742)
(0.0058319 -1.9585e-06 0.00195719)
(0.0040172 -1.05181e-06 0.0017315)
(0.00250737 -4.45446e-07 0.00127247)
(0.00192452 -3.33919e-08 0.000572309)
(0.00209767 2.83155e-07 5.87799e-05)
(0.00291319 6.64569e-07 -4.03467e-05)
(0.00402036 1.16751e-06 0.000366889)
(0.00508423 1.79874e-06 0.00165283)
(0.00423554 -1.32914e-06 0.00147631)
(0.00277349 -7.00501e-07 0.00135861)
(0.001566 -2.79135e-07 0.000970859)
(0.00110185 -3.42833e-08 0.000379778)
(0.00125578 1.34623e-07 -6.65784e-05)
(0.00193277 3.58912e-07 -0.000177292)
(0.00283584 6.90091e-07 0.000139722)
(0.00369604 1.15453e-06 0.00111708)
(0.00293516 -8.61006e-07 0.00111932)
(0.00177667 -4.32351e-07 0.00107364)
(0.00082704 -1.50592e-07 0.000746704)
(0.000464672 -2.26105e-08 0.000250283)
(0.000601442 4.54793e-08 -0.000135847)
(0.00115893 1.59154e-07 -0.000253866)
(0.0018899 3.65725e-07 -1.61504e-05)
(0.0025793 6.93373e-07 0.000704225)
(0.00190162 -5.19796e-07 0.000869457)
(0.00100133 -2.32593e-07 0.000866405)
(0.000268952 -5.29581e-08 0.000590789)
(-7.14668e-06 -2.44051e-09 0.000175472)
(0.000114492 1.29623e-09 -0.000157549)
(0.000569955 4.11862e-08 -0.000279582)
(0.00115736 1.60202e-07 -0.000110799)
(0.00170504 3.79222e-07 0.00039876)
(0.00110631 -2.76847e-07 0.000710001)
(0.000422481 -8.79248e-08 0.000726705)
(-0.000129896 1.99144e-08 0.000493989)
(-0.000334176 2.2765e-08 0.000146905)
(-0.000225568 -1.07022e-08 -0.000140445)
(0.00014433 -1.64769e-08 -0.000264126)
(0.000613701 4.34858e-08 -0.000154326)
(0.00104504 1.79452e-07 0.000185653)
(0.000521328 -1.08664e-07 0.000624189)
(1.55695e-05 1.35021e-08 0.000644394)
(-0.000391359 7.3631e-08 0.000447495)
(-0.000537814 5.02819e-08 0.000156244)
(-0.000439894 -1.63613e-09 -9.35236e-05)
(-0.000139352 -3.2813e-08 -0.000217419)
(0.000235164 -1.05671e-08 -0.000156907)
(0.000571772 6.48995e-08 5.03397e-05)
(0.000119372 3.48226e-09 0.000594873)
(-0.00024358 8.20983e-08 0.000609356)
(-0.000537731 1.13555e-07 0.000443299)
(-0.000640682 7.84741e-08 0.000195842)
(-0.000550626 1.92088e-08 -2.56799e-05)
(-0.000302459 -2.43391e-08 -0.000149642)
(-1.2991e-06 -2.44791e-08 -0.000128955)
(0.000258147 9.84606e-09 -2.1407e-05)
(-0.000127279 7.39996e-08 0.000603861)
(-0.000379232 1.26802e-07 0.000611481)
(-0.000592026 1.45284e-07 0.000475144)
(-0.000666676 1.07614e-07 0.000260298)
(-0.000580933 4.50332e-08 5.54213e-05)
(-0.000366728 -4.88497e-09 -7.10911e-05)
(-0.000118712 -1.73107e-08 -8.15494e-05)
(7.64847e-05 -7.97181e-09 -4.39015e-05)
(-0.000249478 1.13273e-07 0.000629836)
(-0.000417562 1.54314e-07 0.000638055)
(-0.00057809 1.74107e-07 0.000536794)
(-0.000638275 1.40037e-07 0.000346595)
(-0.000552356 7.21238e-08 0.000144292)
(-0.00035455 1.51694e-08 8.11572e-06)
(-0.000142729 -4.12717e-09 -2.70294e-05)
(-4.00663e-06 -7.12637e-09 -3.30744e-05)
(-0.000287143 1.285e-07 0.000651147)
(-0.00039272 1.67981e-07 0.000672771)
(-0.00052045 2.03359e-07 0.000623339)
(-0.000567713 1.7885e-07 0.000458684)
(-0.000475567 1.00861e-07 0.000244836)
(-0.000286886 3.16201e-08 8.36959e-05)
(-0.00010625 5.93705e-09 2.06964e-05)
(-2.00302e-05 -1.19183e-09 -7.0753e-06)
(-0.00027453 1.25171e-07 0.000651894)
(-0.000353426 1.79384e-07 0.000732218)
(-0.000436494 2.46963e-07 0.000766671)
(-0.000428369 2.3761e-07 0.000634953)
(-0.000308669 1.41968e-07 0.000384962)
(-0.000151506 4.76943e-08 0.000156084)
(-4.36749e-05 7.81218e-09 3.58248e-05)
(-8.52098e-06 2.331e-09 1.33419e-05)
)
;
    }
    top
    {
        type            calculated;
        value           nonuniform List<vector> 
640
(
(-54.7902 -1.00043 -2.71727)
(-69.1007 -8.29334 -4.55472)
(-82.6961 -6.5203 -6.37249)
(-89.3297 -2.24707 -7.32449)
(-89.3297 2.24707 -7.32449)
(-82.6961 6.5203 -6.37249)
(-69.1007 8.29334 -4.55472)
(-54.7902 1.00043 -2.71727)
(-25.8548 -0.105407 -0.738752)
(-30.8676 -1.54476 -1.01885)
(-32.3398 -1.69654 -1.12395)
(-33.0181 -0.657731 -1.17161)
(-33.0181 0.657731 -1.17161)
(-32.3398 1.69654 -1.12395)
(-30.8676 1.54476 -1.01885)
(-25.8548 0.105407 -0.738752)
(-33.7534 0.0691051 -1.27158)
(-36.308 -0.501676 -1.40494)
(-36.1704 -0.684339 -1.37831)
(-36.0146 -0.298847 -1.36209)
(-36.0146 0.298847 -1.36209)
(-36.1704 0.684339 -1.37831)
(-36.308 0.501676 -1.40494)
(-33.7534 -0.0691051 -1.27158)
(-48.3687 0.0939635 -2.6242)
(-50.4709 -0.038014 -2.74931)
(-51.0924 -0.204582 -2.76532)
(-51.2454 -0.116504 -2.76406)
(-51.2454 0.116504 -2.76406)
(-51.0924 0.204582 -2.76532)
(-50.4709 0.038014 -2.74931)
(-48.3687 -0.0939635 -2.6242)
(-61.5306 0.114933 -4.29837)
(-63.1651 0.300554 -4.40096)
(-64.195 0.149135 -4.46689)
(-64.6304 0.028168 -4.49522)
(-64.6304 -0.028168 -4.49522)
(-64.195 -0.149135 -4.46689)
(-63.1651 -0.300554 -4.40096)
(-61.5306 -0.114933 -4.29837)
(-72.914 0.0918373 -6.13965)
(-74.0937 0.468978 -6.20967)
(-75.079 0.349052 -6.28671)
(-75.5769 0.115315 -6.32915)
(-75.5769 -0.115315 -6.32915)
(-75.079 -0.349052 -6.28671)
(-74.0937 -0.468978 -6.20967)
(-72.914 -0.0918373 -6.13965)
(-82.87 0.0417073 -8.09868)
(-83.6436 0.518625 -8.13277)
(-84.4275 0.435316 -8.19824)
(-84.8684 0.157 -8.24044)
(-84.8684 -0.157 -8.24044)
(-84.4275 -0.435316 -8.19824)
(-83.6436 -0.518625 -8.13277)
(-82.87 -0.0417073 -8.09868)
(-91.6146 -0.01418 -10.1375)
(-92.0485 0.50511 -10.1356)
(-92.607 0.455105 -10.1803)
(-92.9497 0.170882 -10.2143)
(-92.9497 -0.170882 -10.2143)
(-92.607 -0.455105 -10.1803)
(-92.0485 -0.50511 -10.1356)
(-91.6146 0.01418 -10.1375)
(-99.2953 -0.0641203 -12.2236)
(-99.4674 0.466086 -12.189)
(-99.8225 0.442496 -12.2102)
(-100.063 0.170303 -12.2329)
(-100.063 -0.170303 -12.2329)
(-99.8225 -0.442496 -12.2102)
(-99.4674 -0.466086 -12.189)
(-99.2953 0.0641203 -12.2236)
(-106.028 -0.103365 -14.3296)
(-106.009 0.423735 -14.2672)
(-106.197 0.418904 -14.2656)
(-106.348 0.163905 -14.2761)
(-106.348 -0.163905 -14.2761)
(-106.197 -0.418904 -14.2656)
(-106.009 -0.423735 -14.2672)
(-106.028 0.103365 -14.3296)
(-111.905 -0.131117 -16.432)
(-111.752 0.388977 -16.3468)
(-111.811 0.396058 -16.3247)
(-111.888 0.156631 -16.3238)
(-111.888 -0.156631 -16.3238)
(-111.811 -0.396058 -16.3247)
(-111.752 -0.388977 -16.3468)
(-111.905 0.131117 -16.432)
(-117.002 -0.148461 -18.51)
(-116.756 0.365674 -18.4061)
(-116.72 0.379225 -18.3667)
(-116.741 0.15088 -18.3559)
(-116.741 -0.15088 -18.3559)
(-116.72 -0.379225 -18.3667)
(-116.756 -0.365674 -18.4061)
(-117.002 0.148461 -18.51)
(-121.379 -0.157168 -20.5444)
(-121.069 0.353852 -20.4253)
(-120.965 0.369858 -20.3717)
(-120.945 0.1475 -20.3526)
(-120.945 -0.1475 -20.3526)
(-120.965 -0.369858 -20.3717)
(-121.069 -0.353852 -20.4253)
(-121.379 0.157168 -20.5444)
(-125.085 -0.159081 -22.5177)
(-124.731 0.351776 -22.3861)
(-124.58 0.367427 -22.3212)
(-124.531 0.146489 -22.2955)
(-124.531 -0.146489 -22.2955)
(-124.58 -0.367427 -22.3212)
(-124.731 -0.351776 -22.3861)
(-125.085 0.159081 -22.5177)
(-128.163 -0.155845 -24.4142)
(-127.779 0.35715 -24.2722)
(-127.595 0.370566 -24.1983)
(-127.525 0.147453 -24.1674)
(-127.525 -0.147453 -24.1674)
(-127.595 -0.370566 -24.1983)
(-127.779 -0.35715 -24.2722)
(-128.163 0.155845 -24.4142)
(-130.653 -0.148807 -26.22)
(-130.246 0.367749 -26.069)
(-130.04 0.377718 -25.9879)
(-129.956 0.149874 -25.9529)
(-129.956 -0.149874 -25.9529)
(-130.04 -0.377718 -25.9879)
(-130.246 -0.367749 -26.069)
(-130.653 0.148807 -26.22)
(-132.591 -0.139015 -27.9232)
(-132.166 0.381687 -27.7641)
(-131.943 0.387464 -27.6771)
(-131.85 0.153253 -27.6389)
(-131.85 -0.153253 -27.6389)
(-131.943 -0.387464 -27.6771)
(-132.166 -0.381687 -27.7641)
(-132.591 0.139015 -27.9232)
(-134.01 -0.127258 -29.5136)
(-133.57 0.397502 -29.3471)
(-133.335 0.398652 -29.2551)
(-133.235 0.157171 -29.2145)
(-133.235 -0.157171 -29.2145)
(-133.335 -0.398652 -29.2551)
(-133.57 -0.397502 -29.3471)
(-134.01 0.127258 -29.5136)
(-134.944 -0.114119 -30.9829)
(-134.489 0.414125 -30.8094)
(-134.246 0.410413 -30.7132)
(-134.141 0.161308 -30.6705)
(-134.141 -0.161308 -30.6705)
(-134.246 -0.410413 -30.7132)
(-134.489 -0.414125 -30.8094)
(-134.944 0.114119 -30.9829)
(-135.424 -0.100024 -32.3246)
(-134.955 0.430814 -32.1444)
(-134.704 0.422136 -32.0444)
(-134.595 0.165431 -31.9999)
(-134.595 -0.165431 -31.9999)
(-134.704 -0.422136 -32.0444)
(-134.955 -0.430814 -32.1444)
(-135.424 0.100024 -32.3246)
(-135.48 -0.0852861 -33.5338)
(-134.998 0.447078 -33.3471)
(-134.739 0.433412 -33.2437)
(-134.628 0.169387 -33.1976)
(-134.628 -0.169387 -33.1976)
(-134.74 -0.433412 -33.2437)
(-134.998 -0.447078 -33.3471)
(-135.48 0.0852862 -33.5338)
(-135.142 -0.070141 -34.607)
(-134.647 0.462606 -34.4141)
(-134.382 0.443985 -34.3074)
(-134.267 0.173076 -34.2599)
(-134.267 -0.173076 -34.2599)
(-134.382 -0.443985 -34.3074)
(-134.647 -0.462606 -34.4141)
(-135.142 0.070141 -34.607)
(-134.437 -0.0547691 -35.5423)
(-133.93 0.477211 -35.3433)
(-133.658 0.453705 -35.2336)
(-133.541 0.176441 -35.1848)
(-133.541 -0.176441 -35.1848)
(-133.658 -0.453705 -35.2336)
(-133.93 -0.477211 -35.3433)
(-134.437 0.0547691 -35.5423)
(-133.394 -0.0393146 -36.3389)
(-132.874 0.490787 -36.1341)
(-132.597 0.462492 -36.0214)
(-132.477 0.179452 -35.9714)
(-132.477 -0.179452 -35.9714)
(-132.597 -0.462492 -36.0214)
(-132.874 -0.490787 -36.1341)
(-133.394 0.0393146 -36.3389)
(-132.038 -0.0238973 -36.9972)
(-131.507 0.503279 -36.7868)
(-131.224 0.470315 -36.6714)
(-131.102 0.182097 -36.6203)
(-131.102 -0.182097 -36.6203)
(-131.224 -0.470315 -36.6714)
(-131.507 -0.503279 -36.7868)
(-132.038 0.0238973 -36.9972)
(-130.395 -0.00861958 -37.5184)
(-129.853 0.51466 -37.3029)
(-129.566 0.477165 -37.1849)
(-129.441 0.184374 -37.1327)
(-129.441 -0.184374 -37.1327)
(-129.566 -0.477165 -37.1849)
(-129.853 -0.51466 -37.3029)
(-130.395 0.00861959 -37.5184)
(-128.489 0.00642853 -37.9051)
(-127.938 0.524924 -37.6846)
(-127.645 0.483052 -37.5643)
(-127.519 0.186288 -37.5111)
(-127.519 -0.186288 -37.5111)
(-127.645 -0.483052 -37.5643)
(-127.938 -0.524924 -37.6846)
(-128.489 -0.00642852 -37.9051)
(-126.344 0.0211668 -38.1601)
(-125.784 0.534071 -37.9352)
(-125.487 0.487994 -37.8127)
(-125.359 0.187846 -37.7587)
(-125.359 -0.187846 -37.7587)
(-125.487 -0.487994 -37.8127)
(-125.784 -0.534071 -37.9352)
(-126.344 -0.0211668 -38.1601)
(-123.981 0.0355233 -38.2874)
(-123.414 0.542109 -38.0585)
(-123.114 0.49201 -37.934)
(-122.984 0.189058 -37.8792)
(-122.984 -0.189058 -37.8792)
(-123.114 -0.49201 -37.934)
(-123.414 -0.542109 -38.0585)
(-123.981 -0.0355233 -38.2874)
(-121.422 0.0494333 -38.2913)
(-120.849 0.549045 -38.0588)
(-120.546 0.495124 -37.9326)
(-120.415 0.189933 -37.8772)
(-120.415 -0.189933 -37.8772)
(-120.546 -0.495124 -37.9326)
(-120.849 -0.549045 -38.0588)
(-121.422 -0.0494333 -38.2913)
(-118.688 0.0628388 -38.1767)
(-118.11 0.554892 -37.9411)
(-117.804 0.497356 -37.8135)
(-117.672 0.190481 -37.7575)
(-117.672 -0.190481 -37.7575)
(-117.804 -0.497356 -37.8135)
(-118.11 -0.554892 -37.9411)
(-118.688 -0.0628388 -38.1767)
(-115.798 0.0756886 -37.949)
(-115.216 0.55966 -37.7109)
(-114.908 0.498731 -37.5821)
(-114.776 0.190712 -37.5256)
(-114.776 -0.190713 -37.5256)
(-114.908 -0.498731 -37.5821)
(-115.216 -0.55966 -37.7109)
(-115.798 -0.0756886 -37.949)
(-112.769 0.0879377 -37.6138)
(-112.185 0.563363 -37.3737)
(-111.876 0.499269 -37.244)
(-111.743 0.190636 -37.1872)
(-111.743 -0.190636 -37.1872)
(-111.876 -0.499269 -37.244)
(-112.185 -0.563363 -37.3737)
(-112.769 -0.0879377 -37.6138)
(-109.62 0.0995474 -37.1772)
(-109.035 0.566016 -36.9356)
(-108.726 0.498993 -36.8054)
(-108.593 0.190261 -36.7484)
(-108.593 -0.190261 -36.7484)
(-108.726 -0.498993 -36.8054)
(-109.035 -0.566016 -36.9356)
(-109.62 -0.0995474 -37.1772)
(-106.368 0.110485 -36.6455)
(-105.782 0.567635 -36.4029)
(-105.473 0.497925 -36.2724)
(-105.341 0.189596 -36.2153)
(-105.341 -0.189597 -36.2153)
(-105.473 -0.497925 -36.2724)
(-105.782 -0.567635 -36.4029)
(-106.368 -0.110485 -36.6455)
(-103.028 0.120723 -36.025)
(-102.443 0.568238 -35.7821)
(-102.135 0.496087 -35.6515)
(-102.003 0.188652 -35.5945)
(-102.003 -0.188652 -35.5945)
(-102.135 -0.496087 -35.6515)
(-102.443 -0.568238 -35.7821)
(-103.028 -0.120723 -36.025)
(-99.6141 0.130239 -35.3222)
(-99.0323 0.567845 -35.0795)
(-98.726 0.493503 -34.9492)
(-98.5943 0.187437 -34.8924)
(-98.5943 -0.187437 -34.8924)
(-98.726 -0.493503 -34.9492)
(-99.0323 -0.567845 -35.0795)
(-99.6141 -0.130239 -35.3222)
(-96.1417 0.139017 -34.5439)
(-95.5638 0.566479 -34.3018)
(-95.2597 0.490195 -34.1722)
(-95.129 0.18596 -34.1156)
(-95.129 -0.18596 -34.1156)
(-95.2597 -0.490195 -34.1722)
(-95.5638 -0.566479 -34.3018)
(-96.1417 -0.139017 -34.5439)
(-92.6239 0.147046 -33.6965)
(-92.0509 0.564162 -33.4557)
(-91.7496 0.486189 -33.3269)
(-91.6202 0.184232 -33.2708)
(-91.6202 -0.184232 -33.2708)
(-91.7496 -0.486189 -33.3269)
(-92.0509 -0.564162 -33.4557)
(-92.6239 -0.147046 -33.6965)
(-89.0731 0.154316 -32.7867)
(-88.5062 0.560918 -32.5478)
(-88.2084 0.481507 -32.4201)
(-88.0804 0.18226 -32.3646)
(-88.0804 -0.18226 -32.3646)
(-88.2084 -0.481507 -32.4201)
(-88.5062 -0.560918 -32.5478)
(-89.0731 -0.154316 -32.7867)
(-85.5014 0.160826 -31.8212)
(-84.9416 0.556776 -31.5845)
(-84.6478 0.476175 -31.4583)
(-84.5216 0.180056 -31.4034)
(-84.5216 -0.180056 -31.4034)
(-84.6478 -0.476175 -31.4583)
(-84.9416 -0.556776 -31.5845)
(-85.5014 -0.160826 -31.8212)
(-81.9199 0.166576 -30.8063)
(-81.3683 0.551761 -30.5724)
(-81.079 0.470218 -30.4479)
(-80.9547 0.177628 -30.3937)
(-80.9547 -0.177628 -30.3937)
(-81.079 -0.470218 -30.4479)
(-81.3683 -0.551761 -30.5724)
(-81.9199 -0.166576 -30.8063)
(-78.3393 0.171569 -29.7485)
(-77.7967 0.545903 -29.5178)
(-77.5124 0.463661 -29.3952)
(-77.3904 0.174986 -29.342)
(-77.3904 -0.174986 -29.342)
(-77.5124 -0.463661 -29.3952)
(-77.7967 -0.545903 -29.5178)
(-78.3393 -0.171569 -29.7485)
(-74.7694 0.175813 -28.654)
(-74.2368 0.539232 -28.427)
(-73.958 0.456529 -28.3066)
(-73.8383 0.17214 -28.2543)
(-73.8383 -0.17214 -28.2543)
(-73.958 -0.456529 -28.3066)
(-74.2368 -0.539232 -28.427)
(-74.7694 -0.175813 -28.654)
(-71.2195 0.179317 -27.5289)
(-70.6977 0.531778 -27.306)
(-70.4248 0.448848 -27.1879)
(-70.3077 0.169098 -27.1368)
(-70.3077 -0.169098 -27.1368)
(-70.4248 -0.448848 -27.1879)
(-70.6977 -0.531778 -27.306)
(-71.2195 -0.179317 -27.5289)
(-67.6985 0.182094 -26.3791)
(-67.1881 0.523571 -26.1607)
(-66.9216 0.440643 -26.0452)
(-66.8073 0.165872 -25.9952)
(-66.8073 -0.165872 -25.9952)
(-66.9216 -0.440643 -26.0452)
(-67.1881 -0.523571 -26.1607)
(-67.6985 -0.182094 -26.3791)
(-64.2144 0.184158 -25.2103)
(-63.7163 0.514644 -24.9968)
(-63.4564 0.43194 -24.884)
(-63.345 0.162469 -24.8353)
(-63.345 -0.162469 -24.8353)
(-63.4564 -0.43194 -24.884)
(-63.7163 -0.514644 -24.9968)
(-64.2144 -0.184158 -25.2103)
(-60.7751 0.185528 -24.0281)
(-60.2897 0.505028 -23.8197)
(-60.0368 0.422764 -23.7099)
(-59.9285 0.1589 -23.6625)
(-59.9285 -0.1589 -23.6625)
(-60.0368 -0.422764 -23.7099)
(-60.2897 -0.505028 -23.8197)
(-60.7751 -0.185528 -24.0281)
(-57.3875 0.18622 -22.8377)
(-56.9155 0.494756 -22.6348)
(-56.6698 0.41314 -22.528)
(-56.5647 0.155174 -22.482)
(-56.5647 -0.155174 -22.482)
(-56.6698 -0.41314 -22.528)
(-56.9155 -0.494756 -22.6348)
(-57.3875 -0.18622 -22.8377)
(-54.0585 0.186256 -21.6442)
(-53.6002 0.483858 -21.447)
(-53.3621 0.403093 -21.3434)
(-53.2602 0.151299 -21.2988)
(-53.2602 -0.151299 -21.2988)
(-53.3621 -0.403093 -21.3434)
(-53.6002 -0.483858 -21.447)
(-54.0585 -0.186256 -21.6442)
(-50.7942 0.185657 -20.4524)
(-50.3501 0.472368 -20.2612)
(-50.1196 0.392646 -20.1609)
(-50.021 0.147285 -20.1177)
(-50.021 -0.147285 -20.1177)
(-50.1196 -0.392646 -20.1609)
(-50.3501 -0.472368 -20.2612)
(-50.7942 -0.185657 -20.4524)
(-47.6003 0.184445 -19.2669)
(-47.1707 0.460317 -19.0818)
(-46.948 0.381825 -18.9849)
(-46.8529 0.14314 -18.9433)
(-46.8529 -0.14314 -18.9433)
(-46.948 -0.381825 -18.9849)
(-47.1707 -0.460317 -19.0818)
(-47.6003 -0.184445 -19.2669)
(-44.4823 0.182645 -18.0921)
(-44.0674 0.447736 -17.9132)
(-43.8527 0.370651 -17.8198)
(-43.7611 0.138872 -17.7797)
(-43.7611 -0.138872 -17.7797)
(-43.8527 -0.370651 -17.8198)
(-44.0674 -0.447736 -17.9132)
(-44.4823 -0.182645 -18.0921)
(-41.4451 0.18028 -16.932)
(-41.045 0.434657 -16.7595)
(-40.8384 0.359149 -16.6696)
(-40.7503 0.134491 -16.6311)
(-40.7503 -0.134491 -16.6311)
(-40.8384 -0.359149 -16.6696)
(-41.045 -0.434657 -16.7595)
(-41.4451 -0.18028 -16.932)
(-38.4932 0.177376 -15.7904)
(-38.1081 0.421111 -15.6244)
(-37.9096 0.347341 -15.5381)
(-37.8251 0.130003 -15.5012)
(-37.8251 -0.130003 -15.5012)
(-37.9096 -0.347341 -15.5381)
(-38.1081 -0.421111 -15.6244)
(-38.4932 -0.177376 -15.7904)
(-35.6308 0.173959 -14.6711)
(-35.2608 0.407128 -14.5115)
(-35.0704 0.335249 -14.4288)
(-34.9894 0.125418 -14.3935)
(-34.9894 -0.125418 -14.3935)
(-35.0704 -0.335249 -14.4288)
(-35.2608 -0.407128 -14.5115)
(-35.6308 -0.173959 -14.6711)
(-32.8619 0.170053 -13.5772)
(-32.5068 0.392737 -13.4242)
(-32.3246 0.322894 -13.3451)
(-32.2472 0.120742 -13.3113)
(-32.2472 -0.120742 -13.3113)
(-32.3246 -0.322894 -13.3451)
(-32.5068 -0.392737 -13.4242)
(-32.8619 -0.170053 -13.5772)
(-30.1898 0.165686 -12.5119)
(-29.8498 0.377968 -12.3654)
(-29.6756 0.310296 -12.2899)
(-29.6016 0.115984 -12.2576)
(-29.6016 -0.115984 -12.2576)
(-29.6756 -0.310296 -12.2899)
(-29.8498 -0.377968 -12.3654)
(-30.1898 -0.165686 -12.5119)
(-27.6179 0.160882 -11.478)
(-27.2927 0.362849 -11.338)
(-27.1265 0.297476 -11.266)
(-27.056 0.111149 -11.2354)
(-27.056 -0.111149 -11.2354)
(-27.1265 -0.297476 -11.266)
(-27.2927 -0.362849 -11.338)
(-27.6179 -0.160882 -11.478)
(-25.149 0.155669 -10.4783)
(-24.8384 0.347406 -10.3447)
(-24.6801 0.284452 -10.2762)
(-24.6131 0.106244 -10.247)
(-24.6131 -0.106244 -10.247)
(-24.6801 -0.284452 -10.2762)
(-24.8384 -0.347406 -10.3447)
(-25.149 -0.155669 -10.4783)
(-22.7857 0.150072 -9.51495)
(-22.4896 0.331668 -9.38766)
(-22.339 0.271243 -9.32259)
(-22.2753 0.101277 -9.295)
(-22.2753 -0.101277 -9.295)
(-22.339 -0.271243 -9.3226)
(-22.4896 -0.331669 -9.38766)
(-22.7857 -0.150072 -9.51495)
(-20.5305 0.144119 -8.59028)
(-20.2485 0.315663 -8.46919)
(-20.1054 0.25787 -8.40748)
(-20.0451 0.0962544 -8.38136)
(-20.0451 -0.0962545 -8.38136)
(-20.1054 -0.25787 -8.40748)
(-20.2485 -0.315663 -8.46919)
(-20.5305 -0.144119 -8.59028)
(-18.3855 0.13783 -7.70623)
(-18.1172 0.299408 -7.59118)
(-17.9815 0.244343 -7.53274)
(-17.9244 0.0911804 -7.50807)
(-17.9244 -0.0911805 -7.50807)
(-17.9815 -0.244343 -7.53274)
(-18.1172 -0.299408 -7.59118)
(-18.3855 -0.13783 -7.70623)
(-16.3524 0.131228 -6.86453)
(-16.0975 0.28292 -6.75535)
(-15.969 0.230674 -6.7001)
(-15.9151 0.0860576 -6.67683)
(-15.9151 -0.0860577 -6.67683)
(-15.969 -0.230674 -6.7001)
(-16.0975 -0.28292 -6.75535)
(-16.3524 -0.131228 -6.86453)
(-14.433 0.124335 -6.06672)
(-14.1911 0.266217 -5.96324)
(-14.0695 0.216868 -5.91106)
(-14.0186 0.0808881 -5.88916)
(-14.0186 -0.0808882 -5.88916)
(-14.0695 -0.216869 -5.91106)
(-14.1911 -0.266217 -5.96324)
(-14.433 -0.124335 -6.06672)
(-12.6285 0.11717 -5.31416)
(-12.3992 0.249308 -5.21618)
(-12.2844 0.202929 -5.16698)
(-12.2365 0.0756713 -5.1464)
(-12.2365 -0.0756714 -5.1464)
(-12.2844 -0.202929 -5.16698)
(-12.3992 -0.249308 -5.21618)
(-12.6285 -0.11717 -5.31416)
(-10.9403 0.109746 -4.60802)
(-10.7231 0.232186 -4.51533)
(-10.6148 0.188845 -4.46902)
(-10.5698 0.0704036 -4.44973)
(-10.5698 -0.0704037 -4.44973)
(-10.6148 -0.188845 -4.46902)
(-10.7231 -0.232186 -4.51533)
(-10.9403 -0.109746 -4.60802)
(-9.36938 0.102068 -3.94932)
(-9.16375 0.214831 -3.86172)
(-9.06187 0.174594 -3.8182)
(-9.01972 0.0650756 -3.80017)
(-9.01972 -0.0650757 -3.80017)
(-9.06187 -0.174594 -3.81821)
(-9.16375 -0.214831 -3.86172)
(-9.36938 -0.102068 -3.94932)
(-7.91647 0.0941263 -3.33888)
(-7.72208 0.197194 -3.25618)
(-7.62644 0.16013 -3.21541)
(-7.58715 0.0596682 -3.19863)
(-7.58715 -0.0596682 -3.19863)
(-7.62644 -0.16013 -3.21541)
(-7.72208 -0.197194 -3.25618)
(-7.91647 -0.0941263 -3.33888)
(-6.58225 0.0858979 -2.77741)
(-6.39877 0.179193 -2.69945)
(-6.3094 0.145379 -2.66141)
(-6.27304 0.0541532 -2.64591)
(-6.27304 -0.0541532 -2.64591)
(-6.3094 -0.145379 -2.66141)
(-6.39877 -0.179193 -2.69945)
(-6.58225 -0.0858979 -2.77741)
(-5.36723 0.0773339 -2.26545)
(-5.19452 0.1607 -2.19216)
(-5.11159 0.130235 -2.15691)
(-5.07834 0.0484921 -2.14275)
(-5.07834 -0.0484921 -2.14275)
(-5.11159 -0.130235 -2.15691)
(-5.19452 -0.1607 -2.19216)
(-5.36723 -0.0773339 -2.26545)
(-4.2718 0.0683575 -1.80343)
(-4.11001 0.141538 -1.73486)
(-4.03396 0.114565 -1.70258)
(-4.0041 0.0426379 -1.68989)
(-4.0041 -0.042638 -1.68989)
(-4.03396 -0.114565 -1.70258)
(-4.11001 -0.141538 -1.73486)
(-4.2718 -0.0683575 -1.80343)
(-3.29635 0.0588631 -1.39175)
(-3.14613 0.121496 -1.32815)
(-3.07772 0.098224 -1.29915)
(-3.05168 0.0365456 -1.28809)
(-3.05168 -0.0365457 -1.28809)
(-3.07772 -0.098224 -1.29915)
(-3.14613 -0.121496 -1.32815)
(-3.29635 -0.0588631 -1.39175)
(-2.44153 0.0487269 -1.03084)
(-2.30423 0.100371 -0.972752)
(-2.24457 0.0811174 -0.947491)
(-2.22286 0.0301948 -0.938288)
(-2.22286 -0.0301948 -0.938288)
(-2.24457 -0.0811173 -0.94749)
(-2.30422 -0.100371 -0.972752)
(-2.44153 -0.0487269 -1.03084)
(-1.70867 0.0378477 -0.721352)
(-1.58656 0.0780969 -0.669741)
(-1.53701 0.0633064 -0.64878)
(-1.52015 0.0236326 -0.641638)
(-1.52015 -0.0236324 -0.641637)
(-1.53701 -0.0633063 -0.64878)
(-1.58656 -0.0780969 -0.66974)
(-1.70867 -0.0378478 -0.721352)
(-1.10036 0.0262595 -0.464469)
(-0.996861 0.0549937 -0.420755)
(-0.958708 0.0452018 -0.404628)
(-0.946951 0.0170372 -0.399653)
(-0.946949 -0.0170367 -0.399653)
(-0.958706 -0.0452017 -0.404627)
(-0.996861 -0.0549941 -0.420754)
(-1.10036 -0.0262598 -0.46447)
(-0.621283 0.0143609 -0.262193)
(-0.540751 0.0321946 -0.228199)
(-0.514657 0.0278163 -0.217178)
(-0.507797 0.0107877 -0.214277)
(-0.507797 -0.0107866 -0.214277)
(-0.514659 -0.0278164 -0.217178)
(-0.540754 -0.0321954 -0.2282)
(-0.621287 -0.0143614 -0.262195)
(-0.277922 0.00322015 -0.11726)
(-0.224691 0.0120169 -0.0948002)
(-0.210479 0.0128994 -0.0888019)
(-0.207739 0.005483 -0.0876439)
(-0.207745 -0.00548289 -0.0876465)
(-0.210487 -0.0128998 -0.088805)
(-0.224696 -0.0120175 -0.0948026)
(-0.27792 -0.00322025 -0.117259)
(-0.0704299 -0.00474285 -0.0297093)
(-0.0480679 -0.0016579 -0.0202771)
(-0.0451474 0.00271325 -0.0190453)
(-0.0455242 0.00181643 -0.0192038)
(-0.0455321 -0.001819 -0.0192072)
(-0.0451557 -0.00271281 -0.0190488)
(-0.0480672 0.00165849 -0.0202768)
(-0.0704283 0.004743 -0.0297087)
(0.0158104 -0.00540056 0.00666601)
(0.00866409 -0.00315941 0.00364859)
(0.00495879 -0.000364188 0.00208572)
(0.00267874 0.000272143 0.00112407)
(0.00268374 -0.000273878 0.00112616)
(0.00496452 0.000364647 0.00208812)
(0.00866734 0.00315997 0.00364998)
(0.0158172 0.00540081 0.00666888)
)
;
    }
    bottom
    {
        type            calculated;
        value           nonuniform List<vector> 
640
(
(-63.567 -6.16112 0.987508)
(-75.5494 -8.68492 -0.527671)
(-85.6493 -5.79483 -1.80224)
(-90.3819 -1.92133 -2.42636)
(-90.3819 1.92133 -2.42636)
(-85.6493 5.79483 -1.80224)
(-75.5494 8.68492 -0.527671)
(-63.567 6.16112 0.987508)
(-38.9339 -1.77601 2.63887)
(-42.502 -3.01251 2.3949)
(-43.8907 -2.32599 2.27826)
(-44.6445 -0.816216 2.2156)
(-44.6445 0.816216 2.2156)
(-43.8907 2.32599 2.27826)
(-42.502 3.01251 2.3949)
(-38.9339 1.77601 2.63887)
(-45.6812 -0.851533 2.06122)
(-48.2016 -1.59692 1.89984)
(-48.3334 -1.34217 1.89621)
(-48.4091 -0.50331 1.88967)
(-48.4091 0.50331 1.88967)
(-48.3334 1.34217 1.89621)
(-48.2016 1.59692 1.89984)
(-45.6812 0.851533 2.06122)
(-58.6334 -0.430115 0.735633)
(-61.0556 -0.881386 0.549041)
(-61.6336 -0.809778 0.514701)
(-61.7932 -0.322616 0.503951)
(-61.7932 0.322616 0.503951)
(-61.6336 0.809778 0.514701)
(-61.0556 0.881386 0.549041)
(-58.6334 0.430115 0.735633)
(-71.7089 -0.122962 -0.979712)
(-73.5595 -0.350772 -1.14305)
(-74.3871 -0.385064 -1.21095)
(-74.6775 -0.166359 -1.23574)
(-74.6775 0.166359 -1.23574)
(-74.3871 0.385064 -1.21095)
(-73.5595 0.350772 -1.14305)
(-71.7089 0.122962 -0.979712)
(-83.8245 0.0982765 -2.95399)
(-85.0589 0.00854553 -3.07053)
(-85.8238 -0.0834411 -3.14374)
(-86.1452 -0.0504334 -3.17572)
(-86.1452 0.0504334 -3.17572)
(-85.8238 0.0834411 -3.14374)
(-85.0589 -0.00854553 -3.07053)
(-83.8245 -0.0982765 -2.95399)
(-94.7473 0.254737 -5.10699)
(-95.4632 0.243047 -5.17183)
(-96.034 0.117183 -5.23051)
(-96.309 0.0282646 -5.26058)
(-96.309 -0.0282646 -5.26058)
(-96.034 -0.117183 -5.23051)
(-95.4632 -0.243047 -5.17183)
(-94.7473 -0.254737 -5.10699)
(-104.446 0.364766 -7.37573)
(-104.756 0.39613 -7.39023)
(-105.111 0.247815 -7.42493)
(-105.305 0.079799 -7.44653)
(-105.305 -0.079799 -7.44653)
(-105.111 -0.247815 -7.42493)
(-104.756 -0.39613 -7.39023)
(-104.446 -0.364766 -7.37573)
(-112.959 0.442754 -9.70849)
(-112.972 0.49853 -9.6783)
(-113.137 0.333803 -9.68668)
(-113.246 0.113573 -9.69675)
(-113.246 -0.113573 -9.69675)
(-113.137 -0.333803 -9.68668)
(-112.972 -0.49853 -9.6783)
(-112.959 -0.442754 -9.70849)
(-120.35 0.499339 -12.062)
(-120.16 0.570491 -11.995)
(-120.177 0.392835 -11.9789)
(-120.213 0.136493 -11.9771)
(-120.213 -0.136493 -11.9771)
(-120.177 -0.392835 -11.9789)
(-120.16 -0.570491 -11.995)
(-120.35 -0.499339 -12.062)
(-126.692 0.54172 -14.4001)
(-126.373 0.624494 -14.3046)
(-126.286 0.436135 -14.268)
(-126.266 0.153053 -14.2555)
(-126.266 -0.153053 -14.2555)
(-126.286 -0.436135 -14.268)
(-126.373 -0.624494 -14.3046)
(-126.692 -0.54172 -14.4001)
(-132.063 0.574452 -16.6929)
(-131.672 0.667758 -16.5767)
(-131.516 0.470308 -16.524)
(-131.457 0.165942 -16.5028)
(-131.457 -0.165942 -16.5028)
(-131.516 -0.470308 -16.524)
(-131.672 -0.667758 -16.5767)
(-132.063 -0.574452 -16.6929)
(-136.536 0.600313 -18.9156)
(-136.113 0.704225 -18.7855)
(-135.917 0.49899 -18.7212)
(-135.834 0.176657 -18.6933)
(-135.834 -0.176657 -18.6933)
(-135.917 -0.49899 -18.7212)
(-136.113 -0.704225 -18.7855)
(-136.536 -0.600313 -18.9156)
(-140.182 0.620978 -21.0476)
(-139.756 0.735934 -20.9093)
(-139.541 0.524059 -20.8371)
(-139.444 0.185984 -20.8046)
(-139.444 -0.185984 -20.8046)
(-139.541 -0.524059 -20.8371)
(-139.756 -0.735934 -20.9093)
(-140.182 -0.620978 -21.0476)
(-143.067 0.637471 -23.0719)
(-142.655 0.763896 -22.93)
(-142.437 0.546424 -22.8533)
(-142.335 0.194305 -22.8178)
(-142.335 -0.194305 -22.8178)
(-142.437 -0.546424 -22.8533)
(-142.655 -0.763896 -22.93)
(-143.067 -0.637471 -23.0719)
(-145.249 0.650449 -24.9749)
(-144.865 0.788604 -24.833)
(-144.654 0.5665 -24.7543)
(-144.552 0.201795 -24.7172)
(-144.552 -0.201795 -24.7172)
(-144.654 -0.5665 -24.7543)
(-144.865 -0.788604 -24.833)
(-145.249 -0.650449 -24.9749)
(-146.786 0.660365 -26.7452)
(-146.437 0.810319 -26.6062)
(-146.239 0.584476 -26.5276)
(-146.141 0.208532 -26.49)
(-146.141 -0.208532 -26.49)
(-146.239 -0.584476 -26.5276)
(-146.437 -0.810319 -26.6062)
(-146.786 -0.660365 -26.7452)
(-147.728 0.667557 -28.3743)
(-147.419 0.829205 -28.2404)
(-147.238 0.600449 -28.1634)
(-147.147 0.214554 -28.1261)
(-147.147 -0.214554 -28.1261)
(-147.238 -0.600449 -28.1634)
(-147.419 -0.829205 -28.2404)
(-147.728 -0.667557 -28.3743)
(-148.123 0.672296 -29.8555)
(-147.856 0.845397 -29.7286)
(-147.695 0.614492 -29.6543)
(-147.612 0.219886 -29.6181)
(-147.612 -0.219886 -29.6181)
(-147.695 -0.614492 -29.6543)
(-147.856 -0.845397 -29.7286)
(-148.123 -0.672296 -29.8555)
(-148.016 0.674812 -31.1842)
(-147.793 0.859024 -31.0657)
(-147.652 0.626674 -30.9952)
(-147.579 0.224549 -30.9604)
(-147.579 -0.224549 -30.9604)
(-147.652 -0.626674 -30.9952)
(-147.793 -0.859024 -31.0657)
(-148.016 -0.674812 -31.1842)
(-147.45 0.675308 -32.3577)
(-147.269 0.870211 -32.2486)
(-147.15 0.637066 -32.1825)
(-147.086 0.228568 -32.1496)
(-147.086 -0.228568 -32.1496)
(-147.15 -0.637066 -32.1825)
(-147.269 -0.870211 -32.2486)
(-147.45 -0.675308 -32.3577)
(-146.463 0.673962 -33.3747)
(-146.325 0.879084 -33.2759)
(-146.227 0.645745 -33.2147)
(-146.172 0.231969 -33.1839)
(-146.172 -0.231969 -33.1839)
(-146.227 -0.645745 -33.2147)
(-146.325 -0.879084 -33.2759)
(-146.463 -0.673962 -33.3747)
(-145.093 0.670937 -34.2353)
(-144.996 0.885764 -34.1474)
(-144.919 0.652785 -34.0916)
(-144.874 0.234776 -34.0631)
(-144.874 -0.234776 -34.0631)
(-144.919 -0.652785 -34.0916)
(-144.996 -0.885764 -34.1474)
(-145.093 -0.670937 -34.2353)
(-143.374 0.666381 -34.941)
(-143.317 0.890369 -34.8644)
(-143.261 0.658262 -34.8142)
(-143.224 0.237016 -34.7882)
(-143.224 -0.237016 -34.7882)
(-143.261 -0.658262 -34.8142)
(-143.317 -0.890369 -34.8644)
(-143.374 -0.666381 -34.941)
(-141.341 0.660432 -35.4943)
(-141.322 0.89301 -35.4294)
(-141.285 0.66225 -35.3851)
(-141.257 0.238714 -35.3616)
(-141.257 -0.238714 -35.3616)
(-141.285 -0.66225 -35.3851)
(-141.322 -0.89301 -35.4294)
(-141.341 -0.660432 -35.4943)
(-139.025 0.653216 -35.8989)
(-139.041 0.893797 -35.8457)
(-139.022 0.66482 -35.8073)
(-139.004 0.239894 -35.7866)
(-139.004 -0.239894 -35.7866)
(-139.022 -0.66482 -35.8073)
(-139.041 -0.893797 -35.8457)
(-139.025 -0.653216 -35.8989)
(-136.454 0.644855 -36.1592)
(-136.504 0.892834 -36.1177)
(-136.503 0.666041 -36.0852)
(-136.492 0.240581 -36.0672)
(-136.492 -0.240581 -36.0672)
(-136.503 -0.666041 -36.0852)
(-136.504 -0.892834 -36.1177)
(-136.454 -0.644855 -36.1592)
(-133.657 0.63546 -36.2802)
(-133.738 0.890222 -36.2503)
(-133.753 0.665981 -36.2238)
(-133.75 0.240798 -36.2084)
(-133.75 -0.240798 -36.2084)
(-133.753 -0.665981 -36.2238)
(-133.738 -0.890222 -36.2503)
(-133.657 -0.63546 -36.2802)
(-130.661 0.62514 -36.2677)
(-130.77 0.886062 -36.2492)
(-130.8 0.664707 -36.2285)
(-130.804 0.240569 -36.2158)
(-130.804 -0.240569 -36.2158)
(-130.8 -0.664707 -36.2285)
(-130.77 -0.886062 -36.2492)
(-130.661 -0.62514 -36.2677)
(-127.488 0.613996 -36.128)
(-127.624 0.880449 -36.1205)
(-127.668 0.662284 -36.1055)
(-127.679 0.239916 -36.0954)
(-127.679 -0.239916 -36.0954)
(-127.668 -0.662284 -36.1055)
(-127.624 -0.880449 -36.1205)
(-127.488 -0.613996 -36.128)
(-124.164 0.602125 -35.8677)
(-124.324 0.873478 -35.8708)
(-124.38 0.658778 -35.8612)
(-124.397 0.238862 -35.8537)
(-124.397 -0.238862 -35.8537)
(-124.38 -0.658778 -35.8612)
(-124.324 -0.873478 -35.8708)
(-124.164 -0.602125 -35.8677)
(-120.708 0.589617 -35.4938)
(-120.89 0.865241 -35.507)
(-120.958 0.654252 -35.5027)
(-120.98 0.23743 -35.4975)
(-120.98 -0.23743 -35.4975)
(-120.958 -0.654252 -35.5027)
(-120.89 -0.865241 -35.507)
(-120.708 -0.589617 -35.4938)
(-117.143 0.576558 -35.0135)
(-117.343 0.855828 -35.0361)
(-117.422 0.648767 -35.0368)
(-117.449 0.235641 -35.034)
(-117.449 -0.235641 -35.034)
(-117.422 -0.648767 -35.0368)
(-117.343 -0.855828 -35.0361)
(-117.143 -0.576558 -35.0135)
(-113.485 0.56303 -34.4341)
(-113.703 0.845324 -34.4656)
(-113.79 0.642385 -34.471)
(-113.822 0.233517 -34.4704)
(-113.822 -0.233517 -34.4704)
(-113.79 -0.642385 -34.471)
(-113.703 -0.845324 -34.4656)
(-113.485 -0.56303 -34.4341)
(-109.754 0.549108 -33.7631)
(-109.986 0.833812 -33.8028)
(-110.081 0.635163 -33.8125)
(-110.117 0.231078 -33.814)
(-110.117 -0.231078 -33.814)
(-110.081 -0.635163 -33.8125)
(-109.986 -0.833812 -33.8028)
(-109.754 -0.549108 -33.7631)
(-105.966 0.534862 -33.0079)
(-106.21 0.821371 -33.0551)
(-106.312 0.62716 -33.0689)
(-106.351 0.228345 -33.0723)
(-106.351 -0.228345 -33.0723)
(-106.312 -0.62716 -33.0689)
(-106.21 -0.821371 -33.0551)
(-105.966 -0.534862 -33.0079)
(-102.136 0.520359 -32.176)
(-102.39 0.808079 -32.2301)
(-102.497 0.61843 -32.2475)
(-102.539 0.225338 -32.2526)
(-102.539 -0.225338 -32.2526)
(-102.497 -0.61843 -32.2475)
(-102.39 -0.808079 -32.2301)
(-102.136 -0.520359 -32.176)
(-98.2776 0.50566 -31.2749)
(-98.5395 0.794007 -31.335)
(-98.6517 0.609026 -31.3557)
(-98.6959 0.222076 -31.3625)
(-98.6959 -0.222076 -31.3625)
(-98.6517 -0.609026 -31.3557)
(-98.5395 -0.794007 -31.335)
(-98.2776 -0.50566 -31.2749)
(-94.4052 0.49082 -30.3118)
(-94.6729 0.779224 -30.3772)
(-94.7887 0.598999 -30.4009)
(-94.835 0.218577 -30.4091)
(-94.835 -0.218577 -30.4091)
(-94.7887 -0.598999 -30.4009)
(-94.6729 -0.779224 -30.3772)
(-94.4052 -0.49082 -30.3118)
(-90.5307 0.47589 -29.2939)
(-90.8023 0.763795 -29.3638)
(-90.9208 0.588395 -29.3901)
(-90.9686 0.214857 -29.3996)
(-90.9686 -0.214857 -29.3996)
(-90.9208 -0.588395 -29.3901)
(-90.8023 -0.763795 -29.3638)
(-90.5307 -0.47589 -29.2939)
(-86.6655 0.460918 -28.2283)
(-86.9392 0.747781 -28.3019)
(-87.0594 0.577261 -28.3304)
(-87.1083 0.210934 -28.341)
(-87.1083 -0.210934 -28.341)
(-87.0594 -0.577261 -28.3304)
(-86.9392 -0.747781 -28.3019)
(-86.6655 -0.460918 -28.2283)
(-82.8203 0.445946 -27.1216)
(-83.0942 0.73124 -27.1982)
(-83.2153 0.565641 -27.2285)
(-83.2649 0.206823 -27.2401)
(-83.2649 -0.206823 -27.2401)
(-83.2153 -0.565641 -27.2285)
(-83.0942 -0.73124 -27.1982)
(-82.8203 -0.445946 -27.1216)
(-79.0046 0.431012 -25.9805)
(-79.2771 0.714227 -26.0594)
(-79.3983 0.553575 -26.0912)
(-79.4484 0.20254 -26.1036)
(-79.4483 -0.20254 -26.1036)
(-79.3983 -0.553575 -26.0912)
(-79.2771 -0.714227 -26.0594)
(-79.0046 -0.431012 -25.9805)
(-75.2276 0.416151 -24.8113)
(-75.4972 0.696792 -24.8918)
(-75.6176 0.541102 -24.9248)
(-75.6677 0.198098 -24.9378)
(-75.6677 -0.198098 -24.9378)
(-75.6176 -0.541102 -24.9248)
(-75.4972 -0.696792 -24.8918)
(-75.2276 -0.416151 -24.8113)
(-71.4975 0.401394 -23.6202)
(-71.7627 0.678982 -23.7015)
(-71.8817 0.528259 -23.7353)
(-71.9315 0.193511 -23.7489)
(-71.9315 -0.193512 -23.7489)
(-71.8817 -0.528259 -23.7353)
(-71.7627 -0.678982 -23.7015)
(-71.4975 -0.401394 -23.6202)
(-67.8218 0.386768 -22.413)
(-68.0814 0.660844 -22.4946)
(-68.1983 0.515082 -22.5288)
(-68.2475 0.188793 -22.5427)
(-68.2475 -0.188793 -22.5427)
(-68.1983 -0.515082 -22.5288)
(-68.0814 -0.660844 -22.4946)
(-67.8218 -0.386768 -22.413)
(-64.2076 0.372296 -21.1953)
(-64.4603 0.642417 -21.2764)
(-64.5745 0.501601 -21.3109)
(-64.6228 0.183953 -21.325)
(-64.6228 -0.183954 -21.325)
(-64.5745 -0.501601 -21.3109)
(-64.4603 -0.642417 -21.2764)
(-64.2076 -0.372296 -21.1953)
(-60.6613 0.357999 -19.9724)
(-60.9059 0.62374 -20.0525)
(-61.0169 0.487849 -20.0868)
(-61.0641 0.179006 -20.101)
(-61.0641 -0.179006 -20.101)
(-61.0169 -0.487849 -20.0868)
(-60.9059 -0.62374 -20.0525)
(-60.6613 -0.357999 -19.9724)
(-57.1887 0.343894 -18.7492)
(-57.4243 0.604849 -18.8278)
(-57.5315 0.473854 -18.8617)
(-57.5773 0.17396 -18.8758)
(-57.5773 -0.17396 -18.8758)
(-57.5315 -0.473854 -18.8617)
(-57.4243 -0.604849 -18.8278)
(-57.1887 -0.343894 -18.7492)
(-53.7951 0.329997 -17.5307)
(-54.0207 0.585778 -17.6072)
(-54.1237 0.459644 -17.6404)
(-54.1679 0.168826 -17.6544)
(-54.1679 -0.168826 -17.6544)
(-54.1237 -0.459644 -17.6404)
(-54.0207 -0.585778 -17.6072)
(-53.7951 -0.329997 -17.5307)
(-50.4854 0.316319 -16.3211)
(-50.7003 0.566556 -16.3951)
(-50.7986 0.445242 -16.4274)
(-50.841 0.163613 -16.4411)
(-50.841 -0.163614 -16.4411)
(-50.7986 -0.445242 -16.4274)
(-50.7003 -0.566556 -16.3951)
(-50.4854 -0.316319 -16.3211)
(-47.2639 0.302869 -15.1248)
(-47.4673 0.547211 -15.1958)
(-47.5606 0.430673 -15.2269)
(-47.6011 0.158331 -15.2402)
(-47.6011 -0.158331 -15.2402)
(-47.5606 -0.430673 -15.2269)
(-47.4673 -0.547211 -15.1958)
(-47.2639 -0.302869 -15.1248)
(-44.1346 0.289655 -13.9456)
(-44.3259 0.52777 -14.0132)
(-44.4139 0.415959 -14.043)
(-44.4523 0.152988 -14.0558)
(-44.4523 -0.152987 -14.0558)
(-44.4139 -0.415959 -14.043)
(-44.3259 -0.52777 -14.0132)
(-44.1346 -0.289655 -13.9456)
(-41.1011 0.276682 -12.7872)
(-41.2798 0.508255 -12.851)
(-41.3622 0.401119 -12.8793)
(-41.3984 0.14759 -12.8916)
(-41.3984 -0.14759 -12.8916)
(-41.3622 -0.401119 -12.8793)
(-41.2798 -0.508255 -12.851)
(-41.1011 -0.276682 -12.7872)
(-38.1666 0.263952 -11.6529)
(-38.3323 0.488688 -11.7126)
(-38.4089 0.386174 -11.7392)
(-38.4427 0.142146 -11.7509)
(-38.4427 -0.142146 -11.7509)
(-38.4089 -0.386174 -11.7392)
(-38.3323 -0.488688 -11.7126)
(-38.1666 -0.263953 -11.6529)
(-35.3339 0.251468 -10.5458)
(-35.4863 0.469088 -10.6012)
(-35.5569 0.37114 -10.626)
(-35.5883 0.136662 -10.6369)
(-35.5883 -0.136662 -10.6369)
(-35.5569 -0.37114 -10.626)
(-35.4863 -0.469088 -10.6012)
(-35.3339 -0.251468 -10.5458)
(-32.6056 0.239227 -9.4688)
(-32.7444 0.449473 -9.51962)
(-32.8088 0.356034 -9.54246)
(-32.8377 0.131145 -9.55262)
(-32.8377 -0.131145 -9.55262)
(-32.8088 -0.356034 -9.54246)
(-32.7444 -0.449473 -9.51962)
(-32.6056 -0.239227 -9.4688)
(-29.9841 0.227229 -8.42452)
(-30.109 0.429859 -8.47057)
(-30.1672 0.340871 -8.49134)
(-30.1935 0.1256 -8.50068)
(-30.1935 -0.1256 -8.50068)
(-30.1672 -0.340871 -8.49134)
(-30.109 -0.429859 -8.47057)
(-29.9841 -0.227229 -8.42452)
(-27.4711 0.215469 -7.41531)
(-27.5821 0.41026 -7.45643)
(-27.6339 0.325663 -7.47505)
(-27.6577 0.120032 -7.48353)
(-27.6577 -0.120032 -7.48353)
(-27.6339 -0.325663 -7.47505)
(-27.5821 -0.41026 -7.45643)
(-27.4711 -0.215469 -7.41531)
(-25.0685 0.203943 -6.44331)
(-25.1655 0.390688 -6.47938)
(-25.211 0.310424 -6.49578)
(-25.2321 0.114447 -6.50336)
(-25.2321 -0.114447 -6.50336)
(-25.211 -0.310424 -6.49578)
(-25.1655 -0.390688 -6.47938)
(-25.0685 -0.203943 -6.44331)
(-22.7777 0.192644 -5.51044)
(-22.8608 0.371153 -5.54139)
(-22.8999 0.295165 -5.55551)
(-22.9183 0.108848 -5.56216)
(-22.9183 -0.108848 -5.56216)
(-22.8999 -0.295165 -5.55551)
(-22.8608 -0.371153 -5.54139)
(-22.7777 -0.192644 -5.51044)
(-20.6 0.181565 -4.61843)
(-20.6693 0.351663 -4.64419)
(-20.702 0.279893 -4.65599)
(-20.7178 0.103239 -4.6617)
(-20.7178 -0.103239 -4.6617)
(-20.702 -0.279893 -4.65599)
(-20.6693 -0.351663 -4.64419)
(-20.6 -0.181565 -4.61843)
(-18.5365 0.170695 -3.76878)
(-18.5921 0.332225 -3.78934)
(-18.6185 0.264617 -3.79881)
(-18.6316 0.0976233 -3.80356)
(-18.6316 -0.0976233 -3.80356)
(-18.6185 -0.264617 -3.79881)
(-18.5921 -0.332225 -3.78934)
(-18.5365 -0.170695 -3.76878)
(-16.588 0.160025 -2.96283)
(-16.6301 0.312838 -2.97818)
(-16.6503 0.249339 -2.98531)
(-16.6609 0.0920018 -2.9891)
(-16.6608 -0.0920019 -2.9891)
(-16.6503 -0.249339 -2.98531)
(-16.6301 -0.312838 -2.97818)
(-16.588 -0.160025 -2.96283)
(-14.7552 0.149542 -2.2017)
(-14.7841 0.293503 -2.2119)
(-14.7982 0.234059 -2.2167)
(-14.8062 0.086374 -2.21953)
(-14.8062 -0.086374 -2.21953)
(-14.7982 -0.234059 -2.2167)
(-14.7841 -0.293503 -2.2119)
(-14.7552 -0.149541 -2.2017)
(-13.0387 0.139229 -1.4864)
(-13.0546 0.274208 -1.4915)
(-13.0628 0.218769 -1.49401)
(-13.0684 0.0807369 -1.4959)
(-13.0684 -0.0807369 -1.4959)
(-13.0628 -0.218769 -1.49401)
(-13.0546 -0.274208 -1.4915)
(-13.0387 -0.139229 -1.4864)
(-11.4389 0.129065 -0.81773)
(-11.4422 0.254932 -0.817837)
(-11.4447 0.203451 -0.818111)
(-11.4479 0.0750839 -0.819087)
(-11.4479 -0.0750839 -0.819087)
(-11.4447 -0.203451 -0.818111)
(-11.4422 -0.254932 -0.817837)
(-11.4389 -0.129065 -0.81773)
(-9.95599 0.119019 -0.196368)
(-9.9472 0.235633 -0.191617)
(-9.94423 0.188073 -0.189744)
(-9.9452 0.0694025 -0.189857)
(-9.9452 -0.0694024 -0.189857)
(-9.94423 -0.188073 -0.189744)
(-9.9472 -0.235633 -0.191617)
(-9.95599 -0.119019 -0.196367)
(-8.59012 0.109051 0.377156)
(-8.56972 0.216247 0.386582)
(-8.56169 0.17258 0.390465)
(-8.56066 0.063672 0.391139)
(-8.56066 -0.0636718 0.391139)
(-8.56169 -0.17258 0.390465)
(-8.56972 -0.216247 0.386582)
(-8.59012 -0.109052 0.377156)
(-7.34127 0.0991026 0.902439)
(-7.30996 0.196673 0.916291)
(-7.29739 0.15689 0.921982)
(-7.29465 0.0578619 0.923329)
(-7.29465 -0.0578617 0.923329)
(-7.29739 -0.15689 0.921982)
(-7.30996 -0.196673 0.916291)
(-7.34127 -0.0991027 0.90244)
(-6.20936 0.0890916 1.37919)
(-6.16804 0.176766 1.39712)
(-6.15168 0.140889 1.40432)
(-6.14762 0.0519305 1.40618)
(-6.14762 -0.0519304 1.40618)
(-6.15168 -0.140889 1.40432)
(-6.16804 -0.176766 1.39712)
(-6.20935 -0.0890916 1.37919)
(-5.19424 0.0789076 1.8072)
(-5.14419 0.156328 1.8287)
(-5.12505 0.124431 1.837)
(-5.12024 0.0458268 1.83914)
(-5.12024 -0.0458267 1.83914)
(-5.12505 -0.124431 1.837)
(-5.14419 -0.156328 1.8287)
(-5.19424 -0.0789075 1.8072)
(-4.29592 0.0684084 2.18627)
(-4.23889 0.135124 2.21061)
(-4.21835 0.107357 2.21944)
(-4.21348 0.0395001 2.22158)
(-4.21348 -0.0395002 2.22158)
(-4.21835 -0.107357 2.21944)
(-4.23889 -0.135124 2.21061)
(-4.29593 -0.0684083 2.18627)
(-3.51477 0.0574315 2.51607)
(-3.45323 0.112927 2.54223)
(-3.43301 0.0895545 2.55089)
(-3.42886 0.032924 2.55269)
(-3.42886 -0.0329242 2.55269)
(-3.43301 -0.0895547 2.55089)
(-3.45323 -0.112927 2.54223)
(-3.51477 -0.0574315 2.51607)
(-2.85205 0.0458426 2.79597)
(-2.78936 0.0896562 2.82255)
(-2.77141 0.0710732 2.83021)
(-2.76874 0.0261394 2.83138)
(-2.76874 -0.0261397 2.83138)
(-2.7714 -0.0710733 2.83021)
(-2.78936 -0.0896562 2.82255)
(-2.85205 -0.0458426 2.79597)
(-2.3108 0.0336709 3.02462)
(-2.25121 0.0656566 3.04985)
(-2.23726 0.0523268 3.05578)
(-2.23654 0.0193224 3.05611)
(-2.23655 -0.0193225 3.05611)
(-2.23726 -0.0523268 3.05578)
(-2.2512 -0.0656567 3.04985)
(-2.3108 -0.033671 3.02462)
(-1.8974 0.0214201 3.19928)
(-1.8453 0.0421766 3.22131)
(-1.83633 0.0343594 3.22512)
(-1.83749 0.0128554 3.22465)
(-1.83749 -0.0128553 3.22465)
(-1.83633 -0.0343593 3.22512)
(-1.8453 -0.0421768 3.22131)
(-1.89739 -0.0214202 3.19928)
(-1.62157 0.0104783 3.31584)
(-1.58103 0.021833 3.33297)
(-1.57709 0.0189271 3.33465)
(-1.57949 0.007319 3.33364)
(-1.57949 -0.00731881 3.33364)
(-1.57709 -0.0189269 3.33464)
(-1.58103 -0.0218332 3.33297)
(-1.62157 -0.0104783 3.31585)
(-1.49248 0.00250639 3.37044)
(-1.46661 0.00767203 3.38137)
(-1.4668 0.00787586 3.38129)
(-1.4693 0.00328056 3.38024)
(-1.46929 -0.00328008 3.38024)
(-1.46681 -0.00787581 3.38129)
(-1.46661 -0.00767219 3.38136)
(-1.49248 -0.00250658 3.37044)
(-1.49304 -0.00147363 3.37026)
(-1.48037 0.00123079 3.37562)
(-1.47998 0.00196985 3.37578)
(-1.48036 0.000911168 3.37562)
(-1.48036 -0.000910919 3.37562)
(-1.47998 -0.00196985 3.37578)
(-1.48037 -0.00123084 3.37562)
(-1.49304 0.00147356 3.37026)
)
;
    }
}


// ************************************************************************* //
