/*--------------------------------*- C++ -*----------------------------------*\
| solids4foam: solid mechanics and fluid-solid interaction simulations        |
| Version:     v2.4                                                           |
| Web:         https://solids4foam.github.io                                  |
| Disclaimer:  This offering is not approved or endorsed by OpenCFD Limited,  |
|              producer and distributor of the OpenFOAM software via          |
|              www.openfoam.com, and owner of the OPENFOAM® and OpenCFD®      |
|              trade marks.                                                   |
\*---------------------------------------------------------------------------*/
FoamFile
{
    version     2.0;
    format      ascii;
    class       dictionary;
    object      blockMeshDict;
}
// * * * * * * * * * * * * * * * * * * * * * * * * * * * * * * * * * * * * * //

scale 1;

vertices
(
    (2 -0.5 -0.5)                            // 0
    (2.2 -0.5 -0.5)                          // 1
    (6.5 -0.5 -0.5)                          // 2
    (6.5 -0.005025253169 -0.5)               // 3
    (1.994974747 -0.005025253169 -0.5)       // 4
    (1.853553391 -0.1464466094 -0.5)         // 5
    (6.5 1 -0.5)                             // 6
    (1.994974747 1 -0.5)                     // 7
    (1.5 1 -0.5)                             // 8
    (1.5 0.2 -0.5)                           // 9
    (1.5 0 -0.5)                             // 10
    (1 -0.5 -0.5)                            // 11
    (0.8 -0.5 -0.5)                          // 12
    (0 -0.5 -0.5)                            // 13
    (0 -0.005025253169 -0.5)                 // 14
    (1.005025253 -0.005025253169 -0.5)       // 15
    (1.146446609 -0.1464466094 -0.5)         // 16
    (0 1 -0.5)                               // 17
    (1.005025253 1 -0.5)                     // 18

    (2 -0.5 0.5)                             // 19
    (2.2 -0.5 0.5)                           // 20
    (6.5 -0.5 0.5)                           // 21
    (6.5 -0.005025253169 0.5)                // 22
    (1.994974747 -0.005025253169 0.5)        // 23
    (1.853553391 -0.1464466094 0.5)          // 24
    (6.5 1 0.5)                              // 25
    (1.994974747 1 0.5)                      // 26
    (1.5 1 0.5)                              // 27
    (1.5 0.2 0.5)                            // 28
    (1.5 0 0.5)                              // 29
    (1 -0.5 0.5)                             // 30
    (0.8 -0.5 0.5)                           // 31
    (0 -0.5 0.5)                             // 32
    (0 -0.005025253169 0.5)                  // 33
    (1.005025253 -0.005025253169 0.5)        // 34
    (1.146446609 -0.1464466094 0.5)          // 35
    (0 1 0.5)                                // 36
    (1.005025253 1 0.5)                      // 37
);

blocks
(
    hex (5 4 9 10 24 23 28 29) (4 6 1) simpleGrading (1 1 1)
    hex (0 1 4 5 19 20 23 24) (4 6 1) simpleGrading (1 1 1)
    hex (1 2 3 4 20 21 22 23) (20 6 1) simpleGrading (10 1 1)
    hex (4 3 6 7 23 22 25 26) (20 6 1) simpleGrading (10 2 1)
    hex (9 4 7 8 28 23 26 27) (6 6 1) simpleGrading (1 2 1)
    hex (15 16 10 9 34 35 29 28) (4 6 1) simpleGrading (1 1 1)
    hex (12 11 16 15 31 30 35 34) (4 6 1) simpleGrading (1 1 1)
    hex (13 12 15 14 32 31 34 33) (6 6 1) simpleGrading (0.5 1 1)
    hex (14 15 18 17 33 34 37 36) (6 6 1) simpleGrading (0.5 2 1)
    hex (15 9 8 18 34 28 27 37) (6 6 1) simpleGrading (1 2 1)
);

edges
(
    arc 0 5 (1.961939766 -0.3086582838 -0.5)
    arc 19 24 (1.961939766 -0.3086582838 0.5)
    arc 5 10 (1.691341716 -0.03806023374 -0.5)
    arc 24 29 (1.691341716 -0.03806023374 0.5)
    arc 1 4 (2.146715673 -0.2321215973 -0.5)
    arc 20 23 (2.146715673 -0.2321215973 0.5)
    arc 4 9 (1.767878403 0.1467156728 -0.5)
    arc 23 28 (1.767878403 0.1467156728 0.5)
    arc 11 16 (1.038060234 -0.3086582838 -0.5)
    arc 30 35 (1.038060234 -0.3086582838 0.5)
    arc 16 10 (1.308658284 -0.03806023374 -0.5)
    arc 35 29 (1.308658284 -0.03806023374 0.5)
    arc 12 15 (0.8532843272 -0.2321215973 -0.5)
    arc 31 34 (0.8532843272 -0.2321215973 0.5)
    arc 15 9 (1.232121597 0.1467156728 -0.5)
    arc 34 28 (1.232121597 0.1467156728 0.5)
);

boundary
(
    inlet
    {
        type patch;
        faces
        (
            (14 13 32 33)
            (17 14 33 36)
        );
    }

    outlet
    {
        type patch;
        faces
        (
            (2 3 22 21)
            (3 6 25 22)
        );
    }

    top
    {
        type wall;
        faces
        (
            (7 8 27 26)
            (6 7 26 25)
            (8 18 37 27)
            (18 17 36 37)
        );
    }

    bottom
    {
        type wall;
        faces
        (
            (0 1 20 19)
            (1 2 21 20)
            (12 11 30 31)
            (13 12 31 32)
        );
    }

    interface
    {
        type wall;
        faces
        (
            (10 5 24 29)
            (5 0 19 24)
            (16 10 29 35)
            (11 16 35 30)
        );
    }

    frontAndBack
    {
        type empty;
        faces
        (
            (10 9 4 5)
            (24 23 28 29)
            (5 4 1 0)
            (19 20 23 24)
            (4 3 2 1)
            (20 21 22 23)
            (7 6 3 4)
            (23 22 25 26)
            (8 7 4 9)
            (28 23 26 27)
            (9 10 16 15)
            (34 35 29 28)
            (15 16 11 12)
            (31 30 35 34)
            (14 15 12 13)
            (32 31 34 33)
            (17 18 15 14)
            (33 34 37 36)
            (18 8 9 15)
            (34 28 27 37)
        );
    }
);

mergePatchPairs
(
);

// ************************************************************************* //
