/*--------------------------------*- C++ -*----------------------------------*\
| =========                 |                                                 |
| \\      /  F ield         | foam-extend: Open Source CFD                    |
|  \\    /   O peration     | Version:     4.1                                |
|   \\  /    A nd           | Web:         http://www.foam-extend.org         |
|    \\/     M anipulation  |                                                 |
\*---------------------------------------------------------------------------*/
FoamFile
{
    version     2.0;
    format      ascii;
    class       volScalarField;
    location    "0.197";
    object      Dp;
}
// * * * * * * * * * * * * * * * * * * * * * * * * * * * * * * * * * * * * * //

dimensions      [1 -1 -2 0 0 0 0];

internalField   nonuniform List<scalar> 
5120
(
-0.0474877
-0.03769
-0.0364148
-0.0359143
-0.0355511
-0.0351884
-0.0347644
-0.0342676
-0.0337072
-0.0330962
-0.0324477
-0.0317727
-0.0310798
-0.0303757
-0.0296654
-0.0289522
-0.0282387
-0.0275266
-0.0268171
-0.0261113
-0.0254096
-0.0247126
-0.0240208
-0.0233343
-0.0226536
-0.0219788
-0.0213102
-0.0206479
-0.0199923
-0.0193434
-0.0187015
-0.0180668
-0.0174394
-0.0168195
-0.0162073
-0.0156029
-0.0150066
-0.0144186
-0.0138389
-0.0132678
-0.0127055
-0.0121522
-0.011608
-0.0110731
-0.0105478
-0.0100322
-0.00952655
-0.00903105
-0.00854591
-0.00807134
-0.00760757
-0.00715482
-0.00671332
-0.00628331
-0.00586502
-0.00545869
-0.00506458
-0.00468292
-0.00431398
-0.00395801
-0.00361527
-0.00328604
-0.00297057
-0.00266914
-0.00238203
-0.00210951
-0.00185186
-0.00160936
-0.00138228
-0.00117089
-0.00097543
-0.000796163
-0.000633318
-0.00048714
-0.000357907
-0.000246048
-0.000152167
-7.84932e-05
-2.23134e-05
1.00903e-05
-0.0491653
-0.0393327
-0.0377052
-0.036879
-0.0361125
-0.035438
-0.034799
-0.0341589
-0.0335067
-0.0328401
-0.0321602
-0.0314697
-0.0307716
-0.0300688
-0.0293635
-0.0286577
-0.0279529
-0.02725
-0.0265501
-0.0258536
-0.0251612
-0.0244731
-0.0237899
-0.0231118
-0.0224389
-0.0217717
-0.0211103
-0.020455
-0.019806
-0.0191635
-0.0185276
-0.0178987
-0.0172769
-0.0166623
-0.0160553
-0.0154559
-0.0148644
-0.014281
-0.0137058
-0.0131391
-0.012581
-0.0120318
-0.0114916
-0.0109606
-0.0104391
-0.00992718
-0.00942513
-0.00893314
-0.00845142
-0.0079802
-0.00751969
-0.00707013
-0.00663174
-0.00620476
-0.00578942
-0.00538598
-0.00499467
-0.00461575
-0.00424947
-0.00389609
-0.00355587
-0.00322909
-0.002916
-0.00261689
-0.00233202
-0.00206168
-0.00180615
-0.00156571
-0.00134063
-0.00113121
-0.00093773
-0.000760496
-0.000599836
-0.000456144
-0.000329924
-0.000221895
-0.000133092
-6.61061e-05
-1.60775e-05
1.29803e-05
-0.0511644
-0.0400241
-0.0383809
-0.0375188
-0.0366358
-0.0358269
-0.0350707
-0.0343389
-0.0336196
-0.0329063
-0.0321952
-0.0314846
-0.030774
-0.0300637
-0.0293544
-0.0286467
-0.0279413
-0.0272388
-0.0265396
-0.0258442
-0.0251529
-0.0244662
-0.0237842
-0.0231072
-0.0224356
-0.0217694
-0.021109
-0.0204546
-0.0198064
-0.0191646
-0.0185294
-0.0179011
-0.0172798
-0.0166657
-0.016059
-0.01546
-0.0148687
-0.0142855
-0.0137105
-0.0131439
-0.0125858
-0.0120366
-0.0114963
-0.0109653
-0.0104436
-0.00993157
-0.00942933
-0.00893711
-0.00845513
-0.00798362
-0.00752279
-0.00707289
-0.00663413
-0.00620675
-0.005791
-0.00538711
-0.00499535
-0.00461595
-0.00424918
-0.00389529
-0.00355455
-0.00322722
-0.00291359
-0.00261391
-0.00232847
-0.00205754
-0.00180142
-0.00156039
-0.00133474
-0.00112477
-0.000930804
-0.000753179
-0.000592289
-0.000448612
-0.000322746
-0.000215512
-0.000128067
-6.27817e-05
-1.42409e-05
1.43689e-05
-0.0521161
-0.04026
-0.0386104
-0.0377595
-0.0368545
-0.0360042
-0.0352032
-0.0344315
-0.0336803
-0.0329432
-0.0322154
-0.0314935
-0.0307756
-0.0300609
-0.029349
-0.02864
-0.0279341
-0.0272315
-0.0265325
-0.0258375
-0.0251468
-0.0244606
-0.0237792
-0.0231028
-0.0224317
-0.0217661
-0.0211062
-0.0204522
-0.0198044
-0.019163
-0.0185281
-0.0179001
-0.0172791
-0.0166652
-0.0160587
-0.0154599
-0.0148688
-0.0142857
-0.0137108
-0.0131443
-0.0125863
-0.0120371
-0.0114969
-0.0109658
-0.0104442
-0.0099321
-0.00942982
-0.00893755
-0.00845551
-0.00798392
-0.00752301
-0.007073
-0.00663412
-0.00620662
-0.00579074
-0.00538671
-0.00499479
-0.00461523
-0.00424828
-0.00389421
-0.00355328
-0.00322576
-0.00291191
-0.00261202
-0.00232636
-0.00205522
-0.00179887
-0.00155762
-0.00133175
-0.00112159
-0.000927464
-0.000749735
-0.000588826
-0.000445248
-0.000319626
-0.000212795
-0.000125917
-6.12032e-05
-1.29817e-05
1.56573e-05
-0.0521161
-0.04026
-0.0386104
-0.0377595
-0.0368545
-0.0360042
-0.0352032
-0.0344315
-0.0336803
-0.0329432
-0.0322154
-0.0314935
-0.0307756
-0.0300609
-0.029349
-0.02864
-0.0279341
-0.0272315
-0.0265325
-0.0258375
-0.0251468
-0.0244606
-0.0237792
-0.0231028
-0.0224317
-0.0217661
-0.0211062
-0.0204522
-0.0198044
-0.019163
-0.0185281
-0.0179001
-0.0172791
-0.0166652
-0.0160587
-0.0154599
-0.0148688
-0.0142857
-0.0137108
-0.0131443
-0.0125863
-0.0120371
-0.0114969
-0.0109659
-0.0104442
-0.0099321
-0.00942982
-0.00893755
-0.00845551
-0.00798392
-0.00752301
-0.007073
-0.00663412
-0.00620662
-0.00579074
-0.00538671
-0.00499479
-0.00461523
-0.00424828
-0.00389421
-0.00355328
-0.00322576
-0.00291191
-0.00261202
-0.00232636
-0.00205522
-0.00179887
-0.00155762
-0.00133175
-0.00112159
-0.000927464
-0.000749736
-0.000588827
-0.000445248
-0.000319626
-0.000212795
-0.000125918
-6.12037e-05
-1.29813e-05
1.56572e-05
-0.0511644
-0.0400241
-0.0383809
-0.0375188
-0.0366358
-0.0358269
-0.0350707
-0.0343389
-0.0336196
-0.0329063
-0.0321952
-0.0314846
-0.030774
-0.0300637
-0.0293544
-0.0286467
-0.0279413
-0.0272388
-0.0265396
-0.0258442
-0.0251529
-0.0244662
-0.0237842
-0.0231072
-0.0224356
-0.0217694
-0.021109
-0.0204546
-0.0198064
-0.0191646
-0.0185294
-0.0179011
-0.0172798
-0.0166657
-0.016059
-0.01546
-0.0148687
-0.0142855
-0.0137105
-0.0131439
-0.0125858
-0.0120366
-0.0114963
-0.0109653
-0.0104436
-0.00993157
-0.00942933
-0.00893711
-0.00845513
-0.00798362
-0.00752279
-0.00707289
-0.00663413
-0.00620675
-0.005791
-0.00538712
-0.00499535
-0.00461595
-0.00424918
-0.00389529
-0.00355455
-0.00322722
-0.00291359
-0.00261391
-0.00232847
-0.00205754
-0.00180142
-0.00156039
-0.00133474
-0.00112477
-0.000930803
-0.000753178
-0.000592289
-0.000448612
-0.000322747
-0.000215512
-0.000128068
-6.27818e-05
-1.42411e-05
1.43713e-05
-0.0491653
-0.0393327
-0.0377052
-0.036879
-0.0361125
-0.035438
-0.034799
-0.0341589
-0.0335067
-0.0328401
-0.0321602
-0.0314697
-0.0307716
-0.0300688
-0.0293635
-0.0286577
-0.0279529
-0.02725
-0.0265501
-0.0258536
-0.0251612
-0.0244731
-0.0237899
-0.0231118
-0.0224389
-0.0217717
-0.0211103
-0.020455
-0.019806
-0.0191635
-0.0185276
-0.0178987
-0.0172769
-0.0166623
-0.0160553
-0.0154559
-0.0148644
-0.014281
-0.0137058
-0.0131391
-0.012581
-0.0120318
-0.0114916
-0.0109606
-0.0104391
-0.00992718
-0.00942513
-0.00893314
-0.00845142
-0.0079802
-0.00751969
-0.00707013
-0.00663174
-0.00620476
-0.00578942
-0.00538598
-0.00499467
-0.00461575
-0.00424947
-0.00389609
-0.00355587
-0.00322909
-0.002916
-0.00261689
-0.00233202
-0.00206168
-0.00180615
-0.00156571
-0.00134063
-0.00113121
-0.00093773
-0.000760496
-0.000599836
-0.000456144
-0.000329925
-0.000221895
-0.000133092
-6.61063e-05
-1.6078e-05
1.2981e-05
-0.0474877
-0.03769
-0.0364148
-0.0359143
-0.0355511
-0.0351884
-0.0347644
-0.0342676
-0.0337072
-0.0330962
-0.0324477
-0.0317727
-0.0310798
-0.0303757
-0.0296654
-0.0289522
-0.0282387
-0.0275266
-0.0268171
-0.0261113
-0.0254096
-0.0247126
-0.0240208
-0.0233343
-0.0226536
-0.0219788
-0.0213102
-0.0206479
-0.0199923
-0.0193434
-0.0187015
-0.0180668
-0.0174394
-0.0168195
-0.0162073
-0.0156029
-0.0150066
-0.0144186
-0.0138389
-0.0132678
-0.0127055
-0.0121522
-0.011608
-0.0110731
-0.0105478
-0.0100322
-0.00952655
-0.00903105
-0.00854591
-0.00807134
-0.00760757
-0.00715482
-0.00671332
-0.00628331
-0.00586502
-0.00545869
-0.00506458
-0.00468292
-0.00431398
-0.00395801
-0.00361527
-0.00328604
-0.00297057
-0.00266914
-0.00238203
-0.00210951
-0.00185186
-0.00160936
-0.00138228
-0.00117089
-0.000975431
-0.000796163
-0.000633319
-0.000487139
-0.000357907
-0.000246049
-0.000152168
-7.84936e-05
-2.23133e-05
1.00923e-05
-0.0304261
-0.0234925
-0.0226924
-0.0224824
-0.0222068
-0.0219469
-0.0216828
-0.0213949
-0.0210808
-0.020743
-0.0203853
-0.0200118
-0.0196262
-0.0192313
-0.0188296
-0.0184228
-0.0180122
-0.017599
-0.0171839
-0.0167675
-0.0163505
-0.0159332
-0.0155161
-0.0150995
-0.0146838
-0.0142692
-0.013856
-0.0134445
-0.0130351
-0.0126278
-0.0122231
-0.011821
-0.0114219
-0.011026
-0.0106335
-0.0102447
-0.00985973
-0.00947883
-0.00910224
-0.00873016
-0.00836281
-0.0080004
-0.00764316
-0.00729128
-0.00694498
-0.00660448
-0.00626998
-0.0059417
-0.00561984
-0.00530463
-0.00499626
-0.00469497
-0.00440095
-0.00411443
-0.00383562
-0.00356473
-0.003302
-0.00304762
-0.00280183
-0.00256485
-0.00233689
-0.00211819
-0.00190895
-0.00170942
-0.0015198
-0.00134034
-0.00117125
-0.00101275
-0.000865069
-0.000728405
-0.000602954
-0.000488891
-0.000386353
-0.000295438
-0.000216167
-0.000148427
-9.21254e-05
-4.80854e-05
-1.2222e-05
3.20718e-05
-0.0362815
-0.0253949
-0.0230486
-0.0224698
-0.0218686
-0.0213854
-0.0209923
-0.0206313
-0.0202804
-0.0199303
-0.0195764
-0.0192169
-0.0188515
-0.0184807
-0.018105
-0.0177252
-0.0173419
-0.0169557
-0.0165671
-0.0161767
-0.0157848
-0.0153918
-0.0149981
-0.014604
-0.0142098
-0.0138159
-0.0134225
-0.01303
-0.0126387
-0.0122487
-0.0118605
-0.0114742
-0.0110901
-0.0107086
-0.0103297
-0.00995393
-0.00958137
-0.00921231
-0.00884699
-0.00848566
-0.00812856
-0.00777593
-0.007428
-0.00708501
-0.0067472
-0.0064148
-0.00608804
-0.00576716
-0.00545238
-0.00514394
-0.00484207
-0.004547
-0.00425896
-0.00397819
-0.00370491
-0.00343937
-0.00318178
-0.00293238
-0.00269141
-0.00245911
-0.00223569
-0.00202141
-0.00181649
-0.00162117
-0.00143568
-0.00126026
-0.00109515
-0.000940574
-0.000796768
-0.000663961
-0.000542377
-0.00043224
-0.000333771
-0.000247192
-0.000172702
-0.000110385
-6.06819e-05
-2.49843e-05
5.24401e-06
4.1415e-05
-0.0392572
-0.0269198
-0.0237137
-0.0228163
-0.0220176
-0.0213911
-0.0209017
-0.0204774
-0.0200866
-0.0197135
-0.0193482
-0.0189852
-0.0186216
-0.0182558
-0.0178873
-0.0175159
-0.0171417
-0.0167648
-0.0163857
-0.0160046
-0.0156218
-0.0152377
-0.0148525
-0.0144667
-0.0140804
-0.013694
-0.0133078
-0.0129221
-0.0125372
-0.0121533
-0.0117709
-0.01139
-0.0110111
-0.0106343
-0.01026
-0.00988845
-0.00951985
-0.00915449
-0.00879262
-0.0084345
-0.00808039
-0.00773052
-0.00738516
-0.00704454
-0.00670891
-0.00637852
-0.00605361
-0.00573441
-0.00542118
-0.00511416
-0.00481358
-0.00451969
-0.00423272
-0.00395291
-0.00368051
-0.00341576
-0.00315889
-0.00291015
-0.00266977
-0.002438
-0.00221507
-0.00200123
-0.00179672
-0.00160178
-0.00141665
-0.00124157
-0.00107677
-0.000922515
-0.000779031
-0.000646565
-0.000525367
-0.000415694
-0.000317816
-0.000232032
-0.00015863
-9.78241e-05
-5.02813e-05
-1.7131e-05
1.10908e-05
4.21603e-05
-0.0403148
-0.0273807
-0.0239404
-0.0229594
-0.022089
-0.0214006
-0.0208655
-0.0204093
-0.0199972
-0.0196109
-0.0192385
-0.0188726
-0.018509
-0.0181452
-0.0177799
-0.0174124
-0.0170425
-0.0166703
-0.0162958
-0.0159193
-0.0155411
-0.0151614
-0.0147805
-0.0143988
-0.0140164
-0.0136338
-0.0132513
-0.012869
-0.0124873
-0.0121066
-0.011727
-0.011349
-0.0109726
-0.0105983
-0.0102263
-0.00985692
-0.00949034
-0.00912688
-0.00876678
-0.00841031
-0.00805772
-0.00770928
-0.00736523
-0.00702583
-0.00669133
-0.00636197
-0.00603801
-0.00571969
-0.00540726
-0.00510096
-0.00480105
-0.00450775
-0.00422133
-0.00394202
-0.00367006
-0.00340571
-0.0031492
-0.00290078
-0.00266069
-0.00242918
-0.00220648
-0.00199285
-0.00178852
-0.00159375
-0.00140877
-0.00123382
-0.00106916
-0.000915034
-0.000771682
-0.000639361
-0.000518334
-0.000408876
-0.00031128
-0.000225873
-0.000152968
-9.28076e-05
-4.61184e-05
-1.388e-05
1.36518e-05
4.31146e-05
-0.0403148
-0.0273807
-0.0239404
-0.0229594
-0.022089
-0.0214006
-0.0208655
-0.0204093
-0.0199972
-0.0196109
-0.0192385
-0.0188726
-0.018509
-0.0181452
-0.0177799
-0.0174124
-0.0170425
-0.0166703
-0.0162958
-0.0159193
-0.0155411
-0.0151614
-0.0147805
-0.0143988
-0.0140164
-0.0136338
-0.0132513
-0.012869
-0.0124873
-0.0121066
-0.011727
-0.011349
-0.0109726
-0.0105983
-0.0102263
-0.00985692
-0.00949034
-0.00912688
-0.00876678
-0.00841031
-0.00805772
-0.00770928
-0.00736523
-0.00702583
-0.00669133
-0.00636197
-0.00603801
-0.00571969
-0.00540726
-0.00510096
-0.00480105
-0.00450775
-0.00422133
-0.00394202
-0.00367006
-0.00340571
-0.0031492
-0.00290078
-0.00266069
-0.00242918
-0.00220648
-0.00199285
-0.00178852
-0.00159375
-0.00140877
-0.00123382
-0.00106916
-0.000915034
-0.000771682
-0.000639361
-0.000518335
-0.000408876
-0.00031128
-0.000225873
-0.000152968
-9.28075e-05
-4.61184e-05
-1.388e-05
1.36518e-05
4.31143e-05
-0.0392572
-0.0269198
-0.0237137
-0.0228163
-0.0220176
-0.0213911
-0.0209017
-0.0204774
-0.0200866
-0.0197135
-0.0193482
-0.0189852
-0.0186216
-0.0182558
-0.0178873
-0.0175159
-0.0171417
-0.0167648
-0.0163857
-0.0160046
-0.0156218
-0.0152377
-0.0148525
-0.0144667
-0.0140804
-0.013694
-0.0133078
-0.0129221
-0.0125372
-0.0121533
-0.0117709
-0.01139
-0.0110111
-0.0106343
-0.01026
-0.00988845
-0.00951985
-0.00915449
-0.00879262
-0.0084345
-0.00808039
-0.00773052
-0.00738516
-0.00704454
-0.00670891
-0.00637852
-0.00605361
-0.00573441
-0.00542118
-0.00511416
-0.00481358
-0.00451968
-0.00423272
-0.00395291
-0.00368051
-0.00341576
-0.00315889
-0.00291015
-0.00266977
-0.002438
-0.00221507
-0.00200123
-0.00179672
-0.00160178
-0.00141665
-0.00124157
-0.00107677
-0.000922515
-0.000779031
-0.000646565
-0.000525367
-0.000415694
-0.000317816
-0.000232032
-0.00015863
-9.78241e-05
-5.02812e-05
-1.71309e-05
1.10905e-05
4.21598e-05
-0.0362815
-0.0253949
-0.0230486
-0.0224698
-0.0218686
-0.0213854
-0.0209923
-0.0206313
-0.0202804
-0.0199303
-0.0195764
-0.0192169
-0.0188515
-0.0184807
-0.018105
-0.0177252
-0.0173419
-0.0169557
-0.0165671
-0.0161767
-0.0157848
-0.0153918
-0.0149981
-0.014604
-0.0142098
-0.0138159
-0.0134225
-0.01303
-0.0126387
-0.0122487
-0.0118605
-0.0114742
-0.0110901
-0.0107086
-0.0103297
-0.00995393
-0.00958137
-0.00921231
-0.00884699
-0.00848566
-0.00812856
-0.00777593
-0.007428
-0.00708501
-0.0067472
-0.0064148
-0.00608804
-0.00576716
-0.00545238
-0.00514394
-0.00484207
-0.004547
-0.00425896
-0.00397819
-0.00370491
-0.00343937
-0.00318178
-0.00293238
-0.00269141
-0.00245911
-0.00223569
-0.00202141
-0.00181649
-0.00162117
-0.00143568
-0.00126026
-0.00109515
-0.000940574
-0.000796768
-0.000663961
-0.000542377
-0.000432241
-0.000333771
-0.000247192
-0.000172702
-0.000110385
-6.06817e-05
-2.49841e-05
5.24388e-06
4.14146e-05
-0.0304261
-0.0234925
-0.0226924
-0.0224824
-0.0222068
-0.0219469
-0.0216828
-0.0213949
-0.0210808
-0.020743
-0.0203853
-0.0200118
-0.0196262
-0.0192313
-0.0188296
-0.0184228
-0.0180122
-0.017599
-0.0171839
-0.0167675
-0.0163505
-0.0159332
-0.0155161
-0.0150995
-0.0146838
-0.0142692
-0.013856
-0.0134445
-0.0130351
-0.0126278
-0.0122231
-0.011821
-0.0114219
-0.011026
-0.0106335
-0.0102447
-0.00985973
-0.00947883
-0.00910224
-0.00873016
-0.00836281
-0.0080004
-0.00764316
-0.00729128
-0.00694498
-0.00660448
-0.00626998
-0.0059417
-0.00561984
-0.00530463
-0.00499626
-0.00469497
-0.00440095
-0.00411443
-0.00383562
-0.00356473
-0.003302
-0.00304762
-0.00280183
-0.00256485
-0.00233689
-0.00211819
-0.00190895
-0.00170942
-0.0015198
-0.00134034
-0.00117125
-0.00101275
-0.000865069
-0.000728404
-0.000602954
-0.00048889
-0.000386353
-0.000295438
-0.000216167
-0.000148427
-9.21255e-05
-4.80855e-05
-1.22222e-05
3.20718e-05
-0.0151523
-0.0115591
-0.0114087
-0.0115058
-0.0114445
-0.0113465
-0.011237
-0.0111168
-0.0109881
-0.0108522
-0.0107096
-0.010561
-0.0104066
-0.0102469
-0.0100823
-0.00991296
-0.00973928
-0.00956158
-0.00938015
-0.00919531
-0.00900736
-0.00881658
-0.00862325
-0.00842763
-0.00822997
-0.00803051
-0.00782947
-0.00762708
-0.00742355
-0.00721909
-0.0070139
-0.0068082
-0.00660216
-0.00639601
-0.00618992
-0.0059841
-0.00577874
-0.00557403
-0.00537017
-0.00516734
-0.00496574
-0.00476556
-0.004567
-0.00437022
-0.00417544
-0.00398284
-0.00379259
-0.00360491
-0.00341996
-0.00323793
-0.00305902
-0.00288341
-0.00271128
-0.00254282
-0.00237821
-0.00221763
-0.00206128
-0.00190932
-0.00176194
-0.00161933
-0.00148165
-0.0013491
-0.00122184
-0.00110005
-0.000983902
-0.000873577
-0.00076924
-0.000671057
-0.000579186
-0.000493774
-0.000414953
-0.000342821
-0.000277435
-0.000218782
-0.000166735
-0.00012098
-8.13341e-05
-4.88612e-05
-1.71503e-05
4.39298e-05
-0.0195364
-0.0129759
-0.0114414
-0.0111159
-0.0107919
-0.0105541
-0.0103865
-0.0102491
-0.0101255
-0.0100078
-0.0098909
-0.0097718
-0.00964891
-0.0095214
-0.00938892
-0.00925138
-0.00910887
-0.00896155
-0.00880966
-0.00865342
-0.00849311
-0.00832897
-0.00816127
-0.00799027
-0.00781621
-0.00763934
-0.0074599
-0.00727812
-0.00709425
-0.00690851
-0.00672114
-0.00653237
-0.00634242
-0.00615151
-0.00595988
-0.00576774
-0.00557532
-0.00538285
-0.00519053
-0.00499859
-0.00480725
-0.00461672
-0.00442723
-0.00423898
-0.0040522
-0.00386709
-0.00368387
-0.00350275
-0.00332394
-0.00314766
-0.0029741
-0.00280348
-0.002636
-0.00247187
-0.0023113
-0.00215448
-0.00200162
-0.00185292
-0.00170857
-0.00156878
-0.00143374
-0.00130365
-0.00117869
-0.00105906
-0.00094495
-0.00083654
-0.000734016
-0.000637556
-0.000547336
-0.000463522
-0.000386271
-0.000315726
-0.000252006
-0.0001952
-0.000145304
-0.000102106
-6.59045e-05
-3.75166e-05
-2.77312e-06
5.07885e-05
-0.0220497
-0.0143093
-0.0118747
-0.0111837
-0.0106738
-0.0103262
-0.0100964
-0.00992508
-0.00978514
-0.00966246
-0.00954788
-0.00943572
-0.00932262
-0.0092066
-0.00908656
-0.00896195
-0.00883252
-0.00869826
-0.00855924
-0.00841562
-0.00826759
-0.00811537
-0.00795918
-0.00779927
-0.00763586
-0.00746921
-0.00729954
-0.00712711
-0.00695215
-0.00677491
-0.00659561
-0.00641451
-0.00623183
-0.00604782
-0.00586272
-0.00567675
-0.00549015
-0.00530316
-0.00511601
-0.00492893
-0.00474215
-0.00455589
-0.0043704
-0.00418589
-0.0040026
-0.00382074
-0.00364055
-0.00346224
-0.00328604
-0.00311216
-0.00294083
-0.00277227
-0.00260669
-0.0024443
-0.00228533
-0.00212998
-0.00197846
-0.00183099
-0.00168777
-0.00154901
-0.0014149
-0.00128567
-0.00116149
-0.00104258
-0.000929128
-0.000821325
-0.000719363
-0.000623428
-0.000533706
-0.000450374
-0.000373608
-0.000303575
-0.000240433
-0.000184331
-0.000135337
-9.33696e-05
-5.89167e-05
-3.20022e-05
2.69623e-06
4.85366e-05
-0.0229302
-0.0147401
-0.0120382
-0.0112294
-0.0106391
-0.0102342
-0.00996838
-0.0097754
-0.00962348
-0.00949545
-0.00937996
-0.00926981
-0.00916058
-0.0090496
-0.00893529
-0.00881678
-0.00869364
-0.00856571
-0.00843298
-0.00829554
-0.00815356
-0.00800721
-0.00785671
-0.00770228
-0.00754416
-0.00738258
-0.00721778
-0.00705
-0.00687949
-0.00670648
-0.00653123
-0.00635397
-0.00617495
-0.00599441
-0.00581259
-0.00562973
-0.00544608
-0.00526186
-0.00507733
-0.00489272
-0.00470826
-0.00452419
-0.00434075
-0.00415816
-0.00397667
-0.00379649
-0.00361786
-0.00344101
-0.00326617
-0.00309355
-0.0029234
-0.00275592
-0.00259134
-0.00242988
-0.00227177
-0.0021172
-0.00196642
-0.00181961
-0.00167701
-0.00153881
-0.00140523
-0.00127648
-0.00115274
-0.00103424
-0.000921163
-0.000813711
-0.000712076
-0.000616451
-0.000527025
-0.000443985
-0.000367513
-0.00029779
-0.000234991
-0.000179286
-0.000130765
-8.93814e-05
-5.56965e-05
-2.94383e-05
4.94803e-06
4.82021e-05
-0.0229302
-0.0147401
-0.0120382
-0.0112294
-0.0106391
-0.0102342
-0.00996838
-0.0097754
-0.00962348
-0.00949545
-0.00937996
-0.00926981
-0.00916058
-0.0090496
-0.00893529
-0.00881678
-0.00869364
-0.00856571
-0.00843298
-0.00829554
-0.00815356
-0.00800721
-0.00785671
-0.00770228
-0.00754416
-0.00738258
-0.00721778
-0.00705
-0.00687949
-0.00670648
-0.00653123
-0.00635397
-0.00617495
-0.00599441
-0.00581259
-0.00562973
-0.00544608
-0.00526186
-0.00507733
-0.00489272
-0.00470826
-0.00452419
-0.00434075
-0.00415816
-0.00397667
-0.00379649
-0.00361786
-0.00344101
-0.00326617
-0.00309355
-0.0029234
-0.00275592
-0.00259134
-0.00242988
-0.00227177
-0.0021172
-0.00196642
-0.00181961
-0.00167701
-0.00153881
-0.00140523
-0.00127648
-0.00115274
-0.00103424
-0.000921163
-0.000813711
-0.000712076
-0.000616451
-0.000527025
-0.000443985
-0.000367513
-0.00029779
-0.000234991
-0.000179286
-0.000130764
-8.93814e-05
-5.56965e-05
-2.94383e-05
4.94801e-06
4.8202e-05
-0.0220497
-0.0143093
-0.0118747
-0.0111837
-0.0106738
-0.0103262
-0.0100964
-0.00992508
-0.00978514
-0.00966246
-0.00954788
-0.00943572
-0.00932262
-0.0092066
-0.00908656
-0.00896195
-0.00883252
-0.00869826
-0.00855924
-0.00841562
-0.00826759
-0.00811537
-0.00795918
-0.00779927
-0.00763586
-0.00746921
-0.00729954
-0.00712711
-0.00695215
-0.00677491
-0.00659561
-0.00641451
-0.00623183
-0.00604782
-0.00586272
-0.00567675
-0.00549015
-0.00530316
-0.00511601
-0.00492893
-0.00474215
-0.00455589
-0.0043704
-0.00418589
-0.0040026
-0.00382074
-0.00364055
-0.00346224
-0.00328604
-0.00311216
-0.00294083
-0.00277227
-0.00260669
-0.0024443
-0.00228533
-0.00212998
-0.00197846
-0.00183099
-0.00168777
-0.00154901
-0.0014149
-0.00128567
-0.00116149
-0.00104258
-0.000929128
-0.000821325
-0.000719363
-0.000623428
-0.000533706
-0.000450374
-0.000373608
-0.000303575
-0.000240433
-0.000184331
-0.000135337
-9.33696e-05
-5.89167e-05
-3.20022e-05
2.6962e-06
4.85365e-05
-0.0195364
-0.0129759
-0.0114414
-0.0111159
-0.0107919
-0.0105541
-0.0103865
-0.0102491
-0.0101255
-0.0100078
-0.0098909
-0.0097718
-0.00964891
-0.0095214
-0.00938892
-0.00925138
-0.00910887
-0.00896155
-0.00880966
-0.00865342
-0.00849311
-0.00832897
-0.00816127
-0.00799027
-0.00781621
-0.00763934
-0.0074599
-0.00727812
-0.00709425
-0.00690851
-0.00672114
-0.00653237
-0.00634242
-0.00615151
-0.00595988
-0.00576774
-0.00557532
-0.00538285
-0.00519053
-0.00499859
-0.00480725
-0.00461672
-0.00442723
-0.00423898
-0.0040522
-0.00386709
-0.00368387
-0.00350275
-0.00332394
-0.00314766
-0.0029741
-0.00280348
-0.002636
-0.00247187
-0.0023113
-0.00215448
-0.00200162
-0.00185292
-0.00170857
-0.00156878
-0.00143374
-0.00130365
-0.00117869
-0.00105906
-0.00094495
-0.00083654
-0.000734016
-0.000637556
-0.000547336
-0.000463522
-0.000386272
-0.000315726
-0.000252006
-0.0001952
-0.000145304
-0.000102106
-6.59045e-05
-3.75165e-05
-2.77308e-06
5.07885e-05
-0.0151523
-0.0115591
-0.0114087
-0.0115058
-0.0114445
-0.0113465
-0.011237
-0.0111168
-0.0109881
-0.0108522
-0.0107096
-0.010561
-0.0104066
-0.0102469
-0.0100823
-0.00991296
-0.00973928
-0.00956158
-0.00938015
-0.00919531
-0.00900736
-0.00881658
-0.00862325
-0.00842763
-0.00822997
-0.00803051
-0.00782947
-0.00762708
-0.00742355
-0.00721909
-0.0070139
-0.0068082
-0.00660216
-0.00639601
-0.00618992
-0.0059841
-0.00577874
-0.00557403
-0.00537017
-0.00516734
-0.00496574
-0.00476556
-0.004567
-0.00437022
-0.00417544
-0.00398284
-0.00379259
-0.00360491
-0.00341996
-0.00323793
-0.00305902
-0.00288341
-0.00271128
-0.00254282
-0.00237821
-0.00221763
-0.00206128
-0.00190932
-0.00176194
-0.00161933
-0.00148165
-0.0013491
-0.00122184
-0.00110005
-0.000983902
-0.000873577
-0.00076924
-0.000671057
-0.000579186
-0.000493775
-0.000414953
-0.000342821
-0.000277435
-0.000218782
-0.000166735
-0.00012098
-8.1334e-05
-4.88612e-05
-1.71507e-05
4.39292e-05
-0.00148052
-0.00135237
-0.00156864
-0.00176492
-0.00184808
-0.00187544
-0.00188277
-0.00188554
-0.00189105
-0.00190158
-0.00191666
-0.00193479
-0.00195424
-0.00197346
-0.00199122
-0.00200666
-0.0020192
-0.00202852
-0.00203445
-0.00203695
-0.00203607
-0.00203187
-0.00202447
-0.00201398
-0.0020005
-0.00198418
-0.00196511
-0.00194342
-0.00191923
-0.00189263
-0.00186374
-0.00183268
-0.00179955
-0.00176447
-0.00172755
-0.00168891
-0.00164865
-0.00160689
-0.00156376
-0.00151936
-0.00147382
-0.00142725
-0.00137976
-0.00133149
-0.00128255
-0.00123305
-0.00118312
-0.00113287
-0.00108243
-0.0010319
-0.000981408
-0.00093107
-0.000881001
-0.000831314
-0.000782125
-0.000733544
-0.000685685
-0.000638656
-0.000592567
-0.000547524
-0.000503634
-0.000461001
-0.000419725
-0.000379909
-0.000341649
-0.000305043
-0.000270184
-0.000237164
-0.000206069
-0.000176983
-0.000149979
-0.00012512
-0.000102451
-8.19921e-05
-6.3719e-05
-4.75195e-05
-3.36139e-05
-2.38028e-05
-1.11866e-05
4.06334e-05
-0.00308917
-0.00144282
-0.000948304
-0.00087657
-0.000839951
-0.000831901
-0.000850125
-0.000884626
-0.000930133
-0.000982919
-0.00103969
-0.00109782
-0.00115532
-0.00121077
-0.00126317
-0.00131189
-0.00135654
-0.0013969
-0.00143287
-0.00146447
-0.00149173
-0.00151473
-0.00153357
-0.00154837
-0.00155925
-0.00156631
-0.0015697
-0.00156953
-0.00156593
-0.00155904
-0.00154898
-0.00153588
-0.00151988
-0.00150112
-0.00147972
-0.00145583
-0.00142959
-0.00140113
-0.0013706
-0.00133813
-0.00130388
-0.00126797
-0.00123056
-0.00119179
-0.00115179
-0.00111072
-0.0010687
-0.00102589
-0.00098243
-0.00093845
-0.000894094
-0.0008495
-0.000804804
-0.000760142
-0.000715649
-0.000671456
-0.000627696
-0.000584497
-0.000541987
-0.000500291
-0.000459532
-0.000419832
-0.000381309
-0.000344079
-0.000308255
-0.000273949
-0.000241268
-0.000210316
-0.000181194
-0.000153998
-0.000128817
-0.000105734
-8.48205e-05
-6.61412e-05
-4.96949e-05
-3.53496e-05
-2.37727e-05
-1.6357e-05
2.2946e-06
4.0684e-05
-0.00400575
-0.00178428
-0.000867291
-0.000599374
-0.000460936
-0.000402455
-0.000401775
-0.000434799
-0.000488132
-0.000553577
-0.000625324
-0.000699367
-0.000773031
-0.000844557
-0.000912811
-0.000977086
-0.00103696
-0.0010922
-0.0011427
-0.00118842
-0.00122941
-0.00126572
-0.00129744
-0.00132466
-0.00134749
-0.00136607
-0.0013805
-0.00139092
-0.00139746
-0.00140026
-0.00139945
-0.00139518
-0.00138759
-0.00137683
-0.00136304
-0.00134637
-0.00132698
-0.00130501
-0.00128062
-0.00125396
-0.00122518
-0.00119444
-0.00116189
-0.0011277
-0.001092
-0.00105496
-0.00101673
-0.000977462
-0.000937309
-0.000896421
-0.000854949
-0.000813042
-0.000770849
-0.000728514
-0.000686183
-0.000643999
-0.000602103
-0.000560634
-0.000519729
-0.000479523
-0.000440149
-0.000401734
-0.000364408
-0.000328295
-0.000293514
-0.000260186
-0.000228424
-0.00019834
-0.000170042
-0.000143633
-0.000119212
-9.68718e-05
-7.67031e-05
-5.87942e-05
-4.31722e-05
-2.97852e-05
-1.94456e-05
-1.26082e-05
6.77654e-06
3.42597e-05
-0.0043512
-0.0019409
-0.000863505
-0.000505081
-0.000307937
-0.000213925
-0.000195036
-0.000220854
-0.000273649
-0.000342497
-0.000419864
-0.0005007
-0.000581727
-0.000660847
-0.000736743
-0.000808606
-0.000875959
-0.000938536
-0.000996208
-0.00104893
-0.00109672
-0.00113963
-0.00117774
-0.00121113
-0.00123992
-0.00126423
-0.00128417
-0.00129987
-0.00131148
-0.00131912
-0.00132295
-0.0013231
-0.00131973
-0.00131298
-0.00130302
-0.00128998
-0.00127404
-0.00125534
-0.00123405
-0.00121033
-0.00118432
-0.0011562
-0.00112613
-0.00109426
-0.00106075
-0.00102577
-0.000989477
-0.000952024
-0.00091357
-0.000874274
-0.00083429
-0.000793774
-0.000752878
-0.000711754
-0.000670552
-0.00062942
-0.000588503
-0.000547947
-0.000507891
-0.000468477
-0.00042984
-0.000392115
-0.000355433
-0.000319922
-0.000285708
-0.000252912
-0.000221654
-0.000192047
-0.000164203
-0.000138231
-0.000114234
-9.23102e-05
-7.25583e-05
-5.50761e-05
-3.98977e-05
-2.70047e-05
-1.72847e-05
-1.08525e-05
8.40179e-06
3.23947e-05
-0.0043512
-0.0019409
-0.000863505
-0.000505081
-0.000307937
-0.000213925
-0.000195036
-0.000220854
-0.000273649
-0.000342497
-0.000419864
-0.0005007
-0.000581727
-0.000660847
-0.000736743
-0.000808606
-0.000875959
-0.000938536
-0.000996208
-0.00104893
-0.00109672
-0.00113963
-0.00117774
-0.00121113
-0.00123992
-0.00126423
-0.00128417
-0.00129987
-0.00131148
-0.00131912
-0.00132295
-0.0013231
-0.00131973
-0.00131298
-0.00130302
-0.00128998
-0.00127404
-0.00125534
-0.00123405
-0.00121033
-0.00118432
-0.0011562
-0.00112613
-0.00109426
-0.00106075
-0.00102577
-0.000989477
-0.000952024
-0.00091357
-0.000874274
-0.00083429
-0.000793774
-0.000752878
-0.000711754
-0.000670552
-0.00062942
-0.000588503
-0.000547947
-0.000507891
-0.000468477
-0.00042984
-0.000392115
-0.000355433
-0.000319922
-0.000285708
-0.000252912
-0.000221654
-0.000192047
-0.000164203
-0.000138231
-0.000114234
-9.23103e-05
-7.25583e-05
-5.50761e-05
-3.98977e-05
-2.70047e-05
-1.72847e-05
-1.08525e-05
8.40179e-06
3.23948e-05
-0.00400575
-0.00178428
-0.000867291
-0.000599374
-0.000460936
-0.000402455
-0.000401775
-0.000434799
-0.000488132
-0.000553577
-0.000625324
-0.000699367
-0.000773031
-0.000844557
-0.000912811
-0.000977086
-0.00103696
-0.0010922
-0.0011427
-0.00118842
-0.00122941
-0.00126572
-0.00129744
-0.00132466
-0.00134749
-0.00136607
-0.0013805
-0.00139092
-0.00139746
-0.00140026
-0.00139945
-0.00139518
-0.00138759
-0.00137683
-0.00136304
-0.00134637
-0.00132698
-0.00130501
-0.00128062
-0.00125396
-0.00122518
-0.00119444
-0.00116189
-0.0011277
-0.001092
-0.00105496
-0.00101673
-0.000977462
-0.000937309
-0.000896421
-0.000854949
-0.000813042
-0.000770849
-0.000728514
-0.000686183
-0.000643999
-0.000602103
-0.000560634
-0.00051973
-0.000479523
-0.000440149
-0.000401734
-0.000364408
-0.000328295
-0.000293514
-0.000260186
-0.000228424
-0.00019834
-0.000170042
-0.000143633
-0.000119212
-9.68718e-05
-7.67031e-05
-5.87942e-05
-4.31722e-05
-2.97853e-05
-1.94456e-05
-1.26082e-05
6.77663e-06
3.42598e-05
-0.00308917
-0.00144282
-0.000948304
-0.00087657
-0.000839951
-0.000831901
-0.000850125
-0.000884626
-0.000930133
-0.000982919
-0.00103969
-0.00109782
-0.00115532
-0.00121077
-0.00126317
-0.00131189
-0.00135654
-0.0013969
-0.00143287
-0.00146447
-0.00149173
-0.00151473
-0.00153357
-0.00154837
-0.00155925
-0.00156631
-0.0015697
-0.00156953
-0.00156593
-0.00155904
-0.00154898
-0.00153588
-0.00151988
-0.00150112
-0.00147972
-0.00145583
-0.00142959
-0.00140113
-0.0013706
-0.00133813
-0.00130388
-0.00126797
-0.00123056
-0.00119179
-0.00115179
-0.00111072
-0.0010687
-0.00102589
-0.00098243
-0.00093845
-0.000894094
-0.0008495
-0.000804804
-0.000760142
-0.000715649
-0.000671456
-0.000627696
-0.000584497
-0.000541987
-0.000500291
-0.000459532
-0.000419832
-0.000381309
-0.000344079
-0.000308255
-0.000273949
-0.000241268
-0.000210316
-0.000181194
-0.000153998
-0.000128817
-0.000105734
-8.48206e-05
-6.61412e-05
-4.96949e-05
-3.53496e-05
-2.37727e-05
-1.6357e-05
2.29477e-06
4.06842e-05
-0.00148052
-0.00135237
-0.00156864
-0.00176492
-0.00184808
-0.00187544
-0.00188277
-0.00188554
-0.00189105
-0.00190158
-0.00191666
-0.00193479
-0.00195424
-0.00197346
-0.00199122
-0.00200666
-0.0020192
-0.00202852
-0.00203445
-0.00203695
-0.00203607
-0.00203187
-0.00202447
-0.00201398
-0.0020005
-0.00198418
-0.00196511
-0.00194343
-0.00191923
-0.00189263
-0.00186374
-0.00183268
-0.00179955
-0.00176447
-0.00172755
-0.00168891
-0.00164865
-0.00160689
-0.00156376
-0.00151936
-0.00147382
-0.00142725
-0.00137976
-0.00133149
-0.00128255
-0.00123305
-0.00118312
-0.00113287
-0.00108243
-0.0010319
-0.000981408
-0.00093107
-0.000881001
-0.000831314
-0.000782125
-0.000733544
-0.000685685
-0.000638656
-0.000592567
-0.000547525
-0.000503635
-0.000461001
-0.000419725
-0.000379909
-0.000341649
-0.000305043
-0.000270184
-0.000237164
-0.000206069
-0.000176983
-0.000149979
-0.00012512
-0.000102451
-8.19922e-05
-6.37192e-05
-4.75199e-05
-3.36141e-05
-2.38028e-05
-1.11867e-05
4.06327e-05
0.0102778
0.00718959
0.00680563
0.00668582
0.00655394
0.00646211
0.00638213
0.00629259
0.00618631
0.00606282
0.00592481
0.00577602
0.00562009
0.00546
0.00529806
0.0051359
0.00497464
0.00481499
0.00465742
0.00450219
0.00434947
0.00419934
0.00405186
0.00390705
0.00376493
0.00362553
0.00348885
0.0033549
0.00322371
0.00309527
0.00296961
0.00284672
0.0027266
0.00260927
0.00249473
0.00238296
0.00227396
0.00216773
0.00206425
0.00196352
0.00186552
0.00177023
0.00167764
0.00158774
0.00150049
0.00141589
0.00133392
0.00125455
0.00117777
0.00110355
0.00103188
0.000962738
0.000896101
0.000831953
0.000770277
0.000711057
0.000654276
0.000599922
0.00054798
0.00049844
0.000451292
0.000406527
0.000364139
0.000324124
0.000286477
0.000251197
0.000218282
0.000187731
0.000159541
0.000133703
0.000110201
8.90059e-05
7.0062e-05
5.32709e-05
3.84847e-05
2.55131e-05
1.3736e-05
1.06059e-06
-6.86353e-06
2.17993e-05
0.0114859
0.0083372
0.00797749
0.00793124
0.00775805
0.00759329
0.00743659
0.00727302
0.00710021
0.00691916
0.00673181
0.00654041
0.00634697
0.00615312
0.00596007
0.00576869
0.0055796
0.00539321
0.00520977
0.00502947
0.00485241
0.00467868
0.00450832
0.00434137
0.00417785
0.00401778
0.00386117
0.00370803
0.00355837
0.00341219
0.00326948
0.00313024
0.00299447
0.00286214
0.00273324
0.00260776
0.00248566
0.00236693
0.00225154
0.00213946
0.00203066
0.0019251
0.00182276
0.00172359
0.00162757
0.00153465
0.0014448
0.00135799
0.00127416
0.00119329
0.00111535
0.00104028
0.000968066
0.000898662
0.000832035
0.000768153
0.000706984
0.000648498
0.000592666
0.000539461
0.000488858
0.000440834
0.000395367
0.000352439
0.000312033
0.000274135
0.00023873
0.000205809
0.000175359
0.000147369
0.000121823
9.87016e-05
7.79675e-05
5.95566e-05
4.34058e-05
2.94621e-05
1.67522e-05
3.48333e-06
2.23272e-06
1.3914e-05
0.0126502
0.00922523
0.00859547
0.00849975
0.00831668
0.00813062
0.00794578
0.00775236
0.00755108
0.00734426
0.00713405
0.00692235
0.00671066
0.00650009
0.00629144
0.00608528
0.00588202
0.00568193
0.00548521
0.005292
0.00510241
0.0049165
0.00473434
0.00455596
0.0043814
0.00421068
0.00404382
0.00388081
0.00372167
0.00356639
0.00341497
0.00326738
0.00312362
0.00298366
0.00284748
0.00271504
0.00258633
0.0024613
0.00233991
0.00222214
0.00210794
0.00199726
0.00189007
0.00178632
0.00168596
0.00158895
0.00149525
0.00140479
0.00131755
0.00123346
0.00115249
0.00107459
0.000999709
0.000927809
0.000858845
0.000792774
0.000729556
0.000669153
0.000611526
0.00055664
0.000504463
0.000454962
0.000408109
0.000363878
0.000322244
0.000283187
0.000246687
0.000212728
0.000181296
0.000152378
0.000125959
0.000102024
8.05476e-05
6.14822e-05
4.47958e-05
3.04257e-05
1.7309e-05
4.40188e-06
4.07384e-06
3.85299e-06
0.0129889
0.00942311
0.00877433
0.00871552
0.00855584
0.00837561
0.00818739
0.00798587
0.00777444
0.00755704
0.00733659
0.00711529
0.00689467
0.00667577
0.00645929
0.00624569
0.00603529
0.00582831
0.00562492
0.00542524
0.00522936
0.00503735
0.00484927
0.00466517
0.00448508
0.00430902
0.004137
0.00396904
0.00380514
0.00364529
0.00348947
0.00333769
0.0031899
0.0030461
0.00290624
0.0027703
0.00263825
0.00251003
0.00238562
0.00226497
0.00214804
0.00203477
0.00192512
0.00181904
0.00171648
0.0016174
0.00152172
0.00142942
0.00134043
0.0012547
0.00117218
0.00109283
0.00101658
0.000943402
0.000873235
0.000806036
0.000741761
0.000680365
0.000621807
0.000566048
0.000513051
0.000462779
0.000415201
0.000370286
0.000328007
0.00028834
0.000251263
0.000216757
0.000184807
0.000155398
0.000128518
0.000104153
8.22798e-05
6.28572e-05
4.58617e-05
3.12109e-05
1.77773e-05
4.80722e-06
4.47357e-06
5.20326e-07
0.0129889
0.00942311
0.00877433
0.00871552
0.00855584
0.00837561
0.00818739
0.00798587
0.00777444
0.00755704
0.00733659
0.00711529
0.00689467
0.00667577
0.00645929
0.00624569
0.00603529
0.00582831
0.00562492
0.00542524
0.00522936
0.00503735
0.00484927
0.00466517
0.00448508
0.00430902
0.004137
0.00396904
0.00380514
0.00364529
0.00348947
0.00333769
0.0031899
0.0030461
0.00290624
0.0027703
0.00263825
0.00251003
0.00238562
0.00226497
0.00214804
0.00203477
0.00192512
0.00181904
0.00171648
0.0016174
0.00152172
0.00142942
0.00134043
0.0012547
0.00117218
0.00109283
0.00101658
0.000943402
0.000873235
0.000806036
0.000741761
0.000680365
0.000621807
0.000566048
0.000513051
0.000462779
0.000415201
0.000370286
0.000328007
0.00028834
0.000251263
0.000216757
0.000184807
0.000155398
0.000128518
0.000104153
8.22798e-05
6.28572e-05
4.58616e-05
3.12109e-05
1.77773e-05
4.80716e-06
4.47356e-06
5.20425e-07
0.0126502
0.00922523
0.00859547
0.00849975
0.00831668
0.00813062
0.00794578
0.00775236
0.00755108
0.00734426
0.00713405
0.00692235
0.00671066
0.00650009
0.00629144
0.00608528
0.00588202
0.00568193
0.00548521
0.005292
0.00510241
0.0049165
0.00473434
0.00455596
0.0043814
0.00421068
0.00404382
0.00388081
0.00372167
0.00356639
0.00341497
0.00326738
0.00312362
0.00298366
0.00284748
0.00271504
0.00258633
0.0024613
0.00233991
0.00222214
0.00210794
0.00199726
0.00189007
0.00178632
0.00168596
0.00158895
0.00149525
0.00140479
0.00131755
0.00123346
0.00115249
0.00107459
0.000999709
0.000927809
0.000858845
0.000792774
0.000729556
0.000669153
0.000611526
0.00055664
0.000504463
0.000454962
0.000408109
0.000363878
0.000322244
0.000283187
0.000246687
0.000212728
0.000181296
0.000152378
0.000125959
0.000102024
8.05476e-05
6.14822e-05
4.47958e-05
3.04258e-05
1.7309e-05
4.40181e-06
4.07381e-06
3.8531e-06
0.0114859
0.0083372
0.00797749
0.00793124
0.00775805
0.00759329
0.00743659
0.00727302
0.00710021
0.00691916
0.00673181
0.00654041
0.00634697
0.00615312
0.00596007
0.00576869
0.0055796
0.00539321
0.00520977
0.00502947
0.00485241
0.00467868
0.00450832
0.00434137
0.00417785
0.00401778
0.00386117
0.00370803
0.00355837
0.00341219
0.00326948
0.00313024
0.00299447
0.00286214
0.00273324
0.00260776
0.00248566
0.00236693
0.00225154
0.00213946
0.00203066
0.0019251
0.00182276
0.00172359
0.00162757
0.00153465
0.0014448
0.00135799
0.00127416
0.00119329
0.00111535
0.00104028
0.000968066
0.000898662
0.000832035
0.000768153
0.000706984
0.000648498
0.000592666
0.000539461
0.000488858
0.000440834
0.000395367
0.000352439
0.000312033
0.000274135
0.00023873
0.000205809
0.000175359
0.000147369
0.000121823
9.87016e-05
7.79675e-05
5.95566e-05
4.34058e-05
2.9462e-05
1.67521e-05
3.48323e-06
2.2328e-06
1.3914e-05
0.0102778
0.00718959
0.00680563
0.00668582
0.00655394
0.00646211
0.00638213
0.00629259
0.00618631
0.00606282
0.00592481
0.00577602
0.00562009
0.00546
0.00529806
0.0051359
0.00497464
0.00481499
0.00465742
0.00450219
0.00434947
0.00419934
0.00405186
0.00390705
0.00376493
0.00362553
0.00348885
0.0033549
0.00322371
0.00309527
0.00296961
0.00284672
0.0027266
0.00260927
0.00249473
0.00238296
0.00227396
0.00216773
0.00206425
0.00196352
0.00186552
0.00177023
0.00167764
0.00158774
0.00150049
0.00141589
0.00133392
0.00125455
0.00117777
0.00110355
0.00103188
0.000962739
0.000896101
0.000831953
0.000770278
0.000711057
0.000654277
0.000599922
0.00054798
0.00049844
0.000451292
0.000406527
0.00036414
0.000324124
0.000286477
0.000251197
0.000218283
0.000187732
0.000159541
0.000133703
0.000110201
8.90062e-05
7.00621e-05
5.32709e-05
3.84848e-05
2.55132e-05
1.37361e-05
1.0602e-06
-6.86371e-06
2.17992e-05
0.0200422
0.0146027
0.0141821
0.0141943
0.0140688
0.013963
0.0138472
0.0136968
0.0135104
0.013293
0.0130519
0.0127937
0.012524
0.0122469
0.0119653
0.0116813
0.0113962
0.0111109
0.010826
0.0105419
0.0102588
0.00997696
0.00969656
0.00941774
0.00914067
0.00886549
0.00859234
0.00832136
0.0080527
0.00778649
0.00752287
0.00726197
0.00700391
0.00674882
0.00649683
0.00624804
0.00600258
0.00576055
0.00552207
0.00528724
0.00505616
0.00482894
0.00460568
0.00438647
0.00417142
0.00396062
0.00375416
0.00355214
0.00335467
0.00316182
0.0029737
0.0027904
0.00261201
0.00243864
0.00227038
0.00210732
0.00194957
0.00179722
0.00165037
0.00150913
0.00137359
0.00124387
0.00112006
0.00100227
0.000890612
0.000785192
0.000686118
0.000593494
0.000507418
0.000427981
0.000355251
0.000289267
0.000230013
0.00017739
0.000131176
9.10049e-05
5.60704e-05
2.44868e-05
-5.80757e-07
-1.03825e-06
0.023164
0.0165281
0.0157862
0.0157191
0.0153896
0.0151004
0.0148419
0.0145784
0.0143042
0.0140199
0.0137274
0.0134288
0.0131263
0.0128213
0.0125151
0.0122084
0.011902
0.0115962
0.0112914
0.0109879
0.0106859
0.0103856
0.0100872
0.00979079
0.00949662
0.00920483
0.00891556
0.00862896
0.00834518
0.00806435
0.00778661
0.00751207
0.00724087
0.00697313
0.00670895
0.00644845
0.00619173
0.0059389
0.00569005
0.00544529
0.0052047
0.00496838
0.00473642
0.00450891
0.00428593
0.00406758
0.00385392
0.00364505
0.00344106
0.00324202
0.00304801
0.00285913
0.00267544
0.00249705
0.00232402
0.00215644
0.00199441
0.001838
0.00168731
0.00154241
0.00140341
0.0012704
0.00114346
0.00102269
0.000908197
0.000800067
0.000698401
0.000603298
0.000514854
0.000433163
0.000358308
0.00029036
0.000229363
0.000175311
0.000128147
8.7722e-05
5.30399e-05
2.23294e-05
2.78619e-06
-1.2937e-05
0.0261153
0.0184745
0.0168738
0.016535
0.0160773
0.0156873
0.0153502
0.0150257
0.0147045
0.0143843
0.0140641
0.0137438
0.0134235
0.0131034
0.0127839
0.0124651
0.0121473
0.0118306
0.0115152
0.0112015
0.0108895
0.0105794
0.0102715
0.00996595
0.00966286
0.00936242
0.0090648
0.00877014
0.00847859
0.00819028
0.00790534
0.0076239
0.00734607
0.00707197
0.00680171
0.00653539
0.00627311
0.00601497
0.00576106
0.00551147
0.0052663
0.00502562
0.00478952
0.00455808
0.00433138
0.0041095
0.00389251
0.0036805
0.00347354
0.0032717
0.00307506
0.0028837
0.00269769
0.0025171
0.00234202
0.00217251
0.00200867
0.00185057
0.00169828
0.00155189
0.00141149
0.00127715
0.00114897
0.00102704
0.000911435
0.00080226
0.000699606
0.000603567
0.000514242
0.000431727
0.000356117
0.000287504
0.000225965
0.000171545
0.000124265
8.40338e-05
4.98268e-05
2.02712e-05
1.69308e-06
-2.34406e-05
0.0270222
0.018988
0.0172144
0.016857
0.0163799
0.0159616
0.0155975
0.0152491
0.0149076
0.0145707
0.0142368
0.0139053
0.0135756
0.0132476
0.012921
0.0125958
0.012272
0.0119497
0.0116289
0.0113099
0.0109928
0.0106778
0.0103651
0.0100548
0.00974719
0.00944238
0.00914053
0.00884179
0.0085463
0.00825421
0.00796563
0.00768069
0.00739952
0.00712221
0.00684887
0.00657961
0.00631453
0.00605371
0.00579725
0.00554524
0.00529776
0.00505488
0.0048167
0.00458329
0.00435472
0.00413107
0.00391242
0.00369883
0.00349038
0.00328714
0.00308918
0.00289657
0.0027094
0.00252771
0.0023516
0.00218113
0.00201639
0.00185743
0.00170435
0.00155721
0.00141611
0.00128111
0.00115231
0.00102979
0.000913637
0.000803941
0.000700794
0.000604292
0.000514532
0.000431614
0.000355641
0.00028671
0.000224913
0.000170312
0.000122949
8.27291e-05
4.85847e-05
1.93226e-05
8.91307e-07
-2.72301e-05
0.0270222
0.018988
0.0172144
0.016857
0.0163799
0.0159616
0.0155975
0.0152491
0.0149076
0.0145707
0.0142368
0.0139053
0.0135756
0.0132476
0.012921
0.0125958
0.012272
0.0119497
0.0116289
0.0113099
0.0109928
0.0106778
0.0103651
0.0100548
0.00974719
0.00944238
0.00914053
0.00884179
0.0085463
0.00825421
0.00796563
0.00768069
0.00739952
0.00712221
0.00684887
0.00657961
0.00631453
0.00605371
0.00579725
0.00554524
0.00529776
0.00505488
0.0048167
0.00458329
0.00435472
0.00413107
0.00391242
0.00369883
0.00349038
0.00328714
0.00308918
0.00289657
0.0027094
0.00252771
0.0023516
0.00218113
0.00201639
0.00185743
0.00170435
0.00155721
0.00141611
0.00128111
0.00115231
0.00102979
0.000913637
0.000803941
0.000700794
0.000604292
0.000514532
0.000431615
0.000355641
0.00028671
0.000224913
0.000170312
0.000122949
8.2729e-05
4.85846e-05
1.93225e-05
8.91159e-07
-2.723e-05
0.0261153
0.0184745
0.0168738
0.016535
0.0160773
0.0156873
0.0153502
0.0150257
0.0147045
0.0143843
0.0140641
0.0137438
0.0134235
0.0131034
0.0127839
0.0124651
0.0121473
0.0118306
0.0115152
0.0112015
0.0108895
0.0105794
0.0102715
0.00996595
0.00966286
0.00936242
0.0090648
0.00877014
0.00847859
0.00819028
0.00790534
0.0076239
0.00734607
0.00707197
0.00680171
0.00653539
0.00627311
0.00601497
0.00576106
0.00551147
0.0052663
0.00502562
0.00478952
0.00455808
0.00433138
0.0041095
0.00389251
0.0036805
0.00347354
0.0032717
0.00307506
0.0028837
0.00269769
0.0025171
0.00234202
0.00217251
0.00200867
0.00185057
0.00169828
0.00155189
0.00141149
0.00127715
0.00114897
0.00102704
0.000911435
0.00080226
0.000699606
0.000603567
0.000514242
0.000431727
0.000356117
0.000287504
0.000225965
0.000171545
0.000124265
8.40338e-05
4.98267e-05
2.0271e-05
1.69295e-06
-2.34405e-05
0.023164
0.0165281
0.0157862
0.0157191
0.0153896
0.0151004
0.0148419
0.0145784
0.0143042
0.0140199
0.0137274
0.0134288
0.0131263
0.0128213
0.0125151
0.0122084
0.011902
0.0115962
0.0112914
0.0109879
0.0106859
0.0103856
0.0100872
0.00979079
0.00949662
0.00920483
0.00891556
0.00862896
0.00834518
0.00806435
0.00778661
0.00751207
0.00724087
0.00697313
0.00670895
0.00644845
0.00619173
0.0059389
0.00569005
0.00544529
0.0052047
0.00496838
0.00473642
0.00450891
0.00428593
0.00406758
0.00385392
0.00364505
0.00344106
0.00324202
0.00304801
0.00285913
0.00267544
0.00249705
0.00232402
0.00215644
0.00199441
0.001838
0.00168731
0.00154241
0.00140341
0.0012704
0.00114346
0.00102269
0.000908197
0.000800067
0.000698401
0.000603298
0.000514854
0.000433163
0.000358308
0.00029036
0.000229363
0.000175311
0.000128147
8.77218e-05
5.30397e-05
2.23293e-05
2.78619e-06
-1.29371e-05
0.0200422
0.0146027
0.0141821
0.0141943
0.0140688
0.013963
0.0138472
0.0136968
0.0135104
0.013293
0.0130519
0.0127937
0.012524
0.0122469
0.0119653
0.0116813
0.0113962
0.0111109
0.010826
0.0105419
0.0102588
0.00997696
0.00969656
0.00941774
0.00914067
0.00886549
0.00859234
0.00832137
0.0080527
0.00778649
0.00752287
0.00726197
0.00700391
0.00674882
0.00649683
0.00624804
0.00600258
0.00576055
0.00552207
0.00528724
0.00505616
0.00482894
0.00460568
0.00438647
0.00417142
0.00396062
0.00375416
0.00355214
0.00335466
0.00316182
0.0029737
0.0027904
0.00261201
0.00243864
0.00227038
0.00210732
0.00194957
0.00179722
0.00165037
0.00150913
0.00137359
0.00124387
0.00112006
0.00100227
0.000890612
0.000785192
0.000686118
0.000593494
0.000507419
0.000427981
0.000355251
0.000289267
0.000230014
0.00017739
0.000131176
9.10052e-05
5.6071e-05
2.44875e-05
-5.80624e-07
-1.03912e-06
0.0267352
0.0204948
0.0206855
0.0210447
0.0210014
0.020915
0.0207809
0.0205828
0.0203303
0.0200367
0.0197136
0.0193702
0.019013
0.0186465
0.0182736
0.0178962
0.0175157
0.0171327
0.0167479
0.0163616
0.0159741
0.0155857
0.0151966
0.0148072
0.0144175
0.014028
0.0136388
0.0132502
0.0128625
0.0124758
0.0120905
0.0117069
0.011325
0.0109453
0.0105679
0.0101931
0.00982116
0.00945231
0.0090868
0.00872488
0.00836679
0.00801278
0.0076631
0.00731798
0.00697768
0.00664244
0.00631251
0.00598813
0.00566956
0.00535703
0.0050508
0.00475111
0.00445821
0.00417235
0.00389378
0.00362275
0.0033595
0.00310428
0.00285735
0.00261895
0.00238933
0.00216874
0.00195743
0.00175564
0.00156364
0.00138165
0.00120993
0.00104872
0.000898239
0.000758716
0.000630347
0.0005133
0.000407695
0.00031358
0.000230904
0.0001595
9.8939e-05
4.82767e-05
8.58945e-06
-1.94211e-05
0.0294924
0.0220066
0.0223837
0.0227283
0.0223562
0.0219866
0.0216537
0.021315
0.0209655
0.0206065
0.0202398
0.019867
0.0194895
0.0191082
0.0187238
0.0183366
0.0179472
0.0175557
0.0171626
0.0167679
0.0163721
0.0159753
0.0155778
0.0151799
0.0147817
0.0143837
0.0139859
0.0135888
0.0131925
0.0127973
0.0124034
0.0120111
0.0116207
0.0112324
0.0108465
0.0104632
0.0100828
0.00970542
0.00933146
0.00896111
0.00859464
0.00823229
0.00787431
0.00752096
0.00717249
0.00682915
0.00649119
0.00615888
0.00583245
0.00551216
0.00519826
0.00489102
0.00459067
0.00429748
0.00401168
0.00373355
0.00346332
0.00320125
0.00294759
0.00270258
0.00246649
0.00223955
0.00202202
0.00181415
0.00161617
0.00142834
0.0012509
0.00108409
0.000928152
0.000783309
0.000649788
0.000527803
0.00041755
0.000319201
0.000232906
0.000158789
9.65203e-05
4.5209e-05
7.34397e-06
-2.86113e-05
0.0328502
0.0241417
0.023663
0.0237133
0.0231198
0.0225685
0.0221063
0.0216775
0.0212655
0.0208636
0.0204676
0.0200746
0.0196828
0.0192908
0.018898
0.0185038
0.0181081
0.0177108
0.0173121
0.016912
0.0165108
0.0161087
0.015706
0.0153029
0.0148997
0.0144967
0.0140942
0.0136923
0.0132914
0.0128917
0.0124934
0.0120969
0.0117023
0.01131
0.0109201
0.010533
0.0101488
0.00976786
0.00939041
0.00901669
0.00864695
0.00828144
0.00792041
0.00756412
0.0072128
0.00686672
0.00652613
0.00619127
0.0058624
0.00553976
0.00522361
0.0049142
0.00461177
0.00431658
0.00402887
0.0037489
0.00347691
0.00321315
0.00295787
0.00271132
0.00247373
0.00224536
0.00202645
0.00181725
0.001618
0.00142894
0.00125031
0.00108236
0.000925322
0.000779446
0.00064497
0.00052214
0.000411201
0.000312398
0.00022599
0.00015222
9.08331e-05
4.11041e-05
4.80168e-06
-3.42348e-05
0.0338035
0.0246544
0.02406
0.0241095
0.0234625
0.022846
0.0223317
0.0218631
0.0214214
0.0209976
0.0205857
0.0201811
0.0197808
0.0193824
0.0189844
0.0185861
0.0181867
0.017786
0.0173841
0.016981
0.0165769
0.016172
0.0157665
0.0153607
0.0149549
0.0145493
0.0141442
0.0137398
0.0133365
0.0129345
0.012534
0.0121353
0.0117386
0.0113443
0.0109524
0.0105634
0.0101774
0.00979476
0.00941562
0.00904028
0.00866898
0.00830198
0.00793952
0.00758186
0.00722923
0.0068819
0.00654011
0.00620411
0.00587415
0.00555047
0.00523333
0.00492297
0.00461965
0.00432361
0.00403509
0.00375435
0.00348163
0.00321717
0.00296123
0.00271404
0.00247586
0.00224692
0.00202746
0.00181774
0.00161799
0.00142845
0.00124937
0.00108098
0.000923544
0.000777295
0.000642489
0.000519386
0.000408254
0.000309363
0.000223004
0.000149438
8.84092e-05
3.92994e-05
3.54192e-06
-3.6596e-05
0.0338035
0.0246544
0.02406
0.0241095
0.0234625
0.022846
0.0223317
0.0218631
0.0214214
0.0209976
0.0205857
0.0201811
0.0197808
0.0193824
0.0189844
0.018586
0.0181867
0.017786
0.0173841
0.016981
0.0165769
0.016172
0.0157665
0.0153607
0.0149549
0.0145493
0.0141442
0.0137398
0.0133365
0.0129345
0.012534
0.0121353
0.0117386
0.0113443
0.0109524
0.0105634
0.0101774
0.00979476
0.00941562
0.00904028
0.00866898
0.00830198
0.00793952
0.00758186
0.00722923
0.0068819
0.00654011
0.00620411
0.00587415
0.00555047
0.00523333
0.00492297
0.00461965
0.00432361
0.00403509
0.00375435
0.00348163
0.00321717
0.00296123
0.00271404
0.00247586
0.00224692
0.00202746
0.00181774
0.00161799
0.00142845
0.00124937
0.00108098
0.000923544
0.000777295
0.000642489
0.000519386
0.000408254
0.000309363
0.000223004
0.000149438
8.84093e-05
3.92992e-05
3.54038e-06
-3.65966e-05
0.0328502
0.0241417
0.023663
0.0237133
0.0231198
0.0225685
0.0221063
0.0216775
0.0212655
0.0208636
0.0204676
0.0200746
0.0196828
0.0192908
0.018898
0.0185038
0.0181081
0.0177108
0.0173121
0.016912
0.0165108
0.0161087
0.015706
0.0153029
0.0148997
0.0144967
0.0140942
0.0136923
0.0132914
0.0128917
0.0124934
0.0120969
0.0117023
0.01131
0.0109201
0.010533
0.0101488
0.00976786
0.00939041
0.00901669
0.00864695
0.00828144
0.00792041
0.00756412
0.0072128
0.00686672
0.00652613
0.00619127
0.0058624
0.00553976
0.00522361
0.0049142
0.00461177
0.00431658
0.00402887
0.0037489
0.00347691
0.00321315
0.00295787
0.00271132
0.00247373
0.00224536
0.00202645
0.00181725
0.001618
0.00142894
0.00125031
0.00108236
0.000925322
0.000779446
0.00064497
0.00052214
0.000411201
0.000312398
0.00022599
0.00015222
9.08332e-05
4.11037e-05
4.80034e-06
-3.42357e-05
0.0294924
0.0220066
0.0223837
0.0227283
0.0223562
0.0219866
0.0216537
0.021315
0.0209655
0.0206065
0.0202398
0.019867
0.0194895
0.0191082
0.0187238
0.0183366
0.0179472
0.0175557
0.0171626
0.0167679
0.0163721
0.0159753
0.0155778
0.0151799
0.0147817
0.0143837
0.0139859
0.0135888
0.0131925
0.0127973
0.0124034
0.0120111
0.0116207
0.0112324
0.0108465
0.0104632
0.0100828
0.00970542
0.00933146
0.00896111
0.00859464
0.00823229
0.00787431
0.00752096
0.00717249
0.00682915
0.00649119
0.00615888
0.00583245
0.00551216
0.00519826
0.00489102
0.00459067
0.00429748
0.00401168
0.00373355
0.00346332
0.00320125
0.00294759
0.00270258
0.00246649
0.00223955
0.00202202
0.00181415
0.00161617
0.00142834
0.0012509
0.00108409
0.000928152
0.000783309
0.000649788
0.000527803
0.00041755
0.000319201
0.000232906
0.000158789
9.65202e-05
4.52088e-05
7.34417e-06
-2.86121e-05
0.0267352
0.0204948
0.0206855
0.0210447
0.0210014
0.020915
0.0207809
0.0205828
0.0203303
0.0200367
0.0197136
0.0193702
0.019013
0.0186465
0.0182736
0.0178962
0.0175157
0.0171327
0.0167479
0.0163616
0.0159741
0.0155857
0.0151966
0.0148072
0.0144175
0.014028
0.0136388
0.0132502
0.0128625
0.0124758
0.0120905
0.0117069
0.011325
0.0109453
0.0105679
0.0101931
0.00982116
0.00945231
0.0090868
0.00872488
0.00836679
0.00801278
0.0076631
0.00731798
0.00697768
0.00664244
0.00631251
0.00598813
0.00566956
0.00535703
0.0050508
0.00475111
0.00445821
0.00417235
0.00389378
0.00362275
0.0033595
0.00310428
0.00285735
0.00261895
0.00238933
0.00216874
0.00195743
0.00175564
0.00156364
0.00138165
0.00120993
0.00104872
0.000898239
0.000758716
0.000630347
0.0005133
0.000407695
0.00031358
0.000230904
0.0001595
9.89395e-05
4.82779e-05
8.5899e-06
-1.9423e-05
0.031471
0.0262022
0.0268183
0.0274382
0.0274489
0.0272766
0.0270093
0.0266714
0.0262827
0.0258589
0.0254115
0.0249482
0.0244741
0.0239922
0.0235048
0.023013
0.022518
0.0220203
0.0215204
0.0210187
0.0205157
0.0200116
0.0195068
0.0190016
0.0184963
0.0179913
0.0174869
0.0169834
0.016481
0.0159802
0.0154813
0.0149844
0.0144901
0.0139984
0.0135099
0.0130247
0.0125432
0.0120658
0.0115926
0.011124
0.0106603
0.0102019
0.00974906
0.00930206
0.00886124
0.00842692
0.00799942
0.00757907
0.0071662
0.00676114
0.00636421
0.00597577
0.00559614
0.00522567
0.00486471
0.00451359
0.00417268
0.00384232
0.00352288
0.00321471
0.00291816
0.0026336
0.0023614
0.00210191
0.00185551
0.00162256
0.00140342
0.00119846
0.00100804
0.000832526
0.000672272
0.000527646
0.000399031
0.000286854
0.000191647
0.000114181
5.55236e-05
1.67731e-05
6.22714e-07
-2.75443e-06
0.0338356
0.0278107
0.0285454
0.0289507
0.028581
0.0280996
0.0276098
0.0271171
0.0266251
0.0261345
0.0256448
0.0251548
0.0246637
0.0241707
0.0236754
0.0231776
0.0226773
0.0221749
0.0216704
0.0211642
0.0206567
0.0201482
0.019639
0.0191294
0.0186199
0.0181106
0.0176021
0.0170945
0.0165882
0.0160836
0.0155808
0.0150803
0.0145824
0.0140873
0.0135953
0.0131068
0.012622
0.0121413
0.011665
0.0111934
0.0107267
0.0102653
0.00980955
0.0093597
0.00891608
0.00847901
0.00804881
0.00762581
0.00721033
0.0068027
0.00640325
0.00601232
0.00563024
0.00525737
0.00489403
0.00454059
0.00419738
0.00386476
0.00354308
0.0032327
0.00293399
0.00264729
0.00237296
0.00211139
0.00186292
0.00162792
0.00140675
0.00119979
0.0010074
0.000829964
0.000667858
0.0005215
0.000391344
0.000277925
0.000181921
0.000104263
4.60368e-05
8.03993e-06
-6.14746e-06
-1.74864e-06
0.0372552
0.0298953
0.0298863
0.0299708
0.0293242
0.0286126
0.0279542
0.0273438
0.0267724
0.0262294
0.0257057
0.0251941
0.0246893
0.0241875
0.0236865
0.0231848
0.0226817
0.0221769
0.0216703
0.0211623
0.0206529
0.0201426
0.0196317
0.0191205
0.0186094
0.0180987
0.0175887
0.0170798
0.0165723
0.0160665
0.0155626
0.0150612
0.0145623
0.0140664
0.0135737
0.0130845
0.0125992
0.0121181
0.0116413
0.0111694
0.0107024
0.0102408
0.00978494
0.00933501
0.00889136
0.00845432
0.0080242
0.00760132
0.00718601
0.00677858
0.00637937
0.00598872
0.00560695
0.0052344
0.00487141
0.00451834
0.00417552
0.0038433
0.00352204
0.00321209
0.0029138
0.00262754
0.00235365
0.00209251
0.00184447
0.0016099
0.00138916
0.00118263
0.00099069
0.000813722
0.000652145
0.000506411
0.000377033
0.000264612
0.000169902
9.38917e-05
3.76598e-05
1.97655e-06
-9.4212e-06
-1.86923e-06
0.0383375
0.0304797
0.0303575
0.0304116
0.0296756
0.0288678
0.028132
0.0274643
0.0268519
0.0262806
0.0257378
0.0252136
0.0247006
0.0241936
0.0236892
0.0231853
0.0226807
0.0221748
0.0216674
0.0211586
0.0206486
0.0201376
0.0196261
0.0191143
0.0186026
0.0180914
0.0175809
0.0170715
0.0165635
0.0160573
0.0155532
0.0150513
0.0145522
0.014056
0.0135631
0.0130737
0.0125883
0.012107
0.0116301
0.0111581
0.0106911
0.0102295
0.00977355
0.00932363
0.00888002
0.00844304
0.00801299
0.0075902
0.00717499
0.00676768
0.0063686
0.00597809
0.00559647
0.00522408
0.00486127
0.00450837
0.00416573
0.0038337
0.00351263
0.00320287
0.00290477
0.0026187
0.00234501
0.00208405
0.0018362
0.00160182
0.00138128
0.00117495
0.00098321
0.000806474
0.000645167
0.000499762
0.000370795
0.000258896
0.000164833
8.95854e-05
3.42177e-05
-5.02271e-07
-1.09876e-05
-2.66858e-06
0.0383375
0.0304797
0.0303575
0.0304116
0.0296756
0.0288678
0.028132
0.0274643
0.0268519
0.0262806
0.0257378
0.0252136
0.0247006
0.0241936
0.0236892
0.0231853
0.0226807
0.0221748
0.0216674
0.0211586
0.0206486
0.0201376
0.0196261
0.0191143
0.0186026
0.0180914
0.0175809
0.0170715
0.0165635
0.0160573
0.0155532
0.0150513
0.0145522
0.014056
0.0135631
0.0130737
0.0125883
0.012107
0.0116301
0.0111581
0.0106911
0.0102295
0.00977355
0.00932363
0.00888002
0.00844304
0.00801299
0.0075902
0.00717499
0.00676768
0.0063686
0.00597809
0.00559647
0.00522408
0.00486127
0.00450837
0.00416573
0.0038337
0.00351263
0.00320287
0.00290477
0.0026187
0.00234501
0.00208405
0.0018362
0.00160182
0.00138128
0.00117495
0.00098321
0.000806474
0.000645167
0.000499762
0.000370795
0.000258896
0.000164833
8.95856e-05
3.42183e-05
-5.03545e-07
-1.0991e-05
-2.65546e-06
0.0372552
0.0298953
0.0298863
0.0299708
0.0293242
0.0286126
0.0279542
0.0273438
0.0267724
0.0262294
0.0257057
0.0251941
0.0246893
0.0241875
0.0236865
0.0231848
0.0226817
0.0221769
0.0216703
0.0211623
0.0206529
0.0201426
0.0196317
0.0191205
0.0186094
0.0180987
0.0175887
0.0170798
0.0165723
0.0160665
0.0155626
0.0150612
0.0145623
0.0140664
0.0135737
0.0130845
0.0125992
0.0121181
0.0116413
0.0111694
0.0107024
0.0102408
0.00978494
0.00933501
0.00889136
0.00845432
0.0080242
0.00760132
0.00718601
0.00677858
0.00637937
0.00598872
0.00560695
0.0052344
0.00487141
0.00451834
0.00417552
0.0038433
0.00352204
0.00321209
0.0029138
0.00262754
0.00235365
0.00209251
0.00184447
0.0016099
0.00138916
0.00118263
0.00099069
0.000813722
0.000652145
0.000506412
0.000377033
0.000264612
0.000169902
9.38918e-05
3.76595e-05
1.97454e-06
-9.42134e-06
-1.85689e-06
0.0338356
0.0278107
0.0285454
0.0289507
0.028581
0.0280996
0.0276098
0.0271171
0.0266251
0.0261345
0.0256448
0.0251548
0.0246637
0.0241707
0.0236754
0.0231776
0.0226773
0.0221749
0.0216704
0.0211642
0.0206567
0.0201482
0.019639
0.0191294
0.0186199
0.0181106
0.0176021
0.0170945
0.0165882
0.0160836
0.0155808
0.0150803
0.0145824
0.0140873
0.0135953
0.0131068
0.012622
0.0121413
0.011665
0.0111934
0.0107267
0.0102653
0.00980955
0.0093597
0.00891608
0.00847901
0.00804881
0.00762581
0.00721033
0.0068027
0.00640325
0.00601232
0.00563024
0.00525737
0.00489403
0.00454059
0.00419738
0.00386476
0.00354308
0.0032327
0.00293399
0.00264729
0.00237296
0.00211139
0.00186292
0.00162792
0.00140675
0.00119979
0.0010074
0.000829964
0.000667858
0.0005215
0.000391345
0.000277925
0.000181921
0.000104263
4.60356e-05
8.03936e-06
-6.14454e-06
-1.75602e-06
0.031471
0.0262022
0.0268183
0.0274382
0.0274489
0.0272766
0.0270093
0.0266714
0.0262827
0.0258589
0.0254115
0.0249482
0.0244741
0.0239922
0.0235048
0.023013
0.022518
0.0220203
0.0215204
0.0210187
0.0205157
0.0200116
0.0195068
0.0190016
0.0184963
0.0179913
0.0174869
0.0169834
0.016481
0.0159802
0.0154813
0.0149844
0.0144901
0.0139984
0.0135099
0.0130247
0.0125432
0.0120658
0.0115926
0.011124
0.0106603
0.0102019
0.00974906
0.00930206
0.00886124
0.00842692
0.00799942
0.00757907
0.0071662
0.00676114
0.00636421
0.00597577
0.00559614
0.00522567
0.00486471
0.00451359
0.00417268
0.00384233
0.00352288
0.00321471
0.00291816
0.0026336
0.0023614
0.00210191
0.00185551
0.00162256
0.00140342
0.00119846
0.00100804
0.000832526
0.000672272
0.000527646
0.000399031
0.000286854
0.000191647
0.000114181
5.55236e-05
1.67738e-05
6.22737e-07
-2.7551e-06
)
;

boundaryField
{
    left
    {
        type            zeroGradient;
    }
    right
    {
        type            pressureTraction;
        value           nonuniform List<scalar> 
64
(
2.28152e-05
2.51624e-05
2.52982e-05
2.63849e-05
2.63844e-05
2.52967e-05
2.51624e-05
2.28128e-05
-5.14646e-07
2.03528e-05
2.29484e-05
2.50362e-05
2.50369e-05
2.29498e-05
2.03537e-05
-5.15921e-07
-4.41027e-05
-1.08015e-05
-8.3719e-06
-6.40418e-06
-6.404e-06
-8.37146e-06
-1.08012e-05
-4.41043e-05
-9.31232e-05
-6.06904e-05
-6.19725e-05
-6.1316e-05
-6.13164e-05
-6.19733e-05
-6.06907e-05
-9.31235e-05
-0.000122214
-0.000103974
-0.000109537
-0.000110564
-0.000110565
-0.000109538
-0.000103974
-0.000122213
-0.00011721
-0.000119017
-0.000126246
-0.000128183
-0.000128183
-0.000126246
-0.000119017
-0.00011721
-7.61041e-05
-9.44657e-05
-9.75239e-05
-9.81482e-05
-9.81504e-05
-9.7527e-05
-9.44637e-05
-7.61029e-05
-6.45987e-06
-1.68268e-05
-1.5748e-05
-1.6468e-05
-1.64762e-05
-1.57559e-05
-1.68167e-05
-6.45533e-06
)
;
    }
    back
    {
        type            pressureTraction;
        value           nonuniform List<scalar> 
640
(
-0.0446502
-0.026353
-0.0124713
-0.000597704
0.0103624
0.0210109
0.0309123
0.0406552
-0.0370255
-0.0225187
-0.0106326
-0.000946616
0.00695264
0.0138149
0.0197728
0.0253502
-0.0357648
-0.0223429
-0.0111759
-0.00160593
0.00648827
0.0136074
0.02004
0.0260339
-0.0354176
-0.0222885
-0.0115014
-0.00198694
0.00627844
0.0136279
0.0203726
0.0267116
-0.0352524
-0.0221653
-0.0115821
-0.00216041
0.00613324
0.0135781
0.0204702
0.0268935
-0.0350453
-0.02202
-0.0115682
-0.00222908
0.00605174
0.0135402
0.0205051
0.0268685
-0.0347296
-0.0218293
-0.0115024
-0.00224965
0.00598996
0.013476
0.0204522
0.0267066
-0.0343062
-0.0215889
-0.0114046
-0.00225161
0.00592187
0.0133669
0.0203097
0.0264408
-0.0337933
-0.0213043
-0.0112856
-0.0022494
0.00583676
0.0132126
0.0200944
0.0260998
-0.0332119
-0.0209832
-0.0111513
-0.00224889
0.00573255
0.0130199
0.0198247
0.0257069
-0.0325805
-0.0206334
-0.0110052
-0.00225151
0.00561165
0.0127977
0.0195167
0.0252793
-0.0319143
-0.0202619
-0.0108498
-0.00225673
0.005478
0.0125543
0.0191826
0.0248287
-0.031225
-0.0198743
-0.0106868
-0.00226327
0.00533563
0.0122966
0.0188311
0.024363
-0.0305212
-0.0194752
-0.0105174
-0.00226977
0.00518792
0.0120296
0.0184682
0.0238871
-0.029809
-0.0190677
-0.0103425
-0.00227509
0.0050375
0.0117569
0.0180978
0.0234042
-0.0290928
-0.0186542
-0.0101626
-0.00227837
0.00488624
0.0114811
0.0177223
0.0229162
-0.0283755
-0.0182365
-0.00997826
-0.00227906
0.00473542
0.0112037
0.0173434
0.0224244
-0.0276593
-0.0178159
-0.00979
-0.00227682
0.00458585
0.0109259
0.016962
0.0219298
-0.0269456
-0.0173934
-0.00959821
-0.0022715
0.00443806
0.0106482
0.0165788
0.021433
-0.0262354
-0.0169697
-0.00940324
-0.00226307
0.00429234
0.0103711
0.0161943
0.0209343
-0.0255295
-0.0165455
-0.00920543
-0.00225158
0.00414886
0.0100948
0.0158087
0.0204342
-0.0248284
-0.0161213
-0.0090051
-0.00223711
0.0040077
0.00981972
0.0154223
0.019933
-0.0241325
-0.0156974
-0.00880255
-0.00221978
0.00386892
0.00954588
0.0150354
0.019431
-0.0234422
-0.0152743
-0.00859804
-0.0021997
0.00373255
0.00927346
0.0146482
0.0189287
-0.0227577
-0.0148522
-0.00839183
-0.002177
0.00359859
0.00900262
0.0142609
0.0184262
-0.0220793
-0.0144316
-0.00818417
-0.00215179
0.00346707
0.0087335
0.0138739
0.0179239
-0.0214072
-0.0140126
-0.00797527
-0.0021242
0.003338
0.00846622
0.0134873
0.0174221
-0.0207417
-0.0135956
-0.00776535
-0.00209433
0.00321139
0.00820095
0.0131013
0.0169211
-0.0200829
-0.0131809
-0.00755463
-0.00206229
0.00308725
0.00793781
0.0127164
0.0164213
-0.019431
-0.0127685
-0.0073433
-0.00202819
0.00296561
0.00767695
0.0123326
0.0159229
-0.0187862
-0.0123589
-0.00713156
-0.00199213
0.00284647
0.00741849
0.0119502
0.0154263
-0.0181486
-0.0119522
-0.00691961
-0.00195421
0.00272985
0.00716258
0.0115695
0.0149317
-0.0175185
-0.0115486
-0.00670763
-0.00191453
0.00261576
0.00690935
0.0111907
0.0144396
-0.016896
-0.0111485
-0.00649582
-0.0018732
0.00250421
0.00665892
0.0108142
0.0139501
-0.0162812
-0.0107519
-0.00628436
-0.00183033
0.0023952
0.00641142
0.01044
0.0134637
-0.0156745
-0.0103591
-0.00607343
-0.00178601
0.00228874
0.00616697
0.0100685
0.0129805
-0.0150758
-0.00997035
-0.00586322
-0.00174035
0.00218482
0.00592569
0.00969987
0.0125011
-0.0144855
-0.00958584
-0.00565392
-0.00169346
0.00208345
0.00568769
0.00933441
0.0120255
-0.0139036
-0.00920576
-0.0054457
-0.00164544
0.00198463
0.00545308
0.00897233
0.0115542
-0.0133304
-0.00883034
-0.00523875
-0.00159641
0.00188834
0.00522198
0.00861389
0.0110875
-0.012766
-0.00845977
-0.00503325
-0.00154647
0.00179459
0.00499449
0.00825931
0.0106256
-0.0122106
-0.00809426
-0.00482938
-0.00149572
0.00170336
0.00477073
0.00790884
0.0101689
-0.0116644
-0.00773401
-0.00462732
-0.00144429
0.00161464
0.00455078
0.00756272
0.00971776
-0.0111276
-0.00737924
-0.00442726
-0.00139227
0.00152843
0.00433476
0.00722118
0.00927241
-0.0106004
-0.00703015
-0.00422937
-0.00133978
0.00144471
0.00412277
0.00688448
0.0088332
-0.010083
-0.00668693
-0.00403384
-0.00128693
0.00136346
0.0039149
0.00655284
0.00840045
-0.00957556
-0.00634981
-0.00384084
-0.00123383
0.00128468
0.00371126
0.00622651
0.00797448
-0.00907832
-0.00601897
-0.00365055
-0.00118059
0.00120835
0.00351195
0.00590574
0.00755562
-0.00859148
-0.00569463
-0.00346315
-0.00112732
0.00113446
0.00331706
0.00559075
0.00714421
-0.00811526
-0.005377
-0.00327883
-0.00107413
0.00106299
0.0031267
0.0052818
0.00674057
-0.00764988
-0.00506628
-0.00309776
-0.00102112
0.000993935
0.00294096
0.00497912
0.00634503
-0.00719556
-0.00476269
-0.00292011
-0.000968412
0.000927274
0.00275994
0.00468297
0.00595794
-0.00675254
-0.00446642
-0.00274607
-0.000916107
0.000862996
0.00258374
0.00439358
0.00557963
-0.00632103
-0.0041777
-0.00257581
-0.000864313
0.00080109
0.00241246
0.00411119
0.00521045
-0.00590129
-0.00389673
-0.00240951
-0.000813137
0.000741543
0.0022462
0.00383606
0.00485075
-0.00549355
-0.00362372
-0.00224735
-0.000762684
0.000684345
0.00208506
0.00356842
0.00450087
-0.00509806
-0.0033589
-0.0020895
-0.000713059
0.000629486
0.00192915
0.00330853
0.00416117
-0.00471506
-0.00310248
-0.00193613
-0.000664365
0.000576958
0.00177856
0.00305663
0.00383199
-0.00434482
-0.00285467
-0.00178743
-0.000616703
0.000526752
0.0016334
0.00281296
0.00351371
-0.00398759
-0.00261569
-0.00164357
-0.000570175
0.000478864
0.00149378
0.00257778
0.00320667
-0.00364362
-0.00238576
-0.00150472
-0.00052488
0.000433288
0.0013598
0.00235133
0.00291123
-0.00331319
-0.0021651
-0.00137105
-0.000480916
0.000390022
0.00123156
0.00213385
0.00262777
-0.00299657
-0.00195394
-0.00124273
-0.000438378
0.000349064
0.00110919
0.0019256
0.00235664
-0.00269402
-0.00175249
-0.00111994
-0.000397362
0.000310414
0.000992783
0.00172683
0.00209821
-0.00240582
-0.00156098
-0.00100285
-0.000357961
0.000274073
0.000882457
0.00153777
0.00185285
-0.00213224
-0.00137963
-0.000891616
-0.000320265
0.000240045
0.000778322
0.00135868
0.00162092
-0.00187357
-0.00120867
-0.000786411
-0.000284364
0.00020833
0.000680487
0.00118981
0.00140279
-0.00163007
-0.0010483
-0.000687393
-0.000250344
0.000178931
0.000589059
0.00103138
0.00119883
-0.00140201
-0.000898754
-0.000594716
-0.000218287
0.000151848
0.000504137
0.000883621
0.00100939
-0.00118966
-0.00076022
-0.000508518
-0.000188271
0.000127072
0.000425807
0.000746753
0.000834829
-0.000993241
-0.000632881
-0.000428917
-0.000160364
0.000104586
0.000354129
0.000620959
0.000675493
-0.000812979
-0.000516887
-0.000355995
-0.000134621
8.43562e-05
0.000289127
0.000506385
0.000531725
-0.000649059
-0.00041234
-0.000289777
-0.000111073
6.63156e-05
0.000230757
0.000403114
0.000403874
-0.000501643
-0.000319275
-0.000230201
-8.97217e-05
5.03489e-05
0.000178871
0.000311134
0.000292318
-0.000370898
-0.000237631
-0.000177084
-7.05321e-05
3.6264e-05
0.000133166
0.0002303
0.000197528
-0.000257105
-0.000167207
-0.000130061
-5.3403e-05
2.37979e-05
9.31612e-05
0.000160312
0.000120225
-0.000160662
-0.000107656
-8.87041e-05
-3.83337e-05
1.24914e-05
5.81196e-05
0.000100693
6.1523e-05
-8.37726e-05
-5.96637e-05
-5.42622e-05
-2.73805e-05
3.79107e-08
2.60183e-05
5.04083e-05
2.27175e-05
-2.43792e-05
-2.09667e-05
-2.39732e-05
-1.77274e-05
-1.12356e-05
-1.89457e-06
9.83258e-06
6.04025e-06
1.07137e-05
2.94606e-05
4.1474e-05
4.09093e-05
2.5622e-05
4.35358e-06
-1.62744e-05
-2.38698e-06
)
;
    }
    front
    {
        type            pressureTraction;
        value           nonuniform List<scalar> 
640
(
-0.0446502
-0.026353
-0.0124713
-0.000597704
0.0103624
0.0210109
0.0309123
0.0406552
-0.0370255
-0.0225187
-0.0106326
-0.000946616
0.00695264
0.0138149
0.0197728
0.0253502
-0.0357648
-0.0223429
-0.0111759
-0.00160593
0.00648827
0.0136074
0.02004
0.0260339
-0.0354176
-0.0222885
-0.0115014
-0.00198694
0.00627844
0.0136279
0.0203726
0.0267116
-0.0352524
-0.0221653
-0.0115821
-0.00216041
0.00613324
0.0135781
0.0204702
0.0268935
-0.0350453
-0.02202
-0.0115682
-0.00222908
0.00605174
0.0135402
0.0205051
0.0268685
-0.0347296
-0.0218293
-0.0115024
-0.00224965
0.00598996
0.013476
0.0204522
0.0267066
-0.0343062
-0.0215889
-0.0114046
-0.00225161
0.00592187
0.0133669
0.0203097
0.0264408
-0.0337933
-0.0213043
-0.0112856
-0.0022494
0.00583676
0.0132126
0.0200944
0.0260998
-0.0332119
-0.0209832
-0.0111513
-0.00224889
0.00573255
0.0130199
0.0198247
0.0257069
-0.0325805
-0.0206334
-0.0110052
-0.00225151
0.00561165
0.0127977
0.0195167
0.0252793
-0.0319143
-0.0202619
-0.0108498
-0.00225673
0.005478
0.0125543
0.0191826
0.0248287
-0.031225
-0.0198743
-0.0106868
-0.00226327
0.00533563
0.0122966
0.0188311
0.024363
-0.0305212
-0.0194752
-0.0105174
-0.00226977
0.00518792
0.0120296
0.0184682
0.0238871
-0.029809
-0.0190677
-0.0103425
-0.00227509
0.0050375
0.0117569
0.0180978
0.0234042
-0.0290928
-0.0186542
-0.0101626
-0.00227837
0.00488624
0.0114811
0.0177223
0.0229162
-0.0283755
-0.0182365
-0.00997826
-0.00227906
0.00473542
0.0112037
0.0173434
0.0224244
-0.0276593
-0.0178159
-0.00979
-0.00227682
0.00458585
0.0109259
0.016962
0.0219298
-0.0269456
-0.0173934
-0.00959821
-0.0022715
0.00443806
0.0106482
0.0165788
0.021433
-0.0262354
-0.0169697
-0.00940324
-0.00226307
0.00429234
0.0103711
0.0161943
0.0209343
-0.0255295
-0.0165455
-0.00920543
-0.00225158
0.00414886
0.0100948
0.0158087
0.0204342
-0.0248284
-0.0161213
-0.0090051
-0.00223711
0.0040077
0.00981972
0.0154223
0.019933
-0.0241325
-0.0156974
-0.00880255
-0.00221978
0.00386892
0.00954588
0.0150354
0.019431
-0.0234422
-0.0152743
-0.00859804
-0.0021997
0.00373255
0.00927346
0.0146482
0.0189287
-0.0227577
-0.0148522
-0.00839183
-0.002177
0.00359859
0.00900262
0.0142609
0.0184262
-0.0220793
-0.0144316
-0.00818417
-0.00215179
0.00346707
0.0087335
0.0138739
0.0179239
-0.0214072
-0.0140126
-0.00797527
-0.0021242
0.003338
0.00846622
0.0134873
0.0174221
-0.0207417
-0.0135956
-0.00776535
-0.00209433
0.00321139
0.00820095
0.0131013
0.0169211
-0.0200829
-0.0131809
-0.00755463
-0.00206229
0.00308725
0.00793781
0.0127164
0.0164213
-0.019431
-0.0127685
-0.0073433
-0.00202819
0.00296561
0.00767695
0.0123326
0.0159229
-0.0187862
-0.0123589
-0.00713156
-0.00199213
0.00284647
0.00741849
0.0119502
0.0154263
-0.0181486
-0.0119522
-0.00691961
-0.00195421
0.00272985
0.00716258
0.0115695
0.0149317
-0.0175185
-0.0115486
-0.00670763
-0.00191453
0.00261576
0.00690935
0.0111907
0.0144396
-0.016896
-0.0111485
-0.00649582
-0.0018732
0.00250421
0.00665892
0.0108142
0.0139501
-0.0162812
-0.0107519
-0.00628436
-0.00183033
0.0023952
0.00641142
0.01044
0.0134637
-0.0156745
-0.0103591
-0.00607343
-0.00178601
0.00228874
0.00616697
0.0100685
0.0129805
-0.0150758
-0.00997035
-0.00586322
-0.00174035
0.00218482
0.00592569
0.00969987
0.0125011
-0.0144855
-0.00958584
-0.00565391
-0.00169346
0.00208345
0.00568769
0.00933441
0.0120255
-0.0139036
-0.00920576
-0.0054457
-0.00164544
0.00198463
0.00545308
0.00897233
0.0115542
-0.0133304
-0.00883034
-0.00523875
-0.00159641
0.00188834
0.00522198
0.00861389
0.0110875
-0.012766
-0.00845977
-0.00503325
-0.00154647
0.00179459
0.00499449
0.00825931
0.0106256
-0.0122106
-0.00809426
-0.00482938
-0.00149572
0.00170336
0.00477073
0.00790884
0.0101689
-0.0116644
-0.00773401
-0.00462732
-0.00144429
0.00161464
0.00455078
0.00756272
0.00971776
-0.0111276
-0.00737924
-0.00442726
-0.00139227
0.00152843
0.00433476
0.00722118
0.00927241
-0.0106004
-0.00703015
-0.00422937
-0.00133978
0.00144471
0.00412277
0.00688448
0.0088332
-0.010083
-0.00668693
-0.00403384
-0.00128693
0.00136346
0.0039149
0.00655284
0.00840044
-0.00957556
-0.00634981
-0.00384084
-0.00123383
0.00128468
0.00371126
0.00622651
0.00797448
-0.00907832
-0.00601897
-0.00365055
-0.00118059
0.00120835
0.00351195
0.00590574
0.00755562
-0.00859148
-0.00569463
-0.00346315
-0.00112732
0.00113446
0.00331706
0.00559075
0.00714421
-0.00811526
-0.005377
-0.00327883
-0.00107413
0.00106299
0.0031267
0.0052818
0.00674056
-0.00764988
-0.00506628
-0.00309776
-0.00102112
0.000993935
0.00294096
0.00497912
0.00634503
-0.00719556
-0.00476269
-0.00292011
-0.000968412
0.000927274
0.00275994
0.00468297
0.00595794
-0.00675254
-0.00446642
-0.00274607
-0.000916107
0.000862996
0.00258374
0.00439358
0.00557963
-0.00632103
-0.0041777
-0.00257581
-0.000864313
0.00080109
0.00241246
0.00411119
0.00521045
-0.00590129
-0.00389673
-0.00240951
-0.000813137
0.000741543
0.0022462
0.00383606
0.00485075
-0.00549355
-0.00362372
-0.00224735
-0.000762684
0.000684345
0.00208506
0.00356842
0.00450087
-0.00509806
-0.0033589
-0.0020895
-0.000713059
0.000629487
0.00192915
0.00330853
0.00416117
-0.00471507
-0.00310248
-0.00193614
-0.000664365
0.000576958
0.00177856
0.00305663
0.00383199
-0.00434482
-0.00285467
-0.00178744
-0.000616703
0.000526753
0.0016334
0.00281296
0.00351371
-0.00398759
-0.00261569
-0.00164357
-0.000570175
0.000478865
0.00149378
0.00257778
0.00320667
-0.00364362
-0.00238576
-0.00150472
-0.00052488
0.000433289
0.0013598
0.00235133
0.00291123
-0.00331319
-0.0021651
-0.00137105
-0.000480916
0.000390023
0.00123156
0.00213385
0.00262777
-0.00299657
-0.00195394
-0.00124273
-0.000438378
0.000349064
0.00110919
0.0019256
0.00235664
-0.00269402
-0.00175249
-0.00111994
-0.000397362
0.000310414
0.000992783
0.00172683
0.00209821
-0.00240582
-0.00156098
-0.00100285
-0.000357961
0.000274074
0.000882457
0.00153777
0.00185285
-0.00213224
-0.00137963
-0.000891616
-0.000320265
0.000240045
0.000778322
0.00135868
0.00162092
-0.00187357
-0.00120867
-0.000786411
-0.000284364
0.00020833
0.000680487
0.00118981
0.00140279
-0.00163007
-0.0010483
-0.000687394
-0.000250344
0.000178932
0.00058906
0.00103138
0.00119883
-0.00140201
-0.000898754
-0.000594716
-0.000218288
0.000151848
0.000504138
0.000883621
0.00100939
-0.00118966
-0.000760219
-0.000508518
-0.000188272
0.000127072
0.000425807
0.000746753
0.000834829
-0.000993239
-0.00063288
-0.000428916
-0.000160365
0.000104587
0.00035413
0.000620959
0.000675493
-0.000812977
-0.000516887
-0.000355995
-0.000134622
8.43566e-05
0.000289127
0.000506384
0.000531725
-0.000649056
-0.00041234
-0.000289777
-0.000111073
6.63158e-05
0.000230757
0.000403113
0.000403874
-0.000501642
-0.000319273
-0.000230201
-8.97219e-05
5.03489e-05
0.000178871
0.000311134
0.000292318
-0.000370901
-0.000237631
-0.000177085
-7.05325e-05
3.62642e-05
0.000133166
0.0002303
0.000197528
-0.000257105
-0.000167207
-0.000130061
-5.34036e-05
2.37982e-05
9.3162e-05
0.000160313
0.000120225
-0.000160661
-0.000107657
-8.8704e-05
-3.8334e-05
1.24915e-05
5.81208e-05
0.000100693
6.15238e-05
-8.37715e-05
-5.96643e-05
-5.42623e-05
-2.73804e-05
3.73754e-08
2.60196e-05
5.04103e-05
2.27199e-05
-2.4379e-05
-2.09672e-05
-2.39742e-05
-1.77278e-05
-1.12359e-05
-1.89434e-06
9.83332e-06
6.04569e-06
1.07115e-05
2.94601e-05
4.14716e-05
4.09077e-05
2.56224e-05
4.35281e-06
-1.6276e-05
-2.3897e-06
)
;
    }
    top
    {
        type            pressureTraction;
        value           nonuniform List<scalar> 
640
(
0.035052
0.0393614
0.044778
0.047183
0.047183
0.044778
0.0393614
0.035052
0.0285753
0.0302906
0.0321254
0.0326671
0.0326671
0.0321254
0.0302906
0.0285753
0.0297765
0.031545
0.0328761
0.0333766
0.0333766
0.0328761
0.031545
0.0297765
0.0307572
0.032131
0.0331668
0.0336373
0.0336373
0.0331668
0.032131
0.0307572
0.0309898
0.0319084
0.0326421
0.0330095
0.0330095
0.0326421
0.0319084
0.0309898
0.0309677
0.0315303
0.0320002
0.0322517
0.0322517
0.0320002
0.0315303
0.0309677
0.0308107
0.0311139
0.0313833
0.0315381
0.0315381
0.0313833
0.0311139
0.0308107
0.0305561
0.0306796
0.0308052
0.0308863
0.0308863
0.0308052
0.0306796
0.0305561
0.030234
0.0302378
0.0302639
0.0302916
0.0302916
0.0302639
0.0302378
0.030234
0.0298674
0.029793
0.0297515
0.0297414
0.0297414
0.0297515
0.029793
0.0298674
0.0294724
0.0293462
0.0292595
0.0292233
0.0292233
0.0292595
0.0293462
0.0294724
0.0290584
0.0288972
0.0287802
0.0287264
0.0287264
0.0287802
0.0288972
0.0290584
0.0286309
0.0284449
0.0283074
0.0282418
0.0282418
0.0283074
0.0284449
0.0286309
0.0281931
0.0279881
0.0278366
0.027763
0.027763
0.0278366
0.0279881
0.0281931
0.0277464
0.0275259
0.0273644
0.0272854
0.0272854
0.0273644
0.0275259
0.0277464
0.0272917
0.0270578
0.0268887
0.026806
0.026806
0.0268887
0.0270578
0.0272917
0.0268292
0.0265832
0.0264081
0.0263227
0.0263227
0.0264081
0.0265832
0.0268292
0.0263594
0.0261021
0.0259219
0.0258345
0.0258345
0.0259219
0.0261021
0.0263594
0.0258824
0.0256144
0.0254298
0.0253407
0.0253407
0.0254298
0.0256144
0.0258824
0.0253983
0.0251202
0.0249317
0.0248413
0.0248413
0.0249317
0.0251202
0.0253983
0.0249073
0.0246198
0.0244277
0.0243361
0.0243361
0.0244277
0.0246198
0.0249073
0.0244098
0.0241134
0.023918
0.0238255
0.0238255
0.023918
0.0241134
0.0244098
0.023906
0.0236012
0.0234029
0.0233095
0.0233095
0.0234029
0.0236012
0.023906
0.0233962
0.0230838
0.0228828
0.0227887
0.0227887
0.0228828
0.0230838
0.0233962
0.0228807
0.0225613
0.022358
0.0222633
0.0222633
0.022358
0.0225613
0.0228807
0.0223598
0.0220341
0.0218289
0.0217337
0.0217337
0.0218289
0.0220341
0.0223598
0.021834
0.0215027
0.0212958
0.0212002
0.0212002
0.0212958
0.0215027
0.021834
0.0213036
0.0209673
0.0207591
0.0206634
0.0206634
0.0207591
0.0209673
0.0213036
0.020769
0.0204285
0.0202193
0.0201235
0.0201235
0.0202193
0.0204285
0.020769
0.0202306
0.0198866
0.0196768
0.019581
0.019581
0.0196768
0.0198866
0.0202306
0.0196889
0.019342
0.0191319
0.0190364
0.0190364
0.0191319
0.019342
0.0196889
0.0191442
0.0187952
0.0185852
0.0184899
0.0184899
0.0185852
0.0187952
0.0191442
0.0185971
0.0182465
0.0180369
0.0179422
0.0179422
0.0180369
0.0182465
0.0185971
0.0180479
0.0176966
0.0174877
0.0173936
0.0173936
0.0174877
0.0176966
0.0180479
0.0174972
0.0171457
0.016938
0.0168445
0.0168445
0.016938
0.0171457
0.0174972
0.0169454
0.0165945
0.0163881
0.0162955
0.0162955
0.0163881
0.0165945
0.0169454
0.016393
0.0160433
0.0158386
0.015747
0.015747
0.0158386
0.0160433
0.016393
0.0158406
0.0154926
0.01529
0.0151995
0.0151995
0.01529
0.0154926
0.0158406
0.0152886
0.014943
0.0147427
0.0146534
0.0146534
0.0147427
0.014943
0.0152886
0.0147377
0.014395
0.0141973
0.0141093
0.0141093
0.0141973
0.014395
0.0147377
0.0141882
0.0138491
0.0136542
0.0135677
0.0135677
0.0136542
0.0138491
0.0141882
0.0136408
0.0133057
0.013114
0.013029
0.013029
0.013114
0.0133057
0.0136408
0.013096
0.0127655
0.0125771
0.0124938
0.0124938
0.0125771
0.0127655
0.013096
0.0125544
0.0122289
0.0120442
0.0119626
0.0119626
0.0120442
0.0122289
0.0125544
0.0120165
0.0116966
0.0115157
0.0114358
0.0114358
0.0115157
0.0116966
0.0120165
0.0114829
0.011169
0.0109921
0.0109141
0.0109141
0.0109921
0.011169
0.0114829
0.0109543
0.0106467
0.010474
0.010398
0.010398
0.010474
0.0106467
0.0109543
0.010431
0.0101303
0.00996193
0.00988796
0.00988796
0.00996193
0.0101303
0.010431
0.00991388
0.00962024
0.00945643
0.00938453
0.00938453
0.00945643
0.00962024
0.00991388
0.00940334
0.00911716
0.00895803
0.00888826
0.00888826
0.00895803
0.00911716
0.00940334
0.00890003
0.00862161
0.00846728
0.00839969
0.00839969
0.00846728
0.00862161
0.00890003
0.00840452
0.00813414
0.00798472
0.00791934
0.00791934
0.00798472
0.00813414
0.00840452
0.00791741
0.00765531
0.0075109
0.00744777
0.00744777
0.0075109
0.00765531
0.00791741
0.00743928
0.00718568
0.00704636
0.00698551
0.00698551
0.00704636
0.00718568
0.00743928
0.00697071
0.00672581
0.00659165
0.00653309
0.00653309
0.00659165
0.00672581
0.00697071
0.0065123
0.00627625
0.0061473
0.00609105
0.00609105
0.0061473
0.00627625
0.0065123
0.0060646
0.00583756
0.00571385
0.00565993
0.00565993
0.00571385
0.00583756
0.0060646
0.00562822
0.00541029
0.00529186
0.00524026
0.00524026
0.00529186
0.00541029
0.00562822
0.0052037
0.00499498
0.00488184
0.00483257
0.00483257
0.00488184
0.00499498
0.0052037
0.00479163
0.00459218
0.00448433
0.00443739
0.00443739
0.00448433
0.00459218
0.00479163
0.00439256
0.00420243
0.00409986
0.00405523
0.00405523
0.00409986
0.00420243
0.00439256
0.00400705
0.00382627
0.00372895
0.00368662
0.00368662
0.00372895
0.00382627
0.00400705
0.00363566
0.00346422
0.00337213
0.00333208
0.00333208
0.00337213
0.00346422
0.00363566
0.00327892
0.00311681
0.00302991
0.00299212
0.00299212
0.00302991
0.00311681
0.00327892
0.00293737
0.00278456
0.00270279
0.00266724
0.00266724
0.00270279
0.00278456
0.00293737
0.00261153
0.00246797
0.00239129
0.00235794
0.00235794
0.00239128
0.00246797
0.00261153
0.00230193
0.00216755
0.00209589
0.00206473
0.00206473
0.00209589
0.00216755
0.00230193
0.00200907
0.0018838
0.0018171
0.0017881
0.0017881
0.0018171
0.0018838
0.00200907
0.00173344
0.00161722
0.00155542
0.00152856
0.00152856
0.00155542
0.00161722
0.00173344
0.00147554
0.00136829
0.00131136
0.00128662
0.00128662
0.00131136
0.00136829
0.00147554
0.00123581
0.0011375
0.00108542
0.00106281
0.00106281
0.00108542
0.0011375
0.00123581
0.0010147
0.000925379
0.000878168
0.000857725
0.000857725
0.000878168
0.000925378
0.0010147
0.000812668
0.000732467
0.000690226
0.000672003
0.000672003
0.000690225
0.000732466
0.000812668
0.000630154
0.000559412
0.000522333
0.000506424
0.000506424
0.000522333
0.000559411
0.000630154
0.000467655
0.000407025
0.000375432
0.000361972
0.000361972
0.000375432
0.000407025
0.000467655
0.000325742
0.000276418
0.000250806
0.000239969
0.000239968
0.000250806
0.000276419
0.000325743
0.00020507
0.000169028
0.000150078
0.000142035
0.000142033
0.000150078
0.00016903
0.000205071
0.000106345
8.64849e-05
7.51125e-05
7.00541e-05
7.00554e-05
7.51146e-05
8.64855e-05
0.000106347
3.01827e-05
2.96952e-05
2.69321e-05
2.53187e-05
2.53227e-05
2.69294e-05
2.96904e-05
3.01892e-05
-3.15816e-05
-1.48411e-05
-8.2883e-06
-6.52969e-06
-6.54396e-06
-8.30326e-06
-1.48377e-05
-3.1583e-05
)
;
    }
    bottom
    {
        type            pressureTraction;
        value           nonuniform List<scalar> 
640
(
-0.0548511
-0.0538127
-0.0541877
-0.0544926
-0.0544926
-0.0541877
-0.0538127
-0.0548511
-0.0451521
-0.0466233
-0.0471209
-0.0472795
-0.0472795
-0.0471209
-0.0466233
-0.0451521
-0.0433065
-0.0449226
-0.0456553
-0.0458923
-0.0458923
-0.0456553
-0.0449226
-0.0433065
-0.0424542
-0.0438392
-0.0446178
-0.0449014
-0.0449014
-0.0446178
-0.0438392
-0.0424542
-0.0418855
-0.0429102
-0.0435962
-0.0438756
-0.0438756
-0.0435962
-0.0429102
-0.0418855
-0.0413122
-0.0420453
-0.0426049
-0.0428524
-0.0428524
-0.0426049
-0.0420453
-0.0413122
-0.0406532
-0.0411814
-0.041626
-0.0418333
-0.0418333
-0.041626
-0.0411814
-0.0406532
-0.0399066
-0.0403009
-0.0406562
-0.0408265
-0.0408265
-0.0406562
-0.0403009
-0.0399066
-0.0390892
-0.0394018
-0.0396937
-0.0398345
-0.0398345
-0.0396937
-0.0394018
-0.0390892
-0.0382201
-0.0384867
-0.0387363
-0.0388557
-0.0388557
-0.0387363
-0.0384867
-0.0382201
-0.0373158
-0.0375602
-0.0377829
-0.0378877
-0.0378877
-0.0377829
-0.0375602
-0.0373158
-0.0363897
-0.0366268
-0.0368335
-0.036929
-0.036929
-0.0368335
-0.0366268
-0.0363897
-0.035452
-0.035691
-0.0358889
-0.0359787
-0.0359787
-0.0358889
-0.035691
-0.035452
-0.0345101
-0.0347563
-0.03495
-0.0350366
-0.0350366
-0.03495
-0.0347563
-0.0345101
-0.0335691
-0.0338256
-0.0340178
-0.0341028
-0.0341028
-0.0340178
-0.0338256
-0.0335691
-0.0326326
-0.0329008
-0.0330933
-0.0331777
-0.0331777
-0.0330933
-0.0329008
-0.0326326
-0.0317031
-0.0319836
-0.0321771
-0.0322615
-0.0322615
-0.0321771
-0.0319836
-0.0317031
-0.030782
-0.0310748
-0.03127
-0.0313547
-0.0313547
-0.03127
-0.0310748
-0.030782
-0.0298706
-0.0301754
-0.0303724
-0.0304574
-0.0304574
-0.0303724
-0.0301754
-0.0298706
-0.0289696
-0.0292858
-0.0294846
-0.0295701
-0.0295701
-0.0294846
-0.0292858
-0.0289696
-0.0280794
-0.0284065
-0.0286069
-0.0286928
-0.0286928
-0.0286069
-0.0284065
-0.0280794
-0.0272005
-0.0275376
-0.0277395
-0.0278258
-0.0278258
-0.0277395
-0.0275376
-0.0272005
-0.0263331
-0.0266794
-0.0268826
-0.0269693
-0.0269693
-0.0268826
-0.0266794
-0.0263331
-0.0254774
-0.0258322
-0.0260364
-0.0261233
-0.0261233
-0.0260364
-0.0258322
-0.0254774
-0.0246337
-0.024996
-0.025201
-0.025288
-0.025288
-0.025201
-0.024996
-0.0246337
-0.0238021
-0.0241711
-0.0243765
-0.0244636
-0.0244636
-0.0243765
-0.0241711
-0.0238021
-0.0229828
-0.0233576
-0.0235632
-0.0236501
-0.0236501
-0.0235632
-0.0233576
-0.0229828
-0.0221758
-0.0225555
-0.022761
-0.0228478
-0.0228478
-0.022761
-0.0225555
-0.0221758
-0.0213814
-0.0217652
-0.0219703
-0.0220567
-0.0220567
-0.0219703
-0.0217652
-0.0213814
-0.0205997
-0.0209866
-0.021191
-0.021277
-0.021277
-0.021191
-0.0209866
-0.0205996
-0.0198306
-0.0202199
-0.0204233
-0.0205088
-0.0205088
-0.0204233
-0.0202199
-0.0198306
-0.0190744
-0.0194652
-0.0196673
-0.0197522
-0.0197522
-0.0196673
-0.0194652
-0.0190744
-0.0183312
-0.0187226
-0.0189232
-0.0190073
-0.0190073
-0.0189232
-0.0187226
-0.0183312
-0.017601
-0.0179922
-0.018191
-0.0182743
-0.0182743
-0.018191
-0.0179922
-0.017601
-0.0168839
-0.0172741
-0.0174709
-0.0175533
-0.0175533
-0.0174709
-0.0172741
-0.0168839
-0.0161799
-0.0165685
-0.016763
-0.0168443
-0.0168443
-0.016763
-0.0165685
-0.0161799
-0.0154893
-0.0158754
-0.0160673
-0.0161475
-0.0161475
-0.0160673
-0.0158754
-0.0154893
-0.014812
-0.0151949
-0.0153841
-0.015463
-0.015463
-0.0153841
-0.0151949
-0.014812
-0.0141481
-0.0145272
-0.0147133
-0.014791
-0.014791
-0.0147133
-0.0145272
-0.0141481
-0.0134977
-0.0138723
-0.0140552
-0.0141315
-0.0141315
-0.0140552
-0.0138723
-0.0134977
-0.0128609
-0.0132303
-0.0134098
-0.0134846
-0.0134846
-0.0134098
-0.0132303
-0.0128609
-0.0122377
-0.0126014
-0.0127773
-0.0128506
-0.0128506
-0.0127773
-0.0126014
-0.0122377
-0.0116282
-0.0119856
-0.0121578
-0.0122294
-0.0122294
-0.0121578
-0.0119856
-0.0116282
-0.0110326
-0.0113831
-0.0115513
-0.0116213
-0.0116213
-0.0115513
-0.0113831
-0.0110326
-0.0104509
-0.010794
-0.0109581
-0.0110263
-0.0110263
-0.0109581
-0.010794
-0.0104509
-0.00988313
-0.0102184
-0.0103783
-0.0104447
-0.0104447
-0.0103783
-0.0102184
-0.00988313
-0.00932946
-0.00965647
-0.00981189
-0.00987645
-0.00987645
-0.00981189
-0.00965647
-0.00932946
-0.00878996
-0.00910828
-0.00925916
-0.00932181
-0.00932181
-0.00925916
-0.00910828
-0.00878996
-0.00826474
-0.00857398
-0.0087202
-0.00878091
-0.00878091
-0.0087202
-0.00857398
-0.00826474
-0.00775391
-0.00805372
-0.00819518
-0.00825389
-0.00825389
-0.00819518
-0.00805372
-0.00775391
-0.00725757
-0.00754764
-0.00768423
-0.00774092
-0.00774092
-0.00768423
-0.00754764
-0.00725757
-0.00677585
-0.00705589
-0.00718753
-0.00724215
-0.00724215
-0.00718753
-0.00705589
-0.00677585
-0.00630888
-0.00657862
-0.00670524
-0.00675777
-0.00675777
-0.00670524
-0.00657862
-0.00630888
-0.00585678
-0.00611601
-0.00623753
-0.00628794
-0.00628794
-0.00623753
-0.00611601
-0.00585678
-0.00541969
-0.00566822
-0.00578459
-0.00583285
-0.00583285
-0.00578459
-0.00566822
-0.00541969
-0.00499776
-0.00523542
-0.00534659
-0.00539268
-0.00539268
-0.00534659
-0.00523542
-0.00499777
-0.00459116
-0.0048178
-0.00492372
-0.00496764
-0.00496764
-0.00492372
-0.0048178
-0.00459116
-0.00420003
-0.00441555
-0.00451619
-0.00455791
-0.00455791
-0.00451619
-0.00441555
-0.00420003
-0.00382455
-0.00402885
-0.0041242
-0.00416372
-0.00416372
-0.0041242
-0.00402885
-0.00382455
-0.00346489
-0.00365793
-0.00374796
-0.00378527
-0.00378527
-0.00374796
-0.00365792
-0.00346489
-0.00312125
-0.00330297
-0.00338768
-0.00342278
-0.00342278
-0.00338768
-0.00330297
-0.00312125
-0.00279382
-0.00296421
-0.0030436
-0.00307648
-0.00307648
-0.0030436
-0.00296421
-0.00279382
-0.00248281
-0.00264187
-0.00271594
-0.0027466
-0.0027466
-0.00271594
-0.00264186
-0.00248281
-0.00218842
-0.00233617
-0.00240493
-0.00243339
-0.00243339
-0.00240493
-0.00233617
-0.00218842
-0.00191088
-0.00204735
-0.00211083
-0.00213709
-0.00213709
-0.00211083
-0.00204735
-0.00191088
-0.00165041
-0.00177567
-0.00183389
-0.00185795
-0.00185795
-0.00183389
-0.00177567
-0.00165041
-0.00140726
-0.00152137
-0.00157436
-0.00159625
-0.00159625
-0.00157436
-0.00152136
-0.00140726
-0.00118165
-0.0012847
-0.00133252
-0.00135226
-0.00135226
-0.00133252
-0.0012847
-0.00118165
-0.000973848
-0.00106595
-0.00110865
-0.00112627
-0.00112627
-0.00110865
-0.00106595
-0.000973848
-0.000784107
-0.000865382
-0.000903056
-0.000918606
-0.000918605
-0.000903055
-0.000865383
-0.000784106
-0.000612698
-0.000683312
-0.000716079
-0.000729631
-0.000729631
-0.00071608
-0.000683312
-0.000612696
-0.000459924
-0.000520088
-0.000548122
-0.000559773
-0.000559773
-0.000548123
-0.000520088
-0.000459923
-0.000326161
-0.00037615
-0.000399688
-0.000409563
-0.000409563
-0.000399688
-0.000376151
-0.000326159
-0.000211926
-0.000252107
-0.000271455
-0.000279707
-0.000279707
-0.000271455
-0.000252107
-0.000211927
-0.000118042
-0.000148882
-0.000164406
-0.000171189
-0.00017119
-0.000164405
-0.000148881
-0.000118046
-4.58001e-05
-6.78471e-05
-7.99186e-05
-8.53509e-05
-8.53512e-05
-7.99171e-05
-6.78455e-05
-4.57987e-05
2.33493e-06
-1.14831e-05
-2.04092e-05
-2.45363e-05
-2.45349e-05
-2.04083e-05
-1.14819e-05
2.33871e-06
2.34497e-05
1.64834e-05
1.02989e-05
7.48705e-06
7.48786e-06
1.02991e-05
1.6484e-05
2.34524e-05
1.20981e-05
1.09725e-05
7.8474e-06
6.68319e-06
6.68188e-06
7.84712e-06
1.09728e-05
1.20984e-05
-2.60612e-05
-2.51753e-05
-2.40239e-05
-2.27662e-05
-2.27661e-05
-2.4026e-05
-2.51764e-05
-2.60636e-05
)
;
    }
}


// ************************************************************************* //
