/*--------------------------------*- C++ -*----------------------------------*\
| =========                 |                                                 |
| \\      /  F ield         | foam-extend: Open Source CFD                    |
|  \\    /   O peration     | Version:     4.1                                |
|   \\  /    A nd           | Web:         http://www.foam-extend.org         |
|    \\/     M anipulation  |                                                 |
\*---------------------------------------------------------------------------*/
FoamFile
{
    version     2.0;
    format      ascii;
    class       volScalarField;
    location    "0.197";
    object      muEff;
}
// * * * * * * * * * * * * * * * * * * * * * * * * * * * * * * * * * * * * * //

dimensions      [1 -1 -2 0 0 0 0];

internalField   nonuniform List<scalar> 
5120
(
4438.77
4357.09
4346.12
4335.03
4326.29
4317.71
4308.68
4299.22
4289.48
4279.6
4270.74
4262.44
4254.13
4245.86
4237.69
4229.62
4221.67
4213.83
4206.1
4198.47
4190.92
4183.43
4176.01
4168.64
4161.36
4154.19
4147.17
4140.7
4135.61
4130.6
4125.62
4120.62
4115.57
4110.41
4105.1
4099.59
4094.57
4091.91
4089.78
4088.09
4086.7
4085.43
4084.16
4082.83
4081.41
4079.94
4078.45
4077
4075.61
4074.33
4073.17
4072.16
4071.33
4070.68
4070.25
4070.04
4070.08
4070.38
4070.98
4074.41
4075.69
4077.34
4079.41
4081.95
4085
4088.6
4092.82
4097.7
4103.27
4109.52
4116.34
4123.5
4130.42
4135.98
4134.98
4133
4115.57
4081.53
4034.69
4001.65
4457.46
4387.64
4368.04
4350.39
4336.76
4324.92
4313.65
4302.7
4292
4281.52
4271.25
4261.2
4251.38
4241.79
4233.5
4225.63
4217.96
4210.46
4203.17
4196.06
4189.15
4182.43
4175.91
4169.58
4163.44
4157.49
4151.73
4146.16
4140.78
4135.59
4130.59
4125.77
4121.14
4116.7
4112.44
4108.36
4104.46
4100.74
4097.2
4093.83
4090.62
4087.59
4084.72
4082.02
4079.49
4077.12
4074.91
4072.88
4071.02
4069.33
4067.83
4068.94
4067.81
4066.89
4066.17
4065.68
4065.43
4065.43
4065.7
4066.26
4067.15
4068.38
4069.99
4072.02
4074.51
4077.51
4081.06
4085.21
4090
4092.69
4098.61
4104.87
4110.97
4115.85
4120.48
4115.5
4098.94
4066.9
4021.8
4006.79
4447.57
4399.77
4381.93
4361.8
4344.97
4330.59
4317.5
4305.3
4293.76
4282.74
4272.12
4261.85
4251.88
4242.2
4232.78
4223.62
4215.98
4208.58
4201.38
4194.37
4187.55
4180.93
4174.51
4168.27
4162.21
4156.35
4150.67
4145.17
4139.85
4134.71
4129.74
4124.95
4120.33
4115.89
4111.61
4107.5
4103.56
4099.79
4096.18
4092.73
4089.45
4086.33
4083.37
4083.07
4080.43
4077.95
4075.64
4073.5
4071.53
4069.73
4068.11
4066.68
4065.44
4064.4
4063.56
4062.94
4062.55
4062.41
4062.53
4062.93
4063.64
4064.68
4066.09
4067.9
4070.15
4072.89
4076.17
4080.04
4084.52
4089.64
4092.61
4098.62
4104.51
4109.29
4113.89
4109.15
4093.14
4062.11
4019.3
4012.58
4440.73
4401.79
4387.17
4366.79
4348.8
4333.29
4319.34
4306.5
4294.52
4283.15
4272.35
4261.96
4251.92
4242.19
4232.74
4224.91
4217.41
4210.1
4202.98
4196.05
4189.31
4182.76
4176.39
4170.21
4164.2
4158.38
4152.74
4147.27
4141.98
4136.86
4131.91
4127.13
4122.52
4118.07
4113.79
4109.67
4105.71
4101.91
4098.28
4094.81
4091.49
4088.34
4085.34
4082.51
4079.84
4077.33
4074.98
4072.8
4070.8
4068.96
4067.3
4065.83
4064.55
4063.46
4062.57
4061.91
4061.47
4061.27
4061.33
4061.67
4062.31
4063.29
4064.62
4066.35
4068.52
4071.18
4074.38
4078.17
4082.59
4087.66
4093.32
4099.4
4105.44
4110.44
4109.63
4105.47
4093.22
4064
4023.91
4004.17
4440.73
4401.79
4387.17
4366.79
4348.8
4333.29
4319.34
4306.5
4294.52
4283.15
4272.35
4261.96
4251.92
4242.19
4232.74
4223.56
4215.12
4207.76
4200.59
4193.62
4186.85
4180.26
4173.87
4167.66
4161.65
4155.81
4150.15
4144.68
4139.38
4134.26
4129.31
4124.53
4119.92
4115.48
4111.2
4107.09
4103.14
4099.36
4095.73
4092.27
4088.97
4085.83
4082.84
4080.02
4077.36
4074.87
4072.53
4070.37
4068.37
4066.54
4064.9
4063.43
4062.15
4061.07
4060.19
4059.53
4059.09
4058.89
4058.95
4059.28
4059.92
4060.88
4062.2
4063.91
4066.06
4068.69
4071.86
4075.61
4079.99
4085.01
4090.63
4096.65
4102.64
4107.6
4112.49
4108.29
4090.54
4061.6
4025.9
4003.93
4447.57
4399.77
4381.93
4361.8
4344.97
4330.59
4317.5
4305.3
4293.76
4282.74
4272.12
4261.85
4251.88
4242.2
4233.53
4225.8
4218.27
4210.92
4203.76
4196.79
4190.02
4183.43
4177.02
4170.81
4164.77
4158.92
4153.25
4147.76
4142.45
4137.31
4132.34
4127.55
4122.93
4118.48
4114.2
4110.08
4106.13
4102.35
4098.73
4095.27
4091.98
4088.85
4085.88
4080.58
4077.95
4075.48
4073.18
4071.05
4069.09
4067.3
4065.7
4064.27
4063.03
4062
4061.16
4060.55
4060.16
4060.02
4060.13
4060.53
4061.23
4062.26
4063.65
4065.44
4067.67
4070.38
4073.63
4077.46
4081.9
4086.97
4095.33
4101.39
4107.34
4112.16
4111
4106.3
4090.43
4059.67
4017.31
4013.22
4457.46
4387.64
4368.04
4350.39
4336.76
4324.92
4313.65
4302.7
4292
4281.52
4271.25
4261.2
4251.73
4243.62
4235.66
4227.86
4220.24
4212.8
4205.55
4198.48
4191.6
4184.91
4178.42
4172.11
4165.98
4160.05
4154.3
4148.74
4143.36
4138.18
4133.17
4128.36
4123.73
4119.28
4115.01
4110.93
4107.03
4103.3
4099.75
4096.37
4093.16
4090.11
4087.24
4084.53
4081.98
4079.6
4077.39
4075.35
4073.48
4071.78
4070.27
4066.51
4065.38
4064.46
4063.75
4063.26
4063
4063
4063.26
4063.82
4064.69
4065.91
4067.51
4069.51
4071.98
4074.95
4078.46
4082.58
4087.32
4095.42
4101.39
4107.71
4113.86
4118.78
4117.53
4112.58
4096.16
4064.41
4019.75
4006.37
4438.77
4357.09
4346.12
4335.03
4326.29
4317.71
4308.68
4299.22
4289.48
4280.69
4272.59
4264.39
4256.16
4247.97
4239.85
4231.84
4223.93
4216.12
4208.42
4200.8
4193.24
4185.75
4178.29
4170.9
4163.57
4156.35
4149.27
4142.4
4135.77
4130.6
4125.62
4120.62
4115.57
4110.41
4105.1
4099.78
4096.6
4094
4091.94
4090.32
4089
4087.79
4086.57
4085.27
4083.87
4082.42
4080.94
4079.49
4078.11
4076.82
4075.66
4074.65
4073.82
4073.17
4072.74
4072.53
4072.58
4072.89
4073.49
4071.89
4073.15
4074.78
4076.84
4079.35
4082.37
4085.94
4090.12
4094.96
4100.48
4106.67
4113.44
4120.54
4127.41
4132.92
4138.05
4129.96
4112.67
4078.94
4032.57
4002.87
4230.24
4226.44
4236.92
4229.57
4221.65
4213.85
4205.95
4201.67
4200.26
4198.41
4196.21
4193.78
4191.21
4188.59
4185.95
4183.36
4180.83
4178.4
4176.08
4176.7
4174.69
4172.81
4171.08
4169.49
4168.06
4166.78
4165.66
4164.7
4163.91
4163.3
4162.85
4162.59
4162.52
4162.64
4162.96
4163.49
4164.24
4165.21
4166.42
4167.88
4169.6
4171.59
4173.86
4176.45
4179.35
4182.6
4186.22
4190.22
4194.64
4199.51
4204.86
4210.72
4217.14
4224.15
4231.81
4240.17
4249.28
4259.19
4269.98
4281.71
4294.43
4308.21
4323.1
4339.13
4356.32
4374.63
4393.97
4414.15
4434.84
4455.51
4475.32
4493.03
4501.57
4508.5
4509.68
4488.12
4434.32
4344.39
4201.77
4030.64
4243.13
4239.6
4248.24
4237.66
4227.33
4218.08
4209.14
4200.53
4195.87
4193.08
4190.21
4187.29
4184.37
4181.46
4178.6
4175.81
4173.11
4170.51
4168.03
4165.66
4163.42
4161.31
4159.34
4157.52
4155.83
4154.29
4152.91
4151.67
4150.59
4149.68
4148.93
4148.34
4147.94
4147.71
4147.67
4147.82
4148.17
4148.73
4152.76
4153.78
4155.04
4156.55
4158.32
4160.37
4162.72
4165.38
4168.37
4171.72
4175.46
4179.6
4184.18
4189.24
4194.81
4200.94
4207.66
4215.03
4223.11
4231.95
4241.62
4252.19
4263.72
4276.28
4289.95
4304.77
4320.78
4337.99
4356.34
4371.1
4391.09
4411.34
4431.08
4449.07
4463.41
4471.12
4472.64
4445.79
4395.52
4308.63
4173.48
4041.7
4231.47
4250.58
4258.28
4243.72
4230.54
4219.7
4209.93
4200.87
4195.48
4191.92
4188.47
4185.11
4181.86
4178.72
4175.68
4172.75
4169.93
4167.22
4164.63
4162.17
4159.83
4157.62
4155.55
4153.61
4151.8
4150.14
4148.62
4147.25
4146.02
4144.95
4144.04
4143.29
4142.71
4142.29
4142.06
4142.01
4145.29
4145.65
4146.21
4146.98
4147.99
4149.23
4150.72
4152.47
4154.51
4156.85
4159.5
4162.5
4165.85
4169.6
4173.77
4178.39
4183.5
4189.14
4195.35
4202.19
4209.71
4217.97
4227.02
4236.95
4247.83
4259.72
4272.71
4286.85
4302.2
4318.77
4336.54
4355.4
4370.51
4390.51
4410.15
4428.18
4442.64
4450.4
4451.58
4424.12
4372.79
4285.97
4157
4037.4
4235.35
4253.72
4262.61
4246.24
4231.38
4219.58
4209.35
4200.38
4196.2
4192.19
4188.37
4184.74
4181.29
4180.28
4177.2
4174.25
4171.43
4168.73
4166.15
4163.69
4161.35
4159.14
4157.06
4155.1
4153.28
4151.59
4150.04
4148.63
4147.37
4146.25
4145.29
4144.48
4143.83
4143.35
4143.04
4142.91
4142.96
4143.21
4143.66
4144.32
4145.2
4146.31
4147.67
4149.28
4151.18
4153.36
4155.85
4158.68
4161.86
4165.42
4169.4
4173.82
4178.71
4184.13
4190.11
4196.7
4203.96
4211.94
4220.72
4230.36
4240.93
4252.52
4265.19
4279.01
4294.05
4310.32
4327.82
4346.43
4365.93
4385.88
4405.53
4423.61
4433.22
4445.82
4441.83
4414.01
4366.78
4275.86
4150.25
4035.98
4232.84
4253.72
4262.61
4246.24
4231.38
4219.58
4209.35
4202.15
4198.07
4194.15
4190.42
4186.88
4183.5
4177.99
4174.84
4171.82
4168.94
4166.17
4163.54
4161.03
4158.65
4156.39
4154.27
4152.28
4150.42
4148.7
4147.12
4145.69
4144.4
4143.26
4142.27
4141.44
4140.77
4140.27
4139.95
4139.8
4139.83
4140.07
4140.5
4141.14
4142
4143.1
4144.44
4146.04
4147.91
4150.08
4152.55
4155.35
4158.51
4162.04
4165.99
4170.38
4175.24
4180.62
4186.56
4193.11
4200.32
4208.26
4216.98
4226.56
4237.07
4248.59
4261.19
4274.93
4289.89
4306.07
4323.48
4341.99
4361.39
4381.25
4400.8
4418.8
4438.1
4440.91
4436.94
4418.78
4362.27
4271.87
4147.1
4033.89
4229.07
4250.58
4258.28
4243.72
4230.54
4219.7
4209.93
4200.89
4197.34
4193.88
4190.52
4187.25
4184.09
4181.02
4178.06
4175.19
4172.44
4169.79
4167.26
4164.84
4162.55
4160.39
4158.35
4156.45
4154.68
4153.05
4151.56
4150.21
4149.02
4147.97
4147.08
4146.35
4145.79
4145.39
4145.17
4145.14
4142.14
4142.48
4143.02
4143.78
4144.77
4145.99
4147.46
4149.2
4151.22
4153.53
4156.17
4159.14
4162.47
4166.19
4170.33
4174.91
4179.99
4185.59
4191.77
4198.56
4206.03
4214.24
4223.24
4233.11
4243.92
4255.75
4268.66
4282.72
4297.99
4314.47
4332.15
4350.91
4375.1
4395.19
4414.92
4433.04
4447.56
4455.36
4446.65
4428.95
4377.35
4281.91
4153.8
4035.29
4240.93
4239.6
4248.24
4237.66
4227.33
4218.08
4209.14
4200.53
4197.73
4195.05
4192.28
4189.46
4186.62
4183.8
4181.02
4178.3
4175.66
4173.12
4170.69
4168.38
4166.19
4164.13
4162.2
4160.41
4158.76
4157.25
4155.89
4154.69
4153.64
4152.75
4152.02
4151.46
4151.07
4150.87
4150.85
4151.02
4151.38
4151.96
4149.51
4150.51
4151.75
4153.24
4154.99
4157.02
4159.35
4161.99
4164.96
4168.28
4171.99
4176.1
4180.66
4185.68
4191.21
4197.3
4203.98
4211.31
4219.34
4228.13
4237.74
4248.24
4259.71
4272.2
4285.8
4300.54
4316.46
4333.58
4351.84
4375.69
4395.78
4416.13
4435.96
4454.04
4468.44
4476.18
4467.6
4450.72
4400.2
4304.44
4170.15
4039.54
4231.03
4226.44
4236.92
4229.57
4221.65
4213.85
4205.95
4203.43
4202.17
4200.44
4198.35
4196.03
4193.56
4191.01
4188.46
4185.93
4183.48
4181.11
4178.84
4173.88
4171.82
4169.9
4168.13
4166.5
4165.03
4163.72
4162.57
4161.58
4160.76
4160.12
4159.65
4159.37
4159.27
4159.37
4159.67
4160.18
4160.91
4161.86
4163.05
4164.48
4166.18
4168.15
4170.4
4172.96
4175.85
4179.07
4182.66
4186.64
4191.03
4195.86
4201.17
4207
4213.38
4220.35
4227.97
4236.27
4245.33
4255.19
4265.92
4277.58
4290.23
4303.94
4318.75
4334.7
4351.8
4370.03
4389.28
4409.36
4429.96
4450.53
4470.25
4487.89
4506.77
4513.73
4504.47
4483.02
4439.19
4348.8
4205.33
4032.9
4111.66
4117.89
4128.54
4136.42
4145.88
4155.73
4165.12
4173.69
4183.93
4190.78
4196.84
4202.25
4207.2
4211.81
4216.22
4220.51
4224.76
4229.02
4233.35
4237.77
4242.3
4246.97
4251.78
4256.76
4261.91
4267.24
4272.77
4278.49
4284.43
4290.59
4296.98
4303.62
4310.52
4317.68
4325.13
4332.87
4340.92
4349.3
4358.02
4367.09
4376.54
4386.38
4396.62
4407.29
4418.39
4429.96
4442
4454.53
4467.56
4481.12
4495.2
4509.83
4524.99
4540.7
4556.95
4573.73
4585.34
4603.03
4621.15
4639.64
4658.43
4677.41
4696.47
4715.47
4734.2
4752.46
4769.97
4786.41
4801.36
4814.32
4831.15
4838.01
4840.17
4835.83
4815.74
4794.35
4743.06
4647.23
4451.18
4067.73
4175.57
4176.17
4161.68
4155.43
4155.98
4159.1
4163.19
4167.67
4172.17
4176.53
4180.71
4184.69
4188.52
4192.23
4195.89
4202.72
4206.44
4210.2
4214.03
4217.96
4221.99
4226.15
4230.44
4234.88
4239.48
4244.25
4249.2
4254.33
4259.66
4265.2
4270.96
4276.95
4283.19
4289.68
4296.43
4303.48
4310.82
4318.47
4326.46
4334.8
4343.5
4352.58
4362.07
4371.99
4382.35
4393.17
4404.48
4416.29
4428.64
4441.53
4454.98
4469.02
4483.65
4498.89
4514.74
4531.2
4548.26
4565.91
4584.11
4602.82
4621.97
4635.65
4655.33
4681.1
4700.88
4720.35
4739.23
4757.16
4773.69
4788.27
4800.16
4808.35
4811.44
4807.29
4786.09
4760.81
4701.43
4592.18
4392.38
4099.87
4164.2
4219.46
4195.27
4179.6
4172.58
4169.52
4168.71
4169.38
4170.98
4173.15
4175.68
4178.44
4181.35
4184.35
4187.44
4190.6
4193.85
4200.44
4203.93
4207.52
4211.23
4215.06
4219.02
4223.12
4227.37
4231.78
4236.36
4241.12
4246.07
4251.22
4256.58
4262.16
4267.97
4274.04
4280.36
4286.96
4293.85
4301.05
4308.57
4316.44
4324.66
4333.27
4342.27
4351.7
4361.57
4371.9
4382.73
4394.06
4405.94
4418.37
4431.38
4444.99
4459.22
4474.1
4489.62
4505.79
4522.62
4540.1
4558.19
4576.88
4596.1
4615.78
4635.82
4656.06
4676.35
4696.45
4709.96
4734.81
4752.25
4767.75
4780.52
4789.45
4792.98
4788.71
4766.55
4738.76
4675.14
4560.53
4362.27
4094.79
4165.2
4238.61
4213
4194.49
4184.18
4177.84
4174.15
4172.47
4172.24
4173.04
4174.54
4179.31
4181.72
4184.38
4187.2
4190.17
4193.26
4196.46
4199.78
4203.2
4206.74
4210.4
4214.2
4218.13
4222.21
4226.45
4230.85
4235.43
4240.19
4245.15
4250.31
4255.69
4261.3
4267.16
4273.27
4279.65
4286.32
4293.29
4300.58
4308.21
4316.2
4324.56
4333.32
4342.51
4352.13
4362.22
4372.8
4383.89
4395.52
4407.72
4420.5
4433.89
4447.91
4462.59
4477.92
4493.94
4510.63
4527.99
4546.01
4564.66
4583.88
4603.61
4623.74
4644.14
4664.63
4684.99
4704.92
4717.93
4735.71
4751.57
4764.68
4773.89
4783.87
4773.18
4763.01
4727.83
4662.53
4546.62
4352.06
4096.75
4167.59
4241.5
4215.56
4196.91
4186.57
4180.23
4176.57
4174.95
4174.79
4175.66
4177.24
4176.53
4178.86
4181.43
4184.19
4187.08
4190.1
4193.24
4196.48
4199.84
4203.32
4206.93
4210.67
4214.55
4218.58
4222.76
4227.11
4231.64
4236.36
4241.27
4246.38
4251.72
4257.28
4263.09
4269.15
4275.49
4282.12
4289.04
4296.29
4303.87
4311.81
4320.13
4328.85
4337.98
4347.55
4357.59
4368.12
4379.16
4390.73
4402.87
4415.59
4428.92
4442.88
4457.49
4472.76
4488.71
4505.33
4522.62
4540.57
4559.14
4578.28
4597.93
4617.98
4638.31
4658.73
4679.01
4698.87
4724.05
4741.89
4757.8
4770.96
4780.2
4777.56
4779.47
4756.78
4721.74
4656.69
4541.27
4347.64
4094.04
4166.54
4222.14
4197.64
4181.86
4174.84
4171.82
4171.08
4171.83
4173.52
4175.78
4178.4
4181.25
4184.24
4187.33
4190.49
4193.73
4197.04
4197.18
4200.6
4204.13
4207.77
4211.54
4215.44
4219.49
4223.69
4228.05
4232.58
4237.29
4242.19
4247.29
4252.6
4258.14
4263.91
4269.92
4276.2
4282.76
4289.6
4296.76
4304.23
4312.05
4320.23
4328.78
4337.74
4347.12
4356.94
4367.22
4377.99
4389.27
4401.09
4413.46
4426.41
4439.96
4454.13
4468.94
4484.39
4500.5
4517.26
4534.67
4552.69
4571.31
4590.45
4610.06
4630.01
4650.19
4670.4
4690.42
4716.06
4728.66
4746.03
4761.48
4774.21
4783.12
4786.63
4782.39
4772.81
4732.63
4669.25
4555.11
4357.79
4092.05
4173.26
4174.05
4163.61
4157.39
4158.03
4161.27
4165.49
4170.09
4174.71
4179.19
4183.47
4187.56
4191.48
4195.28
4199.01
4199.51
4203.16
4206.85
4210.61
4214.47
4218.44
4222.54
4226.78
4231.16
4235.71
4240.42
4245.32
4250.4
4255.68
4261.17
4266.89
4272.83
4279.01
4285.46
4292.17
4299.17
4306.46
4314.07
4322.01
4330.3
4338.95
4347.99
4357.43
4367.29
4377.6
4388.37
4399.62
4411.38
4423.67
4436.5
4449.9
4463.87
4478.44
4493.62
4509.4
4525.79
4542.79
4560.36
4578.49
4597.13
4616.21
4641.48
4661.24
4675.12
4694.83
4714.23
4733.05
4750.91
4767.39
4781.92
4793.77
4801.94
4805.03
4800.9
4792.42
4754.59
4695.43
4586.63
4387.74
4097.05
4111.66
4116.78
4129.92
4138.04
4147.75
4157.81
4167.4
4176.15
4181.32
4188.03
4193.96
4199.27
4204.11
4208.63
4212.95
4217.16
4221.33
4225.52
4229.78
4234.13
4238.6
4243.21
4247.96
4252.88
4257.97
4263.25
4268.72
4274.39
4280.28
4286.39
4292.73
4299.32
4306.17
4313.29
4320.68
4328.38
4336.38
4344.71
4353.38
4362.41
4371.8
4381.59
4391.78
4402.4
4413.45
4424.96
4436.95
4449.42
4462.4
4475.9
4489.92
4504.48
4519.59
4535.24
4551.42
4568.13
4591.01
4608.77
4626.95
4645.51
4664.36
4683.42
4702.55
4721.61
4740.41
4758.73
4776.3
4792.78
4807.78
4820.79
4824.66
4831.5
4833.65
4829.33
4822.18
4788.01
4736.92
4641.46
4456.13
4069.92
4105.41
4102.19
4236.48
4303.06
4353.63
4396.22
4438.9
4472.96
4502.86
4528.89
4551.56
4566.02
4583.74
4599.87
4614.83
4628.93
4642.42
4655.46
4668.16
4680.61
4692.84
4704.89
4716.77
4728.49
4740.05
4751.46
4762.7
4773.78
4784.69
4795.42
4805.98
4816.36
4826.55
4836.54
4846.34
4855.94
4865.33
4874.51
4883.47
4892.21
4900.72
4909
4917.04
4924.83
4932.38
4939.66
4946.69
4953.45
4959.94
4966.15
4972.08
4977.73
4983.09
4988.15
4992.91
4997.37
5001.54
5005.39
5008.94
5012.18
5015.11
5017.72
5020.02
5022.01
5023.67
5025
5025.98
5026.57
5026.72
5026.32
5025.22
5023.1
5019.43
5020.34
5009.79
4991.3
4957.21
4887.46
4713.97
4275.28
4051.62
4362.49
4385.25
4396.26
4412.69
4428.78
4446.35
4465.25
4484.35
4508.06
4525.79
4542.5
4558.24
4573.14
4587.35
4601.03
4614.28
4627.2
4639.87
4652.33
4664.62
4676.76
4688.77
4700.64
4712.38
4724
4735.5
4746.86
4758.09
4769.18
4780.13
4790.93
4801.58
4812.08
4822.42
4832.59
4835.9
4845.68
4855.29
4864.7
4873.92
4882.93
4891.74
4900.32
4908.67
4916.79
4924.67
4932.3
4939.67
4946.77
4953.59
4960.13
4973.45
4972.33
4977.98
4983.31
4988.32
4993
4997.35
5001.36
5005.02
5008.33
5011.28
5013.85
5016.04
5017.82
5019.16
5020.03
5020.33
5019.95
5018.66
5016.11
5011.63
5011.12
4998.12
4975.18
4932.58
4845.7
4631.16
4578.39
4141.53
4596.51
4552.28
4509.89
4488.01
4476.91
4474.71
4479.22
4487.94
4504.26
4516.82
4529.96
4543.27
4556.52
4569.62
4582.53
4595.25
4607.8
4620.19
4632.44
4644.56
4656.57
4668.47
4680.26
4691.96
4703.55
4715.03
4726.42
4737.69
4748.85
4759.9
4770.84
4781.64
4792.32
4802.87
4813.28
4823.55
4833.66
4843.62
4853.41
4856.28
4865.69
4874.91
4883.93
4892.75
4901.36
4909.73
4917.88
4925.78
4933.42
4940.8
4947.91
4954.73
4968.29
4967.47
4973.37
4978.95
4984.18
4989.08
4993.61
4997.78
5001.57
5004.97
5007.97
5010.54
5012.67
5014.31
5015.4
5015.87
5015.55
5014.21
5011.43
5006.47
5005.03
4990.42
4964.59
4916.88
4821.25
4600.6
4408.46
4245.37
4696.99
4634.4
4574.47
4535.39
4509.76
4501.15
4496.98
4499.36
4505.99
4515.27
4526.12
4537.84
4549.99
4562.33
4574.71
4587.06
4593.65
4611.51
4623.6
4635.59
4647.49
4659.29
4671.01
4682.63
4694.17
4705.61
4716.96
4728.22
4739.38
4750.44
4761.39
4772.24
4782.97
4793.59
4804.08
4814.44
4824.66
4834.74
4844.67
4854.44
4864.04
4866.7
4875.92
4884.94
4893.76
4902.36
4910.74
4918.88
4926.78
4934.42
4941.79
4948.88
4955.68
4962.17
4968.35
4974.2
4979.71
4984.87
4989.67
4994.09
4998.13
5001.76
5004.98
5007.76
5010.06
5011.86
5013.09
5013.65
5013.39
5012.05
5009.18
5011.08
5002.16
4986.8
4959.69
4909.95
4812.14
4603.22
4144.9
4248.81
4702.84
4640.02
4579.84
4540.61
4514.87
4496.08
4491.91
4494.26
4500.84
4510.06
4520.84
4532.49
4544.57
4556.84
4569.16
4581.44
4599.33
4605.77
4617.79
4629.73
4641.57
4653.32
4664.98
4676.56
4688.04
4699.44
4710.74
4721.96
4733.07
4744.09
4755
4765.81
4776.5
4787.08
4797.53
4807.86
4818.05
4828.09
4837.99
4847.73
4857.3
4873.47
4882.71
4891.76
4900.61
4909.23
4917.64
4925.8
4933.72
4941.38
4948.77
4955.88
4962.69
4969.2
4975.39
4981.26
4986.78
4991.95
4996.76
5001.19
5005.23
5008.87
5012.09
5014.87
5017.18
5018.98
5020.21
5020.77
5020.5
5019.15
5016.27
5004.01
4995.12
4979.81
4952.8
4903.22
4805.75
4597.63
4148.32
4138.81
4601.98
4557.55
4514.98
4493.01
4481.87
4479.68
4484.22
4493.01
4499.12
4511.6
4524.66
4537.89
4551.07
4564.1
4576.94
4589.6
4602.08
4614.41
4626.59
4638.66
4650.61
4662.46
4674.2
4685.84
4697.38
4708.82
4720.16
4731.39
4742.51
4753.51
4764.4
4775.17
4785.81
4796.33
4806.7
4816.93
4827.01
4836.93
4846.69
4863.03
4872.46
4881.71
4890.76
4899.61
4908.23
4916.64
4924.8
4932.72
4940.39
4947.79
4954.91
4961.75
4961.25
4974.52
4980.43
4986.02
4991.27
4996.17
5000.72
5004.89
5008.69
5012.1
5015.1
5017.67
5019.8
5021.44
5022.53
5022.99
5022.67
5021.32
5018.52
5013.55
4997.99
4983.42
4957.68
4910.12
4814.83
4606.22
4404.35
4051.62
4358.05
4389.75
4400.79
4417.3
4433.49
4451.17
4470.18
4489.4
4502.9
4520.53
4537.14
4552.79
4567.61
4581.75
4595.35
4608.54
4621.39
4634
4646.4
4658.63
4670.72
4682.66
4694.48
4706.18
4717.75
4729.19
4740.51
4751.69
4762.74
4773.65
4784.42
4795.03
4805.49
4815.79
4825.93
4842.59
4852.41
4862.04
4871.49
4880.73
4889.78
4898.6
4907.21
4915.59
4923.73
4931.63
4939.28
4946.66
4953.78
4960.62
4967.18
4966.38
4979.41
4985.07
4990.41
4995.43
5000.12
5004.48
5008.49
5012.16
5015.47
5018.42
5021
5023.18
5024.97
5026.31
5027.17
5027.47
5027.08
5025.79
5023.22
5018.73
5004.05
4991.1
4968.23
4925.77
4839.19
4636.91
4573.64
4105.41
4099.86
4239.91
4306.94
4357.85
4400.71
4434.17
4468.03
4497.76
4523.64
4546.18
4571.51
4589.33
4605.55
4620.58
4634.76
4648.31
4661.42
4674.18
4686.69
4698.98
4711.08
4723.01
4734.79
4746.4
4757.85
4769.14
4780.26
4791.21
4801.99
4812.59
4823
4833.22
4843.26
4853.09
4862.72
4872.14
4881.35
4890.34
4899.1
4907.64
4915.94
4924
4931.82
4939.38
4946.69
4953.73
4960.51
4967.01
4973.24
4979.19
4984.84
4990.21
4995.28
5000.05
5004.53
5008.69
5012.55
5016.11
5019.35
5022.28
5024.9
5027.2
5029.19
5030.85
5032.18
5033.15
5033.74
5033.88
5033.48
5032.36
5030.23
5026.55
5013.25
5002.73
4984.31
4950.32
4880.81
4707.94
4271.28
4096.24
3980.95
4093.39
4193.45
4269.23
4318.12
4344.91
4334.85
4396.44
4399.9
4402.23
4404.81
4407.56
4410.57
4413.89
4417.52
4421.46
4425.68
4430.17
4439.91
4444.92
4450.16
4455.65
4461.38
4467.36
4473.58
4480.07
4486.82
4493.84
4501.12
4508.68
4516.52
4524.64
4533.03
4541.71
4550.66
4559.89
4569.4
4579.18
4589.22
4599.54
4610.11
4620.94
4632.01
4643.33
4654.87
4666.64
4678.62
4690.79
4703.16
4715.71
4728.41
4741.27
4754.26
4767.37
4780.59
4793.89
4807.26
4820.69
4834.16
4847.65
4861.15
4874.65
4888.13
4901.58
4915
4928.38
4941.73
4955.04
4968.34
4981.65
4994.97
5008.27
5021.4
5033.75
5043.43
5044.78
5020.32
4904.06
4381.95
4132.69
4115.17
4033.42
4108.98
4190.87
4259.43
4306.09
4334.04
4349.44
4355.31
4346.93
4207.23
4228.68
4320.36
4346.73
4359.52
4368.11
4375.08
4381.38
4387.42
4393.42
4399.48
4405.67
4412.04
4418.61
4425.41
4432.46
4439.76
4447.32
4455.17
4463.29
4476.82
4485.56
4494.6
4503.94
4513.57
4523.51
4533.75
4544.29
4555.12
4566.24
4577.66
4589.36
4601.33
4613.58
4626.08
4638.84
4651.84
4665.08
4678.53
4692.19
4706.04
4720.06
4734.25
4748.58
4763.04
4777.6
4792.25
4806.97
4821.75
4836.55
4851.37
4866.18
4880.97
4895.71
4910.41
4925.03
4939.58
4954.04
4968.4
4975.71
4989.72
5003.42
5016.45
5027.89
5035.18
5031.17
4993.21
4822.42
4121.64
4129.93
4330.02
4242.46
4123.02
4113.67
4243.24
4303.12
4322.89
4328.34
4329.09
4332.43
4329.25
4319.33
4276.67
4066.2
4261.19
4316.94
4335.82
4346.33
4354.26
4361.25
4367.94
4374.58
4381.31
4388.21
4395.32
4402.67
4410.27
4418.15
4426.32
4434.78
4443.55
4452.62
4467.05
4476.8
4486.86
4497.24
4507.95
4518.97
4530.31
4541.98
4553.95
4566.23
4578.82
4591.7
4604.87
4618.32
4632.03
4646.01
4660.23
4674.68
4689.35
4704.22
4719.27
4734.49
4749.85
4765.35
4780.95
4796.63
4812.38
4828.17
4843.98
4859.79
4875.58
4891.33
4907.01
4922.62
4938.12
4953.5
4968.73
4983.77
4998.51
5005.75
5019.02
5030.22
5036.43
5029.55
4984.48
4804.56
4281.23
4095.76
4467.9
4414.82
4353.4
4164.66
4293.48
4330.41
4327.12
4321.7
4317.8
4320.07
4319.42
4319.72
4319.85
4313.81
4134
4309.04
4328.44
4336.04
4342.18
4348.12
4354.17
4360.42
4371.52
4378.32
4385.39
4392.75
4400.41
4408.38
4416.66
4425.25
4434.17
4443.42
4452.99
4462.9
4473.14
4483.71
4494.62
4505.87
4517.45
4529.36
4541.6
4554.16
4567.04
4580.24
4593.73
4607.52
4621.6
4635.95
4650.56
4665.42
4680.51
4695.82
4711.32
4727
4742.85
4758.83
4774.93
4791.13
4807.4
4823.72
4840.07
4856.43
4872.77
4889.07
4905.3
4921.46
4937.51
4953.43
4969.18
4984.71
4999.92
5014.59
5028.22
5039.63
5045.79
5038.45
4993.4
4825.85
4360.95
4098.17
4462.91
4410
4348.83
4168.41
4297.8
4334.88
4331.56
4326.1
4322.18
4315.7
4315.06
4315.36
4315.48
4309.47
4130.51
4313.38
4332.87
4340.5
4346.67
4352.64
4358.72
4365
4366.92
4373.68
4380.72
4388.04
4395.67
4403.6
4411.84
4420.4
4429.28
4438.48
4448.02
4457.88
4468.08
4478.61
4489.47
4500.67
4512.2
4524.07
4536.26
4548.77
4561.6
4574.74
4588.18
4601.92
4615.94
4630.24
4644.8
4659.6
4674.63
4689.88
4705.33
4720.96
4736.74
4752.67
4768.71
4784.85
4801.07
4817.34
4833.63
4849.93
4866.21
4882.46
4898.64
4914.74
4930.74
4946.61
4962.31
4977.79
4992.94
5007.56
5021.15
5032.52
5038.65
5031.33
4986.41
4832.31
4356.46
4129.93
4334.4
4246.5
4126.5
4117.18
4247.33
4307.46
4327.32
4332.78
4333.53
4328
4324.83
4314.94
4272.47
4063.04
4265.34
4321.34
4340.3
4350.86
4358.82
4365.85
4372.57
4379.24
4386
4392.93
4400.07
4407.45
4415.09
4423.01
4431.21
4439.71
4448.51
4457.63
4462.01
4471.71
4481.73
4492.07
4502.73
4513.71
4525.01
4536.62
4548.55
4560.78
4573.32
4586.15
4599.27
4612.66
4626.33
4640.25
4654.42
4668.82
4683.43
4698.25
4713.25
4728.41
4743.72
4759.16
4774.7
4790.33
4806.03
4821.76
4837.52
4853.28
4869.01
4884.71
4900.34
4915.89
4931.35
4946.68
4961.86
4976.84
4991.54
5012.77
5026.08
5037.33
5043.56
5036.66
4991.47
4810.97
4276.87
4132.69
4115.17
4033.42
4112.34
4194.67
4263.56
4310.44
4338.53
4353.99
4359.89
4342.4
4203.31
4232.73
4324.81
4351.29
4364.14
4372.77
4379.77
4386.1
4392.17
4398.19
4404.28
4410.5
4416.9
4423.5
4430.33
4437.4
4444.73
4452.33
4460.21
4468.37
4471.7
4480.41
4489.41
4498.71
4508.31
4518.21
4528.41
4538.9
4549.69
4560.77
4572.14
4583.79
4595.72
4607.92
4620.38
4633.09
4646.05
4659.23
4672.64
4686.25
4700.05
4714.02
4728.16
4742.44
4756.84
4771.36
4785.96
4800.63
4815.35
4830.11
4844.87
4859.64
4874.37
4889.07
4903.72
4918.3
4932.8
4947.21
4961.53
4982.64
4996.69
5010.44
5023.51
5034.98
5042.3
5038.29
5000.23
4828.9
4117.54
4099.11
3980.95
4096.21
4197.04
4273.32
4322.5
4349.44
4339.37
4401.23
4404.71
4407.06
4409.65
4412.42
4415.44
4418.78
4422.43
4426.39
4430.63
4435.14
4434.92
4439.9
4445.13
4450.59
4456.29
4462.25
4468.45
4474.91
4481.63
4488.62
4495.87
4503.4
4511.21
4519.29
4527.66
4536.3
4545.21
4554.41
4563.88
4573.62
4583.63
4593.91
4604.44
4615.23
4626.26
4637.53
4649.04
4660.76
4672.7
4684.83
4697.16
4709.66
4722.32
4735.13
4748.08
4761.15
4774.32
4787.57
4800.9
4814.29
4827.71
4841.16
4854.62
4868.07
4881.51
4894.91
4908.29
4921.63
4934.93
4948.2
4961.46
4974.73
4988
5001.27
5014.35
5026.66
5036.3
5037.64
5013.25
4897.36
4377.13
3968.6
3930.87
3919.29
3922.2
3933.74
3942.29
3948.06
3953.53
3955.94
3957.57
3958.78
3957.98
3958.95
3959.93
3960.94
3961.98
3963.05
3964.12
3965.15
3966.02
3966.48
3965.73
3961.34
3957.01
3970.67
3976.67
3980.23
3983.07
3985.72
3988.38
3991.14
3994.03
3997.1
4000.36
4003.85
4007.58
4011.58
4015.88
4020.49
4025.45
4030.79
4036.54
4042.74
4049.43
4054.18
4061.91
4070.27
4079.31
4089.08
4099.65
4111.09
4123.48
4136.89
4151.42
4167.14
4184.17
4202.6
4222.53
4244.08
4271.21
4292.43
4319.45
4348.48
4384.05
4417.46
4453.03
4490.75
4530.55
4572.35
4616
4661.34
4708.28
4756.83
4807.32
4860.55
4917.77
4978.91
5033.73
5012.2
4579.43
4089.5
3957.13
3921.53
3922.26
3932.71
3938.01
3940.84
3942.56
3945.43
3946.4
3945.61
3946.51
3947.45
3948.44
3949.48
3950.57
3951.7
3952.87
3954.08
3955.32
3956.58
3957.86
3959.14
3960.37
3961.5
3962.37
3962.7
3961.97
3960.07
3965.43
3972.79
3977.44
3981.26
3984.75
3988.16
3991.66
3995.32
3999.19
4003.32
4007.74
4012.5
4017.62
4023.14
4029.11
4035.57
4042.56
4050.14
4058.36
4067.29
4076.99
4087.54
4099.02
4111.52
4125.14
4139.97
4156.13
4173.74
4192.93
4213.84
4236.6
4261.35
4288.25
4313.33
4344.75
4378.69
4415.22
4454.4
4496.23
4540.65
4587.55
4636.75
4688.05
4741.26
4796.3
4853.23
4911.97
4970.27
5012.57
4921.26
4560.76
4040.83
4004.55
3944.89
3925.43
3938.52
3940.31
3940.02
3939.67
3941.24
3939.83
3940.32
3941
3941.83
3942.77
3943.78
3944.87
3946
3947.18
3948.4
3949.66
3950.96
3952.3
3953.68
3955.1
3956.55
3958.03
3959.49
3960.89
3962.08
3962.78
3962.49
3964.4
3970.91
3975.38
3979.15
3982.66
3986.15
3989.77
3993.58
3997.65
4002.02
4006.72
4011.8
4017.29
4023.23
4029.69
4036.7
4044.33
4052.64
4061.69
4071.57
4082.35
4094.13
4107.02
4121.12
4136.55
4153.44
4171.95
4192.21
4214.4
4238.68
4265.24
4290.27
4321.71
4355.92
4393.03
4433.15
4476.33
4522.55
4571.73
4623.68
4678.12
4734.76
4793.26
4853.4
4914.73
4974.53
5015.17
4898.51
4640.41
4040.53
4027.31
3973.52
3925.23
3947.21
3943.73
3940.87
3939.16
3939.95
3938.12
3938.36
3938.9
3939.65
3940.55
3941.54
3942.61
3943.74
3944.92
3946.14
3947.41
3948.72
3950.07
3951.47
3952.93
3954.45
3956.02
3957.67
3959.38
3961.15
3962.94
3964.58
3965.14
3966.9
3972.91
3976.34
3979.42
3982.58
3985.92
3989.49
3993.33
3997.47
4001.94
4006.78
4012.02
4017.71
4023.9
4030.63
4037.97
4045.96
4054.7
4064.24
4074.68
4083.51
4095.93
4109.55
4124.5
4140.91
4158.93
4178.73
4200.47
4224.35
4250.54
4283.14
4310.66
4349.23
4386.8
4427.58
4471.65
4519.02
4569.61
4623.25
4679.65
4738.44
4799.28
4861.88
4919.25
4982.47
5030.93
4976.49
4651.57
4038.42
4025.06
3971.64
3926.65
3948.96
3945.46
3942.57
3940.82
3938.32
3939.73
3939.95
3940.48
3941.22
3942.11
3943.1
3944.17
3945.29
3946.47
3947.69
3948.95
3950.26
3951.62
3953.02
3954.48
3956
3957.58
3959.23
3960.94
3962.72
3964.51
3966.13
3966.58
3965.65
3971.35
3974.71
3977.75
3980.87
3984.18
3987.72
3991.52
3995.63
4000.06
4004.85
4010.05
4015.69
4021.82
4028.5
4035.77
4043.7
4052.35
4061.82
4072.17
4086.1
4098.62
4112.35
4127.41
4143.93
4162.08
4182.01
4203.89
4227.91
4254.26
4279.25
4314.73
4344.98
4382.36
4422.94
4466.79
4513.94
4564.32
4617.73
4673.9
4732.46
4793.06
4855.43
4925.94
4989.38
5038.02
4983.45
4645.79
4043.14
4006.62
3946.39
3926.87
3940.15
3941.98
3941.69
3941.33
3939.6
3941.46
3941.94
3942.61
3943.44
3944.37
3945.38
3946.46
3947.59
3948.76
3949.98
3951.24
3952.54
3953.88
3955.26
3956.68
3958.13
3959.6
3961.06
3962.44
3963.61
3964.24
3963.82
3965.59
3969.49
3973.82
3977.51
3980.96
3984.41
3987.99
3991.77
3995.8
4000.12
4004.78
4009.81
4015.25
4021.15
4027.55
4034.5
4042.06
4050.3
4059.28
4069.07
4079.77
4091.46
4104.25
4118.25
4133.57
4150.35
4168.73
4188.86
4210.91
4235.04
4261.44
4290.27
4325.84
4360.23
4397.53
4437.85
4481.23
4527.67
4577.06
4629.22
4683.9
4740.75
4799.48
4859.85
4921.4
4981.42
5022.22
4905.26
4634.62
4089.5
3957.13
3921.53
3923.6
3934.22
3939.61
3942.49
3944.23
3943.75
3946.4
3947.3
3948.2
3949.14
3950.13
3951.17
3952.26
3953.39
3954.55
3955.76
3957
3958.26
3959.54
3960.81
3962.04
3963.15
3963.99
3964.26
3963.44
3960.99
3966.81
3971.23
3975.76
3979.52
3982.96
3986.34
3989.8
3993.42
3997.26
4001.36
4005.74
4010.46
4015.53
4021.01
4026.93
4033.33
4040.26
4047.78
4055.94
4064.8
4074.43
4084.9
4096.29
4108.7
4122.21
4136.94
4152.99
4170.49
4189.56
4210.33
4232.95
4257.57
4284.31
4317.43
4349.02
4383.13
4419.84
4459.21
4501.23
4545.85
4592.95
4642.36
4693.87
4747.29
4802.53
4859.67
4918.63
4977.15
5019.6
4928.07
4555.11
3968.6
3930.47
3919.29
3923.34
3935.14
3943.88
3949.76
3951.77
3954.14
3955.74
3958.78
3959.82
3960.8
3961.78
3962.79
3963.84
3964.9
3965.97
3967
3967.87
3968.3
3967.49
3962.95
3958.43
3968.95
3974.83
3978.34
3981.15
3983.78
3986.43
3989.16
3992.04
3995.08
3998.33
4001.79
4005.49
4009.46
4013.72
4018.3
4023.23
4028.52
4034.23
4040.38
4047.02
4056.65
4064.44
4072.86
4081.96
4091.8
4102.45
4113.98
4126.45
4139.96
4154.58
4170.41
4187.54
4206.08
4226.14
4247.81
4267.34
4292.43
4323.6
4352.78
4379.59
4412.83
4448.24
4485.78
4525.41
4567.03
4610.49
4655.65
4702.4
4750.77
4801.07
4854.11
4911.11
4972.03
5026.66
5019.26
4573.69
3930.34
3883.02
3881.3
3886.48
3888.45
3889.48
3890.71
3892.12
3893.84
3895.78
3897.89
3900.13
3902.47
3904.89
3907.36
3909.86
3912.4
3914.96
3917.54
3920.12
3922.71
3925.29
3927.86
3930.42
3932.95
3935.45
3937.91
3940.31
3942.64
3944.87
3946.96
3948.87
3950.51
3951.78
3952.49
3952.41
3951.29
3948.97
3946.13
3953.13
3959.71
3965.24
3969.76
3973.47
3976.58
3979.24
3981.55
3983.59
3985.38
3986.95
3988.3
3989.43
3990.33
3990.99
3991.37
3991.45
3991.19
3990.55
3989.45
3987.83
3995.15
4004.62
4015.66
4028.6
4043.84
4061.83
4083.14
4108.46
4138.58
4174.42
4217.04
4267.58
4323.21
4393.01
4474.95
4571.87
4689.93
4846.71
5012.76
4948.88
4001.24
3893.69
3878.71
3881.16
3884.95
3887.79
3890.22
3892.5
3894.7
3896.89
3899.1
3901.35
3903.66
3906.02
3908.42
3910.85
3913.32
3915.8
3918.3
3920.82
3923.34
3925.85
3928.37
3930.87
3933.35
3935.81
3938.24
3940.63
3942.98
3945.26
3947.47
3949.59
3951.61
3953.49
3955.2
3956.72
3957.97
3958.92
3959.48
3959.6
3959.21
3958.3
3957.26
3955.21
3959.75
3964.93
3969.75
3974.08
3977.9
3981.21
3984.05
3986.45
3988.46
3990.1
3991.38
3992.3
3992.85
3992.99
3992.7
3991.9
3990.54
3991.76
4000.99
4011.99
4025.15
4040.95
4060.01
4083.08
4111.12
4145.27
4186.88
4237.55
4295.11
4368.71
4456.45
4559.7
4679.63
4810.86
4747.33
4946.35
4005.27
3920.38
3885.54
3877.25
3880.53
3885.27
3889.04
3892.12
3894.69
3897.14
3899.49
3901.82
3904.16
3906.53
3908.93
3911.36
3913.83
3916.31
3918.82
3921.34
3923.88
3926.42
3928.96
3931.5
3934.03
3936.54
3939.04
3941.52
3943.96
3946.37
3948.73
3951.04
3953.27
3955.42
3957.46
3959.37
3961.11
3962.64
3963.89
3964.79
3965.25
3965.15
3964.4
3962.95
3960.86
3958.36
3964.04
3969.66
3974.7
3979.06
3982.76
3985.85
3988.42
3990.52
3992.2
3993.48
3994.38
3994.87
3994.93
3994.52
3993.56
3991.98
3992.87
4002.79
4014.77
4029.3
4047.01
4068.71
4095.4
4128.35
4169.1
4219.47
4281.49
4352.97
4443.54
4550.28
4672.4
4789.54
4181.19
4973.82
4040.37
3937.31
3893.4
3878.52
3877.18
3883.42
3887.94
3891.47
3894.4
3897.01
3899.47
3901.82
3904.2
3906.6
3909.03
3911.48
3913.96
3916.48
3919.01
3921.56
3924.13
3926.71
3929.3
3931.9
3934.49
3937.08
3939.67
3942.25
3944.82
3947.37
3949.9
3952.4
3954.88
3957.32
3959.72
3962.07
3964.35
3966.56
3968.65
3970.59
3972.3
3973.63
3974.27
3973.58
3970.33
3963.13
3966.07
3976.33
3982.87
3987.06
3990
3992.22
3993.99
3995.41
3996.53
3997.37
3997.92
3998.15
3998.01
3997.47
3996.43
3994.81
3992.49
3997.81
4009.47
4023.62
4040.93
4062.22
4088.54
4121.22
4161.91
4212.58
4275.45
4348.61
4441.99
4553.36
4684.5
4829.21
4942.16
4959.74
4038.08
3936.17
3892.58
3879.32
3877.18
3883.42
3887.94
3891.47
3894.4
3897.01
3899.47
3901.82
3904.2
3906.6
3909.03
3911.48
3913.96
3916.48
3919.01
3921.56
3924.13
3926.71
3929.3
3931.9
3934.49
3937.08
3939.67
3942.25
3944.82
3947.37
3949.9
3952.4
3954.88
3957.32
3959.72
3962.07
3964.35
3966.56
3968.65
3970.59
3972.3
3973.63
3974.27
3973.58
3970.33
3963.13
3966.07
3976.33
3982.87
3987.06
3990
3992.22
3993.99
3995.41
3996.53
3997.37
3997.92
3998.15
3998.01
3997.47
3996.43
3994.81
3992.49
3996.36
4007.87
4021.85
4038.97
4060.04
4086.11
4118.52
4158.9
4209.22
4271.69
4352.81
4446.67
4558.57
4690.27
4835.56
4935.37
4952.88
4003.06
3919.31
3885.54
3877.25
3880.53
3885.27
3889.04
3892.12
3894.69
3897.14
3899.49
3901.82
3904.16
3906.53
3908.93
3911.36
3913.83
3916.31
3918.82
3921.34
3923.88
3926.42
3928.96
3931.5
3934.03
3936.54
3939.04
3941.52
3943.96
3946.37
3948.73
3951.04
3953.27
3955.42
3957.46
3959.37
3961.11
3962.64
3963.89
3964.79
3965.25
3965.15
3964.4
3962.95
3960.86
3958.68
3964.04
3969.66
3974.7
3979.06
3982.76
3985.85
3988.42
3990.52
3992.2
3993.48
3994.38
3994.87
3994.93
3994.52
3993.56
3991.98
3991.5
4001.29
4013.12
4027.47
4045
4066.48
4092.93
4125.6
4166.04
4216.06
4277.7
4357.19
4448.24
4555.48
4678.13
4795.78
4176.49
4966.9
4003.77
3894.67
3878.19
3881.16
3884.95
3887.79
3890.22
3892.5
3894.7
3896.89
3899.1
3901.35
3903.66
3906.02
3908.42
3910.85
3913.32
3915.8
3918.3
3920.82
3923.34
3925.85
3928.37
3930.87
3933.35
3935.81
3938.24
3940.63
3942.98
3945.26
3947.47
3949.59
3951.61
3953.49
3955.2
3956.72
3957.97
3958.92
3959.48
3959.6
3959.21
3958.3
3957.26
3955.57
3959.75
3964.93
3969.75
3974.08
3977.9
3981.21
3984.05
3986.45
3988.46
3990.1
3991.38
3992.3
3992.85
3992.99
3992.7
3991.9
3990.54
3990.38
3999.49
4010.35
4023.35
4038.98
4057.84
4080.71
4108.5
4142.38
4183.69
4234.02
4295.11
4373.02
4461.21
4564.94
4685.39
4817.15
4753.61
4939.48
3930.34
3883.02
3881.3
3886.48
3888.45
3889.48
3890.71
3892.12
3893.84
3895.78
3897.89
3900.13
3902.47
3904.89
3907.36
3909.86
3912.4
3914.96
3917.54
3920.12
3922.71
3925.29
3927.86
3930.42
3932.95
3935.45
3937.91
3940.31
3942.64
3944.87
3946.96
3948.87
3950.51
3951.78
3952.49
3952.41
3951.29
3948.97
3945.87
3953.13
3959.71
3965.24
3969.76
3973.47
3976.58
3979.24
3981.55
3983.59
3985.38
3986.95
3988.3
3989.43
3990.33
3990.99
3991.37
3991.45
3991.19
3990.55
3989.45
3987.83
3993.66
4003.01
4013.92
4026.73
4041.8
4059.62
4080.74
4105.84
4135.72
4171.3
4213.63
4263.86
4327.28
4397.46
4479.8
4577.16
4695.72
4840.34
5005.78
4942.05
3877.54
3856.23
3854.78
3857.25
3858.75
3859.86
3861.04
3862.32
3863.64
3864.85
3865.7
3866.75
3869.74
3872.72
3875.48
3878.15
3880.8
3883.47
3886.16
3888.89
3891.66
3894.46
3897.29
3900.16
3903.06
3905.98
3908.92
3911.88
3914.86
3917.85
3920.84
3923.85
3926.85
3929.85
3932.84
3935.83
3938.8
3941.77
3944.71
3947.64
3950.54
3953.42
3956.28
3959.1
3961.9
3964.66
3967.38
3970.07
3972.73
3975.34
3977.91
3980.44
3982.93
3985.38
3987.77
3990.13
3992.43
3994.69
3996.9
3999.06
4001.17
4003.22
4005.21
4007.13
4008.98
4010.73
4012.36
4013.83
4015.08
4015.99
4016.38
4015.93
4014.08
4009.71
4000.66
4035.04
4115.42
4294.5
4734.35
3859.36
3877.81
3858.22
3851.12
3853.32
3856.77
3859.39
3861.44
3863.24
3864.97
3866.72
3868.52
3870.35
3872.19
3873.98
3875.64
3877.11
3878.35
3880.21
3884.02
3887.65
3891.08
3894.33
3897.47
3900.55
3903.58
3906.59
3909.6
3912.6
3915.6
3918.59
3921.59
3924.59
3927.58
3930.56
3933.54
3936.5
3939.45
3942.39
3945.31
3948.21
3951.08
3953.93
3956.76
3959.55
3962.32
3965.05
3967.75
3970.41
3973.04
3975.62
3978.17
3980.68
3983.15
3985.58
3987.97
3990.31
3992.62
3994.88
3997.1
3999.28
4001.41
4003.5
4005.55
4007.54
4009.47
4011.33
4013.09
4014.72
4016.14
4017.23
4017.79
4017.44
4015.48
4010.61
4000.25
4038.58
4128.28
4325.37
4779.9
5028.34
3950.49
3891.47
3864.89
3855.97
3853.36
3857.87
3861.14
3863.58
3865.73
3867.73
3869.71
3871.71
3873.78
3875.9
3878.07
3880.29
3882.52
3884.72
3886.84
3888.77
3890.35
3891.42
3893.13
3897.8
3902.05
3905.84
3909.3
3912.56
3915.7
3918.78
3921.82
3924.83
3927.82
3930.8
3933.76
3936.7
3939.63
3942.54
3945.43
3948.3
3951.15
3953.97
3956.76
3959.52
3962.25
3964.95
3967.62
3970.25
3972.84
3975.4
3977.91
3980.39
3982.83
3985.22
3987.58
3989.89
3992.16
3994.39
3996.58
3998.73
4000.84
4002.91
4004.93
4006.9
4008.81
4010.66
4012.41
4014.02
4015.43
4016.5
4017
4016.51
4014.25
4008.81
3997.84
4033.99
4104.26
4240.33
4712.42
4915.2
3986.56
3908.58
3873.32
3859.81
3852.96
3856.57
3860.55
3863.52
3865.94
3868.11
3870.2
3872.24
3874.36
3876.54
3878.8
3881.12
3883.52
3885.97
3888.48
3891.03
3893.6
3896.16
3898.62
3900.68
3901.18
3902.68
3908.88
3912.74
3915.97
3919.02
3922.01
3924.97
3927.91
3930.84
3933.76
3936.67
3939.57
3942.45
3945.31
3948.15
3950.97
3953.76
3956.53
3959.27
3961.98
3964.65
3967.29
3969.9
3972.46
3974.99
3977.48
3979.93
3982.34
3984.71
3987.04
3989.32
3991.56
3993.76
3995.92
3998.04
4000.11
4002.15
4004.14
4006.09
4007.99
4009.84
4011.61
4013.29
4014.82
4016.11
4016.99
4017.14
4015.9
4011.86
4002.27
4019.21
4050.68
4244.04
4461.18
4904.48
3985.31
3908.15
3873.02
3860.19
3853.41
3856.57
3860.55
3863.52
3865.94
3868.11
3870.2
3872.24
3874.36
3876.54
3878.8
3881.12
3883.52
3885.97
3888.48
3891.03
3893.6
3896.16
3898.62
3900.68
3901.18
3902.68
3908.88
3912.74
3915.97
3919.02
3922.01
3924.97
3927.91
3930.84
3933.76
3936.67
3939.57
3942.45
3945.31
3948.15
3950.97
3953.76
3956.53
3959.27
3961.98
3964.65
3967.29
3969.9
3972.46
3974.99
3977.48
3979.93
3982.34
3984.71
3987.04
3989.32
3991.56
3993.76
3995.92
3998.04
4000.11
4002.15
4004.14
4006.09
4007.99
4009.84
4011.61
4013.29
4014.82
4016.11
4016.99
4017.14
4015.9
4011.86
4002.27
4020.61
4052.72
4244.01
4456.21
4911
3949.32
3891.08
3865.18
3856.34
3853.36
3857.87
3861.14
3863.58
3865.73
3867.73
3869.71
3871.71
3873.78
3875.9
3878.07
3880.29
3882.52
3884.72
3886.84
3888.77
3890.35
3891.42
3893.13
3897.8
3902.05
3905.84
3909.3
3912.56
3915.7
3918.78
3921.82
3924.83
3927.82
3930.8
3933.76
3936.7
3939.63
3942.54
3945.43
3948.3
3951.15
3953.97
3956.76
3959.52
3962.25
3964.95
3967.62
3970.25
3972.84
3975.4
3977.91
3980.39
3982.83
3985.22
3987.58
3989.89
3992.16
3994.39
3996.58
3998.73
4000.84
4002.91
4004.93
4006.9
4008.81
4010.66
4012.41
4014.02
4015.43
4016.5
4017
4016.51
4014.25
4008.81
3997.84
4035.65
4106.7
4240.34
4718.39
4921.96
3877.81
3857.89
3851.44
3853.32
3856.77
3859.39
3861.44
3863.24
3864.97
3866.72
3868.52
3870.35
3872.19
3873.98
3875.64
3877.11
3878.35
3880.21
3884.02
3887.65
3891.08
3894.33
3897.47
3900.55
3903.58
3906.59
3909.6
3912.6
3915.6
3918.59
3921.59
3924.59
3927.58
3930.56
3933.54
3936.5
3939.45
3942.39
3945.31
3948.21
3951.08
3953.93
3956.76
3959.55
3962.32
3965.05
3967.75
3970.41
3973.04
3975.62
3978.17
3980.68
3983.15
3985.58
3987.97
3990.31
3992.62
3994.88
3997.1
3999.28
4001.41
4003.5
4005.55
4007.54
4009.47
4011.33
4013.09
4014.72
4016.14
4017.23
4017.79
4017.44
4015.48
4010.61
4000.25
4036.8
4125.62
4325.36
4786.05
5021.25
3877.54
3856.23
3854.78
3857.25
3858.75
3859.86
3861.04
3862.32
3863.64
3864.85
3865.7
3866.4
3869.74
3872.72
3875.48
3878.15
3880.8
3883.47
3886.16
3888.89
3891.66
3894.46
3897.29
3900.16
3903.06
3905.98
3908.92
3911.88
3914.86
3917.85
3920.84
3923.85
3926.85
3929.85
3932.84
3935.83
3938.8
3941.77
3944.71
3947.64
3950.54
3953.42
3956.28
3959.1
3961.9
3964.66
3967.38
3970.07
3972.73
3975.34
3977.91
3980.44
3982.93
3985.38
3987.77
3990.13
3992.43
3994.69
3996.9
3999.06
4001.17
4003.22
4005.21
4007.13
4008.98
4010.73
4012.36
4013.83
4015.08
4015.99
4016.38
4015.93
4014.08
4009.71
4000.66
4033.27
4112.84
4290.66
4728.42
3856.71
)
;

boundaryField
{
    left
    {
        type            zeroGradient;
    }
    right
    {
        type            zeroGradient;
    }
    back
    {
        type            zeroGradient;
    }
    front
    {
        type            zeroGradient;
    }
    top
    {
        type            zeroGradient;
    }
    bottom
    {
        type            zeroGradient;
    }
}


// ************************************************************************* //
