/*--------------------------------*- C++ -*----------------------------------*\
| =========                 |                                                 |
| \\      /  F ield         | foam-extend: Open Source CFD                    |
|  \\    /   O peration     | Version:     4.1                                |
|   \\  /    A nd           | Web:         http://www.foam-extend.org         |
|    \\/     M anipulation  |                                                 |
\*---------------------------------------------------------------------------*/
FoamFile
{
    version     2.0;
    format      ascii;
    class       volScalarField;
    location    "0.197";
    object      p;
}
// * * * * * * * * * * * * * * * * * * * * * * * * * * * * * * * * * * * * * //

dimensions      [1 -1 -2 0 0 0 0];

internalField   nonuniform List<scalar> 
5120
(
-411.19
-321.366
-309.166
-303.229
-297.723
-292.078
-285.955
-279.346
-272.359
-265.116
-257.721
-250.26
-242.794
-235.369
-228.016
-220.756
-213.603
-206.566
-199.65
-192.859
-186.193
-179.655
-173.244
-166.96
-160.803
-154.772
-148.867
-143.087
-137.432
-131.899
-126.49
-121.203
-116.038
-110.993
-106.069
-101.263
-96.5761
-92.007
-87.555
-83.2194
-78.9995
-74.8946
-70.904
-67.0271
-63.2633
-59.6118
-56.0722
-52.6436
-49.3257
-46.1177
-43.0191
-40.0294
-37.148
-34.3743
-31.708
-29.1484
-26.695
-24.3475
-22.1053
-19.968
-17.9351
-16.0063
-14.181
-12.4589
-10.8396
-9.32267
-7.90773
-6.59439
-5.3822
-4.27073
-3.25951
-2.34802
-1.53577
-0.822372
-0.207794
0.307164
0.720261
1.02456
1.22803
1.30719
-428.395
-338.498
-322.907
-313.824
-304.608
-296.138
-288.065
-280.143
-272.304
-264.527
-256.813
-249.171
-241.614
-234.152
-226.796
-219.553
-212.428
-205.426
-198.547
-191.794
-185.167
-178.667
-172.293
-166.045
-159.922
-153.924
-148.05
-142.301
-136.674
-131.17
-125.787
-120.526
-115.385
-110.364
-105.462
-100.679
-96.0133
-91.4646
-87.0323
-82.7157
-78.5142
-74.4271
-70.4538
-66.5935
-62.8458
-59.2099
-55.6852
-52.2713
-48.9674
-45.7731
-42.6877
-39.7108
-36.8417
-34.08
-31.4251
-28.8766
-26.434
-24.0968
-21.8645
-19.7368
-17.7131
-15.793
-13.9762
-12.2622
-10.6506
-9.14107
-7.73318
-6.42656
-5.22085
-4.11568
-3.11076
-2.20585
-1.40091
-0.696261
-0.09293
0.407007
0.799793
1.07703
1.25233
1.31986
-448.665
-348.294
-331.058
-320.887
-310.101
-300.098
-290.785
-281.939
-273.445
-265.222
-257.214
-249.383
-241.707
-234.174
-226.776
-219.51
-212.373
-205.366
-198.486
-191.735
-185.111
-178.614
-172.244
-165.999
-159.879
-153.885
-148.014
-142.267
-136.642
-131.14
-125.759
-120.5
-115.36
-110.34
-105.438
-100.655
-95.9899
-91.4413
-87.0088
-82.692
-78.4901
-74.4024
-70.4284
-66.5673
-62.8187
-59.1819
-55.6562
-52.2412
-48.9361
-45.7406
-42.654
-39.6757
-36.8053
-34.0422
-31.386
-28.8361
-26.3921
-24.0535
-21.8199
-19.6907
-17.6657
-15.7442
-13.9261
-12.2108
-10.5979
-9.08713
-7.67806
-6.37036
-5.1637
-4.05783
-3.05259
-2.14797
-1.34425
-0.642174
-0.0432467
0.44999
0.833386
1.0988
1.26169
1.32284
-457.579
-351.346
-333.867
-323.69
-312.528
-301.996
-292.172
-282.9
-274.081
-265.625
-257.456
-249.519
-241.774
-234.197
-226.773
-219.491
-212.347
-205.335
-198.455
-191.703
-185.08
-178.585
-172.216
-165.973
-159.855
-153.862
-147.993
-142.247
-136.624
-131.122
-125.743
-120.484
-115.344
-110.325
-105.424
-100.641
-95.976
-91.4275
-86.9951
-82.6783
-78.4763
-74.3885
-70.4142
-66.553
-62.804
-59.1669
-55.6409
-52.2254
-48.9199
-45.7239
-42.6368
-39.6581
-36.7872
-34.0236
-31.3668
-28.8164
-26.3718
-24.0327
-21.7985
-19.6688
-17.6431
-15.7212
-13.9025
-12.1866
-10.5732
-9.06196
-7.65242
-6.34431
-5.13734
-4.03131
-3.02613
-2.12192
-1.31909
-0.618563
-0.0219524
0.46815
0.847651
1.10877
1.26777
1.32753
-457.579
-351.346
-333.867
-323.69
-312.528
-301.996
-292.172
-282.9
-274.081
-265.625
-257.456
-249.519
-241.774
-234.197
-226.773
-219.491
-212.347
-205.335
-198.455
-191.703
-185.08
-178.585
-172.216
-165.973
-159.855
-153.862
-147.993
-142.247
-136.624
-131.122
-125.743
-120.484
-115.344
-110.325
-105.424
-100.641
-95.976
-91.4275
-86.9951
-82.6783
-78.4763
-74.3885
-70.4142
-66.553
-62.804
-59.1669
-55.6409
-52.2254
-48.92
-45.7239
-42.6368
-39.6581
-36.7872
-34.0236
-31.3668
-28.8164
-26.3718
-24.0327
-21.7985
-19.6688
-17.6431
-15.7212
-13.9025
-12.1866
-10.5732
-9.06196
-7.65242
-6.34431
-5.13734
-4.03131
-3.02613
-2.12192
-1.31909
-0.618563
-0.0219516
0.468151
0.847651
1.10877
1.26777
1.32753
-448.665
-348.294
-331.058
-320.887
-310.101
-300.098
-290.785
-281.939
-273.445
-265.222
-257.214
-249.383
-241.707
-234.174
-226.776
-219.51
-212.373
-205.366
-198.486
-191.735
-185.111
-178.614
-172.244
-165.999
-159.879
-153.885
-148.014
-142.267
-136.642
-131.14
-125.759
-120.5
-115.36
-110.34
-105.438
-100.655
-95.9899
-91.4413
-87.0088
-82.692
-78.4901
-74.4024
-70.4284
-66.5673
-62.8187
-59.1819
-55.6562
-52.2412
-48.9361
-45.7406
-42.654
-39.6757
-36.8053
-34.0422
-31.386
-28.8361
-26.3921
-24.0535
-21.8199
-19.6907
-17.6657
-15.7442
-13.9261
-12.2108
-10.5979
-9.08713
-7.67806
-6.37036
-5.1637
-4.05783
-3.05259
-2.14797
-1.34425
-0.642174
-0.0432481
0.449988
0.833386
1.0988
1.26169
1.32284
-428.395
-338.498
-322.907
-313.824
-304.608
-296.138
-288.065
-280.143
-272.304
-264.527
-256.813
-249.171
-241.614
-234.152
-226.796
-219.553
-212.428
-205.426
-198.547
-191.794
-185.167
-178.667
-172.293
-166.045
-159.922
-153.924
-148.05
-142.301
-136.674
-131.17
-125.787
-120.526
-115.385
-110.364
-105.462
-100.679
-96.0133
-91.4646
-87.0323
-82.7157
-78.5142
-74.4271
-70.4538
-66.5935
-62.8458
-59.2099
-55.6852
-52.2713
-48.9674
-45.7731
-42.6877
-39.7108
-36.8417
-34.08
-31.4251
-28.8766
-26.434
-24.0968
-21.8645
-19.7368
-17.7131
-15.793
-13.9762
-12.2622
-10.6506
-9.14107
-7.73318
-6.42656
-5.22085
-4.11568
-3.11076
-2.20585
-1.40091
-0.696262
-0.0929311
0.407006
0.799793
1.07703
1.25233
1.31986
-411.19
-321.366
-309.166
-303.229
-297.723
-292.078
-285.955
-279.346
-272.359
-265.116
-257.721
-250.26
-242.794
-235.369
-228.016
-220.756
-213.603
-206.566
-199.65
-192.859
-186.193
-179.655
-173.244
-166.96
-160.803
-154.772
-148.867
-143.087
-137.432
-131.899
-126.49
-121.203
-116.038
-110.993
-106.069
-101.263
-96.5761
-92.007
-87.555
-83.2194
-78.9995
-74.8946
-70.904
-67.0271
-63.2633
-59.6118
-56.0722
-52.6436
-49.3257
-46.1177
-43.0191
-40.0294
-37.148
-34.3743
-31.708
-29.1484
-26.695
-24.3475
-22.1053
-19.968
-17.9351
-16.0063
-14.181
-12.4589
-10.8396
-9.32267
-7.90774
-6.59439
-5.3822
-4.27073
-3.25951
-2.34802
-1.53577
-0.822371
-0.207794
0.307162
0.720259
1.02456
1.22803
1.30719
-284.182
-214.773
-206.315
-202.928
-198.716
-194.677
-190.594
-186.31
-181.827
-177.19
-172.449
-167.651
-162.834
-158.026
-153.249
-148.517
-143.842
-139.229
-134.683
-130.208
-125.806
-121.478
-117.225
-113.048
-108.947
-104.923
-100.975
-97.1052
-93.3123
-89.5966
-85.9582
-82.397
-78.913
-75.5061
-72.1762
-68.9233
-65.7472
-62.6477
-59.6248
-56.6782
-53.8077
-51.0132
-48.2946
-45.6515
-43.0838
-40.5914
-38.1738
-35.8311
-33.5628
-31.3689
-29.2491
-27.2031
-25.2308
-23.332
-21.5063
-19.7535
-18.0736
-16.4662
-14.931
-13.468
-12.0769
-10.7574
-9.50945
-8.33271
-7.22703
-6.19217
-5.22793
-4.33407
-3.51033
-2.75638
-2.07182
-1.45614
-0.9086
-0.428201
-0.0135341
0.337456
0.627205
0.856266
1.03623
1.22275
-333.139
-233.992
-214.374
-208.166
-200.931
-194.711
-189.269
-184.125
-179.121
-174.195
-169.32
-164.487
-159.698
-154.957
-150.27
-145.641
-141.073
-136.57
-132.134
-127.767
-123.47
-119.243
-115.088
-111.005
-106.995
-103.057
-99.193
-95.4024
-91.6856
-88.0427
-84.4739
-80.9793
-77.5589
-74.2129
-70.9413
-67.744
-64.6211
-61.5726
-58.5984
-55.6983
-52.8725
-50.1207
-47.4429
-44.8389
-42.3086
-39.852
-37.4687
-35.1588
-32.9221
-30.7583
-28.6674
-26.6491
-24.7033
-22.8299
-21.0285
-19.2992
-17.6416
-16.0556
-14.541
-13.0977
-11.7254
-10.424
-9.19329
-8.03309
-6.94322
-5.92349
-4.97371
-4.09369
-3.28322
-2.54206
-1.86998
-1.26669
-0.731875
-0.265169
0.133916
0.466339
0.732818
0.931672
1.08717
1.28053
-362.488
-250.425
-222.584
-213.317
-204.136
-196.477
-190.044
-184.228
-178.78
-173.576
-168.535
-163.613
-158.786
-154.039
-149.365
-144.761
-140.226
-135.759
-131.361
-127.031
-122.771
-118.581
-114.461
-110.411
-106.433
-102.526
-98.6908
-94.9276
-91.2367
-87.6183
-84.0725
-80.5997
-77.1999
-73.8731
-70.6196
-67.4394
-64.3325
-61.299
-58.3388
-55.4519
-52.6384
-49.8981
-47.2311
-44.6372
-42.1163
-39.6684
-37.2934
-34.9912
-32.7615
-30.6044
-28.5197
-26.5072
-24.5668
-22.6983
-20.9017
-19.1767
-17.5232
-15.941
-14.43
-12.99
-11.6208
-10.3224
-9.09441
-7.93681
-6.84939
-5.83198
-4.88441
-4.00653
-3.19816
-2.45916
-1.78938
-1.18874
-0.657155
-0.194657
0.198745
0.523386
0.779202
0.964887
1.10853
1.29048
-372.655
-255.157
-225.313
-215.411
-205.601
-197.361
-190.484
-184.344
-178.671
-173.316
-168.182
-163.207
-158.354
-153.598
-148.928
-144.335
-139.815
-135.366
-130.986
-126.675
-122.433
-118.261
-114.159
-110.126
-106.164
-102.272
-98.4516
-94.7021
-91.0243
-87.4182
-83.884
-80.4221
-77.0326
-73.7155
-70.4711
-67.2993
-64.2004
-61.1743
-58.2211
-55.3407
-52.5333
-49.7986
-47.1369
-44.5479
-42.0316
-39.5879
-37.2168
-34.9182
-32.692
-30.538
-28.4561
-26.4463
-24.5084
-22.6422
-20.8477
-19.1247
-17.4729
-15.8924
-14.383
-12.9444
-11.5766
-10.2793
-9.05253
-7.89599
-6.80957
-5.79309
-4.84643
-3.96942
-3.16193
-2.42387
-1.75515
-1.15576
-0.625761
-0.165297
0.225478
0.546776
0.798401
0.979355
1.1189
1.29687
-372.655
-255.157
-225.313
-215.411
-205.601
-197.361
-190.484
-184.344
-178.671
-173.316
-168.182
-163.207
-158.354
-153.598
-148.928
-144.335
-139.815
-135.366
-130.986
-126.675
-122.433
-118.261
-114.159
-110.126
-106.164
-102.272
-98.4516
-94.7021
-91.0243
-87.4182
-83.884
-80.4221
-77.0326
-73.7155
-70.4711
-67.2993
-64.2004
-61.1743
-58.2211
-55.3407
-52.5333
-49.7986
-47.1369
-44.5479
-42.0316
-39.5879
-37.2168
-34.9182
-32.692
-30.538
-28.4561
-26.4463
-24.5084
-22.6422
-20.8477
-19.1247
-17.4729
-15.8924
-14.383
-12.9444
-11.5766
-10.2793
-9.05253
-7.89599
-6.80957
-5.79309
-4.84643
-3.96942
-3.16193
-2.42387
-1.75515
-1.15576
-0.625761
-0.165297
0.225478
0.546776
0.798401
0.979355
1.1189
1.29687
-362.488
-250.425
-222.584
-213.317
-204.136
-196.477
-190.044
-184.228
-178.78
-173.576
-168.535
-163.613
-158.786
-154.039
-149.365
-144.761
-140.226
-135.759
-131.361
-127.031
-122.771
-118.581
-114.461
-110.411
-106.433
-102.526
-98.6908
-94.9276
-91.2367
-87.6183
-84.0725
-80.5997
-77.1999
-73.8731
-70.6196
-67.4394
-64.3325
-61.299
-58.3388
-55.4519
-52.6384
-49.8981
-47.2311
-44.6372
-42.1163
-39.6684
-37.2934
-34.9912
-32.7615
-30.6044
-28.5197
-26.5072
-24.5668
-22.6983
-20.9017
-19.1767
-17.5232
-15.941
-14.43
-12.99
-11.6208
-10.3224
-9.09441
-7.93681
-6.84939
-5.83198
-4.88441
-4.00653
-3.19816
-2.45916
-1.78938
-1.18874
-0.657155
-0.194658
0.198745
0.523386
0.779203
0.964887
1.10853
1.29048
-333.139
-233.992
-214.374
-208.166
-200.931
-194.711
-189.269
-184.125
-179.121
-174.195
-169.32
-164.487
-159.698
-154.957
-150.27
-145.641
-141.073
-136.57
-132.134
-127.767
-123.47
-119.243
-115.088
-111.005
-106.995
-103.057
-99.193
-95.4024
-91.6856
-88.0427
-84.4739
-80.9793
-77.5589
-74.2129
-70.9413
-67.744
-64.6211
-61.5726
-58.5984
-55.6983
-52.8725
-50.1207
-47.4429
-44.8389
-42.3086
-39.852
-37.4687
-35.1588
-32.9221
-30.7583
-28.6674
-26.6491
-24.7033
-22.8299
-21.0285
-19.2992
-17.6416
-16.0556
-14.541
-13.0977
-11.7254
-10.424
-9.19329
-8.03309
-6.94322
-5.92349
-4.97371
-4.09369
-3.28322
-2.54206
-1.86998
-1.26669
-0.731876
-0.26517
0.133916
0.46634
0.732819
0.931672
1.08717
1.28053
-284.182
-214.773
-206.315
-202.928
-198.716
-194.677
-190.594
-186.31
-181.827
-177.19
-172.449
-167.651
-162.834
-158.026
-153.249
-148.517
-143.842
-139.229
-134.683
-130.208
-125.806
-121.478
-117.225
-113.048
-108.947
-104.923
-100.975
-97.1052
-93.3123
-89.5966
-85.9582
-82.397
-78.913
-75.5061
-72.1762
-68.9233
-65.7472
-62.6477
-59.6248
-56.6782
-53.8077
-51.0132
-48.2946
-45.6515
-43.0838
-40.5914
-38.1738
-35.8311
-33.5628
-31.3689
-29.2491
-27.2031
-25.2308
-23.332
-21.5063
-19.7535
-18.0736
-16.4662
-14.931
-13.468
-12.0769
-10.7574
-9.50945
-8.33271
-7.22703
-6.19217
-5.22793
-4.33407
-3.51033
-2.75638
-2.07182
-1.45614
-0.908599
-0.428201
-0.0135344
0.337456
0.627205
0.856266
1.03623
1.22275
-157.741
-117.158
-113.641
-112.844
-110.796
-108.621
-106.415
-104.129
-101.769
-99.3484
-96.8836
-94.391
-91.8849
-89.3766
-86.8748
-84.3858
-81.9143
-79.464
-77.0374
-74.6368
-72.2638
-69.9199
-67.6063
-65.3239
-63.0738
-60.8565
-58.673
-56.5237
-54.4093
-52.3303
-50.2873
-48.2805
-46.3106
-44.3778
-42.4826
-40.6253
-38.8063
-37.0258
-35.2842
-33.5817
-31.9186
-30.2952
-28.7116
-27.1682
-25.665
-24.2023
-22.7803
-21.3991
-20.0589
-18.7599
-17.5021
-16.2857
-15.1107
-13.9774
-12.8857
-11.8358
-10.8278
-9.86163
-8.93743
-8.05524
-7.21509
-6.41702
-5.66105
-4.94719
-4.27546
-3.64584
-3.05831
-2.51282
-2.00929
-1.54757
-1.12741
-0.748418
-0.409928
-0.110907
0.15025
0.37601
0.569164
0.730266
0.873876
1.07293
-196.892
-133.337
-118.746
-114.573
-110.182
-106.627
-103.701
-101.036
-98.4983
-96.0301
-93.5985
-91.188
-88.7927
-86.4109
-84.0429
-81.69
-79.354
-77.0363
-74.7386
-72.4625
-70.2091
-67.9798
-65.7756
-63.5976
-61.4468
-59.3241
-57.2302
-55.1659
-53.1321
-51.1294
-49.1584
-47.2198
-45.3142
-43.4421
-41.6041
-39.8008
-38.0325
-36.2998
-34.603
-32.9427
-31.3193
-29.733
-28.1843
-26.6734
-25.2008
-23.7668
-22.3715
-21.0153
-19.6985
-18.4212
-17.1837
-15.9862
-14.8289
-13.712
-12.6357
-11.6
-10.6052
-9.65136
-8.73861
-7.86708
-7.03684
-6.24798
-5.50058
-4.7947
-4.13038
-3.50768
-2.9266
-2.38716
-1.88933
-1.43304
-1.01818
-0.64456
-0.311848
-0.0195246
0.233333
0.448504
0.627721
0.772125
0.91506
1.12936
-221.974
-147.895
-124.801
-117.28
-111.236
-106.674
-103.135
-100.092
-97.329
-94.7385
-92.2533
-89.8342
-87.4587
-85.1143
-82.7941
-80.4948
-78.2149
-75.9542
-73.7131
-71.4922
-69.2926
-67.115
-64.9605
-62.8299
-60.7244
-58.6446
-56.5916
-54.5661
-52.5689
-50.6008
-48.6626
-46.7549
-44.8784
-43.0337
-41.2215
-39.4424
-37.6968
-35.9855
-34.3087
-32.6671
-31.0612
-29.4912
-27.9578
-26.4612
-25.0018
-23.5801
-22.1963
-20.8507
-19.5438
-18.2756
-17.0466
-15.8569
-14.7069
-13.5967
-12.5265
-11.4965
-10.5069
-9.55786
-8.64954
-7.78207
-6.95557
-6.17015
-5.42591
-4.72294
-4.06131
-3.44108
-2.86229
-2.32499
-1.82919
-1.37489
-0.962044
-0.590601
-0.260429
0.0286985
0.277302
0.486624
0.657893
0.794125
0.933397
1.13685
-230.627
-152.383
-126.937
-118.489
-111.817
-106.788
-102.936
-99.6877
-96.7951
-94.1286
-91.6049
-89.1727
-86.8009
-84.4708
-82.1716
-79.897
-77.644
-75.4109
-73.1975
-71.004
-68.8309
-66.6791
-64.5493
-62.4425
-60.3596
-58.3014
-56.2688
-54.2628
-52.2841
-50.3334
-48.4117
-46.5196
-44.6578
-42.827
-41.0278
-39.2609
-37.5269
-35.8264
-34.1598
-32.5278
-30.9307
-29.3691
-27.8435
-26.3542
-24.9016
-23.4862
-22.1083
-20.7682
-19.4663
-18.2029
-16.9783
-15.7927
-14.6464
-13.5396
-12.4726
-11.4456
-10.4588
-9.51226
-8.60627
-7.74094
-6.91641
-6.13281
-5.39025
-4.68882
-4.02862
-3.40971
-2.83216
-2.29602
-1.80133
-1.34812
-0.936408
-0.566184
-0.237404
0.0500539
0.296603
0.503365
0.67145
0.80455
0.941962
1.14144
-230.627
-152.383
-126.937
-118.489
-111.817
-106.788
-102.936
-99.6877
-96.7951
-94.1286
-91.6049
-89.1727
-86.8009
-84.4708
-82.1716
-79.897
-77.644
-75.4109
-73.1975
-71.004
-68.8309
-66.6791
-64.5493
-62.4425
-60.3596
-58.3014
-56.2688
-54.2628
-52.2841
-50.3334
-48.4117
-46.5196
-44.6578
-42.827
-41.0278
-39.2609
-37.5269
-35.8264
-34.1598
-32.5278
-30.9307
-29.3691
-27.8435
-26.3542
-24.9016
-23.4862
-22.1083
-20.7682
-19.4663
-18.2029
-16.9783
-15.7927
-14.6464
-13.5396
-12.4726
-11.4456
-10.4588
-9.51226
-8.60627
-7.74094
-6.91641
-6.13281
-5.39025
-4.68882
-4.02862
-3.40971
-2.83216
-2.29602
-1.80133
-1.34812
-0.936408
-0.566184
-0.237404
0.0500539
0.296603
0.503365
0.67145
0.80455
0.941961
1.14144
-221.974
-147.895
-124.801
-117.28
-111.236
-106.674
-103.135
-100.092
-97.329
-94.7385
-92.2533
-89.8342
-87.4587
-85.1143
-82.7941
-80.4948
-78.2149
-75.9542
-73.7131
-71.4922
-69.2926
-67.115
-64.9605
-62.8299
-60.7244
-58.6446
-56.5916
-54.5661
-52.5689
-50.6008
-48.6626
-46.7549
-44.8784
-43.0337
-41.2215
-39.4424
-37.6968
-35.9855
-34.3087
-32.6671
-31.0612
-29.4912
-27.9578
-26.4612
-25.0018
-23.5801
-22.1963
-20.8507
-19.5438
-18.2756
-17.0466
-15.8569
-14.7069
-13.5967
-12.5265
-11.4965
-10.5069
-9.55786
-8.64954
-7.78207
-6.95557
-6.17015
-5.42591
-4.72294
-4.06131
-3.44108
-2.86229
-2.32499
-1.82919
-1.37489
-0.962044
-0.590601
-0.260429
0.0286985
0.277302
0.486624
0.657893
0.794125
0.933396
1.13685
-196.892
-133.337
-118.746
-114.573
-110.182
-106.627
-103.701
-101.036
-98.4983
-96.0301
-93.5985
-91.188
-88.7927
-86.4109
-84.0429
-81.69
-79.354
-77.0363
-74.7386
-72.4625
-70.2091
-67.9798
-65.7756
-63.5976
-61.4468
-59.3241
-57.2302
-55.1659
-53.1321
-51.1294
-49.1584
-47.2198
-45.3142
-43.4421
-41.6041
-39.8008
-38.0325
-36.2998
-34.603
-32.9427
-31.3193
-29.733
-28.1843
-26.6734
-25.2008
-23.7668
-22.3715
-21.0153
-19.6985
-18.4212
-17.1837
-15.9862
-14.8289
-13.712
-12.6357
-11.6
-10.6052
-9.65135
-8.73861
-7.86708
-7.03684
-6.24798
-5.50058
-4.7947
-4.13038
-3.50768
-2.9266
-2.38716
-1.88933
-1.43304
-1.01818
-0.64456
-0.311848
-0.0195246
0.233333
0.448504
0.627721
0.772125
0.91506
1.12935
-157.741
-117.158
-113.641
-112.844
-110.796
-108.621
-106.415
-104.129
-101.769
-99.3484
-96.8836
-94.391
-91.8849
-89.3766
-86.8748
-84.3858
-81.9143
-79.464
-77.0374
-74.6368
-72.2638
-69.9199
-67.6063
-65.3239
-63.0738
-60.8565
-58.673
-56.5237
-54.4093
-52.3303
-50.2873
-48.2805
-46.3106
-44.3778
-42.4826
-40.6253
-38.8063
-37.0258
-35.2842
-33.5817
-31.9186
-30.2952
-28.7116
-27.1682
-25.665
-24.2023
-22.7803
-21.3991
-20.0589
-18.7599
-17.5021
-16.2857
-15.1107
-13.9774
-12.8857
-11.8358
-10.8278
-9.86163
-8.93743
-8.05524
-7.21509
-6.41702
-5.66104
-4.94719
-4.27546
-3.64584
-3.05831
-2.51282
-2.00929
-1.54757
-1.12741
-0.748417
-0.409927
-0.110907
0.150251
0.37601
0.569164
0.730265
0.873875
1.07293
-35.1838
-26.607
-26.9474
-27.6537
-27.5365
-27.1299
-26.6316
-26.1059
-25.5854
-25.0807
-24.5915
-24.1133
-23.6408
-23.1695
-22.6956
-22.2169
-21.7319
-21.2402
-20.7419
-20.2374
-19.7273
-19.2126
-18.694
-18.1724
-17.6485
-17.1233
-16.5973
-16.0713
-15.5459
-15.0218
-14.4996
-13.9798
-13.4629
-12.9496
-12.4402
-11.9353
-11.4354
-10.941
-10.4524
-9.97019
-9.4947
-9.02638
-8.56562
-8.11279
-7.66828
-7.23243
-6.80559
-6.3881
-5.98026
-5.58238
-5.19477
-4.81769
-4.45142
-4.09622
-3.75232
-3.41996
-3.09936
-2.79073
-2.49427
-2.21016
-1.93858
-1.67969
-1.43366
-1.20061
-0.980679
-0.773991
-0.580648
-0.400727
-0.234294
-0.0813864
0.0580025
0.183961
0.296685
0.39652
0.484031
0.560123
0.625344
0.677375
0.728533
0.850788
-49.8876
-30.4595
-25.7018
-24.6961
-23.6855
-22.9134
-22.3574
-21.914
-21.5398
-21.2091
-20.902
-20.6047
-20.308
-20.0056
-19.6938
-19.3706
-19.0349
-18.6866
-18.3259
-17.9535
-17.5701
-17.1767
-16.774
-16.3631
-15.9449
-15.5202
-15.0899
-14.6548
-14.2157
-13.7735
-13.3288
-12.8824
-12.4351
-11.9874
-11.54
-11.0937
-10.649
-10.2066
-9.76702
-9.33087
-8.8987
-8.47108
-8.0485
-7.63149
-7.22054
-6.81611
-6.41866
-6.02863
-5.64645
-5.27253
-4.90724
-4.55097
-4.20407
-3.86689
-3.53976
-3.22298
-2.91685
-2.62165
-2.33765
-2.06511
-1.80426
-1.55532
-1.3185
-1.094
-0.881997
-0.682659
-0.496137
-0.322565
-0.162057
-0.014697
0.119461
0.240411
0.348209
0.443003
0.525153
0.595457
0.653808
0.698828
0.758822
0.874745
-59.1397
-35.0152
-26.674
-24.1918
-22.4675
-21.32
-20.59
-20.0847
-19.7117
-19.4182
-19.1683
-18.9383
-18.7135
-18.4846
-18.2462
-17.9953
-17.7303
-17.4506
-17.1564
-16.8482
-16.5267
-16.1925
-15.8467
-15.4902
-15.1238
-14.7485
-14.3652
-13.9748
-13.5782
-13.1761
-12.7694
-12.359
-11.9456
-11.53
-11.1129
-10.6951
-10.2772
-9.86007
-9.44422
-9.03036
-8.6191
-8.21106
-7.80683
-7.40697
-7.01205
-6.62259
-6.2391
-5.86208
-5.492
-5.12933
-4.7745
-4.42794
-4.09004
-3.7612
-3.44178
-3.13214
-2.83261
-2.54351
-2.26514
-1.99779
-1.74172
-1.4972
-1.26446
-1.04372
-0.835188
-0.639056
-0.455501
-0.284678
-0.126728
0.0182317
0.150104
0.268827
0.374373
0.466771
0.546228
0.613295
0.667615
0.709701
0.769566
0.866508
-62.4453
-36.6294
-27.1169
-24.089
-22.0148
-20.6424
-19.7872
-19.2212
-18.8278
-18.5389
-18.3084
-18.1064
-17.9141
-17.72
-17.5171
-17.3016
-17.0715
-16.826
-16.5649
-16.2887
-15.998
-15.6936
-15.3762
-15.0469
-14.7066
-14.3561
-13.9964
-13.6284
-13.2531
-12.8712
-12.4837
-12.0914
-11.6952
-11.2958
-10.894
-10.4906
-10.0864
-9.68206
-9.27827
-8.87573
-8.47512
-8.07707
-7.6822
-7.29111
-6.90439
-6.5226
-6.14628
-5.77594
-5.4121
-5.05524
-4.70582
-4.36428
-4.03105
-3.70654
-3.39114
-3.08523
-2.78915
-2.50324
-2.22783
-1.96322
-1.70969
-1.4675
-1.23692
-1.01818
-0.811495
-0.617076
-0.435109
-0.265764
-0.109196
0.0344593
0.165085
0.282592
0.386919
0.478052
0.556158
0.621713
0.674249
0.714935
0.774104
0.865152
-62.4453
-36.6294
-27.1169
-24.089
-22.0148
-20.6424
-19.7872
-19.2212
-18.8278
-18.5389
-18.3084
-18.1064
-17.9141
-17.72
-17.5171
-17.3016
-17.0715
-16.826
-16.5649
-16.2887
-15.998
-15.6936
-15.3762
-15.0469
-14.7066
-14.3561
-13.9964
-13.6284
-13.2531
-12.8712
-12.4837
-12.0914
-11.6952
-11.2958
-10.894
-10.4906
-10.0864
-9.68206
-9.27827
-8.87573
-8.47512
-8.07707
-7.6822
-7.29111
-6.90439
-6.5226
-6.14628
-5.77594
-5.4121
-5.05524
-4.70582
-4.36428
-4.03105
-3.70654
-3.39114
-3.08523
-2.78915
-2.50324
-2.22783
-1.96322
-1.70969
-1.4675
-1.23692
-1.01818
-0.811495
-0.617076
-0.435109
-0.265764
-0.109196
0.0344593
0.165085
0.282592
0.386918
0.478052
0.556158
0.621713
0.674248
0.714935
0.774104
0.865152
-59.1397
-35.0152
-26.674
-24.1918
-22.4675
-21.32
-20.59
-20.0847
-19.7117
-19.4182
-19.1683
-18.9383
-18.7135
-18.4846
-18.2462
-17.9953
-17.7303
-17.4506
-17.1564
-16.8482
-16.5267
-16.1925
-15.8467
-15.4902
-15.1238
-14.7485
-14.3652
-13.9748
-13.5782
-13.1761
-12.7694
-12.359
-11.9456
-11.53
-11.1129
-10.6951
-10.2772
-9.86007
-9.44422
-9.03036
-8.6191
-8.21106
-7.80683
-7.40697
-7.01205
-6.62259
-6.2391
-5.86208
-5.492
-5.12933
-4.7745
-4.42794
-4.09004
-3.7612
-3.44178
-3.13214
-2.83261
-2.54351
-2.26514
-1.99779
-1.74172
-1.4972
-1.26446
-1.04372
-0.835188
-0.639056
-0.4555
-0.284678
-0.126728
0.0182318
0.150105
0.268827
0.374373
0.466771
0.546228
0.613294
0.667615
0.709701
0.769566
0.866508
-49.8876
-30.4595
-25.7018
-24.6961
-23.6855
-22.9134
-22.3574
-21.914
-21.5398
-21.2091
-20.902
-20.6047
-20.308
-20.0056
-19.6938
-19.3706
-19.0349
-18.6866
-18.3259
-17.9535
-17.5701
-17.1767
-16.774
-16.3631
-15.9449
-15.5202
-15.0899
-14.6548
-14.2157
-13.7735
-13.3288
-12.8824
-12.4351
-11.9874
-11.54
-11.0937
-10.649
-10.2066
-9.76702
-9.33087
-8.8987
-8.47108
-8.0485
-7.63149
-7.22054
-6.81611
-6.41866
-6.02863
-5.64645
-5.27253
-4.90724
-4.55097
-4.20407
-3.86689
-3.53976
-3.22298
-2.91685
-2.62165
-2.33765
-2.06511
-1.80426
-1.55532
-1.3185
-1.094
-0.881998
-0.682659
-0.496137
-0.322566
-0.162057
-0.0146972
0.119461
0.24041
0.348209
0.443003
0.525153
0.595457
0.653808
0.698828
0.758823
0.874746
-35.1838
-26.607
-26.9474
-27.6537
-27.5365
-27.1299
-26.6316
-26.1059
-25.5854
-25.0807
-24.5915
-24.1133
-23.6408
-23.1695
-22.6956
-22.2169
-21.7319
-21.2402
-20.7419
-20.2374
-19.7273
-19.2126
-18.694
-18.1724
-17.6485
-17.1233
-16.5973
-16.0713
-15.5459
-15.0218
-14.4996
-13.9798
-13.4629
-12.9496
-12.4402
-11.9353
-11.4354
-10.941
-10.4524
-9.97019
-9.4947
-9.02638
-8.56562
-8.11279
-7.66828
-7.23243
-6.80559
-6.3881
-5.98026
-5.58238
-5.19477
-4.81769
-4.45142
-4.09622
-3.75232
-3.41996
-3.09936
-2.79073
-2.49426
-2.21016
-1.93858
-1.67969
-1.43365
-1.2006
-0.980677
-0.77399
-0.580647
-0.400727
-0.234293
-0.0813866
0.058002
0.18396
0.296685
0.396519
0.48403
0.560122
0.625343
0.677374
0.728532
0.850787
79.1948
55.4613
52.5861
51.6445
50.4401
49.4088
48.4261
47.3812
46.2417
45.0111
43.7092
42.3608
40.9889
39.612
38.2438
36.8939
35.5684
34.2713
33.0044
31.7689
30.5649
29.3923
28.2507
27.1397
26.0587
25.0071
23.9846
22.9905
22.0243
21.0855
20.1738
19.2886
18.4294
17.5959
16.7875
16.0039
15.2446
14.5092
13.7972
13.1082
12.4419
11.7978
11.1755
10.5746
9.99476
9.43559
8.89672
8.37777
7.87842
7.3983
6.93709
6.49447
6.07012
5.66373
5.27503
4.90371
4.5495
4.21215
3.8914
3.58699
3.2987
3.02631
2.7696
2.52836
2.30241
2.09154
1.89559
1.71436
1.54766
1.39529
1.25702
1.13255
1.02143
0.923089
0.836641
0.760903
0.693801
0.630886
0.578766
0.585128
91.3218
64.5646
59.9954
58.7644
56.8761
55.1615
53.5894
52.0325
50.4615
48.8745
47.279
45.6857
44.1051
42.5456
41.0137
39.5135
38.0478
36.618
35.2249
33.8687
32.5491
31.2657
30.018
28.8054
27.6274
26.4832
25.3722
24.2938
23.2475
22.2325
21.2483
20.2942
19.3698
18.4744
17.6075
16.7684
15.9566
15.1716
14.4128
13.6797
12.9718
12.2884
11.6292
10.9936
10.3812
9.79141
9.22381
8.67796
8.1534
7.64971
7.16646
6.70326
6.25971
5.83543
5.43004
5.0432
4.67456
4.32379
3.99057
3.67459
3.37557
3.09323
2.8273
2.57753
2.34367
2.12549
1.92277
1.7353
1.56285
1.40522
1.26219
1.13348
1.0188
0.917728
0.829736
0.754132
0.688686
0.629298
0.58982
0.566412
101.968
72.1457
64.5461
62.3421
60.0499
58.0077
56.1477
54.3404
52.5571
50.7936
49.0518
47.336
45.6507
43.9996
42.3852
40.8093
39.2728
37.7761
36.3192
34.9019
33.5238
32.1843
30.8829
29.619
28.3918
27.2007
26.0451
24.9242
23.8374
22.7841
21.7635
20.775
19.8179
18.8916
17.9955
17.1288
16.291
15.4815
14.6996
13.9448
13.2164
12.5139
11.8367
11.1842
10.556
9.95138
9.36997
8.81121
8.27463
7.75973
7.26606
6.79316
6.3406
5.90796
5.49483
5.10082
4.72555
4.36865
4.02976
3.70856
3.40473
3.11794
2.84792
2.59437
2.35703
2.13565
1.92999
1.73981
1.56489
1.40502
1.25998
1.12956
1.01348
0.911433
0.823037
0.747708
0.683232
0.626537
0.588599
0.539438
105.328
74.0776
65.928
63.7216
61.4259
59.32
57.3747
55.4769
53.6065
51.7643
49.9532
48.1771
46.439
44.741
43.0844
41.4696
39.897
38.3662
36.877
35.4288
34.0211
32.6534
31.3249
30.035
28.783
27.5683
26.3902
25.2478
24.1407
23.0679
22.0289
21.0229
20.0493
19.1074
18.1964
17.3158
16.4648
15.6428
14.8491
14.0832
13.3444
12.6321
11.9457
11.2846
10.6483
10.0361
9.44763
8.88226
8.33948
7.81881
7.31976
6.84185
6.38463
5.94766
5.53051
5.13277
4.75403
4.39392
4.05207
3.72813
3.42176
3.13263
2.86044
2.6049
2.36572
2.14264
1.93542
1.7438
1.56758
1.40653
1.26044
1.1291
1.01228
0.909691
0.820983
0.745567
0.681146
0.625054
0.587269
0.530754
105.328
74.0776
65.928
63.7216
61.4259
59.32
57.3747
55.4769
53.6065
51.7643
49.9532
48.1771
46.439
44.741
43.0844
41.4696
39.897
38.3662
36.877
35.4288
34.0211
32.6534
31.3249
30.035
28.783
27.5683
26.3902
25.2478
24.1407
23.0679
22.0289
21.0229
20.0493
19.1074
18.1964
17.3158
16.4648
15.6428
14.8491
14.0832
13.3444
12.6321
11.9457
11.2846
10.6483
10.0361
9.44763
8.88226
8.33948
7.81881
7.31976
6.84185
6.38463
5.94766
5.53051
5.13277
4.75403
4.39392
4.05207
3.72813
3.42176
3.13263
2.86044
2.6049
2.36572
2.14264
1.93542
1.7438
1.56758
1.40653
1.26044
1.1291
1.01228
0.90969
0.820983
0.745567
0.681146
0.625054
0.587269
0.530754
101.968
72.1457
64.5461
62.3421
60.0499
58.0077
56.1477
54.3404
52.5571
50.7936
49.0518
47.336
45.6507
43.9996
42.3852
40.8093
39.2728
37.7761
36.3192
34.9019
33.5238
32.1843
30.8829
29.619
28.3918
27.2007
26.0451
24.9242
23.8374
22.7841
21.7635
20.775
19.8179
18.8916
17.9955
17.1288
16.291
15.4815
14.6996
13.9448
13.2164
12.5139
11.8367
11.1842
10.556
9.95138
9.36997
8.81121
8.27463
7.75973
7.26606
6.79316
6.3406
5.90796
5.49484
5.10082
4.72555
4.36865
4.02976
3.70856
3.40473
3.11794
2.84792
2.59437
2.35703
2.13565
1.92999
1.73981
1.56489
1.40502
1.25998
1.12956
1.01348
0.911433
0.823037
0.747708
0.683232
0.626537
0.588599
0.539438
91.3218
64.5646
59.9954
58.7644
56.8761
55.1615
53.5894
52.0325
50.4615
48.8745
47.279
45.6857
44.1051
42.5456
41.0137
39.5135
38.0478
36.618
35.2249
33.8687
32.5491
31.2657
30.018
28.8054
27.6274
26.4832
25.3722
24.2938
23.2475
22.2325
21.2483
20.2942
19.3698
18.4744
17.6075
16.7684
15.9566
15.1716
14.4128
13.6797
12.9718
12.2884
11.6292
10.9936
10.3812
9.79141
9.22381
8.67796
8.1534
7.64971
7.16646
6.70326
6.25971
5.83543
5.43004
5.0432
4.67456
4.32379
3.99057
3.67459
3.37557
3.09323
2.8273
2.57753
2.34367
2.12549
1.92277
1.7353
1.56285
1.40522
1.26219
1.13348
1.0188
0.917728
0.829736
0.754132
0.688686
0.629298
0.58982
0.566412
79.1948
55.4613
52.5861
51.6445
50.4401
49.4088
48.4261
47.3812
46.2417
45.0111
43.7092
42.3608
40.9889
39.612
38.2438
36.8939
35.5684
34.2713
33.0044
31.7689
30.5649
29.3923
28.2507
27.1397
26.0587
25.0071
23.9846
22.9905
22.0243
21.0855
20.1738
19.2886
18.4294
17.5959
16.7875
16.0039
15.2446
14.5092
13.7972
13.1082
12.4419
11.7978
11.1755
10.5746
9.99476
9.43559
8.89671
8.37777
7.87841
7.3983
6.93709
6.49446
6.07011
5.66373
5.27503
4.90371
4.5495
4.21215
3.8914
3.58699
3.2987
3.02631
2.7696
2.52836
2.30241
2.09154
1.89559
1.71436
1.54766
1.39529
1.25702
1.13255
1.02143
0.923089
0.836641
0.760903
0.693801
0.630886
0.578766
0.585127
183.094
132.787
127.701
126.434
124.093
121.891
119.644
117.189
114.517
111.668
108.693
105.642
102.556
99.4653
96.392
93.3503
90.3496
87.3956
84.4917
81.6396
78.8404
76.0944
73.4017
70.7622
68.1759
65.6424
63.1617
60.7335
58.3576
56.0338
53.7619
51.5416
49.3728
47.2551
45.1884
43.1724
41.2067
39.2913
37.4257
35.6097
33.843
32.1254
30.4564
28.836
27.2636
25.7392
24.2623
22.8327
21.4501
20.1142
18.8248
17.5815
16.3841
15.2324
14.126
13.0647
12.0483
11.0765
10.1491
9.26578
8.42641
7.63074
6.87855
6.16963
5.50378
4.88079
4.30047
3.76257
3.26685
2.81302
2.40071
2.02936
1.69817
1.40594
1.15086
0.930303
0.740422
0.575706
0.435509
0.329782
215.663
151.561
140.383
137.195
132.646
128.729
125.254
121.879
118.523
115.171
111.825
108.495
105.193
101.928
98.7075
95.5365
92.4182
89.3547
86.3471
83.3961
80.502
77.6649
74.8846
72.161
69.4939
66.883
64.3282
61.8292
59.3856
56.9972
54.6636
52.3847
50.16
47.9892
45.872
43.808
41.7969
39.8383
37.9318
36.0771
34.2738
32.5216
30.82
29.1687
27.5673
26.0155
24.5128
23.059
21.6537
20.2965
18.9871
17.7251
16.5102
15.3421
14.2204
13.1448
12.1151
11.1309
10.1919
9.2979
8.44855
7.6436
6.8828
6.16589
5.49263
4.86279
4.27612
3.73238
3.23133
2.7727
2.35618
1.9814
1.64786
1.35484
1.10132
0.88564
0.704373
0.552011
0.42596
0.282112
243.135
169.48
149.808
143.538
137.492
132.526
128.293
124.36
120.595
116.946
113.382
109.892
106.468
103.106
99.8067
96.5675
93.3881
90.2685
87.2083
84.2075
81.2657
78.3829
75.5589
72.7934
70.0862
67.437
64.8457
62.3118
59.8351
57.4152
55.0517
52.7444
50.4928
48.2966
46.1553
44.0686
42.036
40.0572
38.1316
36.259
34.4389
32.6708
30.9544
29.2892
27.6748
26.1108
24.5968
23.1325
21.7173
20.3509
19.033
17.7631
16.5409
15.366
14.2381
13.1568
12.1217
11.1327
10.1892
9.29104
8.4379
7.62948
6.86549
6.14566
5.46973
4.83744
4.24854
3.70278
3.19994
2.73976
2.32201
1.94641
1.61263
1.32024
1.06859
0.856438
0.680644
0.535861
0.413556
0.246608
252.037
174.491
152.861
146.081
139.657
134.328
129.795
125.622
121.667
117.872
114.197
110.621
107.131
103.717
100.374
97.0982
93.8864
90.7372
87.6497
84.6231
81.6569
78.7508
75.9045
73.1177
70.3901
67.7215
65.1116
62.56
60.0665
57.6306
55.252
52.9303
50.665
48.4559
46.3024
44.2041
42.1607
40.1715
38.2363
36.3546
34.5259
32.7498
31.0259
29.3536
27.7327
26.1625
24.6428
23.173
21.7529
20.3818
19.0596
17.7857
16.5598
15.3814
14.2503
13.1661
12.1283
11.1367
10.191
9.29069
8.43561
7.6254
6.85978
6.13846
5.46116
4.82762
4.23759
3.69082
3.18709
2.72618
2.30786
1.93191
1.59809
1.30603
1.0552
0.844406
0.670478
0.528177
0.407131
0.234046
252.037
174.491
152.861
146.081
139.657
134.328
129.795
125.622
121.667
117.872
114.197
110.621
107.131
103.717
100.374
97.0982
93.8864
90.7372
87.6497
84.6231
81.6569
78.7508
75.9045
73.1177
70.3901
67.7215
65.1116
62.56
60.0665
57.6306
55.252
52.9303
50.665
48.4559
46.3024
44.2041
42.1607
40.1715
38.2363
36.3546
34.5259
32.7498
31.0259
29.3536
27.7327
26.1625
24.6428
23.173
21.7529
20.3818
19.0596
17.7857
16.5598
15.3814
14.2503
13.1661
12.1283
11.1367
10.191
9.29069
8.43561
7.6254
6.85978
6.13846
5.46116
4.82762
4.23759
3.69082
3.18709
2.72618
2.30786
1.93191
1.59809
1.30603
1.0552
0.844405
0.670478
0.528177
0.40713
0.234045
243.135
169.48
149.808
143.538
137.492
132.526
128.293
124.36
120.595
116.946
113.382
109.892
106.468
103.106
99.8067
96.5675
93.3881
90.2685
87.2083
84.2075
81.2657
78.3829
75.5589
72.7934
70.0862
67.437
64.8457
62.3118
59.8351
57.4152
55.0517
52.7444
50.4928
48.2966
46.1553
44.0686
42.036
40.0572
38.1316
36.259
34.4389
32.6708
30.9544
29.2892
27.6748
26.1108
24.5968
23.1325
21.7173
20.3509
19.033
17.7631
16.5409
15.366
14.2381
13.1568
12.1217
11.1327
10.1892
9.29104
8.4379
7.62948
6.86549
6.14566
5.46973
4.83744
4.24854
3.70278
3.19994
2.73976
2.32201
1.94641
1.61263
1.32024
1.06859
0.856438
0.680645
0.535861
0.413556
0.246608
215.663
151.561
140.383
137.195
132.646
128.729
125.254
121.879
118.523
115.171
111.825
108.495
105.193
101.928
98.7075
95.5365
92.4182
89.3547
86.3471
83.3961
80.502
77.6649
74.8846
72.161
69.4939
66.883
64.3282
61.8292
59.3856
56.9972
54.6636
52.3847
50.16
47.9892
45.872
43.808
41.7969
39.8383
37.9318
36.0771
34.2738
32.5216
30.82
29.1687
27.5673
26.0155
24.5128
23.059
21.6537
20.2965
18.9871
17.7251
16.5102
15.3421
14.2204
13.1448
12.1151
11.1309
10.1919
9.29791
8.44855
7.6436
6.8828
6.16589
5.49264
4.86279
4.27612
3.73238
3.23133
2.7727
2.35618
1.9814
1.64786
1.35484
1.10132
0.885639
0.704372
0.55201
0.42596
0.282111
183.094
132.787
127.701
126.434
124.093
121.891
119.644
117.189
114.517
111.668
108.693
105.642
102.556
99.4653
96.392
93.3503
90.3496
87.3956
84.4917
81.6396
78.8404
76.0944
73.4017
70.7622
68.1759
65.6424
63.1617
60.7335
58.3576
56.0338
53.7619
51.5416
49.3728
47.2551
45.1884
43.1724
41.2067
39.2913
37.4257
35.6097
33.843
32.1254
30.4564
28.836
27.2636
25.7392
24.2623
22.8327
21.4501
20.1142
18.8248
17.5815
16.3841
15.2324
14.126
13.0647
12.0483
11.0765
10.1491
9.26577
8.42641
7.63074
6.87855
6.16963
5.50378
4.88079
4.30047
3.76257
3.26685
2.81302
2.40071
2.02936
1.69817
1.40594
1.15086
0.930304
0.740423
0.575707
0.43551
0.329783
268.703
201.852
198.1
197.576
194.668
191.61
188.258
184.486
180.361
175.984
171.445
166.819
162.158
157.5
152.87
148.285
143.753
139.282
134.874
130.533
126.259
122.054
117.917
113.85
109.852
105.924
102.067
98.2803
94.5643
90.9193
87.3455
83.8432
80.4125
77.0536
73.7667
70.5517
67.409
64.3385
61.3404
58.4146
55.5613
52.7805
50.0722
47.4364
44.8732
42.3824
39.9642
37.6185
35.3452
33.1443
31.0158
28.9596
26.9757
25.0639
23.2243
21.4567
19.761
18.1373
16.5852
15.1049
13.6962
12.3589
11.0931
9.89841
8.7749
7.7224
6.74076
5.82982
4.98937
4.21916
3.51882
2.88786
2.32556
1.83088
1.40232
1.03776
0.734357
0.488398
0.294442
0.129567
301.986
219.227
212.595
210.797
204.739
199.116
193.987
188.967
183.984
179.03
174.105
169.219
164.38
159.594
154.867
150.202
145.601
141.067
136.6
132.201
127.87
123.609
119.418
115.297
111.247
107.267
103.359
99.5218
95.7566
92.0635
88.4426
84.894
81.418
78.0148
74.6844
71.427
68.2427
65.1316
62.0937
59.1292
56.238
53.4202
50.6759
48.005
45.4075
42.8835
40.4329
38.0557
35.7519
33.5215
31.3643
29.2803
27.2695
25.3319
23.4672
21.6755
19.9566
18.3105
16.7371
15.2362
13.8078
12.4517
11.1679
9.95615
8.81636
7.7484
6.75213
5.82737
4.97396
4.19169
3.48034
2.83962
2.26921
1.76869
1.33751
0.974827
0.679076
0.44718
0.26832
0.0878227
333.443
238.94
223.954
219.077
210.864
203.546
197.211
191.349
185.785
180.437
175.247
170.183
165.223
160.353
155.565
150.853
146.213
141.645
137.147
132.719
128.361
124.074
119.857
115.711
111.637
107.634
103.703
99.8452
96.0595
92.3466
88.7067
85.14
81.6466
78.2267
74.8804
71.6078
68.4089
65.2839
62.2328
59.2556
56.3524
53.5231
50.7679
48.0866
45.4794
42.946
40.4866
38.1011
35.7894
33.5514
31.3872
29.2966
27.2796
25.336
23.4658
21.6689
19.9451
18.2945
16.7167
15.2119
13.7797
12.4201
11.133
9.91819
8.77555
7.70493
6.70619
5.77917
4.92373
4.13972
3.42701
2.78547
2.21502
1.7156
1.28716
0.929449
0.6415
0.420483
0.251043
0.065506
343.234
244.003
227.554
222.404
213.619
205.677
198.84
192.594
186.747
181.194
175.861
170.696
165.665
160.744
155.919
151.178
146.516
141.928
137.413
132.969
128.597
124.295
120.065
115.907
111.82
107.806
103.864
99.9945
96.1984
92.4755
88.8262
85.2504
81.7484
78.3203
74.9662
71.6862
68.4803
65.3486
62.2912
59.3081
56.3992
53.5646
50.8044
48.1184
45.5066
42.9691
40.5058
38.1165
35.8013
33.5601
31.3929
29.2994
27.2797
25.3337
23.4612
21.6621
19.9364
18.2839
16.7044
15.1979
13.7643
12.4034
11.115
9.89903
8.75532
7.68373
6.68411
5.75633
4.90023
4.11573
3.40272
2.76118
2.19112
1.69261
1.26574
0.910356
0.62555
0.40858
0.24274
0.0566188
343.234
244.003
227.554
222.404
213.619
205.677
198.84
192.594
186.747
181.194
175.861
170.696
165.665
160.744
155.919
151.178
146.516
141.928
137.413
132.969
128.597
124.295
120.065
115.907
111.82
107.806
103.864
99.9945
96.1984
92.4755
88.8262
85.2504
81.7484
78.3203
74.9662
71.6862
68.4803
65.3486
62.2912
59.3081
56.3992
53.5646
50.8044
48.1184
45.5066
42.9691
40.5058
38.1165
35.8013
33.5601
31.3929
29.2994
27.2797
25.3337
23.4612
21.6621
19.9364
18.2839
16.7044
15.1979
13.7643
12.4034
11.115
9.89903
8.75532
7.68373
6.68411
5.75633
4.90023
4.11573
3.40272
2.76118
2.19112
1.69261
1.26574
0.910356
0.625551
0.408581
0.242738
0.056618
333.443
238.94
223.954
219.077
210.864
203.546
197.211
191.349
185.785
180.437
175.247
170.183
165.223
160.353
155.565
150.853
146.213
141.645
137.147
132.719
128.361
124.074
119.857
115.711
111.637
107.634
103.703
99.8452
96.0595
92.3466
88.7067
85.14
81.6466
78.2267
74.8804
71.6078
68.4089
65.2839
62.2328
59.2556
56.3524
53.5231
50.7679
48.0866
45.4794
42.946
40.4866
38.1011
35.7894
33.5514
31.3872
29.2966
27.2796
25.336
23.4658
21.6689
19.9451
18.2945
16.7167
15.2119
13.7797
12.4201
11.133
9.91819
8.77555
7.70493
6.70619
5.77917
4.92373
4.13972
3.42701
2.78547
2.21502
1.7156
1.28716
0.929449
0.641502
0.420484
0.251042
0.0655045
301.986
219.227
212.595
210.797
204.739
199.116
193.987
188.967
183.984
179.03
174.105
169.219
164.38
159.594
154.867
150.202
145.601
141.067
136.6
132.201
127.87
123.609
119.418
115.297
111.247
107.267
103.359
99.5218
95.7566
92.0635
88.4426
84.894
81.418
78.0148
74.6844
71.427
68.2427
65.1316
62.0937
59.1292
56.238
53.4202
50.6759
48.005
45.4075
42.8835
40.4329
38.0557
35.7519
33.5215
31.3643
29.2803
27.2695
25.3319
23.4672
21.6755
19.9566
18.3105
16.7371
15.2362
13.8078
12.4517
11.1679
9.95615
8.81636
7.7484
6.75213
5.82737
4.97396
4.19169
3.48034
2.83962
2.26921
1.76869
1.33751
0.974827
0.679077
0.44718
0.26832
0.08782
268.703
201.852
198.1
197.576
194.668
191.61
188.258
184.486
180.361
175.984
171.445
166.819
162.158
157.5
152.87
148.285
143.753
139.282
134.874
130.533
126.259
122.054
117.917
113.85
109.852
105.924
102.067
98.2803
94.5643
90.9193
87.3455
83.8432
80.4125
77.0536
73.7667
70.5517
67.409
64.3385
61.3404
58.4146
55.5613
52.7805
50.0722
47.4364
44.8732
42.3824
39.9642
37.6185
35.3452
33.1443
31.0158
28.9596
26.9757
25.064
23.2243
21.4567
19.761
18.1373
16.5852
15.1049
13.6962
12.3589
11.0931
9.89841
8.7749
7.7224
6.74076
5.82982
4.98937
4.21916
3.51882
2.88786
2.32556
1.83088
1.40232
1.03776
0.734356
0.488398
0.294443
0.129568
337.521
269.253
266.024
265.617
262.179
257.716
252.589
246.963
241
234.832
228.558
222.246
215.945
209.683
203.481
197.35
191.298
185.33
179.448
173.655
167.953
162.34
156.82
151.392
146.056
140.814
135.665
130.61
125.65
120.784
116.012
111.336
106.756
102.271
97.8812
93.5878
89.3904
85.2893
81.2844
77.3758
73.5638
69.8482
66.2292
62.7068
59.281
55.9518
52.7193
49.5833
46.5441
43.6014
40.7553
38.0057
35.3527
32.7961
30.336
27.9723
25.7049
23.5338
21.4589
19.4802
17.5976
15.811
14.1204
12.5256
11.0266
9.62325
8.3155
7.1032
5.98619
4.96427
4.03724
3.20486
2.46693
1.82342
1.27475
0.822279
0.469184
0.219193
0.0782081
0.0535442
356.766
286.36
281.891
278.734
271.63
264.296
257.128
250.095
243.198
236.428
229.774
223.226
216.777
210.422
204.158
197.983
191.898
185.901
179.993
174.176
168.449
162.814
157.271
151.82
146.462
141.199
136.029
130.954
125.974
121.089
116.3
111.606
107.008
102.507
98.1013
93.7924
89.5802
85.4647
81.4459
77.524
73.699
69.971
66.34
62.8059
59.3689
56.0289
52.7859
49.64
46.591
43.639
40.784
38.0258
35.3645
32.8
30.3323
27.9612
25.6868
23.509
21.4278
19.4429
17.5545
15.7623
14.0664
12.4665
10.9627
9.55489
8.24286
7.02653
5.9058
4.88055
3.95071
3.11632
2.37758
1.7351
1.19015
0.745169
0.404226
0.170952
0.050637
0.0512646
383.743
303.152
293.388
287.667
278.164
268.8
260.12
252.019
244.394
237.143
230.178
223.433
216.863
210.434
204.125
197.923
191.82
185.812
179.897
174.073
168.341
162.701
157.153
151.698
146.337
141.07
135.897
130.819
125.837
120.95
116.159
111.464
106.865
102.363
97.9569
93.648
89.4359
85.3208
81.3027
77.3817
73.5578
69.8311
66.2015
62.6691
59.2338
55.8957
52.6548
49.5109
46.4642
43.5144
40.6617
37.906
35.2471
32.685
30.2198
27.8512
25.5793
23.404
21.3251
19.3427
17.4566
15.6668
13.9732
12.3755
10.8739
9.46814
8.15815
6.94385
5.82517
4.80208
3.87466
3.04314
2.30804
1.67033
1.13171
0.694984
0.364501
0.143855
0.0374291
0.0500659
393.242
307.951
297.401
291.445
281.226
271.058
261.7
253.079
245.079
237.567
230.426
223.567
216.923
210.448
204.11
197.891
191.778
185.763
179.843
174.017
168.282
162.64
157.091
151.635
146.273
141.004
135.831
130.752
125.769
120.881
116.09
111.394
106.795
102.293
97.8875
93.5788
89.367
85.2524
81.2348
77.3144
73.4912
69.7652
66.1364
62.6049
59.1706
55.8335
52.5936
49.4508
46.4052
43.4566
40.605
37.8504
35.1927
32.6318
30.1677
27.8004
25.5296
23.3554
21.2777
19.2964
17.4115
15.6228
13.9301
12.3336
10.8329
9.42812
8.11911
6.90579
5.78814
4.76618
3.84006
3.01013
2.27703
1.64189
1.10649
0.673646
0.347629
0.131988
0.0306911
0.0461686
393.242
307.951
297.401
291.445
281.226
271.058
261.7
253.079
245.079
237.567
230.426
223.567
216.923
210.448
204.11
197.891
191.778
185.763
179.843
174.017
168.282
162.64
157.091
151.635
146.273
141.004
135.831
130.752
125.769
120.881
116.09
111.394
106.795
102.293
97.8875
93.5788
89.367
85.2524
81.2348
77.3144
73.4912
69.7652
66.1364
62.6049
59.1706
55.8335
52.5936
49.4508
46.4052
43.4566
40.605
37.8504
35.1927
32.6318
30.1677
27.8004
25.5296
23.3554
21.2777
19.2964
17.4115
15.6228
13.9301
12.3335
10.8329
9.42812
8.11911
6.90579
5.78814
4.76618
3.84006
3.01013
2.27703
1.64189
1.10649
0.673647
0.34763
0.131982
0.0306821
0.0461857
383.743
303.152
293.388
287.667
278.164
268.8
260.12
252.019
244.394
237.143
230.178
223.433
216.863
210.434
204.125
197.923
191.82
185.812
179.897
174.073
168.341
162.701
157.153
151.698
146.337
141.07
135.897
130.819
125.837
120.95
116.159
111.464
106.865
102.363
97.9569
93.648
89.4359
85.3208
81.3027
77.3817
73.5578
69.8311
66.2015
62.6691
59.2338
55.8957
52.6548
49.5109
46.4642
43.5144
40.6617
37.906
35.2471
32.685
30.2198
27.8512
25.5793
23.404
21.3251
19.3427
17.4566
15.6668
13.9732
12.3755
10.8739
9.46814
8.15815
6.94384
5.82517
4.80208
3.87466
3.04314
2.30804
1.67033
1.13171
0.694985
0.364501
0.14385
0.0374215
0.0500815
356.766
286.36
281.891
278.734
271.63
264.296
257.128
250.095
243.198
236.428
229.774
223.226
216.777
210.422
204.158
197.983
191.898
185.901
179.993
174.176
168.449
162.814
157.271
151.82
146.462
141.199
136.029
130.954
125.974
121.089
116.3
111.606
107.008
102.507
98.1013
93.7924
89.5802
85.4647
81.4459
77.524
73.699
69.971
66.34
62.8059
59.3689
56.0289
52.7859
49.64
46.591
43.639
40.784
38.0258
35.3645
32.8
30.3323
27.9612
25.6868
23.509
21.4278
19.4429
17.5545
15.7623
14.0664
12.4665
10.9627
9.55489
8.24286
7.02653
5.9058
4.88055
3.95071
3.11632
2.37758
1.7351
1.19015
0.74517
0.404225
0.170948
0.0506392
0.0512558
337.521
269.253
266.024
265.617
262.179
257.716
252.589
246.963
241
234.832
228.558
222.246
215.945
209.683
203.481
197.35
191.298
185.33
179.448
173.655
167.953
162.34
156.82
151.392
146.056
140.814
135.665
130.61
125.65
120.784
116.012
111.336
106.756
102.271
97.8812
93.5878
89.3904
85.2893
81.2844
77.3758
73.5638
69.8482
66.2292
62.7068
59.281
55.9518
52.7193
49.5833
46.5441
43.6014
40.7553
38.0057
35.3527
32.7961
30.336
27.9723
25.7049
23.5338
21.4589
19.4802
17.5976
15.811
14.1204
12.5256
11.0266
9.62325
8.3155
7.1032
5.98619
4.96427
4.03724
3.20486
2.46693
1.82342
1.27475
0.822278
0.469183
0.219195
0.0782098
0.0535562
)
;

boundaryField
{
    left
    {
        type            calculated;
        value           nonuniform List<scalar> 
64
(
-411.19
-428.395
-448.665
-457.579
-457.579
-448.665
-428.395
-411.19
-284.182
-333.139
-362.488
-372.655
-372.655
-362.488
-333.139
-284.182
-157.741
-196.892
-221.974
-230.627
-230.627
-221.974
-196.892
-157.741
-35.1838
-49.8876
-59.1397
-62.4453
-62.4453
-59.1397
-49.8876
-35.1838
79.1948
91.3218
101.968
105.328
105.328
101.968
91.3218
79.1948
183.094
215.663
243.135
252.037
252.037
243.135
215.663
183.094
268.703
301.986
333.443
343.234
343.234
333.443
301.986
268.703
337.521
356.766
383.743
393.242
393.242
383.743
356.766
337.521
)
;
    }
    right
    {
        type            calculated;
        value           nonuniform List<scalar> 
64
(
1.37455
1.37473
1.37335
1.37809
1.37809
1.37335
1.37473
1.37456
1.2657
1.34419
1.35815
1.36732
1.36732
1.35816
1.3442
1.2657
1.01877
1.12173
1.13935
1.14885
1.14885
1.13935
1.12173
1.01876
0.687427
0.766569
0.766904
0.770343
0.770342
0.766903
0.766568
0.687424
0.367743
0.389434
0.366069
0.3608
0.360799
0.366068
0.389433
0.367741
0.133322
0.0965744
0.0602738
0.0497408
0.0497419
0.060275
0.0965743
0.133325
0.0409555
-0.0183882
-0.0399008
-0.0465832
-0.0465847
-0.0399032
-0.0183869
0.0409581
-0.00160946
-0.00713776
-0.00203149
-0.00396778
-0.00397797
-0.00203771
-0.00712138
-0.00161465
)
;
    }
    back
    {
        type            calculated;
        value           nonuniform List<scalar> 
640
(
-389.565
-252.191
-134.848
-27.3207
75.6421
176.764
273.725
367.473
-313.496
-205.082
-108.087
-22.9834
52.5366
124.262
193.305
260.356
-302.243
-201.486
-110.07
-26.2764
50.1651
122.426
191.769
258.379
-297.873
-199.428
-111.057
-28.0884
49.1103
121.979
191.762
259.171
-294.222
-196.717
-110.249
-28.5737
48.0809
120.623
190.331
257.497
-289.994
-193.806
-108.846
-28.4717
47.2614
119.165
188.464
254.443
-284.853
-190.46
-107.079
-28.0984
46.4726
117.438
185.917
250.315
-278.908
-186.664
-105.054
-27.6085
45.6051
115.367
182.698
245.373
-272.355
-182.498
-102.844
-27.0771
44.6198
112.978
178.946
239.862
-265.385
-178.056
-100.5
-26.5363
43.5185
110.334
174.814
233.985
-258.155
-173.427
-98.0626
-25.9979
42.3242
107.508
170.434
227.896
-250.787
-168.685
-95.5667
-25.4645
41.066
104.567
165.909
221.701
-243.37
-163.89
-93.038
-24.9344
39.7711
101.564
161.314
215.474
-235.965
-159.081
-90.4956
-24.405
38.4618
98.5395
156.701
209.26
-228.615
-154.289
-87.953
-23.8737
37.1544
95.5208
152.102
203.091
-221.347
-149.535
-85.4197
-23.3388
35.8605
92.5265
147.54
196.985
-214.181
-144.832
-82.9025
-22.7991
34.5877
89.5686
143.028
190.953
-207.127
-140.189
-80.4062
-22.2542
33.3403
86.6543
138.574
185.002
-200.193
-135.612
-77.9342
-21.7044
32.1211
83.7879
134.184
179.136
-193.383
-131.105
-75.4892
-21.1502
30.9313
80.9717
129.859
173.359
-186.699
-126.672
-73.0732
-20.5923
29.7711
78.2069
125.602
167.67
-180.142
-122.313
-70.6877
-20.0316
28.6407
75.4941
121.414
162.073
-173.713
-118.03
-68.3342
-19.4689
27.5397
72.8334
117.294
156.566
-167.411
-113.824
-66.0136
-18.905
26.4675
70.2247
113.244
151.151
-161.237
-109.695
-63.7269
-18.3408
25.4237
67.6679
109.264
145.829
-155.19
-105.643
-61.4747
-17.7769
24.4078
65.1629
105.354
140.599
-149.27
-101.67
-59.2579
-17.2142
23.4193
62.7094
101.514
135.463
-143.475
-97.7744
-57.077
-16.6532
22.4577
60.3074
97.7449
130.42
-137.805
-93.9571
-54.9325
-16.0945
21.5226
57.9565
94.0465
125.471
-132.259
-90.2179
-52.825
-15.5388
20.6134
55.6566
90.419
120.616
-126.836
-86.5567
-50.7548
-14.9865
19.7298
53.4075
86.8628
115.855
-121.537
-82.9737
-48.7223
-14.4381
18.8714
51.2091
83.3779
111.19
-116.359
-79.4686
-46.7279
-13.8941
18.0378
49.0611
79.9646
106.619
-111.303
-76.0413
-44.7721
-13.3551
17.2285
46.9634
76.623
102.143
-106.367
-72.6918
-42.855
-12.8214
16.4432
44.9157
73.3532
97.7628
-101.55
-69.4199
-40.9769
-12.2935
15.6815
42.9177
70.1553
93.4782
-96.8528
-66.2254
-39.1383
-11.7718
14.9429
40.9693
67.0295
89.2892
-92.2736
-63.1081
-37.3393
-11.2567
14.2272
39.0703
63.9757
85.1961
-87.8118
-60.068
-35.5801
-10.7487
13.5339
37.2203
60.9941
81.199
-83.4668
-57.1047
-33.8611
-10.2481
12.8626
35.4192
58.0847
77.2979
-79.2378
-54.2182
-32.1824
-9.7552
12.2131
33.6666
55.2475
73.4929
-75.1242
-51.4081
-30.5442
-9.27048
11.5848
31.9624
52.4826
69.7842
-71.1252
-48.6744
-28.9467
-8.79425
10.9775
30.3062
49.79
66.1718
-67.2401
-46.0166
-27.3901
-8.32685
10.3908
28.6978
47.1697
62.6557
-63.4684
-43.4348
-25.8746
-7.8686
9.82436
27.137
44.6216
59.236
-59.8093
-40.9285
-24.4003
-7.41982
9.27783
25.6234
42.1457
55.9126
-56.2622
-38.4976
-22.9673
-6.98082
8.75089
24.1568
39.7421
52.6856
-52.8265
-36.1419
-21.5758
-6.55188
8.24319
22.737
37.4106
49.555
-49.5017
-33.8611
-20.226
-6.13329
7.75444
21.3636
35.1513
46.5208
-46.287
-31.6549
-18.9178
-5.72531
7.28431
20.0364
32.964
43.583
-43.182
-29.5233
-17.6514
-5.32821
6.83251
18.7553
30.8488
40.7416
-40.1861
-27.4658
-16.4269
-4.94222
6.39873
17.5198
28.8055
37.9965
-37.2987
-25.4823
-15.2444
-4.5676
5.98269
16.3297
26.8341
35.3477
-34.5193
-23.5726
-14.1039
-4.20455
5.58411
15.1849
24.9346
32.7952
-31.8473
-21.7364
-13.0056
-3.85331
5.20273
14.0851
23.1068
30.3389
-29.2824
-19.9735
-11.9494
-3.51407
4.83829
13.03
21.3507
27.9789
-26.8238
-18.2837
-10.9355
-3.18702
4.49053
12.0193
19.6661
25.7151
-24.4713
-16.6666
-9.9638
-2.87235
4.15921
11.053
18.053
23.5473
-22.2243
-15.1222
-9.03441
-2.57023
3.84411
10.1307
16.5113
21.4756
-20.0824
-13.6502
-8.14735
-2.28083
3.545
9.25221
15.0409
19.5
-18.0451
-12.2504
-7.30262
-2.0043
3.26168
8.41734
13.6417
17.6202
-16.112
-10.9226
-6.50026
-1.74079
2.99392
7.62589
12.3135
15.8363
-14.2826
-9.66644
-5.74026
-1.49041
2.74154
6.87767
11.0563
14.1482
-12.5566
-8.48187
-5.02261
-1.25331
2.50436
6.17248
9.87001
12.5559
-10.9336
-7.36862
-4.34732
-1.02958
2.28219
5.51012
8.7545
11.0592
-9.41306
-6.3265
-3.71437
-0.819333
2.07486
4.89042
7.70963
9.65811
-7.99472
-5.35526
-3.1237
-0.622656
1.8822
4.31315
6.73523
8.35246
-6.67811
-4.45466
-2.57526
-0.439634
1.70405
3.77813
5.83115
7.14211
-5.46279
-3.6244
-2.06894
-0.270319
1.54022
3.28512
4.99716
6.0269
-4.34825
-2.86414
-1.60455
-0.114705
1.39052
2.83374
4.23296
5.00661
-3.33396
-2.17341
-1.18178
0.0272639
1.25466
2.42358
3.53815
4.08094
-2.41926
-1.55155
-0.800109
0.155712
1.13233
2.05402
2.91211
3.24955
-1.60341
-0.997672
-0.458751
0.270886
1.02306
1.7241
2.35394
2.51202
-0.885646
-0.510444
-0.156422
0.373225
0.926151
1.4324
1.8623
1.86805
-0.265419
-0.0880219
0.108827
0.463406
0.84055
1.1767
1.43525
1.31765
0.257101
0.272174
0.339807
0.542374
0.764802
0.95388
1.07006
0.861811
0.680367
0.573447
0.539894
0.610968
0.696905
0.759831
0.763197
0.503473
0.997484
0.816955
0.709401
0.666611
0.632237
0.588951
0.510725
0.246977
1.21482
1.00884
0.853842
0.713838
0.573511
0.440992
0.309826
0.0976069
1.3061
1.2029
1.04835
0.839461
0.592792
0.348388
0.138734
0.051487
)
;
    }
    front
    {
        type            calculated;
        value           nonuniform List<scalar> 
640
(
-389.565
-252.191
-134.848
-27.3207
75.6421
176.764
273.725
367.473
-313.496
-205.082
-108.087
-22.9834
52.5366
124.262
193.305
260.356
-302.243
-201.486
-110.07
-26.2764
50.1651
122.426
191.769
258.379
-297.873
-199.428
-111.057
-28.0884
49.1103
121.979
191.762
259.171
-294.222
-196.717
-110.249
-28.5737
48.081
120.623
190.331
257.497
-289.994
-193.806
-108.846
-28.4717
47.2614
119.165
188.464
254.443
-284.853
-190.46
-107.079
-28.0984
46.4726
117.438
185.917
250.315
-278.908
-186.664
-105.054
-27.6085
45.6051
115.367
182.698
245.373
-272.355
-182.498
-102.844
-27.0771
44.6198
112.978
178.946
239.862
-265.385
-178.056
-100.5
-26.5363
43.5185
110.334
174.814
233.985
-258.155
-173.427
-98.0626
-25.9979
42.3242
107.508
170.434
227.896
-250.787
-168.685
-95.5667
-25.4645
41.066
104.567
165.909
221.701
-243.37
-163.89
-93.038
-24.9344
39.7711
101.564
161.314
215.474
-235.965
-159.081
-90.4956
-24.405
38.4618
98.5395
156.701
209.26
-228.615
-154.289
-87.953
-23.8737
37.1544
95.5208
152.102
203.091
-221.347
-149.535
-85.4197
-23.3388
35.8605
92.5265
147.54
196.985
-214.181
-144.832
-82.9025
-22.7991
34.5877
89.5686
143.028
190.953
-207.127
-140.189
-80.4062
-22.2542
33.3403
86.6543
138.574
185.002
-200.193
-135.612
-77.9342
-21.7044
32.1211
83.7879
134.184
179.136
-193.383
-131.105
-75.4892
-21.1502
30.9313
80.9717
129.859
173.359
-186.699
-126.672
-73.0732
-20.5923
29.7711
78.2069
125.602
167.67
-180.142
-122.313
-70.6877
-20.0316
28.6407
75.4941
121.414
162.073
-173.713
-118.03
-68.3342
-19.4689
27.5397
72.8334
117.294
156.566
-167.411
-113.824
-66.0136
-18.905
26.4675
70.2247
113.244
151.151
-161.237
-109.695
-63.7269
-18.3408
25.4237
67.6679
109.264
145.829
-155.19
-105.643
-61.4747
-17.7769
24.4078
65.1629
105.354
140.599
-149.27
-101.67
-59.2579
-17.2142
23.4193
62.7094
101.514
135.463
-143.475
-97.7744
-57.077
-16.6532
22.4577
60.3074
97.7449
130.42
-137.805
-93.9571
-54.9325
-16.0945
21.5226
57.9565
94.0465
125.471
-132.259
-90.2179
-52.825
-15.5388
20.6134
55.6566
90.419
120.616
-126.836
-86.5567
-50.7548
-14.9865
19.7298
53.4075
86.8628
115.855
-121.537
-82.9737
-48.7223
-14.4381
18.8714
51.2091
83.3779
111.19
-116.359
-79.4686
-46.7279
-13.8941
18.0378
49.0611
79.9646
106.619
-111.303
-76.0413
-44.7721
-13.3551
17.2285
46.9634
76.623
102.143
-106.367
-72.6918
-42.855
-12.8214
16.4432
44.9157
73.3532
97.7628
-101.55
-69.4199
-40.9769
-12.2935
15.6815
42.9177
70.1553
93.4782
-96.8528
-66.2254
-39.1383
-11.7718
14.9429
40.9693
67.0295
89.2892
-92.2736
-63.1081
-37.3393
-11.2567
14.2272
39.0703
63.9757
85.1961
-87.8118
-60.068
-35.5801
-10.7487
13.5339
37.2203
60.9941
81.199
-83.4668
-57.1047
-33.8611
-10.2481
12.8626
35.4192
58.0847
77.2979
-79.2378
-54.2182
-32.1824
-9.7552
12.2131
33.6666
55.2475
73.4929
-75.1242
-51.4081
-30.5442
-9.27048
11.5848
31.9624
52.4826
69.7842
-71.1252
-48.6744
-28.9467
-8.79425
10.9775
30.3062
49.79
66.1718
-67.2401
-46.0166
-27.3901
-8.32685
10.3908
28.6978
47.1697
62.6557
-63.4684
-43.4348
-25.8746
-7.8686
9.82436
27.137
44.6216
59.236
-59.8093
-40.9285
-24.4003
-7.41982
9.27783
25.6234
42.1457
55.9126
-56.2622
-38.4976
-22.9673
-6.98082
8.75088
24.1568
39.7421
52.6856
-52.8265
-36.1419
-21.5758
-6.55188
8.24319
22.737
37.4106
49.555
-49.5017
-33.8611
-20.2259
-6.13329
7.75444
21.3636
35.1513
46.5208
-46.287
-31.6549
-18.9178
-5.72531
7.28431
20.0364
32.964
43.583
-43.182
-29.5233
-17.6514
-5.32821
6.8325
18.7553
30.8488
40.7416
-40.1861
-27.4658
-16.4269
-4.94223
6.39872
17.5198
28.8055
37.9965
-37.2987
-25.4823
-15.2444
-4.5676
5.98268
16.3297
26.8341
35.3477
-34.5193
-23.5726
-14.1039
-4.20456
5.58411
15.1849
24.9346
32.7952
-31.8473
-21.7364
-13.0056
-3.85331
5.20273
14.0851
23.1068
30.3389
-29.2824
-19.9735
-11.9494
-3.51407
4.83828
13.03
21.3507
27.9789
-26.8238
-18.2837
-10.9355
-3.18702
4.49052
12.0193
19.6661
25.7151
-24.4713
-16.6666
-9.9638
-2.87235
4.15921
11.053
18.053
23.5473
-22.2243
-15.1222
-9.03441
-2.57023
3.8441
10.1307
16.5113
21.4756
-20.0824
-13.6502
-8.14735
-2.28083
3.545
9.25221
15.0409
19.5
-18.0451
-12.2504
-7.30262
-2.0043
3.26167
8.41734
13.6417
17.6202
-16.112
-10.9226
-6.50026
-1.74078
2.99392
7.62589
12.3135
15.8363
-14.2826
-9.66645
-5.74025
-1.49041
2.74154
6.87767
11.0563
14.1482
-12.5566
-8.48187
-5.02261
-1.2533
2.50436
6.17247
9.87001
12.5559
-10.9336
-7.36863
-4.34732
-1.02958
2.28219
5.51012
8.7545
11.0592
-9.41306
-6.3265
-3.71437
-0.819331
2.07486
4.89041
7.70963
9.65811
-7.99472
-5.35526
-3.1237
-0.622655
1.8822
4.31315
6.73523
8.35246
-6.67811
-4.45466
-2.57526
-0.439633
1.70405
3.77813
5.83115
7.14211
-5.46278
-3.6244
-2.06894
-0.270318
1.54023
3.28512
4.99716
6.0269
-4.34825
-2.86414
-1.60455
-0.114705
1.39052
2.83374
4.23296
5.00661
-3.33396
-2.1734
-1.18177
0.0272633
1.25466
2.42359
3.53815
4.08094
-2.41926
-1.55155
-0.800108
0.155711
1.13233
2.05402
2.91211
3.24955
-1.60341
-0.99767
-0.45875
0.270886
1.02306
1.72411
2.35394
2.51202
-0.885649
-0.510444
-0.156422
0.373225
0.926152
1.4324
1.8623
1.86805
-0.265423
-0.0880226
0.108827
0.463405
0.840551
1.1767
1.43525
1.31765
0.257101
0.272172
0.339807
0.542372
0.764803
0.953883
1.07006
0.861813
0.68037
0.573445
0.539894
0.610966
0.696906
0.759834
0.763196
0.503473
0.997485
0.816953
0.709399
0.66661
0.632238
0.588954
0.510727
0.246967
1.21482
1.00884
0.853839
0.713835
0.57351
0.440995
0.309833
0.097609
1.3061
1.2029
1.04835
0.839456
0.592789
0.348391
0.138745
0.0514744
)
;
    }
    top
    {
        type            calculated;
        value           nonuniform List<scalar> 
640
(
378.535
400.039
433.352
448.054
448.054
433.352
400.039
378.535
300.861
318.18
332.415
336.744
336.744
332.415
318.18
300.861
300.026
316.752
328.077
332.246
332.246
328.077
316.752
300.026
300.96
313.78
323.005
327.028
327.028
323.005
313.78
300.96
298.273
306.888
313.607
316.864
316.864
313.607
306.888
298.273
294.075
299.469
303.945
306.29
306.29
303.945
299.469
294.075
288.929
292.008
294.754
296.299
296.299
294.754
292.008
288.929
283.123
284.608
286.107
287.028
287.028
286.107
284.608
283.123
276.882
277.316
277.953
278.419
278.419
277.953
277.316
276.882
270.382
270.139
270.199
270.345
270.345
270.199
270.139
270.382
263.745
263.072
262.754
262.683
262.683
262.754
263.072
263.745
257.052
256.107
255.546
255.332
255.332
255.546
256.107
257.052
250.352
249.233
248.519
248.213
248.213
248.519
249.233
250.352
243.677
242.444
241.634
241.27
241.27
241.634
242.444
243.677
237.044
235.733
234.864
234.464
234.464
234.864
235.733
237.044
230.464
229.097
228.192
227.77
227.77
228.192
229.097
230.464
223.944
222.535
221.606
221.173
221.173
221.606
222.535
223.944
217.489
216.045
215.102
214.662
214.662
215.102
216.045
217.489
211.1
209.628
208.677
208.234
208.234
208.677
209.628
211.1
204.781
203.285
202.329
201.885
201.885
202.329
203.285
204.781
198.533
197.017
196.059
195.615
195.615
196.059
197.017
198.533
192.358
190.826
189.867
189.425
189.425
189.867
190.826
192.358
186.257
184.712
183.755
183.314
183.314
183.755
184.712
186.257
180.232
178.678
177.723
177.285
177.285
177.723
178.678
180.232
174.285
172.724
171.773
171.339
171.339
171.773
172.724
174.285
168.416
166.853
165.907
165.477
165.477
165.907
166.853
168.416
162.628
161.065
160.126
159.7
159.7
160.126
161.065
162.628
156.921
155.362
154.431
154.01
154.01
154.431
155.362
156.921
151.298
149.745
148.824
148.408
148.408
148.824
149.745
151.298
145.76
144.216
143.306
142.896
142.896
143.306
144.216
145.76
140.308
138.776
137.877
137.474
137.474
137.877
138.776
140.308
134.943
133.426
132.54
132.143
132.143
132.54
133.426
134.943
129.667
128.167
127.295
126.905
126.905
127.295
128.167
129.667
124.482
123.001
122.144
121.762
121.762
122.144
123.001
124.482
119.387
117.929
117.088
116.713
116.713
117.088
117.929
119.387
114.386
112.951
112.127
111.76
111.76
112.127
112.951
114.386
109.479
108.069
107.263
106.904
106.904
107.263
108.069
109.479
104.666
103.285
102.497
102.147
102.147
102.497
103.285
104.666
99.9506
98.5981
97.829
97.4882
97.4882
97.829
98.5981
99.9506
95.3325
94.0107
93.2613
92.9296
92.9296
93.2613
94.0107
95.3325
90.8132
89.5234
88.7943
88.4718
88.4719
88.7943
89.5234
90.8132
86.3937
85.1372
84.4288
84.1159
84.1159
84.4288
85.1372
86.3937
82.0752
80.8531
80.1659
79.8626
79.8626
80.1659
80.853
82.0752
77.8587
76.6719
76.0062
75.7127
75.7127
76.0062
76.6719
77.8587
73.7452
72.5946
71.9507
71.667
71.667
71.9507
72.5946
73.7452
69.7357
68.622
68.0002
67.7264
67.7264
68.0002
68.622
69.7357
65.8312
64.755
64.1554
63.8915
63.8915
64.1554
64.755
65.8312
62.0325
60.9943
60.4169
60.163
60.163
60.4169
60.9943
62.0325
58.3406
57.3407
56.7856
56.5416
56.5416
56.7856
57.3407
58.3406
54.7563
53.7949
53.2621
53.028
53.028
53.2621
53.7949
54.7563
51.2804
50.3576
49.847
49.6228
49.6228
49.847
50.3576
51.2804
47.9137
47.0294
46.541
46.3265
46.3265
46.541
47.0294
47.9137
44.6569
43.8111
43.3445
43.1397
43.1397
43.3445
43.8111
44.6569
41.5106
40.7031
40.2582
40.0629
40.0629
40.2582
40.7031
41.5106
38.4757
37.706
37.2826
37.0966
37.0966
37.2826
37.706
38.4757
35.5526
34.8204
34.418
34.2413
34.2413
34.418
34.8204
35.5526
32.7419
32.0467
31.665
31.4974
31.4974
31.665
32.0467
32.7419
30.0443
29.3854
29.024
28.8653
28.8653
29.024
29.3854
30.0443
27.4601
26.8369
26.4954
26.3453
26.3453
26.4954
26.8369
27.4601
24.9898
24.4016
24.0794
23.9377
23.9377
24.0794
24.4016
24.9898
22.6338
22.0798
21.7764
21.6429
21.6429
21.7764
22.0798
22.6338
20.3926
19.8718
19.5866
19.4611
19.4611
19.5866
19.8718
20.3926
18.2665
17.7779
17.5104
17.3926
17.3926
17.5104
17.7779
18.2665
16.2558
15.7984
15.548
15.4375
15.4375
15.548
15.7984
16.2558
14.3608
13.9334
13.6994
13.5961
13.5961
13.6994
13.9334
14.3608
12.5815
12.1832
11.9649
11.8685
11.8685
11.9649
12.1832
12.5815
10.9182
10.5477
10.3446
10.2548
10.2548
10.3446
10.5477
10.9182
9.3711
9.02723
8.83865
8.75518
8.75518
8.83865
9.02723
9.3711
7.94015
7.62176
7.44709
7.36974
7.36974
7.44709
7.62176
7.94015
6.62545
6.33141
6.17013
6.09875
6.09875
6.17013
6.33141
6.62545
5.42697
5.15631
5.00806
4.94257
4.94257
5.00806
5.1563
5.42697
4.34469
4.0967
3.96133
3.90178
3.90178
3.96133
4.0967
4.34469
3.37868
3.1531
3.03081
2.97738
2.97738
3.03081
3.1531
3.37868
2.52927
2.3266
2.21799
2.17105
2.17105
2.21799
2.3266
2.52926
1.79743
1.61931
1.52552
1.48557
1.48557
1.52552
1.61931
1.79743
1.18532
1.03509
0.957769
0.925386
0.925384
0.957767
1.03509
1.18533
0.69682
0.580048
0.521274
0.496986
0.496987
0.521276
0.580053
0.696827
0.338048
0.262532
0.225339
0.20961
0.20962
0.225351
0.262542
0.338041
0.108424
0.0876885
0.077045
0.0703916
0.0704068
0.0770603
0.0876858
0.108421
-0.0208979
0.0183606
0.0338746
0.0358832
0.035867
0.033859
0.0183615
-0.020915
)
;
    }
    bottom
    {
        type            calculated;
        value           nonuniform List<scalar> 
640
(
-468.021
-464.889
-474.6
-479.626
-479.626
-474.6
-464.889
-468.021
-376.232
-392.066
-399.628
-402.034
-402.034
-399.628
-392.066
-376.232
-360.255
-376.281
-384.669
-387.56
-387.56
-384.669
-376.281
-360.255
-351.887
-364.987
-373.003
-376.14
-376.14
-373.003
-364.987
-351.887
-344.844
-354.277
-360.851
-363.709
-363.709
-360.851
-354.277
-344.844
-337.54
-344.124
-349.147
-351.505
-351.505
-349.147
-344.124
-337.54
-329.591
-334.167
-337.894
-339.733
-339.733
-337.894
-334.167
-329.591
-321.086
-324.319
-327.076
-328.474
-328.474
-327.076
-324.319
-321.086
-312.193
-314.567
-316.644
-317.706
-317.706
-316.644
-314.567
-312.193
-303.067
-304.917
-306.537
-307.36
-307.36
-306.537
-304.917
-303.067
-293.836
-295.38
-296.704
-297.363
-297.363
-296.704
-295.38
-293.836
-284.593
-285.972
-287.109
-287.661
-287.661
-287.109
-285.972
-284.593
-275.407
-276.708
-277.73
-278.213
-278.213
-277.73
-276.708
-275.407
-266.326
-267.599
-268.553
-268.993
-268.993
-268.553
-267.599
-266.326
-257.38
-258.655
-259.569
-259.983
-259.983
-259.569
-258.655
-257.38
-248.589
-249.882
-250.773
-251.171
-251.171
-250.773
-249.882
-248.589
-239.966
-241.284
-242.162
-242.55
-242.55
-242.162
-241.284
-239.966
-231.517
-232.863
-233.734
-234.115
-234.115
-233.734
-232.863
-231.517
-223.247
-224.619
-225.485
-225.862
-225.862
-225.485
-224.619
-223.247
-215.155
-216.553
-217.415
-217.789
-217.789
-217.415
-216.553
-215.155
-207.243
-208.663
-209.521
-209.892
-209.892
-209.521
-208.663
-207.243
-199.509
-200.948
-201.802
-202.169
-202.169
-201.802
-200.948
-199.509
-191.952
-193.406
-194.255
-194.618
-194.618
-194.255
-193.406
-191.952
-184.571
-186.036
-186.878
-187.238
-187.238
-186.878
-186.036
-184.571
-177.362
-178.835
-179.67
-180.026
-180.026
-179.67
-178.835
-177.362
-170.326
-171.802
-172.628
-172.98
-172.98
-172.628
-171.802
-170.326
-163.458
-164.935
-165.751
-166.098
-166.098
-165.751
-164.935
-163.458
-156.759
-158.232
-159.038
-159.379
-159.379
-159.038
-158.232
-156.759
-150.225
-151.692
-152.485
-152.821
-152.821
-152.485
-151.692
-150.225
-143.855
-145.312
-146.092
-146.422
-146.422
-146.092
-145.312
-143.855
-137.646
-139.09
-139.856
-140.18
-140.18
-139.856
-139.09
-137.646
-131.597
-133.025
-133.777
-134.094
-134.094
-133.777
-133.025
-131.597
-125.706
-127.116
-127.852
-128.161
-128.161
-127.852
-127.116
-125.706
-119.971
-121.359
-122.079
-122.381
-122.381
-122.079
-121.359
-119.971
-114.391
-115.755
-116.457
-116.752
-116.752
-116.457
-115.755
-114.391
-108.962
-110.3
-110.984
-111.271
-111.271
-110.984
-110.3
-108.962
-103.684
-104.994
-105.659
-105.938
-105.938
-105.659
-104.994
-103.684
-98.5541
-99.8341
-100.48
-100.751
-100.751
-100.48
-99.8341
-98.5541
-93.5713
-94.8194
-95.446
-95.7079
-95.7079
-95.446
-94.8194
-93.5713
-88.7335
-89.948
-90.5545
-90.8077
-90.8077
-90.5545
-89.948
-88.7335
-84.0391
-85.2185
-85.8044
-86.0488
-86.0488
-85.8044
-85.2185
-84.0391
-79.4863
-80.6293
-81.1943
-81.4298
-81.4298
-81.1943
-80.6293
-79.4863
-75.0735
-76.1788
-76.7228
-76.9492
-76.9492
-76.7228
-76.1788
-75.0735
-70.7992
-71.8657
-72.3883
-72.6056
-72.6056
-72.3883
-71.8657
-70.7992
-66.6615
-67.6885
-68.1895
-68.3976
-68.3976
-68.1895
-67.6885
-66.6615
-62.6592
-63.6457
-64.125
-64.3239
-64.3239
-64.125
-63.6457
-62.6592
-58.7905
-59.736
-60.1936
-60.3833
-60.3833
-60.1936
-59.736
-58.7905
-55.0541
-55.9581
-56.3938
-56.5743
-56.5743
-56.3938
-55.9581
-55.0541
-51.4485
-52.3106
-52.7246
-52.8958
-52.8958
-52.7246
-52.3106
-51.4485
-47.9723
-48.7922
-49.1845
-49.3466
-49.3466
-49.1845
-48.7922
-47.9723
-44.6242
-45.4018
-45.7725
-45.9255
-45.9255
-45.7725
-45.4018
-44.6242
-41.4028
-42.1381
-42.4873
-42.6313
-42.6313
-42.4873
-42.1381
-41.4027
-38.3068
-38.9999
-39.3279
-39.463
-39.4629
-39.3279
-38.9999
-38.3068
-35.335
-35.9862
-36.2931
-36.4193
-36.4193
-36.2931
-35.9862
-35.335
-32.4861
-33.0957
-33.3819
-33.4994
-33.4994
-33.3819
-33.0957
-32.4861
-29.7592
-30.3275
-30.5932
-30.7022
-30.7022
-30.5932
-30.3275
-29.7592
-27.1529
-27.6804
-27.9261
-28.0266
-28.0266
-27.9261
-27.6804
-27.1529
-24.6662
-25.1536
-25.3795
-25.4718
-25.4718
-25.3795
-25.1536
-24.6662
-22.2981
-22.7461
-22.9527
-23.0369
-23.0369
-22.9527
-22.7461
-22.2981
-20.0476
-20.4569
-20.6445
-20.7208
-20.7208
-20.6445
-20.4569
-20.0476
-17.9137
-18.2851
-18.4543
-18.5229
-18.5229
-18.4543
-18.2851
-17.9137
-15.8955
-16.2299
-16.3812
-16.4422
-16.4422
-16.3812
-16.2299
-15.8955
-13.9921
-14.2904
-14.4243
-14.478
-14.478
-14.4243
-14.2904
-13.9921
-12.2026
-12.4659
-12.5829
-12.6296
-12.6296
-12.5829
-12.4659
-12.2026
-10.5263
-10.7556
-10.8562
-10.8961
-10.8961
-10.8562
-10.7556
-10.5263
-8.96229
-9.15882
-9.24357
-9.27688
-9.27688
-9.24357
-9.15881
-8.96229
-7.50993
-7.67477
-7.74434
-7.77135
-7.77135
-7.74434
-7.67477
-7.50992
-6.16845
-6.30283
-6.35789
-6.3789
-6.3789
-6.35789
-6.30283
-6.16845
-4.93717
-5.04238
-5.08366
-5.09903
-5.09903
-5.08366
-5.04238
-4.93716
-3.8154
-3.89285
-3.92121
-3.93136
-3.93136
-3.92121
-3.89285
-3.81539
-2.80249
-2.85379
-2.87026
-2.87571
-2.87571
-2.87026
-2.85379
-2.80249
-1.89793
-1.92496
-1.93082
-1.93224
-1.93224
-1.93082
-1.92496
-1.89793
-1.10143
-1.1065
-1.10336
-1.10154
-1.10154
-1.10336
-1.1065
-1.10144
-0.413249
-0.399294
-0.389154
-0.385062
-0.385063
-0.389153
-0.399293
-0.413254
0.165308
0.194476
0.209179
0.214502
0.214501
0.209181
0.194479
0.165305
0.630916
0.670471
0.687038
0.692606
0.692605
0.687041
0.670475
0.63092
0.976106
1.02035
1.03606
1.04111
1.04111
1.03606
1.02035
0.976114
1.19075
1.23184
1.24367
1.24772
1.24773
1.24367
1.23184
1.19075
1.25721
1.28647
1.29227
1.29572
1.29572
1.29227
1.28646
1.25721
1.22929
1.22943
1.22969
1.23442
1.23442
1.22968
1.22943
1.22929
)
;
    }
}


// ************************************************************************* //
