/*--------------------------------*- C++ -*----------------------------------*\
| =========                 |                                                 |
| \\      /  F ield         | foam-extend: Open Source CFD                    |
|  \\    /   O peration     | Version:     4.1                                |
|   \\  /    A nd           | Web:         http://www.foam-extend.org         |
|    \\/     M anipulation  |                                                 |
\*---------------------------------------------------------------------------*/
FoamFile
{
    version     2.0;
    format      ascii;
    class       volScalarField;
    location    "0.197";
    object      sigmaEq;
}
// * * * * * * * * * * * * * * * * * * * * * * * * * * * * * * * * * * * * * //

dimensions      [1 -1 -2 0 0 0 0];

internalField   nonuniform List<scalar> 
5120
(
1089.57
958.555
937.259
917.724
900.885
883.574
864.586
844.062
822.397
799.986
777.162
754.184
731.243
708.471
685.96
663.771
641.941
620.494
599.445
578.801
558.566
538.741
519.324
500.315
481.712
463.511
445.71
428.306
411.295
394.676
378.445
362.598
347.133
332.046
317.335
302.995
289.025
275.422
262.181
249.3
236.777
224.608
212.791
201.323
190.201
179.422
168.984
158.884
149.12
139.69
130.591
121.82
113.376
105.257
97.4596
89.9826
82.8241
75.982
69.4547
63.2405
57.3376
51.7448
46.4605
41.4835
36.8128
32.4474
28.3867
24.6302
21.1781
18.0309
15.1898
12.6574
10.4375
8.53647
6.96299
5.72669
4.83272
4.27189
4.02511
4.03409
989.154
966.669
961.704
937.87
914.541
891.816
868.72
845.311
821.746
798.152
774.643
751.311
728.227
705.445
683.002
660.925
639.232
617.933
597.034
576.539
556.448
536.762
517.478
498.594
480.109
462.019
444.323
427.017
410.098
393.564
377.412
361.639
346.242
331.218
316.565
302.279
288.359
274.8
261.601
248.758
236.269
224.131
212.342
200.899
189.8
179.041
168.621
158.537
148.788
139.369
130.281
121.519
113.083
104.97
97.1776
89.7049
82.5498
75.7103
69.1849
62.9719
57.0698
51.4774
46.1931
41.216
36.545
32.1793
28.1184
24.3621
20.9108
17.7655
14.9282
12.4025
10.194
8.31102
6.76473
5.56604
4.71755
4.20384
3.99839
4.04152
963.576
946.61
958.735
941.931
919.666
895.858
871.163
846.289
821.593
797.211
773.196
749.57
726.34
703.512
681.086
659.065
637.449
616.239
595.435
575.035
555.038
535.442
516.245
497.444
479.038
461.022
443.396
426.155
409.298
392.822
376.724
361.001
345.65
330.67
316.057
301.808
287.922
274.395
261.224
248.408
235.944
223.828
212.059
200.635
189.552
178.808
168.402
158.33
148.591
139.182
130.102
121.348
112.918
104.81
97.0232
89.5546
82.4029
75.5662
69.0431
62.832
56.9315
51.3401
46.0567
41.0801
36.4095
32.0442
27.9837
24.228
20.7779
17.6346
14.8007
12.2805
10.0804
8.20941
6.67884
5.49854
4.66886
4.17267
3.9809
4.02761
957.506
937.218
954.709
941.307
920.565
897.072
872.089
846.739
821.588
796.847
772.583
748.8
725.485
702.622
680.195
658.194
636.611
615.442
594.681
574.326
554.374
534.821
515.666
496.905
478.536
460.557
442.964
425.756
408.928
392.48
376.407
360.709
345.381
330.421
315.828
301.597
287.727
274.215
261.059
248.256
235.803
223.698
211.939
200.523
189.448
178.711
168.311
158.245
148.511
139.107
130.031
121.28
112.853
104.748
96.9627
89.4959
82.3456
75.5101
68.9878
62.7774
56.8772
51.2861
46.0029
41.0263
36.3557
31.9902
27.9297
24.1742
20.7245
17.5821
14.75
12.2327
10.0368
8.17158
6.64788
5.47472
4.65123
4.15968
3.97014
4.01457
957.506
937.218
954.709
941.307
920.565
897.072
872.089
846.739
821.588
796.847
772.583
748.8
725.485
702.622
680.195
658.194
636.611
615.442
594.681
574.326
554.374
534.821
515.666
496.905
478.536
460.557
442.964
425.756
408.928
392.48
376.407
360.709
345.381
330.421
315.828
301.597
287.727
274.215
261.059
248.256
235.803
223.698
211.939
200.523
189.448
178.711
168.311
158.245
148.511
139.107
130.031
121.28
112.853
104.748
96.9627
89.4959
82.3456
75.5101
68.9878
62.7774
56.8772
51.2861
46.0029
41.0263
36.3557
31.9902
27.9297
24.1742
20.7245
17.5821
14.75
12.2327
10.0368
8.17158
6.64788
5.47472
4.65123
4.15967
3.97014
4.01457
963.576
946.61
958.735
941.931
919.666
895.858
871.163
846.289
821.593
797.211
773.196
749.57
726.34
703.512
681.086
659.065
637.449
616.239
595.435
575.035
555.038
535.442
516.245
497.444
479.038
461.022
443.396
426.155
409.298
392.822
376.724
361.001
345.65
330.67
316.057
301.808
287.922
274.395
261.224
248.408
235.944
223.828
212.059
200.635
189.552
178.808
168.402
158.33
148.591
139.182
130.102
121.348
112.918
104.81
97.0232
89.5546
82.4029
75.5662
69.0431
62.832
56.9315
51.3401
46.0567
41.0801
36.4095
32.0442
27.9837
24.228
20.7779
17.6346
14.8007
12.2805
10.0804
8.20941
6.67884
5.49854
4.66885
4.17267
3.9809
4.02762
989.154
966.669
961.704
937.87
914.541
891.816
868.72
845.311
821.746
798.152
774.643
751.311
728.227
705.445
683.002
660.925
639.232
617.933
597.034
576.539
556.448
536.762
517.478
498.594
480.109
462.019
444.323
427.017
410.098
393.564
377.412
361.639
346.242
331.218
316.565
302.279
288.359
274.8
261.601
248.758
236.269
224.131
212.342
200.899
189.8
179.041
168.621
158.537
148.788
139.369
130.281
121.519
113.083
104.97
97.1776
89.7049
82.5498
75.7103
69.1849
62.9719
57.0698
51.4774
46.1931
41.216
36.545
32.1793
28.1184
24.3621
20.9108
17.7655
14.9282
12.4025
10.194
8.31102
6.76473
5.56604
4.71755
4.20384
3.99839
4.04152
1089.57
958.555
937.259
917.724
900.885
883.574
864.586
844.062
822.397
799.986
777.162
754.184
731.243
708.471
685.96
663.771
641.941
620.494
599.445
578.801
558.566
538.741
519.324
500.315
481.712
463.511
445.71
428.306
411.295
394.676
378.445
362.598
347.133
332.046
317.335
302.995
289.025
275.422
262.181
249.3
236.777
224.608
212.791
201.323
190.201
179.422
168.984
158.884
149.12
139.69
130.591
121.82
113.376
105.257
97.4596
89.9826
82.8241
75.982
69.4547
63.2405
57.3376
51.7448
46.4605
41.4835
36.8128
32.4474
28.3867
24.6302
21.1781
18.0309
15.1898
12.6574
10.4375
8.53647
6.96299
5.72669
4.83271
4.27189
4.02511
4.03409
642.248
651.142
655.738
641.238
627.565
614.825
601.662
587.846
573.436
558.568
543.407
528.101
512.769
497.502
482.363
467.398
452.635
438.094
423.788
409.724
395.908
382.343
369.031
355.973
343.169
330.619
318.323
306.282
294.493
282.957
271.672
260.638
249.855
239.32
229.033
218.993
209.199
199.65
190.344
181.281
172.459
163.877
155.534
147.428
139.559
131.926
124.527
117.36
110.426
103.722
97.248
91.0021
84.9834
79.1908
73.6231
68.2793
63.1582
58.2588
53.5798
49.1202
44.8789
40.8546
37.0463
33.4526
30.0722
26.9038
23.9458
21.1963
18.6535
16.3147
14.1769
12.2365
10.4886
8.92742
7.54658
6.34047
5.30867
4.47119
3.90566
3.74281
556.413
672.041
682.613
658.643
638.04
620.652
604.11
587.945
571.989
556.157
540.433
524.834
509.384
494.108
479.029
464.161
449.517
435.106
420.933
407.003
393.317
379.879
366.688
353.745
341.051
328.605
316.408
304.459
292.757
281.303
270.095
259.133
248.416
237.944
227.716
217.73
207.986
198.484
189.221
180.198
171.413
162.865
154.554
146.478
138.635
131.026
123.65
116.504
109.588
102.902
96.4433
90.2118
84.2065
78.4261
72.8699
67.5367
62.4257
57.5358
52.8661
48.4156
44.1833
40.1683
36.3697
32.7863
29.4171
26.2611
23.317
20.5837
18.0595
15.7428
13.6315
11.7232
10.0145
8.50175
7.18059
6.04761
5.10225
4.3593
3.88269
3.77359
525.744
663.483
688.241
666.647
644.329
624.802
606.361
588.684
571.623
555.031
538.817
522.926
507.324
491.99
476.913
462.087
447.508
433.174
419.086
405.242
391.643
378.288
365.179
352.315
339.696
327.321
315.192
303.306
291.664
280.267
269.112
258.2
247.53
237.101
226.913
216.965
207.257
197.787
188.555
179.56
170.802
162.278
153.989
145.933
138.109
130.518
123.157
116.026
109.123
102.449
96.0015
89.7803
83.7842
78.0123
72.4639
67.1379
62.0335
57.1498
52.4859
48.0409
43.8141
39.8044
36.0111
32.4333
29.07
25.9203
22.9834
20.2581
17.7434
15.4381
13.3406
11.4492
9.76137
8.27413
6.98384
5.88716
4.98261
4.28292
3.84328
3.74533
515.856
659.284
689.014
668.864
646.571
626.59
607.516
589.22
571.646
554.671
538.192
522.132
506.432
491.051
475.962
461.146
446.591
432.291
418.239
404.435
390.876
377.561
364.491
351.664
339.08
326.739
314.641
302.786
291.173
279.802
268.673
257.784
247.136
236.729
226.56
216.63
206.939
197.484
188.267
179.285
170.538
162.026
153.747
145.7
137.886
130.302
122.948
115.824
108.927
102.258
95.8158
89.599
83.6069
77.8387
72.2935
66.9705
61.8687
56.9875
52.3259
47.8831
43.6583
39.6506
35.8593
32.2834
28.9223
25.775
22.8407
20.1186
17.6077
15.307
13.2153
11.3311
9.6522
8.17583
6.89851
5.81677
4.92859
4.2456
3.81896
3.72367
515.856
659.284
689.014
668.864
646.571
626.59
607.516
589.22
571.646
554.671
538.192
522.132
506.432
491.051
475.962
461.146
446.591
432.291
418.239
404.435
390.876
377.561
364.491
351.664
339.08
326.739
314.641
302.786
291.173
279.802
268.673
257.784
247.136
236.729
226.56
216.63
206.939
197.484
188.267
179.285
170.538
162.026
153.747
145.7
137.886
130.302
122.948
115.824
108.927
102.258
95.8158
89.599
83.6069
77.8387
72.2935
66.9705
61.8687
56.9875
52.3259
47.8831
43.6583
39.6506
35.8593
32.2834
28.9223
25.775
22.8407
20.1186
17.6077
15.307
13.2153
11.3311
9.6522
8.17583
6.89851
5.81677
4.92859
4.2456
3.81896
3.72367
525.744
663.483
688.241
666.647
644.329
624.802
606.361
588.684
571.623
555.031
538.817
522.926
507.324
491.99
476.913
462.087
447.508
433.174
419.086
405.242
391.643
378.288
365.179
352.315
339.696
327.321
315.192
303.306
291.664
280.267
269.112
258.2
247.53
237.101
226.913
216.965
207.257
197.787
188.555
179.56
170.802
162.278
153.989
145.933
138.109
130.518
123.157
116.026
109.123
102.449
96.0015
89.7803
83.7842
78.0123
72.4639
67.1379
62.0335
57.1498
52.4859
48.0409
43.8141
39.8044
36.0111
32.4333
29.07
25.9203
22.9834
20.2581
17.7434
15.4381
13.3406
11.4492
9.76137
8.27413
6.98384
5.88716
4.98261
4.28292
3.84328
3.74533
556.413
672.041
682.613
658.643
638.04
620.652
604.11
587.945
571.989
556.157
540.433
524.834
509.384
494.108
479.029
464.161
449.517
435.106
420.933
407.003
393.317
379.879
366.688
353.745
341.051
328.605
316.408
304.459
292.757
281.303
270.095
259.133
248.416
237.944
227.716
217.73
207.986
198.484
189.221
180.198
171.413
162.865
154.554
146.478
138.635
131.026
123.65
116.504
109.588
102.902
96.4433
90.2118
84.2065
78.4261
72.8699
67.5367
62.4257
57.5358
52.8661
48.4156
44.1833
40.1683
36.3697
32.7863
29.4171
26.2611
23.317
20.5837
18.0595
15.7428
13.6315
11.7232
10.0145
8.50175
7.18059
6.04761
5.10225
4.3593
3.88269
3.77359
642.248
651.142
655.738
641.238
627.565
614.825
601.662
587.846
573.436
558.568
543.407
528.101
512.769
497.502
482.363
467.398
452.635
438.094
423.788
409.724
395.908
382.343
369.031
355.973
343.169
330.619
318.323
306.282
294.493
282.957
271.672
260.638
249.855
239.32
229.033
218.993
209.199
199.65
190.344
181.281
172.459
163.877
155.534
147.428
139.559
131.926
124.527
117.36
110.426
103.722
97.248
91.0021
84.9834
79.1908
73.6231
68.2793
63.1582
58.2588
53.5798
49.1202
44.8789
40.8546
37.0463
33.4526
30.0722
26.9038
23.9458
21.1963
18.6535
16.3147
14.1769
12.2365
10.4886
8.92742
7.54658
6.34047
5.30867
4.47119
3.90566
3.74281
333.864
357.583
378.401
377.885
372.529
365.815
358.306
350.326
342.031
333.515
324.864
316.15
307.433
298.757
290.15
281.635
273.225
264.928
256.751
248.698
240.771
232.974
225.307
217.773
210.372
203.105
195.973
188.977
182.117
175.392
168.805
162.354
156.04
149.862
143.821
137.917
132.149
126.517
121.021
115.661
110.436
105.346
100.39
95.5681
90.8799
86.3249
81.9023
77.6117
73.4524
69.4238
65.5251
61.7555
58.1144
54.6007
51.2136
47.952
44.8149
41.801
38.9091
36.1378
33.4854
30.9503
28.5307
26.2244
24.0292
21.9427
19.962
18.0843
16.3063
14.6247
13.0358
11.5362
10.1224
8.79177
7.54294
6.3776
5.30394
4.34988
3.60515
3.18238
283.108
379.585
399.016
388.995
377.622
367.367
357.549
348.07
338.841
329.775
320.829
311.99
303.254
294.625
286.105
277.699
269.409
261.238
253.189
245.262
237.459
229.781
222.23
214.806
207.511
200.345
193.309
186.403
179.629
172.986
166.476
160.097
153.851
147.738
141.758
135.911
130.197
124.616
119.168
113.853
108.67
103.62
98.7021
93.9164
89.2624
84.7399
80.3485
76.0877
71.9572
67.9565
64.0849
60.3421
56.7273
53.2398
49.879
46.644
43.534
40.548
37.6848
34.9434
32.3224
29.8204
27.4357
25.1666
23.0112
20.9671
19.0319
17.2029
15.4773
13.8517
12.3229
10.8874
9.54196
8.28384
7.11187
6.02803
5.04047
4.17908
3.53637
3.2236
260.531
380.496
408.265
397.602
383.09
370.15
358.402
347.598
337.487
327.857
318.569
309.541
300.719
292.071
283.577
275.224
267.003
258.909
250.941
243.097
235.377
227.779
220.306
212.958
205.735
198.637
191.666
184.823
178.107
171.52
165.062
158.733
152.534
146.465
140.526
134.717
129.039
123.492
118.076
112.791
107.636
102.613
97.72
92.9576
88.3257
83.824
79.4523
75.2102
71.0975
67.1139
63.2588
59.5318
55.9326
52.4604
49.1147
45.8948
42.8
39.8294
36.9822
34.2572
31.6534
29.1694
26.8039
24.5551
22.4213
20.4005
18.4904
16.6885
14.992
13.3978
11.9028
10.5035
9.19667
7.97959
6.85108
5.81325
4.87505
4.06862
3.48077
3.19853
252.377
380.752
411.711
401.142
385.691
371.736
359.125
347.657
337.071
327.116
317.619
308.464
299.576
290.902
282.408
274.072
265.879
257.819
249.889
242.083
234.402
226.843
219.407
212.095
204.907
197.842
190.903
184.09
177.403
170.843
164.41
158.105
151.928
145.88
139.961
134.171
128.511
122.98
117.579
112.309
107.168
102.157
97.2754
92.5241
87.9026
83.4107
79.0481
74.8147
70.7103
66.7344
62.8868
59.1671
55.5748
52.1095
48.7705
45.5573
42.4692
39.5054
36.6651
33.9473
31.351
28.8748
26.5176
24.2776
22.1533
20.1427
18.2436
16.4536
14.77
13.1898
11.7098
10.3266
9.0371
7.83841
6.72944
5.71246
4.79676
4.01476
3.44904
3.17673
252.377
380.752
411.711
401.142
385.691
371.736
359.125
347.657
337.071
327.116
317.619
308.464
299.576
290.902
282.408
274.072
265.879
257.819
249.889
242.083
234.402
226.843
219.407
212.095
204.907
197.842
190.903
184.09
177.403
170.843
164.41
158.105
151.928
145.88
139.961
134.171
128.511
122.98
117.579
112.309
107.168
102.157
97.2754
92.5241
87.9026
83.4107
79.0481
74.8147
70.7103
66.7344
62.8868
59.1671
55.5748
52.1095
48.7705
45.5573
42.4692
39.5054
36.6651
33.9473
31.351
28.8748
26.5176
24.2776
22.1533
20.1427
18.2436
16.4536
14.77
13.1898
11.7098
10.3266
9.0371
7.83841
6.72944
5.71246
4.79676
4.01476
3.44904
3.17673
260.531
380.496
408.265
397.602
383.09
370.15
358.402
347.598
337.487
327.857
318.569
309.541
300.719
292.071
283.577
275.224
267.003
258.909
250.941
243.097
235.377
227.779
220.306
212.958
205.735
198.637
191.666
184.823
178.107
171.52
165.062
158.733
152.534
146.465
140.526
134.717
129.039
123.492
118.076
112.791
107.636
102.613
97.72
92.9576
88.3257
83.824
79.4523
75.2102
71.0975
67.1139
63.2588
59.5318
55.9326
52.4604
49.1147
45.8948
42.8
39.8294
36.9822
34.2572
31.6534
29.1694
26.8039
24.5551
22.4213
20.4005
18.4904
16.6885
14.992
13.3978
11.9028
10.5035
9.19667
7.97959
6.85108
5.81325
4.87505
4.06862
3.48077
3.19853
283.108
379.585
399.016
388.995
377.622
367.367
357.549
348.07
338.841
329.775
320.829
311.99
303.254
294.625
286.105
277.699
269.409
261.238
253.189
245.262
237.459
229.781
222.23
214.806
207.511
200.345
193.309
186.403
179.629
172.986
166.476
160.097
153.851
147.738
141.758
135.911
130.197
124.616
119.168
113.853
108.67
103.62
98.7021
93.9164
89.2624
84.7399
80.3485
76.0877
71.9572
67.9565
64.0849
60.3421
56.7273
53.2398
49.879
46.644
43.534
40.548
37.6848
34.9434
32.3224
29.8204
27.4357
25.1666
23.0112
20.9671
19.0319
17.2029
15.4773
13.8517
12.3229
10.8874
9.54196
8.28384
7.11187
6.02803
5.04047
4.17908
3.53637
3.2236
333.864
357.583
378.401
377.885
372.529
365.815
358.306
350.326
342.031
333.515
324.864
316.15
307.433
298.757
290.15
281.635
273.225
264.928
256.751
248.698
240.771
232.974
225.307
217.773
210.372
203.105
195.973
188.977
182.117
175.392
168.805
162.354
156.04
149.862
143.821
137.917
132.149
126.517
121.021
115.661
110.436
105.346
100.39
95.5681
90.8799
86.3249
81.9023
77.6117
73.4524
69.4238
65.5251
61.7555
58.1144
54.6007
51.2136
47.952
44.8149
41.801
38.9091
36.1378
33.4854
30.9503
28.5307
26.2244
24.0292
21.9427
19.962
18.0843
16.3063
14.6247
13.0358
11.5362
10.1224
8.79177
7.54294
6.3776
5.30394
4.34988
3.60515
3.18238
89.5538
105.979
128.716
137.992
141.869
142.906
142.371
140.948
138.984
136.678
134.157
131.509
128.791
126.04
123.28
120.524
117.782
115.058
112.356
109.677
107.024
104.397
101.798
99.2274
96.6859
94.1743
91.6931
89.243
86.8243
84.4372
82.0822
79.7593
77.4687
75.2106
72.9848
70.7916
68.6308
66.5023
64.4061
62.342
60.3099
58.3095
56.3407
54.4031
52.4964
50.6204
48.7746
46.9588
45.1724
43.415
41.6863
39.9856
38.3124
36.6663
35.0466
33.4527
31.8841
30.3401
28.82
27.3232
25.8489
24.3966
22.9655
21.5549
20.1642
18.7927
17.4399
16.1053
14.7888
13.4903
12.2105
10.9508
9.71376
8.50392
7.32814
6.1962
5.12026
4.11624
3.22252
2.45603
72.8763
138.705
149.372
147.706
145.274
142.554
139.701
136.858
134.044
131.25
128.476
125.721
122.988
120.278
117.593
114.933
112.297
109.686
107.099
104.537
101.999
99.4871
97.0005
94.5401
92.1065
89.7003
87.322
84.9722
82.6514
80.3598
78.0979
75.8659
73.6643
71.4931
69.3526
67.2429
65.1641
63.1163
61.0995
59.1137
57.159
55.2351
53.342
51.4796
49.6476
47.8459
46.0743
44.3323
42.6199
40.9364
39.2817
37.6553
36.0568
34.4856
32.9413
31.4234
29.9312
28.4643
27.0219
25.6035
24.2084
22.836
21.4855
20.1563
18.8478
17.5592
16.2902
15.0401
13.8088
12.5961
11.4025
10.229
9.07771
7.952
6.85753
5.80273
4.79962
3.87145
3.07504
2.47167
69.0175
158.425
167.728
159.591
151.728
145.283
139.991
135.578
131.765
128.351
125.206
122.246
119.416
116.678
114.009
111.392
108.816
106.274
103.762
101.277
98.8179
96.3832
93.9733
91.5881
89.228
86.8934
84.5849
82.3028
80.0477
77.8201
75.6202
73.4487
71.3057
69.1916
67.1068
65.0514
63.0257
61.0298
59.0639
57.128
55.2222
53.3466
51.5012
49.6858
47.9004
46.1448
44.419
42.7227
41.0556
39.4176
37.8082
36.2272
34.6742
33.1487
31.6503
30.1786
28.7329
27.3128
25.9178
24.5471
23.2001
21.8763
20.5749
19.2954
18.037
16.7991
15.5812
14.3827
13.2033
12.0428
10.9015
9.78
8.68004
7.60467
6.55932
5.553
4.60042
3.73089
3.00171
2.45367
67.5752
166.847
176.387
165.88
155.644
147.345
140.719
135.391
130.969
127.161
123.769
120.664
117.755
114.984
112.31
109.706
107.155
104.644
102.168
99.7198
97.2985
94.9021
92.5299
90.1819
87.8581
85.559
83.2848
81.0361
78.8133
76.617
74.4475
72.3054
70.191
68.1047
66.0468
64.0176
62.0175
60.0465
58.1049
56.1929
54.3105
52.4579
50.635
48.8418
47.0784
45.3446
43.6404
41.9655
40.3198
38.703
37.1148
35.5551
34.0233
32.5192
31.0423
29.5921
28.1682
26.77
25.397
24.0486
22.7242
21.4231
20.1448
18.8885
17.6536
16.4395
15.2456
14.0713
12.9162
11.7801
10.6632
9.5659
8.48985
7.438
6.41591
5.43318
4.50585
3.66515
2.96598
2.43855
67.5752
166.847
176.387
165.88
155.644
147.345
140.719
135.391
130.969
127.161
123.769
120.664
117.755
114.984
112.31
109.706
107.155
104.644
102.168
99.7198
97.2985
94.9021
92.5299
90.1819
87.8581
85.559
83.2848
81.0361
78.8133
76.617
74.4475
72.3054
70.191
68.1047
66.0468
64.0176
62.0175
60.0465
58.1049
56.1929
54.3105
52.4579
50.635
48.8418
47.0784
45.3446
43.6404
41.9655
40.3198
38.703
37.1148
35.5551
34.0233
32.5192
31.0423
29.5921
28.1682
26.77
25.397
24.0486
22.7242
21.4231
20.1448
18.8885
17.6536
16.4395
15.2456
14.0713
12.9162
11.7801
10.6632
9.5659
8.48985
7.438
6.41591
5.43318
4.50585
3.66515
2.96598
2.43855
69.0175
158.425
167.728
159.591
151.728
145.283
139.991
135.578
131.765
128.351
125.206
122.246
119.416
116.678
114.009
111.392
108.816
106.274
103.762
101.277
98.8179
96.3832
93.9733
91.5881
89.228
86.8934
84.5849
82.3028
80.0477
77.8201
75.6202
73.4487
71.3057
69.1916
67.1068
65.0514
63.0257
61.0298
59.0639
57.128
55.2222
53.3466
51.5012
49.6858
47.9004
46.1448
44.419
42.7227
41.0556
39.4176
37.8082
36.2272
34.6742
33.1487
31.6503
30.1786
28.7329
27.3128
25.9178
24.5471
23.2001
21.8763
20.5749
19.2954
18.037
16.7991
15.5812
14.3827
13.2033
12.0428
10.9015
9.78
8.68004
7.60467
6.55932
5.553
4.60042
3.73089
3.00171
2.45367
72.8763
138.705
149.372
147.706
145.274
142.554
139.701
136.858
134.044
131.25
128.476
125.721
122.988
120.278
117.593
114.933
112.297
109.686
107.099
104.537
101.999
99.4871
97.0005
94.5401
92.1065
89.7003
87.322
84.9722
82.6514
80.3598
78.0979
75.8659
73.6643
71.4931
69.3526
67.2429
65.1641
63.1163
61.0995
59.1137
57.159
55.2351
53.342
51.4796
49.6476
47.8459
46.0743
44.3323
42.6199
40.9364
39.2817
37.6553
36.0568
34.4856
32.9413
31.4234
29.9312
28.4643
27.0219
25.6035
24.2084
22.836
21.4855
20.1563
18.8478
17.5592
16.2902
15.0401
13.8088
12.5961
11.4025
10.229
9.07771
7.952
6.85753
5.80273
4.79962
3.87145
3.07504
2.47167
89.5538
105.979
128.716
137.992
141.869
142.906
142.371
140.948
138.984
136.678
134.157
131.509
128.791
126.04
123.28
120.524
117.782
115.058
112.356
109.677
107.024
104.397
101.798
99.2274
96.6859
94.1743
91.6931
89.243
86.8243
84.4372
82.0822
79.7593
77.4687
75.2106
72.9848
70.7916
68.6308
66.5023
64.4061
62.342
60.3099
58.3095
56.3407
54.4031
52.4964
50.6204
48.7746
46.9588
45.1724
43.415
41.6863
39.9856
38.3124
36.6663
35.0466
33.4527
31.8841
30.3401
28.82
27.3232
25.8489
24.3966
22.9655
21.5549
20.1642
18.7927
17.4399
16.1053
14.7888
13.4903
12.2105
10.9508
9.71376
8.50392
7.32814
6.1962
5.12026
4.11624
3.22252
2.45603
165.884
142.176
144.012
142.191
141.697
141.86
141.908
141.511
140.539
139.003
136.991
134.617
131.986
129.188
126.291
123.344
120.382
117.427
114.493
111.59
108.722
105.893
103.103
100.355
97.6471
94.9806
92.3551
89.7706
87.2267
84.7234
82.2605
79.8378
77.4549
75.1117
72.8078
70.5431
68.317
66.1293
63.9796
61.8674
59.7923
57.7539
55.7517
53.7851
51.8536
49.9567
48.0938
46.2642
44.4674
42.7027
40.9694
39.2669
37.5945
35.9513
34.3368
32.75
31.1904
29.6569
28.1489
26.6655
25.2059
23.7693
22.3547
20.9612
19.5882
18.2346
16.8997
15.5827
14.2832
13.0007
11.7353
10.4878
9.26025
8.05633
6.88228
5.74724
4.66237
3.63697
2.67095
1.68453
127.467
171.42
172.433
163.379
156.978
152.447
148.841
145.728
142.803
139.897
136.937
133.909
130.825
127.705
124.572
121.445
118.338
115.262
112.223
109.226
106.274
103.369
100.511
97.7014
94.9391
92.2246
89.5575
86.9375
84.3643
81.8376
79.3569
76.9218
74.5319
72.1867
69.8857
67.6285
65.4145
63.2432
61.114
59.0263
56.9795
54.973
53.0061
51.0782
49.1886
47.3366
45.5215
43.7426
41.9991
40.2902
38.6152
36.9732
35.3636
33.7854
32.2377
30.7198
29.2308
27.7697
26.3358
24.928
23.5455
22.1873
20.8525
19.5402
18.2494
16.9792
15.7288
14.4974
13.2842
12.0888
10.9111
9.75142
8.61097
7.49231
6.39983
5.34032
4.32346
3.36396
2.47975
1.66021
109.769
183.904
190.017
178.625
168.595
160.905
154.805
149.777
145.411
141.439
137.705
134.12
130.636
127.229
123.885
120.598
117.366
114.189
111.065
107.994
104.977
102.013
99.1023
96.2442
93.4385
90.685
87.9832
85.3327
82.7331
80.1837
77.6843
75.2341
72.8326
70.4793
68.1735
65.9146
63.702
61.535
59.4129
57.3351
55.3007
53.3091
51.3596
49.4513
47.5836
45.7555
43.9664
42.2153
40.5016
38.8242
37.1824
35.5753
34.002
32.4616
30.9532
29.4759
28.0288
26.6109
25.2212
23.8589
22.5228
21.2121
19.9257
18.6627
17.4221
16.2029
15.0042
13.8251
12.6648
11.5227
10.3984
9.29191
8.20395
7.13648
6.09344
5.08187
4.11394
3.21071
2.39562
1.65451
102.707
189.602
197.787
185.55
174.141
165.133
157.911
151.975
146.898
142.383
138.242
134.357
130.654
127.087
123.625
120.251
116.952
113.72
110.552
107.443
104.393
101.4
98.4626
95.5805
92.7532
89.9802
87.2609
84.5949
81.9816
79.4205
76.911
74.4526
72.0447
69.6865
67.3774
65.1168
62.9039
60.738
58.6184
56.5443
54.5151
52.5298
50.5877
48.688
46.8298
45.0124
43.2349
41.4965
39.7962
38.1332
36.5066
34.9155
33.3589
31.8361
30.3459
28.8875
27.4599
26.0621
24.6931
23.352
22.0377
20.7493
19.4857
18.2459
17.0289
15.8338
14.6595
13.5051
12.3698
11.2527
10.1535
9.07193
8.00853
6.96509
5.94558
4.95753
4.01463
3.14053
2.35915
1.65108
102.707
189.602
197.787
185.55
174.141
165.133
157.911
151.975
146.898
142.383
138.242
134.357
130.654
127.087
123.625
120.251
116.952
113.72
110.552
107.443
104.393
101.4
98.4626
95.5805
92.7532
89.9802
87.2609
84.5949
81.9816
79.4205
76.911
74.4526
72.0447
69.6865
67.3774
65.1168
62.9039
60.738
58.6184
56.5443
54.5151
52.5298
50.5877
48.688
46.8298
45.0124
43.2349
41.4965
39.7962
38.1332
36.5066
34.9155
33.3589
31.8361
30.3459
28.8875
27.4599
26.0621
24.6931
23.352
22.0377
20.7493
19.4857
18.2459
17.0289
15.8338
14.6595
13.5051
12.3698
11.2527
10.1535
9.07193
8.00853
6.96509
5.94558
4.95753
4.01463
3.14053
2.35915
1.65108
109.769
183.904
190.017
178.625
168.595
160.905
154.805
149.777
145.411
141.439
137.705
134.12
130.636
127.229
123.885
120.598
117.366
114.189
111.065
107.994
104.977
102.013
99.1023
96.2442
93.4385
90.685
87.9832
85.3327
82.7331
80.1837
77.6843
75.2341
72.8326
70.4793
68.1735
65.9146
63.702
61.535
59.4129
57.3351
55.3007
53.3091
51.3596
49.4513
47.5836
45.7555
43.9664
42.2153
40.5016
38.8242
37.1824
35.5753
34.002
32.4616
30.9532
29.4759
28.0288
26.6109
25.2212
23.8589
22.5228
21.2121
19.9257
18.6627
17.4221
16.2029
15.0042
13.8251
12.6648
11.5227
10.3984
9.29191
8.20395
7.13648
6.09344
5.08187
4.11394
3.21071
2.39562
1.65451
127.467
171.42
172.433
163.379
156.978
152.447
148.841
145.728
142.803
139.897
136.937
133.909
130.825
127.705
124.572
121.445
118.338
115.262
112.223
109.226
106.274
103.369
100.511
97.7014
94.9391
92.2246
89.5575
86.9375
84.3643
81.8376
79.3569
76.9218
74.5319
72.1867
69.8857
67.6285
65.4145
63.2432
61.114
59.0263
56.9795
54.973
53.0061
51.0782
49.1886
47.3366
45.5215
43.7426
41.9991
40.2902
38.6152
36.9732
35.3636
33.7854
32.2377
30.7198
29.2308
27.7697
26.3358
24.928
23.5455
22.1873
20.8525
19.5402
18.2494
16.9792
15.7288
14.4974
13.2842
12.0888
10.9111
9.75142
8.61097
7.49231
6.39983
5.34032
4.32346
3.36396
2.47975
1.66021
165.884
142.176
144.012
142.191
141.697
141.86
141.908
141.511
140.539
139.003
136.991
134.617
131.986
129.188
126.291
123.344
120.382
117.427
114.493
111.59
108.722
105.893
103.103
100.355
97.6471
94.9806
92.3551
89.7706
87.2267
84.7234
82.2605
79.8378
77.4549
75.1117
72.8078
70.5431
68.317
66.1293
63.9796
61.8674
59.7923
57.7539
55.7517
53.7851
51.8536
49.9567
48.0938
46.2642
44.4674
42.7027
40.9694
39.2669
37.5945
35.9513
34.3368
32.75
31.1904
29.6569
28.1489
26.6655
25.2059
23.7693
22.3547
20.9612
19.5882
18.2346
16.8997
15.5827
14.2832
13.0007
11.7353
10.4878
9.26025
8.05633
6.88228
5.74724
4.66237
3.63697
2.67095
1.68453
391.555
368.63
368.988
359.215
351.595
345.84
340.344
334.507
328.121
321.182
313.787
306.064
298.133
290.094
282.02
273.966
265.967
258.048
250.223
242.503
234.894
227.4
220.022
212.763
205.623
198.605
191.707
184.932
178.28
171.751
165.346
159.067
152.912
146.883
140.98
135.203
129.553
124.031
118.635
113.367
108.227
103.214
98.3286
93.5711
88.9412
84.4389
80.0639
75.8163
71.6956
67.7017
63.8341
60.0927
56.4768
52.986
49.6197
46.3772
43.2579
40.2608
37.385
34.6294
31.9927
29.4735
27.0702
24.781
22.6036
20.5358
18.5746
16.7169
14.9591
13.297
11.7259
10.2408
8.83621
7.50651
6.24692
5.05466
3.93162
2.88687
1.92628
0.97377
320.471
396.287
401.443
384.274
370.583
360.075
350.734
341.955
333.424
324.967
316.519
308.071
299.638
291.242
282.907
274.649
266.484
258.421
250.468
242.63
234.91
227.31
219.833
212.479
205.251
198.147
191.17
184.321
177.598
171.004
164.539
158.202
151.996
145.918
139.971
134.154
128.467
122.911
117.486
112.191
107.026
101.993
97.0893
92.3165
87.674
83.1615
78.7789
74.5259
70.4022
66.4075
62.5415
58.8036
55.1935
51.7106
48.3544
45.1241
42.0192
39.0388
36.1819
33.4477
30.8349
28.3423
25.9683
23.7114
21.5695
19.5406
17.6219
15.8107
14.1034
12.4962
10.9848
9.56394
8.22822
6.97173
5.78877
4.67479
3.62879
2.65712
1.76668
0.935002
286.945
394.226
413.454
398.814
383.173
370.154
358.557
347.906
337.899
328.319
319.041
309.989
301.121
292.41
283.842
275.408
267.103
258.925
250.872
242.945
235.144
227.469
219.921
212.501
205.209
198.046
191.013
184.11
177.338
170.697
164.188
157.811
151.566
145.454
139.474
133.627
127.913
122.332
116.884
111.568
106.386
101.335
96.4176
91.6321
86.9786
82.4569
78.0667
73.8076
69.6794
65.6816
61.8138
58.0757
54.4667
50.9862
47.6337
44.4086
41.3101
38.3374
35.4898
32.7662
30.1656
27.6867
25.3282
23.0884
20.9657
18.958
17.0628
15.2774
13.5985
12.0226
10.5451
9.16118
7.86505
6.65052
5.51122
4.4419
3.44147
2.51859
1.68734
0.947187
274.791
393.364
417.488
404.259
388.471
374.787
362.376
350.938
340.251
330.123
320.419
311.047
301.942
293.056
284.359
275.827
267.446
259.207
251.103
243.13
235.289
227.576
219.993
212.54
205.217
198.025
190.964
184.036
177.239
170.576
164.045
157.648
151.385
145.255
139.26
133.398
127.671
122.077
116.618
111.292
106.1
101.042
96.1168
91.3249
86.6658
82.1393
77.7451
73.4828
69.3521
65.3525
61.4836
57.745
54.1361
50.6564
47.3053
44.0822
40.9863
38.0169
35.1732
32.4542
29.8588
27.3859
25.0341
22.8019
20.6877
18.6893
16.8046
15.0308
13.3648
11.8029
10.3409
8.97365
7.69549
6.49996
5.38048
4.33167
3.35288
2.45452
1.65412
0.957339
274.791
393.364
417.488
404.259
388.471
374.787
362.376
350.938
340.251
330.123
320.419
311.047
301.942
293.056
284.359
275.827
267.446
259.207
251.103
243.13
235.289
227.576
219.993
212.54
205.217
198.025
190.964
184.036
177.239
170.576
164.045
157.648
151.385
145.255
139.26
133.398
127.671
122.077
116.618
111.292
106.1
101.042
96.1168
91.3249
86.6658
82.1393
77.7451
73.4828
69.3521
65.3525
61.4836
57.745
54.1361
50.6564
47.3053
44.0822
40.9863
38.0169
35.1732
32.4542
29.8588
27.3859
25.0341
22.8019
20.6877
18.6893
16.8046
15.0308
13.3648
11.8029
10.3409
8.97365
7.69549
6.49996
5.38048
4.33167
3.35288
2.45452
1.65412
0.957339
286.945
394.226
413.454
398.814
383.173
370.154
358.557
347.906
337.899
328.319
319.041
309.989
301.121
292.41
283.842
275.408
267.103
258.925
250.872
242.945
235.144
227.469
219.921
212.501
205.209
198.046
191.013
184.11
177.338
170.697
164.188
157.811
151.566
145.454
139.474
133.627
127.913
122.332
116.884
111.568
106.386
101.335
96.4176
91.6321
86.9786
82.4569
78.0667
73.8076
69.6794
65.6816
61.8138
58.0757
54.4667
50.9862
47.6337
44.4086
41.3101
38.3374
35.4898
32.7662
30.1656
27.6867
25.3282
23.0884
20.9657
18.958
17.0628
15.2774
13.5985
12.0226
10.5451
9.16118
7.86505
6.65052
5.51122
4.4419
3.44147
2.51859
1.68734
0.947187
320.471
396.287
401.443
384.274
370.583
360.075
350.734
341.955
333.424
324.967
316.519
308.071
299.638
291.242
282.907
274.649
266.484
258.421
250.468
242.63
234.91
227.31
219.833
212.479
205.251
198.147
191.17
184.321
177.598
171.004
164.539
158.202
151.996
145.918
139.971
134.154
128.467
122.911
117.486
112.191
107.026
101.993
97.0893
92.3165
87.674
83.1615
78.7789
74.5259
70.4022
66.4075
62.5415
58.8036
55.1935
51.7106
48.3544
45.1241
42.0192
39.0388
36.1819
33.4477
30.8349
28.3423
25.9683
23.7114
21.5695
19.5406
17.6219
15.8107
14.1034
12.4962
10.9848
9.56394
8.22822
6.97173
5.78877
4.67479
3.62879
2.65712
1.76668
0.935002
391.555
368.63
368.988
359.215
351.595
345.84
340.344
334.507
328.121
321.182
313.787
306.064
298.133
290.094
282.02
273.966
265.967
258.048
250.223
242.503
234.894
227.4
220.022
212.763
205.623
198.605
191.707
184.932
178.28
171.751
165.346
159.067
152.912
146.883
140.98
135.203
129.553
124.031
118.635
113.367
108.227
103.214
98.3286
93.5711
88.9412
84.4389
80.0639
75.8163
71.6956
67.7017
63.8341
60.0927
56.4768
52.986
49.6197
46.3772
43.2579
40.2608
37.385
34.6294
31.9927
29.4735
27.0702
24.781
22.6036
20.5358
18.5746
16.7169
14.9591
13.297
11.7259
10.2408
8.83621
7.50651
6.24692
5.05466
3.93161
2.88687
1.92628
0.973769
639.519
604.103
591.865
575.258
564.863
556.354
547.05
536.607
525.173
512.986
500.287
487.281
474.126
460.934
447.783
434.726
421.795
409.013
396.392
383.941
371.667
359.572
347.659
335.932
324.391
313.038
301.876
290.905
280.127
269.544
259.157
248.966
238.974
229.182
219.59
210.2
201.012
192.027
183.246
174.67
166.3
158.136
150.178
142.428
134.885
127.55
120.424
113.507
106.798
100.299
94.01
87.9304
82.0607
76.401
70.9514
65.7118
60.6823
55.8627
51.253
46.8529
42.6623
38.6808
34.9079
31.3433
27.9862
24.8359
21.8911
19.1506
16.6123
14.2737
12.1312
10.1799
8.41293
6.82089
5.39135
4.10917
2.96002
1.94046
1.07561
0.399256
546.309
638.871
631.889
605.628
587.831
573.543
559.562
545.589
531.634
517.703
503.823
490.024
476.333
462.771
449.355
436.096
423.003
410.082
397.338
384.773
372.391
360.195
348.185
336.365
324.737
313.301
302.06
291.015
280.167
269.518
259.07
248.822
238.776
228.934
219.296
209.862
200.634
191.613
182.799
174.192
165.794
157.604
149.623
141.852
134.291
126.94
119.799
112.869
106.149
99.6409
93.3436
87.2576
81.3828
75.7193
70.2671
65.0261
59.9962
55.1774
50.5694
46.1721
41.9853
38.0086
34.2418
30.6842
27.3355
24.1949
21.2616
18.5346
16.0124
13.6931
11.5741
9.65168
7.92081
6.37411
5.00142
3.78936
2.72287
1.79067
0.998204
0.383073
511.036
632.21
642.543
620.536
601.638
585.106
568.759
552.682
537.029
521.806
506.977
492.497
478.324
464.419
450.756
437.315
424.08
411.045
398.203
385.552
373.091
360.822
348.743
336.858
325.168
313.673
302.376
291.278
280.381
269.685
259.192
248.902
238.818
228.939
219.267
209.802
200.545
191.496
182.657
174.027
165.607
157.397
149.399
141.611
134.035
126.67
119.517
112.576
105.847
99.3298
93.0251
86.9325
81.0521
75.3839
69.9278
64.6837
59.6514
54.8309
50.222
45.8244
41.6378
37.6621
33.8968
30.3415
26.9958
23.859
20.9306
18.2096
15.695
13.3853
11.2784
9.37151
7.66025
6.13812
4.79536
3.6181
2.5892
1.69433
0.942553
0.403605
500.354
629.135
644.984
625.301
607.014
590.219
573.163
556.261
539.849
523.998
508.682
493.838
479.397
465.3
451.496
437.951
424.638
411.539
398.645
385.95
373.449
361.142
349.03
337.113
325.391
313.868
302.544
291.42
280.498
269.779
259.264
248.954
238.851
228.954
219.265
209.785
200.513
191.451
182.6
173.958
165.528
157.309
149.302
141.506
133.923
126.552
119.393
112.447
105.713
99.1919
92.8837
86.7881
80.9051
75.2348
69.7769
64.5314
59.4982
54.677
50.0677
45.67
41.4836
37.5084
33.7439
30.1897
26.8453
23.7104
20.7842
18.066
15.5549
13.2497
11.1485
9.24875
7.54648
6.03535
4.7056
3.54294
2.52947
1.65075
0.92023
0.420325
500.354
629.135
644.984
625.301
607.014
590.219
573.163
556.261
539.849
523.998
508.682
493.838
479.397
465.3
451.496
437.951
424.638
411.539
398.645
385.95
373.449
361.142
349.03
337.113
325.391
313.868
302.544
291.42
280.498
269.779
259.264
248.954
238.851
228.954
219.265
209.785
200.513
191.451
182.6
173.958
165.528
157.309
149.302
141.506
133.923
126.552
119.393
112.447
105.713
99.1919
92.8837
86.7881
80.9051
75.2348
69.7769
64.5314
59.4982
54.677
50.0677
45.67
41.4836
37.5084
33.7439
30.1897
26.8453
23.7104
20.7842
18.066
15.5549
13.2497
11.1485
9.24875
7.54648
6.03535
4.7056
3.54294
2.52948
1.65075
0.920228
0.420323
511.036
632.21
642.543
620.536
601.638
585.106
568.759
552.682
537.029
521.806
506.977
492.497
478.324
464.419
450.756
437.315
424.08
411.045
398.203
385.552
373.091
360.822
348.743
336.858
325.168
313.673
302.376
291.278
280.381
269.685
259.192
248.902
238.818
228.939
219.267
209.802
200.545
191.496
182.657
174.027
165.607
157.397
149.399
141.611
134.035
126.67
119.517
112.576
105.847
99.3298
93.0251
86.9325
81.0521
75.3839
69.9278
64.6837
59.6514
54.8309
50.222
45.8244
41.6378
37.6621
33.8968
30.3415
26.9958
23.859
20.9306
18.2096
15.695
13.3853
11.2784
9.37151
7.66025
6.13812
4.79536
3.6181
2.5892
1.69433
0.942551
0.403603
546.309
638.871
631.889
605.628
587.831
573.543
559.562
545.589
531.634
517.703
503.823
490.024
476.333
462.771
449.355
436.096
423.003
410.082
397.338
384.773
372.391
360.195
348.185
336.365
324.737
313.301
302.06
291.015
280.167
269.518
259.07
248.822
238.776
228.934
219.296
209.862
200.634
191.613
182.799
174.192
165.794
157.604
149.623
141.852
134.291
126.94
119.799
112.869
106.149
99.6409
93.3436
87.2576
81.3828
75.7193
70.2671
65.0261
59.9962
55.1774
50.5694
46.1721
41.9853
38.0086
34.2418
30.6842
27.3355
24.1949
21.2616
18.5346
16.0124
13.6931
11.5741
9.65168
7.92081
6.37411
5.00142
3.78936
2.72287
1.79067
0.998204
0.383073
639.519
604.103
591.865
575.258
564.863
556.354
547.05
536.607
525.173
512.986
500.287
487.281
474.126
460.934
447.783
434.726
421.795
409.013
396.392
383.941
371.667
359.572
347.659
335.932
324.391
313.038
301.876
290.905
280.127
269.544
259.157
248.966
238.974
229.182
219.59
210.2
201.012
192.027
183.246
174.67
166.3
158.136
150.178
142.428
134.885
127.55
120.424
113.507
106.798
100.299
94.01
87.9304
82.0607
76.401
70.9514
65.7118
60.6823
55.8627
51.253
46.8529
42.6623
38.6808
34.9079
31.3433
27.9862
24.8359
21.8911
19.1506
16.6123
14.2737
12.1312
10.1799
8.41293
6.82089
5.39135
4.10917
2.96002
1.94046
1.07561
0.399251
948.983
813.02
801.204
791.645
781.537
769.676
755.56
739.726
722.74
705.048
686.971
668.73
650.472
632.291
614.246
596.376
578.703
561.242
544.003
526.992
510.214
493.673
477.372
461.315
445.503
429.939
414.626
399.566
384.762
370.216
355.929
341.904
328.143
314.647
301.419
288.46
275.772
263.356
251.215
239.348
227.758
216.447
205.414
194.662
184.192
174.004
164.1
154.481
145.147
136.1
127.34
118.868
110.684
102.79
95.1859
87.8723
80.8498
74.1187
67.6795
61.5326
55.6782
50.1166
44.8481
39.8729
35.1911
30.8026
26.7074
22.9056
19.3967
16.1806
13.2566
10.624
8.28205
6.2299
4.46722
2.9947
1.81521
0.934043
0.360389
0.0991807
857.421
845.042
842.172
824.34
806.515
788.311
769.068
749.381
729.667
710.11
690.785
671.717
652.907
634.35
616.038
597.967
580.133
562.536
545.175
528.051
511.168
494.527
478.131
461.982
446.084
430.439
415.049
399.916
385.044
370.434
356.087
342.007
328.194
314.651
301.379
288.379
275.654
263.204
251.031
239.137
227.521
216.187
205.134
194.363
183.877
173.675
163.759
154.129
144.787
135.732
126.966
118.49
110.303
102.407
94.8015
87.4876
80.4656
73.7357
67.2984
61.1539
55.3025
49.7443
44.4795
39.5083
34.8306
30.4465
26.356
22.559
19.0555
15.8455
12.9288
10.3058
7.97703
5.94368
4.20825
2.77485
1.64912
0.834388
0.322565
0.0713175
835.633
827.181
846.727
837.686
820.459
800.353
778.727
756.848
735.346
714.426
694.105
674.327
655.019
636.112
617.551
599.298
581.326
563.616
546.161
528.954
511.994
495.282
478.819
462.607
446.649
430.946
415.502
400.319
385.398
370.742
356.353
342.232
328.382
314.804
301.499
288.47
275.716
263.241
251.044
239.127
227.492
216.139
205.07
194.285
183.785
173.571
163.644
154.004
144.653
135.592
126.819
118.337
110.146
102.246
94.6377
87.3214
80.2976
73.5665
67.1285
60.9837
55.1323
49.5745
44.3104
39.3402
34.6637
30.2811
26.1924
22.3977
18.8971
15.691
12.7797
10.1643
7.84619
5.82752
4.11131
2.70111
1.59986
0.805457
0.303573
0.0631973
831.717
818.085
845.287
841.05
825.581
805.565
783.306
760.595
738.306
716.73
695.898
675.74
656.157
637.052
618.35
599.994
581.943
564.172
546.666
529.416
512.417
495.669
479.173
462.929
446.941
431.21
415.739
400.53
385.585
370.907
356.496
342.356
328.487
314.891
301.571
288.526
275.759
263.27
251.062
239.134
227.489
216.127
205.05
194.257
183.75
173.53
163.598
153.954
144.599
135.533
126.758
118.273
110.08
102.178
94.5681
87.2507
80.226
73.4944
67.056
60.911
55.0597
49.5021
44.2385
39.2687
34.5929
30.2112
26.1235
22.3301
18.8312
15.6274
12.7194
10.1086
7.79654
5.78584
4.07934
2.67977
1.58831
0.800457
0.300427
0.0618708
831.717
818.085
845.287
841.05
825.581
805.565
783.306
760.595
738.306
716.73
695.898
675.74
656.157
637.052
618.35
599.994
581.943
564.172
546.666
529.416
512.417
495.669
479.173
462.929
446.941
431.21
415.739
400.53
385.585
370.907
356.496
342.356
328.487
314.891
301.571
288.526
275.759
263.27
251.062
239.134
227.489
216.127
205.05
194.257
183.75
173.53
163.598
153.954
144.599
135.533
126.758
118.273
110.08
102.178
94.5681
87.2507
80.226
73.4944
67.056
60.911
55.0597
49.5021
44.2385
39.2687
34.5929
30.2112
26.1235
22.3301
18.8312
15.6274
12.7194
10.1086
7.79654
5.78584
4.07934
2.67977
1.58831
0.80046
0.300427
0.0618775
835.633
827.181
846.727
837.686
820.459
800.353
778.727
756.848
735.346
714.426
694.105
674.327
655.019
636.112
617.551
599.298
581.326
563.616
546.161
528.954
511.994
495.282
478.819
462.607
446.649
430.946
415.502
400.319
385.398
370.742
356.353
342.232
328.382
314.804
301.499
288.47
275.716
263.241
251.044
239.127
227.492
216.139
205.07
194.285
183.785
173.571
163.644
154.004
144.653
135.592
126.819
118.337
110.146
102.246
94.6377
87.3214
80.2976
73.5665
67.1285
60.9837
55.1323
49.5745
44.3104
39.3402
34.6637
30.2811
26.1924
22.3977
18.8971
15.691
12.7797
10.1643
7.84619
5.82752
4.11131
2.70111
1.59986
0.80546
0.303574
0.0632007
857.421
845.042
842.172
824.34
806.515
788.311
769.068
749.381
729.667
710.11
690.785
671.717
652.907
634.35
616.038
597.967
580.133
562.536
545.175
528.051
511.168
494.527
478.131
461.982
446.084
430.439
415.049
399.916
385.044
370.434
356.087
342.007
328.194
314.651
301.379
288.379
275.654
263.204
251.031
239.137
227.521
216.187
205.134
194.363
183.877
173.675
163.759
154.129
144.787
135.732
126.966
118.49
110.303
102.407
94.8015
87.4876
80.4656
73.7357
67.2984
61.1539
55.3025
49.7443
44.4795
39.5083
34.8306
30.4465
26.356
22.559
19.0555
15.8455
12.9288
10.3058
7.97703
5.94368
4.20825
2.77485
1.64912
0.834391
0.322566
0.0713191
948.983
813.02
801.204
791.645
781.537
769.676
755.56
739.726
722.74
705.048
686.971
668.73
650.472
632.291
614.246
596.376
578.703
561.242
544.003
526.992
510.214
493.673
477.372
461.315
445.503
429.939
414.626
399.566
384.762
370.216
355.929
341.904
328.143
314.647
301.419
288.46
275.772
263.356
251.215
239.348
227.758
216.447
205.414
194.662
184.192
174.004
164.1
154.481
145.147
136.1
127.34
118.868
110.684
102.79
95.1859
87.8723
80.8498
74.1187
67.6795
61.5326
55.6782
50.1166
44.8481
39.8729
35.1911
30.8026
26.7074
22.9056
19.3967
16.1806
13.2566
10.624
8.28204
6.2299
4.46722
2.9947
1.81521
0.934044
0.360387
0.0991878
)
;

boundaryField
{
    left
    {
        type            calculated;
        value           nonuniform List<scalar> 
64
(
1234.28
1039.08
1023.17
1025.91
1025.91
1023.17
1039.08
1234.28
665.975
486.039
438.637
425.546
425.546
438.637
486.039
665.975
349.665
233.787
188.95
172.63
172.63
188.95
233.787
349.665
124.347
76.9937
70.226
68.6762
68.6762
70.226
76.9937
124.347
206.496
124.991
95.2032
82.9619
82.9619
95.2032
124.991
206.496
428.748
279.499
216.176
191.593
191.593
216.176
279.499
428.748
680.595
488.891
433.191
418.296
418.296
433.191
488.891
680.595
1070.26
886.701
872.377
877.29
877.29
872.377
886.701
1070.26
)
;
    }
    right
    {
        type            calculated;
        value           nonuniform List<scalar> 
64
(
4.0748
4.09613
4.08154
4.06682
4.06682
4.08154
4.09614
4.0748
3.76637
3.81353
3.78177
3.75831
3.75831
3.78178
3.81354
3.76637
3.15982
3.23149
3.20356
3.17971
3.17971
3.20356
3.23149
3.15982
2.32739
2.39309
2.3771
2.36174
2.36174
2.3771
2.39309
2.32739
1.45018
1.48725
1.49608
1.49806
1.49806
1.49608
1.48725
1.45018
0.701479
0.716824
0.764963
0.790817
0.790818
0.764964
0.716823
0.701478
0.204925
0.210199
0.275023
0.309596
0.309594
0.275019
0.210198
0.204918
0.0771624
0.0123319
0.0145131
0.00831056
0.00831764
0.0144986
0.0123118
0.0771777
)
;
    }
    back
    {
        type            calculated;
        value           nonuniform List<scalar> 
640
(
1147.41
692.721
364.356
107.989
192.29
432.946
692.801
1001.15
952.952
638.935
347.007
97.2182
132.325
353.026
581.65
789.986
923.332
641.013
367.983
120.86
130.529
351.39
569.142
776.967
906.706
632
372.414
134.185
131.597
346.155
559.078
773.871
893.491
622.027
370.06
140.644
133.913
341.807
552.931
768.44
879.09
611.721
365.1
143.301
136.446
338.537
547.553
760.093
862.272
600.315
358.749
143.822
138.379
335.035
540.72
748.719
843.262
587.719
351.534
143.076
139.388
330.715
532.11
734.903
822.594
574.111
343.723
141.531
139.423
325.429
521.969
719.325
800.805
559.745
335.496
139.471
138.59
319.262
510.666
702.579
778.346
544.878
327
137.082
137.062
312.399
498.56
685.126
755.561
529.727
318.354
134.49
135.019
305.041
485.949
667.294
732.703
514.46
309.649
131.78
132.617
297.362
473.058
649.305
709.946
499.2
300.949
129.008
129.98
289.501
460.048
631.305
687.409
484.035
292.299
126.208
127.201
281.559
447.028
613.387
665.17
469.023
283.728
123.403
124.345
273.606
434.069
595.611
643.278
454.202
275.255
120.605
121.455
265.69
421.218
578.014
621.764
439.597
266.893
117.823
118.56
257.843
408.503
560.617
600.645
425.225
258.65
115.061
115.678
250.084
395.943
543.435
579.931
411.096
250.531
112.321
112.821
242.424
383.549
526.478
559.628
397.216
242.541
109.608
109.994
234.871
371.328
509.75
539.737
383.588
234.681
106.922
107.201
227.43
359.283
493.257
520.259
370.217
226.954
104.264
104.445
220.103
347.419
477.001
501.19
357.101
219.362
101.636
101.726
212.891
335.737
460.987
482.531
344.243
211.906
99.0382
99.044
205.797
324.239
445.216
464.277
331.642
204.587
96.4718
96.4001
198.822
312.928
429.691
446.426
319.298
197.405
93.9372
93.7941
191.965
301.804
414.415
428.976
307.21
190.361
91.435
91.2257
185.228
290.87
399.391
411.922
295.378
183.456
88.9654
88.6951
178.612
280.127
384.619
395.262
283.802
176.689
86.5287
86.2021
172.116
269.577
370.103
378.993
272.479
170.061
84.1253
83.7466
165.743
259.22
355.845
363.111
261.41
163.572
81.7551
81.3285
159.492
249.058
341.847
347.613
250.593
157.221
79.4183
78.9477
153.364
239.093
328.111
332.495
240.028
151.01
77.1148
76.6041
147.36
229.325
314.639
317.756
229.712
144.936
74.8448
74.2973
141.48
219.756
301.432
303.391
219.645
139.001
72.608
72.0273
135.725
210.387
288.493
289.396
209.827
133.204
70.4045
69.7938
130.094
201.219
275.823
275.77
200.254
127.545
68.234
67.5965
124.589
192.252
263.425
262.509
190.927
122.023
66.0965
65.4352
119.21
183.488
251.298
249.61
181.844
116.638
63.9916
63.3095
113.956
174.928
239.446
237.07
173.003
111.39
61.9192
61.219
108.828
166.571
227.869
224.885
164.404
106.277
59.879
59.1634
103.827
158.42
216.569
213.054
156.046
101.301
57.8706
57.1423
98.9511
150.474
205.547
201.573
147.926
96.4589
55.8939
55.1551
94.202
142.734
194.804
190.439
140.044
91.7516
53.9484
53.2016
89.5792
135.2
184.342
179.649
132.398
87.1782
52.0337
51.2811
85.0827
127.874
174.162
169.202
124.988
82.7381
50.1494
49.3932
80.7122
120.755
164.264
159.094
117.811
78.4305
48.2951
47.5373
76.4678
113.844
154.651
149.322
110.867
74.2547
46.4704
45.7128
72.3492
107.141
145.322
139.885
104.155
70.21
44.6747
43.9192
68.3562
100.647
136.278
130.78
97.6726
66.2956
42.9075
42.1559
64.4884
94.3612
127.522
122.004
91.4193
62.5106
41.1684
40.4223
60.7455
88.2848
119.052
113.555
85.3937
58.8541
39.4566
38.7176
57.1271
82.4176
110.871
105.431
79.5948
55.3252
37.7718
37.0412
53.6326
76.7597
102.979
97.6303
74.0212
51.9227
36.1132
35.3925
50.2614
71.3112
95.3758
90.1503
68.6718
48.6457
34.4802
33.7707
47.013
66.0722
88.063
82.989
63.5453
45.4928
32.8723
32.175
43.8865
61.0427
81.0408
76.1445
58.6407
42.4628
31.2887
30.6048
40.881
56.2226
74.3097
69.6152
53.9567
39.5543
29.7287
29.0593
37.9956
51.6117
67.8701
63.3991
49.4921
36.7657
28.1918
27.5376
35.229
47.21
61.7226
57.4948
45.2457
34.0953
26.6771
26.039
32.5801
43.0171
55.8673
51.9006
41.2162
31.5415
25.184
24.5627
30.0472
39.0328
50.3046
46.6151
37.4023
29.1021
23.7118
23.1078
27.6288
35.2566
45.0349
41.637
33.8027
26.7749
22.2599
21.6735
25.3228
31.688
40.0583
36.9653
30.4159
24.5577
20.8274
20.2591
23.1271
28.3262
35.3748
32.5988
27.2404
22.4477
19.4138
18.8636
21.0392
25.1703
30.9847
28.537
24.2743
20.4422
18.0186
17.4862
19.056
22.2191
26.8877
24.7792
21.5157
18.538
16.6413
16.1264
17.1744
19.471
23.0839
21.3254
18.9623
16.7319
15.2817
14.7836
15.3907
16.9238
19.5728
18.1759
16.6111
15.0204
13.94
13.4574
13.7005
14.5746
16.354
15.3315
14.4587
13.3998
12.6167
12.1482
12.0991
12.4193
13.4267
12.7941
12.5008
11.8666
11.3136
10.8569
10.5815
10.4525
10.7897
10.5668
10.7318
10.4174
10.0336
9.5859
9.14213
8.66636
8.44145
8.65476
9.14506
9.04951
8.78164
8.33949
7.77572
7.05063
6.38004
7.06543
7.73308
7.76146
7.5652
7.12481
6.47782
5.59175
4.60364
5.80793
6.48923
6.55488
6.39486
5.95219
5.24646
4.27373
3.11117
4.88911
5.41316
5.43802
5.28289
4.83354
4.08491
3.08248
1.90401
4.30334
4.52693
4.43715
4.24114
3.77535
3.00375
2.0187
0.988316
4.03537
3.91385
3.63908
3.29869
2.77004
2.01047
1.11915
0.382126
4.02757
3.72624
3.16187
2.45259
1.70571
1.00512
0.4193
0.120403
)
;
    }
    front
    {
        type            calculated;
        value           nonuniform List<scalar> 
640
(
1147.41
692.721
364.356
107.989
192.29
432.946
692.801
1001.15
952.952
638.935
347.007
97.2182
132.325
353.026
581.65
789.986
923.332
641.013
367.983
120.86
130.529
351.39
569.142
776.967
906.706
632
372.414
134.185
131.597
346.155
559.078
773.871
893.491
622.027
370.06
140.644
133.913
341.807
552.931
768.44
879.09
611.721
365.1
143.301
136.446
338.537
547.553
760.093
862.272
600.315
358.749
143.822
138.379
335.035
540.72
748.719
843.262
587.719
351.534
143.076
139.388
330.715
532.11
734.903
822.594
574.111
343.723
141.531
139.423
325.429
521.969
719.325
800.805
559.745
335.496
139.471
138.59
319.262
510.666
702.579
778.346
544.878
327
137.082
137.062
312.399
498.56
685.126
755.561
529.727
318.354
134.49
135.019
305.041
485.949
667.294
732.703
514.46
309.649
131.78
132.617
297.362
473.058
649.305
709.946
499.2
300.949
129.008
129.98
289.501
460.048
631.305
687.409
484.035
292.299
126.208
127.201
281.559
447.028
613.387
665.17
469.023
283.728
123.403
124.345
273.606
434.069
595.611
643.278
454.202
275.255
120.605
121.455
265.69
421.218
578.014
621.764
439.597
266.893
117.823
118.56
257.843
408.503
560.617
600.645
425.225
258.65
115.061
115.678
250.084
395.943
543.435
579.931
411.096
250.531
112.321
112.821
242.424
383.549
526.478
559.628
397.216
242.541
109.608
109.994
234.871
371.328
509.75
539.737
383.588
234.681
106.922
107.201
227.43
359.283
493.257
520.259
370.217
226.954
104.264
104.445
220.103
347.419
477.001
501.19
357.101
219.362
101.636
101.726
212.891
335.737
460.987
482.531
344.243
211.906
99.0382
99.044
205.797
324.239
445.216
464.277
331.642
204.587
96.4718
96.4001
198.822
312.928
429.691
446.426
319.298
197.405
93.9372
93.7941
191.965
301.804
414.415
428.976
307.21
190.361
91.435
91.2257
185.228
290.87
399.391
411.922
295.378
183.456
88.9654
88.6951
178.612
280.127
384.619
395.262
283.802
176.689
86.5287
86.2021
172.116
269.577
370.103
378.993
272.479
170.061
84.1253
83.7466
165.743
259.22
355.845
363.111
261.41
163.572
81.7551
81.3285
159.492
249.058
341.847
347.613
250.593
157.221
79.4183
78.9477
153.364
239.093
328.111
332.495
240.028
151.01
77.1148
76.6041
147.36
229.325
314.639
317.756
229.712
144.936
74.8448
74.2973
141.48
219.756
301.432
303.391
219.645
139.001
72.608
72.0273
135.725
210.387
288.493
289.396
209.827
133.204
70.4045
69.7938
130.094
201.219
275.823
275.77
200.254
127.545
68.234
67.5965
124.589
192.252
263.425
262.509
190.927
122.023
66.0965
65.4352
119.21
183.488
251.298
249.61
181.844
116.638
63.9916
63.3095
113.956
174.928
239.446
237.07
173.003
111.39
61.9192
61.219
108.828
166.571
227.869
224.885
164.404
106.277
59.879
59.1634
103.827
158.42
216.569
213.054
156.046
101.301
57.8706
57.1423
98.9511
150.474
205.547
201.573
147.926
96.4589
55.8939
55.1551
94.202
142.734
194.804
190.439
140.044
91.7516
53.9484
53.2016
89.5792
135.2
184.342
179.649
132.398
87.1782
52.0337
51.2811
85.0827
127.874
174.162
169.202
124.988
82.7381
50.1494
49.3932
80.7122
120.755
164.264
159.094
117.811
78.4305
48.2951
47.5373
76.4678
113.844
154.651
149.322
110.867
74.2547
46.4704
45.7128
72.3492
107.141
145.322
139.885
104.155
70.21
44.6747
43.9192
68.3562
100.647
136.278
130.78
97.6726
66.2956
42.9075
42.1559
64.4884
94.3612
127.522
122.004
91.4193
62.5106
41.1684
40.4223
60.7455
88.2848
119.052
113.555
85.3937
58.8541
39.4566
38.7176
57.1271
82.4176
110.871
105.431
79.5948
55.3252
37.7718
37.0412
53.6326
76.7597
102.979
97.6303
74.0212
51.9228
36.1132
35.3925
50.2614
71.3112
95.3758
90.1503
68.6718
48.6457
34.4802
33.7707
47.013
66.0722
88.063
82.989
63.5453
45.4928
32.8723
32.175
43.8865
61.0427
81.0408
76.1445
58.6407
42.4628
31.2887
30.6048
40.881
56.2226
74.3097
69.6152
53.9567
39.5543
29.7287
29.0593
37.9956
51.6117
67.8701
63.3991
49.4921
36.7657
28.1918
27.5376
35.229
47.21
61.7226
57.4948
45.2457
34.0953
26.6771
26.039
32.5801
43.0171
55.8673
51.9006
41.2162
31.5415
25.184
24.5627
30.0472
39.0328
50.3046
46.6151
37.4023
29.1021
23.7118
23.1078
27.6288
35.2566
45.0349
41.637
33.8027
26.7749
22.2599
21.6735
25.3228
31.688
40.0583
36.9653
30.4159
24.5577
20.8274
20.2591
23.1271
28.3262
35.3748
32.5988
27.2404
22.4477
19.4138
18.8636
21.0392
25.1703
30.9847
28.537
24.2743
20.4422
18.0186
17.4862
19.056
22.2191
26.8877
24.7792
21.5157
18.538
16.6413
16.1264
17.1744
19.471
23.0839
21.3254
18.9623
16.7319
15.2817
14.7836
15.3907
16.9238
19.5728
18.1759
16.6111
15.0204
13.94
13.4574
13.7005
14.5746
16.354
15.3315
14.4587
13.3998
12.6167
12.1482
12.0991
12.4193
13.4267
12.7941
12.5008
11.8666
11.3136
10.8569
10.5815
10.4525
10.7897
10.5668
10.7318
10.4174
10.0336
9.5859
9.14213
8.66636
8.44145
8.65476
9.14506
9.04951
8.78164
8.33949
7.77572
7.05063
6.38004
7.06543
7.73308
7.76146
7.5652
7.12481
6.47782
5.59175
4.60364
5.80793
6.48923
6.55488
6.39486
5.95219
5.24647
4.27373
3.11117
4.88912
5.41316
5.43802
5.28289
4.83354
4.08491
3.08248
1.904
4.30335
4.52692
4.43715
4.24114
3.77535
3.00376
2.0187
0.988315
4.03537
3.91385
3.63908
3.29869
2.77004
2.01047
1.11916
0.382129
4.02757
3.72624
3.16187
2.45259
1.70571
1.00512
0.419309
0.120388
)
;
    }
    top
    {
        type            calculated;
        value           nonuniform List<scalar> 
640
(
1104.99
1017.88
1005.65
1006.24
1006.24
1005.65
1017.88
1104.99
911.666
941.576
917.179
904.319
904.319
917.179
941.576
911.666
903.309
944.57
945.807
942.159
942.159
945.807
944.57
903.309
899.041
932.977
945.658
948.366
948.366
945.658
932.977
899.041
889.45
915.429
929.544
934.625
934.625
929.544
915.429
889.45
876.043
895.286
907.579
912.888
912.888
907.579
895.286
876.043
859.64
873.44
883.264
887.937
887.937
883.264
873.44
859.64
841.224
850.944
858.477
862.283
862.283
858.477
850.944
841.224
821.57
828.414
834.075
837.056
837.056
834.075
828.414
821.57
801.222
806.113
810.349
812.641
812.641
810.349
806.113
801.222
780.546
784.138
787.335
789.093
789.093
787.335
784.138
780.546
759.773
762.508
764.968
766.33
766.33
764.968
762.508
759.773
739.045
741.212
743.157
744.234
744.234
743.157
741.212
739.045
718.448
720.229
721.815
722.688
722.688
721.815
720.229
718.448
698.032
699.541
700.874
701.602
701.602
700.874
699.541
698.032
677.828
679.133
680.282
680.905
680.905
680.282
679.133
677.828
657.855
658.997
660.007
660.551
660.551
660.007
658.997
657.855
638.123
639.128
640.026
640.509
640.509
640.026
639.128
638.123
618.64
619.522
620.327
620.76
620.76
620.327
619.522
618.64
599.412
600.182
600.904
601.294
601.294
600.904
600.182
599.412
580.443
581.107
581.755
582.107
582.107
581.755
581.107
580.443
561.736
562.301
562.88
563.196
563.196
562.88
562.301
561.736
543.295
543.765
544.28
544.564
544.564
544.28
543.765
543.295
525.123
525.504
525.957
526.211
526.211
525.957
525.504
525.123
507.223
507.52
507.915
508.14
508.14
507.915
507.52
507.223
489.598
489.816
490.156
490.353
490.353
490.156
489.816
489.598
472.251
472.395
472.683
472.855
472.855
472.683
472.395
472.251
455.185
455.26
455.499
455.646
455.646
455.499
455.26
455.185
438.402
438.412
438.606
438.73
438.73
438.606
438.412
438.402
421.905
421.856
422.007
422.11
422.11
422.007
421.856
421.905
405.696
405.592
405.704
405.787
405.787
405.704
405.592
405.696
389.779
389.624
389.699
389.764
389.764
389.699
389.624
389.779
374.155
373.954
373.995
374.042
374.042
373.995
373.954
374.155
358.826
358.583
358.593
358.624
358.624
358.593
358.583
358.826
343.796
343.514
343.496
343.512
343.512
343.496
343.514
343.796
329.065
328.749
328.705
328.708
328.708
328.705
328.749
329.065
314.637
314.29
314.222
314.213
314.213
314.222
314.29
314.637
300.513
300.138
300.049
300.028
300.028
300.049
300.138
300.513
286.695
286.296
286.187
286.157
286.157
286.187
286.296
286.695
273.186
272.765
272.639
272.599
272.599
272.639
272.765
273.186
259.986
259.547
259.405
259.358
259.358
259.405
259.547
259.986
247.098
246.643
246.487
246.433
246.433
246.487
246.643
247.098
234.523
234.056
233.888
233.827
233.827
233.888
234.056
234.523
222.263
221.785
221.607
221.541
221.541
221.607
221.785
222.263
210.32
209.834
209.647
209.576
209.576
209.647
209.834
210.32
198.696
198.203
198.008
197.933
197.933
198.008
198.203
198.696
187.39
186.893
186.693
186.614
186.614
186.693
186.893
187.39
176.406
175.906
175.701
175.619
175.619
175.701
175.906
176.406
165.744
165.244
165.035
164.951
164.951
165.035
165.244
165.744
155.406
154.906
154.694
154.609
154.609
154.694
154.906
155.406
145.393
144.895
144.682
144.595
144.595
144.682
144.895
145.393
135.706
135.211
134.997
134.909
134.909
134.997
135.211
135.706
126.346
125.855
125.641
125.553
125.553
125.641
125.855
126.346
117.314
116.829
116.615
116.527
116.527
116.615
116.829
117.314
108.611
108.132
107.92
107.832
107.832
107.92
108.132
108.611
100.238
99.7667
99.5563
99.4692
99.4692
99.5563
99.7667
100.238
92.196
91.7325
91.5246
91.4383
91.4383
91.5246
91.7325
92.196
84.4856
84.0306
83.8256
83.7404
83.7404
83.8256
84.0306
84.4856
77.1077
76.6614
76.4597
76.3758
76.3758
76.4597
76.6614
77.1077
70.0627
69.6257
69.4276
69.3451
69.3451
69.4276
69.6257
70.0627
63.3512
62.9238
62.7295
62.6486
62.6486
62.7295
62.9238
63.3512
56.9739
56.5561
56.3659
56.2867
56.2867
56.3659
56.5561
56.9739
50.9312
50.5232
50.3372
50.2598
50.2598
50.3372
50.5232
50.9312
45.2235
44.8253
44.6436
44.5681
44.5681
44.6436
44.8253
45.2235
39.851
39.4626
39.2854
39.2119
39.2119
39.2854
39.4626
39.851
34.814
34.4353
34.2626
34.1912
34.1912
34.2626
34.4353
34.814
30.1126
29.7436
29.5756
29.5064
29.5064
29.5756
29.7436
30.1126
25.747
25.3875
25.2246
25.1578
25.1578
25.2246
25.3875
25.747
21.717
21.3672
21.2097
21.1458
21.1458
21.2097
21.3672
21.717
18.0226
17.6828
17.5317
17.4712
17.4712
17.5317
17.6828
18.0226
14.6636
14.3346
14.1913
14.1351
14.1351
14.1913
14.3346
14.6636
11.6399
11.3234
11.19
11.1395
11.1395
11.19
11.3234
11.6399
8.9518
8.65052
8.53014
8.487
8.487
8.53014
8.65052
8.95179
6.60046
6.31903
6.21555
6.18175
6.18175
6.21555
6.31903
6.60046
4.5894
4.33439
4.25214
4.22949
4.22948
4.25213
4.33439
4.5894
2.92613
2.70614
2.64845
2.63779
2.63778
2.64845
2.70614
2.92614
1.62474
1.44918
1.41606
1.41614
1.41614
1.41606
1.44918
1.62475
0.704877
0.581439
0.566507
0.572742
0.572753
0.566521
0.58145
0.704876
0.176609
0.132145
0.118515
0.114067
0.114088
0.118537
0.132141
0.176605
0.0489427
0.0989414
0.126309
0.121974
0.121949
0.126289
0.0989594
0.0489531
)
;
    }
    bottom
    {
        type            calculated;
        value           nonuniform List<scalar> 
640
(
1343.94
1237.8
1216.94
1214.06
1214.06
1216.94
1237.8
1343.94
1121.52
1123.39
1097.3
1085.15
1085.15
1097.3
1123.39
1121.52
1085.24
1109.16
1101.82
1095.25
1095.25
1101.82
1109.16
1085.24
1063.47
1085.86
1088.21
1086.19
1086.19
1088.21
1085.86
1063.47
1045.14
1061.11
1066
1066.33
1066.33
1066
1061.11
1045.14
1025.43
1035.43
1039.73
1040.78
1040.78
1039.73
1035.43
1025.43
1003.29
1008.68
1011.48
1012.4
1012.4
1011.48
1008.68
1003.29
979.1
981.236
982.544
983.041
983.041
982.544
981.236
979.1
953.459
953.445
953.572
953.625
953.625
953.572
953.445
953.459
926.907
925.556
924.851
924.545
924.545
924.851
925.556
926.907
899.878
897.752
896.513
895.955
895.955
896.513
897.752
899.878
872.696
870.166
868.618
867.903
867.903
868.618
870.166
872.696
845.592
842.897
841.197
840.398
840.398
841.197
842.897
845.592
818.724
816.01
814.264
813.433
813.433
814.264
816.01
818.724
792.2
789.555
787.828
786.999
786.999
787.828
789.555
792.2
766.089
763.562
761.893
761.089
761.089
761.893
763.562
766.089
740.435
738.051
736.463
735.695
735.695
736.463
738.051
740.435
715.262
713.033
711.538
710.812
710.812
711.538
713.033
715.262
690.586
688.514
687.116
686.436
686.436
687.116
688.514
690.586
666.414
664.496
663.195
662.561
662.561
663.195
664.496
666.414
642.746
640.979
639.772
639.184
639.184
639.772
640.979
642.746
619.584
617.959
616.843
616.3
616.3
616.843
617.959
619.584
596.923
595.434
594.405
593.904
593.904
594.405
595.434
596.923
574.76
573.399
572.453
571.992
571.992
572.453
573.399
574.76
553.092
551.85
550.982
550.559
550.559
550.982
551.85
553.092
531.913
530.783
529.987
529.6
529.6
529.987
530.783
531.913
511.218
510.193
509.465
509.111
509.111
509.465
510.193
511.218
491.004
490.075
489.411
489.089
489.089
489.411
490.075
491.004
471.264
470.424
469.82
469.527
469.527
469.82
470.424
471.264
451.994
451.237
450.688
450.422
450.422
450.688
451.237
451.994
433.189
432.509
432.01
431.77
431.77
432.01
432.509
433.189
414.845
414.234
413.783
413.566
413.566
413.783
414.234
414.845
396.957
396.41
396.002
395.806
395.806
396.002
396.41
396.957
379.519
379.03
378.662
378.487
378.487
378.662
379.03
379.519
362.528
362.092
361.761
361.603
361.603
361.761
362.092
362.528
345.978
345.59
345.292
345.151
345.151
345.292
345.59
345.978
329.866
329.521
329.254
329.128
329.128
329.254
329.521
329.866
314.186
313.88
313.641
313.529
313.529
313.641
313.88
314.186
298.935
298.664
298.449
298.35
298.35
298.449
298.664
298.935
284.109
283.868
283.676
283.588
283.588
283.676
283.868
284.109
269.702
269.488
269.317
269.239
269.239
269.317
269.488
269.702
255.712
255.521
255.368
255.299
255.299
255.368
255.521
255.712
242.133
241.963
241.826
241.765
241.765
241.826
241.963
242.133
228.963
228.81
228.687
228.633
228.633
228.687
228.81
228.963
216.197
216.059
215.948
215.901
215.901
215.948
216.059
216.197
203.832
203.706
203.606
203.564
203.564
203.606
203.706
203.832
191.864
191.748
191.657
191.619
191.619
191.657
191.748
191.864
180.289
180.181
180.097
180.064
180.064
180.097
180.181
180.289
169.105
169.002
168.925
168.896
168.896
168.925
169.002
169.105
158.307
158.208
158.137
158.11
158.11
158.137
158.208
158.307
147.893
147.797
147.73
147.705
147.705
147.73
147.797
147.893
137.86
137.764
137.7
137.678
137.678
137.7
137.764
137.86
128.204
128.108
128.046
128.025
128.025
128.046
128.108
128.204
118.923
118.825
118.765
118.745
118.745
118.765
118.825
118.923
110.013
109.913
109.854
109.834
109.834
109.854
109.913
110.013
101.473
101.369
101.311
101.291
101.291
101.311
101.369
101.473
93.2994
93.1912
93.1325
93.1126
93.1126
93.1325
93.1912
93.2994
85.4898
85.3766
85.3171
85.2969
85.2969
85.3171
85.3766
85.4898
78.0418
77.9232
77.8625
77.8418
77.8418
77.8625
77.9232
78.0418
70.9533
70.8288
70.7666
70.7451
70.7451
70.7666
70.8288
70.9533
64.222
64.0913
64.0273
64.0049
64.0049
64.0273
64.0913
64.222
57.8461
57.709
57.6428
57.6194
57.6194
57.6428
57.709
57.8461
51.8236
51.6799
51.6115
51.5869
51.5869
51.6115
51.6799
51.8236
46.1528
46.0025
45.9317
45.9059
45.9059
45.9317
46.0025
46.1528
40.8323
40.6755
40.6021
40.5751
40.5751
40.6021
40.6755
40.8323
35.8608
35.6976
35.6218
35.5936
35.5936
35.6218
35.6976
35.8608
31.2373
31.068
30.99
30.9607
30.9607
30.99
31.068
31.2373
26.9614
26.7865
26.7065
26.6763
26.6763
26.7065
26.7865
26.9614
23.033
22.8532
22.7718
22.7412
22.7412
22.7718
22.8532
23.033
19.453
19.2693
19.1877
19.1572
19.1572
19.1877
19.2693
19.453
16.2233
16.0377
15.9573
15.9278
15.9278
15.9573
16.0377
16.2233
13.3482
13.1633
13.0864
13.0592
13.0592
13.0864
13.1633
13.3482
10.835
10.6549
10.5844
10.561
10.561
10.5844
10.6549
10.835
8.69608
8.5266
8.46588
8.44776
8.44776
8.46588
8.5266
8.69609
6.95069
6.79918
6.75107
6.73893
6.73893
6.75107
6.79918
6.95069
5.62301
5.49671
5.46181
5.45481
5.45481
5.4618
5.49671
5.623
4.72998
4.63195
4.60759
4.60321
4.6032
4.60759
4.63194
4.72996
4.24971
4.1787
4.16222
4.15811
4.1581
4.16222
4.1787
4.2497
4.11524
4.07067
4.06219
4.05728
4.05728
4.0622
4.07067
4.11524
4.15617
4.15599
4.15562
4.14842
4.14842
4.15562
4.15599
4.15617
)
;
    }
}


// ************************************************************************* //
