/*--------------------------------*- C++ -*----------------------------------*\
| =========                 |                                                 |
| \\      /  F ield         | foam-extend: Open Source CFD                    |
|  \\    /   O peration     | Version:     4.1                                |
|   \\  /    A nd           | Web:         http://www.foam-extend.org         |
|    \\/     M anipulation  |                                                 |
\*---------------------------------------------------------------------------*/
FoamFile
{
    version     2.0;
    format      ascii;
    class       volVectorField;
    location    "0.197";
    object      traction;
}
// * * * * * * * * * * * * * * * * * * * * * * * * * * * * * * * * * * * * * //

dimensions      [1 -1 -2 0 0 0 0];

internalField   uniform (0 0 0);

boundaryField
{
    left
    {
        type            calculated;
        value           nonuniform List<vector> 
64
(
(-1198.13 -164.78 -125.286)
(-1071.56 -142.626 -163.542)
(-1084.69 -77.4781 -190.428)
(-1096.28 -23.8445 -202.086)
(-1096.28 23.8445 -202.086)
(-1084.69 77.4781 -190.428)
(-1071.56 142.626 -163.542)
(-1198.13 164.78 -125.286)
(-703.141 -116.944 -48.2487)
(-617.575 -102.353 -86.161)
(-620.494 -53.5928 -104.065)
(-622.963 -15.987 -111.532)
(-622.963 15.987 -111.532)
(-620.494 53.5928 -104.065)
(-617.575 102.353 -86.161)
(-703.141 116.944 -48.2487)
(-375.239 -67.0256 23.5565)
(-334.531 -62.6557 -5.10709)
(-341.061 -32.8993 -9.83392)
(-343.622 -9.67564 -11.6262)
(-343.622 9.67564 -11.6262)
(-341.061 32.8993 -9.83392)
(-334.531 62.6557 -5.10709)
(-375.239 67.0256 23.5565)
(-82.3402 -13.7979 56.5591)
(-83.027 -11.8951 29.4195)
(-87.9128 -5.76999 30.8204)
(-89.4679 -1.56995 31.8784)
(-89.4679 1.56995 31.8784)
(-87.9128 5.76999 30.8204)
(-83.027 11.8951 29.4195)
(-82.3402 13.7979 56.5591)
(191.706 31.4095 59.0819)
(149.899 41.0579 28.7256)
(148.734 23.2608 28.2805)
(148.67 7.10685 28.4979)
(148.67 -7.10685 28.4979)
(148.734 -23.2608 28.2805)
(149.899 -41.0579 28.7256)
(191.706 -31.4095 59.0819)
(454.597 60.9077 33.8662)
(372.301 86.8441 -4.81233)
(374.214 48.7622 -14.9508)
(375.685 14.7784 -19.2794)
(375.685 -14.7784 -19.2794)
(374.214 -48.7622 -14.9508)
(372.301 -86.8441 -4.81233)
(454.597 -60.9077 33.8662)
(712.425 68.9493 -14.006)
(588.684 117.029 -65.2193)
(589.928 65.9936 -89.1745)
(592.308 20.0939 -99.6848)
(592.308 -20.0939 -99.6848)
(589.928 -65.9936 -89.1745)
(588.684 -117.029 -65.2193)
(712.425 -68.9493 -14.006)
(1048.02 52.8107 -11.4039)
(919.177 138.167 -43.079)
(942.646 79.9224 -54.6814)
(958.326 24.6595 -58.4398)
(958.326 -24.6595 -58.4398)
(942.646 -79.9224 -54.6814)
(919.177 -138.167 -43.079)
(1048.02 -52.8107 -11.4039)
)
;
    }
    right
    {
        type            calculated;
        value           nonuniform List<vector> 
64
(
(-0.627151 0.00330444 1.47389)
(-0.62936 -0.00127692 1.47909)
(-0.627656 -0.00373839 1.47508)
(-0.626871 -0.00174736 1.47323)
(-0.626871 0.00174729 1.47323)
(-0.627655 0.0037384 1.47508)
(-0.629361 0.00127708 1.47909)
(-0.627151 -0.00330442 1.47389)
(-0.578744 -0.00718672 1.3604)
(-0.595337 -0.0174675 1.39936)
(-0.594076 -0.016746 1.39637)
(-0.593001 -0.00656625 1.39384)
(-0.593001 0.006566 1.39384)
(-0.594077 0.0167459 1.39638)
(-0.595338 0.0174677 1.39937)
(-0.578744 0.0071869 1.3604)
(-0.478507 -0.0247927 1.12505)
(-0.501097 -0.0475761 1.17808)
(-0.50111 -0.0362182 1.17808)
(-0.500365 -0.0130621 1.17631)
(-0.500365 0.0130619 1.17631)
(-0.50111 0.0362182 1.17808)
(-0.501097 0.0475761 1.17809)
(-0.478507 0.0247928 1.12505)
(-0.341835 -0.0369303 0.803836)
(-0.359798 -0.0680399 0.846002)
(-0.35917 -0.0493097 0.844487)
(-0.359051 -0.0173909 0.84419)
(-0.359051 0.0173909 0.84419)
(-0.35917 0.0493097 0.844487)
(-0.359798 0.0680399 0.846002)
(-0.341834 0.0369303 0.803835)
(-0.202211 -0.0362582 0.475506)
(-0.207587 -0.0665364 0.488107)
(-0.205742 -0.0480979 0.483744)
(-0.206269 -0.0170316 0.484972)
(-0.206269 0.0170316 0.484972)
(-0.205742 0.0480979 0.483744)
(-0.207587 0.0665365 0.488106)
(-0.202211 0.0362582 0.475506)
(-0.0894376 -0.0226382 0.210283)
(-0.0819449 -0.0431728 0.192657)
(-0.0798094 -0.0327599 0.187627)
(-0.0809161 -0.0120363 0.190224)
(-0.0809164 0.0120363 0.190225)
(-0.0798097 0.0327597 0.187628)
(-0.0819448 0.0431729 0.192656)
(-0.0894382 0.0226383 0.210284)
(-0.0266541 -0.00366716 0.062651)
(-0.0136226 -0.0118081 0.0320205)
(-0.0140603 -0.0126216 0.0330483)
(-0.0158956 -0.0054096 0.0373611)
(-0.0158949 0.00541055 0.0373597)
(-0.0140594 0.0126211 0.0330463)
(-0.0136229 0.0118078 0.0320212)
(-0.0266539 0.00366721 0.0626506)
(-0.00604308 0.00601274 0.0141937)
(0.00172862 0.00136053 -0.0040764)
(0.00146753 -0.00190759 -0.00346175)
(0.00105112 -0.00125554 -0.00248312)
(0.0010513 0.00125586 -0.00248358)
(0.0014671 0.00190748 -0.00346078)
(0.00172567 -0.00136073 -0.00406943)
(-0.00604324 -0.00601316 0.0141941)
)
;
    }
    back
    {
        type            calculated;
        value           nonuniform List<vector> 
640
(
(-53.5325 2.49585 -2.88167)
(-26.7299 1.00729 -0.749699)
(-9.09157 0.224678 0.738079)
(-1.00477 0.00634088 0.138296)
(-4.24771 -0.102372 -1.4424)
(-18.7789 -0.784549 -2.41344)
(-43.0545 -2.55359 -1.75419)
(-79.4668 -6.1574 -2.18375)
(-15.9262 0.265627 -0.735311)
(-5.11231 0.0367382 -0.529134)
(-0.767417 -0.00523787 -0.367091)
(0.239372 -0.0105374 -0.431306)
(-0.724839 -0.0149066 -0.451782)
(-3.49163 -0.0411531 -0.398174)
(-8.94675 -0.137367 -0.242603)
(-17.8657 -0.40341 -0.403541)
(-5.93083 0.0328662 -0.516186)
(-0.905466 -0.0114406 -0.613493)
(0.859289 -0.0124988 -0.515577)
(0.804401 -0.0119799 -0.49299)
(0.30799 -0.00983631 -0.393813)
(-0.446426 -0.00704094 -0.26245)
(-2.18295 -0.0107467 -0.167655)
(-4.66067 -0.0273101 -0.157023)
(-2.46521 0.00113211 -0.373168)
(-0.110025 -0.0146285 -0.582389)
(0.963609 -0.0144362 -0.534933)
(1.00946 -0.0135331 -0.509786)
(0.738862 -0.0114949 -0.435595)
(0.325374 -0.00869136 -0.340434)
(-0.438013 -0.00699406 -0.281099)
(-1.19134 -0.00331752 -0.118523)
(-0.674778 -0.00464234 -0.246199)
(0.449822 -0.0148165 -0.519702)
(1.03687 -0.0149942 -0.514589)
(1.12769 -0.0145582 -0.504848)
(1.02001 -0.012907 -0.447499)
(0.860636 -0.0105697 -0.363584)
(0.677229 -0.00814406 -0.278935)
(0.587957 -0.00206709 -0.0313017)
(0.36995 -0.00434158 -0.13077)
(0.872641 -0.013536 -0.436586)
(1.13378 -0.0142317 -0.460098)
(1.20181 -0.0146085 -0.474334)
(1.20055 -0.0137077 -0.434882)
(1.24002 -0.0121404 -0.354743)
(1.38902 -0.0104017 -0.243221)
(1.65487 -0.00484746 0.0651961)
(0.976414 -0.00268943 -0.0332464)
(1.14031 -0.0118346 -0.354648)
(1.20682 -0.0129344 -0.394553)
(1.24275 -0.0139726 -0.428294)
(1.30235 -0.0137499 -0.402654)
(1.45885 -0.0128796 -0.324081)
(1.7629 -0.011914 -0.197571)
(2.19216 -0.00725253 0.146225)
(1.31511 -0.00107791 0.0454124)
(1.29302 -0.0101956 -0.281503)
(1.24746 -0.0115093 -0.329453)
(1.25741 -0.0129538 -0.375502)
(1.34677 -0.013194 -0.358637)
(1.5592 -0.0127983 -0.281285)
(1.92017 -0.0123469 -0.149808)
(2.39617 -0.00828637 0.207962)
(1.49016 0.000168126 0.107346)
(1.36766 -0.00875977 -0.218533)
(1.25974 -0.0101321 -0.269285)
(1.2517 -0.0117727 -0.321781)
(1.35169 -0.0122833 -0.310083)
(1.58271 -0.0121717 -0.234602)
(1.95165 -0.0120215 -0.104819)
(2.41987 -0.00831441 0.253494)
(1.56691 0.00105393 0.155679)
(1.39203 -0.0075383 -0.164973)
(1.25093 -0.0088706 -0.215454)
(1.23108 -0.0105682 -0.270514)
(1.33099 -0.0112182 -0.261866)
(1.56056 -0.0112684 -0.18906)
(1.91572 -0.0112977 -0.0647519)
(2.35642 -0.00783255 0.287021)
(1.58561 0.00166156 0.193398)
(1.38538 -0.0065013 -0.119395)
(1.22778 -0.00774232 -0.167992)
(1.20017 -0.00941684 -0.223369)
(1.29464 -0.010129 -0.216677)
(1.51346 -0.0102727 -0.147124)
(1.84706 -0.0104212 -0.0300334)
(2.25584 -0.00715995 0.311981)
(1.57041 0.00207005 0.22291)
(1.36005 -0.00561494 -0.0804195)
(1.19532 -0.00674463 -0.12643)
(1.16254 -0.00835506 -0.180952)
(1.24941 -0.00908737 -0.175691)
(1.45408 -0.00928879 -0.10967)
(1.76482 -0.00952599 -0.000280636)
(2.14307 -0.0064588 0.330798)
(1.53562 0.00233851 0.246017)
(1.32365 -0.00485137 -0.0469216)
(1.15706 -0.00586734 -0.0901601)
(1.12078 -0.00739539 -0.143277)
(1.19962 -0.00812616 -0.139187)
(1.38969 -0.00836625 -0.076728)
(1.67894 -0.00867474 0.0251499)
(2.02972 -0.0057993 0.345071)
(1.48966 0.00250778 0.264032)
(1.28082 -0.00418924 -0.0180256)
(1.11532 -0.00509782 -0.0585724)
(1.07673 -0.00653735 -0.110059)
(1.14795 -0.00725556 -0.106988)
(1.32427 -0.00752342 -0.0479674)
(1.59414 -0.00789063 0.0468911)
(1.9206 -0.00520511 0.3558)
(1.43754 0.00260552 0.277906)
(1.23441 -0.00361231 0.00694371)
(1.07168 -0.00442331 -0.0311049)
(1.03162 -0.00577417 -0.0808936)
(1.09597 -0.00647408 -0.0787285)
(1.25981 -0.00676256 -0.0229489)
(1.5124 -0.00717776 0.0654692)
(1.8172 -0.00467863 0.363598)
(1.38224 0.00265055 0.28834)
(1.18618 -0.00310796 0.0285128)
(1.02718 -0.00383196 -0.00726283)
(0.986296 -0.0050967 -0.0553523)
(1.04458 -0.00577508 -0.0539956)
(1.1972 -0.00607872 -0.00124186)
(1.43431 -0.00653203 0.0812939)
(1.71956 -0.00421401 0.368846)
(1.32557 0.00265596 0.295859)
(1.13723 -0.00266619 0.0470996)
(0.982521 -0.00331326 0.0133802)
(0.941291 -0.00449544 -0.0330332)
(0.994246 -0.00515026 -0.0323956)
(1.13678 -0.00546451 0.0175329)
(1.35985 -0.00594671 0.0946811)
(1.62719 -0.00380312 0.371797)
(1.26861 0.00263115 0.300869)
(1.08826 -0.00227886 0.0630436)
(0.938167 -0.00285808 0.0311875)
(0.896963 -0.00396157 -0.0135788)
(0.945231 -0.00459141 -0.01358)
(1.0786 -0.00491224 0.0336969)
(1.28877 -0.00541486 0.10588)
(1.53948 -0.00343813 0.372646)
(1.21208 0.002583 0.303694)
(1.03972 -0.00193922 0.0766264)
(0.894441 -0.00245859 0.0464684)
(0.853546 -0.00348725 0.0033203)
(0.897654 -0.00409105 0.00275108)
(1.02263 -0.00441492 0.0475208)
(1.22079 -0.00493029 0.115094)
(1.45592 -0.00311232 0.371561)
(1.15639 0.00251679 0.304601)
(0.991921 -0.00164161 0.0880868)
(0.851563 -0.00210809 0.0594873)
(0.811191 -0.00306567 0.0179301)
(0.851569 -0.00364268 0.016854)
(0.968766 -0.00396647 0.0592351)
(1.15565 -0.00448779 0.122503)
(1.37608 -0.00282022 0.368704)
(1.10183 0.0024366 0.303813)
(0.945066 -0.00138119 0.0976313)
(0.809685 -0.00180085 0.070472)
(0.769997 -0.00269099 0.0304799)
(0.807 -0.00324067 0.0289491)
(0.916938 -0.00356168 0.0690403)
(1.09315 -0.00408303 0.128266)
(1.29966 -0.00255746 0.364239)
(1.04858 0.00234573 0.301526)
(0.899295 -0.00115375 0.105442)
(0.768909 -0.00153191 0.0796218)
(0.73003 -0.00235812 0.041169)
(0.763952 -0.00288022 0.0392289)
(0.867072 -0.00319613 0.0771145)
(1.03315 -0.00371242 0.132532)
(1.22647 -0.00232047 0.358326)
(0.996756 0.00224686 0.297911)
(0.854703 -0.000955642 0.11168)
(0.729305 -0.00129696 0.0871129)
(0.691329 -0.00206265 0.0501736)
(0.722422 -0.00255711 0.0478639)
(0.819114 -0.00286599 0.0836192)
(0.975546 -0.00337292 0.135441)
(1.15634 -0.00210636 0.351128)
(0.946424 0.00214221 0.293123)
(0.811355 -0.000783631 0.116494)
(0.69092 -0.0010922 0.0931036)
(0.653921 -0.0018007 0.0576516)
(0.682403 -0.00226766 0.0550078)
(0.773019 -0.00256791 0.0887027)
(0.920248 -0.00306191 0.137126)
(1.08917 -0.00191269 0.342804)
(0.897628 0.00203366 0.287304)
(0.769294 -0.000634839 0.120018)
(0.653782 -0.000914281 0.0977379)
(0.617819 -0.00156881 0.063746)
(0.643886 -0.0020086 0.0608011)
(0.728749 -0.00229892 0.0925029)
(0.867199 -0.00277709 0.137714)
(1.02487 -0.00173736 0.333506)
(0.850396 0.00192281 0.280584)
(0.728547 -0.000506691 0.122376)
(0.617908 -0.000760189 0.101148)
(0.583027 -0.00136389 0.0685883)
(0.606857 -0.001777 0.0653731)
(0.686273 -0.00205636 0.0951483)
(0.816345 -0.00251638 0.137324)
(0.963365 -0.00157855 0.323379)
(0.804736 0.001811 0.273082)
(0.689131 -0.00039687 0.123685)
(0.583305 -0.000627235 0.103455)
(0.549543 -0.00118315 0.0722999)
(0.571301 -0.0015702 0.0688441)
(0.645557 -0.00183783 0.0967593)
(0.767641 -0.00227789 0.13607)
(0.904597 -0.00143463 0.312563)
(0.760652 0.00169939 0.264911)
(0.651055 -0.000303286 0.124053)
(0.549973 -0.000512998 0.104774)
(0.517359 -0.00102407 0.0749937)
(0.537198 -0.00138579 0.0713259)
(0.60657 -0.0016411 0.0974486)
(0.721041 -0.00205988 0.134056)
(0.848496 -0.00130413 0.301185)
(0.718138 0.00158896 0.256177)
(0.61432 -0.000224051 0.123581)
(0.517906 -0.000415294 0.10521)
(0.486464 -0.000884355 0.076775)
(0.504527 -0.00122156 0.0729232)
(0.569278 -0.00146418 0.0973216)
(0.676497 -0.00186076 0.131383)
(0.794994 -0.00118575 0.289365)
(0.677185 0.00148055 0.246975)
(0.578922 -0.000157459 0.122364)
(0.487095 -0.000332153 0.104861)
(0.45684 -0.000761929 0.0777423)
(0.473263 -0.00107551 0.0737335)
(0.533644 -0.00130522 0.0964767)
(0.633964 -0.00167903 0.128143)
(0.744023 -0.00107829 0.277213)
(0.637778 0.00137484 0.237397)
(0.544854 -0.000101971 0.12049)
(0.457525 -0.0002618 0.103821)
(0.42847 -0.000654903 0.0779872)
(0.443379 -0.00094581 0.073848)
(0.499633 -0.00116251 0.0950056)
(0.593391 -0.00151331 0.12442)
(0.695512 -0.000980672 0.26483)
(0.599899 0.0012724 0.227528)
(0.512105 -5.61949e-05 0.118042)
(0.42918 -0.000202638 0.102176)
(0.401331 -0.000561565 0.0775956)
(0.414846 -0.000830777 0.0733516)
(0.467203 -0.00103451 0.0929935)
(0.554728 -0.00136232 0.120294)
(0.649388 -0.000891919 0.252308)
(0.56353 0.00117371 0.217446)
(0.480662 -1.88811e-05 0.115099)
(0.40204 -0.000153231 0.100004)
(0.3754 -0.000480362 0.0766472)
(0.387633 -0.000728891 0.072323)
(0.436315 -0.000919797 0.0905193)
(0.517922 -0.00122487 0.115838)
(0.605577 -0.000811153 0.239731)
(0.528647 0.00107911 0.207224)
(0.450508 1.10948e-05 0.111733)
(0.376085 -0.000112295 0.0973825)
(0.350652 -0.000409894 0.0752161)
(0.361708 -0.000638766 0.0708355)
(0.406926 -0.000817067 0.0876558)
(0.482921 -0.00109984 0.111117)
(0.564004 -0.000737581 0.227174)
(0.495226 0.000988901 0.196929)
(0.421623 3.47394e-05 0.10801)
(0.35129 -7.86805e-05 0.0943787)
(0.327058 -0.000348896 0.073371)
(0.337036 -0.000559144 0.0689566)
(0.378992 -0.000725136 0.0844701)
(0.449669 -0.000986208 0.106194)
(0.524593 -0.000670491 0.214704)
(0.463241 0.000903265 0.186621)
(0.393989 5.29518e-05 0.103993)
(0.327632 -5.13645e-05 0.0910572)
(0.304591 -0.000296231 0.0711754)
(0.313583 -0.000488884 0.0667488)
(0.35247 -0.000642924 0.0810237)
(0.418113 -0.000883036 0.101123)
(0.48727 -0.000609247 0.202384)
(0.432665 0.000822338 0.176358)
(0.367583 6.65343e-05 0.0997393)
(0.305085 -2.94387e-05 0.0874767)
(0.283222 -0.00025088 0.068688)
(0.291312 -0.000426957 0.0642692)
(0.327314 -0.000569452 0.0773729)
(0.388196 -0.000789444 0.0959541)
(0.451958 -0.000553279 0.190265)
(0.403469 0.000746188 0.166189)
(0.342381 7.61993e-05 0.0953021)
(0.283621 -1.20992e-05 0.0836913)
(0.26292 -0.000211929 0.0659624)
(0.27019 -0.000372434 0.0615704)
(0.303481 -0.00050383 0.0735688)
(0.359864 -0.000704624 0.0907331)
(0.418582 -0.000502079 0.178396)
(0.375623 0.000674828 0.156161)
(0.318358 8.25768e-05 0.09073)
(0.263215 1.36239e-06 0.0797506)
(0.243655 -0.000178565 0.0630478)
(0.250178 -0.000324481 0.0587003)
(0.280925 -0.000445253 0.069658)
(0.333062 -0.00062783 0.0855004)
(0.38707 -0.000455196 0.166818)
(0.349096 0.000608227 0.146315)
(0.295489 8.62218e-05 0.0860674)
(0.243837 1.15684e-05 0.0756997)
(0.225396 -0.000150062 0.0599891)
(0.23124 -0.000282347 0.0557024)
(0.259602 -0.000392993 0.0656823)
(0.307737 -0.000558376 0.0802924)
(0.357348 -0.000412229 0.155565)
(0.323857 0.000546313 0.136687)
(0.273747 8.76217e-05 0.0813546)
(0.225459 1.90631e-05 0.0715796)
(0.208113 -0.000125779 0.0568271)
(0.213342 -0.000245362 0.0526159)
(0.239468 -0.000346396 0.0616793)
(0.283833 -0.000495631 0.0751413)
(0.329345 -0.000372824 0.14467)
(0.299874 0.000488979 0.127311)
(0.253105 8.72021e-05 0.0766282)
(0.208053 2.43198e-05 0.0674272)
(0.191773 -0.000105146 0.0535986)
(0.196446 -0.000212925 0.0494766)
(0.22048 -0.00030487 0.0576827)
(0.261299 -0.000439015 0.0700757)
(0.302992 -0.000336666 0.134156)
(0.277115 0.000436091 0.118213)
(0.233534 8.53334e-05 0.0719212)
(0.191588 2.77488e-05 0.0632759)
(0.176345 -8.76629e-05 0.0503368)
(0.180516 -0.000184501 0.046316)
(0.202593 -0.000267885 0.0537224)
(0.240083 -0.000387993 0.0651203)
(0.27822 -0.000303476 0.124045)
(0.255547 0.000387492 0.109419)
(0.215006 8.23359e-05 0.0672631)
(0.176038 2.97035e-05 0.0591554)
(0.1618 -7.28883e-05 0.0470713)
(0.165518 -0.000159616 0.0431626)
(0.185767 -0.000234965 0.0498247)
(0.220132 -0.000342077 0.0602969)
(0.254963 -0.000273007 0.114354)
(0.235137 0.000343006 0.10095)
(0.197493 7.84852e-05 0.0626802)
(0.161371 3.04868e-05 0.055092)
(0.148106 -6.04364e-05 0.0438286)
(0.151417 -0.000137846 0.0400415)
(0.16996 -0.000205683 0.0460126)
(0.201398 -0.000300815 0.0556239)
(0.233156 -0.00024504 0.105094)
(0.215852 0.000302443 0.0928221)
(0.180965 7.40164e-05 0.0581957)
(0.14756 3.03566e-05 0.0511091)
(0.135234 -4.99699e-05 0.0406319)
(0.138179 -0.000118818 0.0369746)
(0.155131 -0.000179656 0.0423059)
(0.183831 -0.000263797 0.051117)
(0.212737 -0.00021938 0.0962753)
(0.197658 0.000265601 0.0850497)
(0.165392 6.91291e-05 0.0538298)
(0.134576 2.95306e-05 0.0472268)
(0.123152 -4.11954e-05 0.0375017)
(0.12577 -0.000102199 0.0339812)
(0.14124 -0.000156542 0.0387218)
(0.167383 -0.000230642 0.0467891)
(0.193644 -0.000195855 0.0879035)
(0.180523 0.000232272 0.0776436)
(0.150745 6.39907e-05 0.0496003)
(0.12239 2.81917e-05 0.0434627)
(0.111832 -3.38585e-05 0.0344556)
(0.114157 -8.76976e-05 0.0310777)
(0.128249 -0.000136036 0.0352744)
(0.152007 -0.000201003 0.0426509)
(0.175818 -0.000174308 0.0799814)
(0.164414 0.000202242 0.0706119)
(0.136996 5.87403e-05 0.045522)
(0.110973 2.64916e-05 0.0398318)
(0.101245 -2.77392e-05 0.0315089)
(0.103309 -7.50565e-05 0.0282781)
(0.11612 -0.000117864 0.0319756)
(0.137659 -0.000174564 0.0387106)
(0.159201 -0.0001546 0.0725088)
(0.149298 0.000175297 0.0639598)
(0.124114 5.34923e-05 0.0416076)
(0.100299 2.45551e-05 0.0363465)
(0.0913618 -2.26484e-05 0.0286744)
(0.0931926 -6.40486e-05 0.0255943)
(0.104815 -0.000101782 0.028835)
(0.124292 -0.00015103 0.0349743)
(0.143739 -0.000136606 0.0654836)
(0.135142 0.000151223 0.0576901)
(0.112069 4.83388e-05 0.0378675)
(0.0903392 2.24837e-05 0.0330171)
(0.0821548 -1.84234e-05 0.0259627)
(0.0837784 -5.44745e-05 0.0230357)
(0.0943003 -8.75726e-05 0.02586)
(0.111865 -0.000130135 0.0314466)
(0.129377 -0.000120209 0.0589008)
(0.121912 0.000129808 0.0518032)
(0.100833 4.3353e-05 0.0343099)
(0.0810664 2.03583e-05 0.0298518)
(0.0735964 -1.49257e-05 0.0233823)
(0.0750361 -4.61591e-05 0.0206101)
(0.0845394 -7.50396e-05 0.023056)
(0.100334 -0.000111633 0.0281298)
(0.116063 -0.000105305 0.0527538)
(0.109578 0.000110844 0.0462975)
(0.0903758 3.85912e-05 0.0309413)
(0.0724538 1.82429e-05 0.0268568)
(0.0656596 -1.2037e-05 0.0209402)
(0.0669362 -3.8949e-05 0.0183231)
(0.0754987 -6.40093e-05 0.0204265)
(0.0896591 -9.52987e-05 0.025025)
(0.103747 -9.17964e-05 0.0470342)
(0.0981052 9.41309e-05 0.0411692)
(0.0806686 3.40952e-05 0.0277661)
(0.0644747 1.61862e-05 0.0240365)
(0.058318 -9.65723e-06 0.0186412)
(0.0594501 -3.27093e-05 0.016179)
(0.0671451 -5.43256e-05 0.0179738)
(0.0798 -8.09255e-05 0.0221317)
(0.092381 -7.95922e-05 0.0417318)
(0.0874627 7.94734e-05 0.0364129)
(0.0716823 2.98944e-05 0.0247871)
(0.057103 1.42245e-05 0.0213938)
(0.0515455 -7.70179e-06 0.0164887)
(0.0525499 -2.73219e-05 0.0141803)
(0.0594464 -4.58485e-05 0.0156981)
(0.0707178 -6.83238e-05 0.019448)
(0.0819165 -6.86072e-05 0.036835)
(0.0776182 6.6685e-05 0.0320213)
(0.0633878 2.60076e-05 0.0220057)
(0.0503128 1.23835e-05 0.01893)
(0.0453167 -6.09948e-06 0.0144848)
(0.0462082 -2.2683e-05 0.0123281)
(0.0523712 -3.84522e-05 0.0135987)
(0.0623746 -5.73193e-05 0.0169711)
(0.0723086 -5.87606e-05 0.0323313)
(0.0685398 5.55878e-05 0.0279858)
(0.0557566 2.24448e-05 0.0194217)
(0.0440786 1.06801e-05 0.0166449)
(0.0396066 -4.79061e-06 0.0126299)
(0.0403985 -1.87017e-05 0.0106225)
(0.045889 -3.20237e-05 0.0116734)
(0.0547336 -4.77522e-05 0.0146968)
(0.063513 -4.99754e-05 0.0282067)
(0.0601958 4.60131e-05 0.0242962)
(0.04876 1.92082e-05 0.0170337)
(0.0383751 9.12408e-06 0.0145372)
(0.0343908 -3.72531e-06 0.0109236)
(0.0350946 -1.52979e-05 0.00906208)
(0.0399702 -2.64608e-05 0.0099191)
(0.047759 -3.94756e-05 0.0126203)
(0.0554868 -4.21777e-05 0.0244465)
(0.0525546 3.78023e-05 0.0209414)
(0.0423696 1.62939e-05 0.0148391)
(0.0331776 7.71952e-06 0.0126043)
(0.0296451 -2.86198e-06 0.00936401)
(0.0302712 -1.24011e-05 0.00764462)
(0.0345857 -2.16715e-05 0.00833158)
(0.0414156 -3.23545e-05 0.0107355)
(0.0481887 -3.52965e-05 0.0210353)
(0.0455849 3.08063e-05 0.0179088)
(0.0365571 1.36931e-05 0.012834)
(0.0284616 6.46574e-06 0.0108428)
(0.025346 -2.16605e-06 0.00794857)
(0.0259035 -9.94906e-06 0.00636686)
(0.0297074 -1.75722e-05 0.00690577)
(0.0356695 -2.6265e-05 0.00903604)
(0.0415783 -2.9263e-05 0.017957)
(0.0392553 2.48865e-05 0.0151852)
(0.0312946 1.13929e-05 0.0110138)
(0.0242028 5.35856e-06 0.00924817)
(0.0214702 -1.60886e-06 0.00667364)
(0.021967 -7.88671e-06 0.00522477)
(0.0253077 -1.4087e-05 0.00563579)
(0.0304876 -2.10938e-05 0.00751455)
(0.0356169 -2.40109e-05 0.0151952)
(0.0335346 1.99144e-05 0.0127563)
(0.0265541 9.37721e-06 0.00937293)
(0.0203772 4.3911e-06 0.00781505)
(0.0179949 -1.1666e-06 0.00553484)
(0.018438 -6.16522e-06 0.00421352)
(0.0213598 -1.11469e-05 0.00451509)
(0.0258374 -1.67365e-05 0.00616314)
(0.0302665 -1.94755e-05 0.0127327)
(0.0283917 1.57714e-05 0.0106072)
(0.0223079 7.62774e-06 0.00790482)
(0.0169613 3.55453e-06 0.0065374)
(0.0148977 -8.19555e-07 0.00452705)
(0.0152932 -4.74113e-06 0.00332765)
(0.0178373 -8.68859e-06 0.0035365)
(0.0216874 -1.3097e-05 0.00497339)
(0.0254899 -1.55935e-05 0.0105523)
(0.0237956 1.23488e-05 0.00872229)
(0.0185283 6.12452e-06 0.00660232)
(0.0139315 2.83874e-06 0.0054085)
(0.0121566 -5.51322e-07 0.00364458)
(0.0125096 -3.57564e-06 0.00256112)
(0.0147145 -6.65451e-06 0.00269238)
(0.0180065 -1.00875e-05 0.00393646)
(0.021251 -1.2304e-05 0.00863635)
(0.0197154 9.5478e-06 0.00708551)
(0.0151879 4.84663e-06 0.00545764)
(0.0112648 2.23283e-06 0.00442106)
(0.00974961 -3.48235e-07 0.00288114)
(0.0100648 -2.63403e-06 0.0019074)
(0.0119663 -4.99183e-06 0.00197465)
(0.0147645 -7.62741e-06 0.00304322)
(0.0175147 -9.54803e-06 0.00696728)
(0.0161202 7.27879e-06 0.00568035)
(0.0122596 3.77263e-06 0.00446239)
(0.00893822 1.72559e-06 0.00356728)
(0.00765546 -1.98836e-07 0.00223001)
(0.00793688 -1.88514e-06 0.00135954)
(0.00956798 -3.65217e-06 0.00137486)
(0.0119316 -5.64318e-06 0.00228421)
(0.0142466 -7.26865e-06 0.00552752)
(0.0129791 5.46103e-06 0.00448993)
(0.00971604 2.88102e-06 0.00360765)
(0.00692898 1.3058e-06 0.00283893)
(0.00585298 -9.34598e-08 0.00168406)
(0.0061041 -1.30093e-06 0.000910235)
(0.00749538 -2.59129e-06 0.000884261)
(0.00947899 -4.06776e-06 0.00164971)
(0.0114132 -5.41123e-06 0.0042995)
(0.0102614 4.02244e-06 0.00349715)
(0.00753037 2.15073e-06 0.00288409)
(0.00521464 9.62558e-07 0.00222742)
(0.00432131 -2.38995e-08 0.00123582)
(0.0045452 -8.56168e-07 0.000551854)
(0.00572477 -1.76864e-06 0.00049386)
(0.00737809 -2.84014e-06 0.00112977)
(0.00898167 -3.92341e-06 0.00326571)
(0.00793647 2.89909e-06 0.00268474)
(0.00567577 1.56139e-06 0.00228202)
(0.00377288 6.85504e-07 0.00172386)
(0.00303984 1.68764e-08 0.000877495)
(0.00323922 -5.28087e-07 0.000276533)
(0.00423278 -1.14718e-06 0.000194488)
(0.00560102 -1.90504e-06 0.000714308)
(0.00691963 -2.7555e-06 0.00240887)
(0.00597365 2.0348e-06 0.00203534)
(0.00412563 1.09358e-06 0.00179147)
(0.00258153 4.64942e-07 0.00131911)
(0.00198817 3.49731e-08 0.000601057)
(0.0021655 -2.96188e-07 7.6196e-05)
(0.00299645 -6.93209e-07 -2.31867e-05)
(0.00412043 -1.21262e-06 0.000393127)
(0.00519551 -1.86065e-06 0.0017119)
(0.00434265 1.38068e-06 0.0015316)
(0.00285354 7.29123e-07 0.0014022)
(0.00161861 2.91992e-07 0.00100387)
(0.00114607 3.5743e-08 0.000398286)
(0.00130356 -1.42029e-07 -5.74621e-05)
(0.00199321 -3.76175e-07 -0.000168658)
(0.0029095 -7.18165e-07 0.000155955)
(0.00377839 -1.19509e-06 0.00115805)
(0.00301345 8.94662e-07 0.00115624)
(0.00183338 4.51181e-07 0.00110387)
(0.000862185 1.58622e-07 0.000768735)
(0.000493242 2.38823e-08 0.000260783)
(0.000633039 -4.90471e-08 -0.000132968)
(0.00120077 -1.68468e-07 -0.000251555)
(0.00194201 -3.81833e-07 -7.52254e-06)
(0.00263804 -7.18331e-07 0.000730966)
(0.00195646 5.40972e-07 0.00089204)
(0.00103933 2.44397e-07 0.000886022)
(0.000290361 5.76207e-08 0.000604255)
(9.23577e-06 3.48533e-09 0.00017998)
(0.00013343 -2.43583e-09 -0.000159074)
(0.00059708 -4.52899e-08 -0.000281653)
(0.00119235 -1.68362e-07 -0.000107655)
(0.001745 -3.93308e-07 0.000414708)
(0.0011426 2.89673e-07 0.000721866)
(0.000445948 9.49165e-08 0.000738218)
(-0.000118876 -1.7483e-08 0.000501074)
(-0.00032689 -2.19673e-08 0.000147214)
(-0.000216124 1.09229e-08 -0.000144784)
(0.000160233 1.54834e-08 -0.000268913)
(0.000635585 -4.677e-08 -0.000154826)
(0.00107058 -1.86441e-07 0.000193834)
(0.000543504 1.16192e-07 0.000628518)
(2.82389e-05 -9.61988e-09 0.000650048)
(-0.000387781 -7.25913e-08 0.000450143)
(-0.000536926 -4.97418e-08 0.000153905)
(-0.00043717 2.4563e-09 -9.93489e-05)
(-0.000131561 3.34055e-08 -0.000223546)
(0.000247499 9.92109e-09 -0.000159509)
(0.000586764 -6.76764e-08 5.33559e-05)
(0.000131374 8.95234e-10 0.000594396)
(-0.00023844 -8.00904e-08 0.000611141)
(-0.000539076 -1.1334e-07 0.000443226)
(-0.000643934 -7.82069e-08 0.000192168)
(-0.000552274 -1.82812e-08 -3.19433e-05)
(-0.000300074 2.55111e-08 -0.000156045)
(4.60696e-06 2.49685e-08 -0.000132424)
(0.000265944 -1.0482e-08 -2.13731e-05)
(-0.000122023 -7.13686e-08 0.000600851)
(-0.000378828 -1.25851e-07 0.000611128)
(-0.00059622 -1.45587e-07 0.000473862)
(-0.000672292 -1.07673e-07 0.000256392)
(-0.000585083 -4.42793e-08 4.9502e-05)
(-0.000367489 6.07626e-09 -7.7024e-05)
(-0.00011659 1.80633e-08 -8.49843e-05)
(7.98851e-05 8.13717e-09 -4.51106e-05)
(-0.00024814 -1.11579e-07 0.000626051)
(-0.000419586 -1.53939e-07 0.000636954)
(-0.000583508 -1.74818e-07 0.00053551)
(-0.000644935 -1.40516e-07 0.000343285)
(-0.0005576 -7.16594e-08 0.000139195)
(-0.000356693 -1.41554e-08 3.03877e-06)
(-0.000142329 4.77792e-09 -2.9914e-05)
(-2.86905e-06 7.38261e-09 -3.42986e-05)
(-0.000287738 -1.27359e-07 0.000647701)
(-0.000395564 -1.67909e-07 0.000671747)
(-0.000525998 -2.04401e-07 0.000622745)
(-0.000574366 -1.79748e-07 0.000456476)
(-0.000480731 -1.00631e-07 0.000240852)
(-0.000289106 -3.07533e-08 7.96416e-05)
(-0.000106269 -5.43722e-09 1.85033e-05)
(-1.98212e-05 1.31022e-09 -7.7105e-06)
(-0.000275762 -1.24376e-07 0.000649273)
(-0.000356743 -1.79652e-07 0.000731902)
(-0.0004419 -2.48595e-07 0.000767681)
(-0.000433644 -2.39223e-07 0.000635085)
(-0.000311544 -1.42213e-07 0.000383246)
(-0.00015189 -4.71052e-08 0.000153584)
(-4.32334e-05 -7.42605e-09 3.41311e-05)
(-8.56264e-06 -2.29383e-09 1.31397e-05)
)
;
    }
    front
    {
        type            calculated;
        value           nonuniform List<vector> 
640
(
(-53.5325 -2.49585 -2.88167)
(-26.7299 -1.00729 -0.749699)
(-9.09157 -0.224678 0.738079)
(-1.00477 -0.00634088 0.138296)
(-4.24771 0.102372 -1.4424)
(-18.7789 0.784549 -2.41344)
(-43.0545 2.55359 -1.75419)
(-79.4668 6.1574 -2.18375)
(-15.9262 -0.265627 -0.735311)
(-5.11231 -0.0367382 -0.529134)
(-0.767417 0.00523787 -0.367091)
(0.239372 0.0105374 -0.431306)
(-0.724839 0.0149066 -0.451782)
(-3.49163 0.0411531 -0.398174)
(-8.94675 0.137367 -0.242603)
(-17.8657 0.40341 -0.403541)
(-5.93083 -0.0328662 -0.516186)
(-0.905466 0.0114406 -0.613493)
(0.859289 0.0124988 -0.515577)
(0.804401 0.0119799 -0.49299)
(0.30799 0.00983631 -0.393813)
(-0.446427 0.00704094 -0.26245)
(-2.18295 0.0107467 -0.167655)
(-4.66067 0.0273101 -0.157023)
(-2.46521 -0.00113211 -0.373167)
(-0.110025 0.0146285 -0.582389)
(0.963609 0.0144362 -0.534933)
(1.00946 0.0135331 -0.509786)
(0.738862 0.0114949 -0.435595)
(0.325374 0.00869135 -0.340434)
(-0.438013 0.00699406 -0.281099)
(-1.19134 0.00331752 -0.118523)
(-0.674778 0.00464234 -0.246199)
(0.449822 0.0148165 -0.519702)
(1.03687 0.0149942 -0.514589)
(1.12769 0.0145582 -0.504848)
(1.02001 0.012907 -0.447499)
(0.860636 0.0105697 -0.363584)
(0.677228 0.00814406 -0.278935)
(0.587957 0.00206709 -0.0313017)
(0.36995 0.00434158 -0.13077)
(0.872641 0.013536 -0.436586)
(1.13378 0.0142317 -0.460098)
(1.20181 0.0146085 -0.474334)
(1.20055 0.0137077 -0.434882)
(1.24002 0.0121404 -0.354743)
(1.38902 0.0104017 -0.243221)
(1.65487 0.00484746 0.0651961)
(0.976414 0.00268943 -0.0332464)
(1.14031 0.0118346 -0.354648)
(1.20682 0.0129344 -0.394553)
(1.24275 0.0139726 -0.428294)
(1.30235 0.0137499 -0.402654)
(1.45885 0.0128796 -0.324081)
(1.7629 0.011914 -0.197571)
(2.19216 0.00725253 0.146225)
(1.31511 0.00107791 0.0454124)
(1.29302 0.0101956 -0.281503)
(1.24746 0.0115093 -0.329453)
(1.25741 0.0129538 -0.375502)
(1.34677 0.013194 -0.358637)
(1.5592 0.0127983 -0.281285)
(1.92017 0.0123469 -0.149808)
(2.39617 0.00828637 0.207962)
(1.49016 -0.000168126 0.107346)
(1.36766 0.00875977 -0.218533)
(1.25974 0.0101321 -0.269285)
(1.2517 0.0117727 -0.321781)
(1.35169 0.0122833 -0.310083)
(1.58271 0.0121717 -0.234602)
(1.95165 0.0120215 -0.104819)
(2.41987 0.00831441 0.253494)
(1.56691 -0.00105393 0.155679)
(1.39203 0.0075383 -0.164973)
(1.25093 0.0088706 -0.215454)
(1.23108 0.0105682 -0.270514)
(1.33099 0.0112182 -0.261866)
(1.56056 0.0112684 -0.189059)
(1.91572 0.0112977 -0.0647519)
(2.35642 0.00783255 0.287021)
(1.58561 -0.00166156 0.193398)
(1.38538 0.0065013 -0.119395)
(1.22778 0.00774232 -0.167992)
(1.20017 0.00941684 -0.223369)
(1.29464 0.010129 -0.216677)
(1.51346 0.0102727 -0.147124)
(1.84706 0.0104212 -0.0300334)
(2.25584 0.00715995 0.311981)
(1.57041 -0.00207005 0.22291)
(1.36005 0.00561494 -0.0804195)
(1.19532 0.00674463 -0.12643)
(1.16254 0.00835506 -0.180952)
(1.24941 0.00908737 -0.175691)
(1.45408 0.00928879 -0.10967)
(1.76482 0.00952599 -0.000280645)
(2.14307 0.0064588 0.330798)
(1.53562 -0.00233851 0.246017)
(1.32365 0.00485137 -0.0469216)
(1.15706 0.00586734 -0.09016)
(1.12078 0.00739539 -0.143277)
(1.19962 0.00812616 -0.139187)
(1.38969 0.00836625 -0.076728)
(1.67894 0.00867474 0.0251499)
(2.02972 0.0057993 0.345071)
(1.48966 -0.00250778 0.264032)
(1.28082 0.00418924 -0.0180257)
(1.11532 0.00509782 -0.0585724)
(1.07673 0.00653735 -0.110059)
(1.14795 0.00725556 -0.106988)
(1.32427 0.00752342 -0.0479674)
(1.59414 0.00789063 0.0468911)
(1.9206 0.00520511 0.3558)
(1.43754 -0.00260552 0.277906)
(1.23441 0.00361231 0.0069437)
(1.07168 0.0044233 -0.0311049)
(1.03162 0.00577417 -0.0808936)
(1.09597 0.00647408 -0.0787285)
(1.25981 0.00676256 -0.0229488)
(1.5124 0.00717776 0.0654692)
(1.8172 0.00467863 0.363598)
(1.38224 -0.00265055 0.28834)
(1.18618 0.00310796 0.0285128)
(1.02718 0.00383196 -0.00726281)
(0.986296 0.0050967 -0.0553523)
(1.04458 0.00577508 -0.0539956)
(1.1972 0.00607872 -0.00124186)
(1.43431 0.00653203 0.0812939)
(1.71956 0.00421401 0.368846)
(1.32557 -0.00265596 0.295859)
(1.13723 0.00266619 0.0470996)
(0.982521 0.00331326 0.0133802)
(0.941291 0.00449544 -0.0330332)
(0.994246 0.00515026 -0.0323956)
(1.13678 0.00546451 0.0175329)
(1.35985 0.00594671 0.0946811)
(1.62719 0.00380312 0.371797)
(1.26861 -0.00263115 0.300869)
(1.08826 0.00227886 0.0630436)
(0.938167 0.00285808 0.0311875)
(0.896963 0.00396157 -0.0135788)
(0.945231 0.00459141 -0.01358)
(1.0786 0.00491224 0.0336969)
(1.28877 0.00541486 0.10588)
(1.53948 0.00343813 0.372646)
(1.21208 -0.002583 0.303694)
(1.03972 0.00193922 0.0766264)
(0.894441 0.00245859 0.0464684)
(0.853546 0.00348725 0.00332029)
(0.897654 0.00409105 0.00275108)
(1.02263 0.00441492 0.0475208)
(1.22079 0.00493029 0.115094)
(1.45592 0.00311232 0.371561)
(1.15639 -0.00251679 0.304601)
(0.991921 0.00164161 0.0880869)
(0.851564 0.00210809 0.0594873)
(0.811191 0.00306567 0.0179301)
(0.851569 0.00364268 0.016854)
(0.968766 0.00396647 0.0592351)
(1.15565 0.00448779 0.122503)
(1.37608 0.00282022 0.368704)
(1.10183 -0.0024366 0.303813)
(0.945066 0.00138119 0.0976314)
(0.809685 0.00180085 0.070472)
(0.769997 0.00269099 0.0304799)
(0.807 0.00324067 0.0289491)
(0.916938 0.00356168 0.0690403)
(1.09315 0.00408303 0.128266)
(1.29966 0.00255745 0.364239)
(1.04858 -0.00234573 0.301526)
(0.899295 0.00115375 0.105442)
(0.768909 0.00153191 0.0796218)
(0.73003 0.00235812 0.041169)
(0.763952 0.00288022 0.0392289)
(0.867072 0.00319613 0.0771145)
(1.03315 0.00371242 0.132532)
(1.22647 0.00232047 0.358326)
(0.996756 -0.00224686 0.297911)
(0.854703 0.000955642 0.11168)
(0.729305 0.00129696 0.0871129)
(0.691329 0.00206265 0.0501736)
(0.722422 0.00255711 0.0478639)
(0.819114 0.00286599 0.0836192)
(0.975546 0.00337292 0.135441)
(1.15634 0.00210636 0.351128)
(0.946424 -0.00214221 0.293123)
(0.811355 0.000783631 0.116494)
(0.69092 0.0010922 0.0931036)
(0.653921 0.0018007 0.0576516)
(0.682403 0.00226766 0.0550078)
(0.773019 0.00256791 0.0887027)
(0.920248 0.00306191 0.137126)
(1.08917 0.00191269 0.342804)
(0.897628 -0.00203366 0.287304)
(0.769294 0.000634839 0.120018)
(0.653782 0.000914281 0.0977379)
(0.617819 0.00156881 0.063746)
(0.643886 0.0020086 0.0608011)
(0.728749 0.00229892 0.0925029)
(0.867199 0.00277709 0.137714)
(1.02487 0.00173736 0.333506)
(0.850396 -0.00192281 0.280584)
(0.728547 0.000506691 0.122376)
(0.617908 0.000760189 0.101148)
(0.583027 0.00136389 0.0685883)
(0.606857 0.001777 0.0653731)
(0.686273 0.00205636 0.0951483)
(0.816345 0.00251638 0.137324)
(0.963365 0.00157855 0.323379)
(0.804736 -0.001811 0.273082)
(0.689131 0.00039687 0.123685)
(0.583305 0.000627235 0.103455)
(0.549543 0.00118315 0.0722999)
(0.571301 0.0015702 0.0688441)
(0.645557 0.00183783 0.0967593)
(0.767641 0.00227789 0.13607)
(0.904597 0.00143463 0.312563)
(0.760652 -0.00169939 0.264911)
(0.651055 0.000303286 0.124053)
(0.549973 0.000512998 0.104774)
(0.517359 0.00102407 0.0749937)
(0.537198 0.00138579 0.0713259)
(0.60657 0.0016411 0.0974486)
(0.721041 0.00205988 0.134056)
(0.848496 0.00130413 0.301185)
(0.718138 -0.00158896 0.256177)
(0.61432 0.000224051 0.123581)
(0.517906 0.000415294 0.10521)
(0.486464 0.000884355 0.076775)
(0.504527 0.00122156 0.0729232)
(0.569278 0.00146418 0.0973216)
(0.676497 0.00186076 0.131383)
(0.794994 0.00118575 0.289365)
(0.677185 -0.00148055 0.246975)
(0.578922 0.000157459 0.122364)
(0.487095 0.000332153 0.104861)
(0.45684 0.000761929 0.0777423)
(0.473263 0.00107551 0.0737335)
(0.533644 0.00130522 0.0964767)
(0.633964 0.00167903 0.128143)
(0.744023 0.00107829 0.277213)
(0.637778 -0.00137484 0.237397)
(0.544854 0.000101971 0.12049)
(0.457525 0.0002618 0.103821)
(0.42847 0.000654903 0.0779872)
(0.443379 0.00094581 0.073848)
(0.499633 0.00116251 0.0950056)
(0.593391 0.00151331 0.12442)
(0.695512 0.000980672 0.26483)
(0.5999 -0.0012724 0.227528)
(0.512105 5.61949e-05 0.118042)
(0.42918 0.000202638 0.102176)
(0.401331 0.000561565 0.0775956)
(0.414846 0.000830777 0.0733516)
(0.467203 0.00103451 0.0929935)
(0.554728 0.00136232 0.120294)
(0.649388 0.000891919 0.252308)
(0.56353 -0.00117371 0.217447)
(0.480662 1.88811e-05 0.115099)
(0.40204 0.000153232 0.100004)
(0.3754 0.000480362 0.0766472)
(0.387633 0.000728891 0.072323)
(0.436315 0.000919796 0.0905193)
(0.517922 0.00122487 0.115838)
(0.605577 0.000811153 0.239731)
(0.528647 -0.00107911 0.207224)
(0.450508 -1.10948e-05 0.111733)
(0.376085 0.000112295 0.0973825)
(0.350652 0.000409894 0.0752161)
(0.361708 0.000638766 0.0708355)
(0.406926 0.000817066 0.0876558)
(0.482921 0.00109984 0.111117)
(0.564004 0.000737581 0.227174)
(0.495226 -0.000988901 0.196929)
(0.421623 -3.47394e-05 0.10801)
(0.35129 7.86807e-05 0.0943787)
(0.327058 0.000348896 0.073371)
(0.337036 0.000559144 0.0689566)
(0.378992 0.000725135 0.0844701)
(0.449669 0.000986208 0.106194)
(0.524593 0.000670491 0.214704)
(0.463241 -0.000903265 0.186621)
(0.393989 -5.29518e-05 0.103993)
(0.327632 5.13646e-05 0.0910572)
(0.304592 0.000296231 0.0711754)
(0.313583 0.000488884 0.0667488)
(0.35247 0.000642924 0.0810237)
(0.418113 0.000883036 0.101123)
(0.48727 0.000609247 0.202384)
(0.432665 -0.000822338 0.176358)
(0.367583 -6.65344e-05 0.0997393)
(0.305085 2.94388e-05 0.0874766)
(0.283222 0.00025088 0.068688)
(0.291312 0.000426957 0.0642692)
(0.327314 0.000569452 0.0773729)
(0.388196 0.000789444 0.0959541)
(0.451957 0.000553279 0.190265)
(0.403469 -0.000746188 0.166189)
(0.342381 -7.61994e-05 0.0953021)
(0.283621 1.20994e-05 0.0836913)
(0.26292 0.000211929 0.0659624)
(0.27019 0.000372434 0.0615705)
(0.303481 0.00050383 0.0735689)
(0.359864 0.000704624 0.0907331)
(0.418582 0.000502079 0.178396)
(0.375623 -0.000674828 0.156161)
(0.318358 -8.25768e-05 0.09073)
(0.263215 -1.36225e-06 0.0797506)
(0.243655 0.000178565 0.0630478)
(0.250178 0.000324481 0.0587003)
(0.280925 0.000445253 0.069658)
(0.333062 0.00062783 0.0855004)
(0.38707 0.000455196 0.166818)
(0.349096 -0.000608227 0.146315)
(0.295489 -8.62219e-05 0.0860674)
(0.243837 -1.15683e-05 0.0756997)
(0.225397 0.000150062 0.0599891)
(0.23124 0.000282347 0.0557024)
(0.259602 0.000392993 0.0656823)
(0.307737 0.000558376 0.0802924)
(0.357348 0.000412229 0.155565)
(0.323857 -0.000546313 0.136687)
(0.273747 -8.76217e-05 0.0813546)
(0.225459 -1.90629e-05 0.0715795)
(0.208113 0.000125779 0.0568271)
(0.213342 0.000245361 0.052616)
(0.239468 0.000346396 0.0616793)
(0.283833 0.000495631 0.0751413)
(0.329345 0.000372824 0.14467)
(0.299874 -0.000488979 0.127311)
(0.253105 -8.72021e-05 0.0766282)
(0.208053 -2.43197e-05 0.0674272)
(0.191773 0.000105146 0.0535986)
(0.196446 0.000212924 0.0494766)
(0.22048 0.00030487 0.0576827)
(0.261299 0.000439015 0.0700757)
(0.302992 0.000336666 0.134156)
(0.277115 -0.000436091 0.118213)
(0.233534 -8.53334e-05 0.0719212)
(0.191588 -2.77487e-05 0.0632759)
(0.176345 8.76629e-05 0.0503368)
(0.180516 0.000184501 0.046316)
(0.202593 0.000267885 0.0537225)
(0.240083 0.000387993 0.0651203)
(0.27822 0.000303476 0.124045)
(0.255547 -0.000387492 0.109419)
(0.215006 -8.2336e-05 0.0672631)
(0.176038 -2.97034e-05 0.0591554)
(0.1618 7.28883e-05 0.0470713)
(0.165518 0.000159616 0.0431627)
(0.185767 0.000234965 0.0498247)
(0.220132 0.000342077 0.0602969)
(0.254963 0.000273007 0.114354)
(0.235137 -0.000343007 0.10095)
(0.197493 -7.84852e-05 0.0626802)
(0.161371 -3.04867e-05 0.055092)
(0.148106 6.04364e-05 0.0438286)
(0.151417 0.000137846 0.0400415)
(0.16996 0.000205683 0.0460126)
(0.201398 0.000300815 0.0556239)
(0.233156 0.00024504 0.105094)
(0.215852 -0.000302443 0.0928221)
(0.180965 -7.40165e-05 0.0581957)
(0.14756 -3.03565e-05 0.051109)
(0.135234 4.99699e-05 0.0406319)
(0.138179 0.000118817 0.0369746)
(0.155131 0.000179656 0.0423059)
(0.183831 0.000263797 0.051117)
(0.212737 0.00021938 0.0962753)
(0.197658 -0.000265601 0.0850497)
(0.165392 -6.91291e-05 0.0538298)
(0.134576 -2.95305e-05 0.0472268)
(0.123152 4.11954e-05 0.0375017)
(0.12577 0.000102199 0.0339812)
(0.14124 0.000156542 0.0387218)
(0.167383 0.000230642 0.0467891)
(0.193644 0.000195855 0.0879035)
(0.180523 -0.000232272 0.0776436)
(0.150745 -6.39907e-05 0.0496003)
(0.12239 -2.81916e-05 0.0434627)
(0.111832 3.38585e-05 0.0344556)
(0.114157 8.76974e-05 0.0310777)
(0.128249 0.000136036 0.0352744)
(0.152007 0.000201003 0.0426509)
(0.175818 0.000174308 0.0799813)
(0.164414 -0.000202242 0.0706119)
(0.136996 -5.87404e-05 0.045522)
(0.110973 -2.64915e-05 0.0398318)
(0.101245 2.77392e-05 0.0315089)
(0.103309 7.50564e-05 0.0282781)
(0.11612 0.000117864 0.0319756)
(0.137659 0.000174564 0.0387105)
(0.159201 0.0001546 0.0725088)
(0.149298 -0.000175297 0.0639598)
(0.124114 -5.34923e-05 0.0416076)
(0.100299 -2.45551e-05 0.0363465)
(0.0913618 2.26483e-05 0.0286744)
(0.0931926 6.40485e-05 0.0255943)
(0.104815 0.000101782 0.0288351)
(0.124292 0.00015103 0.0349743)
(0.143739 0.000136606 0.0654835)
(0.135142 -0.000151223 0.0576901)
(0.112069 -4.83388e-05 0.0378675)
(0.0903392 -2.24836e-05 0.0330171)
(0.0821548 1.84234e-05 0.0259627)
(0.0837784 5.44744e-05 0.0230357)
(0.0943003 8.75725e-05 0.02586)
(0.111865 0.000130135 0.0314465)
(0.129377 0.000120209 0.0589008)
(0.121912 -0.000129808 0.0518032)
(0.100833 -4.3353e-05 0.0343099)
(0.0810664 -2.03583e-05 0.0298518)
(0.0735964 1.49256e-05 0.0233824)
(0.075036 4.61591e-05 0.0206101)
(0.0845394 7.50396e-05 0.023056)
(0.100334 0.000111633 0.0281298)
(0.116063 0.000105305 0.0527538)
(0.109578 -0.000110844 0.0462975)
(0.0903758 -3.85912e-05 0.0309413)
(0.0724538 -1.82429e-05 0.0268568)
(0.0656596 1.2037e-05 0.0209402)
(0.0669362 3.89489e-05 0.0183231)
(0.0754987 6.40093e-05 0.0204265)
(0.0896591 9.52987e-05 0.025025)
(0.103747 9.17964e-05 0.0470342)
(0.0981052 -9.41309e-05 0.0411692)
(0.0806686 -3.40952e-05 0.0277661)
(0.0644747 -1.61863e-05 0.0240365)
(0.058318 9.6572e-06 0.0186412)
(0.0594501 3.27092e-05 0.016179)
(0.0671451 5.43256e-05 0.0179738)
(0.0798 8.09255e-05 0.0221316)
(0.092381 7.95922e-05 0.0417318)
(0.0874627 -7.94734e-05 0.0364129)
(0.0716823 -2.98944e-05 0.0247871)
(0.057103 -1.42245e-05 0.0213938)
(0.0515455 7.70176e-06 0.0164887)
(0.0525499 2.73218e-05 0.0141803)
(0.0594464 4.58484e-05 0.0156981)
(0.0707178 6.83238e-05 0.019448)
(0.0819165 6.86072e-05 0.036835)
(0.0776182 -6.6685e-05 0.0320213)
(0.0633878 -2.60076e-05 0.0220057)
(0.0503128 -1.23835e-05 0.01893)
(0.0453167 6.09946e-06 0.0144848)
(0.0462082 2.2683e-05 0.0123281)
(0.0523712 3.84522e-05 0.0135987)
(0.0623746 5.73194e-05 0.0169711)
(0.0723086 5.87606e-05 0.0323313)
(0.0685398 -5.55878e-05 0.0279858)
(0.0557566 -2.24448e-05 0.0194217)
(0.0440786 -1.06801e-05 0.0166449)
(0.0396066 4.79061e-06 0.0126299)
(0.0403985 1.87017e-05 0.0106225)
(0.045889 3.20236e-05 0.0116734)
(0.0547336 4.77522e-05 0.0146968)
(0.063513 4.99754e-05 0.0282067)
(0.0601958 -4.60131e-05 0.0242962)
(0.04876 -1.92082e-05 0.0170337)
(0.0383751 -9.12409e-06 0.0145372)
(0.0343908 3.72531e-06 0.0109236)
(0.0350946 1.52979e-05 0.00906209)
(0.0399702 2.64608e-05 0.00991911)
(0.047759 3.94756e-05 0.0126202)
(0.0554868 4.21777e-05 0.0244465)
(0.0525546 -3.78022e-05 0.0209414)
(0.0423696 -1.62939e-05 0.0148391)
(0.0331777 -7.71952e-06 0.0126043)
(0.0296451 2.86199e-06 0.00936401)
(0.0302712 1.24011e-05 0.00764463)
(0.0345857 2.16715e-05 0.00833159)
(0.0414156 3.23545e-05 0.0107355)
(0.0481887 3.52965e-05 0.0210353)
(0.0455849 -3.08063e-05 0.0179088)
(0.0365571 -1.36931e-05 0.012834)
(0.0284616 -6.46574e-06 0.0108428)
(0.025346 2.16606e-06 0.00794857)
(0.0259035 9.94905e-06 0.00636687)
(0.0297074 1.75722e-05 0.00690578)
(0.0356695 2.6265e-05 0.00903603)
(0.0415783 2.9263e-05 0.017957)
(0.0392553 -2.48865e-05 0.0151852)
(0.0312946 -1.13929e-05 0.0110139)
(0.0242028 -5.35856e-06 0.00924817)
(0.0214702 1.60887e-06 0.00667364)
(0.021967 7.8867e-06 0.00522478)
(0.0253077 1.4087e-05 0.0056358)
(0.0304876 2.10938e-05 0.00751454)
(0.0356169 2.40109e-05 0.0151952)
(0.0335346 -1.99144e-05 0.0127563)
(0.0265541 -9.37722e-06 0.00937294)
(0.0203772 -4.3911e-06 0.00781505)
(0.0179949 1.16661e-06 0.00553483)
(0.018438 6.16522e-06 0.00421353)
(0.0213598 1.11468e-05 0.0045151)
(0.0258374 1.67365e-05 0.00616313)
(0.0302665 1.94755e-05 0.0127327)
(0.0283917 -1.57714e-05 0.0106072)
(0.0223079 -7.62775e-06 0.00790482)
(0.0169613 -3.55454e-06 0.0065374)
(0.0148978 8.19562e-07 0.00452705)
(0.0152932 4.74113e-06 0.00332766)
(0.0178373 8.68858e-06 0.00353651)
(0.0216874 1.3097e-05 0.00497339)
(0.0254899 1.55935e-05 0.0105523)
(0.0237956 -1.23488e-05 0.00872229)
(0.0185283 -6.12453e-06 0.00660232)
(0.0139315 -2.83874e-06 0.0054085)
(0.0121566 5.51326e-07 0.00364458)
(0.0125096 3.57565e-06 0.00256112)
(0.0147145 6.65451e-06 0.00269239)
(0.0180065 1.00875e-05 0.00393646)
(0.021251 1.2304e-05 0.00863635)
(0.0197154 -9.5478e-06 0.00708551)
(0.0151879 -4.84663e-06 0.00545764)
(0.0112648 -2.23283e-06 0.00442106)
(0.00974961 3.48236e-07 0.00288114)
(0.0100648 2.63404e-06 0.0019074)
(0.0119663 4.99182e-06 0.00197465)
(0.0147645 7.62741e-06 0.00304322)
(0.0175147 9.54803e-06 0.00696728)
(0.0161202 -7.27878e-06 0.00568035)
(0.0122596 -3.77263e-06 0.00446239)
(0.00893822 -1.72559e-06 0.00356728)
(0.00765546 1.98835e-07 0.00223001)
(0.00793688 1.88514e-06 0.00135955)
(0.00956798 3.65218e-06 0.00137486)
(0.0119316 5.64318e-06 0.00228421)
(0.0142466 7.26865e-06 0.00552752)
(0.0129791 -5.46103e-06 0.00448993)
(0.00971605 -2.88102e-06 0.00360765)
(0.00692899 -1.3058e-06 0.00283893)
(0.00585298 9.34588e-08 0.00168406)
(0.00610411 1.30093e-06 0.000910236)
(0.00749539 2.59129e-06 0.000884262)
(0.00947899 4.06776e-06 0.00164971)
(0.0114132 5.41123e-06 0.0042995)
(0.0102614 -4.02243e-06 0.00349715)
(0.00753037 -2.15073e-06 0.00288409)
(0.00521465 -9.6256e-07 0.00222742)
(0.00432131 2.38988e-08 0.00123582)
(0.00454521 8.56169e-07 0.000551854)
(0.00572477 1.76864e-06 0.000493861)
(0.00737809 2.84014e-06 0.00112977)
(0.00898167 3.92341e-06 0.00326571)
(0.00793647 -2.89908e-06 0.00268474)
(0.00567577 -1.56139e-06 0.00228202)
(0.00377288 -6.85505e-07 0.00172386)
(0.00303984 -1.68771e-08 0.000877496)
(0.00323923 5.28088e-07 0.000276533)
(0.00423278 1.14718e-06 0.000194488)
(0.00560102 1.90504e-06 0.000714308)
(0.00691962 2.7555e-06 0.00240887)
(0.00597364 -2.0348e-06 0.00203533)
(0.00412563 -1.09358e-06 0.00179147)
(0.00258154 -4.64942e-07 0.00131911)
(0.00198818 -3.49738e-08 0.000601059)
(0.0021655 2.96189e-07 7.61961e-05)
(0.00299645 6.93209e-07 -2.31864e-05)
(0.00412043 1.21262e-06 0.000393127)
(0.00519551 1.86065e-06 0.0017119)
(0.00434265 -1.38068e-06 0.0015316)
(0.00285354 -7.29124e-07 0.0014022)
(0.00161861 -2.91992e-07 0.00100387)
(0.00114607 -3.57434e-08 0.000398288)
(0.00130357 1.42029e-07 -5.74619e-05)
(0.00199321 3.76176e-07 -0.000168658)
(0.0029095 7.18165e-07 0.000155955)
(0.00377838 1.19509e-06 0.00115805)
(0.00301345 -8.94662e-07 0.00115624)
(0.00183338 -4.51181e-07 0.00110387)
(0.000862187 -1.58623e-07 0.000768735)
(0.000493244 -2.38825e-08 0.000260784)
(0.000633041 4.90472e-08 -0.000132968)
(0.00120077 1.68469e-07 -0.000251556)
(0.00194201 3.81834e-07 -7.52312e-06)
(0.00263803 7.18331e-07 0.000730966)
(0.00195646 -5.40973e-07 0.000892042)
(0.00103933 -2.44398e-07 0.00088602)
(0.000290363 -5.76212e-08 0.000604255)
(9.23682e-06 -3.48545e-09 0.000179981)
(0.000133431 2.43589e-09 -0.000159074)
(0.000597082 4.52902e-08 -0.000281653)
(0.00119235 1.68362e-07 -0.000107654)
(0.001745 3.93307e-07 0.000414708)
(0.0011426 -2.89674e-07 0.00072187)
(0.00044595 -9.4917e-08 0.000738217)
(-0.000118873 1.74824e-08 0.000501073)
(-0.000326888 2.19672e-08 0.000147214)
(-0.000216124 -1.09228e-08 -0.000144784)
(0.000160235 -1.54833e-08 -0.000268913)
(0.000635586 4.67703e-08 -0.000154825)
(0.00107058 1.86441e-07 0.000193833)
(0.000543505 -1.16193e-07 0.00062852)
(2.82397e-05 9.61973e-09 0.000650049)
(-0.00038778 7.25908e-08 0.000450143)
(-0.000536925 4.97416e-08 0.000153905)
(-0.00043717 -2.45621e-09 -9.93485e-05)
(-0.00013156 -3.34055e-08 -0.000223546)
(0.0002475 -9.92066e-09 -0.000159507)
(0.000586762 6.76761e-08 5.33559e-05)
(0.000131375 -8.95375e-10 0.000594396)
(-0.00023844 8.00904e-08 0.000611141)
(-0.000539074 1.1334e-07 0.000443226)
(-0.000643933 7.82066e-08 0.000192167)
(-0.000552274 1.82812e-08 -3.19429e-05)
(-0.000300073 -2.55111e-08 -0.000156045)
(4.60777e-06 -2.4968e-08 -0.000132423)
(0.000265942 1.04819e-08 -2.13724e-05)
(-0.000122022 7.13683e-08 0.000600851)
(-0.000378827 1.2585e-07 0.000611127)
(-0.000596218 1.45586e-07 0.000473861)
(-0.000672291 1.07673e-07 0.000256391)
(-0.000585083 4.42794e-08 4.95024e-05)
(-0.000367488 -6.07623e-09 -7.70234e-05)
(-0.000116588 -1.80628e-08 -8.49832e-05)
(7.98849e-05 -8.13736e-09 -4.51109e-05)
(-0.000248139 1.11578e-07 0.000626049)
(-0.000419585 1.53938e-07 0.000636952)
(-0.000583507 1.74817e-07 0.000535508)
(-0.000644935 1.40516e-07 0.000343284)
(-0.000557601 7.16597e-08 0.000139196)
(-0.000356692 1.41556e-08 3.03967e-06)
(-0.000142327 -4.77853e-09 -2.9915e-05)
(-2.86665e-06 -7.38399e-09 -3.43036e-05)
(-0.000287736 1.27358e-07 0.000647698)
(-0.000395561 1.67908e-07 0.000671745)
(-0.000525995 2.044e-07 0.000622743)
(-0.000574365 1.79747e-07 0.000456475)
(-0.000480731 1.00632e-07 0.000240853)
(-0.000289108 3.0754e-08 7.96432e-05)
(-0.000106267 5.43737e-09 1.85048e-05)
(-1.98194e-05 -1.30987e-09 -7.70925e-06)
(-0.000275762 1.24375e-07 0.000649269)
(-0.000356742 1.79651e-07 0.0007319)
(-0.000441897 2.48593e-07 0.000767678)
(-0.000433642 2.39222e-07 0.000635083)
(-0.000311544 1.42214e-07 0.000383246)
(-0.00015189 4.71056e-08 0.000153585)
(-4.32339e-05 7.42611e-09 3.4133e-05)
(-8.56216e-06 2.29365e-09 1.31374e-05)
)
;
    }
    top
    {
        type            calculated;
        value           nonuniform List<vector> 
640
(
(-55.4641 -0.988442 -2.76771)
(-69.9772 -8.39908 -4.64263)
(-83.7679 -6.60828 -6.49839)
(-90.4977 -2.27781 -7.47053)
(-90.4977 2.27781 -7.47053)
(-83.7679 6.60828 -6.49839)
(-69.9772 8.39908 -4.64263)
(-55.4641 0.988442 -2.76771)
(-26.1343 -0.100759 -0.750193)
(-31.2196 -1.55822 -1.03578)
(-32.7114 -1.71544 -1.14287)
(-33.3983 -0.665413 -1.19139)
(-33.3983 0.665413 -1.19139)
(-32.7114 1.71544 -1.14287)
(-31.2196 1.55822 -1.03578)
(-26.1343 0.100759 -0.750193)
(-34.147 0.0727135 -1.29326)
(-36.7356 -0.50443 -1.42914)
(-36.5952 -0.690987 -1.40194)
(-36.4366 -0.302019 -1.38535)
(-36.4366 0.302018 -1.38535)
(-36.5952 0.690987 -1.40194)
(-36.7356 0.50443 -1.42914)
(-34.147 -0.0727135 -1.29326)
(-48.9728 0.0964602 -2.67302)
(-51.1025 -0.036253 -2.80049)
(-51.7329 -0.205664 -2.81683)
(-51.8882 -0.117484 -2.81554)
(-51.8882 0.117484 -2.81554)
(-51.7329 0.205664 -2.81683)
(-51.1025 0.036253 -2.80049)
(-48.9728 -0.0964602 -2.67302)
(-62.3215 0.116746 -4.38119)
(-63.9782 0.305902 -4.48578)
(-65.0232 0.152259 -4.55312)
(-65.4652 0.0289653 -4.58209)
(-65.4652 -0.0289653 -4.58209)
(-65.0232 -0.152259 -4.55312)
(-63.9782 -0.305902 -4.48578)
(-62.3215 -0.116746 -4.38119)
(-73.8658 0.0924652 -6.26012)
(-75.0625 0.475808 -6.33158)
(-76.0623 0.354381 -6.41029)
(-76.5678 0.117126 -6.45368)
(-76.5678 -0.117126 -6.45368)
(-76.0623 -0.354381 -6.41029)
(-75.0625 -0.475808 -6.33158)
(-73.8658 -0.0924653 -6.26012)
(-83.9637 0.0409229 -8.25957)
(-84.7492 0.525427 -8.29448)
(-85.5451 0.441355 -8.36143)
(-85.9927 0.159218 -8.40457)
(-85.9927 -0.159218 -8.40457)
(-85.5451 -0.441355 -8.36143)
(-84.7492 -0.525427 -8.29448)
(-83.9637 -0.0409229 -8.25957)
(-92.8345 -0.016287 -10.3409)
(-93.2761 0.511134 -10.3392)
(-93.8436 0.461009 -10.3849)
(-94.1917 0.173149 -10.4198)
(-94.1917 -0.173149 -10.4198)
(-93.8436 -0.461009 -10.3849)
(-93.2761 -0.511134 -10.3392)
(-92.8345 0.016287 -10.3409)
(-100.628 -0.067328 -12.471)
(-100.804 0.471092 -12.436)
(-101.166 0.447889 -12.4578)
(-101.41 0.172443 -12.4811)
(-101.41 -0.172443 -12.4811)
(-101.166 -0.447889 -12.4578)
(-100.804 -0.471092 -12.436)
(-100.628 0.067328 -12.471)
(-107.461 -0.107425 -14.622)
(-107.444 0.427783 -14.5587)
(-107.636 0.423701 -14.5572)
(-107.789 0.165861 -14.5681)
(-107.789 -0.165861 -14.5681)
(-107.636 -0.423701 -14.5572)
(-107.444 -0.427783 -14.5587)
(-107.461 0.107425 -14.622)
(-113.428 -0.135799 -16.7699)
(-113.275 0.392261 -16.6832)
(-113.336 0.400332 -16.6609)
(-113.415 0.158411 -16.6602)
(-113.415 -0.158411 -16.6602)
(-113.336 -0.400332 -16.6609)
(-113.275 -0.392261 -16.6832)
(-113.428 0.135799 -16.7699)
(-118.605 -0.153572 -18.8934)
(-118.357 0.368425 -18.7877)
(-118.322 0.383112 -18.7477)
(-118.344 0.152525 -18.7368)
(-118.344 -0.152525 -18.7368)
(-118.322 -0.383112 -18.7477)
(-118.357 -0.368425 -18.7877)
(-118.605 0.153572 -18.8934)
(-123.052 -0.162551 -20.9729)
(-122.74 0.356288 -20.8518)
(-122.636 0.373506 -20.7974)
(-122.616 0.149058 -20.778)
(-122.616 -0.149058 -20.778)
(-122.636 -0.373506 -20.7974)
(-122.74 -0.356288 -20.8518)
(-123.052 0.162551 -20.9729)
(-126.819 -0.164613 -22.9907)
(-126.463 0.354081 -22.8568)
(-126.311 0.37097 -22.7908)
(-126.262 0.148007 -22.7646)
(-126.262 -0.148007 -22.7646)
(-126.311 -0.37097 -22.7908)
(-126.463 -0.354081 -22.8568)
(-126.819 0.164613 -22.9907)
(-129.951 -0.16143 -24.9305)
(-129.564 0.359465 -24.7859)
(-129.378 0.37411 -24.7107)
(-129.308 0.148969 -24.6792)
(-129.308 -0.148969 -24.6792)
(-129.378 -0.37411 -24.7107)
(-129.564 -0.359465 -24.7859)
(-129.951 0.16143 -24.9305)
(-132.487 -0.154371 -26.7782)
(-132.076 0.370177 -26.6244)
(-131.868 0.381343 -26.5417)
(-131.783 0.151418 -26.5061)
(-131.783 -0.151418 -26.5061)
(-131.868 -0.381343 -26.5417)
(-132.076 -0.370177 -26.6244)
(-132.487 0.154371 -26.7782)
(-134.462 -0.144501 -28.5215)
(-134.033 0.384299 -28.3594)
(-133.808 0.391225 -28.2707)
(-133.714 0.154845 -28.2318)
(-133.714 -0.154845 -28.2318)
(-133.808 -0.391225 -28.2707)
(-134.033 -0.384299 -28.3594)
(-134.462 0.144501 -28.5215)
(-135.912 -0.13262 -30.15)
(-135.467 0.400345 -29.9802)
(-135.23 0.402584 -29.8865)
(-135.129 0.158824 -29.8451)
(-135.129 -0.158824 -29.8451)
(-135.23 -0.402584 -29.8865)
(-135.467 -0.400345 -29.9802)
(-135.912 0.13262 -30.15)
(-136.87 -0.11932 -31.6552)
(-136.41 0.417228 -31.4782)
(-136.163 0.414538 -31.3801)
(-136.057 0.163029 -31.3365)
(-136.057 -0.163029 -31.3365)
(-136.163 -0.414538 -31.3801)
(-136.41 -0.417228 -31.4782)
(-136.87 0.11932 -31.6552)
(-137.367 -0.105033 -33.0303)
(-136.893 0.434194 -32.8464)
(-136.638 0.426463 -32.7445)
(-136.528 0.167224 -32.699)
(-136.528 -0.167224 -32.699)
(-136.638 -0.426463 -32.7445)
(-136.893 -0.434194 -32.8464)
(-137.367 0.105033 -33.0303)
(-137.434 -0.0900798 -34.2704)
(-136.946 0.450741 -34.0798)
(-136.684 0.437945 -33.9742)
(-136.571 0.171253 -33.9272)
(-136.571 -0.171253 -33.9272)
(-136.684 -0.437945 -33.9742)
(-136.946 -0.450741 -34.0798)
(-137.434 0.0900798 -34.2704)
(-137.101 -0.0746975 -35.3717)
(-136.6 0.466555 -35.1747)
(-136.331 0.448721 -35.0657)
(-136.215 0.175014 -35.0172)
(-136.215 -0.175014 -35.0172)
(-136.331 -0.448721 -35.0657)
(-136.6 -0.466555 -35.1747)
(-137.101 0.0746975 -35.3717)
(-136.396 -0.0590708 -36.3323)
(-135.882 0.481443 -36.129)
(-135.607 0.458638 -36.0169)
(-135.488 0.178449 -35.967)
(-135.488 -0.178449 -35.967)
(-135.607 -0.458638 -36.0169)
(-135.882 -0.481443 -36.129)
(-136.396 0.0590708 -36.3323)
(-135.348 -0.043347 -37.1513)
(-134.821 0.495297 -36.9419)
(-134.54 0.467617 -36.8268)
(-134.418 0.181527 -36.7757)
(-134.418 -0.181527 -36.7757)
(-134.54 -0.467617 -36.8268)
(-134.821 -0.495297 -36.9419)
(-135.348 0.043347 -37.1513)
(-133.982 -0.0276483 -37.829)
(-133.443 0.508061 -37.6139)
(-133.156 0.475621 -37.4959)
(-133.032 0.184235 -37.4436)
(-133.032 -0.184235 -37.4436)
(-133.156 -0.475621 -37.4959)
(-133.443 -0.508061 -37.6139)
(-133.982 0.0276483 -37.829)
(-132.324 -0.0120798 -38.3668)
(-131.775 0.519707 -38.1463)
(-131.482 0.482645 -38.0256)
(-131.356 0.186572 -37.9722)
(-131.356 -0.186572 -37.9722)
(-131.482 -0.482645 -38.0256)
(-131.775 -0.519707 -38.1463)
(-132.324 0.0120798 -38.3668)
(-130.4 0.00326648 -38.767)
(-129.84 0.530226 -38.5414)
(-129.543 0.488697 -38.4182)
(-129.415 0.188542 -38.3639)
(-129.415 -0.188542 -38.3639)
(-129.543 -0.488697 -38.4182)
(-129.84 -0.530226 -38.5414)
(-130.4 -0.00326647 -38.767)
(-128.232 0.018308 -39.0327)
(-127.663 0.539619 -38.8025)
(-127.362 0.493793 -38.677)
(-127.232 0.190153 -38.6217)
(-127.232 -0.190153 -38.6217)
(-127.362 -0.493793 -38.677)
(-127.663 -0.539619 -38.8025)
(-128.232 -0.018308 -39.0327)
(-125.843 0.0329708 -39.1677)
(-125.267 0.547892 -38.9333)
(-124.962 0.497953 -38.8058)
(-124.83 0.191413 -38.7496)
(-124.83 -0.191413 -38.7496)
(-124.962 -0.497953 -38.8058)
(-125.267 -0.547892 -38.9333)
(-125.843 -0.0329708 -39.1677)
(-123.255 0.0471882 -39.1765)
(-122.672 0.555053 -38.9383)
(-122.364 0.501201 -38.809)
(-122.231 0.192332 -38.7522)
(-122.231 -0.192332 -38.7522)
(-122.364 -0.501201 -38.809)
(-122.672 -0.555053 -38.9383)
(-123.255 -0.0471882 -39.1765)
(-120.489 0.0609006 -39.064)
(-119.901 0.561112 -38.8226)
(-119.589 0.503557 -38.6918)
(-119.455 0.192921 -38.6343)
(-119.455 -0.192921 -38.6343)
(-119.589 -0.503557 -38.6918)
(-119.901 -0.561112 -38.8226)
(-120.489 -0.0609006 -39.064)
(-117.563 0.0740549 -38.8357)
(-116.971 0.56608 -38.5916)
(-116.658 0.505043 -38.4595)
(-116.523 0.193188 -38.4016)
(-116.523 -0.193188 -38.4016)
(-116.658 -0.505043 -38.4595)
(-116.971 -0.56608 -38.5916)
(-117.563 -0.0740549 -38.8357)
(-114.497 0.0866046 -38.4974)
(-113.902 0.56997 -38.2511)
(-113.588 0.505683 -38.1181)
(-113.453 0.193144 -38.0598)
(-113.453 -0.193144 -38.0598)
(-113.588 -0.505683 -38.1181)
(-113.902 -0.56997 -38.2511)
(-114.497 -0.0866046 -38.4974)
(-111.309 0.0985095 -38.0552)
(-110.712 0.572795 -37.8073)
(-110.398 0.505497 -37.6736)
(-110.262 0.192797 -37.6151)
(-110.262 -0.192797 -37.6151)
(-110.398 -0.505497 -37.6736)
(-110.712 -0.572795 -37.8073)
(-111.309 -0.0985095 -38.0552)
(-108.015 0.109735 -37.5155)
(-107.418 0.574573 -37.2665)
(-107.103 0.504507 -37.1324)
(-106.968 0.192156 -37.0738)
(-106.968 -0.192156 -37.0738)
(-107.103 -0.504507 -37.1324)
(-107.418 -0.574573 -37.2665)
(-108.015 -0.109735 -37.5155)
(-104.631 0.120254 -36.8847)
(-104.035 0.575321 -36.6352)
(-103.721 0.502737 -36.5011)
(-103.586 0.191231 -36.4425)
(-103.586 -0.191231 -36.4425)
(-103.721 -0.502737 -36.5011)
(-104.035 -0.575321 -36.6352)
(-104.631 -0.120254 -36.8847)
(-101.172 0.130042 -36.1695)
(-100.579 0.575058 -35.9201)
(-100.267 0.500208 -35.7863)
(-100.132 0.190031 -35.7279)
(-100.132 -0.190031 -35.7279)
(-100.267 -0.500208 -35.7863)
(-100.579 -0.575058 -35.9201)
(-101.172 -0.130042 -36.1695)
(-97.653 0.139082 -35.3767)
(-97.0638 0.573805 -35.128)
(-96.7537 0.496945 -34.9947)
(-96.6204 0.188566 -34.9366)
(-96.6204 -0.188566 -34.9366)
(-96.7537 -0.496945 -34.9947)
(-97.0638 -0.573805 -35.128)
(-97.653 -0.139082 -35.3767)
(-94.0874 0.147361 -34.513)
(-93.5031 0.571586 -34.2655)
(-93.1958 0.49297 -34.1331)
(-93.0637 0.186844 -34.0754)
(-93.0637 -0.186844 -34.0754)
(-93.1958 -0.49297 -34.1331)
(-93.5031 -0.571586 -34.2655)
(-94.0874 -0.147361 -34.513)
(-90.488 0.154871 -33.5853)
(-89.9097 0.568426 -33.3395)
(-89.6057 0.488309 -33.2082)
(-89.4751 0.184875 -33.1511)
(-89.4751 -0.184875 -33.1511)
(-89.6057 -0.488309 -33.2082)
(-89.9097 -0.568426 -33.3395)
(-90.488 -0.154871 -33.5853)
(-86.8667 0.161608 -32.6001)
(-86.2955 0.56435 -32.3566)
(-85.9955 0.482986 -32.2267)
(-85.8667 0.182668 -32.1702)
(-85.8667 -0.182668 -32.1702)
(-85.9955 -0.482986 -32.2267)
(-86.2955 -0.56435 -32.3566)
(-86.8667 -0.161608 -32.6001)
(-83.2349 0.167572 -31.5641)
(-82.6719 0.559387 -31.3234)
(-82.3765 0.477026 -31.1952)
(-82.2496 0.180235 -31.1395)
(-82.2496 -0.180235 -31.1395)
(-82.3765 -0.477026 -31.1952)
(-82.6719 -0.559387 -31.3234)
(-83.2349 -0.167572 -31.5641)
(-79.6035 0.172766 -30.4839)
(-79.0496 0.553564 -30.2465)
(-78.7593 0.470455 -30.1203)
(-78.6346 0.177582 -30.0654)
(-78.6346 -0.177582 -30.0654)
(-78.7593 -0.470455 -30.1203)
(-79.0496 -0.553564 -30.2465)
(-79.6035 -0.172766 -30.4839)
(-75.9825 0.177197 -29.3658)
(-75.4386 0.546912 -29.1322)
(-75.1538 0.463297 -29.0081)
(-75.0315 0.174722 -28.9543)
(-75.0315 -0.174722 -28.9543)
(-75.1538 -0.463297 -29.0081)
(-75.4386 -0.546912 -29.1322)
(-75.9825 -0.177197 -29.3658)
(-72.3813 0.180874 -28.2161)
(-71.8483 0.53946 -27.9866)
(-71.5694 0.455579 -27.865)
(-71.4498 0.171662 -27.8122)
(-71.4498 -0.171662 -27.8122)
(-71.5694 -0.455579 -27.865)
(-71.8483 -0.53946 -27.9866)
(-72.3813 -0.180874 -28.2161)
(-68.8089 0.18381 -27.0408)
(-68.2875 0.531241 -26.8159)
(-68.015 0.447325 -26.6968)
(-67.8982 0.168413 -26.6453)
(-67.8982 -0.168413 -26.6453)
(-68.015 -0.447325 -26.6968)
(-68.2875 -0.531241 -26.8159)
(-68.8089 -0.18381 -27.0408)
(-65.2735 0.186019 -25.8458)
(-64.7644 0.522286 -25.6258)
(-64.4987 0.438563 -25.5096)
(-64.3848 0.164985 -25.4593)
(-64.3848 -0.164985 -25.4593)
(-64.4987 -0.438563 -25.5096)
(-64.7644 -0.522286 -25.6258)
(-65.2735 -0.186019 -25.8458)
(-61.783 0.187519 -24.6367)
(-61.2869 0.512626 -24.4219)
(-61.0282 0.429316 -24.3087)
(-60.9174 0.161386 -24.2598)
(-60.9174 -0.161386 -24.2598)
(-61.0282 -0.429316 -24.3087)
(-61.2869 -0.512626 -24.4219)
(-61.783 -0.187519 -24.6367)
(-58.3447 0.188327 -23.4189)
(-57.862 0.502294 -23.2097)
(-57.6107 0.419611 -23.0996)
(-57.5031 0.157625 -23.0521)
(-57.5031 -0.157625 -23.0521)
(-57.6107 -0.419611 -23.0996)
(-57.862 -0.502294 -23.2097)
(-58.3447 -0.188327 -23.4189)
(-54.9652 0.188463 -22.1977)
(-54.4965 0.491323 -21.9943)
(-54.2529 0.409472 -21.8875)
(-54.1486 0.153713 -21.8414)
(-54.1486 -0.153713 -21.8414)
(-54.2529 -0.409472 -21.8875)
(-54.4965 -0.491323 -21.9943)
(-54.9652 -0.188463 -22.1977)
(-51.651 0.187951 -20.9779)
(-51.1967 0.479744 -20.7806)
(-50.9608 0.398924 -20.6772)
(-50.86 0.149658 -20.6326)
(-50.86 -0.149658 -20.6326)
(-50.9608 -0.398924 -20.6772)
(-51.1967 -0.479744 -20.7806)
(-51.651 -0.187951 -20.9779)
(-48.4079 0.186811 -19.7643)
(-47.9683 0.467589 -19.5733)
(-47.7404 0.387991 -19.4733)
(-47.6431 0.145468 -19.4303)
(-47.6431 -0.145468 -19.4303)
(-47.7404 -0.387991 -19.4733)
(-47.9683 -0.467589 -19.5733)
(-48.4079 -0.186811 -19.7643)
(-45.2414 0.185069 -18.5614)
(-44.8168 0.454891 -18.3767)
(-44.597 0.376696 -18.2804)
(-44.5032 0.141152 -18.2389)
(-44.5032 -0.141152 -18.2389)
(-44.597 -0.376696 -18.2804)
(-44.8168 -0.454891 -18.3767)
(-45.2414 -0.185069 -18.5614)
(-42.1565 0.182748 -17.3733)
(-41.747 0.441681 -17.1952)
(-41.5355 0.365063 -17.1024)
(-41.4452 0.136719 -17.0626)
(-41.4452 -0.136719 -17.0626)
(-41.5355 -0.365063 -17.1024)
(-41.747 -0.441681 -17.1952)
(-42.1565 -0.182748 -17.3733)
(-39.1579 0.179875 -16.2039)
(-38.7636 0.42799 -16.0324)
(-38.5604 0.353115 -15.9433)
(-38.4737 0.132177 -15.9051)
(-38.4737 -0.132177 -15.9051)
(-38.5604 -0.353115 -15.9433)
(-38.7636 -0.427991 -16.0324)
(-39.1579 -0.179875 -16.2039)
(-36.2499 0.176475 -15.057)
(-35.8709 0.41385 -14.8922)
(-35.6759 0.340873 -14.8068)
(-35.5929 0.127534 -14.7702)
(-35.5929 -0.127534 -14.7702)
(-35.6759 -0.340873 -14.8068)
(-35.8709 -0.41385 -14.8922)
(-36.2499 -0.176475 -15.057)
(-33.4363 0.172573 -13.9361)
(-33.0727 0.399288 -13.778)
(-32.8859 0.32836 -13.6962)
(-32.8066 0.122797 -13.6613)
(-32.8066 -0.122797 -13.6613)
(-32.8859 -0.32836 -13.6962)
(-33.0727 -0.399289 -13.778)
(-33.4363 -0.172573 -13.9361)
(-30.7208 0.168197 -12.8442)
(-30.3725 0.384337 -12.6928)
(-30.194 0.315597 -12.6147)
(-30.1182 0.117974 -12.5814)
(-30.1182 -0.117974 -12.5814)
(-30.194 -0.315597 -12.6147)
(-30.3725 -0.384337 -12.6928)
(-30.7208 -0.168197 -12.8442)
(-28.1068 0.163372 -11.7843)
(-27.7735 0.369023 -11.6396)
(-27.6031 0.302602 -11.5652)
(-27.5309 0.113073 -11.5335)
(-27.5309 -0.113073 -11.5335)
(-27.6031 -0.302602 -11.5652)
(-27.7735 -0.369023 -11.6396)
(-28.1068 -0.163372 -11.7843)
(-25.597 0.158126 -10.7592)
(-25.2787 0.353374 -10.6211)
(-25.1164 0.289396 -10.5503)
(-25.0477 0.108099 -10.5202)
(-25.0477 -0.108099 -10.5202)
(-25.1164 -0.289396 -10.5503)
(-25.2787 -0.353374 -10.6211)
(-25.597 -0.158126 -10.7592)
(-23.1944 0.152485 -9.77135)
(-22.8908 0.337419 -9.63973)
(-22.7364 0.275997 -9.57243)
(-22.6711 0.10306 -9.54388)
(-22.6711 -0.10306 -9.54388)
(-22.7364 -0.275997 -9.57243)
(-22.8908 -0.337419 -9.63973)
(-23.1944 -0.152485 -9.77135)
(-20.9012 0.146476 -8.82291)
(-20.612 0.321186 -8.69767)
(-20.4653 0.262426 -8.63384)
(-20.4035 0.0979622 -8.60681)
(-20.4035 -0.0979623 -8.60681)
(-20.4653 -0.262426 -8.63384)
(-20.612 -0.321185 -8.69767)
(-20.9012 -0.146476 -8.82291)
(-18.7197 0.140121 -7.91596)
(-18.4446 0.304692 -7.79696)
(-18.3055 0.248696 -7.7365)
(-18.2469 0.0928109 -7.71097)
(-18.2469 -0.0928111 -7.71097)
(-18.3055 -0.248696 -7.7365)
(-18.4446 -0.304692 -7.79696)
(-18.7197 -0.140121 -7.91596)
(-16.6518 0.133443 -7.05231)
(-16.3904 0.287956 -6.93938)
(-16.2587 0.234816 -6.88221)
(-16.2033 0.0876085 -6.85812)
(-16.2033 -0.0876086 -6.85812)
(-16.2587 -0.234816 -6.88221)
(-16.3904 -0.287956 -6.93938)
(-16.6518 -0.133443 -7.05231)
(-14.6992 0.126463 -6.23356)
(-14.4511 0.270995 -6.1265)
(-14.3265 0.220792 -6.07251)
(-14.2742 0.0823569 -6.04984)
(-14.2742 -0.082357 -6.04984)
(-14.3265 -0.220792 -6.07251)
(-14.4511 -0.270995 -6.1265)
(-14.6992 -0.126463 -6.23356)
(-12.8633 0.119202 -5.4611)
(-12.6281 0.253818 -5.35973)
(-12.5103 0.206628 -5.30882)
(-12.4612 0.0770556 -5.28752)
(-12.4612 -0.0770557 -5.28752)
(-12.5103 -0.206628 -5.30882)
(-12.6281 -0.253818 -5.35973)
(-12.8633 -0.119202 -5.4611)
(-11.1454 0.111673 -4.73617)
(-10.9225 0.236419 -4.64027)
(-10.8115 0.192312 -4.59235)
(-10.7653 0.0717008 -4.57237)
(-10.7653 -0.0717008 -4.57237)
(-10.8115 -0.192313 -4.59235)
(-10.9225 -0.236419 -4.64027)
(-11.1454 -0.111673 -4.73617)
(-9.54647 0.10388 -4.05981)
(-9.3356 0.218775 -3.96918)
(-9.23109 0.177822 -3.92415)
(-9.18784 0.0662828 -3.90547)
(-9.18784 -0.0662829 -3.90547)
(-9.23109 -0.177822 -3.92415)
(-9.3356 -0.218775 -3.96918)
(-9.54647 -0.10388 -4.05981)
(-8.06748 0.0958152 -3.4329)
(-7.86814 0.200839 -3.34734)
(-7.77005 0.16311 -3.30514)
(-7.72973 0.0607824 -3.28777)
(-7.72973 -0.0607824 -3.28777)
(-7.77005 -0.16311 -3.30514)
(-7.86814 -0.200839 -3.34734)
(-8.06748 -0.0958152 -3.4329)
(-6.70908 0.0874533 -2.85616)
(-6.52095 0.182525 -2.77552)
(-6.42929 0.148101 -2.73615)
(-6.39198 0.0551706 -2.7201)
(-6.39198 -0.0551706 -2.7201)
(-6.42929 -0.148101 -2.73615)
(-6.52095 -0.182525 -2.77552)
(-6.70908 -0.0874533 -2.85616)
(-5.4718 0.0787451 -2.33018)
(-5.29475 0.163704 -2.25438)
(-5.2097 0.132686 -2.2179)
(-5.17557 0.0494081 -2.20325)
(-5.17557 -0.0494082 -2.20325)
(-5.2097 -0.132686 -2.2179)
(-5.29475 -0.163704 -2.25438)
(-5.4718 -0.0787451 -2.33018)
(-4.35607 0.0696125 -1.85541)
(-4.19026 0.144195 -1.7845)
(-4.11228 0.11673 -1.75111)
(-4.08163 0.0434473 -1.73797)
(-4.08163 -0.0434474 -1.73797)
(-4.11228 -0.11673 -1.75111)
(-4.19026 -0.144195 -1.7845)
(-4.35607 -0.0696125 -1.85541)
(-3.36234 0.0599478 -1.43228)
(-3.20842 0.123783 -1.36652)
(-3.13828 0.100087 -1.33652)
(-3.11155 0.037242 -1.32508)
(-3.11155 -0.0372421 -1.32508)
(-3.13828 -0.100087 -1.33652)
(-3.20842 -0.123783 -1.36652)
(-3.36234 -0.0599477 -1.43228)
(-2.49129 0.0496249 -1.06123)
(-2.35064 0.102262 -1.0012)
(-2.28948 0.0826586 -0.975066)
(-2.26719 0.0307718 -0.965534)
(-2.26719 -0.0307719 -0.965534)
(-2.28948 -0.0826586 -0.975066)
(-2.35064 -0.102262 -1.0012)
(-2.49129 -0.0496249 -1.06123)
(-1.74429 0.038541 -0.742959)
(-1.61925 0.0795636 -0.689637)
(-1.56845 0.0645087 -0.667953)
(-1.55112 0.0240848 -0.660549)
(-1.55112 -0.0240847 -0.660549)
(-1.56845 -0.0645086 -0.667952)
(-1.61925 -0.0795636 -0.689637)
(-1.74429 -0.0385411 -0.742959)
(-1.12402 0.0267313 -0.478687)
(-1.01808 0.0560168 -0.433542)
(-0.978947 0.0460569 -0.416854)
(-0.966851 0.0173632 -0.41169)
(-0.96685 -0.0173626 -0.41169)
(-0.978945 -0.0460568 -0.416853)
(-1.01808 -0.0560172 -0.433542)
(-1.12402 -0.0267316 -0.478688)
(-0.635247 0.014603 -0.270477)
(-0.552871 0.0327775 -0.235393)
(-0.526096 0.0283366 -0.223984)
(-0.519017 0.0109935 -0.220964)
(-0.519017 -0.0109924 -0.220965)
(-0.526097 -0.0283368 -0.223984)
(-0.552874 -0.0327783 -0.235394)
(-0.635251 -0.0146034 -0.270478)
(-0.284567 0.00324739 -0.121134)
(-0.23021 0.0122087 -0.0979945)
(-0.215621 0.0131321 -0.0917821)
(-0.212772 0.00558702 -0.0905675)
(-0.212779 -0.00558694 -0.0905702)
(-0.215629 -0.0131325 -0.0917853)
(-0.230215 -0.0122092 -0.0979969)
(-0.284565 -0.00324748 -0.121134)
(-0.0722026 -0.00486165 -0.0307285)
(-0.0494958 -0.00172888 -0.0210654)
(-0.0464896 0.00274978 -0.0197862)
(-0.0468618 0.00184976 -0.0199442)
(-0.0468699 -0.00185245 -0.0199476)
(-0.0464979 -0.0027493 -0.0197897)
(-0.0494949 0.00172952 -0.0210651)
(-0.0722012 0.00486181 -0.0307279)
(0.0172481 -0.00550554 0.0073376)
(0.00960976 -0.00323563 0.00408401)
(0.00573579 -0.000378368 0.00243539)
(0.00336557 0.000276529 0.00142678)
(0.00337093 -0.000278328 0.00142904)
(0.00574193 0.00037886 0.00243799)
(0.00961308 0.00323622 0.00408544)
(0.017255 0.00550578 0.00734055)
)
;
    }
    bottom
    {
        type            calculated;
        value           nonuniform List<vector> 
640
(
(-64.4012 -6.2517 0.930468)
(-76.5404 -8.79921 -0.613569)
(-86.7666 -5.86909 -1.91172)
(-91.5578 -1.94583 -2.54728)
(-91.5578 1.94583 -2.54728)
(-86.7666 5.86909 -1.91172)
(-76.5404 8.79921 -0.613569)
(-64.4012 6.2517 0.930468)
(-39.4671 -1.80354 2.61173)
(-43.0793 -3.05507 2.36311)
(-44.4863 -2.35759 2.24416)
(-45.2503 -0.827155 2.18026)
(-45.2503 0.827155 2.18026)
(-44.4863 2.35759 2.24416)
(-43.0793 3.05507 2.36311)
(-39.4671 1.80354 2.61173)
(-46.3115 -0.865593 2.0222)
(-48.8654 -1.62112 1.85752)
(-48.9996 -1.36177 1.85369)
(-49.0768 -0.510527 1.84695)
(-49.0768 0.510527 1.84695)
(-48.9996 1.36177 1.85369)
(-48.8654 1.62112 1.85752)
(-46.3115 0.865593 2.0222)
(-59.4447 -0.437673 0.669728)
(-61.9002 -0.896022 0.479196)
(-62.4858 -0.822674 0.444078)
(-62.6474 -0.327627 0.433063)
(-62.6474 0.327627 0.433063)
(-62.4858 0.822674 0.444078)
(-61.9002 0.896022 0.479196)
(-59.4447 0.437673 0.669728)
(-72.7081 -0.125663 -1.08107)
(-74.5843 -0.358033 -1.24794)
(-75.4224 -0.39233 -1.31725)
(-75.7162 -0.16935 -1.34254)
(-75.7162 0.16935 -1.34254)
(-75.4224 0.39233 -1.31725)
(-74.5843 0.358033 -1.24794)
(-72.7081 0.125663 -1.08107)
(-85.0023 0.099202 -3.09692)
(-86.2534 0.0065233 -3.21603)
(-87.0278 -0.086494 -3.29075)
(-87.3529 -0.0518404 -3.32337)
(-87.3529 0.0518404 -3.32337)
(-87.0278 0.086494 -3.29075)
(-86.2534 -0.0065233 -3.21603)
(-85.0023 -0.099202 -3.09692)
(-96.0893 0.258348 -5.29598)
(-96.8144 0.244632 -5.36229)
(-97.3921 0.117085 -5.42219)
(-97.6702 0.0279918 -5.45285)
(-97.6702 -0.0279918 -5.45285)
(-97.3921 -0.117085 -5.42219)
(-96.8144 -0.244632 -5.36229)
(-96.0893 -0.258348 -5.29598)
(-105.937 0.370361 -7.61393)
(-106.25 0.400207 -7.62883)
(-106.608 0.249749 -7.66424)
(-106.804 0.0803098 -7.68626)
(-106.804 -0.0803098 -7.68626)
(-106.608 -0.249749 -7.66424)
(-106.25 -0.400207 -7.62883)
(-105.937 -0.370361 -7.61393)
(-114.582 0.449818 -9.99793)
(-114.594 0.504369 -9.96715)
(-114.76 0.33715 -9.9757)
(-114.87 0.114625 -9.98596)
(-114.87 -0.114626 -9.98596)
(-114.76 -0.33715 -9.9757)
(-114.594 -0.504369 -9.96715)
(-114.582 -0.449818 -9.99793)
(-122.09 0.507507 -12.4037)
(-121.895 0.577626 -12.3353)
(-121.912 0.3972 -12.3189)
(-121.947 0.137932 -12.317)
(-121.947 -0.137932 -12.317)
(-121.912 -0.3972 -12.3189)
(-121.895 -0.577626 -12.3353)
(-122.09 -0.507507 -12.4037)
(-128.534 0.550735 -14.7944)
(-128.209 0.63263 -14.6968)
(-128.119 0.441274 -14.6594)
(-128.098 0.154782 -14.6466)
(-128.098 -0.154782 -14.6466)
(-128.119 -0.441274 -14.6594)
(-128.209 -0.63263 -14.6968)
(-128.534 -0.550735 -14.7944)
(-133.992 0.58413 -17.1393)
(-133.594 0.676706 -17.0206)
(-133.435 0.476068 -16.9667)
(-133.375 0.1679 -16.945)
(-133.375 -0.1679 -16.945)
(-133.435 -0.476069 -16.9667)
(-133.594 -0.676706 -17.0206)
(-133.992 -0.58413 -17.1393)
(-138.54 0.610518 -19.413)
(-138.11 0.713858 -19.2801)
(-137.911 0.505276 -19.2143)
(-137.825 0.17881 -19.1858)
(-137.825 -0.17881 -19.1858)
(-137.911 -0.505276 -19.2143)
(-138.11 -0.713858 -19.2801)
(-138.54 -0.610518 -19.413)
(-142.249 0.631608 -21.5945)
(-141.815 0.746161 -21.4532)
(-141.597 0.530805 -21.3795)
(-141.498 0.188306 -21.3462)
(-141.498 -0.188306 -21.3462)
(-141.597 -0.530805 -21.3795)
(-141.815 -0.746161 -21.4532)
(-142.249 -0.631608 -21.5945)
(-145.184 0.648446 -23.6664)
(-144.766 0.774647 -23.5214)
(-144.545 0.553581 -23.443)
(-144.44 0.196778 -23.4067)
(-144.44 -0.196778 -23.4067)
(-144.545 -0.553581 -23.443)
(-144.766 -0.774647 -23.5214)
(-145.184 -0.648446 -23.6664)
(-147.408 0.661703 -25.6146)
(-147.017 0.799823 -25.4696)
(-146.803 0.574029 -25.3892)
(-146.699 0.204406 -25.3512)
(-146.699 -0.204406 -25.3512)
(-146.803 -0.574029 -25.3892)
(-147.017 -0.799823 -25.4696)
(-147.408 -0.661703 -25.6146)
(-148.975 0.671841 -27.4276)
(-148.621 0.821955 -27.2856)
(-148.419 0.592342 -27.2052)
(-148.32 0.211269 -27.1667)
(-148.32 -0.211269 -27.1667)
(-148.419 -0.592342 -27.2052)
(-148.621 -0.821955 -27.2856)
(-148.975 -0.671841 -27.4276)
(-149.939 0.679206 -29.0964)
(-149.625 0.841213 -28.9597)
(-149.441 0.608623 -28.881)
(-149.349 0.217406 -28.8429)
(-149.349 -0.217406 -28.8429)
(-149.441 -0.608623 -28.881)
(-149.625 -0.841213 -28.9597)
(-149.939 -0.679206 -29.0964)
(-150.347 0.684075 -30.6144)
(-150.076 0.857736 -30.4848)
(-149.913 0.622945 -30.4089)
(-149.829 0.222843 -30.3719)
(-149.829 -0.222843 -30.3719)
(-149.913 -0.622945 -30.4089)
(-150.076 -0.857736 -30.4848)
(-150.347 -0.684075 -30.6144)
(-150.246 0.686683 -31.9767)
(-150.019 0.871656 -31.8557)
(-149.877 0.63538 -31.7837)
(-149.802 0.227602 -31.7481)
(-149.802 -0.227602 -31.7481)
(-149.877 -0.63538 -31.7837)
(-150.019 -0.871656 -31.8557)
(-150.246 -0.686683 -31.9767)
(-149.678 0.687236 -33.1805)
(-149.495 0.883101 -33.0692)
(-149.375 0.646 -33.0016)
(-149.309 0.231708 -32.9679)
(-149.309 -0.231708 -32.9679)
(-149.375 -0.646 -33.0016)
(-149.495 -0.883101 -33.0692)
(-149.678 -0.687236 -33.1805)
(-148.683 0.685914 -34.2243)
(-148.543 0.892197 -34.1235)
(-148.445 0.654882 -34.0611)
(-148.389 0.235187 -34.0296)
(-148.389 -0.235187 -34.0296)
(-148.445 -0.654882 -34.0611)
(-148.543 -0.892197 -34.1235)
(-148.683 -0.685914 -34.2243)
(-147.298 0.682884 -35.1083)
(-147.201 0.899068 -35.0188)
(-147.123 0.662103 -34.9619)
(-147.077 0.238065 -34.9327)
(-147.077 -0.238065 -34.9327)
(-147.123 -0.662103 -34.9619)
(-147.201 -0.899068 -35.0188)
(-147.298 -0.682884 -35.1083)
(-145.56 0.678296 -35.834)
(-145.503 0.903832 -35.7562)
(-145.447 0.667739 -35.705)
(-145.41 0.240367 -35.6785)
(-145.41 -0.240367 -35.6785)
(-145.447 -0.667739 -35.705)
(-145.503 -0.903832 -35.7562)
(-145.56 -0.678296 -35.834)
(-143.502 0.672288 -36.404)
(-143.484 0.906603 -36.338)
(-143.447 0.671864 -36.2929)
(-143.419 0.242119 -36.269)
(-143.419 -0.242119 -36.269)
(-143.447 -0.671864 -36.2929)
(-143.484 -0.906603 -36.338)
(-143.502 -0.672288 -36.404)
(-141.156 0.66499 -36.8217)
(-141.174 0.907491 -36.7679)
(-141.156 0.67455 -36.7289)
(-141.137 0.243347 -36.7077)
(-141.137 -0.243347 -36.7077)
(-141.156 -0.67455 -36.7289)
(-141.174 -0.907491 -36.7679)
(-141.156 -0.66499 -36.8217)
(-138.552 0.656524 -37.0918)
(-138.604 0.906602 -37.0501)
(-138.604 0.675867 -37.0172)
(-138.593 0.244073 -36.9988)
(-138.593 -0.244073 -36.9988)
(-138.604 -0.675867 -37.0172)
(-138.604 -0.906602 -37.0501)
(-138.552 -0.656524 -37.0918)
(-135.718 0.647005 -37.2195)
(-135.802 0.904038 -37.1897)
(-135.818 0.675883 -37.1628)
(-135.815 0.244323 -37.1472)
(-135.815 -0.244323 -37.1472)
(-135.818 -0.675883 -37.1628)
(-135.802 -0.904038 -37.1897)
(-135.718 -0.647005 -37.2195)
(-132.68 0.636541 -37.2105)
(-132.794 0.899899 -37.1924)
(-132.826 0.674666 -37.1715)
(-132.83 0.24412 -37.1586)
(-132.83 -0.24412 -37.1586)
(-132.826 -0.674666 -37.1715)
(-132.794 -0.899899 -37.1924)
(-132.68 -0.636541 -37.2105)
(-129.464 0.625236 -37.0712)
(-129.605 0.894283 -37.0645)
(-129.651 0.672282 -37.0494)
(-129.662 0.243486 -37.0392)
(-129.662 -0.243486 -37.0392)
(-129.651 -0.672282 -37.0494)
(-129.605 -0.894283 -37.0645)
(-129.464 -0.625236 -37.0712)
(-126.093 0.613188 -36.8084)
(-126.259 0.887286 -36.8126)
(-126.317 0.668796 -36.8032)
(-126.335 0.242445 -36.7956)
(-126.335 -0.242445 -36.7956)
(-126.317 -0.668796 -36.8032)
(-126.259 -0.887286 -36.8126)
(-126.093 -0.613188 -36.8084)
(-122.589 0.600488 -36.4293)
(-122.777 0.879001 -36.4438)
(-122.847 0.664273 -36.4398)
(-122.87 0.241018 -36.4348)
(-122.87 -0.241019 -36.4348)
(-122.847 -0.664273 -36.4398)
(-122.777 -0.879001 -36.4438)
(-122.589 -0.600488 -36.4293)
(-118.972 0.587225 -35.941)
(-119.18 0.869518 -35.9654)
(-119.261 0.658776 -35.9666)
(-119.289 0.23923 -35.9639)
(-119.289 -0.23923 -35.9639)
(-119.261 -0.658776 -35.9666)
(-119.18 -0.869518 -35.9654)
(-118.972 -0.587225 -35.941)
(-115.263 0.573481 -35.3512)
(-115.487 0.858925 -35.3848)
(-115.577 0.652364 -35.3908)
(-115.61 0.2371 -35.3903)
(-115.61 -0.2371 -35.3903)
(-115.577 -0.652364 -35.3908)
(-115.487 -0.858925 -35.3848)
(-115.263 -0.573481 -35.3512)
(-111.478 0.559333 -34.6675)
(-111.717 0.847304 -34.7095)
(-111.815 0.645099 -34.72)
(-111.852 0.23465 -34.7217)
(-111.852 -0.23465 -34.7217)
(-111.815 -0.645099 -34.72)
(-111.717 -0.847304 -34.7095)
(-111.478 -0.559333 -34.6675)
(-107.634 0.544852 -33.8974)
(-107.886 0.834737 -33.9472)
(-107.991 0.637038 -33.9619)
(-108.031 0.231901 -33.9655)
(-108.031 -0.231901 -33.9655)
(-107.991 -0.637038 -33.9619)
(-107.886 -0.834737 -33.9472)
(-107.634 -0.544852 -33.8974)
(-103.748 0.530106 -33.0486)
(-104.01 0.821302 -33.1054)
(-104.121 0.628236 -33.1239)
(-104.164 0.228872 -33.1294)
(-104.164 -0.228872 -33.1294)
(-104.121 -0.628236 -33.1239)
(-104.01 -0.821302 -33.1054)
(-103.748 -0.530106 -33.0486)
(-99.8329 0.515157 -32.1288)
(-100.103 0.807071 -32.1918)
(-100.219 0.618747 -32.2137)
(-100.265 0.225583 -32.2209)
(-100.265 -0.225583 -32.2209)
(-100.219 -0.618747 -32.2137)
(-100.103 -0.807071 -32.1918)
(-99.8329 -0.515157 -32.1288)
(-95.9031 0.500062 -31.1452)
(-96.1795 0.792115 -31.2137)
(-96.2991 0.608622 -31.2387)
(-96.3468 0.222053 -31.2473)
(-96.3467 -0.222053 -31.2473)
(-96.2991 -0.608623 -31.2387)
(-96.1795 -0.792115 -31.2137)
(-95.9031 -0.500062 -31.1452)
(-91.971 0.484873 -30.1053)
(-92.2514 0.776499 -30.1785)
(-92.3737 0.59791 -30.2061)
(-92.423 0.218298 -30.2161)
(-92.423 -0.218298 -30.2161)
(-92.3737 -0.59791 -30.2061)
(-92.2514 -0.776499 -30.1785)
(-91.971 -0.484873 -30.1053)
(-88.048 0.469638 -29.0163)
(-88.3305 0.760286 -29.0933)
(-88.4546 0.586656 -29.1233)
(-88.5051 0.214335 -29.1344)
(-88.5051 -0.214335 -29.1344)
(-88.4546 -0.586656 -29.1233)
(-88.3305 -0.760286 -29.0933)
(-88.048 -0.469638 -29.0163)
(-84.1448 0.454401 -27.885)
(-84.4277 0.743533 -27.9652)
(-84.5527 0.574905 -27.997)
(-84.604 0.21018 -28.0092)
(-84.604 -0.210181 -28.0092)
(-84.5527 -0.574905 -27.997)
(-84.4277 -0.743533 -27.9652)
(-84.1448 -0.454401 -27.885)
(-80.2715 0.4392 -26.7183)
(-80.553 0.726297 -26.8008)
(-80.6781 0.562699 -26.8342)
(-80.7298 0.20585 -26.8472)
(-80.7298 -0.20585 -26.8472)
(-80.6781 -0.562699 -26.8342)
(-80.553 -0.726297 -26.8008)
(-80.2715 -0.4392 -26.7183)
(-76.437 0.424072 -25.5225)
(-76.7156 0.708629 -25.6067)
(-76.84 0.550077 -25.6413)
(-76.8917 0.201357 -25.655)
(-76.8917 -0.201357 -25.655)
(-76.84 -0.550077 -25.6413)
(-76.7156 -0.708629 -25.6067)
(-76.437 -0.424072 -25.5225)
(-72.6499 0.409047 -24.3041)
(-72.9241 0.690577 -24.3892)
(-73.047 0.537076 -24.4246)
(-73.0984 0.196716 -24.4388)
(-73.0984 -0.196716 -24.4388)
(-73.047 -0.537076 -24.4246)
(-72.9241 -0.690578 -24.3892)
(-72.6499 -0.409047 -24.3041)
(-68.9178 0.394154 -23.069)
(-69.1862 0.672188 -23.1543)
(-69.307 0.523732 -23.1902)
(-69.3578 0.191939 -23.2048)
(-69.3578 -0.191939 -23.2048)
(-69.307 -0.523732 -23.1902)
(-69.1862 -0.672188 -23.1543)
(-68.9178 -0.394154 -23.069)
(-65.2478 0.379416 -21.8228)
(-65.5092 0.653502 -21.9078)
(-65.6273 0.510077 -21.9438)
(-65.6772 0.187039 -21.9586)
(-65.6772 -0.18704 -21.9586)
(-65.6273 -0.510077 -21.9438)
(-65.5092 -0.653502 -21.9078)
(-65.2478 -0.379416 -21.8228)
(-61.6464 0.364855 -20.5711)
(-61.8997 0.634558 -20.655)
(-62.0144 0.496144 -20.691)
(-62.0632 0.182028 -20.7058)
(-62.0632 -0.182028 -20.7058)
(-62.0144 -0.496144 -20.691)
(-61.8997 -0.634558 -20.655)
(-61.6464 -0.364855 -20.5711)
(-58.1196 0.350489 -19.3189)
(-58.3637 0.615394 -19.4013)
(-58.4746 0.481961 -19.4368)
(-58.522 0.176916 -19.4516)
(-58.522 -0.176916 -19.4516)
(-58.4746 -0.481961 -19.4368)
(-58.3637 -0.615395 -19.4013)
(-58.1196 -0.350489 -19.3189)
(-54.6728 0.336333 -18.0712)
(-54.9067 0.596044 -18.1515)
(-55.0133 0.467555 -18.1863)
(-55.0591 0.171714 -18.2009)
(-55.0591 -0.171714 -18.2009)
(-55.0133 -0.467555 -18.1863)
(-54.9067 -0.596044 -18.1515)
(-54.6728 -0.336333 -18.0712)
(-51.3109 0.322399 -16.8326)
(-51.5338 0.576536 -16.9102)
(-51.6357 0.452952 -16.9441)
(-51.6797 0.16643 -16.9584)
(-51.6797 -0.16643 -16.9584)
(-51.6357 -0.452952 -16.9441)
(-51.5338 -0.576536 -16.9102)
(-51.3109 -0.322399 -16.8326)
(-48.0383 0.308697 -15.6073)
(-48.2495 0.556901 -15.6818)
(-48.3463 0.438177 -15.7145)
(-48.3883 0.161074 -15.7285)
(-48.3883 -0.161074 -15.7285)
(-48.3463 -0.438177 -15.7145)
(-48.2495 -0.556901 -15.6818)
(-48.0383 -0.308697 -15.6073)
(-44.8592 0.295234 -14.3993)
(-45.058 0.537164 -14.4703)
(-45.1494 0.42325 -14.5017)
(-45.1892 0.155655 -14.5152)
(-45.1892 -0.155655 -14.5152)
(-45.1494 -0.42325 -14.5017)
(-45.058 -0.537164 -14.4703)
(-44.8592 -0.295234 -14.3993)
(-41.7771 0.282016 -13.2124)
(-41.9631 0.517349 -13.2796)
(-42.0487 0.408194 -13.3094)
(-42.0863 0.15018 -13.3223)
(-42.0863 -0.15018 -13.3223)
(-42.0487 -0.408194 -13.3094)
(-41.9631 -0.517349 -13.2796)
(-41.7771 -0.282016 -13.2124)
(-38.7953 0.269046 -12.0501)
(-38.968 0.497479 -12.1131)
(-39.0476 0.393027 -12.1411)
(-39.0828 0.144656 -12.1534)
(-39.0828 -0.144656 -12.1534)
(-39.0476 -0.393027 -12.1411)
(-38.968 -0.497479 -12.1131)
(-38.7953 -0.269046 -12.0501)
(-35.9168 0.256325 -10.9156)
(-36.0757 0.477572 -10.974)
(-36.1493 0.377767 -11.0002)
(-36.1819 0.139091 -11.0117)
(-36.1819 -0.139091 -11.0117)
(-36.1493 -0.377767 -11.0002)
(-36.0757 -0.477572 -10.974)
(-35.9168 -0.256325 -10.9156)
(-33.1441 0.243853 -9.81166)
(-33.2891 0.457646 -9.86539)
(-33.3563 0.362431 -9.88953)
(-33.3864 0.133491 -9.90025)
(-33.3864 -0.133491 -9.90025)
(-33.3563 -0.362431 -9.88953)
(-33.2891 -0.457646 -9.86539)
(-33.1441 -0.243853 -9.81166)
(-30.4796 0.231627 -8.74114)
(-30.6104 0.437719 -8.78994)
(-30.6712 0.347034 -8.81195)
(-30.6987 0.127861 -8.82182)
(-30.6987 -0.127861 -8.82182)
(-30.6712 -0.347034 -8.81195)
(-30.6104 -0.437719 -8.78994)
(-30.4796 -0.231627 -8.74114)
(-27.9252 0.219644 -7.70644)
(-28.0417 0.417803 -7.75013)
(-28.0961 0.331589 -7.76992)
(-28.1209 0.122208 -7.7789)
(-28.1209 -0.122208 -7.7789)
(-28.0961 -0.331589 -7.76992)
(-28.0417 -0.417803 -7.75013)
(-27.9252 -0.219644 -7.70644)
(-25.4828 0.207899 -6.70976)
(-25.585 0.397911 -6.74823)
(-25.6328 0.316109 -6.76571)
(-25.6549 0.116535 -6.77376)
(-25.6549 -0.116535 -6.77376)
(-25.6328 -0.316109 -6.76571)
(-25.585 -0.397911 -6.74823)
(-25.4828 -0.207899 -6.70976)
(-23.1538 0.196386 -5.75308)
(-23.2417 0.378055 -5.78623)
(-23.283 0.300604 -5.80136)
(-23.3024 0.110847 -5.80845)
(-23.3024 -0.110847 -5.80845)
(-23.283 -0.300604 -5.80136)
(-23.2417 -0.378055 -5.78623)
(-23.1538 -0.196386 -5.75308)
(-20.9397 0.185097 -4.83819)
(-21.0133 0.358241 -4.86596)
(-21.0481 0.285085 -4.87869)
(-21.0648 0.105147 -4.8848)
(-21.0648 -0.105147 -4.8848)
(-21.0481 -0.285085 -4.87869)
(-21.0133 -0.358241 -4.86596)
(-20.9397 -0.185097 -4.83819)
(-18.8414 0.174023 -3.96664)
(-18.901 0.338476 -3.98901)
(-18.9293 0.269558 -3.99932)
(-18.9432 0.09944 -4.00444)
(-18.9432 -0.0994401 -4.00444)
(-18.9293 -0.269558 -3.99932)
(-18.901 -0.338476 -3.98901)
(-18.8414 -0.174022 -3.96664)
(-16.8598 0.16315 -3.13981)
(-16.9056 0.318762 -3.15678)
(-16.9275 0.254026 -3.16466)
(-16.9388 0.0937257 -3.16878)
(-16.9388 -0.0937257 -3.16878)
(-16.9275 -0.254026 -3.16466)
(-16.9056 -0.318762 -3.15678)
(-16.8598 -0.16315 -3.13981)
(-14.9958 0.152469 -2.35888)
(-15.0279 0.299096 -2.3705)
(-15.0436 0.238489 -2.37596)
(-15.0523 0.0880038 -2.37909)
(-15.0523 -0.0880038 -2.37909)
(-15.0436 -0.238489 -2.37596)
(-15.0279 -0.299096 -2.3705)
(-14.9958 -0.152469 -2.35888)
(-13.2499 0.141961 -1.62488)
(-13.2687 0.279468 -1.6312)
(-13.2782 0.222939 -1.63428)
(-13.2844 0.0822712 -1.63643)
(-13.2844 -0.0822712 -1.63643)
(-13.2782 -0.222939 -1.63428)
(-13.2687 -0.279468 -1.6312)
(-13.2499 -0.141961 -1.62488)
(-11.6225 0.131606 -0.938655)
(-11.6284 0.259855 -0.939788)
(-11.632 0.207358 -0.940542)
(-11.6357 0.0765213 -0.941744)
(-11.6357 -0.0765213 -0.941743)
(-11.632 -0.207358 -0.940541)
(-11.6284 -0.259855 -0.939787)
(-11.6225 -0.131606 -0.938654)
(-10.1139 0.121371 -0.300913)
(-10.1072 0.240217 -0.29699)
(-10.1053 0.191712 -0.29551)
(-10.1067 0.0707413 -0.295813)
(-10.1067 -0.0707412 -0.295813)
(-10.1053 -0.191712 -0.295509)
(-10.1072 -0.240217 -0.296989)
(-10.1139 -0.121371 -0.300912)
(-8.72427 0.111215 0.28779)
(-8.7056 0.220486 0.296584)
(-8.6984 0.175946 0.300159)
(-8.69776 0.06491 0.300677)
(-8.69776 -0.0649099 0.300677)
(-8.6984 -0.175946 0.300159)
(-8.7056 -0.220486 0.296584)
(-8.72427 -0.111215 0.28779)
(-7.45356 0.101078 0.827028)
(-7.42361 0.200561 0.840439)
(-7.41171 0.159976 0.845902)
(-7.40929 0.0589964 0.847124)
(-7.40929 -0.0589963 0.847124)
(-7.41171 -0.159976 0.845902)
(-7.42361 -0.200561 0.840438)
(-7.45356 -0.101079 0.827028)
(-6.30173 0.0908783 1.31649)
(-6.26142 0.180292 1.33416)
(-6.24558 0.143686 1.34121)
(-6.2418 0.052958 1.34297)
(-6.2418 -0.0529579 1.34297)
(-6.24558 -0.143686 1.34121)
(-6.26142 -0.180292 1.33416)
(-6.30172 -0.0908783 1.31649)
(-5.26867 0.0805013 1.75595)
(-5.21928 0.15948 1.77736)
(-5.20055 0.126926 1.78557)
(-5.19597 0.0467426 1.78763)
(-5.19597 -0.0467426 1.78763)
(-5.20055 -0.126927 1.78557)
(-5.21929 -0.159479 1.77736)
(-5.26867 -0.0805013 1.75595)
(-4.35441 0.0698023 2.14518)
(-4.29774 0.137881 2.16959)
(-4.27749 0.109535 2.17838)
(-4.27282 0.0402984 2.18045)
(-4.27282 -0.0402986 2.18045)
(-4.27749 -0.109536 2.17838)
(-4.29774 -0.137881 2.16959)
(-4.35441 -0.0698022 2.14518)
(-3.55935 0.0586151 2.48385)
(-3.49791 0.115265 2.5102)
(-3.47791 0.0913978 2.51884)
(-3.47394 0.0335984 2.52059)
(-3.47394 -0.0335986 2.52059)
(-3.4779 -0.091398 2.51884)
(-3.49791 -0.115265 2.51021)
(-3.55935 -0.0586151 2.48385)
(-2.88482 0.0468022 2.77128)
(-2.82202 0.091549 2.79815)
(-2.80424 0.0725631 2.8058)
(-2.80174 0.026684 2.8069)
(-2.80174 -0.0266842 2.8069)
(-2.80424 -0.0725632 2.8058)
(-2.82202 -0.0915491 2.79815)
(-2.88482 -0.0468022 2.77128)
(-2.33394 0.0343927 3.00607)
(-2.2741 0.0670838 3.03163)
(-2.26031 0.0534527 3.03755)
(-2.25977 0.0197343 3.0378)
(-2.25977 -0.0197344 3.0378)
(-2.26031 -0.0534526 3.03755)
(-2.27409 -0.067084 3.03163)
(-2.33394 -0.0343928 3.00607)
(-1.91326 0.0219001 3.18539)
(-1.86084 0.0431415 3.20775)
(-1.85204 0.0351306 3.21153)
(-1.85336 0.0131394 3.21098)
(-1.85336 -0.0131394 3.21098)
(-1.85204 -0.0351304 3.21153)
(-1.86084 -0.0431417 3.20775)
(-1.91325 -0.0219002 3.18539)
(-1.63274 0.0107401 3.30499)
(-1.59189 0.022389 3.3224)
(-1.58812 0.0193858 3.32402)
(-1.59067 0.00749067 3.32294)
(-1.59067 -0.00749048 3.32294)
(-1.58812 -0.0193856 3.32402)
(-1.59189 -0.0223891 3.3224)
(-1.63274 -0.0107402 3.30499)
(-1.50179 0.00259927 3.36087)
(-1.47568 0.00792181 3.37199)
(-1.47602 0.00809498 3.37185)
(-1.47862 0.00336492 3.37075)
(-1.47862 -0.00336442 3.37075)
(-1.47602 -0.00809493 3.37185)
(-1.47568 -0.00792198 3.37199)
(-1.50179 -0.00259947 3.36087)
(-1.50339 -0.0014924 3.36025)
(-1.4905 0.00128779 3.36574)
(-1.4901 0.00202961 3.36592)
(-1.49049 0.000935296 3.36575)
(-1.49049 -0.000935041 3.36575)
(-1.4901 -0.0020296 3.36592)
(-1.4905 -0.00128784 3.36574)
(-1.50339 0.00149233 3.36025)
)
;
    }
}


// ************************************************************************* //
