/*--------------------------------*- C++ -*----------------------------------*\
| =========                 |                                                 |
| \\      /  F ield         | foam-extend: Open Source CFD                    |
|  \\    /   O peration     | Version:     4.1                                |
|   \\  /    A nd           | Web:         http://www.foam-extend.org         |
|    \\/     M anipulation  |                                                 |
\*---------------------------------------------------------------------------*/
FoamFile
{
    version     2.0;
    format      ascii;
    class       volScalarField;
    location    "0.192";
    object      Dp;
}
// * * * * * * * * * * * * * * * * * * * * * * * * * * * * * * * * * * * * * //

dimensions      [1 -1 -2 0 0 0 0];

internalField   nonuniform List<scalar> 
5120
(
-0.0508637
-0.0403669
-0.0390024
-0.0384669
-0.0380775
-0.0376884
-0.0372335
-0.0367008
-0.0361
-0.0354453
-0.0347505
-0.0340273
-0.0332851
-0.032531
-0.0317702
-0.0310065
-0.0302424
-0.0294798
-0.0287202
-0.0279643
-0.0272129
-0.0264666
-0.0257257
-0.0249907
-0.0242617
-0.0235391
-0.0228231
-0.0221139
-0.0214118
-0.0207169
-0.0200295
-0.0193497
-0.0186778
-0.0180139
-0.0173582
-0.016711
-0.0160723
-0.0154425
-0.0148216
-0.01421
-0.0136077
-0.013015
-0.0124321
-0.0118591
-0.0112964
-0.0107441
-0.0102025
-0.00967172
-0.00915204
-0.00864368
-0.00814689
-0.0076619
-0.00718896
-0.00672833
-0.00628025
-0.00584499
-0.00542282
-0.00501399
-0.00461879
-0.00423748
-0.00387036
-0.00351771
-0.00317981
-0.00285696
-0.00254945
-0.00225759
-0.00198165
-0.00172196
-0.00147879
-0.00125243
-0.00104316
-0.000851247
-0.000676935
-0.000520489
-0.000382211
-0.000262561
-0.000162192
-8.348e-05
-2.35503e-05
1.08169e-05
-0.0526615
-0.0421302
-0.0403882
-0.0395036
-0.0386822
-0.037959
-0.0372739
-0.0365875
-0.0358883
-0.0351739
-0.0344454
-0.0337056
-0.0329578
-0.0322049
-0.0314495
-0.0306936
-0.0299386
-0.0291859
-0.0284363
-0.0276904
-0.0269489
-0.0262121
-0.0254804
-0.0247542
-0.0240337
-0.0233191
-0.0226109
-0.0219091
-0.021214
-0.0205258
-0.0198449
-0.0191713
-0.0185053
-0.0178471
-0.0171969
-0.016555
-0.0159214
-0.0152965
-0.0146805
-0.0140734
-0.0134756
-0.0128873
-0.0123086
-0.0117399
-0.0111812
-0.0106328
-0.010095
-0.00956795
-0.0090519
-0.0085471
-0.00805376
-0.00757215
-0.0071025
-0.00664508
-0.00620013
-0.00576793
-0.00534872
-0.00494279
-0.0045504
-0.00417184
-0.00380738
-0.00345732
-0.00312193
-0.00280152
-0.00249639
-0.00220682
-0.00193312
-0.00167559
-0.00143453
-0.00121026
-0.00100308
-0.000813303
-0.000641299
-0.000487484
-0.000352401
-0.00023682
-0.000141855
-7.02706e-05
-1.69101e-05
1.3902e-05
-0.0548052
-0.0428749
-0.0411147
-0.0401909
-0.039244
-0.0383765
-0.0375655
-0.0367809
-0.0360098
-0.0352453
-0.0344833
-0.0337218
-0.0329606
-0.0321998
-0.03144
-0.030682
-0.0299265
-0.0291741
-0.0284253
-0.0276806
-0.0269403
-0.0262048
-0.0254744
-0.0247495
-0.0240302
-0.0233168
-0.0226095
-0.0219087
-0.0212145
-0.0205271
-0.0198469
-0.0191739
-0.0185085
-0.0178507
-0.017201
-0.0165593
-0.0159261
-0.0153014
-0.0146854
-0.0140785
-0.0134808
-0.0128924
-0.0123137
-0.0117448
-0.011186
-0.0106375
-0.0100994
-0.00957215
-0.00905583
-0.0085507
-0.00805703
-0.00757504
-0.007105
-0.00664715
-0.00620176
-0.00576908
-0.00534939
-0.00494294
-0.00455003
-0.00417092
-0.0038059
-0.00345526
-0.00311928
-0.00279827
-0.00249251
-0.00220232
-0.00192799
-0.00166984
-0.00142817
-0.00120331
-0.000995608
-0.000805421
-0.000633174
-0.000479379
-0.000344679
-0.000229955
-0.00013645
-6.66962e-05
-1.49449e-05
1.53819e-05
-0.0558253
-0.0431286
-0.0413614
-0.0404496
-0.039479
-0.038567
-0.037708
-0.0368804
-0.036075
-0.0352851
-0.0345051
-0.0337316
-0.0329626
-0.0321969
-0.0314344
-0.030675
-0.0299189
-0.0291664
-0.0284179
-0.0276736
-0.0269339
-0.026199
-0.0254692
-0.0247449
-0.0240261
-0.0233133
-0.0226065
-0.0219062
-0.0212124
-0.0205255
-0.0198456
-0.0191729
-0.0185077
-0.0178503
-0.0172007
-0.0165593
-0.0159262
-0.0153016
-0.0146858
-0.014079
-0.0134813
-0.012893
-0.0123143
-0.0117455
-0.0111866
-0.0106381
-0.0101
-0.00957265
-0.00905625
-0.00855104
-0.00805727
-0.00757517
-0.007105
-0.00664702
-0.00620148
-0.00576865
-0.00534878
-0.00494216
-0.00454906
-0.00416975
-0.00380453
-0.00345367
-0.00311748
-0.00279624
-0.00249025
-0.00219982
-0.00192525
-0.00166686
-0.00142496
-0.0011999
-0.000992018
-0.00080172
-0.000629453
-0.000475764
-0.000341327
-0.000227037
-0.00013414
-6.50009e-05
-1.35979e-05
1.67587e-05
-0.0558253
-0.0431286
-0.0413614
-0.0404496
-0.039479
-0.038567
-0.037708
-0.0368804
-0.036075
-0.0352851
-0.0345051
-0.0337316
-0.0329626
-0.0321969
-0.0314344
-0.030675
-0.0299189
-0.0291664
-0.0284179
-0.0276736
-0.0269339
-0.026199
-0.0254692
-0.0247449
-0.0240261
-0.0233133
-0.0226065
-0.0219062
-0.0212124
-0.0205255
-0.0198456
-0.0191729
-0.0185077
-0.0178503
-0.0172007
-0.0165593
-0.0159262
-0.0153016
-0.0146858
-0.014079
-0.0134813
-0.012893
-0.0123143
-0.0117455
-0.0111866
-0.0106381
-0.0101
-0.00957265
-0.00905625
-0.00855104
-0.00805727
-0.00757517
-0.00710501
-0.00664702
-0.00620148
-0.00576865
-0.00534878
-0.00494216
-0.00454906
-0.00416975
-0.00380453
-0.00345368
-0.00311748
-0.00279624
-0.00249025
-0.00219982
-0.00192525
-0.00166686
-0.00142496
-0.0011999
-0.000992018
-0.00080172
-0.000629453
-0.000475764
-0.000341327
-0.000227036
-0.00013414
-6.50015e-05
-1.35975e-05
1.67586e-05
-0.0548052
-0.0428749
-0.0411147
-0.0401909
-0.039244
-0.0383765
-0.0375655
-0.0367809
-0.0360098
-0.0352453
-0.0344833
-0.0337218
-0.0329606
-0.0321998
-0.03144
-0.030682
-0.0299265
-0.0291741
-0.0284253
-0.0276806
-0.0269403
-0.0262048
-0.0254744
-0.0247495
-0.0240302
-0.0233168
-0.0226095
-0.0219087
-0.0212145
-0.0205271
-0.0198469
-0.0191739
-0.0185085
-0.0178507
-0.017201
-0.0165593
-0.0159261
-0.0153014
-0.0146854
-0.0140785
-0.0134808
-0.0128924
-0.0123137
-0.0117448
-0.011186
-0.0106375
-0.0100994
-0.00957215
-0.00905583
-0.0085507
-0.00805703
-0.00757504
-0.007105
-0.00664715
-0.00620176
-0.00576908
-0.00534939
-0.00494294
-0.00455003
-0.00417092
-0.0038059
-0.00345526
-0.00311928
-0.00279827
-0.00249251
-0.00220232
-0.00192799
-0.00166984
-0.00142817
-0.00120331
-0.000995607
-0.00080542
-0.000633173
-0.000479379
-0.00034468
-0.000229956
-0.000136451
-6.66963e-05
-1.4945e-05
1.53843e-05
-0.0526615
-0.0421302
-0.0403882
-0.0395036
-0.0386822
-0.037959
-0.0372739
-0.0365875
-0.0358883
-0.0351739
-0.0344454
-0.0337056
-0.0329578
-0.0322049
-0.0314495
-0.0306936
-0.0299386
-0.0291859
-0.0284363
-0.0276904
-0.0269489
-0.0262121
-0.0254804
-0.0247542
-0.0240337
-0.0233191
-0.0226109
-0.0219091
-0.021214
-0.0205258
-0.0198449
-0.0191713
-0.0185053
-0.0178471
-0.0171969
-0.016555
-0.0159214
-0.0152965
-0.0146805
-0.0140734
-0.0134756
-0.0128873
-0.0123086
-0.0117399
-0.0111812
-0.0106328
-0.010095
-0.00956795
-0.0090519
-0.0085471
-0.00805376
-0.00757215
-0.00710251
-0.00664508
-0.00620013
-0.00576793
-0.00534872
-0.00494279
-0.0045504
-0.00417184
-0.00380738
-0.00345732
-0.00312193
-0.00280152
-0.00249639
-0.00220682
-0.00193312
-0.00167559
-0.00143454
-0.00121026
-0.00100308
-0.000813303
-0.000641299
-0.000487484
-0.000352401
-0.00023682
-0.000141855
-7.02708e-05
-1.69105e-05
1.39027e-05
-0.0508637
-0.0403669
-0.0390024
-0.0384669
-0.0380775
-0.0376884
-0.0372335
-0.0367008
-0.0361
-0.0354453
-0.0347505
-0.0340273
-0.0332851
-0.032531
-0.0317702
-0.0310065
-0.0302424
-0.0294798
-0.0287202
-0.0279643
-0.0272129
-0.0264666
-0.0257257
-0.0249907
-0.0242617
-0.0235391
-0.0228231
-0.0221139
-0.0214118
-0.0207169
-0.0200295
-0.0193497
-0.0186778
-0.0180139
-0.0173582
-0.016711
-0.0160723
-0.0154425
-0.0148216
-0.01421
-0.0136077
-0.013015
-0.0124321
-0.0118591
-0.0112964
-0.0107441
-0.0102025
-0.00967172
-0.00915204
-0.00864368
-0.00814689
-0.0076619
-0.00718896
-0.00672833
-0.00628025
-0.00584499
-0.00542282
-0.00501399
-0.00461879
-0.00423749
-0.00387036
-0.00351771
-0.00317981
-0.00285696
-0.00254945
-0.00225759
-0.00198165
-0.00172196
-0.00147879
-0.00125243
-0.00104316
-0.000851247
-0.000676935
-0.000520488
-0.00038221
-0.000262561
-0.000162193
-8.34804e-05
-2.35501e-05
1.08188e-05
-0.0326268
-0.0251858
-0.0243271
-0.0241012
-0.0238051
-0.023526
-0.0232425
-0.0229335
-0.0225964
-0.0222339
-0.0218501
-0.0214494
-0.0210357
-0.0206122
-0.0201813
-0.019745
-0.0193048
-0.0188617
-0.0184166
-0.0179703
-0.0175232
-0.0170759
-0.0166287
-0.0161822
-0.0157365
-0.0152921
-0.0148493
-0.0144083
-0.0139694
-0.013533
-0.0130992
-0.0126683
-0.0122406
-0.0118163
-0.0113957
-0.010979
-0.0105664
-0.0101582
-0.00975462
-0.00935587
-0.0089622
-0.00857383
-0.00819098
-0.00781388
-0.00744277
-0.00707787
-0.00671939
-0.00636758
-0.00602266
-0.00568485
-0.00535439
-0.0050315
-0.00471641
-0.00440935
-0.00411055
-0.00382025
-0.00353868
-0.00326607
-0.00300267
-0.00274869
-0.0025044
-0.00227001
-0.00204578
-0.00183194
-0.00162874
-0.00143641
-0.0012552
-0.00108534
-0.000927071
-0.000780612
-0.000646172
-0.000523934
-0.000414049
-0.000316619
-0.000231666
-0.00015907
-9.87275e-05
-5.1508e-05
-1.30652e-05
3.42893e-05
-0.0388964
-0.0272281
-0.0247158
-0.0240955
-0.0234506
-0.0229322
-0.0225102
-0.0221226
-0.0217458
-0.0213699
-0.0209899
-0.020604
-0.0202117
-0.0198137
-0.0194105
-0.0190029
-0.0185917
-0.0181774
-0.0177605
-0.0173417
-0.0169214
-0.0164999
-0.0160777
-0.015655
-0.0152324
-0.01481
-0.0143882
-0.0139674
-0.0135478
-0.0131297
-0.0127135
-0.0122994
-0.0118877
-0.0114787
-0.0110726
-0.0106697
-0.0102704
-0.00987477
-0.00948319
-0.00909588
-0.00871312
-0.00833514
-0.00796222
-0.00759458
-0.0072325
-0.00687622
-0.00652599
-0.00618205
-0.00584466
-0.00551406
-0.00519051
-0.00487424
-0.00456552
-0.00426457
-0.00397167
-0.00368704
-0.00341095
-0.00314363
-0.00288535
-0.00263635
-0.00239688
-0.00216719
-0.00194754
-0.00173818
-0.00153936
-0.00135133
-0.00117434
-0.00100864
-0.000854487
-0.000712118
-0.000581778
-0.000463705
-0.000358134
-0.000265306
-0.00018543
-0.000118598
-6.52753e-05
-2.69376e-05
5.50368e-06
4.4341e-05
-0.0420878
-0.0288657
-0.0254316
-0.0244697
-0.023613
-0.0229409
-0.0224156
-0.02196
-0.0215404
-0.0211396
-0.0207474
-0.0203576
-0.0199672
-0.0195745
-0.0191789
-0.0187802
-0.0183786
-0.0179743
-0.0175675
-0.0171586
-0.0167479
-0.0163359
-0.0159228
-0.0155089
-0.0150946
-0.0146802
-0.0142661
-0.0138525
-0.0134398
-0.0130282
-0.0126181
-0.0122098
-0.0118035
-0.0113996
-0.0109983
-0.0106
-0.0102048
-0.00981317
-0.00942526
-0.00904138
-0.00866178
-0.00828675
-0.00791655
-0.00755144
-0.00719168
-0.00683753
-0.00648926
-0.00614713
-0.00581139
-0.0054823
-0.00516012
-0.0048451
-0.00453751
-0.0042376
-0.00394562
-0.00366185
-0.00338652
-0.0031199
-0.00286224
-0.00261381
-0.00237487
-0.00214566
-0.00192644
-0.00171748
-0.00151904
-0.00133136
-0.00115472
-0.000989358
-0.000835545
-0.00069354
-0.00056361
-0.000446029
-0.000341089
-0.000249108
-0.000170394
-0.000105177
-5.41638e-05
-1.85517e-05
1.17391e-05
4.51695e-05
-0.043222
-0.0293603
-0.0256754
-0.0246241
-0.0236907
-0.0229522
-0.022378
-0.0218882
-0.0214456
-0.0210307
-0.0206308
-0.0202379
-0.0198474
-0.0194568
-0.0190646
-0.0186701
-0.0182731
-0.0178736
-0.0174718
-0.0170678
-0.016662
-0.0162547
-0.0158461
-0.0154366
-0.0150266
-0.0146162
-0.0142059
-0.013796
-0.0133867
-0.0129784
-0.0125715
-0.0121661
-0.0117626
-0.0113613
-0.0109625
-0.0105664
-0.0101734
-0.00978378
-0.00939775
-0.00901561
-0.00863765
-0.00826413
-0.00789533
-0.00753151
-0.00717295
-0.0068199
-0.00647265
-0.00613144
-0.00579655
-0.00546823
-0.00514675
-0.00483238
-0.00452537
-0.00422598
-0.00393448
-0.00365113
-0.00337618
-0.00310991
-0.00285256
-0.0026044
-0.0023657
-0.00213671
-0.00191769
-0.00170891
-0.00151063
-0.0013231
-0.00114659
-0.000981368
-0.000827695
-0.000685844
-0.000556096
-0.000438745
-0.000334105
-0.000242526
-0.000164343
-9.98154e-05
-4.97139e-05
-1.5077e-05
1.44742e-05
4.61981e-05
-0.043222
-0.0293603
-0.0256754
-0.0246241
-0.0236907
-0.0229522
-0.022378
-0.0218882
-0.0214456
-0.0210307
-0.0206308
-0.0202379
-0.0198474
-0.0194568
-0.0190646
-0.0186701
-0.0182731
-0.0178736
-0.0174718
-0.0170678
-0.016662
-0.0162547
-0.0158461
-0.0154366
-0.0150266
-0.0146162
-0.0142059
-0.013796
-0.0133867
-0.0129784
-0.0125715
-0.0121661
-0.0117626
-0.0113613
-0.0109625
-0.0105664
-0.0101734
-0.00978378
-0.00939775
-0.00901561
-0.00863765
-0.00826413
-0.00789533
-0.00753151
-0.00717295
-0.0068199
-0.00647265
-0.00613144
-0.00579655
-0.00546823
-0.00514675
-0.00483238
-0.00452537
-0.00422598
-0.00393448
-0.00365113
-0.00337618
-0.00310991
-0.00285256
-0.0026044
-0.0023657
-0.00213671
-0.00191769
-0.00170891
-0.00151063
-0.0013231
-0.00114659
-0.000981368
-0.000827695
-0.000685844
-0.000556096
-0.000438745
-0.000334105
-0.000242526
-0.000164343
-9.98153e-05
-4.97139e-05
-1.5077e-05
1.44742e-05
4.61979e-05
-0.0420878
-0.0288657
-0.0254316
-0.0244697
-0.023613
-0.0229409
-0.0224156
-0.02196
-0.0215404
-0.0211396
-0.0207474
-0.0203576
-0.0199672
-0.0195745
-0.0191789
-0.0187802
-0.0183786
-0.0179743
-0.0175675
-0.0171586
-0.0167479
-0.0163359
-0.0159228
-0.0155089
-0.0150946
-0.0146802
-0.0142661
-0.0138525
-0.0134398
-0.0130282
-0.0126181
-0.0122098
-0.0118035
-0.0113996
-0.0109983
-0.0106
-0.0102048
-0.00981317
-0.00942526
-0.00904138
-0.00866178
-0.00828675
-0.00791655
-0.00755144
-0.00719168
-0.00683753
-0.00648926
-0.00614713
-0.00581139
-0.0054823
-0.00516012
-0.0048451
-0.00453751
-0.0042376
-0.00394562
-0.00366185
-0.00338652
-0.0031199
-0.00286224
-0.00261381
-0.00237487
-0.00214566
-0.00192644
-0.00171748
-0.00151904
-0.00133136
-0.00115472
-0.000989358
-0.000835545
-0.00069354
-0.00056361
-0.000446029
-0.000341089
-0.000249108
-0.000170394
-0.000105177
-5.41637e-05
-1.85516e-05
1.17388e-05
4.51691e-05
-0.0388964
-0.0272281
-0.0247158
-0.0240955
-0.0234506
-0.0229322
-0.0225102
-0.0221226
-0.0217458
-0.0213699
-0.0209899
-0.020604
-0.0202117
-0.0198137
-0.0194105
-0.0190029
-0.0185917
-0.0181774
-0.0177605
-0.0173417
-0.0169214
-0.0164999
-0.0160777
-0.015655
-0.0152324
-0.01481
-0.0143882
-0.0139674
-0.0135478
-0.0131297
-0.0127135
-0.0122994
-0.0118877
-0.0114787
-0.0110726
-0.0106697
-0.0102704
-0.00987477
-0.00948319
-0.00909588
-0.00871312
-0.00833514
-0.00796221
-0.00759458
-0.0072325
-0.00687622
-0.00652599
-0.00618205
-0.00584466
-0.00551406
-0.00519051
-0.00487424
-0.00456552
-0.00426457
-0.00397167
-0.00368704
-0.00341095
-0.00314363
-0.00288535
-0.00263635
-0.00239688
-0.00216719
-0.00194754
-0.00173818
-0.00153936
-0.00135133
-0.00117434
-0.00100864
-0.000854487
-0.000712118
-0.000581778
-0.000463705
-0.000358134
-0.000265306
-0.00018543
-0.000118597
-6.52751e-05
-2.69374e-05
5.50355e-06
4.43406e-05
-0.0326268
-0.0251858
-0.0243271
-0.0241012
-0.0238051
-0.023526
-0.0232425
-0.0229335
-0.0225964
-0.0222339
-0.0218501
-0.0214494
-0.0210357
-0.0206122
-0.0201813
-0.019745
-0.0193048
-0.0188617
-0.0184166
-0.0179703
-0.0175232
-0.0170759
-0.0166287
-0.0161822
-0.0157365
-0.0152921
-0.0148493
-0.0144083
-0.0139694
-0.013533
-0.0130992
-0.0126683
-0.0122406
-0.0118163
-0.0113957
-0.010979
-0.0105664
-0.0101582
-0.00975462
-0.00935587
-0.0089622
-0.00857383
-0.00819098
-0.00781388
-0.00744277
-0.00707787
-0.00671939
-0.00636758
-0.00602266
-0.00568485
-0.00535439
-0.0050315
-0.00471641
-0.00440935
-0.00411055
-0.00382025
-0.00353868
-0.00326607
-0.00300267
-0.00274869
-0.0025044
-0.00227001
-0.00204578
-0.00183194
-0.00162874
-0.00143641
-0.0012552
-0.00108534
-0.000927071
-0.000780612
-0.000646171
-0.000523934
-0.000414049
-0.000316618
-0.000231666
-0.00015907
-9.87276e-05
-5.15081e-05
-1.30654e-05
3.42893e-05
-0.01627
-0.0124078
-0.0122441
-0.0123467
-0.0122799
-0.0121742
-0.0120562
-0.0119269
-0.0117885
-0.0116423
-0.0114889
-0.011329
-0.011163
-0.0109913
-0.0108142
-0.0106322
-0.0104455
-0.0102545
-0.0100595
-0.00986092
-0.00965901
-0.0094541
-0.00924647
-0.00903641
-0.00882418
-0.00861004
-0.00839423
-0.00817698
-0.00795854
-0.00773911
-0.00751892
-0.00729819
-0.00707713
-0.00685595
-0.00663486
-0.00641406
-0.00619378
-0.0059742
-0.00575555
-0.00553802
-0.00532181
-0.00510714
-0.00489421
-0.00468321
-0.00447436
-0.00426785
-0.00406388
-0.00386266
-0.00366438
-0.00346925
-0.00327746
-0.00308921
-0.00290471
-0.00272414
-0.00254771
-0.00237561
-0.00220804
-0.00204518
-0.00188725
-0.00173442
-0.00158689
-0.00144485
-0.00130849
-0.001178
-0.00105356
-0.000935367
-0.000823592
-0.000718414
-0.000620004
-0.000528519
-0.000444098
-0.000366849
-0.00029683
-0.000234027
-0.000178305
-0.000129326
-8.68898e-05
-5.21188e-05
-1.82038e-05
4.68832e-05
-0.0209673
-0.0139307
-0.0122856
-0.0119359
-0.0115879
-0.0113323
-0.011152
-0.0110039
-0.0108706
-0.0107437
-0.0106175
-0.010489
-0.0103565
-0.010219
-0.0100762
-0.00992801
-0.00977451
-0.00961589
-0.00945238
-0.00928425
-0.00911178
-0.00893524
-0.00875491
-0.00857106
-0.00838397
-0.00819388
-0.00800106
-0.00780577
-0.00760825
-0.00740876
-0.00720754
-0.00700483
-0.00680088
-0.00659593
-0.00639023
-0.006184
-0.00597748
-0.00577092
-0.00556455
-0.00535861
-0.00515332
-0.00494892
-0.00474564
-0.00454371
-0.00434336
-0.00414483
-0.00394833
-0.00375409
-0.00356234
-0.00337331
-0.00318721
-0.00300427
-0.00282471
-0.00264875
-0.00247661
-0.0023085
-0.00214464
-0.00198525
-0.00183053
-0.0016807
-0.00153597
-0.00139655
-0.00126263
-0.00113443
-0.00101215
-0.000895984
-0.00078613
-0.000682779
-0.000586117
-0.000496324
-0.000413568
-0.000337999
-0.000269746
-0.000208905
-0.00015547
-0.000109213
-7.0447e-05
-4.00329e-05
-2.91041e-06
5.43065e-05
-0.0236633
-0.0153627
-0.0127527
-0.0120115
-0.0114643
-0.011091
-0.010844
-0.0106595
-0.0105086
-0.0103762
-0.0102524
-0.0101313
-0.0100091
-0.00988386
-0.00975431
-0.00961988
-0.00948032
-0.0093356
-0.00918582
-0.00903113
-0.00887174
-0.0087079
-0.00853983
-0.00836779
-0.00819204
-0.00801283
-0.00783043
-0.00764508
-0.00745706
-0.0072666
-0.00707398
-0.00687944
-0.00668324
-0.00648563
-0.00628687
-0.0060872
-0.00588688
-0.00568616
-0.00548529
-0.00528451
-0.00508407
-0.00488422
-0.0046852
-0.00448725
-0.00429061
-0.00409553
-0.00390225
-0.003711
-0.00352203
-0.00333556
-0.00315183
-0.00297108
-0.00279353
-0.00261942
-0.00244898
-0.00228243
-0.00212
-0.00196191
-0.00180839
-0.00165965
-0.00151592
-0.0013774
-0.00124432
-0.00111688
-0.000995297
-0.000879774
-0.000770515
-0.00066772
-0.000571585
-0.000482303
-0.00040006
-0.000325035
-0.000257396
-0.000197303
-0.000144829
-9.9885e-05
-6.29862e-05
-3.41494e-05
2.91808e-06
5.19639e-05
-0.0246076
-0.0158251
-0.0129288
-0.0120615
-0.0114283
-0.0109938
-0.0107081
-0.0105004
-0.0103367
-0.0101985
-0.0100737
-0.00995466
-0.00983661
-0.0097167
-0.00959325
-0.00946532
-0.00933246
-0.00919449
-0.00905141
-0.00890331
-0.00875036
-0.00859277
-0.00843076
-0.00826457
-0.00809445
-0.00792065
-0.00774343
-0.00756304
-0.00737975
-0.00719381
-0.00700549
-0.00681504
-0.00662273
-0.00642881
-0.00623355
-0.0060372
-0.00584001
-0.00564225
-0.00544416
-0.00524601
-0.00504805
-0.00485051
-0.00465367
-0.00445776
-0.00426304
-0.00406975
-0.00387813
-0.00368844
-0.0035009
-0.00331578
-0.00313329
-0.0029537
-0.00277722
-0.0026041
-0.00243456
-0.00226885
-0.0021072
-0.00194982
-0.00179695
-0.00164881
-0.00150563
-0.00136762
-0.00123501
-0.001108
-0.00098682
-0.000871669
-0.000762757
-0.000660289
-0.000564469
-0.000475495
-0.000393564
-0.000318867
-0.000251593
-0.000191922
-0.000139951
-9.56297e-05
-5.95494e-05
-3.14133e-05
5.32099e-06
5.16278e-05
-0.0246076
-0.0158251
-0.0129288
-0.0120615
-0.0114283
-0.0109938
-0.0107081
-0.0105004
-0.0103367
-0.0101985
-0.0100737
-0.00995466
-0.00983661
-0.0097167
-0.00959325
-0.00946532
-0.00933246
-0.00919449
-0.00905141
-0.00890331
-0.00875036
-0.00859277
-0.00843076
-0.00826457
-0.00809445
-0.00792065
-0.00774343
-0.00756304
-0.00737975
-0.00719381
-0.00700549
-0.00681504
-0.00662273
-0.00642881
-0.00623355
-0.0060372
-0.00584001
-0.00564225
-0.00544416
-0.00524601
-0.00504805
-0.00485051
-0.00465367
-0.00445776
-0.00426304
-0.00406975
-0.00387813
-0.00368844
-0.0035009
-0.00331578
-0.00313329
-0.0029537
-0.00277722
-0.0026041
-0.00243456
-0.00226885
-0.0021072
-0.00194982
-0.00179695
-0.00164881
-0.00150563
-0.00136762
-0.00123501
-0.001108
-0.00098682
-0.000871669
-0.000762757
-0.000660289
-0.000564469
-0.000475495
-0.000393564
-0.000318867
-0.000251593
-0.000191922
-0.000139951
-9.56297e-05
-5.95494e-05
-3.14133e-05
5.32098e-06
5.16278e-05
-0.0236633
-0.0153627
-0.0127527
-0.0120115
-0.0114643
-0.011091
-0.010844
-0.0106595
-0.0105086
-0.0103762
-0.0102524
-0.0101313
-0.0100091
-0.00988386
-0.00975431
-0.00961988
-0.00948032
-0.0093356
-0.00918582
-0.00903113
-0.00887174
-0.0087079
-0.00853983
-0.00836779
-0.00819204
-0.00801283
-0.00783043
-0.00764508
-0.00745706
-0.0072666
-0.00707398
-0.00687944
-0.00668324
-0.00648563
-0.00628687
-0.0060872
-0.00588688
-0.00568616
-0.00548529
-0.00528451
-0.00508407
-0.00488422
-0.0046852
-0.00448725
-0.00429061
-0.00409553
-0.00390225
-0.003711
-0.00352203
-0.00333556
-0.00315183
-0.00297108
-0.00279353
-0.00261942
-0.00244898
-0.00228243
-0.00212
-0.00196191
-0.00180839
-0.00165965
-0.00151592
-0.0013774
-0.00124432
-0.00111688
-0.000995297
-0.000879774
-0.000770515
-0.00066772
-0.000571585
-0.000482303
-0.00040006
-0.000325035
-0.000257396
-0.000197303
-0.000144829
-9.9885e-05
-6.29862e-05
-3.41494e-05
2.91804e-06
5.19639e-05
-0.0209673
-0.0139307
-0.0122856
-0.0119359
-0.0115879
-0.0113323
-0.011152
-0.0110039
-0.0108706
-0.0107437
-0.0106175
-0.010489
-0.0103565
-0.010219
-0.0100762
-0.00992801
-0.00977451
-0.00961589
-0.00945238
-0.00928425
-0.00911178
-0.00893524
-0.00875491
-0.00857106
-0.00838397
-0.00819388
-0.00800106
-0.00780577
-0.00760825
-0.00740876
-0.00720754
-0.00700483
-0.00680088
-0.00659593
-0.00639023
-0.006184
-0.00597748
-0.00577092
-0.00556455
-0.00535861
-0.00515332
-0.00494892
-0.00474564
-0.00454371
-0.00434336
-0.00414483
-0.00394833
-0.00375409
-0.00356234
-0.00337331
-0.00318721
-0.00300427
-0.00282471
-0.00264875
-0.00247661
-0.0023085
-0.00214464
-0.00198525
-0.00183053
-0.0016807
-0.00153597
-0.00139655
-0.00126263
-0.00113443
-0.00101215
-0.000895984
-0.00078613
-0.000682779
-0.000586117
-0.000496324
-0.000413568
-0.000337999
-0.000269746
-0.000208905
-0.00015547
-0.000109213
-7.0447e-05
-4.00328e-05
-2.91036e-06
5.43066e-05
-0.01627
-0.0124078
-0.0122441
-0.0123467
-0.0122799
-0.0121742
-0.0120562
-0.0119269
-0.0117885
-0.0116423
-0.0114889
-0.011329
-0.011163
-0.0109913
-0.0108142
-0.0106322
-0.0104455
-0.0102545
-0.0100595
-0.00986092
-0.00965901
-0.0094541
-0.00924647
-0.00903641
-0.00882418
-0.00861004
-0.00839423
-0.00817698
-0.00795854
-0.00773911
-0.00751893
-0.00729819
-0.00707713
-0.00685595
-0.00663486
-0.00641406
-0.00619378
-0.0059742
-0.00575555
-0.00553802
-0.00532181
-0.00510714
-0.00489421
-0.00468321
-0.00447436
-0.00426785
-0.00406388
-0.00386266
-0.00366438
-0.00346925
-0.00327746
-0.00308921
-0.00290471
-0.00272414
-0.00254771
-0.00237561
-0.00220804
-0.00204518
-0.00188725
-0.00173442
-0.00158689
-0.00144485
-0.00130849
-0.001178
-0.00105356
-0.000935367
-0.000823592
-0.000718414
-0.000620004
-0.000528519
-0.000444098
-0.000366849
-0.00029683
-0.000234027
-0.000178305
-0.000129326
-8.68897e-05
-5.21189e-05
-1.82043e-05
4.68826e-05
-0.00161455
-0.00146818
-0.00169813
-0.00190738
-0.00199572
-0.00202459
-0.00203213
-0.00203482
-0.00204042
-0.00205134
-0.0020671
-0.00208607
-0.00210642
-0.0021265
-0.00214501
-0.00216102
-0.00217393
-0.00218338
-0.00218922
-0.0021914
-0.00218995
-0.00218497
-0.00217657
-0.00216486
-0.00214998
-0.00213205
-0.00211121
-0.00208756
-0.00206124
-0.00203237
-0.00200105
-0.00196742
-0.0019316
-0.00189369
-0.00185383
-0.00181213
-0.00176872
-0.00172372
-0.00167725
-0.00162945
-0.00158043
-0.00153033
-0.00147926
-0.00142736
-0.00137475
-0.00132156
-0.00126792
-0.00121395
-0.00115978
-0.00110554
-0.00105135
-0.000997327
-0.000943605
-0.000890303
-0.000837542
-0.000785444
-0.000734126
-0.000683707
-0.000634301
-0.000586025
-0.00053899
-0.000493308
-0.000449087
-0.000406434
-0.000365455
-0.000326252
-0.000288926
-0.000253573
-0.000220287
-0.000189155
-0.000160258
-0.000133661
-0.000109411
-8.75304e-05
-6.79917e-05
-5.06745e-05
-3.58101e-05
-2.5306e-05
-1.18419e-05
4.32207e-05
-0.00333848
-0.00156879
-0.00103891
-0.00096204
-0.000922365
-0.000913273
-0.000932315
-0.000968753
-0.00101694
-0.00107288
-0.00113306
-0.00119466
-0.00125558
-0.00131428
-0.00136972
-0.00142122
-0.00146835
-0.0015109
-0.00154877
-0.00158195
-0.0016105
-0.00163451
-0.00165407
-0.00166932
-0.00168038
-0.00168738
-0.00169045
-0.00168973
-0.00168536
-0.00167747
-0.00166621
-0.00165171
-0.00163412
-0.00161359
-0.00159026
-0.00156427
-0.00153578
-0.00150494
-0.00147189
-0.00143679
-0.00139979
-0.00136103
-0.00132069
-0.00127889
-0.0012358
-0.00119158
-0.00114636
-0.00110031
-0.00105356
-0.00100628
-0.000958613
-0.0009107
-0.000862691
-0.000814731
-0.000766963
-0.000719528
-0.000672566
-0.000626216
-0.000580613
-0.000535891
-0.000492182
-0.000449614
-0.000408315
-0.000368408
-0.000330014
-0.000293252
-0.000258235
-0.000225076
-0.000193882
-0.000164754
-0.000137789
-0.000113074
-9.06855e-05
-7.06917e-05
-5.30913e-05
-3.77429e-05
-2.53521e-05
-1.73933e-05
2.47453e-06
4.3349e-05
-0.00432167
-0.00193644
-0.00095428
-0.000667658
-0.000519182
-0.000456162
-0.000454939
-0.000489726
-0.000546201
-0.000615603
-0.000691723
-0.000770281
-0.00084842
-0.000924262
-0.000996599
-0.00106468
-0.00112804
-0.00118646
-0.0012398
-0.00128805
-0.00133124
-0.00136943
-0.00140271
-0.00143119
-0.001455
-0.00147426
-0.0014891
-0.00149966
-0.00150609
-0.00150852
-0.00150712
-0.00150202
-0.00149339
-0.00148138
-0.00146615
-0.00144785
-0.00142666
-0.00140272
-0.00137621
-0.00134728
-0.00131611
-0.00128286
-0.00124769
-0.00121076
-0.00117225
-0.00113232
-0.00109113
-0.00104884
-0.00100562
-0.000961624
-0.000917021
-0.000871967
-0.000826618
-0.000781132
-0.000735663
-0.000690363
-0.000645383
-0.000600871
-0.000556974
-0.000513835
-0.000471595
-0.000430394
-0.000390366
-0.000351644
-0.000314357
-0.000278632
-0.000244591
-0.000212353
-0.000182032
-0.000153739
-0.00012758
-0.000103653
-8.20542e-05
-6.28782e-05
-4.61532e-05
-3.18237e-05
-2.07488e-05
-1.34071e-05
7.23751e-06
3.65496e-05
-0.00469202
-0.0021045
-0.000950838
-0.000567607
-0.000356466
-0.000255497
-0.000234812
-0.000261881
-0.000317758
-0.000390772
-0.000472874
-0.000558669
-0.000644655
-0.000728594
-0.000809078
-0.000885247
-0.000956591
-0.00102283
-0.00108382
-0.00113953
-0.00118997
-0.00123519
-0.00127529
-0.00131035
-0.00134051
-0.00136587
-0.00138658
-0.00140277
-0.0014146
-0.0014222
-0.00142572
-0.00142534
-0.0014212
-0.00141347
-0.00140231
-0.00138788
-0.00137036
-0.00134991
-0.0013267
-0.0013009
-0.00127268
-0.00124221
-0.00120967
-0.00117522
-0.00113904
-0.0011013
-0.00106217
-0.00102181
-0.000980396
-0.000938096
-0.000895076
-0.000851501
-0.000807532
-0.000763333
-0.000719064
-0.000674881
-0.000630942
-0.0005874
-0.000544405
-0.000502107
-0.000460652
-0.000420182
-0.000380838
-0.000342756
-0.00030607
-0.00027091
-0.000237403
-0.000205671
-0.000175832
-0.000148003
-0.000122292
-9.88067e-05
-7.76501e-05
-5.89267e-05
-4.26726e-05
-2.88677e-05
-1.84508e-05
-1.15397e-05
8.96647e-06
3.45786e-05
-0.00469202
-0.0021045
-0.000950838
-0.000567607
-0.000356466
-0.000255497
-0.000234812
-0.000261881
-0.000317758
-0.000390772
-0.000472874
-0.000558669
-0.000644655
-0.000728594
-0.000809078
-0.000885247
-0.000956591
-0.00102283
-0.00108382
-0.00113953
-0.00118997
-0.00123519
-0.00127529
-0.00131035
-0.00134051
-0.00136587
-0.00138658
-0.00140277
-0.0014146
-0.0014222
-0.00142573
-0.00142534
-0.0014212
-0.00141347
-0.00140231
-0.00138788
-0.00137036
-0.00134991
-0.0013267
-0.0013009
-0.00127268
-0.00124221
-0.00120967
-0.00117522
-0.00113904
-0.0011013
-0.00106217
-0.00102181
-0.000980396
-0.000938096
-0.000895076
-0.000851501
-0.000807532
-0.000763333
-0.000719064
-0.000674881
-0.000630942
-0.0005874
-0.000544405
-0.000502107
-0.000460652
-0.000420182
-0.000380838
-0.000342756
-0.00030607
-0.00027091
-0.000237403
-0.000205671
-0.000175832
-0.000148003
-0.000122292
-9.88068e-05
-7.76501e-05
-5.89267e-05
-4.26727e-05
-2.88677e-05
-1.84509e-05
-1.15398e-05
8.96647e-06
3.45787e-05
-0.00432167
-0.00193644
-0.00095428
-0.000667659
-0.000519182
-0.000456162
-0.00045494
-0.000489726
-0.000546201
-0.000615603
-0.000691723
-0.000770281
-0.00084842
-0.000924262
-0.000996599
-0.00106468
-0.00112804
-0.00118646
-0.0012398
-0.00128805
-0.00133124
-0.00136943
-0.00140271
-0.00143119
-0.001455
-0.00147426
-0.0014891
-0.00149966
-0.00150609
-0.00150852
-0.00150712
-0.00150202
-0.00149339
-0.00148138
-0.00146615
-0.00144785
-0.00142666
-0.00140272
-0.00137621
-0.00134728
-0.00131611
-0.00128286
-0.00124769
-0.00121076
-0.00117225
-0.00113232
-0.00109113
-0.00104884
-0.00100562
-0.000961624
-0.000917021
-0.000871967
-0.000826618
-0.000781132
-0.000735663
-0.000690363
-0.000645383
-0.000600871
-0.000556974
-0.000513835
-0.000471595
-0.000430394
-0.000390366
-0.000351644
-0.000314357
-0.000278632
-0.000244591
-0.000212353
-0.000182032
-0.000153739
-0.00012758
-0.000103653
-8.20542e-05
-6.28782e-05
-4.61532e-05
-3.18238e-05
-2.07487e-05
-1.34071e-05
7.23761e-06
3.65498e-05
-0.00333848
-0.00156879
-0.00103891
-0.00096204
-0.000922365
-0.000913273
-0.000932315
-0.000968753
-0.00101694
-0.00107288
-0.00113306
-0.00119466
-0.00125558
-0.00131428
-0.00136972
-0.00142122
-0.00146835
-0.0015109
-0.00154877
-0.00158195
-0.0016105
-0.00163451
-0.00165407
-0.00166932
-0.00168038
-0.00168738
-0.00169045
-0.00168973
-0.00168536
-0.00167747
-0.00166621
-0.00165171
-0.00163412
-0.00161359
-0.00159026
-0.00156427
-0.00153578
-0.00150494
-0.00147189
-0.00143679
-0.00139979
-0.00136103
-0.00132069
-0.00127889
-0.0012358
-0.00119158
-0.00114636
-0.00110031
-0.00105356
-0.00100628
-0.000958613
-0.0009107
-0.000862691
-0.000814731
-0.000766963
-0.000719528
-0.000672566
-0.000626216
-0.000580613
-0.000535891
-0.000492182
-0.000449614
-0.000408315
-0.000368408
-0.000330014
-0.000293252
-0.000258235
-0.000225076
-0.000193882
-0.000164754
-0.000137789
-0.000113074
-9.06856e-05
-7.06918e-05
-5.30913e-05
-3.77429e-05
-2.53521e-05
-1.73933e-05
2.47471e-06
4.33492e-05
-0.00161455
-0.00146818
-0.00169813
-0.00190738
-0.00199572
-0.00202459
-0.00203213
-0.00203482
-0.00204042
-0.00205134
-0.0020671
-0.00208607
-0.00210642
-0.0021265
-0.00214501
-0.00216102
-0.00217393
-0.00218338
-0.00218922
-0.0021914
-0.00218995
-0.00218497
-0.00217657
-0.00216486
-0.00214998
-0.00213205
-0.00211121
-0.00208756
-0.00206124
-0.00203237
-0.00200105
-0.00196742
-0.0019316
-0.00189369
-0.00185383
-0.00181213
-0.00176872
-0.00172372
-0.00167725
-0.00162945
-0.00158043
-0.00153033
-0.00147926
-0.00142736
-0.00137475
-0.00132156
-0.00126792
-0.00121395
-0.00115979
-0.00110554
-0.00105135
-0.000997327
-0.000943605
-0.000890303
-0.000837542
-0.000785444
-0.000734126
-0.000683707
-0.000634301
-0.000586025
-0.00053899
-0.000493308
-0.000449087
-0.000406434
-0.000365455
-0.000326252
-0.000288926
-0.000253573
-0.000220287
-0.000189156
-0.000160258
-0.000133661
-0.000109411
-8.75306e-05
-6.7992e-05
-5.06749e-05
-3.58103e-05
-2.5306e-05
-1.1842e-05
4.32199e-05
0.0110017
0.00769582
0.00728495
0.00715677
0.00701558
0.0069171
0.00683124
0.00673518
0.00662125
0.00648894
0.00634114
0.00618186
0.00601495
0.00584364
0.00567036
0.00549686
0.00532433
0.00515355
0.00498499
0.00481895
0.0046556
0.00449503
0.00433728
0.00418241
0.00403041
0.00388132
0.00373514
0.00359189
0.00345158
0.00331422
0.00317981
0.00304837
0.00291991
0.00279441
0.00267188
0.00255233
0.00243573
0.00232209
0.00221138
0.00210361
0.00199876
0.0018968
0.00179772
0.00170151
0.00160814
0.00151759
0.00142984
0.00134488
0.00126268
0.00118322
0.00110647
0.00103243
0.00096106
0.000892352
0.000826285
0.000762842
0.000702006
0.000643762
0.000588098
0.000535002
0.000484463
0.000436473
0.000391025
0.000348115
0.00030774
0.000269897
0.000234586
0.000201805
0.000171551
0.000143817
0.000118585
9.58234e-05
7.54741e-05
5.74322e-05
4.15393e-05
2.75922e-05
1.49304e-05
1.33191e-06
-7.21705e-06
2.30299e-05
0.0122981
0.00892464
0.00853704
0.00848634
0.00830044
0.00812378
0.00795586
0.00778065
0.00759563
0.00740184
0.00720135
0.00699655
0.0067896
0.00658223
0.00637574
0.00617106
0.00596883
0.0057695
0.00557334
0.00538055
0.00519124
0.00500548
0.00482334
0.00464484
0.00447001
0.00429888
0.00413145
0.00396773
0.00380773
0.00365145
0.00349888
0.00335002
0.00320485
0.00306337
0.00292556
0.00279138
0.00266083
0.00253387
0.00241048
0.00229062
0.00217426
0.00206136
0.0019519
0.00184583
0.00174311
0.00164371
0.00154758
0.00145469
0.001365
0.00127846
0.00119504
0.0011147
0.0010374
0.000963101
0.000891771
0.000823372
0.000757873
0.000695239
0.000635442
0.000578453
0.000524245
0.000472793
0.000424077
0.000378075
0.000334772
0.00029415
0.000256198
0.000220902
0.000188252
0.000158236
0.000130838
0.000106035
8.37899e-05
6.40339e-05
4.66999e-05
3.17305e-05
1.80925e-05
3.88155e-06
2.41902e-06
1.46422e-05
0.0135464
0.00987609
0.00919812
0.00909361
0.00889668
0.00869703
0.00849891
0.00829177
0.0080763
0.00785497
0.00763005
0.00740358
0.00717714
0.00695192
0.00672878
0.00650832
0.00629097
0.00607703
0.0058667
0.00566014
0.00545745
0.00525871
0.00506398
0.0048733
0.00468671
0.00450422
0.00432586
0.00415162
0.00398151
0.00381553
0.00365367
0.00349592
0.00334224
0.00319263
0.00304705
0.00290548
0.00276787
0.0026342
0.00250443
0.00237851
0.0022564
0.00213805
0.00202343
0.00191247
0.00180514
0.00170138
0.00160115
0.00150439
0.00141106
0.00132109
0.00123446
0.0011511
0.00107097
0.000994016
0.000920201
0.000849476
0.000781799
0.000717128
0.000655423
0.000596648
0.000540768
0.000487748
0.000437559
0.000390174
0.000345567
0.000303716
0.000264601
0.000228205
0.000194513
0.000163512
0.000135187
0.000109523
8.64908e-05
6.60423e-05
4.81429e-05
3.27254e-05
1.8662e-05
4.8425e-06
4.3604e-06
3.94262e-06
0.0139099
0.0100884
0.00938954
0.00932411
0.00915197
0.00895843
0.00875663
0.00854078
0.00831445
0.00808179
0.00784593
0.0076092
0.00737323
0.00713912
0.00690762
0.00667921
0.00645424
0.00623295
0.00601551
0.00580204
0.00559264
0.00538739
0.00518636
0.00498957
0.00479708
0.0046089
0.00442504
0.00424552
0.00407034
0.00389948
0.00373295
0.00357071
0.00341275
0.00325904
0.00310955
0.00296424
0.00282308
0.00268602
0.00255302
0.00242403
0.00229901
0.00217791
0.00206067
0.00194723
0.00183756
0.00173159
0.00162927
0.00153054
0.00143535
0.00134364
0.00125536
0.00117045
0.00108887
0.00101056
0.000935461
0.000863537
0.000794735
0.00072901
0.000666317
0.000606614
0.000549862
0.000496024
0.000445065
0.000396954
0.000351662
0.000309163
0.000269436
0.000232459
0.000198218
0.000166697
0.000137883
0.000111763
8.83112e-05
6.74849e-05
4.92589e-05
3.35456e-05
1.91487e-05
5.26541e-06
4.77837e-06
3.97838e-07
0.0139099
0.0100884
0.00938954
0.00932411
0.00915197
0.00895843
0.00875663
0.00854078
0.00831445
0.00808179
0.00784593
0.0076092
0.00737323
0.00713912
0.00690762
0.00667921
0.00645424
0.00623295
0.00601551
0.00580204
0.00559264
0.00538739
0.00518636
0.00498957
0.00479708
0.0046089
0.00442504
0.00424552
0.00407034
0.00389948
0.00373295
0.00357071
0.00341275
0.00325904
0.00310955
0.00296424
0.00282308
0.00268602
0.00255302
0.00242403
0.00229901
0.00217791
0.00206067
0.00194723
0.00183756
0.00173159
0.00162927
0.00153054
0.00143535
0.00134364
0.00125536
0.00117045
0.00108887
0.00101056
0.000935461
0.000863537
0.000794735
0.00072901
0.000666317
0.000606614
0.000549862
0.000496024
0.000445065
0.000396954
0.000351662
0.000309163
0.000269436
0.000232459
0.000198218
0.000166697
0.000137883
0.000111763
8.83112e-05
6.74849e-05
4.92589e-05
3.35456e-05
1.91486e-05
5.26535e-06
4.77835e-06
3.9794e-07
0.0135464
0.00987609
0.00919812
0.00909361
0.00889668
0.00869703
0.00849891
0.00829177
0.0080763
0.00785497
0.00763005
0.00740358
0.00717714
0.00695192
0.00672878
0.00650832
0.00629097
0.00607703
0.0058667
0.00566014
0.00545745
0.00525871
0.00506398
0.0048733
0.00468671
0.00450422
0.00432586
0.00415162
0.00398151
0.00381553
0.00365367
0.00349592
0.00334224
0.00319263
0.00304705
0.00290548
0.00276787
0.0026342
0.00250443
0.00237851
0.0022564
0.00213805
0.00202343
0.00191247
0.00180514
0.00170138
0.00160115
0.00150439
0.00141106
0.00132109
0.00123446
0.0011511
0.00107097
0.000994016
0.000920201
0.000849476
0.000781799
0.000717128
0.000655423
0.000596648
0.000540768
0.000487748
0.000437559
0.000390174
0.000345567
0.000303716
0.000264601
0.000228205
0.000194513
0.000163512
0.000135187
0.000109523
8.64908e-05
6.60423e-05
4.81429e-05
3.27255e-05
1.8662e-05
4.84241e-06
4.36036e-06
3.94273e-06
0.0122981
0.00892464
0.00853704
0.00848634
0.00830044
0.00812378
0.00795586
0.00778065
0.00759563
0.00740184
0.00720135
0.00699655
0.0067896
0.00658223
0.00637574
0.00617106
0.00596883
0.0057695
0.00557334
0.00538055
0.00519124
0.00500548
0.00482334
0.00464484
0.00447001
0.00429888
0.00413145
0.00396773
0.00380773
0.00365145
0.00349888
0.00335002
0.00320485
0.00306337
0.00292556
0.00279138
0.00266083
0.00253387
0.00241048
0.00229062
0.00217426
0.00206136
0.0019519
0.00184583
0.00174311
0.00164371
0.00154758
0.00145469
0.001365
0.00127846
0.00119504
0.0011147
0.0010374
0.000963101
0.000891771
0.000823372
0.000757873
0.000695239
0.000635442
0.000578453
0.000524244
0.000472793
0.000424077
0.000378075
0.000334772
0.00029415
0.000256198
0.000220902
0.000188252
0.000158236
0.000130838
0.000106035
8.37899e-05
6.40339e-05
4.66999e-05
3.17305e-05
1.80924e-05
3.88141e-06
2.41907e-06
1.46423e-05
0.0110017
0.00769582
0.00728495
0.00715677
0.00701558
0.0069171
0.00683124
0.00673518
0.00662125
0.00648894
0.00634114
0.00618186
0.00601495
0.00584364
0.00567036
0.00549686
0.00532433
0.00515355
0.00498499
0.00481895
0.0046556
0.00449503
0.00433728
0.00418241
0.00403041
0.00388132
0.00373514
0.00359189
0.00345158
0.00331422
0.00317981
0.00304837
0.00291991
0.00279441
0.00267188
0.00255233
0.00243573
0.00232209
0.00221138
0.00210361
0.00199876
0.0018968
0.00179772
0.00170151
0.00160814
0.00151759
0.00142984
0.00134488
0.00126268
0.00118322
0.00110647
0.00103243
0.00096106
0.000892352
0.000826285
0.000762842
0.000702006
0.000643762
0.000588098
0.000535002
0.000484463
0.000436473
0.000391026
0.000348116
0.00030774
0.000269897
0.000234586
0.000201805
0.000171551
0.000143817
0.000118585
9.58237e-05
7.54742e-05
5.74322e-05
4.15394e-05
2.75923e-05
1.49304e-05
1.33145e-06
-7.2172e-06
2.30299e-05
0.0214883
0.0156554
0.015203
0.0152149
0.0150797
0.0149656
0.0148409
0.0146792
0.014479
0.0142458
0.0139872
0.0137103
0.0134211
0.0131241
0.0128223
0.0125179
0.0122124
0.0119067
0.0116014
0.0112969
0.0109936
0.0106916
0.0103912
0.0100925
0.00979561
0.0095008
0.00920817
0.00891788
0.00863006
0.00834488
0.00806246
0.00778296
0.00750651
0.00723324
0.00696327
0.00669675
0.00643378
0.00617448
0.00591898
0.00566739
0.00541981
0.00517636
0.00493715
0.00470227
0.00447184
0.00424596
0.00402473
0.00380825
0.00359663
0.00338997
0.00318836
0.00299191
0.00280073
0.00261492
0.00243457
0.0022598
0.0020907
0.0019274
0.00176998
0.00161857
0.00147327
0.00133419
0.00120145
0.00107516
0.000955444
0.000842407
0.000736168
0.00063684
0.000544529
0.000459332
0.000381322
0.000310541
0.000246974
0.000190512
0.000140921
9.78075e-05
6.03101e-05
2.64232e-05
-5.08257e-07
-1.3571e-06
0.0248393
0.0177212
0.0169202
0.0168455
0.0164912
0.0161805
0.015903
0.0156203
0.0153262
0.0150213
0.0147077
0.0143877
0.0140634
0.0137366
0.0134084
0.0130798
0.0127514
0.0124238
0.0120973
0.0117721
0.0114486
0.0111269
0.0108072
0.0104897
0.0101746
0.0098621
0.00955227
0.0092453
0.00894135
0.00864057
0.00834309
0.00804905
0.00775858
0.00747181
0.00718885
0.00690983
0.00663486
0.00636405
0.0060975
0.00583533
0.00557762
0.00532447
0.005076
0.00483228
0.00459341
0.00435948
0.00413059
0.00390682
0.00368826
0.00347501
0.00326714
0.00306475
0.00286793
0.00267677
0.00249136
0.00231179
0.00213814
0.00197052
0.00180902
0.00165373
0.00150475
0.00136218
0.00122612
0.00109667
0.000973935
0.000858021
0.000749032
0.000647074
0.000552251
0.000464662
0.000384399
0.000311538
0.000246126
0.000188155
0.000137567
9.4202e-05
5.6999e-05
2.4074e-05
3.01912e-06
-1.40842e-05
0.0280037
0.019808
0.0180855
0.0177186
0.0172264
0.0168078
0.0164459
0.0160978
0.0157533
0.01541
0.0150668
0.0147234
0.0143802
0.0140373
0.0136949
0.0133533
0.0130128
0.0126735
0.0123357
0.0119996
0.0116654
0.0113333
0.0110035
0.0106762
0.0103516
0.0100299
0.00971112
0.00939555
0.00908332
0.00877456
0.00846941
0.008168
0.00787046
0.00757692
0.00728748
0.00700226
0.00672136
0.0064449
0.00617296
0.00590565
0.00564305
0.00538526
0.00513238
0.00488448
0.00464165
0.00440397
0.00417153
0.00394442
0.0037227
0.00350647
0.0032958
0.00309078
0.00289149
0.002698
0.0025104
0.00232877
0.00215321
0.00198378
0.00182059
0.00166371
0.00151324
0.00136927
0.00123189
0.0011012
0.000977287
0.000860263
0.000750224
0.000647273
0.000551514
0.000463051
0.000381987
0.000308421
0.000242435
0.000184077
0.000133372
9.02212e-05
5.35358e-05
2.18531e-05
1.82951e-06
-2.52809e-05
0.0289768
0.020359
0.0184505
0.0180632
0.0175501
0.0171008
0.01671
0.0163363
0.0159701
0.0156089
0.015251
0.0148956
0.0145424
0.0141909
0.013841
0.0134926
0.0131457
0.0128004
0.0124568
0.012115
0.0117754
0.011438
0.0111031
0.0107708
0.0104414
0.010115
0.00979172
0.00947181
0.00915538
0.00884258
0.00853355
0.00822842
0.00792731
0.00763034
0.00733763
0.00704928
0.0067654
0.00648608
0.00621143
0.00594153
0.00567647
0.00541635
0.00516125
0.00491124
0.00466642
0.00442687
0.00419265
0.00396386
0.00374056
0.00352284
0.00331077
0.00310442
0.00290389
0.00270923
0.00252054
0.00233789
0.00216136
0.00199103
0.00182699
0.00166932
0.0015181
0.00137343
0.00123539
0.00110408
0.000979584
0.000862006
0.000751445
0.000648001
0.000551781
0.000462892
0.000381442
0.000307539
0.00024128
0.000182732
0.000131942
8.88073e-05
5.21938e-05
2.08289e-05
9.63372e-07
-2.93222e-05
0.0289768
0.020359
0.0184505
0.0180632
0.0175501
0.0171008
0.01671
0.0163363
0.0159701
0.0156089
0.015251
0.0148956
0.0145424
0.0141909
0.013841
0.0134926
0.0131457
0.0128004
0.0124568
0.012115
0.0117754
0.011438
0.0111031
0.0107708
0.0104414
0.010115
0.00979172
0.00947181
0.00915538
0.00884258
0.00853355
0.00822842
0.00792731
0.00763034
0.00733763
0.00704928
0.0067654
0.00648608
0.00621143
0.00594153
0.00567647
0.00541635
0.00516125
0.00491124
0.00466642
0.00442687
0.00419265
0.00396386
0.00374056
0.00352284
0.00331077
0.00310442
0.00290389
0.00270923
0.00252054
0.00233789
0.00216136
0.00199103
0.00182699
0.00166932
0.0015181
0.00137343
0.00123539
0.00110408
0.000979584
0.000862006
0.000751445
0.000648001
0.000551781
0.000462892
0.000381442
0.000307539
0.00024128
0.000182732
0.000131942
8.88073e-05
5.21938e-05
2.08288e-05
9.6321e-07
-2.93221e-05
0.0280037
0.019808
0.0180855
0.0177186
0.0172264
0.0168078
0.0164459
0.0160978
0.0157533
0.01541
0.0150668
0.0147234
0.0143802
0.0140373
0.0136949
0.0133533
0.0130128
0.0126735
0.0123357
0.0119996
0.0116654
0.0113333
0.0110035
0.0106762
0.0103516
0.0100299
0.00971112
0.00939555
0.00908332
0.00877456
0.00846941
0.008168
0.00787046
0.00757692
0.00728748
0.00700226
0.00672136
0.0064449
0.00617296
0.00590565
0.00564305
0.00538526
0.00513238
0.00488448
0.00464165
0.00440397
0.00417153
0.00394442
0.0037227
0.00350647
0.0032958
0.00309078
0.00289149
0.002698
0.0025104
0.00232877
0.00215321
0.00198378
0.00182059
0.00166371
0.00151324
0.00136927
0.00123189
0.0011012
0.000977287
0.000860263
0.000750224
0.000647273
0.000551514
0.000463051
0.000381987
0.000308421
0.000242435
0.000184077
0.000133372
9.02212e-05
5.35357e-05
2.1853e-05
1.82938e-06
-2.52807e-05
0.0248393
0.0177212
0.0169202
0.0168455
0.0164912
0.0161805
0.015903
0.0156203
0.0153262
0.0150213
0.0147077
0.0143877
0.0140634
0.0137366
0.0134084
0.0130798
0.0127514
0.0124238
0.0120973
0.0117721
0.0114486
0.0111269
0.0108072
0.0104897
0.0101746
0.0098621
0.00955227
0.0092453
0.00894135
0.00864057
0.00834309
0.00804905
0.00775858
0.00747181
0.00718885
0.00690983
0.00663486
0.00636405
0.0060975
0.00583533
0.00557762
0.00532447
0.005076
0.00483228
0.00459341
0.00435948
0.00413059
0.00390682
0.00368826
0.00347501
0.00326714
0.00306475
0.00286793
0.00267677
0.00249136
0.00231179
0.00213814
0.00197052
0.00180902
0.00165373
0.00150475
0.00136218
0.00122612
0.00109667
0.000973935
0.000858021
0.000749032
0.000647074
0.000552251
0.000464662
0.000384399
0.000311538
0.000246126
0.000188155
0.000137567
9.42018e-05
5.69989e-05
2.40738e-05
3.01913e-06
-1.40844e-05
0.0214883
0.0156554
0.015203
0.0152149
0.0150797
0.0149656
0.0148409
0.0146792
0.014479
0.0142458
0.0139872
0.0137103
0.0134211
0.0131241
0.0128223
0.0125179
0.0122124
0.0119067
0.0116014
0.0112969
0.0109936
0.0106916
0.0103912
0.0100925
0.00979561
0.0095008
0.00920817
0.00891788
0.00863006
0.00834488
0.00806246
0.00778296
0.00750651
0.00723324
0.00696327
0.00669675
0.00643378
0.00617448
0.00591898
0.00566739
0.00541981
0.00517636
0.00493715
0.00470227
0.00447184
0.00424596
0.00402473
0.00380825
0.00359663
0.00338997
0.00318836
0.00299191
0.00280073
0.00261492
0.00243457
0.0022598
0.0020907
0.0019274
0.00176998
0.00161857
0.00147327
0.00133419
0.00120145
0.00107516
0.000955444
0.000842407
0.000736168
0.00063684
0.000544529
0.000459332
0.000381322
0.000310541
0.000246974
0.000190513
0.000140921
9.78078e-05
6.03106e-05
2.64238e-05
-5.08094e-07
-1.35782e-06
0.0286921
0.0219892
0.0221873
0.0225689
0.0225212
0.0224275
0.0222828
0.0220697
0.0217985
0.0214831
0.0211363
0.0207677
0.0203844
0.0199911
0.019591
0.0191862
0.018778
0.0183672
0.0179544
0.01754
0.0171244
0.0167078
0.0162906
0.0158729
0.0154551
0.0150374
0.0146201
0.0142035
0.0137877
0.0133731
0.01296
0.0125487
0.0121393
0.0117322
0.0113276
0.0109258
0.0105271
0.0101316
0.00973982
0.00935184
0.00896798
0.00858849
0.00821364
0.0078437
0.00747892
0.00711957
0.00676592
0.00641822
0.00607674
0.00574175
0.00541351
0.00509229
0.00477834
0.00447195
0.00417337
0.00388286
0.0036007
0.00332716
0.00306249
0.00280697
0.00256087
0.00232444
0.00209796
0.00188169
0.0016759
0.00148085
0.00129681
0.00112402
0.000962746
0.00081321
0.000675629
0.000550182
0.000437
0.000336132
0.000247524
0.000171
0.000106099
5.18166e-05
9.27743e-06
-2.08426e-05
0.0316557
0.0236141
0.0240064
0.024371
0.0239708
0.0235738
0.0232163
0.0228525
0.0224772
0.0220919
0.0216983
0.0212982
0.0208931
0.0204839
0.0200714
0.0196561
0.0192382
0.0188183
0.0183966
0.0179733
0.0175487
0.0171231
0.0166968
0.01627
0.0158431
0.0154162
0.0149897
0.0145639
0.014139
0.0137152
0.0132929
0.0128724
0.0124538
0.0120376
0.0116238
0.0112129
0.0108051
0.0104006
0.00999974
0.00960276
0.00920994
0.00882155
0.00843786
0.00805913
0.00768564
0.00731766
0.00695546
0.0065993
0.00624945
0.0059062
0.00556981
0.00524054
0.00491867
0.00460448
0.00429822
0.00400017
0.00371059
0.00342977
0.00315795
0.00289542
0.00264244
0.00239928
0.0021662
0.00194347
0.00173135
0.0015301
0.00133999
0.00116127
0.000994199
0.000839024
0.000695983
0.000565305
0.000447201
0.000341854
0.000249427
0.000170051
0.000103378
4.84604e-05
7.89811e-06
-3.06943e-05
0.0352558
0.0259032
0.0253773
0.0254258
0.0247883
0.0241966
0.0237004
0.02324
0.0227977
0.0223664
0.0219414
0.0215197
0.0210992
0.0206786
0.0202571
0.0198342
0.0194097
0.0189836
0.0185558
0.0181267
0.0176964
0.0172652
0.0168333
0.0164011
0.0159687
0.0155366
0.0151049
0.014674
0.0142442
0.0138156
0.0133887
0.0129635
0.0125405
0.01212
0.011702
0.011287
0.0108752
0.0104669
0.0100623
0.00966177
0.00926547
0.00887372
0.00848677
0.00810491
0.00772839
0.00735749
0.00699248
0.00663361
0.00628117
0.00593542
0.00559663
0.00526505
0.00494098
0.00462466
0.00431636
0.00401636
0.00372492
0.0034423
0.00316876
0.00290458
0.00265002
0.00240533
0.00217079
0.00194665
0.00173317
0.00153061
0.00133924
0.00115931
0.000991078
0.000834806
0.000690751
0.000559177
0.000440347
0.000334523
0.000241983
0.000162985
9.72635e-05
4.40485e-05
5.16512e-06
-3.67018e-05
0.0362792
0.0264532
0.0258028
0.0258502
0.0251552
0.0244935
0.0239414
0.0234385
0.0229643
0.0225095
0.0220675
0.0216333
0.0212037
0.0207763
0.0203493
0.0199219
0.0194935
0.0190637
0.0186326
0.0182003
0.0177668
0.0173326
0.0168977
0.0164626
0.0160274
0.0155925
0.0151582
0.0147246
0.0142922
0.0138612
0.0134318
0.0130044
0.0125792
0.0121564
0.0117364
0.0113194
0.0109057
0.0104955
0.0100891
0.00968682
0.00928886
0.00889552
0.00850705
0.00812373
0.00774582
0.00737359
0.0070073
0.00664722
0.00629362
0.00594676
0.00560691
0.00527434
0.00494931
0.00463208
0.00432292
0.0040221
0.00372988
0.00344652
0.00317228
0.00290743
0.00265223
0.00240694
0.00217181
0.00194711
0.00173311
0.00153004
0.00133819
0.0011578
0.000989138
0.000832471
0.000688066
0.000556204
0.000437169
0.000331254
0.000238769
0.000159992
9.46578e-05
4.21114e-05
3.80901e-06
-3.92253e-05
0.0362792
0.0264532
0.0258028
0.0258502
0.0251552
0.0244935
0.0239414
0.0234385
0.0229643
0.0225095
0.0220675
0.0216333
0.0212037
0.0207763
0.0203493
0.0199219
0.0194935
0.0190637
0.0186326
0.0182003
0.0177668
0.0173326
0.0168977
0.0164626
0.0160274
0.0155925
0.0151582
0.0147246
0.0142922
0.0138612
0.0134318
0.0130044
0.0125792
0.0121564
0.0117364
0.0113194
0.0109057
0.0104955
0.0100891
0.00968682
0.00928886
0.00889552
0.00850705
0.00812373
0.00774582
0.00737359
0.0070073
0.00664722
0.00629362
0.00594676
0.00560691
0.00527434
0.00494931
0.00463208
0.00432292
0.0040221
0.00372988
0.00344652
0.00317228
0.00290743
0.00265223
0.00240694
0.00217181
0.00194711
0.00173311
0.00153004
0.00133819
0.0011578
0.000989138
0.00083247
0.000688066
0.000556204
0.000437169
0.000331254
0.000238769
0.000159992
9.4658e-05
4.21111e-05
3.80738e-06
-3.92259e-05
0.0352558
0.0259032
0.0253773
0.0254258
0.0247883
0.0241966
0.0237004
0.02324
0.0227977
0.0223664
0.0219414
0.0215197
0.0210992
0.0206786
0.0202571
0.0198342
0.0194097
0.0189836
0.0185558
0.0181267
0.0176964
0.0172652
0.0168333
0.0164011
0.0159687
0.0155366
0.0151049
0.014674
0.0142442
0.0138156
0.0133887
0.0129635
0.0125405
0.01212
0.011702
0.011287
0.0108752
0.0104669
0.0100623
0.00966177
0.00926547
0.00887372
0.00848677
0.00810491
0.00772839
0.00735749
0.00699248
0.00663361
0.00628117
0.00593542
0.00559663
0.00526505
0.00494098
0.00462466
0.00431636
0.00401636
0.00372492
0.0034423
0.00316876
0.00290458
0.00265002
0.00240533
0.00217079
0.00194665
0.00173317
0.00153061
0.00133924
0.00115931
0.000991078
0.000834806
0.000690751
0.000559177
0.000440347
0.000334523
0.000241983
0.000162985
9.72637e-05
4.40482e-05
5.16373e-06
-3.67028e-05
0.0316557
0.0236141
0.0240064
0.024371
0.0239708
0.0235738
0.0232163
0.0228525
0.0224772
0.0220919
0.0216983
0.0212982
0.0208931
0.0204839
0.0200714
0.0196561
0.0192382
0.0188183
0.0183966
0.0179733
0.0175487
0.0171231
0.0166968
0.01627
0.0158431
0.0154162
0.0149897
0.0145639
0.014139
0.0137152
0.0132929
0.0128724
0.0124538
0.0120376
0.0116238
0.0112129
0.0108051
0.0104006
0.00999974
0.00960276
0.00920994
0.00882155
0.00843786
0.00805913
0.00768564
0.00731766
0.00695546
0.0065993
0.00624945
0.0059062
0.00556981
0.00524054
0.00491867
0.00460448
0.00429822
0.00400017
0.00371059
0.00342977
0.00315795
0.00289542
0.00264244
0.00239928
0.0021662
0.00194347
0.00173135
0.0015301
0.00133999
0.00116127
0.000994199
0.000839024
0.000695983
0.000565305
0.000447201
0.000341854
0.000249427
0.000170051
0.000103378
4.84602e-05
7.89828e-06
-3.06952e-05
0.0286921
0.0219892
0.0221873
0.0225689
0.0225212
0.0224275
0.0222828
0.0220697
0.0217985
0.0214831
0.0211363
0.0207677
0.0203844
0.0199911
0.019591
0.0191862
0.018778
0.0183672
0.0179544
0.01754
0.0171244
0.0167078
0.0162906
0.0158729
0.0154551
0.0150374
0.0146201
0.0142035
0.0137877
0.0133731
0.01296
0.0125487
0.0121393
0.0117322
0.0113276
0.0109258
0.0105271
0.0101316
0.00973982
0.00935184
0.00896798
0.00858849
0.00821364
0.0078437
0.00747892
0.00711957
0.00676592
0.00641822
0.00607674
0.00574175
0.00541351
0.00509229
0.00477834
0.00447195
0.00417337
0.00388286
0.0036007
0.00332716
0.00306249
0.00280697
0.00256087
0.00232444
0.00209796
0.00188169
0.0016759
0.00148085
0.00129681
0.00112402
0.000962746
0.00081321
0.000675629
0.000550182
0.000436999
0.000336132
0.000247524
0.000171
0.000106099
5.18177e-05
9.27806e-06
-2.08447e-05
0.033791
0.0281205
0.028772
0.0294314
0.0294415
0.029256
0.0289688
0.028606
0.0281889
0.0277342
0.0272542
0.0267572
0.0262485
0.0257317
0.0252089
0.0246815
0.0241506
0.0236168
0.0230807
0.0225428
0.0220033
0.0214628
0.0209215
0.0203798
0.019838
0.0192965
0.0187556
0.0182157
0.0176771
0.0171401
0.0166051
0.0160723
0.0155422
0.0150151
0.0144912
0.013971
0.0134547
0.0129426
0.0124352
0.0119328
0.0114356
0.010944
0.0104583
0.00997896
0.00950621
0.00904043
0.00858197
0.00813117
0.00768838
0.00725395
0.00682825
0.00641164
0.00600448
0.00560714
0.00521998
0.00484339
0.00447773
0.00412339
0.00378075
0.00345018
0.00313209
0.00282684
0.00253484
0.00225647
0.00199213
0.00174221
0.0015071
0.00128718
0.00108286
0.000894503
0.00072251
0.000567267
0.000429184
0.000308717
0.000206438
0.000123167
6.00493e-05
1.82584e-05
6.66314e-07
-2.99104e-06
0.0363186
0.029847
0.0306225
0.031051
0.0306533
0.0301368
0.0296113
0.0290826
0.0285548
0.0280286
0.0275033
0.0269777
0.0264509
0.0259221
0.0253908
0.024857
0.0243205
0.0237817
0.0232407
0.0226979
0.0221537
0.0216084
0.0210624
0.020516
0.0199696
0.0194236
0.0188783
0.0183341
0.0177912
0.0172501
0.016711
0.0161744
0.0156404
0.0151095
0.014582
0.0140582
0.0135384
0.0130229
0.0125122
0.0120064
0.011506
0.0110112
0.0105225
0.0100401
0.00956434
0.00909562
0.00863427
0.00818064
0.00773506
0.0072979
0.0068695
0.00645024
0.00604048
0.00564057
0.00525089
0.00487181
0.00450371
0.00414696
0.00380194
0.00346903
0.00314863
0.00284111
0.00254686
0.00226627
0.00199973
0.00174763
0.00151037
0.00128833
0.00108192
0.000891525
0.000717569
0.000560492
0.000420782
0.00029901
0.000195901
0.000112456
4.98347e-05
8.90169e-06
-6.53742e-06
-1.97933e-06
0.0399767
0.0320784
0.0320587
0.0321437
0.0314493
0.0306862
0.02998
0.0293254
0.0287124
0.02813
0.0275683
0.0270196
0.0264781
0.02594
0.0254027
0.0248646
0.0243251
0.0237837
0.0232406
0.0226958
0.0221496
0.0216024
0.0210546
0.0205065
0.0199585
0.0194109
0.0188641
0.0183184
0.0177742
0.0172319
0.0166917
0.016154
0.0156191
0.0150873
0.014559
0.0140345
0.0135142
0.0129982
0.012487
0.0119809
0.0114802
0.0109852
0.0104963
0.0100138
0.00953805
0.00906937
0.0086081
0.00815459
0.00770919
0.00727224
0.00684411
0.00642513
0.00601569
0.00561613
0.00522682
0.00484814
0.00448044
0.00412412
0.00377954
0.00344708
0.00312713
0.00282007
0.00252628
0.00224615
0.00198007
0.00172842
0.00149161
0.00127003
0.00106408
0.000874185
0.000700788
0.000544373
0.000405488
0.000284779
0.000183051
0.000101366
4.08791e-05
2.42293e-06
-1.00321e-05
-2.11689e-06
0.0411359
0.0327041
0.0325633
0.0326157
0.0318257
0.0309595
0.0301705
0.0294544
0.0287976
0.0281848
0.0276027
0.0270405
0.0264903
0.0259465
0.0254056
0.0248652
0.024324
0.0237815
0.0232374
0.0226918
0.0221449
0.0215971
0.0210486
0.0204999
0.0199512
0.0194031
0.0188557
0.0183096
0.0177649
0.0172222
0.0166816
0.0161435
0.0156083
0.0150763
0.0145477
0.014023
0.0135025
0.0129864
0.0124751
0.0119689
0.0114681
0.0109731
0.0104842
0.0100017
0.00952598
0.00905735
0.00859616
0.00814275
0.00769746
0.00726064
0.00683264
0.00641382
0.00600453
0.00560514
0.00521601
0.00483751
0.00447001
0.00411388
0.0037695
0.00343725
0.0031175
0.00281065
0.00251706
0.00223713
0.00197124
0.0017198
0.00148319
0.00126182
0.00105609
0.00086644
0.000693329
0.000537264
0.000398818
0.000278665
0.000177627
9.67561e-05
3.72019e-05
-2.16142e-07
-1.17258e-05
-2.98278e-06
0.0411359
0.0327041
0.0325633
0.0326157
0.0318257
0.0309595
0.0301705
0.0294544
0.0287976
0.0281848
0.0276027
0.0270405
0.0264903
0.0259465
0.0254056
0.0248652
0.024324
0.0237815
0.0232374
0.0226918
0.0221449
0.0215971
0.0210486
0.0204999
0.0199512
0.0194031
0.0188557
0.0183096
0.0177649
0.0172222
0.0166816
0.0161435
0.0156083
0.0150763
0.0145477
0.014023
0.0135025
0.0129864
0.0124751
0.0119689
0.0114681
0.0109731
0.0104842
0.0100017
0.00952598
0.00905735
0.00859616
0.00814275
0.00769746
0.00726064
0.00683264
0.00641382
0.00600453
0.00560514
0.00521601
0.00483751
0.00447001
0.00411388
0.0037695
0.00343725
0.0031175
0.00281065
0.00251706
0.00223713
0.00197124
0.0017198
0.00148319
0.00126182
0.00105609
0.00086644
0.000693329
0.000537264
0.000398818
0.000278665
0.000177627
9.67566e-05
3.72027e-05
-2.18341e-07
-1.17296e-05
-2.96857e-06
0.0399767
0.0320784
0.0320587
0.0321437
0.0314493
0.0306862
0.02998
0.0293254
0.0287124
0.02813
0.0275683
0.0270196
0.0264781
0.02594
0.0254027
0.0248646
0.0243251
0.0237837
0.0232406
0.0226958
0.0221496
0.0216024
0.0210546
0.0205065
0.0199585
0.0194109
0.0188641
0.0183184
0.0177742
0.0172319
0.0166917
0.016154
0.0156191
0.0150873
0.014559
0.0140345
0.0135142
0.0129982
0.012487
0.0119809
0.0114802
0.0109852
0.0104963
0.0100138
0.00953805
0.00906937
0.0086081
0.00815459
0.00770919
0.00727224
0.00684411
0.00642514
0.00601569
0.00561613
0.00522682
0.00484814
0.00448044
0.00412412
0.00377954
0.00344708
0.00312713
0.00282007
0.00252628
0.00224615
0.00198007
0.00172842
0.00149161
0.00127003
0.00106408
0.000874185
0.000700788
0.000544374
0.000405489
0.000284779
0.000183051
0.000101366
4.08788e-05
2.42076e-06
-1.00324e-05
-2.10392e-06
0.0363186
0.029847
0.0306225
0.031051
0.0306533
0.0301368
0.0296113
0.0290826
0.0285548
0.0280286
0.0275033
0.0269777
0.0264509
0.0259221
0.0253908
0.024857
0.0243205
0.0237817
0.0232407
0.0226979
0.0221537
0.0216084
0.0210624
0.020516
0.0199696
0.0194236
0.0188783
0.0183341
0.0177912
0.0172501
0.016711
0.0161744
0.0156404
0.0151095
0.014582
0.0140582
0.0135384
0.0130229
0.0125122
0.0120064
0.011506
0.0110112
0.0105225
0.0100401
0.00956434
0.00909562
0.00863427
0.00818064
0.00773506
0.0072979
0.0068695
0.00645024
0.00604048
0.00564057
0.00525089
0.00487181
0.00450371
0.00414696
0.00380194
0.00346903
0.00314863
0.00284111
0.00254686
0.00226627
0.00199973
0.00174763
0.00151037
0.00128833
0.00108192
0.000891525
0.000717569
0.000560492
0.000420782
0.00029901
0.000195902
0.000112455
4.98335e-05
8.90103e-06
-6.53423e-06
-1.9869e-06
0.033791
0.0281205
0.028772
0.0294314
0.0294415
0.029256
0.0289688
0.028606
0.0281889
0.0277342
0.0272542
0.0267572
0.0262485
0.0257317
0.0252089
0.0246815
0.0241506
0.0236168
0.0230807
0.0225428
0.0220033
0.0214628
0.0209215
0.0203798
0.019838
0.0192965
0.0187556
0.0182157
0.0176771
0.0171401
0.0166051
0.0160723
0.0155422
0.0150151
0.0144912
0.013971
0.0134547
0.0129426
0.0124352
0.0119328
0.0114356
0.010944
0.0104583
0.00997896
0.00950621
0.00904043
0.00858197
0.00813117
0.00768838
0.00725395
0.00682825
0.00641164
0.00600448
0.00560714
0.00521998
0.00484339
0.00447773
0.00412339
0.00378075
0.00345018
0.00313209
0.00282684
0.00253484
0.00225647
0.00199213
0.00174221
0.0015071
0.00128718
0.00108286
0.000894503
0.00072251
0.000567267
0.000429184
0.000308718
0.000206438
0.000123167
6.00492e-05
1.82597e-05
6.66708e-07
-2.99243e-06
)
;

boundaryField
{
    left
    {
        type            zeroGradient;
    }
    right
    {
        type            pressureTraction;
        value           nonuniform List<scalar> 
64
(
2.45218e-05
2.69401e-05
2.70855e-05
2.82471e-05
2.82466e-05
2.70839e-05
2.69401e-05
2.45197e-05
4.43374e-08
2.22285e-05
2.50338e-05
2.72732e-05
2.7274e-05
2.50352e-05
2.22294e-05
4.30951e-08
-4.61869e-05
-1.08008e-05
-8.16332e-06
-6.05229e-06
-6.05209e-06
-8.16287e-06
-1.08005e-05
-4.61886e-05
-9.84338e-05
-6.40228e-05
-6.53651e-05
-6.46589e-05
-6.46593e-05
-6.53659e-05
-6.40232e-05
-9.84342e-05
-0.000129632
-0.000110347
-0.000116291
-0.000117391
-0.000117392
-0.000116292
-0.000110347
-0.000129631
-0.000124603
-0.000126623
-0.000134373
-0.000136452
-0.000136452
-0.000134374
-0.000126623
-0.000124602
-8.10219e-05
-0.000100537
-0.000103845
-0.000104525
-0.000104528
-0.000103848
-0.000100534
-8.10205e-05
-7.2553e-06
-1.81219e-05
-1.69716e-05
-1.77248e-05
-1.77338e-05
-1.69798e-05
-1.81101e-05
-7.24942e-06
)
;
    }
    back
    {
        type            pressureTraction;
        value           nonuniform List<scalar> 
640
(
-0.0478212
-0.0282634
-0.0133964
-0.000668663
0.0110848
0.0225025
0.0331164
0.0435432
-0.0396522
-0.0241406
-0.011414
-0.00103339
0.0074408
0.0148092
0.0212127
0.0272061
-0.0383043
-0.02395
-0.0119926
-0.00173668
0.00694539
0.0145869
0.0214947
0.0279308
-0.0379333
-0.0238907
-0.0123394
-0.00214311
0.00672171
0.0146087
0.0218488
0.0286531
-0.0377561
-0.0237581
-0.0124247
-0.00232793
0.00656662
0.014555
0.0219523
0.0288468
-0.0375338
-0.023602
-0.0124091
-0.00240097
0.00647935
0.0145138
0.0219887
0.0288191
-0.037195
-0.0233972
-0.0123381
-0.00242272
0.00641303
0.0144444
0.0219311
0.0286449
-0.0367408
-0.0231392
-0.0122329
-0.0024246
0.00633992
0.014327
0.0217776
0.0283595
-0.036191
-0.0228338
-0.012105
-0.00242202
0.00624861
0.0141613
0.0215462
0.0279935
-0.0355679
-0.0224893
-0.0119605
-0.0024212
0.00613691
0.0139544
0.0212566
0.0275718
-0.0348914
-0.022114
-0.0118035
-0.00242369
0.00600739
0.013716
0.0209259
0.027113
-0.0341778
-0.0217155
-0.0116364
-0.00242891
0.00586427
0.013455
0.0205674
0.0266297
-0.0334395
-0.0212998
-0.0114612
-0.0024355
0.00571184
0.0131786
0.0201902
0.0261301
-0.0326857
-0.0208717
-0.0112792
-0.00244203
0.00555374
0.0128924
0.0198009
0.0256196
-0.031923
-0.0204347
-0.0110911
-0.00244727
0.00539275
0.0126001
0.0194035
0.0251016
-0.031156
-0.0199914
-0.0108978
-0.00245033
0.00523089
0.0123045
0.0190007
0.0245782
-0.0303879
-0.0195435
-0.0106998
-0.0024506
0.0050695
0.0120072
0.0185942
0.0240508
-0.029621
-0.0190926
-0.0104976
-0.00244774
0.00490948
0.0117094
0.0181852
0.0235204
-0.0288567
-0.0186397
-0.0102916
-0.00244159
0.00475136
0.0114118
0.0177742
0.0229876
-0.0280963
-0.0181855
-0.0100822
-0.00243212
0.00459546
0.0111149
0.0173617
0.0224528
-0.0273404
-0.0177308
-0.0098698
-0.00241936
0.00444196
0.0108189
0.0169481
0.0219165
-0.0265897
-0.017276
-0.00965471
-0.00240344
0.00429096
0.0105241
0.0165337
0.021379
-0.0258445
-0.0168217
-0.00943726
-0.00238445
0.0041425
0.0102307
0.0161188
0.0208408
-0.0251053
-0.0163682
-0.00921773
-0.00236253
0.00399662
0.0099388
0.0157036
0.0203021
-0.0243724
-0.0159159
-0.0089964
-0.00233782
0.00385333
0.00964862
0.0152884
0.0197633
-0.0236459
-0.015465
-0.00877352
-0.00231043
0.00371264
0.00936027
0.0148733
0.0192247
-0.0229262
-0.015016
-0.00854934
-0.0022805
0.00357458
0.00907392
0.0144588
0.0186866
-0.0222135
-0.0145691
-0.00832408
-0.00224814
0.00343914
0.0087897
0.014045
0.0181494
-0.021508
-0.0141246
-0.00809798
-0.00221347
0.00330636
0.00850778
0.0136322
0.0176135
-0.0208099
-0.0136827
-0.00787124
-0.0021766
0.00317624
0.0082283
0.0132207
0.0170791
-0.0201194
-0.0132438
-0.00764408
-0.00213764
0.0030488
0.0079514
0.0128108
0.0165465
-0.0194366
-0.0128079
-0.0074167
-0.0020967
0.00292404
0.00767723
0.0124026
0.0160163
-0.0187618
-0.0123754
-0.00718931
-0.0020539
0.002802
0.00740593
0.0119965
0.0154885
-0.0180951
-0.0119466
-0.0069621
-0.00200934
0.00268266
0.00713762
0.0115928
0.0149637
-0.0174368
-0.0115216
-0.00673529
-0.00196313
0.00256603
0.00687246
0.0111917
0.0144421
-0.0167869
-0.0111007
-0.00650906
-0.00191539
0.00245213
0.00661055
0.0107934
0.013924
-0.0161457
-0.0106841
-0.00628361
-0.00186623
0.00234095
0.00635204
0.0103982
0.0134099
-0.0155135
-0.0102721
-0.00605915
-0.00181576
0.00223249
0.00609704
0.0100064
0.0128999
-0.0148902
-0.00986478
-0.00583586
-0.0017641
0.00212675
0.00584567
0.00961826
0.0123945
-0.0142763
-0.00946247
-0.00561394
-0.00171136
0.00202371
0.00559805
0.00923399
0.011894
-0.0136718
-0.00906536
-0.00539358
-0.00165766
0.00192338
0.0053543
0.00885388
0.0113987
-0.0130769
-0.00867368
-0.00517498
-0.00160311
0.00182574
0.00511453
0.00847817
0.010909
-0.0124919
-0.00828764
-0.00495834
-0.00154784
0.00173079
0.00487885
0.00810713
0.0104251
-0.0119169
-0.00790746
-0.00474384
-0.00149195
0.00163851
0.00464737
0.007741
0.00994753
-0.0113522
-0.00753336
-0.00453168
-0.00143557
0.00154888
0.0044202
0.00738006
0.0094765
-0.010798
-0.00716557
-0.00432206
-0.00137882
0.00146191
0.00419744
0.00702455
0.0090124
-0.0102544
-0.0068043
-0.00411516
-0.00132181
0.00137756
0.00397921
0.00667473
0.00855557
-0.00972182
-0.00644976
-0.00391117
-0.00126465
0.00129583
0.00376561
0.00633086
0.00810636
-0.00920034
-0.0061022
-0.00371029
-0.00120748
0.00121671
0.00355675
0.00599321
0.00766512
-0.00869023
-0.00576181
-0.00351271
-0.0011504
0.00114017
0.00335273
0.00566202
0.00723221
-0.00819173
-0.00542884
-0.00331862
-0.00109353
0.00106621
0.00315366
0.00533757
0.00680799
-0.00770508
-0.0051035
-0.00312821
-0.00103699
0.000994803
0.00295964
0.0050201
0.00639282
-0.00723052
-0.00478601
-0.00294167
-0.000980887
0.000925945
0.00277078
0.00470988
0.00598707
-0.0067683
-0.00447661
-0.0027592
-0.000925344
0.000859621
0.00258719
0.00440718
0.0055911
-0.00631869
-0.00417551
-0.00258097
-0.000870472
0.000795818
0.00240897
0.00411225
0.00520529
-0.00588194
-0.00388295
-0.00240718
-0.000816383
0.000734524
0.00223624
0.00382536
0.00483001
-0.0054583
-0.00359916
-0.00223802
-0.000763188
0.000675731
0.0020691
0.00354677
0.00446564
-0.00504806
-0.00332437
-0.00207368
-0.000710998
0.000619428
0.00190767
0.00327674
0.00411255
-0.00465149
-0.00305881
-0.00191434
-0.000659922
0.000565609
0.00175205
0.00301555
0.00377114
-0.00426885
-0.00280272
-0.00176018
-0.000610068
0.000514267
0.00160236
0.00276344
0.00344178
-0.00390043
-0.00255632
-0.0016114
-0.00056154
0.000465398
0.00145871
0.0025207
0.00312487
-0.00354651
-0.00231987
-0.00146818
-0.000514445
0.000419
0.00132122
0.00228758
0.00282078
-0.00320739
-0.00209358
-0.00133071
-0.000468884
0.00037507
0.00119
0.00206434
0.00252992
-0.00288335
-0.00187771
-0.00119915
-0.000424958
0.00033361
0.00106518
0.00185127
0.00225268
-0.0025747
-0.00167249
-0.00107371
-0.000382767
0.000294621
0.000946874
0.00164861
0.00198944
-0.00228171
-0.00147816
-0.00095455
-0.000342408
0.000258106
0.000835199
0.00145663
0.00174061
-0.0020047
-0.00129496
-0.000841854
-0.000303976
0.000224068
0.000730276
0.0012756
0.00150657
-0.00174395
-0.00112312
-0.000735793
-0.000267563
0.000192509
0.000632218
0.00110577
0.00128771
-0.00149976
-0.000962873
-0.000636528
-0.000233257
0.00016343
0.000541131
0.000947379
0.00108442
-0.00127239
-0.000814431
-0.00054421
-0.00020114
0.000136821
0.000457108
0.000800657
0.000897078
-0.00106211
-0.000677987
-0.000458964
-0.000171285
0.000112667
0.000380214
0.000665804
0.000726056
-0.000869141
-0.000553702
-0.000380878
-0.000143751
9.09279e-05
0.000310474
0.000542978
0.000571721
-0.000693692
-0.000441685
-0.000309977
-0.000118569
7.15355e-05
0.000247842
0.000432266
0.000434445
-0.000535938
-0.000341973
-0.000246195
-9.5742e-05
5.43659e-05
0.00019216
0.000333657
0.000314632
-0.000396055
-0.000254501
-0.000189336
-7.5231e-05
3.9214e-05
0.000143103
0.000246995
0.000212786
-0.000274352
-0.000179052
-0.000139006
-5.69267e-05
2.57986e-05
0.000100157
0.00017196
0.000129675
-0.000171257
-0.000115252
-9.47464e-05
-4.08261e-05
1.36296e-05
6.25335e-05
0.00010804
6.64918e-05
-8.91198e-05
-6.38253e-05
-5.78749e-05
-2.91082e-05
2.58328e-07
2.80807e-05
5.41359e-05
2.46205e-05
-2.5761e-05
-2.23664e-05
-2.54637e-05
-1.87884e-05
-1.1849e-05
-1.8807e-06
1.06363e-05
6.44047e-06
1.14772e-05
3.14682e-05
4.42078e-05
4.34743e-05
2.70896e-05
4.39254e-06
-1.74953e-05
-2.59842e-06
)
;
    }
    front
    {
        type            pressureTraction;
        value           nonuniform List<scalar> 
640
(
-0.0478212
-0.0282634
-0.0133964
-0.000668663
0.0110848
0.0225025
0.0331164
0.0435432
-0.0396522
-0.0241406
-0.011414
-0.00103339
0.0074408
0.0148092
0.0212127
0.0272061
-0.0383043
-0.02395
-0.0119926
-0.00173668
0.00694539
0.0145869
0.0214947
0.0279308
-0.0379333
-0.0238907
-0.0123394
-0.00214311
0.00672171
0.0146087
0.0218488
0.0286531
-0.0377561
-0.0237581
-0.0124247
-0.00232793
0.00656662
0.014555
0.0219523
0.0288468
-0.0375338
-0.023602
-0.0124091
-0.00240097
0.00647935
0.0145138
0.0219887
0.0288191
-0.037195
-0.0233972
-0.0123381
-0.00242272
0.00641303
0.0144444
0.0219311
0.0286449
-0.0367408
-0.0231392
-0.0122329
-0.0024246
0.00633992
0.014327
0.0217776
0.0283595
-0.036191
-0.0228338
-0.012105
-0.00242202
0.00624861
0.0141613
0.0215462
0.0279935
-0.0355679
-0.0224893
-0.0119605
-0.0024212
0.00613691
0.0139544
0.0212566
0.0275718
-0.0348914
-0.022114
-0.0118035
-0.00242369
0.00600739
0.013716
0.0209259
0.027113
-0.0341778
-0.0217155
-0.0116364
-0.00242891
0.00586427
0.013455
0.0205674
0.0266297
-0.0334395
-0.0212998
-0.0114612
-0.0024355
0.00571184
0.0131786
0.0201902
0.0261301
-0.0326857
-0.0208717
-0.0112792
-0.00244203
0.00555374
0.0128924
0.0198009
0.0256196
-0.031923
-0.0204347
-0.0110911
-0.00244727
0.00539275
0.0126001
0.0194035
0.0251016
-0.031156
-0.0199914
-0.0108978
-0.00245033
0.00523089
0.0123045
0.0190007
0.0245782
-0.0303879
-0.0195435
-0.0106998
-0.0024506
0.0050695
0.0120072
0.0185942
0.0240508
-0.029621
-0.0190926
-0.0104976
-0.00244774
0.00490948
0.0117094
0.0181852
0.0235204
-0.0288567
-0.0186397
-0.0102916
-0.00244159
0.00475136
0.0114118
0.0177742
0.0229876
-0.0280963
-0.0181855
-0.0100822
-0.00243212
0.00459546
0.0111149
0.0173617
0.0224528
-0.0273404
-0.0177308
-0.0098698
-0.00241936
0.00444196
0.0108189
0.0169481
0.0219165
-0.0265897
-0.017276
-0.00965471
-0.00240344
0.00429096
0.0105241
0.0165337
0.021379
-0.0258445
-0.0168217
-0.00943726
-0.00238445
0.0041425
0.0102307
0.0161188
0.0208408
-0.0251053
-0.0163682
-0.00921773
-0.00236253
0.00399662
0.0099388
0.0157036
0.0203021
-0.0243724
-0.0159159
-0.0089964
-0.00233782
0.00385333
0.00964862
0.0152884
0.0197633
-0.0236459
-0.015465
-0.00877352
-0.00231043
0.00371264
0.00936027
0.0148733
0.0192247
-0.0229262
-0.015016
-0.00854934
-0.0022805
0.00357458
0.00907392
0.0144588
0.0186866
-0.0222135
-0.0145691
-0.00832408
-0.00224814
0.00343914
0.0087897
0.014045
0.0181494
-0.021508
-0.0141246
-0.00809798
-0.00221347
0.00330636
0.00850778
0.0136322
0.0176135
-0.0208099
-0.0136827
-0.00787124
-0.0021766
0.00317624
0.0082283
0.0132207
0.0170791
-0.0201194
-0.0132438
-0.00764408
-0.00213764
0.0030488
0.0079514
0.0128108
0.0165465
-0.0194366
-0.0128079
-0.0074167
-0.0020967
0.00292404
0.00767723
0.0124026
0.0160163
-0.0187618
-0.0123754
-0.00718931
-0.0020539
0.002802
0.00740593
0.0119965
0.0154885
-0.0180951
-0.0119466
-0.0069621
-0.00200934
0.00268266
0.00713762
0.0115928
0.0149637
-0.0174368
-0.0115216
-0.00673529
-0.00196313
0.00256603
0.00687246
0.0111917
0.0144421
-0.0167869
-0.0111007
-0.00650906
-0.00191539
0.00245213
0.00661055
0.0107934
0.013924
-0.0161457
-0.0106841
-0.00628361
-0.00186623
0.00234095
0.00635204
0.0103982
0.0134099
-0.0155135
-0.0102721
-0.00605915
-0.00181576
0.00223249
0.00609704
0.0100064
0.0128999
-0.0148902
-0.00986478
-0.00583586
-0.0017641
0.00212675
0.00584567
0.00961826
0.0123945
-0.0142763
-0.00946247
-0.00561394
-0.00171136
0.00202371
0.00559805
0.00923399
0.011894
-0.0136718
-0.00906536
-0.00539358
-0.00165766
0.00192338
0.0053543
0.00885388
0.0113987
-0.0130769
-0.00867368
-0.00517498
-0.00160311
0.00182574
0.00511453
0.00847817
0.010909
-0.0124919
-0.00828764
-0.00495834
-0.00154784
0.00173079
0.00487885
0.00810713
0.0104251
-0.0119169
-0.00790746
-0.00474384
-0.00149195
0.00163851
0.00464737
0.007741
0.00994753
-0.0113522
-0.00753336
-0.00453168
-0.00143557
0.00154888
0.0044202
0.00738006
0.0094765
-0.010798
-0.00716557
-0.00432206
-0.00137882
0.00146191
0.00419744
0.00702455
0.0090124
-0.0102544
-0.0068043
-0.00411515
-0.00132181
0.00137756
0.00397921
0.00667473
0.00855557
-0.00972182
-0.00644976
-0.00391117
-0.00126465
0.00129583
0.00376561
0.00633086
0.00810636
-0.00920034
-0.0061022
-0.00371029
-0.00120748
0.00121671
0.00355675
0.00599321
0.00766512
-0.00869023
-0.00576181
-0.00351271
-0.0011504
0.00114017
0.00335273
0.00566202
0.00723221
-0.00819173
-0.00542884
-0.00331862
-0.00109353
0.00106621
0.00315366
0.00533757
0.00680799
-0.00770508
-0.0051035
-0.00312821
-0.00103699
0.000994803
0.00295964
0.0050201
0.00639282
-0.00723052
-0.00478601
-0.00294167
-0.000980887
0.000925945
0.00277078
0.00470988
0.00598707
-0.0067683
-0.00447661
-0.0027592
-0.000925344
0.000859621
0.00258719
0.00440718
0.0055911
-0.00631869
-0.00417551
-0.00258097
-0.000870472
0.000795818
0.00240897
0.00411225
0.00520529
-0.00588194
-0.00388295
-0.00240718
-0.000816382
0.000734525
0.00223624
0.00382536
0.00483001
-0.00545831
-0.00359917
-0.00223802
-0.000763188
0.000675731
0.0020691
0.00354677
0.00446563
-0.00504806
-0.00332437
-0.00207368
-0.000710998
0.000619429
0.00190767
0.00327674
0.00411255
-0.00465148
-0.00305881
-0.00191434
-0.000659922
0.00056561
0.00175205
0.00301555
0.00377114
-0.00426885
-0.00280272
-0.00176018
-0.000610068
0.000514268
0.00160236
0.00276344
0.00344178
-0.00390043
-0.00255632
-0.0016114
-0.000561541
0.000465399
0.00145871
0.0025207
0.00312487
-0.00354651
-0.00231987
-0.00146818
-0.000514445
0.000419
0.00132122
0.00228757
0.00282078
-0.00320739
-0.00209358
-0.00133071
-0.000468884
0.00037507
0.00119
0.00206434
0.00252992
-0.00288335
-0.00187771
-0.00119915
-0.000424958
0.00033361
0.00106518
0.00185127
0.00225268
-0.0025747
-0.00167249
-0.00107371
-0.000382768
0.000294621
0.000946874
0.00164861
0.00198944
-0.00228171
-0.00147816
-0.000954551
-0.000342409
0.000258106
0.0008352
0.00145663
0.00174061
-0.0020047
-0.00129496
-0.000841855
-0.000303977
0.000224068
0.000730277
0.0012756
0.00150657
-0.00174395
-0.00112312
-0.000735793
-0.000267563
0.00019251
0.000632218
0.00110577
0.00128771
-0.00149976
-0.000962873
-0.000636529
-0.000233257
0.00016343
0.000541131
0.000947379
0.00108442
-0.00127239
-0.00081443
-0.00054421
-0.00020114
0.000136822
0.000457108
0.000800657
0.000897078
-0.00106211
-0.000677986
-0.000458964
-0.000171286
0.000112667
0.000380214
0.000665804
0.000726056
-0.000869139
-0.000553702
-0.000380877
-0.000143751
9.09282e-05
0.000310474
0.000542977
0.000571721
-0.00069369
-0.000441685
-0.000309977
-0.000118569
7.15356e-05
0.000247842
0.000432266
0.000434445
-0.000535936
-0.000341972
-0.000246195
-9.57423e-05
5.43659e-05
0.00019216
0.000333657
0.000314632
-0.000396058
-0.000254501
-0.000189336
-7.52314e-05
3.92142e-05
0.000143104
0.000246995
0.000212785
-0.000274352
-0.000179052
-0.000139006
-5.69273e-05
2.57989e-05
0.000100158
0.00017196
0.000129676
-0.000171255
-0.000115253
-9.47462e-05
-4.08264e-05
1.36297e-05
6.25346e-05
0.00010804
6.64923e-05
-8.91187e-05
-6.3826e-05
-5.7875e-05
-2.91082e-05
2.57719e-07
2.80818e-05
5.41377e-05
2.46203e-05
-2.57608e-05
-2.23669e-05
-2.54647e-05
-1.87889e-05
-1.18491e-05
-1.88034e-06
1.06375e-05
6.44617e-06
1.14752e-05
3.14678e-05
4.42052e-05
4.34726e-05
2.70902e-05
4.39235e-06
-1.7497e-05
-2.6003e-06
)
;
    }
    top
    {
        type            pressureTraction;
        value           nonuniform List<scalar> 
640
(
0.037635
0.042224
0.0480042
0.0505703
0.0505703
0.0480042
0.042224
0.037635
0.030673
0.0325131
0.0344762
0.0350561
0.0350561
0.0344762
0.0325131
0.030673
0.0319495
0.0338449
0.0352702
0.0358061
0.0358061
0.0352702
0.0338449
0.0319495
0.0329941
0.034466
0.0355755
0.0360793
0.0360793
0.0355755
0.034466
0.0329941
0.0332409
0.034225
0.0350111
0.0354046
0.0354046
0.0350111
0.034225
0.0332409
0.0332155
0.0338184
0.0343219
0.0345915
0.0345915
0.0343219
0.0338184
0.0332155
0.0330456
0.0333707
0.0336595
0.0338255
0.0338255
0.0336595
0.0333707
0.0330456
0.0327713
0.0329039
0.0330388
0.0331259
0.0331259
0.0330388
0.0329039
0.0327713
0.0324247
0.0324293
0.0324575
0.0324874
0.0324874
0.0324575
0.0324293
0.0324247
0.0320306
0.0319513
0.0319073
0.0318968
0.0318968
0.0319073
0.0319513
0.0320306
0.0316059
0.0314713
0.0313788
0.0313404
0.0313404
0.0313788
0.0314713
0.0316059
0.031161
0.0309889
0.030864
0.0308067
0.0308067
0.030864
0.0309889
0.031161
0.0307016
0.0305029
0.0303563
0.0302863
0.0302863
0.0303563
0.0305029
0.0307016
0.0302311
0.0300122
0.0298506
0.0297721
0.0297721
0.0298506
0.0300122
0.0302311
0.029751
0.0295157
0.0293434
0.0292592
0.0292592
0.0293434
0.0295157
0.029751
0.0292624
0.0290128
0.0288325
0.0287443
0.0287443
0.0288325
0.0290128
0.0292624
0.0287655
0.028503
0.0283163
0.0282253
0.0282253
0.0283163
0.028503
0.0287655
0.0282607
0.0279862
0.0277942
0.027701
0.027701
0.0277942
0.0279862
0.0282607
0.0277482
0.0274624
0.0272657
0.0271708
0.0271708
0.0272657
0.0274624
0.0277482
0.0272282
0.0269317
0.0267308
0.0266345
0.0266345
0.0267308
0.0269317
0.0272282
0.0267008
0.0263943
0.0261897
0.0260921
0.0260921
0.0261897
0.0263943
0.0267008
0.0261664
0.0258505
0.0256424
0.0255439
0.0255439
0.0256424
0.0258505
0.0261664
0.0256254
0.0253007
0.0250895
0.0249901
0.0249901
0.0250895
0.0253007
0.0256254
0.0250778
0.0247451
0.0245311
0.024431
0.024431
0.0245311
0.0247451
0.0250778
0.0245243
0.0241842
0.0239678
0.023867
0.023867
0.0239678
0.0241842
0.0245243
0.0239651
0.0236183
0.0233998
0.0232985
0.0232985
0.0233998
0.0236183
0.0239651
0.0234005
0.0230478
0.0228276
0.022726
0.022726
0.0228276
0.0230478
0.0234005
0.0228311
0.0224732
0.0222517
0.0221499
0.0221499
0.0222517
0.0224732
0.0228311
0.0222573
0.0218949
0.0216724
0.0215705
0.0215705
0.0216724
0.0218949
0.0222573
0.0216794
0.0213134
0.0210902
0.0209884
0.0209884
0.0210902
0.0213134
0.0216794
0.021098
0.020729
0.0205056
0.020404
0.020404
0.0205056
0.020729
0.021098
0.0205134
0.0201422
0.019919
0.0198177
0.0198177
0.019919
0.0201422
0.0205134
0.0199263
0.0195536
0.0193308
0.0192301
0.0192301
0.0193308
0.0195536
0.0199263
0.019337
0.0189635
0.0187416
0.0186415
0.0186415
0.0187416
0.0189635
0.019337
0.0187462
0.0183726
0.0181518
0.0180525
0.0180525
0.0181518
0.0183726
0.0187462
0.0181542
0.0177812
0.017562
0.0174636
0.0174636
0.017562
0.0177812
0.0181542
0.0175617
0.01719
0.0169726
0.0168753
0.0168753
0.0169726
0.01719
0.0175617
0.0169691
0.0165994
0.0163842
0.0162881
0.0162881
0.0163842
0.0165994
0.0169691
0.0163771
0.01601
0.0157972
0.0157024
0.0157024
0.0157972
0.01601
0.0163771
0.0157862
0.0154222
0.0152123
0.0151189
0.0151189
0.0152123
0.0154222
0.0157862
0.0151969
0.0148368
0.0146299
0.0145381
0.0145381
0.0146299
0.0148368
0.0151969
0.01461
0.0142542
0.0140506
0.0139604
0.0139604
0.0140506
0.0142542
0.01461
0.0140258
0.0136749
0.013475
0.0133865
0.0133865
0.013475
0.0136749
0.0140258
0.0134451
0.0130997
0.0129036
0.012817
0.012817
0.0129036
0.0130997
0.0134451
0.0128685
0.012529
0.0123369
0.0122522
0.0122522
0.0123369
0.012529
0.0128685
0.0122965
0.0119634
0.0117756
0.0116929
0.0116929
0.0117756
0.0119634
0.0122965
0.0117299
0.0114035
0.0112202
0.0111396
0.0111396
0.0112202
0.0114035
0.0117299
0.0111691
0.0108499
0.0106713
0.0105929
0.0105929
0.0106713
0.0108499
0.0111691
0.0106148
0.0103033
0.0101295
0.0100532
0.0100532
0.0101295
0.0103033
0.0106148
0.0100677
0.00976409
0.00959529
0.0095213
0.0095213
0.00959529
0.00976409
0.0100677
0.00952834
0.00923301
0.00906932
0.00899763
0.00899763
0.00906932
0.00923301
0.00952834
0.0089974
0.00871061
0.00855215
0.00848281
0.00848281
0.00855214
0.00871061
0.0089974
0.00847548
0.00819751
0.00804436
0.00797742
0.00797742
0.00804436
0.00819751
0.00847548
0.00796323
0.00769429
0.00754655
0.00748202
0.00748202
0.00754655
0.00769429
0.00796323
0.00746125
0.00720155
0.00705929
0.0069972
0.0069972
0.00705929
0.00720155
0.00746125
0.00697018
0.00671989
0.00658316
0.00652352
0.00652352
0.00658316
0.00671989
0.00697018
0.00649063
0.0062499
0.00611874
0.00606157
0.00606157
0.00611874
0.0062499
0.00649063
0.00602322
0.00579216
0.0056666
0.0056119
0.0056119
0.0056666
0.00579216
0.00602322
0.00556856
0.00534727
0.00522732
0.00517509
0.00517509
0.00522732
0.00534727
0.00556856
0.00512725
0.00491581
0.00480146
0.00475169
0.00475169
0.00480146
0.00491581
0.00512725
0.0046999
0.00449834
0.00438959
0.00434227
0.00434227
0.00438959
0.00449834
0.0046999
0.0042871
0.00409544
0.00399227
0.00394739
0.00394739
0.00399227
0.00409544
0.0042871
0.00388944
0.00370769
0.00361005
0.00356759
0.00356759
0.00361005
0.00370769
0.00388944
0.0035075
0.00333564
0.00324349
0.00320342
0.00320342
0.00324349
0.00333564
0.0035075
0.00314185
0.00297984
0.00289313
0.00285543
0.00285543
0.00289313
0.00297983
0.00314185
0.00279305
0.00264083
0.00255951
0.00252415
0.00252415
0.00255951
0.00264083
0.00279305
0.00246165
0.00231916
0.00224316
0.00221011
0.00221011
0.00224316
0.00231916
0.00246165
0.00214821
0.00201537
0.00194462
0.00191385
0.00191385
0.00194462
0.00201537
0.00214821
0.00185324
0.00172997
0.00166441
0.00163591
0.00163591
0.00166441
0.00172997
0.00185324
0.00157726
0.00146349
0.00140308
0.00137683
0.00137683
0.00140308
0.00146349
0.00157726
0.00132077
0.00121647
0.00116119
0.00113719
0.00113719
0.00116119
0.00121647
0.00132077
0.00108424
0.00098944
0.000939318
0.000917614
0.000917614
0.000939318
0.00098944
0.00108424
0.000868154
0.000783004
0.000738145
0.000718792
0.000718792
0.000738145
0.000783004
0.000868154
0.000672988
0.00059785
0.000558459
0.000541558
0.000541558
0.000558459
0.000597849
0.000672987
0.000499277
0.000434846
0.000401269
0.000386967
0.000386967
0.000401269
0.000434846
0.000499277
0.000347639
0.000295185
0.000267949
0.000256431
0.00025643
0.000267949
0.000295186
0.000347641
0.00021879
0.000180414
0.000160246
0.00015168
0.000151678
0.000160246
0.000180416
0.000218792
0.000113509
9.22818e-05
8.01645e-05
7.47621e-05
7.4765e-05
8.01669e-05
9.22825e-05
0.000113508
3.24358e-05
3.17742e-05
2.88142e-05
2.71291e-05
2.71335e-05
2.88117e-05
3.17689e-05
3.2442e-05
-3.31456e-05
-1.54176e-05
-8.481e-06
-6.62254e-06
-6.63786e-06
-8.49681e-06
-1.5415e-05
-3.31464e-05
)
;
    }
    bottom
    {
        type            pressureTraction;
        value           nonuniform List<scalar> 
640
(
-0.0587378
-0.0576263
-0.0580331
-0.0583616
-0.0583616
-0.0580331
-0.0576263
-0.0587378
-0.0483454
-0.0499245
-0.0504606
-0.0506316
-0.0506316
-0.0504606
-0.0499245
-0.0483454
-0.0463722
-0.048106
-0.0488931
-0.0491478
-0.0491478
-0.0488931
-0.048106
-0.0463722
-0.0454613
-0.0469466
-0.0477822
-0.0480867
-0.0480867
-0.0477822
-0.0469466
-0.0454613
-0.0448526
-0.0459515
-0.0466872
-0.0469871
-0.0469871
-0.0466872
-0.0459515
-0.0448526
-0.0442386
-0.0450248
-0.0456245
-0.0458901
-0.0458901
-0.0456245
-0.0450248
-0.0442386
-0.0435326
-0.0440991
-0.0445753
-0.0447976
-0.0447976
-0.0445753
-0.0440991
-0.0435326
-0.042733
-0.0431558
-0.0435362
-0.0437186
-0.0437186
-0.0435362
-0.0431558
-0.042733
-0.0418578
-0.0421928
-0.0425051
-0.0426558
-0.0426558
-0.0425051
-0.0421928
-0.0418578
-0.0409273
-0.0412129
-0.0414798
-0.0416075
-0.0416075
-0.0414798
-0.0412129
-0.0409273
-0.0399593
-0.0402209
-0.0404589
-0.040571
-0.040571
-0.0404589
-0.0402209
-0.0399593
-0.0389682
-0.0392218
-0.0394425
-0.0395446
-0.0395446
-0.0394425
-0.0392218
-0.0389682
-0.0379647
-0.0382201
-0.0384313
-0.0385272
-0.0385272
-0.0384313
-0.0382201
-0.0379647
-0.0369567
-0.0372197
-0.0374263
-0.0375187
-0.0375187
-0.0374263
-0.0372197
-0.0369567
-0.0359498
-0.0362235
-0.0364285
-0.0365192
-0.0365192
-0.0364285
-0.0362235
-0.0359498
-0.0349477
-0.0352338
-0.035439
-0.035529
-0.035529
-0.035439
-0.0352338
-0.0349477
-0.0339531
-0.0342522
-0.0344585
-0.0345485
-0.0345485
-0.0344585
-0.0342522
-0.0339531
-0.0329676
-0.0332797
-0.0334877
-0.0335779
-0.0335779
-0.0334877
-0.0332797
-0.0329676
-0.0319924
-0.0323172
-0.0325271
-0.0326177
-0.0326177
-0.0325271
-0.0323172
-0.0319924
-0.0310283
-0.0313652
-0.0315769
-0.031668
-0.031668
-0.0315769
-0.0313652
-0.0310283
-0.0300758
-0.0304241
-0.0306376
-0.0307291
-0.0307291
-0.0306376
-0.0304241
-0.0300758
-0.0291354
-0.0294942
-0.0297093
-0.0298012
-0.0298012
-0.0297093
-0.0294942
-0.0291354
-0.0282072
-0.0285759
-0.0287922
-0.0288845
-0.0288845
-0.0287922
-0.0285759
-0.0282072
-0.0272916
-0.0276691
-0.0278865
-0.027979
-0.027979
-0.0278865
-0.0276691
-0.0272916
-0.0263888
-0.0267743
-0.0269924
-0.0270851
-0.0270851
-0.0269924
-0.0267743
-0.0263888
-0.0254989
-0.0258914
-0.02611
-0.0262027
-0.0262027
-0.02611
-0.0258914
-0.0254989
-0.0246222
-0.0250207
-0.0252395
-0.025332
-0.025332
-0.0252395
-0.0250207
-0.0246222
-0.0237586
-0.0241623
-0.0243809
-0.0244733
-0.0244733
-0.0243809
-0.0241623
-0.0237586
-0.0229085
-0.0233164
-0.0235345
-0.0236265
-0.0236265
-0.0235345
-0.0233164
-0.0229085
-0.0220718
-0.022483
-0.0227004
-0.0227919
-0.0227919
-0.0227004
-0.022483
-0.0220718
-0.0212487
-0.0216623
-0.0218786
-0.0219696
-0.0219696
-0.0218786
-0.0216623
-0.0212487
-0.0204394
-0.0208545
-0.0210694
-0.0211597
-0.0211597
-0.0210694
-0.0208545
-0.0204394
-0.0196438
-0.0200596
-0.0202728
-0.0203623
-0.0203623
-0.0202728
-0.0200596
-0.0196438
-0.0188622
-0.0192777
-0.019489
-0.0195776
-0.0195776
-0.019489
-0.0192777
-0.0188622
-0.0180946
-0.018509
-0.0187181
-0.0188056
-0.0188056
-0.0187181
-0.018509
-0.0180946
-0.017341
-0.0177535
-0.0179602
-0.0180466
-0.0180466
-0.0179602
-0.0177535
-0.017341
-0.0166016
-0.0170115
-0.0172154
-0.0173006
-0.0173006
-0.0172154
-0.0170115
-0.0166016
-0.0158765
-0.0162829
-0.0164839
-0.0165677
-0.0165677
-0.0164839
-0.0162829
-0.0158765
-0.0151657
-0.0155679
-0.0157657
-0.0158482
-0.0158482
-0.0157657
-0.0155679
-0.0151657
-0.0144693
-0.0148667
-0.015061
-0.015142
-0.015142
-0.015061
-0.0148667
-0.0144693
-0.0137874
-0.0141793
-0.0143699
-0.0144493
-0.0144493
-0.0143699
-0.0141793
-0.0137874
-0.01312
-0.0135058
-0.0136926
-0.0137703
-0.0137703
-0.0136926
-0.0135058
-0.01312
-0.0124674
-0.0128464
-0.0130291
-0.0131052
-0.0131052
-0.0130291
-0.0128464
-0.0124674
-0.0118295
-0.0122011
-0.0123796
-0.0124539
-0.0124539
-0.0123796
-0.0122011
-0.0118295
-0.0112064
-0.0115702
-0.0117443
-0.0118167
-0.0118167
-0.0117443
-0.0115702
-0.0112064
-0.0105983
-0.0109537
-0.0111233
-0.0111937
-0.0111937
-0.0111233
-0.0109537
-0.0105983
-0.0100052
-0.0103518
-0.0105166
-0.0105851
-0.0105851
-0.0105166
-0.0103518
-0.0100052
-0.00942724
-0.00976456
-0.00992459
-0.00999105
-0.00999105
-0.00992459
-0.00976456
-0.00942724
-0.00886456
-0.00919221
-0.00934727
-0.00941166
-0.00941166
-0.00934727
-0.00919221
-0.00886456
-0.00831725
-0.00863486
-0.00878485
-0.00884712
-0.00884712
-0.00878485
-0.00863486
-0.00831725
-0.00778545
-0.00809269
-0.0082375
-0.0082976
-0.0082976
-0.0082375
-0.00809269
-0.00778545
-0.00726927
-0.00756584
-0.00770537
-0.00776328
-0.00776328
-0.00770537
-0.00756583
-0.00726927
-0.00676885
-0.00705448
-0.00718867
-0.00724434
-0.00724434
-0.00718867
-0.00705448
-0.00676885
-0.00628434
-0.0065588
-0.00668756
-0.00674098
-0.00674098
-0.00668756
-0.0065588
-0.00628434
-0.00581589
-0.00607897
-0.00620225
-0.00625338
-0.00625338
-0.00620225
-0.00607897
-0.00581589
-0.00536366
-0.00561519
-0.00573293
-0.00578176
-0.00578176
-0.00573293
-0.00561519
-0.00536366
-0.00492781
-0.00516764
-0.00527981
-0.00532632
-0.00532632
-0.00527981
-0.00516764
-0.00492781
-0.00450852
-0.00473654
-0.0048431
-0.00488728
-0.00488728
-0.0048431
-0.00473654
-0.00450852
-0.00410598
-0.00432209
-0.00442302
-0.00446486
-0.00446486
-0.00442302
-0.00432209
-0.00410597
-0.00372037
-0.00392452
-0.0040198
-0.00405929
-0.00405929
-0.0040198
-0.00392452
-0.00372037
-0.0033519
-0.00354405
-0.00363368
-0.00367081
-0.00367081
-0.00363368
-0.00354405
-0.0033519
-0.00300079
-0.00318091
-0.00326488
-0.00329966
-0.00329966
-0.00326488
-0.00318091
-0.00300079
-0.00266724
-0.00283534
-0.00291367
-0.0029461
-0.0029461
-0.00291367
-0.00283534
-0.00266724
-0.0023515
-0.0025076
-0.0025803
-0.00261038
-0.00261038
-0.0025803
-0.0025076
-0.0023515
-0.00205379
-0.00219794
-0.00226503
-0.00229277
-0.00229277
-0.00226503
-0.00219794
-0.00205379
-0.00177437
-0.00190662
-0.00196813
-0.00199354
-0.00199354
-0.00196813
-0.00190662
-0.00177436
-0.00151348
-0.00163392
-0.00168988
-0.00171299
-0.00171299
-0.00168988
-0.00163392
-0.00151348
-0.00127139
-0.00138011
-0.00143057
-0.0014514
-0.0014514
-0.00143057
-0.00138011
-0.00127138
-0.00104836
-0.00114548
-0.00119052
-0.00120909
-0.00120909
-0.00119051
-0.00114548
-0.00104836
-0.000844681
-0.00093033
-0.000970035
-0.00098642
-0.00098642
-0.000970035
-0.000930331
-0.00084468
-0.000660638
-0.000734994
-0.000769498
-0.000783765
-0.000783765
-0.000769499
-0.000734994
-0.000660636
-0.000496557
-0.000559846
-0.000589335
-0.000601588
-0.000601588
-0.000589336
-0.000559846
-0.000496555
-0.000352839
-0.000405358
-0.000430086
-0.000440461
-0.00044046
-0.000430087
-0.000405359
-0.000352837
-0.000230041
-0.000272183
-0.000292479
-0.000301138
-0.000301138
-0.00029248
-0.000272183
-0.000230041
-0.000129039
-0.000161309
-0.000177567
-0.000184675
-0.000184676
-0.000177566
-0.000161308
-0.000129044
-5.12159e-05
-7.42037e-05
-8.68226e-05
-9.25092e-05
-9.25098e-05
-8.68211e-05
-7.4202e-05
-5.12144e-05
8.01224e-07
-1.35167e-05
-2.28296e-05
-2.71448e-05
-2.71435e-05
-2.28286e-05
-1.35155e-05
8.05193e-07
2.38962e-05
1.67784e-05
1.03367e-05
7.40117e-06
7.40201e-06
1.03368e-05
1.6779e-05
2.38991e-05
1.22886e-05
1.12703e-05
8.02114e-06
6.81529e-06
6.81392e-06
8.02084e-06
1.12705e-05
1.2289e-05
-2.792e-05
-2.69339e-05
-2.57093e-05
-2.43625e-05
-2.43624e-05
-2.57115e-05
-2.69351e-05
-2.79223e-05
)
;
    }
}


// ************************************************************************* //
