/*--------------------------------*- C++ -*----------------------------------*\
| =========                 |                                                 |
| \\      /  F ield         | foam-extend: Open Source CFD                    |
|  \\    /   O peration     | Version:     4.1                                |
|   \\  /    A nd           | Web:         http://www.foam-extend.org         |
|    \\/     M anipulation  |                                                 |
\*---------------------------------------------------------------------------*/
FoamFile
{
    version     2.0;
    format      ascii;
    class       volScalarField;
    location    "0.192";
    object      muEff;
}
// * * * * * * * * * * * * * * * * * * * * * * * * * * * * * * * * * * * * * //

dimensions      [1 -1 -2 0 0 0 0];

internalField   nonuniform List<scalar> 
5120
(
4435.84
4354.59
4343.66
4332.63
4323.93
4315.4
4306.42
4297.01
4287.33
4277.51
4268.73
4260.48
4252.22
4244.02
4235.9
4227.89
4220.01
4212.24
4204.59
4197.04
4189.57
4182.19
4174.87
4167.63
4160.48
4153.44
4146.55
4139.86
4133.77
4128.71
4123.68
4118.63
4113.52
4108.3
4102.92
4098.37
4095.25
4092.64
4090.51
4088.74
4087.2
4085.74
4084.28
4082.77
4081.21
4079.64
4078.08
4076.57
4075.15
4073.84
4072.67
4071.66
4070.82
4070.18
4069.74
4069.53
4069.57
4069.87
4072.96
4073.88
4075.14
4076.78
4078.84
4081.35
4084.37
4087.95
4092.12
4096.95
4102.45
4108.61
4115.33
4122.36
4129.12
4134.49
4133.31
4131.15
4113.71
4080.02
4033.89
4001.7
4454.63
4384.99
4365.46
4347.89
4334.34
4322.56
4311.36
4300.48
4289.84
4279.42
4269.22
4259.23
4249.47
4239.95
4231.74
4223.93
4216.3
4208.86
4201.61
4194.56
4187.7
4181.03
4174.55
4168.27
4162.18
4156.27
4150.56
4145.04
4139.7
4134.55
4129.59
4124.81
4120.22
4115.81
4111.58
4107.54
4103.67
4099.98
4096.46
4093.11
4089.94
4086.93
4084.08
4081.4
4078.88
4076.53
4074.34
4072.32
4070.48
4068.8
4067.31
4068.42
4067.3
4066.38
4065.68
4065.19
4064.94
4064.94
4065.22
4065.78
4066.66
4067.88
4069.48
4071.49
4073.96
4076.93
4080.45
4084.56
4089.29
4091.92
4097.75
4103.9
4109.84
4114.55
4118.98
4113.86
4097.31
4065.6
4021.21
4006.61
4444.67
4397.05
4379.27
4359.24
4342.5
4328.2
4315.19
4303.06
4291.59
4280.64
4270.09
4259.88
4249.98
4240.36
4231.01
4221.91
4214.34
4206.99
4199.84
4192.88
4186.11
4179.53
4173.15
4166.96
4160.95
4155.12
4149.48
4144.02
4138.74
4133.64
4128.71
4123.96
4119.38
4114.96
4110.72
4106.64
4102.73
4098.99
4095.41
4091.99
4088.73
4085.64
4085.19
4082.41
4079.79
4077.33
4075.04
4072.92
4070.96
4069.18
4067.58
4066.16
4064.93
4063.9
4063.07
4062.46
4062.08
4061.94
4062.07
4062.47
4063.17
4064.21
4065.61
4067.4
4069.63
4072.35
4075.6
4079.42
4083.86
4088.91
4091.8
4097.7
4103.46
4108.07
4112.48
4107.61
4091.61
4060.9
4018.71
4012.56
4437.79
4399.05
4384.48
4364.2
4346.31
4330.89
4317.02
4304.25
4292.35
4281.05
4270.31
4259.99
4250.02
4240.35
4230.97
4223.21
4215.76
4208.5
4201.43
4194.54
4187.85
4181.34
4175.02
4168.88
4162.92
4157.14
4151.53
4146.11
4140.85
4135.77
4130.86
4126.11
4121.53
4117.12
4112.87
4108.78
4104.86
4101.09
4097.48
4094.04
4090.75
4087.62
4084.65
4081.84
4079.19
4076.7
4074.38
4072.22
4070.23
4068.41
4066.77
4065.31
4064.04
4062.96
4062.09
4061.43
4061
4060.81
4060.87
4061.21
4061.85
4062.82
4064.14
4065.86
4068.02
4070.65
4073.82
4077.57
4081.94
4086.94
4092.53
4098.5
4104.4
4109.25
4108.29
4104
4091.74
4062.83
4023.34
4004.21
4437.79
4399.05
4384.48
4364.2
4346.31
4330.89
4317.02
4304.25
4292.35
4281.05
4270.31
4259.99
4250.02
4240.35
4230.97
4221.85
4213.49
4206.18
4199.06
4192.14
4185.41
4178.87
4172.52
4166.36
4160.38
4154.59
4148.97
4143.54
4138.27
4133.19
4128.27
4123.53
4118.96
4114.55
4110.3
4106.22
4102.31
4098.55
4094.96
4091.52
4088.25
4085.13
4082.17
4079.37
4076.74
4074.26
4071.95
4069.8
4067.82
4066.01
4064.38
4062.93
4061.66
4060.59
4059.72
4059.07
4058.63
4058.44
4058.5
4058.84
4059.47
4060.42
4061.73
4063.43
4065.57
4068.18
4071.31
4075.02
4079.35
4084.31
4089.84
4095.76
4101.62
4106.42
4111.13
4106.8
4089.07
4060.44
4025.31
4003.96
4444.67
4397.05
4379.27
4359.24
4342.5
4328.2
4315.19
4303.06
4291.59
4280.64
4270.09
4259.88
4249.98
4240.36
4231.77
4224.1
4216.61
4209.31
4202.2
4195.28
4188.55
4182.01
4175.65
4169.47
4163.48
4157.67
4152.05
4146.59
4141.32
4136.22
4131.29
4126.54
4121.95
4117.54
4113.29
4109.2
4105.29
4101.53
4097.94
4094.51
4091.24
4088.14
4082.71
4079.94
4077.33
4074.88
4072.6
4070.49
4068.54
4066.77
4065.18
4063.77
4062.54
4061.52
4060.69
4060.09
4059.7
4059.56
4059.68
4060.08
4060.77
4061.8
4063.18
4064.95
4067.16
4069.85
4073.07
4076.85
4081.25
4086.25
4094.51
4100.46
4106.27
4110.93
4109.61
4104.78
4088.92
4058.48
4016.73
4013.2
4454.63
4384.99
4365.46
4347.89
4334.34
4322.56
4311.36
4300.48
4289.84
4279.42
4269.22
4259.23
4249.85
4241.79
4233.88
4226.14
4218.57
4211.18
4203.97
4196.96
4190.13
4183.49
4177.04
4170.78
4164.7
4158.81
4153.11
4147.59
4142.26
4137.11
4132.15
4127.38
4122.78
4118.37
4114.14
4110.09
4106.22
4102.52
4099
4095.64
4092.45
4089.43
4086.58
4083.88
4081.36
4079
4076.8
4074.77
4072.92
4071.24
4069.74
4066
4064.89
4063.97
4063.27
4062.78
4062.53
4062.53
4062.8
4063.35
4064.22
4065.43
4067.01
4069
4071.45
4074.39
4077.87
4081.94
4086.62
4094.63
4100.52
4106.72
4112.72
4117.47
4116.05
4110.96
4094.55
4063.13
4019.18
4006.19
4435.84
4354.59
4343.66
4332.63
4323.93
4315.4
4306.42
4297.01
4287.33
4278.61
4270.56
4262.41
4254.24
4246.1
4238.05
4230.09
4222.25
4214.52
4206.89
4199.35
4191.89
4184.49
4177.16
4169.89
4162.69
4155.61
4148.67
4141.94
4135.45
4129.24
4123.68
4118.63
4113.52
4108.3
4104.02
4100.4
4097.32
4094.78
4092.72
4091.01
4089.52
4088.12
4086.69
4085.21
4083.67
4082.11
4080.55
4079.05
4077.63
4076.32
4075.15
4074.14
4073.3
4072.65
4072.22
4072.01
4072.05
4072.36
4070.46
4071.37
4072.61
4074.24
4076.27
4078.76
4081.76
4085.3
4089.44
4094.22
4099.67
4105.78
4112.45
4119.41
4126.12
4131.45
4136.36
4128.13
4110.84
4077.45
4031.79
4002.75
4228.83
4224.9
4235.28
4227.95
4220.06
4212.3
4204.43
4200.47
4199.08
4197.23
4195.05
4192.64
4190.1
4187.49
4184.87
4182.29
4179.79
4177.37
4175.07
4175.7
4173.7
4171.84
4170.13
4168.56
4167.14
4165.87
4164.77
4163.82
4163.05
4162.44
4162.01
4161.76
4161.69
4161.82
4162.15
4162.69
4163.44
4164.42
4165.64
4167.09
4168.81
4170.8
4173.08
4175.66
4178.57
4181.81
4185.42
4189.42
4193.83
4198.68
4204.02
4209.86
4216.26
4223.26
4230.89
4239.22
4248.3
4258.18
4268.93
4280.61
4293.27
4306.99
4321.81
4337.77
4354.87
4373.07
4392.29
4412.34
4432.86
4453.34
4472.94
4490.39
4498.65
4505.25
4506.03
4484.06
4429.94
4340.07
4198.53
4029.79
4242.29
4237.95
4246.52
4235.99
4225.72
4216.51
4207.62
4199.05
4194.71
4191.94
4189.08
4186.19
4183.28
4180.39
4177.55
4174.78
4172.1
4169.52
4167.05
4164.7
4162.48
4160.39
4158.43
4156.62
4154.95
4153.43
4152.06
4150.83
4149.77
4148.87
4148.13
4147.56
4147.16
4146.94
4146.91
4147.07
4147.42
4147.99
4152
4153.03
4154.29
4155.8
4157.57
4159.63
4161.97
4164.63
4167.62
4170.97
4174.69
4178.82
4183.4
4188.44
4193.99
4200.1
4206.8
4214.15
4222.2
4231.01
4240.64
4251.16
4262.65
4275.15
4288.76
4303.5
4319.43
4336.54
4354.77
4369.4
4389.23
4409.3
4428.82
4446.56
4460.6
4467.98
4469.1
4441.9
4391.39
4304.71
4170.8
4040.96
4230.75
4248.86
4256.5
4242.02
4228.9
4218.13
4208.4
4199.39
4194.33
4190.79
4187.35
4184.01
4180.78
4177.66
4174.64
4171.72
4168.92
4166.23
4163.66
4161.22
4158.9
4156.71
4154.64
4152.72
4150.93
4149.28
4147.78
4146.42
4145.21
4144.15
4143.25
4142.51
4141.93
4141.53
4141.3
4141.26
4144.54
4144.9
4145.46
4146.25
4147.25
4148.49
4149.99
4151.74
4153.78
4156.12
4158.77
4161.76
4165.11
4168.85
4173
4177.61
4182.71
4188.33
4194.52
4201.34
4208.83
4217.05
4226.08
4235.97
4246.8
4258.64
4271.56
4285.63
4300.89
4317.37
4335.02
4353.74
4368.71
4388.53
4407.94
4425.72
4439.88
4447.3
4448.09
4420.3
4368.79
4282.25
4154.53
4036.71
4234.71
4251.97
4260.8
4244.52
4229.74
4218
4207.83
4199.2
4195.05
4191.05
4187.25
4183.64
4180.21
4179.21
4176.15
4173.22
4170.41
4167.72
4165.16
4162.72
4160.4
4158.2
4156.13
4154.2
4152.39
4150.71
4149.18
4147.78
4146.53
4145.43
4144.47
4143.68
4143.04
4142.57
4142.27
4142.14
4142.2
4142.46
4142.91
4143.58
4144.46
4145.58
4146.94
4148.55
4150.45
4152.63
4155.12
4157.94
4161.12
4164.67
4168.64
4173.04
4177.93
4183.32
4189.29
4195.86
4203.09
4211.04
4219.79
4229.39
4239.91
4251.44
4264.05
4277.81
4292.76
4308.94
4326.32
4344.8
4364.14
4383.91
4403.33
4421.15
4435.35
4442.72
4433.49
4410.22
4362.8
4272.23
4147.86
4035.31
4232.19
4251.97
4260.8
4244.52
4229.74
4218
4207.83
4200.97
4196.9
4193
4189.29
4185.77
4182.41
4176.93
4173.8
4170.8
4167.93
4165.19
4162.57
4160.08
4157.71
4155.47
4153.36
4151.39
4149.55
4147.84
4146.28
4144.85
4143.58
4142.45
4141.47
4140.66
4140
4139.51
4139.19
4139.05
4139.09
4139.33
4139.77
4140.42
4141.28
4142.38
4143.73
4145.33
4147.2
4149.36
4151.83
4154.63
4157.78
4161.31
4165.24
4169.62
4174.47
4179.83
4185.75
4192.28
4199.46
4207.37
4216.06
4225.6
4236.06
4247.53
4260.06
4273.74
4288.61
4304.7
4321.99
4340.37
4359.62
4379.29
4398.62
4416.36
4430.48
4437.83
4438.36
4414.97
4358.32
4268.26
4144.73
4033.23
4228.36
4248.86
4256.5
4242.02
4228.9
4218.13
4208.4
4199.71
4196.17
4192.73
4189.39
4186.14
4183
4179.95
4177
4174.15
4171.42
4168.79
4166.27
4163.88
4161.6
4159.45
4157.43
4155.55
4153.79
4152.17
4150.7
4149.37
4148.18
4147.15
4146.27
4145.55
4145
4144.61
4144.4
4144.38
4141.4
4141.75
4142.3
4143.06
4144.05
4145.27
4146.75
4148.48
4150.5
4152.81
4155.44
4158.41
4161.73
4165.44
4169.57
4174.15
4179.21
4184.79
4190.95
4197.72
4205.16
4213.34
4222.31
4232.14
4242.9
4254.67
4267.52
4281.51
4296.69
4313.08
4330.64
4349.27
4373.29
4393.2
4412.71
4430.57
4444.79
4452.24
4443.18
4425.11
4373.32
4278.22
4151.35
4034.62
4240.08
4237.95
4246.52
4235.99
4225.72
4216.51
4207.62
4199.12
4196.56
4193.9
4191.15
4188.34
4185.52
4182.72
4179.95
4177.25
4174.64
4172.11
4169.7
4167.4
4165.23
4163.18
4161.27
4159.5
4157.86
4156.37
4155.03
4153.84
4152.8
4151.92
4151.2
4150.65
4150.28
4150.08
4150.07
4150.24
4150.62
4151.2
4148.77
4149.78
4151.02
4152.51
4154.26
4156.29
4158.62
4161.25
4164.22
4167.54
4171.24
4175.34
4179.88
4184.89
4190.41
4196.48
4203.14
4210.44
4218.44
4227.19
4236.77
4247.23
4258.65
4271.09
4284.61
4299.28
4315.12
4332.14
4350.28
4373.99
4393.91
4414.07
4433.69
4451.51
4465.61
4473.02
4464.08
4446.81
4396.05
4300.55
4167.5
4038.82
4229.62
4224.9
4235.28
4227.95
4220.06
4212.3
4204.43
4202.22
4200.97
4199.26
4197.19
4194.88
4192.43
4189.9
4187.36
4184.86
4182.42
4180.07
4177.82
4172.9
4170.85
4168.95
4167.19
4165.58
4164.12
4162.83
4161.69
4160.71
4159.91
4159.28
4158.82
4158.55
4158.46
4158.57
4158.88
4159.39
4160.13
4161.08
4162.28
4163.72
4165.41
4167.38
4169.64
4172.2
4175.07
4178.29
4181.88
4185.84
4190.23
4195.05
4200.35
4206.16
4212.52
4219.47
4227.06
4235.34
4244.36
4254.19
4264.88
4276.49
4289.09
4302.74
4317.48
4333.35
4350.36
4368.48
4387.61
4407.55
4427.99
4448.37
4467.88
4485.26
4503.84
4510.46
4500.84
4478.98
4434.79
4344.45
4202.07
4032.03
4110.95
4117.44
4128.09
4136
4145.49
4155.34
4164.73
4173.3
4183.53
4190.37
4196.42
4201.82
4206.76
4211.36
4215.75
4220.03
4224.27
4228.53
4232.85
4237.25
4241.78
4246.43
4251.24
4256.2
4261.34
4266.66
4272.17
4277.88
4283.8
4289.95
4296.33
4302.95
4309.83
4316.97
4324.4
4332.12
4340.15
4348.51
4357.2
4366.25
4375.68
4385.49
4395.7
4406.34
4417.41
4428.95
4440.95
4453.45
4466.45
4479.96
4494.01
4508.59
4523.71
4539.37
4555.57
4572.29
4583.87
4601.5
4619.56
4637.98
4656.7
4675.62
4694.61
4713.53
4732.19
4750.37
4767.79
4784.13
4798.98
4811.83
4828.52
4835.21
4837.15
4832.55
4812.1
4790.2
4738.24
4641.69
4445.76
4060.42
4175.59
4175.77
4161.21
4155
4155.57
4158.71
4162.81
4167.28
4171.78
4176.14
4180.3
4184.28
4188.09
4191.8
4195.44
4202.26
4205.97
4209.72
4213.54
4217.46
4221.48
4225.63
4229.91
4234.34
4238.93
4243.68
4248.62
4253.74
4259.06
4264.58
4270.33
4276.3
4282.52
4288.99
4291.48
4302.76
4310.08
4317.71
4325.68
4333.99
4342.67
4351.73
4361.2
4371.08
4381.41
4392.21
4403.48
4415.27
4427.58
4440.43
4453.84
4467.84
4482.43
4497.62
4513.42
4529.83
4546.84
4564.43
4582.56
4601.21
4620.29
4633.9
4653.51
4679.19
4698.88
4718.26
4737.04
4754.87
4771.28
4785.73
4797.46
4805.47
4808.34
4803.9
4782.32
4756.52
4696.51
4586.72
4387.53
4098.73
4164.27
4219.13
4194.82
4179.17
4172.17
4169.12
4168.32
4168.99
4170.58
4172.75
4175.27
4178.02
4180.92
4183.92
4186.99
4190.15
4193.38
4199.96
4203.44
4207.02
4210.72
4214.53
4218.48
4222.57
4226.81
4231.21
4235.78
4240.53
4245.47
4250.6
4255.95
4261.51
4267.31
4273.36
4279.67
4286.25
4293.12
4300.3
4307.81
4315.65
4323.85
4332.43
4341.41
4350.81
4360.66
4370.96
4381.76
4393.06
4404.9
4417.29
4430.27
4443.84
4458.03
4472.85
4488.32
4504.45
4521.22
4538.64
4556.68
4575.3
4594.45
4614.05
4634.01
4654.17
4674.36
4694.36
4707.78
4732.51
4749.82
4765.18
4777.78
4786.52
4789.81
4785.23
4762.68
4734.37
4670.15
4555.13
4357.66
4093.38
4165.29
4238.28
4212.55
4194.06
4183.78
4177.44
4173.75
4172.07
4171.84
4172.63
4174.12
4178.88
4181.28
4183.93
4186.74
4189.71
4192.79
4195.98
4199.28
4202.69
4206.22
4209.88
4213.66
4217.58
4221.65
4225.88
4230.27
4234.84
4239.59
4244.53
4249.68
4255.04
4260.64
4266.48
4272.57
4278.94
4285.59
4292.54
4299.81
4307.42
4315.39
4323.73
4332.47
4341.63
4351.22
4361.29
4371.84
4382.9
4394.5
4406.65
4419.4
4432.75
4446.73
4461.36
4476.65
4492.61
4509.24
4526.55
4544.51
4563.09
4582.23
4601.88
4621.93
4642.24
4662.65
4682.9
4702.73
4715.63
4733.27
4748.99
4761.93
4770.94
4780.66
4775.95
4759.08
4723.39
4657.5
4541.24
4347.5
4095.09
4167.68
4241.18
4215.12
4196.48
4186.16
4179.83
4176.17
4174.55
4174.39
4175.25
4176.82
4176.1
4178.42
4180.99
4183.73
4186.62
4189.63
4192.76
4195.99
4199.34
4202.81
4206.41
4210.14
4214.01
4218.03
4222.2
4226.54
4231.06
4235.76
4240.66
4245.76
4251.08
4256.63
4262.42
4268.47
4274.79
4281.4
4288.31
4295.53
4303.1
4311.02
4319.31
4328
4337.11
4346.66
4356.67
4367.16
4378.17
4389.71
4401.81
4414.5
4427.79
4441.71
4456.27
4471.49
4487.38
4503.95
4521.18
4539.07
4557.57
4576.65
4596.22
4616.19
4636.43
4656.75
4676.94
4696.69
4721.73
4739.44
4755.21
4768.19
4777.23
4774.36
4769.67
4752.87
4717.32
4651.69
4535.9
4343.1
4092.4
4166.62
4221.81
4197.19
4181.43
4174.43
4171.42
4170.69
4171.44
4173.12
4175.37
4177.99
4180.82
4183.8
4186.88
4190.04
4193.27
4196.57
4196.7
4200.12
4203.63
4207.27
4211.03
4214.92
4218.96
4223.14
4227.49
4232.01
4236.71
4241.59
4246.68
4251.98
4257.5
4263.26
4269.26
4275.52
4282.06
4288.88
4296.02
4303.47
4311.27
4319.43
4327.96
4336.89
4346.24
4356.03
4366.29
4377.03
4388.28
4400.06
4412.4
4425.31
4438.82
4452.95
4467.71
4483.11
4499.17
4515.87
4533.22
4551.18
4569.73
4588.81
4608.34
4628.21
4648.3
4668.42
4688.35
4713.86
4726.36
4743.61
4758.92
4771.48
4780.19
4783.47
4778.92
4768.93
4728.26
4664.28
4549.74
4353.2
4090.66
4173.28
4173.65
4163.15
4156.95
4157.62
4160.88
4165.1
4169.7
4174.32
4178.79
4183.06
4187.14
4191.05
4194.84
4198.56
4199.06
4202.7
4206.38
4210.13
4213.98
4217.94
4222.03
4226.25
4230.63
4235.16
4239.87
4244.75
4249.82
4255.09
4260.56
4266.26
4272.19
4278.36
4284.78
4295.73
4298.46
4305.73
4313.32
4321.24
4329.5
4338.13
4347.15
4356.56
4366.4
4376.67
4387.41
4398.64
4410.37
4422.62
4435.41
4448.77
4462.7
4477.23
4492.36
4508.09
4524.43
4541.37
4558.89
4576.96
4595.53
4614.54
4639.73
4659.41
4673.22
4692.84
4712.16
4730.87
4748.63
4765
4779.39
4791.09
4799.08
4801.94
4797.52
4788.64
4750.32
4690.54
4581.19
4382.92
4095.93
4110.95
4116.33
4129.47
4137.62
4147.35
4157.42
4167.01
4175.76
4180.92
4187.63
4193.54
4198.84
4203.67
4208.18
4212.49
4216.69
4220.85
4225.04
4229.29
4233.63
4238.09
4242.68
4247.43
4252.33
4257.41
4262.68
4268.13
4273.79
4279.67
4285.76
4292.09
4298.66
4305.49
4312.59
4319.97
4327.64
4335.62
4343.93
4352.58
4361.58
4370.95
4380.71
4390.87
4401.46
4412.48
4423.96
4435.91
4448.35
4461.29
4474.75
4488.73
4503.25
4518.31
4533.91
4550.05
4566.71
4589.52
4607.22
4625.35
4643.84
4662.63
4681.62
4700.68
4719.66
4738.39
4756.63
4774.11
4790.5
4805.4
4818.29
4822.03
4828.71
4830.65
4826.06
4818.53
4783.87
4732.11
4635.93
4450.68
4062.54
4107.1
4103
4237.46
4304.1
4354.67
4397.22
4439.84
4473.82
4503.63
4529.56
4552.15
4566.54
4584.19
4600.25
4615.14
4629.18
4642.61
4655.59
4668.23
4680.62
4692.79
4704.79
4716.61
4728.28
4739.79
4751.14
4762.33
4773.36
4784.22
4794.91
4805.42
4815.75
4825.89
4835.84
4845.6
4855.16
4864.51
4873.65
4882.58
4891.28
4899.76
4908.01
4916.02
4923.79
4931.31
4938.57
4945.58
4952.33
4958.8
4965
4970.92
4976.56
4981.91
4986.96
4991.72
4996.19
5000.35
5004.21
5007.76
5011
5013.94
5016.56
5018.87
5020.86
5022.52
5023.85
5024.82
5025.4
5025.53
5025.1
5023.94
5021.73
5017.93
5018.62
5007.75
4988.77
4953.88
4882.88
4707.89
4266.78
4052.72
4363.16
4385.9
4397.02
4413.5
4429.6
4447.14
4465.99
4485.03
4508.68
4526.35
4542.99
4558.66
4573.5
4587.65
4601.27
4614.46
4627.33
4639.94
4652.35
4664.58
4676.67
4688.62
4700.44
4712.13
4723.7
4735.14
4746.45
4757.63
4768.67
4779.57
4790.33
4800.94
4811.39
4821.69
4825.16
4835.09
4844.84
4854.41
4863.79
4872.97
4881.95
4890.72
4899.27
4907.6
4915.7
4923.55
4931.16
4938.51
4945.59
4952.4
4958.93
4972.22
4971.11
4976.75
4982.07
4987.08
4991.76
4996.11
5000.12
5003.78
5007.09
5010.04
5012.61
5014.8
5016.58
5017.91
5018.76
5019.04
5018.61
5017.26
5014.6
5009.98
5009.22
4995.87
4972.37
4928.9
4840.72
4625.1
4558.83
4143.05
4596.74
4552.63
4510.42
4488.64
4477.58
4475.39
4479.86
4488.54
4504.81
4517.31
4530.39
4543.64
4556.83
4569.88
4582.73
4595.4
4607.89
4620.23
4632.43
4644.5
4656.45
4668.3
4680.05
4691.69
4703.23
4714.67
4726
4737.23
4748.34
4759.35
4770.23
4781
4791.63
4802.14
4812.51
4822.73
4832.81
4842.72
4852.48
4855.32
4864.7
4873.89
4882.88
4891.67
4900.25
4908.6
4916.72
4924.6
4932.23
4939.59
4946.68
4953.49
4967.03
4966.21
4972.1
4977.67
4982.9
4987.79
4992.33
4996.49
5000.28
5003.68
5006.68
5009.25
5011.37
5012.99
5014.07
5014.5
5014.13
5012.72
5009.83
5004.7
5003.01
4988.01
4961.59
4912.95
4816.03
4594.5
4376.58
4246.83
4697.03
4634.61
4574.88
4535.93
4510.35
4501.75
4497.56
4499.91
4506.49
4515.72
4526.52
4538.18
4550.28
4562.56
4574.89
4587.18
4599.4
4611.53
4623.56
4635.5
4647.35
4659.11
4670.77
4682.35
4693.83
4705.23
4716.53
4727.74
4738.86
4749.87
4760.78
4771.59
4782.28
4792.85
4803.3
4813.62
4823.8
4833.84
4843.74
4853.47
4863.04
4865.67
4874.86
4883.85
4892.64
4901.22
4909.58
4917.7
4925.58
4933.2
4940.55
4947.63
4954.41
4960.89
4967.06
4972.9
4978.41
4983.56
4988.36
4992.78
4996.81
5000.45
5003.66
5006.43
5008.73
5010.51
5011.72
5012.24
5011.93
5010.51
5007.53
5009.25
5000.06
4984.3
4956.58
4905.89
4806.78
4596.98
4147.89
4250.28
4702.89
4640.23
4580.26
4541.14
4515.47
4496.68
4492.49
4494.81
4501.34
4510.51
4521.24
4532.83
4544.86
4557.08
4569.34
4581.56
4593.72
4605.79
4617.76
4629.65
4641.44
4653.14
4664.75
4676.28
4687.71
4699.06
4710.32
4721.49
4732.56
4743.53
4754.4
4765.16
4775.81
4786.34
4796.76
4807.04
4817.19
4827.2
4837.06
4846.77
4856.31
4872.44
4881.65
4890.67
4899.48
4908.09
4916.47
4924.61
4932.51
4940.15
4947.53
4954.62
4961.42
4967.92
4974.1
4979.96
4985.47
4990.64
4995.44
4999.87
5003.91
5007.55
5010.77
5013.54
5015.84
5017.63
5018.83
5019.35
5019.04
5017.61
5014.61
5002.19
4993.03
4977.32
4949.69
4899.17
4800.41
4591.42
4151.3
4140.32
4602.22
4557.91
4515.52
4493.65
4482.55
4480.35
4484.87
4493.61
4499.67
4512.09
4525.09
4538.27
4551.39
4564.36
4577.15
4589.75
4602.17
4614.45
4626.59
4638.6
4650.5
4662.29
4673.98
4685.58
4697.07
4708.46
4719.74
4730.93
4742
4752.96
4763.81
4774.53
4785.13
4795.6
4805.93
4816.12
4826.16
4836.05
4845.77
4862.06
4871.47
4880.68
4889.7
4898.52
4907.12
4915.5
4923.64
4931.54
4939.19
4946.57
4953.68
4960.5
4960
4973.25
4979.16
4984.74
4989.98
4994.88
4999.42
5003.6
5007.4
5010.8
5013.8
5016.37
5018.49
5020.12
5021.19
5021.62
5021.24
5019.82
5016.92
5011.77
4995.97
4981.02
4954.69
4906.21
4809.62
4600.1
4372.59
4052.72
4358.72
4390.4
4401.55
4418.12
4434.31
4451.96
4470.93
4490.08
4503.52
4521.08
4537.63
4553.21
4567.97
4582.05
4595.59
4608.72
4621.52
4634.07
4646.42
4658.59
4670.62
4682.52
4694.29
4705.93
4717.45
4728.84
4740.11
4751.24
4762.24
4773.11
4783.82
4794.39
4804.81
4815.07
4831.82
4841.78
4851.56
4861.16
4870.56
4879.78
4888.78
4897.58
4906.16
4914.51
4922.63
4930.5
4938.13
4945.5
4952.6
4959.43
4965.97
4965.17
4978.18
4983.83
4989.17
4994.19
4998.88
5003.23
5007.25
5010.92
5014.23
5017.18
5019.76
5021.94
5023.72
5025.06
5025.9
5026.17
5025.74
5024.38
5021.71
5017.06
5002.16
4988.85
4965.44
4922.11
4834.22
4630.82
4554.14
4107.1
4100.66
4240.9
4307.99
4358.9
4401.72
4435.11
4468.88
4498.52
4524.31
4546.78
4572.02
4589.77
4605.92
4620.89
4635
4648.5
4661.54
4674.25
4686.7
4698.93
4710.98
4722.85
4734.57
4746.13
4757.53
4768.77
4779.84
4790.74
4801.47
4812.02
4822.38
4832.56
4842.55
4852.34
4861.93
4871.31
4880.48
4889.44
4898.17
4906.67
4914.94
4922.98
4930.77
4938.31
4945.59
4952.62
4959.38
4965.87
4972.08
4978.01
4983.66
4989.02
4994.09
4998.86
5003.33
5007.5
5011.36
5014.92
5018.17
5021.11
5023.73
5026.04
5028.03
5029.7
5031.02
5031.99
5032.57
5032.69
5032.25
5031.08
5028.86
5025.04
5011.54
5000.7
4981.78
4947.01
4876.24
4701.89
4262.83
4095.91
3980.91
4094.21
4193.76
4268.93
4317.11
4342.12
4312.68
4397.95
4401.66
4403.96
4406.49
4409.22
4412.22
4415.53
4419.17
4423.12
4427.36
4436.83
4441.61
4446.63
4451.89
4457.39
4463.13
4469.12
4475.36
4481.86
4488.61
4495.64
4502.93
4510.49
4518.33
4526.45
4534.85
4543.52
4552.47
4561.7
4571.2
4580.97
4591.01
4601.31
4611.87
4622.68
4633.74
4645.03
4656.56
4668.3
4680.26
4692.41
4704.75
4717.27
4729.94
4742.77
4755.73
4768.81
4781.99
4795.25
4808.59
4821.98
4835.41
4848.87
4862.33
4875.79
4889.23
4902.64
4916.01
4929.35
4942.65
4955.92
4969.16
4982.4
4995.64
5008.84
5021.82
5033.93
5043.22
5043.84
5017.97
4899.05
4368.98
4133.33
4116.28
4035.28
4107.24
4188.64
4257.59
4305.2
4334.17
4350.45
4356.88
4345.65
4161.27
4256.63
4328.18
4350.58
4362.2
4370.34
4377.11
4383.31
4389.31
4395.28
4401.34
4407.53
4413.9
4420.47
4427.28
4434.33
4441.63
4449.21
4457.05
4465.18
4478.72
4487.46
4496.5
4505.84
4515.47
4525.4
4535.64
4546.16
4556.99
4568.1
4579.5
4591.18
4603.14
4615.36
4627.85
4640.59
4653.56
4666.77
4680.19
4693.82
4707.64
4721.63
4735.79
4750.08
4764.5
4779.03
4793.64
4808.33
4823.06
4837.82
4852.6
4867.37
4882.11
4896.81
4911.46
4926.04
4940.54
4954.94
4969.24
4976.47
4990.39
5003.96
5016.82
5027.97
5034.81
5029.98
4990.42
4816.67
4108.63
4130.89
4331.76
4245.14
4127.77
4107.96
4239.63
4302.4
4323.62
4329.68
4330.67
4334.03
4330.45
4318.54
4263.38
4090.91
4277.34
4322.21
4338.83
4348.68
4356.36
4363.25
4369.89
4376.51
4383.24
4390.13
4397.25
4404.6
4412.21
4420.1
4428.27
4436.73
4445.5
4454.58
4469.02
4478.76
4488.82
4499.2
4509.9
4520.91
4532.25
4543.9
4555.86
4568.12
4580.69
4593.55
4606.7
4620.12
4633.82
4647.76
4661.96
4676.38
4691.01
4705.85
4720.87
4736.05
4751.38
4766.83
4782.39
4798.04
4813.74
4829.49
4845.26
4861.03
4876.77
4892.47
4908.11
4923.66
4939.11
4954.43
4969.59
4984.54
4999.18
5006.28
5019.35
5030.25
5035.95
5028.15
4981.34
4798.42
4272.13
4097.12
4469.39
4416.51
4356.34
4180.33
4288.4
4331.15
4328.51
4323.25
4319.41
4321.71
4321.07
4321.31
4321.08
4311.63
4087.42
4315.92
4330.95
4338.06
4344.1
4350.02
4356.07
4362.32
4373.44
4380.25
4387.33
4394.7
4402.37
4410.35
4418.64
4427.24
4436.16
4445.41
4454.98
4464.89
4475.13
4485.7
4496.61
4507.84
4519.41
4531.31
4543.54
4556.09
4568.95
4582.13
4595.6
4609.37
4623.42
4637.74
4652.32
4667.15
4682.21
4697.48
4712.95
4728.6
4744.4
4760.35
4776.41
4792.57
4808.8
4825.08
4841.38
4857.69
4873.99
4890.24
4906.42
4922.53
4938.52
4954.38
4970.06
4985.5
5000.6
5015.12
5028.54
5039.64
5045.25
5036.94
4990.07
4819.63
4353.11
4099.54
4464.38
4411.69
4351.76
4184.16
4292.71
4335.62
4332.95
4327.66
4323.8
4317.34
4316.7
4316.94
4316.71
4307.3
4090.68
4320.29
4335.38
4342.53
4348.6
4354.55
4360.62
4366.91
4368.83
4375.6
4382.65
4389.99
4397.63
4405.57
4413.82
4422.38
4431.26
4440.47
4450
4459.87
4470.06
4480.59
4491.45
4502.64
4514.16
4526.02
4538.19
4550.69
4563.5
4576.62
4590.05
4603.76
4617.76
4632.03
4646.55
4661.33
4676.33
4691.54
4706.96
4722.55
4738.3
4754.18
4770.19
4786.29
4802.46
4818.68
4834.94
4851.19
4867.43
4883.62
4899.76
4915.81
4931.75
4947.55
4963.18
4978.57
4993.62
5008.09
5021.47
5032.52
5038.11
5029.83
4983.09
4826.07
4348.66
4130.89
4336.15
4249.19
4131.28
4111.44
4243.71
4306.74
4328.04
4334.13
4335.12
4329.58
4326.02
4314.16
4259.24
4087.62
4281.56
4326.63
4343.33
4353.22
4360.93
4367.85
4374.52
4381.18
4387.93
4394.86
4402.01
4409.39
4417.04
4424.96
4433.17
4441.67
4450.48
4459.59
4463.96
4473.67
4483.68
4494.02
4504.67
4515.64
4526.93
4538.54
4550.45
4562.67
4575.18
4588
4601.09
4614.47
4628.11
4642
4656.14
4670.51
4685.09
4699.87
4714.84
4729.97
4745.24
4760.64
4776.15
4791.73
4807.39
4823.08
4838.8
4854.51
4870.2
4885.85
4901.43
4916.93
4932.33
4947.6
4962.71
4977.62
4992.21
5013.3
5026.42
5037.36
5043.08
5035.26
4988.31
4804.81
4267.81
4133.33
4116.28
4035.28
4110.59
4192.42
4261.72
4309.55
4338.65
4355.01
4361.47
4341.13
4157.57
4260.8
4332.66
4355.15
4366.83
4375
4381.8
4388.04
4394.06
4400.06
4406.14
4412.36
4418.76
4425.36
4432.2
4439.28
4446.62
4454.22
4462.1
4470.27
4473.6
4482.31
4491.31
4500.61
4510.2
4520.1
4530.29
4540.77
4551.55
4562.62
4573.98
4585.62
4597.53
4609.71
4622.14
4634.83
4647.76
4660.92
4674.3
4687.88
4701.65
4715.59
4729.69
4743.94
4758.31
4772.78
4787.35
4801.98
4816.66
4831.38
4846.1
4860.82
4875.52
4890.17
4904.77
4919.3
4933.75
4948.11
4962.36
4983.4
4997.36
5010.98
5023.88
5035.07
5041.93
5037.1
4997.42
4823.13
4104.59
4098.78
3980.91
4097.03
4197.36
4273.02
4321.49
4346.64
4317.11
4402.74
4406.48
4408.79
4411.34
4414.08
4417.1
4420.43
4424.09
4428.05
4432.31
4431.86
4436.62
4441.61
4446.85
4452.33
4458.04
4464.01
4470.22
4476.69
4483.42
4490.41
4497.67
4505.21
4513.02
4521.1
4529.47
4538.11
4547.02
4556.21
4565.68
4575.41
4585.41
4595.67
4606.19
4616.97
4627.98
4639.24
4650.72
4662.42
4674.33
4686.44
4698.74
4711.21
4723.85
4736.63
4749.55
4762.58
4775.71
4788.94
4802.23
4815.58
4828.96
4842.37
4855.79
4869.2
4882.6
4895.97
4909.3
4922.6
4935.85
4949.08
4962.28
4975.48
4988.67
5001.83
5014.77
5026.84
5036.09
5036.7
5010.91
4892.37
4364.21
3968.83
3931.13
3919.51
3922.9
3934.48
3943.07
3948.87
3954.37
3956.79
3958.43
3959.66
3958.86
3959.85
3960.83
3961.85
3962.9
3963.97
3965.04
3966.06
3966.9
3967.24
3966.17
3960.88
3959.2
3972.31
3977.95
3981.42
3984.25
3986.91
3989.59
3992.36
3995.28
3998.37
4001.66
4005.18
4008.94
4012.97
4017.29
4021.93
4026.92
4032.29
4038.07
4044.3
4051.02
4055.8
4063.56
4071.95
4081.02
4090.82
4101.43
4112.9
4125.32
4138.77
4153.33
4169.08
4186.14
4204.6
4224.56
4246.13
4273.29
4294.53
4321.57
4354.92
4386.2
4419.62
4455.2
4492.93
4532.74
4574.54
4618.18
4663.53
4710.46
4759
4809.47
4862.66
4919.75
4980.54
5034.28
5009.52
4567.54
4089.83
3957.6
3921.93
3922.9
3933.45
3938.8
3941.67
3943.4
3946.28
3947.26
3946.47
3947.38
3948.33
3949.33
3950.37
3951.47
3952.6
3953.78
3955
3956.24
3957.51
3958.79
3960.06
3961.28
3962.36
3963.15
3963.32
3962.31
3961.07
3966.61
3974.02
3978.64
3982.46
3985.97
3989.41
3992.93
3996.62
4000.52
4004.68
4009.13
4013.91
4019.06
4024.62
4030.62
4037.11
4044.13
4051.74
4060
4068.96
4078.7
4089.29
4100.8
4113.34
4126.98
4141.85
4158.04
4175.69
4194.91
4215.85
4238.64
4263.43
4286.41
4315.45
4346.9
4380.85
4417.4
4456.6
4498.44
4542.88
4589.78
4638.99
4690.29
4743.49
4798.5
4855.38
4913.98
4971.87
5012.91
4916.5
4547.83
4041.48
4005.25
3945.68
3925.81
3939.23
3941.12
3940.86
3940.52
3942.09
3940.68
3941.18
3941.86
3942.7
3943.64
3944.66
3945.75
3946.89
3948.08
3949.31
3950.58
3951.89
3953.24
3954.63
3956.05
3957.51
3958.98
3960.43
3961.79
3962.91
3963.44
3962.84
3965.31
3972
3976.52
3980.32
3983.86
3987.38
3991.03
3994.88
3998.98
4003.38
4008.11
4013.22
4018.74
4024.72
4031.21
4038.25
4045.92
4054.26
4063.35
4073.26
4084.08
4095.9
4108.82
4122.96
4138.43
4155.36
4173.9
4194.2
4216.43
4240.74
4267.33
4292.39
4323.86
4358.09
4395.23
4435.38
4478.58
4524.82
4574.02
4625.98
4680.44
4737.07
4795.56
4855.64
4916.8
4976.14
5015.29
4892
4625.92
4041.18
4028.04
3974.32
3924.56
3947.98
3944.56
3941.71
3940
3940.8
3938.97
3939.21
3939.76
3940.52
3941.42
3942.42
3943.5
3944.64
3945.83
3947.06
3948.33
3949.65
3951.02
3952.44
3953.91
3955.43
3957.03
3958.68
3960.41
3962.18
3963.96
3965.52
3965.64
3968.27
3974.11
3977.53
3980.63
3983.81
3987.17
3990.77
3994.64
3998.81
4003.31
4008.18
4013.45
4019.18
4025.4
4032.16
4039.53
4047.57
4056.33
4065.91
4076.38
4085.24
4097.7
4111.37
4126.35
4142.8
4160.87
4180.7
4202.48
4226.39
4252.62
4285.27
4312.82
4351.43
4389.03
4429.84
4473.94
4521.33
4571.95
4625.61
4682.03
4740.83
4801.65
4864.2
4921.4
4984.15
5031.14
4971.68
4636.54
4039.06
4025.78
3972.43
3925.96
3949.74
3946.29
3943.41
3941.67
3939.17
3940.58
3940.8
3941.34
3942.09
3942.98
3943.98
3945.05
3946.19
3947.38
3948.61
3949.88
3951.2
3952.57
3953.98
3955.46
3956.99
3958.58
3960.24
3961.97
3963.75
3965.53
3967.06
3967.05
3966.95
3972.54
3975.88
3978.95
3982.1
3985.43
3989
3992.83
3996.96
4001.42
4006.25
4011.48
4017.15
4023.31
4030.02
4037.32
4045.29
4053.98
4063.48
4073.87
4087.85
4100.41
4114.17
4129.27
4145.84
4164.02
4183.99
4205.91
4229.97
4256.36
4281.36
4316.89
4347.17
4384.58
4425.19
4469.07
4516.25
4566.65
4620.08
4676.27
4734.84
4795.43
4857.74
4928.09
4991.06
5038.24
4978.63
4630.83
4043.79
4007.32
3947.18
3927.25
3940.86
3942.79
3942.53
3942.17
3940.45
3942.32
3942.8
3943.48
3944.3
3945.24
3946.26
3947.35
3948.49
3949.67
3950.9
3952.17
3953.48
3954.82
3956.21
3957.64
3959.09
3960.56
3962
3963.35
3964.43
3964.89
3964.15
3966.53
3970.56
3974.95
3978.67
3982.15
3985.63
3989.24
3993.05
3997.12
4001.47
4006.16
4011.22
4016.7
4022.63
4029.06
4036.04
4043.64
4051.91
4060.93
4070.76
4081.49
4093.22
4106.05
4120.08
4135.44
4152.25
4170.67
4190.84
4212.93
4237.09
4263.52
4292.39
4328
4362.42
4399.74
4440.08
4483.49
4529.95
4579.36
4631.54
4686.22
4743.07
4801.79
4862.09
4923.48
4983.03
5022.34
4898.74
4620.19
4089.83
3957.6
3921.93
3924.24
3934.96
3940.4
3943.32
3945.08
3944.59
3947.26
3948.16
3949.07
3950.02
3951.02
3952.06
3953.15
3954.29
3955.47
3956.68
3957.92
3959.19
3960.46
3961.73
3962.94
3964.01
3964.76
3964.88
3963.76
3961.07
3968.03
3972.43
3976.96
3980.71
3984.17
3987.58
3991.07
3994.72
3998.58
4002.71
4007.12
4011.86
4016.97
4022.48
4028.43
4034.86
4041.83
4049.38
4057.57
4066.46
4076.13
4086.63
4098.06
4110.5
4124.05
4138.81
4154.9
4172.43
4191.53
4212.34
4234.99
4259.63
4286.41
4319.56
4351.17
4385.3
4422.03
4461.42
4503.45
4548.08
4595.19
4644.6
4696.11
4749.52
4804.75
4861.83
4920.64
4978.75
5019.94
4923.3
4542.23
3968.83
3930.72
3919.51
3924.05
3935.89
3944.66
3950.57
3952.6
3954.99
3956.6
3959.66
3960.71
3961.7
3962.69
3963.71
3964.76
3965.83
3966.9
3967.91
3968.74
3969.06
3967.92
3962.46
3960.67
3970.57
3976.11
3979.53
3982.33
3984.97
3987.63
3990.39
3993.28
3996.35
3999.62
4003.11
4006.84
4010.84
4015.13
4019.74
4024.69
4030.02
4035.75
4041.94
4048.6
4058.27
4066.1
4074.55
4083.68
4093.56
4104.24
4115.8
4128.3
4141.84
4156.49
4172.36
4189.52
4208.09
4228.17
4249.87
4269.42
4298.55
4325.73
4350.61
4381.74
4414.99
4450.41
4487.96
4527.59
4569.21
4612.67
4657.83
4704.57
4752.93
4803.21
4856.21
4913.09
4973.66
5027.21
5016.57
4561.85
3930.46
3883.39
3881.64
3886.78
3888.74
3889.77
3891
3892.42
3894.14
3896.09
3898.2
3900.44
3902.78
3905.2
3907.66
3910.17
3912.71
3915.27
3917.84
3920.42
3923
3925.57
3928.14
3930.68
3933.21
3935.7
3938.15
3940.54
3942.86
3945.07
3947.15
3949.03
3950.65
3951.88
3952.55
3952.42
3951.24
3948.88
3946.8
3953.92
3960.32
3965.68
3970.06
3973.67
3976.7
3979.3
3981.56
3983.55
3985.3
3986.84
3988.15
3989.25
3990.12
3990.75
3991.1
3991.15
3990.86
3990.18
3989.04
3988.27
3996.47
4005.98
4017.08
4030.08
4045.37
4063.43
4084.82
4110.21
4140.42
4176.36
4219.08
4269.74
4325.5
4395.49
4477.65
4574.86
4693.31
4850.44
5015.09
4935.08
4001.57
3894.13
3879.13
3881.48
3885.23
3888.07
3890.5
3892.79
3895
3897.19
3899.4
3901.66
3903.97
3906.33
3908.73
3911.17
3913.63
3916.11
3918.61
3921.12
3923.64
3926.15
3928.65
3931.15
3933.63
3936.08
3938.5
3940.88
3943.21
3945.49
3947.69
3949.8
3951.8
3953.67
3955.37
3956.86
3958.1
3959.03
3959.57
3959.67
3959.28
3958.37
3957.36
3955.34
3960.33
3965.43
3970.14
3974.38
3978.11
3981.34
3984.11
3986.45
3988.41
3990
3991.23
3992.11
3992.61
3992.72
3992.38
3991.55
3990.14
3993
4002.29
4013.34
4026.56
4042.43
4061.57
4084.73
4112.86
4147.1
4188.83
4239.63
4297.33
4371.12
4459.09
4562.63
4682.85
4813.73
4737.27
4937.9
4005.71
3920.75
3886.03
3877.7
3880.83
3885.55
3889.31
3892.4
3894.98
3897.43
3899.79
3902.13
3904.47
3906.84
3909.25
3911.68
3914.14
3916.63
3919.13
3921.65
3924.18
3926.71
3929.25
3931.78
3934.3
3936.81
3939.31
3941.77
3944.21
3946.61
3948.96
3951.25
3953.47
3955.61
3957.63
3959.53
3961.25
3962.76
3964
3964.88
3965.32
3965.2
3964.44
3963
3960.94
3958.69
3964.56
3970.08
3975.01
3979.27
3982.88
3985.9
3988.4
3990.45
3992.08
3993.32
3994.17
3994.62
3994.64
3994.19
3993.19
3991.57
3994.11
4004.09
4016.13
4030.73
4048.52
4070.31
4097.09
4130.15
4171.02
4221.54
4279.92
4355.39
4446.21
4553.22
4675.49
4790.6
4245.88
4958.13
4040.7
3937.62
3893.87
3879.08
3877.48
3883.71
3888.22
3891.76
3894.69
3897.31
3899.77
3902.13
3904.52
3906.91
3909.34
3911.8
3914.28
3916.79
3919.32
3921.87
3924.44
3927.01
3929.6
3932.18
3934.77
3937.36
3939.93
3942.5
3945.06
3947.6
3950.12
3952.61
3955.08
3957.5
3959.89
3962.23
3964.5
3966.68
3968.76
3970.68
3972.37
3973.66
3974.26
3973.5
3970.14
3962.88
3966.84
3976.75
3983.05
3987.11
3989.97
3992.14
3993.86
3995.25
3996.34
3997.14
3997.66
3997.85
3997.69
3997.11
3996.03
3994.38
3992.02
3999.12
4010.84
4025.07
4042.45
4063.83
4090.25
4123.05
4163.87
4214.71
4277.78
4351.17
4444.85
4556.61
4688.15
4831.72
4955.23
4940.57
4038.41
3936.47
3893.04
3879.87
3877.48
3883.71
3888.22
3891.76
3894.69
3897.31
3899.77
3902.13
3904.52
3906.91
3909.34
3911.8
3914.28
3916.79
3919.32
3921.87
3924.44
3927.01
3929.6
3932.18
3934.77
3937.36
3939.93
3942.5
3945.06
3947.6
3950.12
3952.61
3955.08
3957.5
3959.89
3962.23
3964.5
3966.68
3968.76
3970.68
3972.37
3973.66
3974.26
3973.5
3970.14
3962.88
3966.84
3976.75
3983.05
3987.11
3989.97
3992.14
3993.86
3995.25
3996.34
3997.14
3997.66
3997.85
3997.69
3997.11
3996.03
3994.38
3992.02
3997.67
4009.23
4023.29
4040.48
4061.64
4087.82
4120.34
4160.85
4211.33
4274.01
4355.38
4449.54
4561.83
4693.94
4838.08
4948.39
4933.76
4003.5
3919.68
3886.03
3877.7
3880.83
3885.55
3889.31
3892.4
3894.98
3897.43
3899.79
3902.13
3904.47
3906.84
3909.25
3911.68
3914.14
3916.63
3919.13
3921.65
3924.18
3926.71
3929.25
3931.78
3934.3
3936.81
3939.31
3941.77
3944.21
3946.61
3948.96
3951.25
3953.47
3955.61
3957.63
3959.53
3961.25
3962.76
3964
3964.88
3965.32
3965.2
3964.44
3963
3960.94
3958.82
3964.56
3970.08
3975.01
3979.27
3982.88
3985.9
3988.4
3990.45
3992.08
3993.32
3994.17
3994.62
3994.64
3994.19
3993.19
3991.57
3992.74
4002.58
4014.47
4028.9
4046.5
4068.06
4094.61
4127.39
4167.95
4218.12
4279.92
4359.63
4450.92
4558.44
4681.24
4796.84
4240.98
4951.25
4004.1
3895.12
3878.6
3881.48
3885.23
3888.07
3890.5
3892.79
3895
3897.19
3899.4
3901.66
3903.97
3906.33
3908.73
3911.17
3913.63
3916.11
3918.61
3921.12
3923.64
3926.15
3928.65
3931.15
3933.63
3936.08
3938.5
3940.88
3943.21
3945.49
3947.69
3949.8
3951.8
3953.67
3955.37
3956.86
3958.1
3959.03
3959.57
3959.67
3959.28
3958.37
3957.36
3955.72
3960.33
3965.43
3970.14
3974.38
3978.11
3981.34
3984.11
3986.45
3988.41
3990
3991.23
3992.11
3992.61
3992.72
3992.38
3991.55
3990.14
3991.61
4000.78
4011.7
4024.76
4040.45
4059.4
4082.34
4110.23
4144.2
4185.63
4236.09
4297.33
4375.45
4463.86
4567.88
4688.62
4820.03
4731.01
4931.05
3930.46
3883.39
3881.64
3886.78
3888.74
3889.77
3891
3892.42
3894.14
3896.09
3898.2
3900.44
3902.78
3905.2
3907.66
3910.17
3912.71
3915.27
3917.84
3920.42
3923
3925.57
3928.14
3930.68
3933.21
3935.7
3938.15
3940.54
3942.86
3945.07
3947.15
3949.03
3950.65
3951.88
3952.55
3952.42
3951.24
3948.88
3946.8
3953.92
3960.32
3965.68
3970.06
3973.67
3976.7
3979.3
3981.56
3983.55
3985.3
3986.84
3988.15
3989.25
3990.12
3990.75
3991.1
3991.15
3990.86
3990.18
3989.04
3987.39
3994.97
4004.36
4015.33
4028.19
4043.33
4061.21
4082.4
4107.58
4137.55
4173.23
4215.66
4266.01
4329.58
4399.94
4482.51
4580.16
4699.11
4844.05
5008.1
4928.29
3877.46
3856.45
3855.07
3857.54
3859.05
3860.17
3861.37
3862.66
3864
3865.22
3866.08
3867.15
3870.21
3873.18
3875.94
3878.61
3881.26
3883.93
3886.63
3889.36
3892.13
3894.94
3897.77
3900.64
3903.53
3906.45
3909.39
3912.35
3915.32
3918.3
3921.29
3924.29
3927.28
3930.27
3933.26
3936.23
3939.2
3942.15
3945.08
3947.99
3950.88
3953.75
3956.59
3959.4
3962.18
3964.92
3967.64
3970.31
3972.95
3975.54
3978.1
3980.61
3983.08
3985.51
3987.89
3990.22
3992.51
3994.75
3996.94
3999.08
4001.16
4003.19
4005.16
4007.06
4008.89
4010.61
4012.22
4013.66
4014.87
4015.75
4016.1
4015.6
4013.67
4009.21
4000.02
4036.87
4118.16
4295.51
4742.26
3880.96
3877.89
3858.52
3851.46
3853.59
3857.04
3859.67
3861.75
3863.57
3865.32
3867.09
3868.9
3870.74
3872.59
3874.39
3876.07
3877.54
3878.79
3880.73
3884.53
3888.15
3891.57
3894.82
3897.95
3901.02
3904.05
3907.06
3910.06
3913.06
3916.05
3919.04
3922.03
3925.02
3928
3930.98
3933.94
3936.9
3939.84
3942.76
3945.67
3948.56
3951.42
3954.25
3957.06
3959.84
3962.59
3965.31
3967.99
3970.64
3973.25
3975.82
3978.35
3980.85
3983.3
3985.71
3988.08
3990.41
3992.69
3994.93
3997.14
3999.29
4001.41
4003.48
4005.5
4007.47
4009.38
4011.21
4012.95
4014.54
4015.93
4016.98
4017.48
4017.06
4015.01
4010
3999.46
4040.53
4130.97
4329.73
4788.59
5020.03
3950.26
3891.62
3865.16
3856.3
3853.64
3858.14
3861.43
3863.97
3866.05
3868.08
3870.07
3872.09
3874.17
3876.3
3878.49
3880.71
3882.95
3885.17
3887.29
3889.22
3890.8
3891.87
3893.67
3898.32
3902.55
3906.32
3909.76
3913.01
3916.15
3919.22
3922.25
3925.26
3928.24
3931.21
3934.16
3937.09
3940.01
3942.91
3945.79
3948.64
3951.48
3954.28
3957.06
3959.81
3962.53
3965.21
3967.86
3970.48
3973.06
3975.59
3978.09
3980.55
3982.97
3985.35
3987.69
3989.99
3992.24
3994.45
3996.62
3998.75
4000.84
4002.89
4004.89
4006.84
4008.73
4010.55
4012.27
4013.85
4015.22
4016.24
4016.67
4016.09
4013.69
4008.06
3997.07
4035.63
4103.78
4232.2
4713.46
4905.37
3986.15
3908.66
3873.55
3860.12
3853.32
3856.83
3860.83
3863.82
3866.26
3868.45
3870.55
3872.61
3874.74
3876.94
3879.21
3881.54
3883.94
3886.41
3888.92
3891.48
3894.05
3896.61
3899.07
3901.12
3901.6
3903.25
3909.36
3913.2
3916.42
3919.46
3922.44
3925.39
3928.33
3931.25
3934.16
3937.06
3939.95
3942.81
3945.66
3948.49
3951.3
3954.08
3956.84
3959.56
3962.25
3964.91
3967.54
3970.13
3972.68
3975.19
3977.67
3980.1
3982.49
3984.84
3987.15
3989.42
3991.64
3993.82
3995.96
3998.06
4000.12
4002.14
4004.11
4006.04
4007.92
4009.74
4011.49
4013.14
4014.64
4015.89
4016.73
4016.81
4015.45
4011.21
4001.23
4018.32
4062.47
4262.24
4384.73
4886.46
3984.91
3908.23
3873.26
3860.49
3853.77
3856.83
3860.83
3863.82
3866.26
3868.45
3870.55
3872.61
3874.74
3876.94
3879.21
3881.54
3883.94
3886.41
3888.92
3891.48
3894.05
3896.61
3899.07
3901.12
3901.6
3903.25
3909.36
3913.2
3916.42
3919.46
3922.44
3925.39
3928.33
3931.25
3934.16
3937.06
3939.95
3942.81
3945.66
3948.49
3951.3
3954.08
3956.84
3959.56
3962.25
3964.91
3967.54
3970.13
3972.68
3975.19
3977.67
3980.1
3982.49
3984.84
3987.15
3989.42
3991.64
3993.82
3995.96
3998.06
4000.12
4002.14
4004.11
4006.04
4007.92
4009.74
4011.49
4013.14
4014.64
4015.89
4016.73
4016.81
4015.45
4011.21
4001.23
4019.67
4064.62
4258.47
4380.08
4892.92
3949.08
3891.23
3865.45
3856.67
3853.34
3858.14
3861.43
3863.97
3866.05
3868.08
3870.07
3872.09
3874.17
3876.3
3878.49
3880.71
3882.95
3885.17
3887.29
3889.22
3890.8
3891.87
3893.67
3898.32
3902.55
3906.32
3909.76
3913.01
3916.15
3919.22
3922.25
3925.26
3928.24
3931.21
3934.16
3937.09
3940.01
3942.91
3945.79
3948.64
3951.48
3954.28
3957.06
3959.81
3962.53
3965.21
3967.86
3970.48
3973.06
3975.59
3978.09
3980.55
3982.97
3985.35
3987.69
3989.99
3992.24
3994.45
3996.62
3998.75
4000.84
4002.89
4004.89
4006.84
4008.73
4010.55
4012.27
4013.85
4015.22
4016.24
4016.67
4016.09
4013.69
4008.06
3996.87
4037.3
4106.22
4232.22
4719.44
4912.1
3877.89
3858.19
3851.77
3853.59
3857.04
3859.67
3861.75
3863.57
3865.32
3867.09
3868.9
3870.74
3872.59
3874.39
3876.07
3877.54
3878.79
3880.73
3884.53
3888.15
3891.57
3894.82
3897.95
3901.02
3904.05
3907.06
3910.06
3913.06
3916.05
3919.04
3922.03
3925.02
3928
3930.98
3933.94
3936.9
3939.84
3942.76
3945.67
3948.56
3951.42
3954.25
3957.06
3959.84
3962.59
3965.31
3967.99
3970.64
3973.25
3975.82
3978.35
3980.85
3983.3
3985.71
3988.08
3990.41
3992.69
3994.93
3997.14
3999.29
4001.41
4003.48
4005.5
4007.47
4009.38
4011.21
4012.95
4014.54
4015.93
4016.98
4017.48
4017.06
4015.01
4010
3999.46
4038.74
4128.3
4329.73
4794.77
5012.96
3877.46
3856.45
3855.07
3857.54
3859.05
3860.17
3861.37
3862.66
3864
3865.22
3866.08
3866.87
3870.21
3873.18
3875.94
3878.61
3881.26
3883.93
3886.63
3889.36
3892.13
3894.94
3897.77
3900.64
3903.53
3906.45
3909.39
3912.35
3915.32
3918.3
3921.29
3924.29
3927.28
3930.27
3933.26
3936.23
3939.2
3942.15
3945.08
3947.99
3950.88
3953.75
3956.59
3959.4
3962.18
3964.92
3967.64
3970.31
3972.95
3975.54
3978.1
3980.61
3983.08
3985.51
3987.89
3990.22
3992.51
3994.75
3996.94
3999.08
4001.16
4003.19
4005.16
4007.06
4008.89
4010.61
4012.22
4013.66
4014.87
4015.75
4016.1
4015.6
4013.67
4009.21
4000.02
4035.08
4115.56
4295.51
4736.29
3878.24
)
;

boundaryField
{
    left
    {
        type            zeroGradient;
    }
    right
    {
        type            zeroGradient;
    }
    back
    {
        type            zeroGradient;
    }
    front
    {
        type            zeroGradient;
    }
    top
    {
        type            zeroGradient;
    }
    bottom
    {
        type            zeroGradient;
    }
}


// ************************************************************************* //
