/*--------------------------------*- C++ -*----------------------------------*\
| =========                 |                                                 |
| \\      /  F ield         | foam-extend: Open Source CFD                    |
|  \\    /   O peration     | Version:     4.1                                |
|   \\  /    A nd           | Web:         http://www.foam-extend.org         |
|    \\/     M anipulation  |                                                 |
\*---------------------------------------------------------------------------*/
FoamFile
{
    version     2.0;
    format      ascii;
    class       volScalarField;
    location    "0.192";
    object      p;
}
// * * * * * * * * * * * * * * * * * * * * * * * * * * * * * * * * * * * * * //

dimensions      [1 -1 -2 0 0 0 0];

internalField   nonuniform List<scalar> 
5120
(
-408.734
-319.416
-307.283
-301.372
-295.885
-290.258
-284.157
-277.574
-270.616
-263.404
-256.043
-248.617
-241.187
-233.798
-226.482
-219.259
-212.143
-205.142
-198.263
-191.508
-184.879
-178.377
-172.002
-165.753
-159.632
-153.636
-147.765
-142.019
-136.398
-130.899
-125.523
-120.269
-115.136
-110.123
-105.23
-100.456
-95.8
-91.2613
-86.8393
-82.5332
-78.3424
-74.2661
-70.3037
-66.4545
-62.7178
-59.093
-55.5795
-52.1766
-48.8837
-45.7002
-42.6256
-39.6593
-36.8008
-34.0494
-31.4047
-28.8661
-26.4331
-24.1053
-21.8822
-19.7633
-17.7482
-15.8363
-14.0274
-12.3209
-10.7164
-9.21361
-7.812
-6.51119
-5.31075
-4.21021
-3.20909
-2.30688
-1.50305
-0.797206
-0.189309
0.319867
0.728113
1.02861
1.22917
1.30667
-425.852
-336.464
-320.957
-311.917
-302.74
-294.305
-286.265
-278.377
-270.571
-262.829
-255.15
-247.544
-240.022
-232.597
-225.277
-218.071
-210.983
-204.016
-197.174
-190.457
-183.866
-177.401
-171.062
-164.849
-158.761
-152.798
-146.959
-141.243
-135.65
-130.179
-124.829
-119.6
-114.492
-109.503
-104.632
-99.8796
-95.2444
-90.726
-86.3234
-82.0362
-77.8635
-73.8048
-69.8594
-66.0266
-62.3058
-58.6964
-55.1978
-51.8093
-48.5303
-45.3604
-42.2988
-39.3451
-36.4987
-33.7591
-31.1257
-28.5981
-26.1757
-23.8581
-21.6448
-19.5353
-17.5292
-15.626
-13.8254
-12.1269
-10.53
-9.03447
-7.63979
-6.34561
-5.15154
-4.05721
-3.06229
-2.16654
-1.36991
-0.672695
-0.0758889
0.418464
0.80666
1.08044
1.25315
1.31919
-446.019
-346.224
-329.072
-318.946
-308.206
-298.245
-288.972
-280.163
-271.706
-263.52
-255.549
-247.755
-240.116
-232.619
-225.258
-218.028
-210.928
-203.957
-197.114
-190.398
-183.81
-177.349
-171.013
-164.804
-158.719
-152.759
-146.922
-141.209
-135.618
-130.149
-124.801
-119.574
-114.466
-109.478
-104.608
-99.8558
-95.2208
-90.7024
-86.2997
-82.0122
-77.8391
-73.7798
-69.8338
-66.0002
-62.2786
-58.6682
-55.1685
-51.7789
-48.4988
-45.3277
-42.2649
-39.3099
-36.4622
-33.7212
-31.0865
-28.5575
-26.1338
-23.8148
-21.6001
-19.4893
-17.4818
-15.5774
-13.7754
-12.0756
-10.4775
-8.98075
-7.58493
-6.28969
-5.0947
-3.99969
-3.00448
-2.10905
-1.31364
-0.618998
-0.0265777
0.461116
0.839993
1.10204
1.26242
1.3221
-454.883
-349.263
-331.869
-321.736
-310.622
-300.133
-290.352
-281.119
-272.339
-263.922
-255.79
-247.89
-240.182
-232.642
-225.255
-218.01
-210.902
-203.927
-197.082
-190.367
-183.78
-177.32
-170.986
-164.778
-158.695
-152.736
-146.901
-141.189
-135.599
-130.131
-124.784
-119.558
-114.451
-109.463
-104.593
-99.8416
-95.2069
-90.6886
-86.286
-81.9984
-77.8253
-73.7659
-69.8196
-65.9858
-62.2639
-58.6532
-55.1531
-51.7631
-48.4826
-45.311
-42.2477
-39.2923
-36.444
-33.7026
-31.0673
-28.5378
-26.1135
-23.794
-21.5788
-19.4674
-17.4594
-15.5544
-13.7519
-12.0516
-10.453
-8.95569
-7.55942
-6.26378
-5.0685
-3.97333
-2.9782
-2.08317
-1.28867
-0.595561
-0.00544491
0.479136
0.854147
1.11193
1.26844
1.32672
-454.883
-349.263
-331.869
-321.736
-310.622
-300.133
-290.352
-281.119
-272.339
-263.922
-255.79
-247.89
-240.182
-232.642
-225.255
-218.01
-210.902
-203.927
-197.082
-190.367
-183.78
-177.32
-170.986
-164.778
-158.695
-152.736
-146.901
-141.189
-135.599
-130.131
-124.784
-119.558
-114.451
-109.463
-104.593
-99.8416
-95.2069
-90.6886
-86.286
-81.9984
-77.8253
-73.7659
-69.8196
-65.9858
-62.2639
-58.6532
-55.1531
-51.7631
-48.4826
-45.311
-42.2477
-39.2923
-36.444
-33.7026
-31.0673
-28.5378
-26.1135
-23.794
-21.5788
-19.4674
-17.4594
-15.5544
-13.7519
-12.0516
-10.453
-8.9557
-7.55942
-6.26378
-5.0685
-3.97333
-2.9782
-2.08317
-1.28867
-0.59556
-0.00544419
0.479136
0.854147
1.11192
1.26844
1.32672
-446.019
-346.224
-329.072
-318.946
-308.206
-298.245
-288.972
-280.163
-271.706
-263.52
-255.549
-247.755
-240.116
-232.619
-225.258
-218.028
-210.928
-203.957
-197.114
-190.398
-183.81
-177.349
-171.013
-164.804
-158.719
-152.759
-146.922
-141.209
-135.618
-130.149
-124.801
-119.574
-114.466
-109.478
-104.608
-99.8558
-95.2208
-90.7024
-86.2997
-82.0122
-77.8391
-73.7798
-69.8338
-66.0002
-62.2786
-58.6682
-55.1685
-51.7789
-48.4988
-45.3277
-42.2649
-39.3099
-36.4622
-33.7212
-31.0865
-28.5575
-26.1338
-23.8148
-21.6001
-19.4893
-17.4818
-15.5774
-13.7754
-12.0756
-10.4775
-8.98075
-7.58493
-6.28969
-5.0947
-3.99969
-3.00448
-2.10904
-1.31364
-0.618998
-0.026579
0.461114
0.839992
1.10204
1.26242
1.3221
-425.852
-336.464
-320.957
-311.917
-302.74
-294.305
-286.265
-278.377
-270.571
-262.829
-255.15
-247.544
-240.022
-232.597
-225.277
-218.071
-210.983
-204.016
-197.174
-190.457
-183.866
-177.401
-171.062
-164.849
-158.761
-152.798
-146.959
-141.243
-135.65
-130.179
-124.829
-119.6
-114.492
-109.503
-104.632
-99.8796
-95.2444
-90.726
-86.3234
-82.0362
-77.8635
-73.8048
-69.8594
-66.0266
-62.3058
-58.6964
-55.1978
-51.8093
-48.5303
-45.3604
-42.2988
-39.3451
-36.4987
-33.7591
-31.1257
-28.5981
-26.1757
-23.8581
-21.6448
-19.5353
-17.5292
-15.626
-13.8254
-12.1269
-10.53
-9.03447
-7.63979
-6.34561
-5.15154
-4.05721
-3.06229
-2.16654
-1.36991
-0.672695
-0.07589
0.418463
0.80666
1.08044
1.25315
1.31919
-408.734
-319.416
-307.283
-301.372
-295.885
-290.258
-284.157
-277.574
-270.616
-263.404
-256.043
-248.617
-241.187
-233.798
-226.482
-219.259
-212.143
-205.142
-198.263
-191.508
-184.879
-178.377
-172.002
-165.753
-159.632
-153.636
-147.765
-142.019
-136.398
-130.899
-125.523
-120.269
-115.136
-110.123
-105.23
-100.456
-95.8
-91.2613
-86.8393
-82.5332
-78.3424
-74.2661
-70.3037
-66.4545
-62.7178
-59.093
-55.5795
-52.1766
-48.8837
-45.7002
-42.6257
-39.6593
-36.8008
-34.0494
-31.4047
-28.8661
-26.4331
-24.1053
-21.8822
-19.7633
-17.7482
-15.8363
-14.0274
-12.3209
-10.7164
-9.21361
-7.812
-6.51119
-5.31075
-4.21021
-3.20909
-2.30688
-1.50305
-0.797205
-0.189309
0.319865
0.728111
1.0286
1.22917
1.30667
-282.608
-213.558
-205.141
-201.764
-197.566
-193.541
-189.472
-185.203
-180.736
-176.117
-171.395
-166.616
-161.818
-157.031
-152.275
-147.564
-142.91
-138.318
-133.794
-129.341
-124.96
-120.653
-116.422
-112.266
-108.187
-104.184
-100.259
-96.4097
-92.6379
-88.9433
-85.3258
-81.7854
-78.322
-74.9356
-71.6261
-68.3933
-65.2371
-62.1573
-59.1539
-56.2265
-53.3751
-50.5993
-47.8992
-45.2743
-42.7245
-40.2497
-37.8495
-35.5237
-33.2721
-31.0945
-28.9906
-26.9603
-25.0032
-23.1191
-21.3078
-19.5691
-17.9028
-16.3085
-14.7861
-13.3353
-11.956
-10.6479
-9.41069
-8.24428
-7.1484
-6.12283
-5.16733
-4.28167
-3.46557
-2.71869
-2.04063
-1.43085
-0.888611
-0.412916
-0.00235046
0.345135
0.631971
0.858753
1.03686
1.22109
-331.261
-232.678
-213.181
-207.004
-199.799
-193.604
-188.183
-183.057
-178.071
-173.163
-168.307
-163.492
-158.722
-154.001
-149.333
-144.723
-140.176
-135.693
-131.277
-126.93
-122.653
-118.447
-114.312
-110.249
-106.259
-102.342
-98.4985
-94.7282
-91.0317
-87.4089
-83.8602
-80.3856
-76.9851
-73.6588
-70.4068
-67.229
-64.1254
-61.0959
-58.1406
-55.2593
-52.4519
-49.7184
-47.0585
-44.4723
-41.9595
-39.52
-37.1537
-34.8604
-32.64
-30.4922
-28.4169
-26.4138
-24.483
-22.624
-20.8368
-19.1212
-17.4769
-15.9039
-14.4018
-12.9704
-11.6097
-10.3194
-9.09929
-7.9492
-6.86893
-5.85827
-4.91704
-4.04502
-3.24198
-2.5077
-1.84191
-1.24432
-0.714597
-0.252371
0.142859
0.472057
0.735963
0.932968
1.0869
1.27839
-360.456
-249.032
-221.357
-212.136
-202.996
-195.37
-188.962
-183.168
-177.741
-172.555
-167.534
-162.631
-157.822
-153.094
-148.439
-143.855
-139.339
-134.892
-130.513
-126.203
-121.963
-117.792
-113.692
-109.663
-105.704
-101.817
-98.0022
-94.259
-90.588
-86.9894
-83.4635
-80.0103
-76.6301
-73.3229
-70.0888
-66.9278
-63.8399
-60.8253
-57.8838
-55.0155
-52.2203
-49.4981
-46.849
-44.2727
-41.7692
-39.3384
-36.9802
-34.6944
-32.481
-30.3398
-28.2706
-26.2733
-24.3478
-22.4938
-20.7112
-18.9999
-17.3597
-15.7904
-14.2918
-12.8638
-11.5062
-10.2188
-9.00143
-7.85392
-6.77608
-5.76773
-4.82869
-3.95878
-3.15784
-2.42569
-1.76219
-1.16722
-0.640701
-0.182643
0.206962
0.528455
0.78181
0.965778
1.10796
1.2883
-370.569
-253.74
-224.074
-214.223
-204.457
-196.254
-189.404
-183.288
-177.636
-172.301
-167.187
-162.231
-157.396
-152.659
-148.008
-143.434
-138.933
-134.503
-130.142
-125.851
-121.629
-117.477
-113.394
-109.381
-105.439
-101.567
-97.7659
-94.0362
-90.3781
-86.7917
-83.2773
-79.8349
-76.4648
-73.1671
-69.9419
-66.7893
-63.7093
-60.7021
-57.7675
-54.9056
-52.1163
-49.3997
-46.7558
-44.1843
-41.6853
-39.2587
-36.9044
-34.6223
-32.4122
-30.274
-28.2077
-26.2131
-24.29
-22.4383
-20.6578
-18.9484
-17.31
-15.7423
-14.2453
-12.8187
-11.4624
-10.1762
-8.95998
-7.81352
-6.73666
-5.72924
-4.79109
-3.92206
-3.12199
-2.39078
-1.72832
-1.1346
-0.609644
-0.153601
0.233401
0.551586
0.800794
0.980078
1.1182
1.29464
-370.569
-253.74
-224.074
-214.223
-204.457
-196.254
-189.404
-183.288
-177.636
-172.301
-167.187
-162.231
-157.396
-152.659
-148.008
-143.434
-138.933
-134.503
-130.142
-125.851
-121.629
-117.477
-113.394
-109.381
-105.439
-101.567
-97.7659
-94.0362
-90.3781
-86.7917
-83.2773
-79.8349
-76.4648
-73.1671
-69.9419
-66.7893
-63.7093
-60.7021
-57.7675
-54.9056
-52.1163
-49.3997
-46.7558
-44.1843
-41.6853
-39.2587
-36.9044
-34.6223
-32.4122
-30.274
-28.2077
-26.2131
-24.29
-22.4383
-20.6578
-18.9484
-17.31
-15.7423
-14.2453
-12.8187
-11.4624
-10.1762
-8.95998
-7.81352
-6.73666
-5.72924
-4.79109
-3.92206
-3.12199
-2.39078
-1.72832
-1.1346
-0.609644
-0.153601
0.233402
0.551586
0.800794
0.980078
1.11819
1.29464
-360.456
-249.032
-221.357
-212.136
-202.996
-195.37
-188.962
-183.168
-177.741
-172.555
-167.534
-162.631
-157.822
-153.094
-148.439
-143.855
-139.339
-134.892
-130.513
-126.203
-121.963
-117.792
-113.692
-109.663
-105.704
-101.817
-98.0022
-94.259
-90.588
-86.9894
-83.4635
-80.0103
-76.6301
-73.3229
-70.0888
-66.9278
-63.8399
-60.8253
-57.8838
-55.0155
-52.2203
-49.4981
-46.849
-44.2727
-41.7692
-39.3384
-36.9802
-34.6944
-32.481
-30.3398
-28.2706
-26.2733
-24.3478
-22.4938
-20.7112
-18.9999
-17.3597
-15.7904
-14.2918
-12.8638
-11.5062
-10.2188
-9.00143
-7.85392
-6.77608
-5.76773
-4.82869
-3.95878
-3.15784
-2.42569
-1.76219
-1.16722
-0.640701
-0.182643
0.206962
0.528455
0.781811
0.965778
1.10796
1.2883
-331.261
-232.678
-213.181
-207.004
-199.799
-193.604
-188.183
-183.057
-178.071
-173.163
-168.307
-163.492
-158.722
-154.001
-149.333
-144.723
-140.176
-135.693
-131.277
-126.93
-122.653
-118.447
-114.312
-110.249
-106.259
-102.342
-98.4985
-94.7282
-91.0317
-87.4089
-83.8602
-80.3856
-76.9851
-73.6588
-70.4068
-67.229
-64.1254
-61.0959
-58.1406
-55.2593
-52.4519
-49.7184
-47.0585
-44.4723
-41.9595
-39.52
-37.1537
-34.8604
-32.64
-30.4922
-28.4169
-26.4138
-24.483
-22.624
-20.8368
-19.1212
-17.4769
-15.9039
-14.4018
-12.9704
-11.6097
-10.3194
-9.09929
-7.9492
-6.86893
-5.85827
-4.91704
-4.04502
-3.24198
-2.5077
-1.84191
-1.24432
-0.714597
-0.252372
0.142859
0.472058
0.735964
0.932969
1.0869
1.27839
-282.608
-213.558
-205.141
-201.764
-197.566
-193.541
-189.472
-185.203
-180.736
-176.117
-171.395
-166.616
-161.818
-157.031
-152.275
-147.564
-142.91
-138.318
-133.794
-129.341
-124.96
-120.653
-116.422
-112.266
-108.187
-104.184
-100.259
-96.4097
-92.6379
-88.9433
-85.3258
-81.7854
-78.322
-74.9356
-71.6261
-68.3933
-65.2371
-62.1573
-59.1539
-56.2265
-53.3751
-50.5993
-47.8992
-45.2743
-42.7245
-40.2497
-37.8495
-35.5237
-33.2721
-31.0945
-28.9906
-26.9603
-25.0032
-23.1191
-21.3078
-19.5691
-17.9028
-16.3085
-14.7861
-13.3353
-11.956
-10.6479
-9.41069
-8.24428
-7.1484
-6.12283
-5.16733
-4.28167
-3.46557
-2.71869
-2.04063
-1.43085
-0.888611
-0.412916
-0.00235074
0.345135
0.631971
0.858753
1.03686
1.22109
-156.957
-116.56
-113.05
-112.249
-110.204
-108.034
-105.833
-103.554
-101.2
-98.7867
-96.3293
-93.8443
-91.3462
-88.8462
-86.3529
-83.8727
-81.4103
-78.9691
-76.552
-74.1609
-71.7977
-69.4637
-67.1601
-64.8878
-62.6479
-60.441
-58.2678
-56.129
-54.0252
-51.9568
-49.9243
-47.9283
-45.969
-44.0469
-42.1624
-40.3157
-38.5073
-36.7374
-35.0064
-33.3144
-31.6617
-30.0486
-28.4753
-26.9421
-25.449
-23.9963
-22.5841
-21.2127
-19.882
-18.5924
-17.3438
-16.1365
-14.9705
-13.8459
-12.7627
-11.7211
-10.7212
-9.76288
-8.8463
-7.97149
-7.13846
-6.34725
-5.59785
-4.8903
-4.22457
-3.60066
-3.01853
-2.47812
-1.97935
-1.52204
-1.10596
-0.730694
-0.395586
-0.0995988
0.158867
0.382261
0.573366
0.732788
0.874759
1.07066
-195.881
-132.665
-118.154
-113.998
-109.623
-106.08
-103.163
-100.505
-97.974
-95.5119
-93.0863
-90.6821
-88.2932
-85.9179
-83.5568
-81.2111
-78.8824
-76.5724
-74.2826
-72.0145
-69.7695
-67.5487
-65.3532
-63.1841
-61.0423
-58.9287
-56.8441
-54.7893
-52.765
-50.7718
-48.8106
-46.8817
-44.986
-43.1238
-41.2957
-39.5023
-37.744
-36.0212
-34.3345
-32.6841
-31.0705
-29.4941
-27.9552
-26.4541
-24.9912
-23.5667
-22.1809
-20.8341
-19.5265
-18.2583
-17.0298
-15.8412
-14.6926
-13.5841
-12.5161
-11.4885
-10.5016
-9.5555
-8.65023
-7.78593
-6.96267
-6.18055
-5.43961
-4.73992
-4.08151
-3.46441
-2.88864
-2.35419
-1.86102
-1.40907
-0.998206
-0.628234
-0.298818
-0.00943254
0.240845
0.453781
0.631126
0.774061
0.915202
1.12673
-220.832
-147.154
-124.186
-116.701
-110.683
-106.139
-102.612
-99.5777
-96.8222
-94.2381
-91.7589
-89.3456
-86.976
-84.6376
-82.3236
-80.0308
-77.7576
-75.5039
-73.27
-71.0566
-68.8646
-66.6949
-64.5484
-62.4262
-60.3291
-58.258
-56.2138
-54.1972
-52.2091
-50.2502
-48.3212
-46.4229
-44.5559
-42.7207
-40.9181
-39.1486
-37.4127
-35.711
-34.044
-32.4121
-30.8158
-29.2555
-27.7316
-26.2446
-24.7947
-23.3824
-22.0079
-20.6716
-19.3737
-18.1146
-16.8944
-15.7135
-14.572
-13.4702
-12.4082
-11.3863
-10.4045
-9.46314
-8.56223
-7.70194
-6.88238
-6.10364
-5.36583
-4.66901
-4.01325
-3.39859
-2.82509
-2.29275
-1.80159
-1.35159
-0.942723
-0.574902
-0.247996
0.0382293
0.284299
0.49145
0.660937
0.795778
0.933256
1.13434
-229.44
-151.62
-126.314
-117.908
-111.266
-106.258
-102.419
-99.1814
-96.2967
-93.6368
-91.1191
-88.6926
-86.3265
-84.0022
-81.7089
-79.4405
-77.1938
-74.9674
-72.7609
-70.5745
-68.4088
-66.2646
-64.1426
-62.0438
-59.969
-57.9192
-55.8952
-53.8979
-51.928
-49.9863
-48.0736
-46.1907
-44.3382
-42.5167
-40.727
-38.9696
-37.2451
-35.5541
-33.8971
-32.2746
-30.6871
-29.135
-27.6189
-26.139
-24.6959
-23.2898
-21.9211
-20.5902
-19.2973
-18.0429
-16.827
-15.6501
-14.5123
-13.4139
-12.3551
-11.3361
-10.357
-9.41813
-8.51951
-7.66134
-6.84372
-6.06678
-5.33062
-4.63532
-3.98097
-3.36762
-2.79533
-2.26413
-1.77407
-1.32516
-0.917402
-0.550784
-0.225252
0.0593243
0.303363
0.507985
0.674329
0.80607
0.941705
1.13895
-229.44
-151.62
-126.314
-117.908
-111.266
-106.258
-102.419
-99.1814
-96.2967
-93.6368
-91.1191
-88.6926
-86.3265
-84.0022
-81.7089
-79.4405
-77.1938
-74.9674
-72.7609
-70.5745
-68.4088
-66.2646
-64.1426
-62.0438
-59.969
-57.9192
-55.8952
-53.8979
-51.928
-49.9863
-48.0736
-46.1907
-44.3382
-42.5167
-40.727
-38.9696
-37.2451
-35.5541
-33.8971
-32.2746
-30.6871
-29.135
-27.6189
-26.139
-24.6959
-23.2898
-21.9211
-20.5902
-19.2973
-18.0429
-16.827
-15.6501
-14.5123
-13.4139
-12.3551
-11.3361
-10.357
-9.41813
-8.51951
-7.66134
-6.84372
-6.06678
-5.33062
-4.63532
-3.98097
-3.36762
-2.79533
-2.26413
-1.77407
-1.32516
-0.917402
-0.550784
-0.225252
0.0593243
0.303363
0.507985
0.674329
0.80607
0.941705
1.13895
-220.832
-147.154
-124.186
-116.701
-110.683
-106.139
-102.612
-99.5777
-96.8222
-94.2381
-91.7589
-89.3456
-86.976
-84.6376
-82.3236
-80.0308
-77.7576
-75.5039
-73.27
-71.0566
-68.8646
-66.6949
-64.5484
-62.4262
-60.3291
-58.258
-56.2138
-54.1972
-52.2091
-50.2502
-48.3212
-46.4229
-44.5559
-42.7207
-40.9181
-39.1486
-37.4127
-35.711
-34.044
-32.4121
-30.8158
-29.2555
-27.7316
-26.2446
-24.7947
-23.3824
-22.0079
-20.6716
-19.3737
-18.1146
-16.8944
-15.7135
-14.572
-13.4702
-12.4082
-11.3863
-10.4045
-9.46314
-8.56223
-7.70194
-6.88238
-6.10364
-5.36583
-4.66901
-4.01325
-3.39859
-2.82509
-2.29275
-1.80159
-1.35159
-0.942723
-0.574902
-0.247996
0.0382293
0.284299
0.49145
0.660937
0.795778
0.933256
1.13434
-195.881
-132.665
-118.154
-113.998
-109.623
-106.08
-103.163
-100.505
-97.974
-95.5119
-93.0863
-90.6821
-88.2932
-85.9179
-83.5568
-81.2111
-78.8824
-76.5724
-74.2826
-72.0145
-69.7695
-67.5487
-65.3532
-63.1841
-61.0423
-58.9287
-56.8441
-54.7893
-52.765
-50.7718
-48.8106
-46.8817
-44.986
-43.1238
-41.2957
-39.5023
-37.744
-36.0212
-34.3345
-32.6841
-31.0705
-29.4941
-27.9552
-26.4541
-24.9912
-23.5667
-22.1809
-20.8341
-19.5265
-18.2583
-17.0298
-15.8412
-14.6926
-13.5841
-12.5161
-11.4885
-10.5016
-9.5555
-8.65023
-7.78593
-6.96267
-6.18055
-5.43961
-4.73992
-4.08151
-3.46441
-2.88864
-2.35419
-1.86102
-1.40907
-0.998207
-0.628234
-0.298818
-0.00943261
0.240845
0.453782
0.631127
0.774062
0.915202
1.12673
-156.957
-116.56
-113.05
-112.249
-110.204
-108.034
-105.833
-103.554
-101.2
-98.7867
-96.3293
-93.8443
-91.3462
-88.8462
-86.3529
-83.8727
-81.4103
-78.9691
-76.552
-74.1609
-71.7977
-69.4637
-67.1601
-64.8878
-62.6479
-60.441
-58.2678
-56.129
-54.0252
-51.9568
-49.9243
-47.9283
-45.969
-44.0469
-42.1624
-40.3157
-38.5073
-36.7374
-35.0064
-33.3144
-31.6617
-30.0486
-28.4753
-26.9421
-25.449
-23.9963
-22.5841
-21.2127
-19.882
-18.5924
-17.3438
-16.1365
-14.9705
-13.8459
-12.7627
-11.7211
-10.7212
-9.76288
-8.8463
-7.97149
-7.13846
-6.34724
-5.59785
-4.8903
-4.22457
-3.60066
-3.01853
-2.47812
-1.97935
-1.52204
-1.10596
-0.730694
-0.395586
-0.0995985
0.158868
0.382261
0.573366
0.732787
0.874758
1.07066
-35.1065
-26.5365
-26.8658
-27.562
-27.4405
-27.0325
-26.5338
-26.008
-25.4872
-24.982
-24.492
-24.0129
-23.5394
-23.0671
-22.5923
-22.1128
-21.6272
-21.1351
-20.6364
-20.1318
-19.6218
-19.1073
-18.5891
-18.068
-17.5449
-17.0205
-16.4955
-15.9706
-15.4465
-14.9238
-14.4031
-13.8849
-13.3698
-12.8582
-12.3508
-11.8479
-11.3501
-10.8578
-10.3715
-9.89155
-9.41843
-8.95252
-8.49422
-8.0439
-7.60192
-7.16864
-6.74438
-6.32949
-5.92426
-5.52901
-5.144
-4.76953
-4.40586
-4.05322
-3.71187
-3.38202
-3.0639
-2.7577
-2.46363
-2.18185
-1.91254
-1.65586
-1.41196
-1.18097
-0.963019
-0.758225
-0.566684
-0.388472
-0.223646
-0.0722423
0.0657506
0.190424
0.301976
0.400754
0.48732
0.562576
0.627078
0.678601
0.729109
0.848694
-49.7271
-30.3843
-25.6522
-24.6502
-23.6415
-22.8698
-22.3129
-21.8678
-21.4912
-21.1578
-20.8478
-20.5475
-20.2478
-19.9425
-19.6281
-19.3024
-18.9644
-18.614
-18.2515
-17.8774
-17.4927
-17.098
-16.6944
-16.2828
-15.864
-15.4389
-15.0085
-14.5734
-14.1346
-13.6927
-13.2485
-12.8029
-12.3563
-11.9096
-11.4634
-11.0183
-10.575
-10.134
-9.69603
-9.26157
-8.83119
-8.40542
-7.98479
-7.56979
-7.16091
-6.75861
-6.36334
-5.97554
-5.59561
-5.22396
-4.86097
-4.50701
-4.16243
-3.82757
-3.50273
-3.18824
-2.88437
-2.59141
-2.30962
-2.03923
-1.78049
-1.53361
-1.29878
-1.07621
-0.866058
-0.668494
-0.483662
-0.311692
-0.15269
-0.00673652
0.126119
0.245875
0.352592
0.446421
0.52772
0.597282
0.655035
0.699671
0.758703
0.872646
-58.9318
-34.9223
-26.6286
-24.1602
-22.443
-21.2986
-20.5686
-20.0616
-19.6859
-19.3891
-19.1354
-18.9016
-18.673
-18.4405
-18.1986
-17.9443
-17.6762
-17.3937
-17.097
-16.7864
-16.4627
-16.1267
-15.7793
-15.4214
-15.0539
-14.6776
-14.2936
-13.9027
-13.5057
-13.1034
-12.6968
-12.2866
-11.8736
-11.4586
-11.0422
-10.6253
-10.2085
-9.79245
-9.37788
-8.9654
-8.55564
-8.1492
-7.74666
-7.34858
-6.95551
-6.56797
-6.18646
-5.81148
-5.44349
-5.08293
-4.73025
-4.38586
-4.05015
-3.7235
-3.40627
-3.09881
-2.80145
-2.5145
-2.23825
-1.97298
-1.71895
-1.47642
-1.24561
-1.02674
-0.820008
-0.6256
-0.443688
-0.274422
-0.117935
0.0256582
0.156268
0.273835
0.378338
0.46981
0.548459
0.614833
0.668619
0.710351
0.769216
0.864739
-62.2195
-36.5284
-27.0716
-24.0623
-21.9982
-20.6307
-19.7765
-19.2092
-18.813
-18.5206
-18.2861
-18.08
-17.8835
-17.6853
-17.4785
-17.2594
-17.0258
-16.777
-16.513
-16.2341
-15.941
-15.6343
-15.315
-14.984
-14.6421
-14.2904
-13.9297
-13.5609
-13.185
-12.8028
-12.4151
-12.0228
-11.6268
-11.2277
-10.8265
-10.4238
-10.0204
-9.617
-9.21432
-8.81303
-8.41377
-8.01718
-7.62387
-7.23444
-6.84946
-6.46948
-6.09504
-5.72665
-5.36481
-5.00998
-4.66263
-4.32319
-3.99208
-3.6697
-3.35644
-3.05266
-2.7587
-2.47489
-2.20155
-1.93898
-1.68745
-1.44722
-1.21853
-1.00163
-0.796717
-0.603995
-0.423645
-0.255832
-0.100704
0.0416076
0.170992
0.287365
0.39067
0.480899
0.558221
0.623109
0.675141
0.715494
0.77367
0.86348
-62.2195
-36.5284
-27.0716
-24.0623
-21.9982
-20.6307
-19.7765
-19.2092
-18.813
-18.5206
-18.2861
-18.08
-17.8835
-17.6853
-17.4785
-17.2594
-17.0258
-16.777
-16.513
-16.2341
-15.941
-15.6343
-15.315
-14.984
-14.6421
-14.2904
-13.9297
-13.5609
-13.185
-12.8028
-12.4151
-12.0228
-11.6268
-11.2277
-10.8265
-10.4238
-10.0204
-9.617
-9.21432
-8.81303
-8.41377
-8.01718
-7.62387
-7.23444
-6.84946
-6.46948
-6.09504
-5.72665
-5.36481
-5.00998
-4.66263
-4.32319
-3.99208
-3.6697
-3.35644
-3.05266
-2.7587
-2.47489
-2.20155
-1.93898
-1.68745
-1.44722
-1.21853
-1.00163
-0.796717
-0.603995
-0.423645
-0.255832
-0.100704
0.0416075
0.170992
0.287364
0.39067
0.480899
0.55822
0.623108
0.675141
0.715494
0.77367
0.86348
-58.9318
-34.9223
-26.6286
-24.1602
-22.443
-21.2986
-20.5686
-20.0616
-19.6859
-19.3891
-19.1354
-18.9016
-18.673
-18.4405
-18.1986
-17.9443
-17.6762
-17.3937
-17.097
-16.7864
-16.4627
-16.1267
-15.7793
-15.4214
-15.0539
-14.6776
-14.2936
-13.9027
-13.5057
-13.1034
-12.6968
-12.2866
-11.8736
-11.4586
-11.0422
-10.6253
-10.2085
-9.79245
-9.37788
-8.9654
-8.55564
-8.1492
-7.74666
-7.34858
-6.95551
-6.56797
-6.18646
-5.81148
-5.44349
-5.08293
-4.73025
-4.38586
-4.05015
-3.7235
-3.40627
-3.09881
-2.80145
-2.5145
-2.23825
-1.97298
-1.71895
-1.47642
-1.24561
-1.02674
-0.820008
-0.6256
-0.443688
-0.274422
-0.117935
0.0256583
0.156268
0.273835
0.378338
0.46981
0.548459
0.614833
0.668619
0.710351
0.769216
0.864739
-49.7271
-30.3843
-25.6522
-24.6502
-23.6415
-22.8698
-22.3129
-21.8678
-21.4912
-21.1578
-20.8478
-20.5475
-20.2478
-19.9425
-19.6281
-19.3024
-18.9644
-18.614
-18.2515
-17.8774
-17.4927
-17.098
-16.6944
-16.2828
-15.864
-15.4389
-15.0085
-14.5734
-14.1346
-13.6927
-13.2485
-12.8029
-12.3563
-11.9096
-11.4634
-11.0183
-10.575
-10.134
-9.69603
-9.26157
-8.83119
-8.40542
-7.98479
-7.56979
-7.16091
-6.75861
-6.36334
-5.97554
-5.59561
-5.22396
-4.86097
-4.50701
-4.16243
-3.82757
-3.50273
-3.18824
-2.88437
-2.59141
-2.30962
-2.03923
-1.78049
-1.53361
-1.29878
-1.07621
-0.866058
-0.668494
-0.483663
-0.311692
-0.15269
-0.00673666
0.126119
0.245875
0.352592
0.446421
0.52772
0.597282
0.655035
0.699671
0.758704
0.872647
-35.1065
-26.5365
-26.8658
-27.562
-27.4405
-27.0325
-26.5338
-26.008
-25.4872
-24.982
-24.492
-24.0129
-23.5394
-23.0671
-22.5923
-22.1128
-21.6272
-21.1351
-20.6364
-20.1318
-19.6218
-19.1073
-18.5891
-18.068
-17.5449
-17.0205
-16.4955
-15.9706
-15.4465
-14.9238
-14.4031
-13.8849
-13.3698
-12.8582
-12.3508
-11.8479
-11.3501
-10.8578
-10.3715
-9.89155
-9.41843
-8.95252
-8.49422
-8.0439
-7.60192
-7.16864
-6.74438
-6.32949
-5.92426
-5.52901
-5.14401
-4.76954
-4.40586
-4.05322
-3.71187
-3.38202
-3.0639
-2.7577
-2.46363
-2.18185
-1.91254
-1.65586
-1.41196
-1.18097
-0.963018
-0.758224
-0.566684
-0.388471
-0.223645
-0.0722425
0.0657501
0.190423
0.301976
0.400753
0.48732
0.562575
0.627077
0.678601
0.729107
0.848693
78.6634
55.0896
52.2342
51.2988
50.1012
49.0747
48.0962
47.0558
45.9219
44.6976
43.4029
42.0622
40.6983
39.3297
37.9698
36.6283
35.3112
34.0223
32.7636
31.5361
30.34
29.1751
28.0412
26.9376
25.864
24.8197
23.8042
22.817
21.8576
20.9255
20.0202
19.1414
18.2884
17.4609
16.6585
15.8807
15.127
14.397
13.6904
13.0066
12.3454
11.7062
11.0887
10.4925
9.91713
9.36233
8.8277
8.31286
7.81747
7.34119
6.88369
6.44464
6.02374
5.62067
5.23516
4.8669
4.51564
4.1811
3.86303
3.56118
3.27533
3.00526
2.75074
2.51157
2.28757
2.07853
1.88428
1.70463
1.53939
1.38836
1.25131
1.12793
1.0178
0.920325
0.834643
0.759577
0.693086
0.630827
0.579118
0.584008
90.7279
64.1335
59.583
58.3544
56.4751
54.769
53.205
51.6566
50.0944
48.5168
46.931
45.3476
43.777
42.2276
40.7056
39.2153
37.7593
36.3392
34.9556
33.6087
32.2982
31.0238
29.785
28.581
27.4114
26.2755
25.1726
24.1021
23.0635
22.0561
21.0792
20.1324
19.215
18.3265
17.4662
16.6336
15.8281
15.0492
14.2964
13.5691
12.8668
12.1889
11.535
10.9045
10.297
9.71203
9.14908
8.60771
8.08749
7.58798
7.10876
6.64944
6.20963
5.78893
5.38699
5.00345
4.63798
4.29023
3.9599
3.64667
3.35027
3.07042
2.80684
2.55929
2.32752
2.1113
1.91041
1.72464
1.55377
1.39759
1.25588
1.12837
1.01476
0.914642
0.827486
0.752604
0.687816
0.629114
0.589704
0.565699
101.314
71.6686
64.1018
61.9027
59.62
57.5874
55.737
53.9398
52.1668
50.4141
48.6831
46.9782
45.3038
43.6636
42.06
40.4948
38.9688
37.4824
36.0357
34.6284
33.2601
31.9302
30.6382
29.3835
28.1653
26.9831
25.836
24.7236
23.6451
22.5997
21.587
20.6061
19.6564
18.7374
17.8483
16.9885
16.1573
15.3543
14.5786
13.8299
13.1074
12.4106
11.7389
11.0918
10.4688
9.86921
9.29264
8.73856
8.20648
7.69593
7.20645
6.73758
6.28889
5.85997
5.45041
5.05981
4.68781
4.33403
3.99812
3.67976
3.37862
3.0944
2.8268
2.57554
2.34036
2.121
1.91722
1.7288
1.55551
1.39713
1.25346
1.12427
1.00931
0.908248
0.820716
0.746131
0.682333
0.626307
0.588389
0.539243
104.656
73.5903
65.4744
63.2711
60.9836
58.8871
56.9516
55.0641
53.2047
51.3737
49.574
47.8093
46.0826
44.396
42.7505
41.1468
39.5851
38.065
36.5862
35.1484
33.7508
32.393
31.0742
29.7939
28.5512
27.3456
26.1763
25.0427
23.944
22.8795
21.8485
20.8504
19.8844
18.9499
18.0462
17.1725
16.3284
15.513
14.7258
13.9661
13.2334
12.5269
11.8462
11.1906
10.5595
9.9525
9.36894
8.80834
8.27016
7.75392
7.25913
6.78533
6.33205
5.89887
5.48534
5.09107
4.71566
4.35873
4.0199
3.69884
3.39521
3.10869
2.83896
2.58574
2.34875
2.12772
1.92241
1.73259
1.55801
1.39848
1.25378
1.12371
1.00802
0.906436
0.818608
0.74395
0.680224
0.624802
0.587038
0.530731
104.656
73.5903
65.4744
63.2711
60.9836
58.8871
56.9516
55.0641
53.2047
51.3737
49.574
47.8093
46.0826
44.396
42.7505
41.1468
39.5851
38.065
36.5862
35.1484
33.7508
32.393
31.0742
29.7939
28.5512
27.3456
26.1763
25.0427
23.944
22.8795
21.8485
20.8504
19.8844
18.9499
18.0462
17.1725
16.3284
15.513
14.7258
13.9661
13.2334
12.5269
11.8462
11.1906
10.5595
9.9525
9.36894
8.80834
8.27016
7.75392
7.25913
6.78533
6.33205
5.89887
5.48534
5.09107
4.71566
4.35873
4.0199
3.69884
3.39521
3.10869
2.83896
2.58574
2.34875
2.12772
1.92241
1.73259
1.55801
1.39848
1.25378
1.12371
1.00802
0.906436
0.818608
0.74395
0.680224
0.624802
0.587038
0.530731
101.314
71.6686
64.1018
61.9027
59.62
57.5874
55.737
53.9398
52.1668
50.4141
48.6831
46.9782
45.3038
43.6636
42.06
40.4948
38.9688
37.4824
36.0357
34.6284
33.2601
31.9302
30.6382
29.3835
28.1653
26.9831
25.836
24.7236
23.6451
22.5997
21.587
20.6061
19.6564
18.7374
17.8483
16.9885
16.1573
15.3543
14.5786
13.8299
13.1074
12.4106
11.7389
11.0918
10.4688
9.86921
9.29264
8.73856
8.20648
7.69593
7.20645
6.73758
6.28889
5.85997
5.45041
5.05981
4.68781
4.33403
3.99812
3.67976
3.37862
3.0944
2.8268
2.57554
2.34036
2.121
1.91722
1.7288
1.55551
1.39713
1.25346
1.12427
1.00931
0.908248
0.820716
0.746131
0.682334
0.626307
0.588389
0.539243
90.7279
64.1335
59.583
58.3544
56.4751
54.769
53.205
51.6566
50.0944
48.5168
46.931
45.3476
43.777
42.2276
40.7056
39.2153
37.7593
36.3392
34.9556
33.6087
32.2982
31.0238
29.785
28.581
27.4114
26.2755
25.1726
24.1021
23.0635
22.0561
21.0792
20.1324
19.215
18.3265
17.4662
16.6336
15.8281
15.0492
14.2964
13.5691
12.8668
12.1889
11.535
10.9045
10.297
9.71203
9.14908
8.60771
8.08749
7.58798
7.10877
6.64945
6.20963
5.78893
5.38699
5.00345
4.63798
4.29023
3.9599
3.64668
3.35027
3.07042
2.80684
2.55929
2.32752
2.1113
1.91041
1.72464
1.55377
1.39759
1.25588
1.12837
1.01476
0.914642
0.827486
0.752604
0.687816
0.629114
0.589704
0.565699
78.6634
55.0896
52.2342
51.2988
50.1012
49.0747
48.0962
47.0558
45.9219
44.6976
43.4029
42.0622
40.6983
39.3297
37.9698
36.6283
35.3112
34.0223
32.7636
31.5361
30.34
29.1751
28.0412
26.9376
25.864
24.8197
23.8042
22.817
21.8576
20.9255
20.0202
19.1414
18.2884
17.4609
16.6585
15.8807
15.127
14.397
13.6904
13.0066
12.3454
11.7062
11.0887
10.4925
9.91713
9.36233
8.8277
8.31286
7.81747
7.34119
6.88369
6.44464
6.02374
5.62067
5.23516
4.8669
4.51563
4.18109
3.86303
3.56118
3.27533
3.00526
2.75074
2.51157
2.28757
2.07853
1.88428
1.70463
1.53939
1.38836
1.25131
1.12793
1.0178
0.920325
0.834643
0.759577
0.693085
0.630827
0.579118
0.584008
182.057
132.031
126.967
125.7
123.365
121.168
118.928
116.481
113.818
110.98
108.018
104.98
101.908
98.8317
95.773
92.746
89.7601
86.8208
83.9316
81.0942
78.3096
75.5782
72.9
70.275
67.703
65.1838
62.7172
60.303
57.941
55.6309
53.3727
51.1659
49.0104
46.9059
44.8523
42.8491
40.8962
38.9932
37.14
35.3361
33.5814
31.8755
30.2181
28.609
27.0478
25.5342
24.068
22.6489
21.2765
19.9506
18.6709
17.4371
16.249
15.1062
14.0085
12.9557
11.9474
10.9835
10.0636
9.18767
8.35532
7.56636
6.82057
6.11775
5.45768
4.84015
4.26495
3.73184
3.24058
2.79087
2.38232
2.01438
1.68626
1.39675
1.14406
0.925589
0.737516
0.574435
0.435537
0.329842
214.464
150.706
139.566
136.382
131.85
127.948
124.487
121.125
117.783
114.446
111.115
107.8
104.514
101.265
98.0601
94.905
91.8025
88.7548
85.763
82.8278
79.9493
77.1276
74.3628
71.6545
69.0026
66.4069
63.867
61.3828
58.9539
56.58
54.2608
51.9961
49.7854
47.6285
45.5249
43.4744
41.4766
39.531
37.6374
35.7954
34.0045
32.2645
30.5749
28.9354
27.3456
25.805
24.3135
22.8705
21.4757
20.1288
18.8294
17.5772
16.3718
15.2129
14.1001
13.0332
12.0119
11.0358
10.1046
9.21809
8.37593
7.57786
6.82362
6.11296
5.44563
4.82139
4.23997
3.70116
3.20468
2.75028
2.33763
1.96637
1.63598
1.34577
1.09469
0.881097
0.701625
0.550852
0.425815
0.282786
241.783
168.524
148.935
142.682
136.66
131.715
127.499
123.583
119.835
116.201
112.655
109.181
105.773
102.429
99.1455
95.9227
92.7598
89.6566
86.6127
83.6281
80.7024
77.8357
75.0276
72.2779
69.5864
66.9528
64.3768
61.8581
59.3965
56.9915
54.6428
52.35
50.1128
47.9308
45.8035
43.7305
41.7115
39.746
37.8336
35.9739
34.1664
32.4108
30.7066
29.0534
27.4507
25.8982
24.3955
22.9421
21.5376
20.1817
18.8739
17.6139
16.4013
15.2358
14.1169
13.0444
12.0178
11.0369
10.1013
9.21073
8.36486
7.56339
6.80603
6.09252
5.42256
4.79592
4.21233
3.67155
3.17332
2.71742
2.30358
1.93152
1.60093
1.31136
1.06216
0.852087
0.678063
0.534809
0.413468
0.247824
250.638
173.509
151.97
145.209
138.81
133.502
128.988
124.833
120.896
117.118
113.461
109.902
106.429
103.032
99.7061
96.4467
93.2516
90.1192
87.0482
84.0381
81.0883
78.1985
75.3683
72.5976
69.8859
67.2331
64.6388
62.1027
59.6244
57.2036
54.8399
52.533
50.2823
48.0875
45.9481
43.8638
41.834
39.8584
37.9365
36.0678
34.2519
32.4883
30.7767
29.1165
27.5074
25.9488
24.4404
22.9817
21.5723
20.2118
18.8998
17.6358
16.4196
15.2507
14.1286
13.0532
12.024
11.0406
10.1028
9.21011
8.36233
7.55911
6.80015
6.08517
5.41388
4.78602
4.20132
3.65955
3.16047
2.70384
2.28945
1.91707
1.58645
1.29722
1.04884
0.840122
0.667962
0.527175
0.407084
0.235458
250.638
173.509
151.97
145.209
138.81
133.502
128.988
124.833
120.896
117.118
113.461
109.902
106.429
103.032
99.7061
96.4467
93.2516
90.1192
87.0482
84.0381
81.0883
78.1985
75.3683
72.5976
69.8859
67.2331
64.6388
62.1027
59.6244
57.2036
54.8399
52.533
50.2823
48.0875
45.9481
43.8638
41.834
39.8584
37.9365
36.0678
34.2519
32.4883
30.7767
29.1165
27.5074
25.9488
24.4404
22.9817
21.5723
20.2118
18.8998
17.6358
16.4196
15.2507
14.1286
13.0532
12.024
11.0406
10.1028
9.21011
8.36233
7.55911
6.80015
6.08517
5.41388
4.78602
4.20132
3.65955
3.16047
2.70384
2.28945
1.91707
1.58645
1.29722
1.04884
0.840122
0.667962
0.527175
0.407084
0.235457
241.783
168.524
148.935
142.682
136.66
131.715
127.499
123.583
119.835
116.201
112.655
109.181
105.773
102.429
99.1455
95.9227
92.7598
89.6566
86.6127
83.6281
80.7024
77.8357
75.0276
72.2779
69.5864
66.9528
64.3768
61.8581
59.3965
56.9915
54.6428
52.35
50.1128
47.9308
45.8035
43.7305
41.7115
39.746
37.8336
35.9739
34.1664
32.4108
30.7066
29.0534
27.4507
25.8982
24.3955
22.9421
21.5376
20.1817
18.8739
17.6139
16.4013
15.2358
14.1169
13.0444
12.0178
11.0369
10.1013
9.21073
8.36486
7.56339
6.80603
6.09252
5.42256
4.79592
4.21233
3.67155
3.17332
2.71742
2.30358
1.93152
1.60093
1.31136
1.06216
0.852087
0.678063
0.534809
0.413468
0.247824
214.464
150.706
139.566
136.382
131.85
127.948
124.487
121.125
117.783
114.446
111.115
107.8
104.514
101.265
98.0601
94.905
91.8025
88.7548
85.763
82.8278
79.9493
77.1276
74.3628
71.6545
69.0026
66.4069
63.867
61.3828
58.9539
56.58
54.2608
51.9961
49.7854
47.6285
45.5249
43.4744
41.4766
39.531
37.6374
35.7954
34.0045
32.2645
30.5749
28.9354
27.3456
25.805
24.3135
22.8705
21.4757
20.1288
18.8294
17.5772
16.3718
15.2129
14.1001
13.0332
12.0119
11.0358
10.1046
9.21809
8.37593
7.57786
6.82362
6.11296
5.44563
4.82139
4.23997
3.70116
3.20468
2.75028
2.33763
1.96637
1.63598
1.34577
1.09469
0.881096
0.701624
0.550852
0.425815
0.282785
182.057
132.031
126.967
125.7
123.365
121.168
118.928
116.481
113.818
110.98
108.018
104.98
101.908
98.8317
95.773
92.746
89.7601
86.8208
83.9316
81.0942
78.3096
75.5782
72.9
70.275
67.703
65.1838
62.7172
60.303
57.941
55.6309
53.3727
51.1659
49.0104
46.9059
44.8523
42.8491
40.8962
38.9932
37.14
35.3361
33.5814
31.8755
30.2181
28.609
27.0478
25.5342
24.068
22.6489
21.2765
19.9506
18.6709
17.4371
16.249
15.1062
14.0085
12.9557
11.9474
10.9835
10.0636
9.18767
8.35532
7.56636
6.82057
6.11775
5.45768
4.84015
4.26495
3.73185
3.24058
2.79087
2.38232
2.01438
1.68626
1.39675
1.14406
0.925589
0.737517
0.574436
0.435538
0.329843
267.319
200.791
197.029
196.487
193.581
190.528
187.183
183.421
179.309
174.947
170.425
165.816
161.174
156.535
151.925
147.359
142.847
138.395
134.008
129.686
125.433
121.247
117.131
113.084
109.106
105.199
101.361
97.5947
93.8988
90.2738
86.7199
83.2375
79.8266
76.4873
73.2199
70.0243
66.9008
63.8494
60.8702
57.9632
55.1284
52.3659
49.6757
47.0578
44.5121
42.0388
39.6376
37.3087
35.0519
32.8672
30.7545
28.7138
26.745
24.8481
23.0228
21.2693
19.5872
17.9766
16.4374
14.9694
13.5726
12.2467
10.9918
9.80758
8.694
7.65091
6.67816
5.77556
4.9429
4.1799
3.48621
2.8613
2.30447
1.81466
1.39038
1.02951
0.729236
0.485898
0.293996
0.130573
300.459
218.088
211.437
209.621
203.582
197.978
192.866
187.864
182.899
177.963
173.058
168.191
163.371
158.605
153.898
149.253
144.673
140.159
135.712
131.333
127.023
122.783
118.612
114.512
110.482
106.523
102.635
98.8187
95.0741
91.4014
87.8008
84.2726
80.8168
77.4337
74.1233
70.8857
67.7211
64.6295
61.611
58.6656
55.7934
52.9943
50.2685
47.6159
45.0365
42.5302
40.0971
37.7371
35.4502
33.2363
31.0954
29.0273
27.0321
25.1095
23.2597
21.4823
19.7775
18.1449
16.5846
15.0964
13.6802
12.3359
11.0633
9.86231
8.73276
7.67452
6.68743
5.7713
4.92595
4.15118
3.44673
2.81232
2.24762
1.75218
1.32546
0.966615
0.674084
0.444841
0.26794
0.0893037
331.743
237.69
222.73
217.849
209.667
202.378
196.067
190.227
184.685
179.357
174.188
169.144
164.205
159.355
154.587
149.895
145.276
140.728
136.251
131.844
127.507
123.24
119.044
114.919
110.866
106.884
102.974
99.1368
95.3719
91.6797
88.0604
84.5142
81.0412
77.6416
74.3155
71.0629
67.8839
64.7786
61.747
58.7891
55.905
53.0947
50.3582
47.6953
45.1062
42.5908
40.149
37.7808
35.4861
33.2649
31.117
29.0424
27.041
25.1127
23.2574
21.475
19.7653
18.1283
16.5637
15.0716
13.6517
12.304
11.0282
9.82419
8.69186
7.63102
6.64152
5.72319
4.87587
4.09941
3.39365
2.75846
2.19375
1.69944
1.27547
0.921577
0.636803
0.418356
0.250794
0.0672775
341.484
242.727
226.309
221.156
212.405
204.495
197.684
191.463
185.639
180.108
174.796
169.651
164.641
159.742
154.937
150.216
145.575
141.008
136.513
132.091
127.739
123.459
119.249
115.112
111.046
107.053
103.132
99.2836
95.5084
91.8064
88.1777
84.6226
81.1411
77.7335
74.3996
71.1397
67.9538
64.8419
61.8041
58.8404
55.9507
53.1352
50.3937
47.7262
45.1327
42.6131
40.1674
37.7956
35.4975
33.273
31.1221
29.0448
27.0407
25.11
23.2524
21.4679
19.7563
18.1174
16.5512
15.0576
13.6362
12.2871
11.0101
9.80501
8.67163
7.60985
6.6195
5.70042
4.85247
4.07553
3.36949
2.73432
2.17
1.67661
1.25421
0.902628
0.620978
0.406547
0.242556
0.0585123
341.484
242.727
226.309
221.156
212.405
204.495
197.684
191.463
185.639
180.108
174.796
169.651
164.641
159.742
154.937
150.216
145.575
141.008
136.513
132.091
127.739
123.459
119.249
115.112
111.046
107.053
103.132
99.2836
95.5084
91.8064
88.1777
84.6226
81.1411
77.7335
74.3996
71.1397
67.9538
64.8419
61.8041
58.8404
55.9507
53.1352
50.3937
47.7262
45.1327
42.6131
40.1674
37.7956
35.4975
33.273
31.1221
29.0448
27.0407
25.11
23.2524
21.4679
19.7563
18.1174
16.5512
15.0576
13.6362
12.2871
11.0101
9.80501
8.67163
7.60985
6.6195
5.70042
4.85247
4.07553
3.36949
2.73432
2.17
1.67661
1.25421
0.902628
0.620979
0.406547
0.242555
0.0585115
331.743
237.69
222.73
217.849
209.667
202.378
196.067
190.227
184.685
179.357
174.188
169.144
164.205
159.355
154.587
149.895
145.276
140.728
136.251
131.844
127.507
123.24
119.044
114.919
110.866
106.884
102.974
99.1368
95.3719
91.6797
88.0604
84.5142
81.0412
77.6416
74.3155
71.0629
67.8839
64.7786
61.747
58.7891
55.905
53.0947
50.3582
47.6953
45.1062
42.5908
40.149
37.7808
35.4861
33.2649
31.117
29.0424
27.041
25.1127
23.2574
21.475
19.7653
18.1283
16.5637
15.0716
13.6517
12.304
11.0282
9.82419
8.69186
7.63102
6.64152
5.72319
4.87587
4.09941
3.39365
2.75846
2.19375
1.69944
1.27547
0.921577
0.636804
0.418358
0.250793
0.067276
300.459
218.088
211.437
209.621
203.582
197.978
192.866
187.864
182.899
177.963
173.058
168.191
163.371
158.605
153.898
149.253
144.673
140.159
135.712
131.333
127.023
122.783
118.612
114.512
110.482
106.523
102.635
98.8187
95.0741
91.4014
87.8008
84.2726
80.8168
77.4337
74.1233
70.8857
67.7211
64.6295
61.611
58.6656
55.7934
52.9943
50.2685
47.6159
45.0365
42.5302
40.0971
37.7371
35.4502
33.2363
31.0954
29.0273
27.0321
25.1095
23.2597
21.4823
19.7775
18.1449
16.5846
15.0964
13.6802
12.3359
11.0633
9.86231
8.73276
7.67452
6.68743
5.7713
4.92595
4.15118
3.44673
2.81232
2.24762
1.75218
1.32546
0.966615
0.674085
0.444841
0.26794
0.089301
267.319
200.791
197.029
196.487
193.581
190.528
187.183
183.421
179.309
174.947
170.425
165.816
161.174
156.535
151.925
147.359
142.847
138.395
134.008
129.686
125.433
121.247
117.131
113.084
109.106
105.199
101.361
97.5947
93.8988
90.2738
86.7199
83.2375
79.8266
76.4873
73.2199
70.0243
66.9008
63.8494
60.8702
57.9632
55.1284
52.3659
49.6757
47.0578
44.5121
42.0388
39.6376
37.3087
35.0519
32.8672
30.7545
28.7138
26.745
24.8481
23.0228
21.2693
19.5872
17.9766
16.4374
14.9694
13.5726
12.2467
10.9918
9.80758
8.694
7.65091
6.67816
5.77556
4.9429
4.1799
3.48621
2.8613
2.30447
1.81466
1.39038
1.02951
0.729236
0.485899
0.293997
0.130574
335.891
267.896
264.635
264.197
260.758
256.304
251.191
245.583
239.64
233.494
227.242
220.955
214.678
208.442
202.265
196.159
190.133
184.19
178.335
172.568
166.891
161.305
155.81
150.408
145.099
139.883
134.76
129.731
124.797
119.956
115.211
110.561
106.006
101.546
97.182
92.9137
88.7412
84.6647
80.6843
76.8001
73.012
69.3202
65.7246
62.2253
58.8223
55.5156
52.3052
49.191
46.1731
43.2514
40.4258
37.6964
35.063
32.5256
30.0842
27.7386
25.4889
23.3349
21.2765
19.3138
17.4465
15.6747
13.9981
12.4167
10.9305
9.53923
8.24282
7.04113
5.93398
4.92115
4.00241
3.17752
2.44625
1.80855
1.26481
0.816352
0.466299
0.218319
0.0781759
0.0536877
355.015
284.92
280.413
277.235
270.151
262.841
255.699
248.692
241.82
235.075
228.446
221.924
215.5
209.171
202.932
196.784
190.724
184.753
178.872
173.081
167.38
161.771
156.254
150.83
145.499
140.261
135.118
130.069
125.115
120.257
115.493
110.825
106.253
101.777
97.3976
93.1141
88.9269
84.8363
80.8422
76.9447
73.1438
69.4397
65.8322
62.3215
58.9074
55.59
52.3693
49.2453
46.2178
43.2869
40.4525
37.7146
35.073
32.5279
30.0789
27.7262
25.4696
23.309
21.2443
19.2756
17.4026
15.6253
13.9435
12.3572
10.8663
9.47059
8.17001
6.9644
5.85362
4.83756
3.91612
3.0893
2.3573
1.7207
1.18072
0.739758
0.401833
0.17053
0.0509539
0.0513575
381.814
301.604
291.841
286.116
276.646
267.319
258.673
250.604
243.008
235.785
228.847
222.129
215.585
209.182
202.899
196.723
190.646
184.664
178.775
172.978
167.272
161.658
156.137
150.709
145.374
140.133
134.987
129.935
124.979
120.118
115.353
110.684
106.111
101.635
97.2544
92.9708
88.7838
84.6936
80.7002
76.8036
73.0039
69.301
65.695
62.1859
58.7736
55.4581
52.2394
49.1175
46.0922
43.1636
40.3315
37.596
34.9568
32.4141
29.9676
27.6173
25.3632
23.205
21.1428
19.1764
17.3058
15.5308
13.8513
12.2672
10.7784
9.38478
8.08621
6.8826
5.77386
4.75993
3.84088
3.0169
2.2885
1.65662
1.1229
0.690109
0.36254
0.143746
0.037915
0.0501653
391.258
306.373
295.83
289.871
279.691
269.564
260.244
251.658
243.689
236.207
229.094
222.262
215.645
209.196
202.884
196.691
190.604
184.615
178.722
172.922
167.214
161.598
156.075
150.646
145.31
140.068
134.921
129.868
124.911
120.05
115.285
110.615
106.042
101.566
97.1855
92.9021
88.7155
84.6257
80.6328
76.7368
72.9378
69.2357
65.6305
62.1223
58.7109
55.3965
52.1788
49.0579
46.0338
43.1062
40.2753
37.5409
34.903
32.3614
29.9161
27.567
25.314
23.157
21.0959
19.1306
17.2611
15.4872
13.8087
12.2256
10.7378
9.34517
8.04758
6.84494
5.73722
4.72441
3.80664
2.98424
2.25782
1.62847
1.09794
0.668994
0.345846
0.132006
0.0312584
0.0463096
391.258
306.373
295.83
289.871
279.691
269.564
260.244
251.658
243.689
236.207
229.094
222.262
215.645
209.196
202.884
196.691
190.604
184.615
178.722
172.922
167.214
161.598
156.075
150.646
145.31
140.068
134.921
129.868
124.911
120.05
115.285
110.615
106.042
101.566
97.1855
92.9021
88.7155
84.6257
80.6328
76.7368
72.9378
69.2357
65.6305
62.1223
58.7109
55.3965
52.1788
49.0579
46.0338
43.1062
40.2753
37.5409
34.903
32.3614
29.9161
27.567
25.314
23.157
21.0959
19.1306
17.2611
15.4872
13.8087
12.2256
10.7378
9.34517
8.04758
6.84494
5.73722
4.72441
3.80664
2.98424
2.25782
1.62847
1.09794
0.668995
0.345847
0.132001
0.0312495
0.046326
381.814
301.604
291.841
286.116
276.646
267.319
258.673
250.604
243.008
235.785
228.847
222.129
215.585
209.182
202.899
196.723
190.646
184.664
178.775
172.978
167.272
161.658
156.137
150.709
145.374
140.133
134.987
129.935
124.979
120.118
115.353
110.684
106.111
101.635
97.2544
92.9708
88.7838
84.6936
80.7002
76.8036
73.0039
69.301
65.695
62.1859
58.7736
55.4581
52.2394
49.1175
46.0922
43.1636
40.3315
37.596
34.9568
32.4141
29.9676
27.6173
25.3632
23.205
21.1428
19.1764
17.3058
15.5308
13.8513
12.2672
10.7784
9.38478
8.08621
6.8826
5.77386
4.75993
3.84088
3.01691
2.2885
1.65662
1.1229
0.69011
0.362541
0.143741
0.0379074
0.0501803
355.015
284.92
280.413
277.235
270.151
262.841
255.699
248.692
241.82
235.075
228.446
221.924
215.5
209.171
202.932
196.784
190.724
184.753
178.872
173.081
167.38
161.771
156.254
150.83
145.499
140.261
135.118
130.069
125.115
120.257
115.493
110.825
106.253
101.777
97.3976
93.1141
88.9269
84.8363
80.8422
76.9447
73.1438
69.4397
65.8322
62.3215
58.9074
55.59
52.3693
49.2453
46.2178
43.2869
40.4525
37.7146
35.073
32.5279
30.0789
27.7262
25.4696
23.309
21.2443
19.2756
17.4026
15.6253
13.9435
12.3572
10.8663
9.47059
8.17001
6.9644
5.85362
4.83756
3.91612
3.0893
2.3573
1.7207
1.18072
0.739759
0.401832
0.170525
0.0509559
0.0513491
335.891
267.896
264.635
264.197
260.758
256.304
251.191
245.583
239.64
233.494
227.242
220.955
214.678
208.442
202.265
196.159
190.133
184.19
178.335
172.568
166.891
161.305
155.81
150.408
145.099
139.883
134.76
129.731
124.797
119.956
115.211
110.561
106.006
101.546
97.182
92.9137
88.7412
84.6647
80.6843
76.8001
73.012
69.3202
65.7246
62.2253
58.8223
55.5156
52.3052
49.191
46.1731
43.2514
40.4258
37.6964
35.063
32.5256
30.0842
27.7386
25.4889
23.3349
21.2765
19.3138
17.4465
15.6747
13.9981
12.4167
10.9305
9.53923
8.24282
7.04113
5.93398
4.92115
4.00241
3.17752
2.44625
1.80855
1.26481
0.816351
0.466297
0.21832
0.0781776
0.0536997
)
;

boundaryField
{
    left
    {
        type            calculated;
        value           nonuniform List<scalar> 
64
(
-408.734
-425.852
-446.019
-454.883
-454.883
-446.019
-425.852
-408.734
-282.608
-331.261
-360.456
-370.569
-370.569
-360.456
-331.261
-282.608
-156.957
-195.881
-220.832
-229.44
-229.44
-220.832
-195.881
-156.957
-35.1065
-49.7271
-58.9318
-62.2195
-62.2195
-58.9318
-49.7271
-35.1065
78.6634
90.7279
101.314
104.656
104.656
101.314
90.7279
78.6634
182.057
214.464
241.783
250.638
250.638
241.783
214.464
182.057
267.319
300.459
331.743
341.484
341.484
331.743
300.459
267.319
335.891
355.015
381.814
391.258
391.258
381.814
355.015
335.891
)
;
    }
    right
    {
        type            calculated;
        value           nonuniform List<scalar> 
64
(
1.37337
1.37343
1.37204
1.37673
1.37673
1.37204
1.37342
1.37338
1.26571
1.34313
1.35695
1.36602
1.36602
1.35696
1.34314
1.26571
1.02102
1.12227
1.13976
1.14916
1.14916
1.13976
1.12227
1.02102
0.692213
0.769684
0.770085
0.77349
0.77349
0.770085
0.769684
0.692209
0.374034
0.394787
0.37171
0.366494
0.366493
0.371709
0.394786
0.374032
0.139362
0.10271
0.0667834
0.0563507
0.0563518
0.0667847
0.10271
0.139365
0.04488
-0.0135176
-0.0348712
-0.041521
-0.0415224
-0.0348734
-0.0135163
0.0448826
-0.00126737
-0.00626509
-0.0012145
-0.00311397
-0.00312373
-0.0012203
-0.00624925
-0.00127282
)
;
    }
    back
    {
        type            calculated;
        value           nonuniform List<scalar> 
640
(
-387.256
-250.827
-134.202
-27.2891
75.1064
175.678
272.126
365.371
-311.581
-203.916
-107.537
-22.934
52.1771
123.547
192.282
259.044
-300.394
-200.33
-109.491
-26.1929
49.8297
121.722
190.731
257.031
-296.041
-198.275
-110.461
-27.9853
48.7857
121.274
190.707
257.788
-292.399
-195.57
-109.649
-28.4616
47.7638
119.92
189.272
256.105
-288.181
-192.667
-108.247
-28.3561
46.9485
118.465
187.403
253.053
-283.057
-189.33
-106.484
-27.9818
46.1629
116.74
184.859
248.933
-277.134
-185.547
-104.464
-27.4917
45.2989
114.675
181.647
244.005
-270.607
-181.396
-102.26
-26.9604
44.318
112.294
177.906
238.512
-263.667
-176.97
-99.9226
-26.4197
43.2221
109.66
173.788
232.655
-256.47
-172.359
-97.493
-25.8812
42.034
106.846
169.424
226.587
-249.136
-167.637
-95.0052
-25.3475
40.7827
103.917
164.917
220.416
-241.755
-162.861
-92.4849
-24.8171
39.4952
100.928
160.34
214.213
-234.386
-158.073
-89.9513
-24.2873
38.1935
97.9171
155.745
208.024
-227.073
-153.303
-87.4177
-23.7558
36.8939
94.9125
151.165
201.88
-219.843
-148.57
-84.8938
-23.2207
35.6079
91.9325
146.623
195.799
-212.713
-143.888
-82.3861
-22.681
34.3428
88.989
142.13
189.792
-205.697
-139.267
-79.8995
-22.1362
33.1032
86.089
137.697
183.867
-198.8
-134.712
-77.4375
-21.5867
31.8916
83.237
133.326
178.027
-192.026
-130.227
-75.0026
-21.033
30.7093
80.4351
129.021
172.275
-185.378
-125.816
-72.5968
-20.4757
29.5566
77.6846
124.784
166.613
-178.858
-121.479
-70.2218
-19.9157
28.4335
74.986
120.616
161.041
-172.465
-117.218
-67.8787
-19.3539
27.3396
72.3395
116.516
155.56
-166.199
-113.033
-65.5687
-18.7911
26.2745
69.7449
112.486
150.172
-160.06
-108.926
-63.2926
-18.228
25.2376
67.2021
108.526
144.875
-154.048
-104.897
-61.0513
-17.6655
24.2285
64.711
104.636
139.672
-148.162
-100.945
-58.8453
-17.1042
23.2467
62.2714
100.816
134.561
-142.402
-97.0711
-56.6752
-16.5448
22.2916
59.8831
97.067
129.544
-136.766
-93.2752
-54.5417
-15.9878
21.3629
57.5458
93.3885
124.621
-131.254
-89.5573
-52.445
-15.4338
20.46
55.2594
89.7809
119.792
-125.865
-85.9174
-50.3858
-14.8833
19.5826
53.0237
86.2444
115.057
-120.598
-82.3553
-48.3643
-14.3369
18.7302
50.8385
82.7793
110.417
-115.453
-78.8711
-46.3809
-13.795
17.9025
48.7037
79.3856
105.871
-110.429
-75.4645
-44.436
-13.2581
17.099
46.6189
76.0634
101.421
-105.525
-72.1355
-42.5298
-12.7267
16.3193
44.5839
72.813
97.066
-100.74
-68.8839
-40.6627
-12.2011
15.5631
42.5986
69.6343
92.8063
-96.0731
-65.7096
-38.835
-11.6817
14.8299
40.6627
66.5276
88.6422
-91.5244
-62.6122
-37.0468
-11.1691
14.1194
38.776
63.4927
84.5737
-87.0928
-59.5917
-35.2984
-10.6636
13.4312
36.9382
60.5298
80.6009
-82.7774
-56.6479
-33.5901
-10.1655
12.7649
35.149
57.639
76.724
-78.5776
-53.7805
-31.922
-9.67518
12.1202
33.4082
54.8202
72.943
-74.4927
-50.9894
-30.2944
-9.19309
11.4967
31.7155
52.0734
69.2579
-70.5219
-48.2742
-28.7073
-8.71953
10.894
30.0707
49.3987
65.6688
-66.6646
-45.6349
-27.1611
-8.25482
10.3117
28.4735
46.796
62.1757
-62.9201
-43.0711
-25.6558
-7.79929
9.7496
26.9236
44.2653
58.7787
-59.2878
-40.5826
-24.1916
-7.35325
9.20728
25.4208
41.8066
55.4777
-55.767
-38.1691
-22.7686
-6.917
8.6844
23.9647
39.4199
52.2728
-52.357
-35.8305
-21.387
-6.49082
8.18066
22.5552
37.105
49.1639
-49.0574
-33.5665
-20.0468
-6.07498
7.69573
21.1919
34.862
46.151
-45.8674
-31.3768
-18.7482
-5.66976
7.2293
19.8746
32.6907
43.2341
-42.7864
-29.2612
-17.4912
-5.2754
6.78106
18.6031
30.5912
40.4131
-39.814
-27.2194
-16.2759
-4.89214
6.35073
17.3769
28.5632
37.688
-36.9495
-25.2513
-15.1024
-4.52022
5.93801
16.196
26.6068
35.0588
-34.1924
-23.3565
-13.9707
-4.15986
5.54264
15.0601
24.7219
32.5254
-31.5422
-21.5348
-12.881
-3.81126
5.16434
13.9688
22.9083
30.0878
-28.9983
-19.786
-11.8332
-3.47463
4.80285
12.9221
21.166
27.7459
-26.5602
-18.1099
-10.8274
-3.15015
4.45793
11.9195
19.4949
25.4996
-24.2275
-16.5061
-9.86366
-2.838
4.12934
10.9609
17.8949
23.3489
-21.9997
-14.9746
-8.94197
-2.53835
3.81683
10.0462
16.3658
21.2937
-19.8762
-13.5149
-8.06234
-2.25136
3.5202
9.17489
14.9075
19.3339
-17.8567
-12.127
-7.2248
-1.97717
3.23923
8.34696
13.52
17.4695
-15.9406
-10.8106
-6.42935
-1.71593
2.97372
7.56215
12.2031
15.7003
-14.1277
-9.56537
-5.67599
-1.46775
2.72346
6.82025
10.9566
14.0262
-12.4173
-8.39121
-4.9647
-1.23277
2.48827
6.12108
9.78065
12.4472
-10.8092
-7.28787
-4.29546
-1.01108
2.26799
5.46444
8.67493
10.9633
-9.30283
-6.25513
-3.66826
-0.802783
2.06242
4.85012
7.63932
9.57417
-7.89787
-5.29274
-3.08304
-0.607962
1.8714
4.27792
6.67367
8.2798
-6.59385
-4.40043
-2.53972
-0.426699
1.69477
3.74763
5.77778
7.08002
-5.39032
-3.57791
-2.03819
-0.259042
1.53235
3.25901
4.95143
5.97462
-4.28677
-2.82481
-1.57826
-0.104979
1.38393
2.8117
4.19432
4.96336
-3.28263
-2.14067
-1.1596
0.0355469
1.24924
2.40525
3.50602
4.04595
-2.37725
-1.52482
-0.781707
0.162664
1.12796
2.03904
2.8859
3.22199
-1.56988
-0.976344
-0.443773
0.276622
1.01962
1.71215
2.33307
2.49109
-0.859732
-0.493931
-0.144525
0.377858
0.923537
1.42313
1.8462
1.85289
-0.246264
-0.0757317
0.117978
0.467047
0.838666
1.1698
1.42333
1.30741
0.270375
0.280821
0.346527
0.54513
0.763564
0.949053
1.06177
0.855572
0.688658
0.579014
0.544476
0.612945
0.696253
0.756818
0.757984
0.500277
1.0018
0.820039
0.712202
0.668022
0.63223
0.5876
0.508115
0.245795
1.21608
1.00992
0.855077
0.714751
0.574087
0.441087
0.309315
0.0972952
1.30555
1.20138
1.04621
0.837354
0.591475
0.348169
0.139577
0.0516114
)
;
    }
    front
    {
        type            calculated;
        value           nonuniform List<scalar> 
640
(
-387.256
-250.827
-134.202
-27.2891
75.1064
175.678
272.126
365.371
-311.581
-203.916
-107.537
-22.934
52.1771
123.547
192.282
259.044
-300.394
-200.33
-109.491
-26.1929
49.8297
121.722
190.731
257.031
-296.041
-198.275
-110.461
-27.9853
48.7857
121.274
190.707
257.788
-292.399
-195.57
-109.649
-28.4616
47.7638
119.92
189.272
256.105
-288.181
-192.667
-108.247
-28.3561
46.9485
118.465
187.403
253.053
-283.057
-189.33
-106.484
-27.9818
46.1629
116.74
184.859
248.933
-277.134
-185.547
-104.464
-27.4917
45.2989
114.675
181.647
244.005
-270.607
-181.396
-102.26
-26.9604
44.318
112.294
177.906
238.512
-263.667
-176.97
-99.9226
-26.4197
43.2221
109.66
173.788
232.655
-256.47
-172.359
-97.493
-25.8812
42.034
106.846
169.424
226.587
-249.136
-167.637
-95.0052
-25.3475
40.7827
103.917
164.917
220.416
-241.755
-162.861
-92.4849
-24.8171
39.4952
100.928
160.34
214.213
-234.386
-158.073
-89.9513
-24.2873
38.1935
97.9171
155.745
208.024
-227.073
-153.303
-87.4177
-23.7558
36.8939
94.9125
151.165
201.88
-219.843
-148.57
-84.8938
-23.2207
35.6079
91.9325
146.623
195.799
-212.713
-143.888
-82.3861
-22.681
34.3428
88.989
142.13
189.792
-205.697
-139.267
-79.8995
-22.1362
33.1032
86.089
137.697
183.867
-198.8
-134.712
-77.4375
-21.5867
31.8916
83.237
133.326
178.027
-192.026
-130.227
-75.0026
-21.033
30.7093
80.4351
129.021
172.275
-185.378
-125.816
-72.5968
-20.4757
29.5566
77.6846
124.784
166.613
-178.858
-121.479
-70.2218
-19.9157
28.4335
74.986
120.616
161.041
-172.465
-117.218
-67.8787
-19.3539
27.3396
72.3395
116.516
155.56
-166.199
-113.033
-65.5687
-18.7911
26.2745
69.7449
112.486
150.172
-160.06
-108.926
-63.2926
-18.228
25.2376
67.2021
108.526
144.875
-154.048
-104.897
-61.0513
-17.6655
24.2285
64.711
104.636
139.672
-148.162
-100.945
-58.8453
-17.1042
23.2467
62.2714
100.816
134.561
-142.402
-97.0711
-56.6752
-16.5448
22.2916
59.8831
97.067
129.544
-136.766
-93.2752
-54.5417
-15.9878
21.3629
57.5458
93.3885
124.621
-131.254
-89.5573
-52.445
-15.4338
20.46
55.2594
89.7809
119.792
-125.865
-85.9174
-50.3858
-14.8833
19.5826
53.0237
86.2444
115.057
-120.598
-82.3553
-48.3643
-14.3369
18.7302
50.8385
82.7793
110.417
-115.453
-78.8711
-46.3809
-13.795
17.9025
48.7037
79.3856
105.871
-110.429
-75.4645
-44.436
-13.2581
17.099
46.6189
76.0634
101.421
-105.525
-72.1355
-42.5298
-12.7267
16.3193
44.5839
72.813
97.066
-100.74
-68.8839
-40.6627
-12.2011
15.5631
42.5986
69.6343
92.8063
-96.0731
-65.7096
-38.835
-11.6817
14.8299
40.6627
66.5276
88.6422
-91.5244
-62.6122
-37.0468
-11.1691
14.1194
38.776
63.4927
84.5737
-87.0928
-59.5917
-35.2984
-10.6636
13.4312
36.9382
60.5298
80.6009
-82.7774
-56.6479
-33.5901
-10.1655
12.7649
35.149
57.639
76.724
-78.5776
-53.7805
-31.922
-9.67518
12.1202
33.4082
54.8202
72.943
-74.4927
-50.9894
-30.2944
-9.19309
11.4967
31.7155
52.0734
69.2579
-70.5219
-48.2742
-28.7073
-8.71953
10.894
30.0707
49.3987
65.6688
-66.6646
-45.6349
-27.1611
-8.25482
10.3117
28.4735
46.796
62.1757
-62.9201
-43.0711
-25.6558
-7.79929
9.7496
26.9236
44.2653
58.7787
-59.2878
-40.5826
-24.1916
-7.35325
9.20727
25.4208
41.8066
55.4777
-55.767
-38.1691
-22.7686
-6.917
8.6844
23.9647
39.4199
52.2728
-52.357
-35.8305
-21.387
-6.49082
8.18066
22.5552
37.105
49.1639
-49.0574
-33.5665
-20.0468
-6.07498
7.69572
21.1919
34.862
46.151
-45.8674
-31.3768
-18.7482
-5.66976
7.22929
19.8746
32.6907
43.2341
-42.7864
-29.2612
-17.4912
-5.2754
6.78106
18.6031
30.5912
40.4131
-39.814
-27.2194
-16.2759
-4.89214
6.35072
17.3769
28.5632
37.688
-36.9495
-25.2513
-15.1024
-4.52022
5.93801
16.196
26.6068
35.0588
-34.1924
-23.3565
-13.9707
-4.15986
5.54264
15.0601
24.7219
32.5254
-31.5422
-21.5348
-12.881
-3.81126
5.16434
13.9688
22.9083
30.0878
-28.9983
-19.786
-11.8332
-3.47463
4.80285
12.922
21.166
27.7459
-26.5602
-18.1099
-10.8274
-3.15015
4.45793
11.9195
19.4949
25.4996
-24.2275
-16.5061
-9.86366
-2.838
4.12933
10.9609
17.8949
23.3489
-21.9997
-14.9746
-8.94197
-2.53835
3.81683
10.0461
16.3658
21.2937
-19.8762
-13.5149
-8.06234
-2.25136
3.5202
9.17489
14.9075
19.3339
-17.8567
-12.127
-7.2248
-1.97717
3.23923
8.34695
13.52
17.4695
-15.9406
-10.8106
-6.42935
-1.71592
2.97371
7.56214
12.2031
15.7003
-14.1277
-9.56537
-5.67599
-1.46775
2.72346
6.82025
10.9566
14.0262
-12.4173
-8.39121
-4.9647
-1.23277
2.48827
6.12108
9.78065
12.4472
-10.8092
-7.28788
-4.29546
-1.01108
2.26799
5.46444
8.67493
10.9633
-9.30283
-6.25513
-3.66826
-0.802781
2.06242
4.85012
7.63932
9.57417
-7.89786
-5.29274
-3.08304
-0.607961
1.8714
4.27792
6.67367
8.2798
-6.59385
-4.40043
-2.53972
-0.426699
1.69477
3.74763
5.77778
7.08002
-5.39032
-3.57791
-2.03819
-0.259041
1.53235
3.25901
4.95143
5.97462
-4.28676
-2.82481
-1.57826
-0.10498
1.38393
2.8117
4.19432
4.96336
-3.28263
-2.14067
-1.1596
0.0355463
1.24924
2.40525
3.50602
4.04595
-2.37725
-1.52482
-0.781705
0.162664
1.12796
2.03905
2.8859
3.22199
-1.56988
-0.976342
-0.443772
0.276621
1.01962
1.71215
2.33307
2.49109
-0.859735
-0.49393
-0.144524
0.377857
0.923537
1.42313
1.8462
1.85289
-0.246268
-0.0757325
0.117978
0.467046
0.838666
1.1698
1.42333
1.30741
0.270374
0.280819
0.346527
0.545128
0.763564
0.949056
1.06177
0.855574
0.68866
0.579012
0.544475
0.612943
0.696254
0.756821
0.757983
0.500277
1.0018
0.820037
0.7122
0.668021
0.632231
0.587603
0.508116
0.245785
1.21607
1.00992
0.855074
0.714748
0.574087
0.44109
0.309322
0.097297
1.30555
1.20138
1.04621
0.837348
0.591472
0.348173
0.139588
0.051599
)
;
    }
    top
    {
        type            calculated;
        value           nonuniform List<scalar> 
640
(
376.72
398.001
431.035
445.612
445.612
431.035
398.001
376.72
299.381
316.611
330.752
335.053
335.053
330.752
316.611
299.381
298.484
315.119
326.375
330.519
330.519
326.375
315.119
298.484
299.368
312.117
321.288
325.287
325.287
321.288
312.117
299.368
296.669
305.237
311.918
315.156
315.156
311.918
305.237
296.669
292.472
297.837
302.288
304.621
304.621
302.288
297.837
292.472
287.335
290.397
293.129
294.667
294.667
293.129
290.397
287.335
281.541
283.02
284.512
285.43
285.43
284.512
283.02
281.541
275.317
275.751
276.387
276.851
276.851
276.387
275.751
275.317
268.836
268.597
268.659
268.806
268.806
268.659
268.597
268.836
262.22
261.553
261.24
261.171
261.171
261.24
261.553
262.22
255.548
254.611
254.056
253.846
253.846
254.056
254.611
255.548
248.87
247.761
247.054
246.752
246.752
247.054
247.761
248.87
242.218
240.996
240.194
239.833
239.833
240.194
240.996
242.218
235.608
234.309
233.448
233.052
233.052
233.448
234.309
235.608
229.052
227.697
226.8
226.383
226.383
226.8
227.697
229.052
222.556
221.159
220.24
219.811
219.811
220.24
221.159
222.556
216.125
214.694
213.761
213.325
213.325
213.761
214.694
216.125
209.761
208.303
207.361
206.923
206.923
207.361
208.303
209.761
203.467
201.985
201.039
200.6
200.6
201.039
201.985
203.467
197.244
195.743
194.795
194.356
194.356
194.795
195.743
197.244
191.095
189.578
188.629
188.192
188.192
188.629
189.578
191.095
185.02
183.491
182.544
182.108
182.108
182.544
183.491
185.02
179.022
177.483
176.539
176.106
176.106
176.539
177.483
179.022
173.101
171.557
170.616
170.187
170.187
170.616
171.557
173.101
167.259
165.713
164.778
164.352
164.352
164.778
165.713
167.259
161.498
159.952
159.024
158.603
158.603
159.024
159.952
161.498
155.819
154.277
153.357
152.941
152.941
153.357
154.277
155.819
150.224
148.689
147.778
147.367
147.367
147.778
148.689
150.224
144.713
143.188
142.288
141.883
141.883
142.288
143.188
144.713
139.289
137.776
136.887
136.489
136.489
136.887
137.776
139.289
133.953
132.454
131.579
131.186
131.186
131.579
132.454
133.953
128.705
127.223
126.362
125.977
125.977
126.362
127.223
128.705
123.548
122.086
121.239
120.862
120.862
121.239
122.086
123.548
118.482
117.042
116.211
115.841
115.841
116.211
117.042
118.482
113.509
112.093
111.279
110.917
110.917
111.279
112.093
113.509
108.631
107.239
106.443
106.09
106.09
106.443
107.239
108.631
103.847
102.483
101.706
101.36
101.36
101.706
102.483
103.847
99.1598
97.8251
97.0664
96.7301
96.7301
97.0664
97.8251
99.1598
94.5703
93.266
92.5269
92.1996
92.1996
92.5269
93.266
94.5703
90.0794
88.807
88.0879
87.77
87.77
88.0879
88.807
90.0794
85.6882
84.4489
83.7504
83.4419
83.4419
83.7504
84.4489
85.6882
81.3979
80.1927
79.5153
79.2163
79.2163
79.5153
80.1927
81.3979
77.2094
76.0394
75.3832
75.0939
75.0939
75.3832
76.0394
77.2094
73.1237
71.9896
71.3551
71.0755
71.0755
71.3551
71.9896
73.1237
69.1419
68.0443
67.4316
67.1618
67.1618
67.4316
68.0443
69.1419
65.2647
64.2043
63.6136
63.3536
63.3536
63.6136
64.2043
65.2647
61.4931
60.4704
59.9017
59.6515
59.6515
59.9017
60.4704
61.4931
57.8279
56.8431
56.2965
56.0562
56.0562
56.2965
56.8431
57.8279
54.2701
53.3233
52.7988
52.5683
52.5683
52.7988
53.3233
54.2701
50.8202
49.9117
49.4091
49.1883
49.1883
49.4091
49.9117
50.8202
47.4791
46.6088
46.128
45.9169
45.9169
46.128
46.6088
47.4791
44.2475
43.4152
42.9561
42.7545
42.7545
42.9561
43.4152
44.2475
41.126
40.3315
39.8938
39.7016
39.7016
39.8938
40.3315
41.126
38.1153
37.3582
36.9417
36.7588
36.7588
36.9417
37.3582
38.1153
35.2159
34.4958
34.1001
33.9263
33.9263
34.1001
34.4958
35.2159
32.4284
31.7449
31.3695
31.2047
31.2047
31.3695
31.7449
32.4284
29.7533
29.1057
28.7504
28.5943
28.5943
28.7504
29.1057
29.7533
27.191
26.5787
26.2429
26.0954
26.0954
26.2429
26.5787
27.191
24.7421
24.1642
23.8475
23.7082
23.7082
23.8475
24.1642
24.7421
22.4067
21.8625
21.5644
21.4332
21.4332
21.5644
21.8625
22.4067
20.1855
19.6739
19.3938
19.2704
19.2704
19.3938
19.6739
20.1855
18.0786
17.5988
17.336
17.2202
17.2202
17.336
17.5988
18.0786
16.0864
15.6373
15.3913
15.2828
15.2828
15.3913
15.6373
16.0864
14.2089
13.7895
13.5597
13.4582
13.4582
13.5597
13.7895
14.2089
12.4465
12.0556
11.8413
11.7466
11.7466
11.8413
12.0556
12.4465
10.7993
10.4357
10.2363
10.1481
10.1481
10.2363
10.4357
10.7993
9.26727
8.92985
8.74471
8.66273
8.66273
8.74471
8.92985
9.26727
7.85058
7.53817
7.36667
7.29071
7.29071
7.36667
7.53817
7.85058
6.54921
6.26069
6.10234
6.03224
6.03224
6.10234
6.26068
6.5492
5.36312
5.09752
4.95195
4.88763
4.88763
4.95195
5.09752
5.36312
4.29227
4.04888
3.91594
3.85744
3.85744
3.91594
4.04888
4.29227
3.3367
3.11525
2.99513
2.94264
2.94264
2.99513
3.11525
3.3367
2.49672
2.2977
2.191
2.14487
2.14487
2.191
2.29769
2.49672
1.77328
1.59829
1.50613
1.46687
1.46687
1.50612
1.59828
1.77328
1.16851
1.02082
0.944813
0.912989
0.912987
0.944811
1.02082
1.16851
0.686234
0.571321
0.513523
0.489651
0.489651
0.513525
0.571326
0.686241
0.332557
0.258067
0.221461
0.205993
0.206003
0.221473
0.258077
0.33255
0.10686
0.0861534
0.0756528
0.0690818
0.0690968
0.0756682
0.0861509
0.106857
-0.0192806
0.0191169
0.0342939
0.0362122
0.0361966
0.034279
0.0191176
-0.0192976
)
;
    }
    bottom
    {
        type            calculated;
        value           nonuniform List<scalar> 
640
(
-465.184
-462.106
-471.797
-476.808
-476.808
-471.797
-462.106
-465.184
-373.897
-389.655
-397.191
-399.588
-399.588
-397.191
-389.655
-373.897
-358.016
-373.958
-382.308
-385.186
-385.186
-382.308
-373.958
-358.016
-349.692
-362.72
-370.696
-373.818
-373.818
-370.696
-362.72
-349.692
-342.678
-352.058
-358.596
-361.44
-361.44
-358.596
-352.058
-342.678
-335.404
-341.949
-346.944
-349.289
-349.289
-346.944
-341.949
-335.404
-327.489
-332.037
-335.742
-337.57
-337.57
-335.742
-332.037
-327.489
-319.023
-322.234
-324.974
-326.363
-326.363
-324.974
-322.234
-319.023
-310.172
-312.53
-314.592
-315.646
-315.646
-314.592
-312.53
-310.172
-301.091
-302.927
-304.534
-305.35
-305.35
-304.534
-302.927
-301.091
-291.906
-293.438
-294.75
-295.404
-295.404
-294.75
-293.438
-291.906
-282.711
-284.078
-285.204
-285.751
-285.751
-285.204
-284.078
-282.711
-273.574
-274.862
-275.874
-276.353
-276.353
-275.874
-274.862
-273.574
-264.541
-265.801
-266.745
-267.181
-267.181
-266.745
-265.801
-264.541
-255.643
-256.905
-257.809
-258.219
-258.219
-257.809
-256.905
-255.643
-246.901
-248.18
-249.062
-249.455
-249.455
-249.062
-248.18
-246.901
-238.326
-239.63
-240.498
-240.881
-240.881
-240.498
-239.63
-238.326
-229.925
-231.256
-232.116
-232.493
-232.493
-232.116
-231.256
-229.925
-221.702
-223.059
-223.914
-224.287
-224.287
-223.914
-223.059
-221.702
-213.657
-215.038
-215.89
-216.259
-216.259
-215.89
-215.038
-213.657
-205.791
-207.194
-208.042
-208.408
-208.408
-208.042
-207.194
-205.791
-198.102
-199.524
-200.367
-200.73
-200.73
-200.367
-199.524
-198.102
-190.59
-192.026
-192.864
-193.223
-193.223
-192.864
-192.026
-190.59
-183.253
-184.7
-185.531
-185.887
-185.887
-185.531
-184.7
-183.253
-176.088
-177.542
-178.366
-178.718
-178.718
-178.366
-177.542
-176.088
-169.094
-170.552
-171.367
-171.714
-171.714
-171.367
-170.552
-169.094
-162.27
-163.727
-164.533
-164.875
-164.875
-164.533
-163.727
-162.27
-155.612
-157.066
-157.86
-158.197
-158.197
-157.86
-157.066
-155.612
-149.119
-150.566
-151.349
-151.68
-151.68
-151.349
-150.566
-149.119
-142.789
-144.226
-144.996
-145.321
-145.321
-144.996
-144.226
-142.789
-136.62
-138.044
-138.8
-139.119
-139.119
-138.8
-138.044
-136.62
-130.61
-132.018
-132.76
-133.072
-133.072
-132.76
-132.018
-130.61
-124.758
-126.147
-126.873
-127.178
-127.178
-126.873
-126.147
-124.758
-119.061
-120.429
-121.138
-121.436
-121.436
-121.138
-120.429
-119.061
-113.517
-114.861
-115.553
-115.844
-115.844
-115.553
-114.861
-113.517
-108.125
-109.443
-110.117
-110.4
-110.4
-110.117
-109.443
-108.125
-102.882
-104.173
-104.828
-105.103
-105.103
-104.828
-104.173
-102.882
-97.7877
-99.048
-99.6846
-99.9509
-99.9509
-99.6846
-99.048
-97.7877
-92.8392
-94.0678
-94.6848
-94.9427
-94.9427
-94.6848
-94.0678
-92.8392
-88.0351
-89.2303
-89.8274
-90.0767
-90.0767
-89.8274
-89.2303
-88.0351
-83.3736
-84.534
-85.1107
-85.3512
-85.3512
-85.1107
-84.534
-83.3736
-78.8531
-79.9773
-80.5333
-80.765
-80.765
-80.5333
-79.9773
-78.8531
-74.4718
-75.5587
-76.0938
-76.3165
-76.3165
-76.0938
-75.5587
-74.4718
-70.2282
-71.2768
-71.7907
-72.0044
-72.0044
-71.7907
-71.2768
-70.2282
-66.1207
-67.13
-67.6225
-67.8272
-67.8272
-67.6225
-67.13
-66.1207
-62.1477
-63.117
-63.5881
-63.7836
-63.7836
-63.5881
-63.117
-62.1477
-58.3077
-59.2364
-59.6859
-59.8723
-59.8723
-59.6859
-59.2364
-58.3077
-54.5992
-55.4868
-55.9148
-56.092
-56.092
-55.9148
-55.4868
-54.5992
-51.0208
-51.8669
-52.2734
-52.4415
-52.4415
-52.2734
-51.8669
-51.0208
-47.571
-48.3755
-48.7605
-48.9196
-48.9196
-48.7605
-48.3755
-47.571
-44.2485
-45.0112
-45.3749
-45.525
-45.525
-45.3749
-45.0112
-44.2485
-41.052
-41.773
-42.1154
-42.2566
-42.2566
-42.1154
-41.773
-41.052
-37.9802
-38.6595
-38.9809
-39.1133
-39.1133
-38.9809
-38.6595
-37.9802
-35.0318
-35.6696
-35.9703
-36.094
-36.094
-35.9703
-35.6696
-35.0318
-32.2056
-32.8023
-33.0825
-33.1976
-33.1976
-33.0825
-32.8023
-32.2056
-29.5004
-30.0565
-30.3165
-30.4231
-30.4231
-30.3165
-30.0565
-29.5004
-26.9152
-27.4311
-27.6713
-27.7696
-27.7696
-27.6713
-27.4311
-26.9152
-24.4487
-24.9251
-25.1458
-25.236
-25.236
-25.1458
-24.9251
-24.4487
-22.1001
-22.5375
-22.7392
-22.8214
-22.8214
-22.7392
-22.5375
-22.1001
-19.8682
-20.2675
-20.4506
-20.5249
-20.5249
-20.4506
-20.2675
-19.8682
-17.7521
-18.1141
-18.279
-18.3457
-18.3457
-18.279
-18.1141
-17.7521
-15.7508
-16.0764
-16.2236
-16.283
-16.283
-16.2236
-16.0764
-15.7508
-13.8635
-14.1537
-14.2837
-14.3359
-14.3359
-14.2837
-14.1537
-13.8635
-12.0892
-12.345
-12.4584
-12.5036
-12.5036
-12.4584
-12.345
-12.0892
-10.4273
-10.6496
-10.7469
-10.7854
-10.7854
-10.7469
-10.6496
-10.4273
-8.87677
-9.06686
-9.14863
-9.1807
-9.1807
-9.14863
-9.06686
-8.87677
-7.43699
-7.59598
-7.66283
-7.68871
-7.68871
-7.66283
-7.59597
-7.43699
-6.1072
-6.23628
-6.28889
-6.30889
-6.30888
-6.28889
-6.23628
-6.10719
-4.88667
-4.98716
-5.02625
-5.04071
-5.04071
-5.02625
-4.98715
-4.88667
-3.77473
-3.84801
-3.87444
-3.88379
-3.88379
-3.87444
-3.84801
-3.77472
-2.7707
-2.81837
-2.83316
-2.83792
-2.83792
-2.83317
-2.81838
-2.7707
-1.87405
-1.898
-1.90242
-1.90324
-1.90323
-1.90242
-1.898
-1.87405
-1.08448
-1.08699
-1.08264
-1.08032
-1.08032
-1.08264
-1.08699
-1.08448
-0.402216
-0.386204
-0.375073
-0.370558
-0.370559
-0.375072
-0.386202
-0.402221
0.171475
0.20222
0.217717
0.223387
0.223386
0.21772
0.202223
0.171472
0.633336
0.674017
0.691201
0.697046
0.697045
0.691204
0.67402
0.63334
0.976025
1.02097
1.03713
1.0424
1.0424
1.03714
1.02098
0.976033
1.18956
1.23101
1.24315
1.24735
1.24735
1.24315
1.23101
1.18957
1.2566
1.28591
1.29187
1.29538
1.29538
1.29187
1.28591
1.2566
1.23064
1.23073
1.23093
1.2356
1.23559
1.23093
1.23073
1.23064
)
;
    }
}


// ************************************************************************* //
