/*--------------------------------*- C++ -*----------------------------------*\
| =========                 |                                                 |
| \\      /  F ield         | foam-extend: Open Source CFD                    |
|  \\    /   O peration     | Version:     4.1                                |
|   \\  /    A nd           | Web:         http://www.foam-extend.org         |
|    \\/     M anipulation  |                                                 |
\*---------------------------------------------------------------------------*/
FoamFile
{
    version     2.0;
    format      ascii;
    class       volScalarField;
    location    "0.192";
    object      sigmaEq;
}
// * * * * * * * * * * * * * * * * * * * * * * * * * * * * * * * * * * * * * //

dimensions      [1 -1 -2 0 0 0 0];

internalField   nonuniform List<scalar> 
5120
(
1083.16
952.793
931.581
912.122
895.341
878.091
859.175
838.735
817.165
794.856
772.139
749.273
726.445
703.788
681.392
659.318
637.603
616.271
595.336
574.805
554.683
534.968
515.662
496.763
478.267
460.173
442.478
425.179
408.272
391.755
375.624
359.877
344.51
329.52
314.904
300.659
286.782
273.269
260.118
247.326
234.89
222.806
211.073
199.686
188.644
177.944
167.584
157.559
147.869
138.511
129.482
120.779
112.402
104.347
96.6127
89.1966
82.0969
75.3118
68.8394
62.6779
56.8259
51.2816
46.0438
41.1112
36.4825
32.157
28.1339
24.4127
20.9935
17.8769
15.064
12.5573
10.3608
8.48055
6.92514
5.70382
4.82113
4.2673
4.0231
4.03136
983.367
960.93
955.938
932.196
908.958
886.323
863.321
840.012
816.549
793.062
769.663
746.443
723.472
700.803
678.473
656.51
634.929
613.743
592.956
572.572
552.592
533.015
513.839
495.064
476.685
458.701
441.109
423.906
407.089
390.656
374.604
358.929
343.63
328.702
314.143
299.951
286.122
272.654
259.544
246.789
234.386
222.333
210.627
199.266
188.246
177.566
167.223
157.215
147.538
138.192
129.173
120.48
112.11
104.061
96.3321
88.9202
81.8239
75.0413
68.5708
62.4107
56.5595
51.0157
45.778
40.8452
36.2163
31.8905
27.8672
24.1463
20.728
17.6133
14.8042
12.3043
10.1191
8.25684
6.72841
5.54436
4.70669
4.19953
3.99642
4.03868
957.948
940.999
953.013
936.265
914.084
890.369
865.775
841.007
816.419
792.147
768.243
744.729
721.612
698.896
676.583
654.674
633.17
612.072
591.378
571.088
551.2
531.713
512.623
493.929
475.628
457.717
440.194
423.056
406.3
389.924
373.924
358.299
343.045
328.16
313.641
299.486
285.691
272.254
259.172
246.443
234.064
222.033
210.347
199.004
188.001
177.336
167.006
157.009
147.343
138.006
128.996
120.31
111.946
103.903
96.1787
88.7709
81.678
74.8982
68.43
62.2717
56.4219
50.8792
45.6424
40.7102
36.0817
31.7563
27.7335
24.0132
20.596
17.4833
14.6776
12.1831
10.0063
8.15589
6.64303
5.47717
4.65814
4.16838
3.97894
4.02497
951.917
931.664
949.019
935.658
914.992
891.59
866.709
841.466
816.425
791.796
767.643
743.973
720.77
698.019
675.705
653.815
632.344
611.285
590.635
570.389
550.545
531.1
512.052
493.397
475.133
457.258
439.768
422.661
405.935
389.586
373.613
358.011
342.78
327.915
313.415
299.277
285.499
272.077
259.009
246.292
233.925
221.905
210.228
198.894
187.898
177.24
166.916
156.925
147.264
137.932
128.925
120.242
111.882
103.841
96.1186
88.7125
81.621
74.8423
68.375
62.2173
56.368
50.8256
45.5888
40.6567
36.0282
31.7027
27.6798
23.9596
20.5429
17.4312
14.6272
12.1356
9.96295
8.11825
6.61219
5.4534
4.64051
4.15538
3.96822
4.01207
951.917
931.664
949.019
935.658
914.992
891.59
866.709
841.466
816.425
791.796
767.643
743.973
720.77
698.019
675.705
653.815
632.344
611.285
590.635
570.389
550.545
531.1
512.052
493.397
475.133
457.258
439.768
422.661
405.935
389.586
373.613
358.011
342.78
327.915
313.415
299.277
285.499
272.077
259.009
246.292
233.925
221.905
210.228
198.894
187.898
177.24
166.916
156.925
147.264
137.932
128.925
120.242
111.882
103.841
96.1186
88.7125
81.621
74.8423
68.375
62.2173
56.368
50.8256
45.5888
40.6567
36.0282
31.7027
27.6798
23.9596
20.5429
17.4312
14.6272
12.1356
9.96295
8.11825
6.61219
5.4534
4.64051
4.15538
3.96822
4.01207
957.948
940.999
953.013
936.265
914.084
890.369
865.775
841.007
816.419
792.147
768.243
744.729
721.612
698.896
676.583
654.674
633.17
612.072
591.378
571.088
551.2
531.713
512.623
493.929
475.628
457.717
440.194
423.056
406.3
389.924
373.924
358.299
343.045
328.16
313.641
299.486
285.691
272.254
259.172
246.443
234.064
222.033
210.347
199.004
188.001
177.336
167.006
157.009
147.343
138.006
128.996
120.31
111.946
103.903
96.1787
88.7709
81.678
74.8982
68.43
62.2717
56.4219
50.8792
45.6424
40.7102
36.0817
31.7563
27.7335
24.0132
20.596
17.4833
14.6776
12.1831
10.0063
8.15589
6.64303
5.47717
4.65814
4.16838
3.97894
4.02497
983.367
960.93
955.938
932.196
908.958
886.323
863.321
840.012
816.549
793.062
769.663
746.443
723.472
700.803
678.473
656.51
634.929
613.743
592.956
572.572
552.592
533.015
513.839
495.064
476.685
458.701
441.109
423.906
407.089
390.656
374.604
358.929
343.63
328.702
314.143
299.951
286.122
272.654
259.544
246.789
234.386
222.333
210.627
199.266
188.246
177.566
167.223
157.215
147.538
138.192
129.173
120.48
112.11
104.061
96.3321
88.9202
81.8239
75.0413
68.5708
62.4107
56.5595
51.0157
45.778
40.8452
36.2163
31.8905
27.8672
24.1463
20.728
17.6133
14.8042
12.3043
10.1191
8.25684
6.72841
5.54435
4.70669
4.19953
3.99642
4.03868
1083.16
952.793
931.581
912.122
895.341
878.091
859.175
838.735
817.165
794.856
772.139
749.273
726.445
703.788
681.392
659.318
637.603
616.271
595.336
574.805
554.683
534.968
515.662
496.763
478.267
460.173
442.478
425.179
408.272
391.755
375.624
359.877
344.51
329.52
314.904
300.659
286.782
273.269
260.118
247.326
234.89
222.806
211.073
199.686
188.644
177.944
167.584
157.559
147.869
138.511
129.482
120.779
112.402
104.347
96.6127
89.1966
82.0969
75.3118
68.8394
62.6779
56.8259
51.2816
46.0438
41.1112
36.4825
32.157
28.1339
24.4127
20.9935
17.8769
15.064
12.5573
10.3608
8.48055
6.92515
5.70382
4.82112
4.2673
4.0231
4.03136
638.724
647.437
651.935
637.473
623.847
611.152
598.038
584.277
569.924
555.119
540.023
524.784
509.521
494.324
479.256
464.362
449.67
435.201
420.966
406.974
393.229
379.736
366.494
353.507
340.773
328.292
316.066
304.093
292.372
280.904
269.686
258.719
248.001
237.531
227.309
217.332
207.601
198.114
188.869
179.866
171.103
162.58
154.294
146.245
138.432
130.853
123.507
116.393
109.51
102.857
96.4313
90.2332
84.2611
78.5138
72.9903
67.6892
62.6096
57.7503
53.11
48.6878
44.4823
40.4925
36.7171
33.1549
29.8045
26.6645
23.7332
21.0091
18.4898
16.1731
14.0559
12.1344
10.404
8.85889
7.4928
6.30022
5.2808
4.45426
3.89696
3.73888
553.379
668.266
678.702
654.823
634.304
616.984
600.507
584.406
568.514
552.748
537.09
521.558
506.176
490.97
475.959
461.161
446.587
432.246
418.143
404.282
390.667
377.298
364.176
351.303
338.677
326.3
314.17
302.289
290.654
279.266
268.124
257.228
246.576
236.168
226.003
216.08
206.399
196.958
187.756
178.792
170.066
161.577
153.322
145.302
137.515
129.96
122.637
115.543
108.679
102.042
95.6325
89.4487
83.4898
77.7548
72.2426
66.9521
61.8825
57.0327
52.4017
47.9886
43.7922
39.8117
36.046
32.4941
29.1549
26.0273
23.1101
20.402
17.9014
15.6068
13.5159
11.6264
9.93505
8.43803
7.13118
6.01112
5.07732
4.34427
3.87471
3.76917
522.884
659.77
684.319
662.806
640.583
621.135
602.767
585.162
568.17
551.646
535.501
519.677
504.143
488.878
473.87
459.112
444.601
430.337
416.317
402.542
389.011
375.726
362.685
349.888
337.337
325.03
312.967
301.148
289.573
278.241
267.152
256.304
245.699
235.334
225.209
215.323
205.677
196.268
187.096
178.161
169.46
160.994
152.762
144.762
136.994
129.456
122.148
115.069
108.217
101.593
95.1942
89.0205
83.0708
77.3441
71.8396
66.5563
61.4933
56.6497
52.0245
47.6169
43.426
39.4508
35.6904
32.1441
28.8107
25.6895
22.7794
20.0793
17.5883
15.3049
13.2279
11.3552
9.68454
8.21289
6.93668
5.85262
4.95925
4.26895
3.83582
3.74117
513.054
655.6
685.096
665.02
642.822
622.923
603.927
585.705
568.202
551.297
534.887
518.895
503.263
487.951
472.93
458.182
443.696
429.463
415.48
401.744
388.253
375.007
362.004
349.244
336.728
324.454
312.423
300.635
289.088
277.782
266.718
255.894
245.31
234.965
224.859
214.992
205.361
195.968
186.81
177.888
169.199
160.744
152.522
144.532
136.772
129.242
121.941
114.868
108.023
101.404
95.0099
88.8406
82.8949
77.1718
71.6705
66.3902
61.3298
56.4887
51.8658
47.4603
43.2713
39.2981
35.5398
31.9954
28.6643
25.5454
22.6379
19.9411
17.4538
15.1751
13.1038
11.2383
9.57648
8.11563
6.8523
5.78305
4.9059
4.23211
3.81179
3.71973
513.054
655.6
685.096
665.02
642.822
622.923
603.927
585.705
568.202
551.297
534.887
518.895
503.263
487.951
472.93
458.182
443.696
429.463
415.48
401.744
388.253
375.007
362.004
349.244
336.728
324.454
312.423
300.635
289.088
277.782
266.718
255.894
245.31
234.965
224.859
214.992
205.361
195.968
186.81
177.888
169.199
160.744
152.522
144.532
136.772
129.242
121.941
114.868
108.023
101.404
95.0099
88.8406
82.8949
77.1718
71.6705
66.3902
61.3298
56.4887
51.8658
47.4603
43.2713
39.2981
35.5398
31.9954
28.6643
25.5454
22.6379
19.9411
17.4538
15.1751
13.1038
11.2383
9.57648
8.11563
6.8523
5.78305
4.9059
4.23211
3.81179
3.71973
522.884
659.77
684.319
662.806
640.583
621.135
602.767
585.162
568.17
551.646
535.501
519.677
504.143
488.878
473.87
459.112
444.601
430.337
416.317
402.542
389.011
375.726
362.685
349.888
337.337
325.03
312.967
301.148
289.573
278.241
267.152
256.304
245.699
235.334
225.209
215.323
205.677
196.268
187.096
178.161
169.46
160.994
152.762
144.762
136.994
129.456
122.148
115.069
108.217
101.593
95.1942
89.0205
83.0708
77.3441
71.8396
66.5563
61.4933
56.6497
52.0245
47.6169
43.426
39.4508
35.6904
32.1441
28.8107
25.6895
22.7794
20.0793
17.5883
15.3049
13.2279
11.3552
9.68454
8.21289
6.93668
5.85262
4.95925
4.26895
3.83582
3.74117
553.379
668.266
678.702
654.823
634.304
616.984
600.507
584.406
568.514
552.748
537.09
521.558
506.176
490.97
475.959
461.161
446.587
432.246
418.143
404.282
390.667
377.298
364.176
351.303
338.677
326.3
314.17
302.289
290.654
279.266
268.124
257.228
246.576
236.168
226.003
216.08
206.399
196.958
187.756
178.792
170.066
161.577
153.322
145.302
137.515
129.96
122.637
115.543
108.679
102.042
95.6325
89.4487
83.4898
77.7548
72.2426
66.9521
61.8825
57.0327
52.4017
47.9886
43.7922
39.8117
36.046
32.4941
29.1549
26.0273
23.1101
20.402
17.9014
15.6068
13.5159
11.6264
9.93505
8.43803
7.13118
6.01112
5.07732
4.34427
3.87471
3.76917
638.724
647.437
651.935
637.473
623.847
611.152
598.038
584.277
569.924
555.119
540.023
524.784
509.521
494.324
479.256
464.362
449.67
435.201
420.966
406.974
393.229
379.736
366.494
353.507
340.773
328.292
316.066
304.093
292.372
280.904
269.686
258.719
248.001
237.531
227.309
217.332
207.601
198.114
188.869
179.866
171.103
162.58
154.294
146.245
138.432
130.853
123.507
116.393
109.51
102.857
96.4313
90.2332
84.2611
78.5138
72.9903
67.6892
62.6096
57.7503
53.11
48.6878
44.4823
40.4925
36.7171
33.1549
29.8045
26.6645
23.7332
21.0091
18.4898
16.1731
14.0559
12.1344
10.404
8.85889
7.4928
6.30022
5.2808
4.45426
3.89696
3.73888
332.184
355.684
376.328
375.774
370.422
363.727
356.244
348.295
340.032
331.551
322.934
314.256
305.575
296.934
288.364
279.886
271.512
263.253
255.113
247.097
239.208
231.448
223.819
216.322
208.958
201.729
194.634
187.675
180.852
174.165
167.614
161.199
154.921
148.78
142.775
136.906
131.173
125.575
120.114
114.787
109.595
104.538
99.615
94.8254
90.1688
85.6448
81.2527
76.9921
72.8622
68.8623
64.9918
61.2499
57.6356
54.1483
50.7868
47.5501
44.4373
41.447
38.5779
35.8286
33.1977
30.6833
28.2835
25.9964
23.8197
21.7509
19.7873
17.9259
16.1636
14.497
12.9227
11.437
10.0367
8.71908
7.48297
6.33011
5.26875
4.3267
3.59263
3.17956
281.696
377.601
396.875
386.87
375.531
365.31
355.525
346.081
336.886
327.854
318.943
310.138
301.437
292.842
284.357
275.986
267.731
259.596
251.583
243.692
235.925
228.283
220.768
213.381
206.122
198.992
191.992
185.123
178.385
171.778
165.303
158.96
152.75
146.672
140.727
134.915
129.235
123.688
118.274
112.992
107.842
102.825
97.9395
93.1855
88.5629
84.0712
79.7101
75.4791
71.3778
67.4057
63.5623
59.8469
56.2589
52.7977
49.4624
46.2523
43.1664
40.2038
37.3634
34.644
32.0443
29.5628
27.198
24.9479
22.8107
20.7842
18.8658
17.0529
15.3426
13.7318
12.217
10.795
9.46244
8.21679
7.05692
5.98488
5.0089
4.15868
3.52544
3.2201
259.233
378.515
406.091
395.453
380.993
368.1
356.395
345.63
335.557
325.962
316.709
307.715
298.928
290.314
281.854
273.535
265.348
257.29
249.357
241.547
233.862
226.3
218.862
211.549
204.361
197.3
190.364
183.556
176.876
170.324
163.901
157.608
151.443
145.409
139.504
133.73
128.087
122.573
117.191
111.938
106.817
101.826
96.9646
92.2339
87.6331
83.162
78.8204
74.608
70.5244
66.5693
62.7422
59.0426
55.4701
52.0241
48.7039
45.5088
42.4381
39.491
36.6665
33.9635
31.3809
28.9174
26.5715
24.3417
22.2261
20.2227
18.3293
16.5433
14.862
13.2823
11.8011
10.415
9.12081
7.91588
6.79912
5.77271
4.84567
4.0498
3.47065
3.19523
251.122
378.773
409.525
398.983
383.591
369.688
357.124
345.699
335.151
325.233
315.771
306.652
297.797
289.157
280.697
272.395
264.236
256.211
248.314
240.543
232.896
225.372
217.972
210.694
203.541
196.512
189.608
182.83
176.178
169.653
163.255
156.985
150.843
144.829
138.944
133.189
127.562
122.065
116.698
111.46
106.351
101.373
96.5234
91.8036
87.2131
82.7517
78.4192
74.2154
70.14
66.1926
62.373
58.6806
55.115
51.6758
48.3623
45.1739
42.1099
39.1695
36.3519
33.656
31.0809
28.6252
26.2876
24.0666
21.9605
19.9672
18.0847
16.3106
14.642
13.0762
11.61
10.2399
8.96291
7.77623
6.67885
5.67313
4.76838
3.99667
3.43932
3.17364
251.122
378.773
409.525
398.983
383.591
369.688
357.124
345.699
335.151
325.233
315.771
306.652
297.797
289.157
280.697
272.395
264.236
256.211
248.314
240.543
232.896
225.372
217.972
210.694
203.541
196.512
189.608
182.83
176.178
169.653
163.255
156.985
150.843
144.829
138.944
133.189
127.562
122.065
116.698
111.46
106.351
101.373
96.5234
91.8036
87.2131
82.7517
78.4192
74.2154
70.14
66.1926
62.373
58.6806
55.115
51.6758
48.3623
45.1739
42.1099
39.1695
36.3519
33.656
31.0809
28.6252
26.2876
24.0666
21.9605
19.9672
18.0847
16.3106
14.642
13.0762
11.61
10.2399
8.96291
7.77623
6.67885
5.67313
4.76838
3.99667
3.43932
3.17364
259.233
378.515
406.091
395.453
380.993
368.1
356.395
345.63
335.557
325.962
316.709
307.715
298.928
290.314
281.854
273.535
265.348
257.29
249.357
241.547
233.862
226.3
218.862
211.549
204.361
197.3
190.364
183.556
176.876
170.324
163.901
157.608
151.443
145.409
139.504
133.73
128.087
122.573
117.191
111.938
106.817
101.826
96.9646
92.2339
87.6331
83.162
78.8204
74.608
70.5244
66.5693
62.7422
59.0426
55.4701
52.0241
48.7039
45.5088
42.4381
39.491
36.6665
33.9635
31.3809
28.9174
26.5715
24.3417
22.2261
20.2227
18.3293
16.5433
14.862
13.2823
11.8011
10.415
9.12081
7.91588
6.79912
5.77271
4.84567
4.0498
3.47065
3.19523
281.696
377.601
396.875
386.87
375.531
365.31
355.525
346.081
336.886
327.854
318.943
310.138
301.437
292.842
284.357
275.986
267.731
259.596
251.583
243.692
235.925
228.283
220.768
213.381
206.122
198.992
191.992
185.123
178.385
171.778
165.303
158.96
152.75
146.672
140.727
134.915
129.235
123.688
118.274
112.992
107.842
102.825
97.9395
93.1855
88.5629
84.0712
79.7101
75.4791
71.3778
67.4057
63.5623
59.8469
56.2589
52.7977
49.4624
46.2523
43.1664
40.2038
37.3634
34.644
32.0443
29.5628
27.198
24.9479
22.8107
20.7842
18.8658
17.0529
15.3426
13.7318
12.217
10.795
9.46244
8.21679
7.05692
5.98488
5.0089
4.15868
3.52544
3.2201
332.184
355.684
376.328
375.774
370.422
363.727
356.244
348.295
340.032
331.551
322.934
314.256
305.575
296.934
288.364
279.886
271.512
263.253
255.113
247.097
239.208
231.448
223.819
216.322
208.958
201.729
194.634
187.675
180.852
174.165
167.614
161.199
154.921
148.78
142.775
136.906
131.173
125.575
120.114
114.787
109.595
104.538
99.615
94.8254
90.1688
85.6448
81.2527
76.9921
72.8622
68.8623
64.9918
61.2499
57.6356
54.1483
50.7868
47.5501
44.4373
41.447
38.5779
35.8286
33.1977
30.6833
28.2835
25.9964
23.8197
21.7509
19.7873
17.9259
16.1636
14.497
12.9227
11.437
10.0367
8.71908
7.48297
6.33011
5.26875
4.32671
3.59263
3.17955
89.1496
105.556
128.14
137.338
141.178
142.199
141.662
140.243
138.285
135.986
133.474
130.834
128.123
125.38
122.627
119.88
117.145
114.429
111.735
109.065
106.42
103.802
101.211
98.6491
96.1164
93.6138
91.1418
88.7008
86.2913
83.9136
81.568
79.2546
76.9735
74.7249
72.5088
70.3253
68.1742
66.0554
63.969
61.9148
59.8925
57.9019
55.943
54.0153
52.1185
50.2524
48.4166
46.6107
44.8343
43.0869
41.3681
39.6775
38.0143
36.3783
34.7686
33.1849
31.6264
30.0925
28.5826
27.096
25.6321
24.1901
22.7694
21.3693
19.9891
18.6282
17.2861
15.9623
14.6567
13.3692
12.1005
10.8521
9.62651
8.42821
7.26409
6.14391
5.07988
4.08802
3.2066
2.45503
72.6416
138.15
148.731
147.043
144.601
141.878
139.028
136.192
133.384
130.598
127.83
125.083
122.357
119.655
116.977
114.323
111.695
109.091
106.511
103.957
101.427
98.9222
96.4435
93.9911
91.5658
89.168
86.7982
84.457
82.1448
79.862
77.609
75.3861
73.1935
71.0315
68.9002
66.7997
64.7303
62.6919
60.6845
58.7082
56.7629
54.8485
52.965
51.1122
49.2898
47.4977
45.7357
44.0034
42.3005
40.6268
38.9817
37.365
35.7761
34.2146
32.68
31.1718
29.6894
28.2321
26.7995
25.3909
24.0056
22.643
21.3024
19.9831
18.6845
17.406
16.147
14.9071
13.686
12.4837
11.3006
10.1377
8.99703
7.88215
6.79866
5.75499
4.76324
3.84665
3.06162
2.47037
68.8114
157.766
167.003
158.885
151.04
144.611
139.332
134.93
131.127
127.722
124.585
121.633
118.81
116.079
113.417
110.806
108.237
105.702
103.197
100.719
98.2662
95.8388
93.4362
91.0586
88.7062
86.3796
84.079
81.8051
79.5583
77.3391
75.1478
72.9848
70.8505
68.7453
66.6693
64.6229
62.6062
60.6194
58.6626
56.736
54.8395
52.9731
51.137
49.3309
47.5549
45.8088
44.0923
42.4054
40.7478
39.1192
37.5193
35.9477
34.4041
32.8881
31.3992
29.9369
28.5007
27.0901
25.7045
24.3433
23.0059
21.6916
20.3998
19.1298
17.881
16.6528
15.4446
14.2559
13.0863
11.9358
10.8045
9.69314
8.60344
7.53849
6.50371
5.50814
4.5665
3.708
2.9894
2.45255
67.3807
166.144
175.621
165.147
154.943
146.669
140.063
134.75
130.341
126.543
123.16
120.063
117.161
114.397
111.729
109.132
106.587
104.083
101.613
99.1717
96.7571
94.3677
92.0027
89.6619
87.3456
85.0541
82.7877
80.5469
78.3322
76.144
73.9829
71.8492
69.7433
67.6657
65.6165
63.5961
61.6048
59.6428
57.7103
55.8073
53.934
52.0905
50.2769
48.493
46.7388
45.0143
43.3193
41.6538
40.0174
38.4099
36.8311
35.2807
33.7583
32.2635
30.7959
29.3551
27.9405
26.5517
25.1881
23.849
22.534
21.2423
19.9734
18.7265
17.5011
16.2965
15.1121
13.9474
12.8019
11.6756
10.5685
9.48119
8.41521
7.37358
6.36187
5.38969
4.47309
3.64314
2.9542
2.43763
67.3807
166.144
175.621
165.147
154.943
146.669
140.063
134.75
130.341
126.543
123.16
120.063
117.161
114.397
111.729
109.132
106.587
104.083
101.613
99.1717
96.7571
94.3677
92.0027
89.6619
87.3456
85.0541
82.7877
80.5469
78.3322
76.144
73.9829
71.8492
69.7433
67.6657
65.6165
63.5961
61.6048
59.6428
57.7103
55.8073
53.934
52.0905
50.2769
48.493
46.7388
45.0143
43.3193
41.6538
40.0174
38.4099
36.8311
35.2807
33.7583
32.2635
30.7959
29.3551
27.9405
26.5517
25.1881
23.849
22.534
21.2423
19.9734
18.7265
17.5011
16.2965
15.1121
13.9474
12.8019
11.6756
10.5685
9.48119
8.41521
7.37358
6.36187
5.38969
4.47309
3.64314
2.9542
2.43763
68.8114
157.766
167.003
158.885
151.04
144.611
139.332
134.93
131.127
127.722
124.585
121.633
118.81
116.079
113.417
110.806
108.237
105.702
103.197
100.719
98.2662
95.8388
93.4362
91.0586
88.7062
86.3796
84.079
81.8051
79.5583
77.3391
75.1478
72.9848
70.8505
68.7453
66.6693
64.6229
62.6062
60.6194
58.6626
56.736
54.8395
52.9731
51.137
49.3309
47.5549
45.8088
44.0923
42.4054
40.7478
39.1192
37.5193
35.9477
34.4041
32.8881
31.3992
29.9369
28.5007
27.0901
25.7045
24.3433
23.0059
21.6916
20.3998
19.1298
17.881
16.6528
15.4446
14.2559
13.0863
11.9358
10.8045
9.69314
8.60344
7.53849
6.50371
5.50814
4.5665
3.708
2.9894
2.45255
72.6416
138.15
148.731
147.043
144.601
141.878
139.028
136.192
133.384
130.598
127.83
125.083
122.357
119.655
116.977
114.323
111.695
109.091
106.511
103.957
101.427
98.9222
96.4435
93.9911
91.5658
89.168
86.7982
84.457
82.1448
79.862
77.609
75.3861
73.1935
71.0315
68.9002
66.7997
64.7303
62.6919
60.6845
58.7082
56.7629
54.8485
52.965
51.1122
49.2898
47.4977
45.7357
44.0034
42.3005
40.6268
38.9817
37.365
35.7761
34.2146
32.68
31.1718
29.6894
28.2321
26.7995
25.3909
24.0056
22.643
21.3024
19.9831
18.6845
17.406
16.147
14.9071
13.686
12.4837
11.3006
10.1377
8.99703
7.88215
6.79866
5.75499
4.76325
3.84665
3.06162
2.47037
89.1496
105.556
128.14
137.338
141.178
142.199
141.662
140.243
138.285
135.986
133.474
130.834
128.123
125.38
122.627
119.88
117.145
114.429
111.735
109.065
106.42
103.802
101.211
98.6491
96.1164
93.6138
91.1418
88.7008
86.2913
83.9136
81.568
79.2546
76.9735
74.7249
72.5088
70.3253
68.1742
66.0554
63.969
61.9148
59.8925
57.9019
55.943
54.0153
52.1185
50.2524
48.4166
46.6107
44.8343
43.0869
41.3681
39.6775
38.0143
36.3783
34.7686
33.1849
31.6264
30.0925
28.5826
27.096
25.6321
24.1901
22.7694
21.3693
19.9891
18.6282
17.2861
15.9623
14.6567
13.3692
12.1005
10.8521
9.62651
8.42821
7.26409
6.14391
5.07988
4.08802
3.2066
2.45503
164.73
141.335
143.241
141.469
140.991
141.153
141.194
140.79
139.813
138.276
136.267
133.897
131.273
128.483
125.595
122.658
119.706
116.762
113.839
110.946
108.089
105.271
102.492
99.7545
97.0578
94.4022
91.7876
89.2139
86.6809
84.1885
81.7364
79.3244
76.9523
74.6198
72.3267
70.0725
67.8571
65.6799
63.5407
61.439
59.3744
57.3464
55.3545
53.3982
51.477
49.5903
47.7375
45.9181
44.1314
42.3768
40.6537
38.9612
37.2988
35.6657
34.0612
32.4845
30.9348
29.4115
27.9136
26.4403
24.9908
23.5644
22.16
20.7769
19.4142
18.0711
16.7467
15.4404
14.1516
12.88
11.6256
10.3893
9.17297
7.98044
6.81787
5.69442
4.62126
3.60784
2.6545
1.68503
126.644
170.475
171.51
162.52
156.155
151.643
148.049
144.945
142.028
139.13
136.179
133.161
130.088
126.98
123.859
120.744
117.649
114.586
111.559
108.575
105.636
102.743
99.8981
97.1005
94.3506
91.6484
88.9935
86.3857
83.8246
81.3098
78.8409
76.4176
74.0394
71.7058
69.4163
67.1705
64.9677
62.8076
60.6894
58.6126
56.5767
54.5809
52.6247
50.7074
48.8283
46.9867
45.1819
43.4132
41.6798
39.981
38.316
36.684
35.0843
33.5159
31.9781
30.4699
28.9906
27.5393
26.1151
24.717
23.3442
21.9957
20.6707
19.3681
18.0871
16.8269
15.5864
14.365
13.1619
11.9767
10.8093
9.65998
8.53006
7.42206
6.34038
5.29182
4.28611
3.33806
2.46586
1.6609
109.098
182.934
189.017
177.684
167.699
160.038
153.96
148.95
144.599
140.642
136.922
133.351
129.881
126.487
123.157
119.884
116.667
113.503
110.393
107.336
104.333
101.383
98.4855
95.6409
92.8486
90.1084
87.4198
84.7823
82.1955
79.6589
77.172
74.7342
72.3451
70.0039
67.7102
65.4632
63.2623
61.1069
58.9963
56.9297
54.9065
52.926
50.9874
49.0899
47.2328
45.4153
43.6366
41.8958
40.1922
38.525
36.8932
35.296
33.7325
32.2019
30.7032
29.2356
27.798
26.3896
25.0095
23.6566
22.33
21.0287
19.7517
18.4982
17.2671
16.0574
14.8682
13.6988
12.5482
11.4159
10.3014
9.2049
8.12704
7.0698
6.03715
5.03614
4.07896
3.18672
2.38301
1.65532
102.1
188.616
196.755
184.575
173.213
164.238
157.042
151.127
146.068
141.57
137.446
133.577
129.889
126.337
122.891
119.531
116.246
113.03
109.876
106.782
103.746
100.767
97.844
94.9759
92.1625
89.4032
86.6975
84.0449
81.4448
78.8969
76.4004
73.9547
71.5594
69.2136
66.9169
64.6683
62.4674
60.3133
58.2054
56.1428
54.1249
52.1508
50.2197
48.3309
46.4835
44.6767
42.9097
41.1816
39.4915
37.8386
36.222
34.6408
33.0941
31.581
30.1004
28.6516
27.2335
25.8451
24.4856
23.1538
21.8489
20.5698
19.3155
18.085
16.8773
15.6915
14.5266
13.3817
12.2559
11.1484
10.0589
8.98704
7.93354
6.90015
5.89083
4.91315
3.98081
3.11746
2.34713
1.65202
102.1
188.616
196.755
184.575
173.213
164.238
157.042
151.127
146.068
141.57
137.446
133.577
129.889
126.337
122.891
119.531
116.246
113.03
109.876
106.782
103.746
100.767
97.844
94.9759
92.1625
89.4032
86.6975
84.0449
81.4448
78.8969
76.4004
73.9547
71.5594
69.2136
66.9169
64.6683
62.4674
60.3133
58.2054
56.1428
54.1249
52.1508
50.2197
48.3309
46.4835
44.6767
42.9097
41.1816
39.4915
37.8386
36.222
34.6408
33.0941
31.581
30.1004
28.6516
27.2335
25.8451
24.4856
23.1538
21.8489
20.5698
19.3155
18.085
16.8773
15.6915
14.5266
13.3817
12.2559
11.1484
10.0589
8.98704
7.93354
6.90015
5.89083
4.91315
3.98081
3.11746
2.34713
1.65202
109.098
182.934
189.017
177.684
167.699
160.038
153.96
148.95
144.599
140.642
136.922
133.351
129.881
126.487
123.157
119.884
116.667
113.503
110.393
107.336
104.333
101.383
98.4855
95.6409
92.8486
90.1084
87.4198
84.7823
82.1955
79.6589
77.172
74.7342
72.3451
70.0039
67.7102
65.4632
63.2623
61.1069
58.9963
56.9297
54.9065
52.926
50.9874
49.0899
47.2328
45.4153
43.6366
41.8958
40.1922
38.525
36.8932
35.296
33.7325
32.2019
30.7032
29.2356
27.798
26.3896
25.0095
23.6566
22.33
21.0287
19.7517
18.4982
17.2671
16.0574
14.8682
13.6988
12.5482
11.4159
10.3014
9.2049
8.12704
7.0698
6.03715
5.03614
4.07896
3.18672
2.38301
1.65532
126.644
170.475
171.51
162.52
156.155
151.643
148.049
144.945
142.028
139.13
136.179
133.161
130.088
126.98
123.859
120.744
117.649
114.586
111.559
108.575
105.636
102.743
99.8981
97.1005
94.3506
91.6484
88.9935
86.3857
83.8246
81.3098
78.8409
76.4176
74.0394
71.7058
69.4163
67.1705
64.9677
62.8076
60.6894
58.6126
56.5767
54.5809
52.6247
50.7074
48.8283
46.9867
45.1819
43.4132
41.6798
39.981
38.316
36.684
35.0843
33.5159
31.9781
30.4699
28.9906
27.5393
26.1151
24.717
23.3442
21.9957
20.6707
19.3681
18.0871
16.8269
15.5864
14.365
13.1619
11.9767
10.8093
9.65998
8.53006
7.42206
6.34038
5.29182
4.28611
3.33806
2.46586
1.6609
164.73
141.335
143.241
141.469
140.991
141.153
141.194
140.79
139.813
138.276
136.267
133.897
131.273
128.483
125.595
122.658
119.706
116.762
113.839
110.946
108.089
105.271
102.492
99.7545
97.0578
94.4022
91.7876
89.2139
86.6809
84.1885
81.7364
79.3244
76.9523
74.6198
72.3267
70.0725
67.8571
65.6799
63.5407
61.439
59.3744
57.3464
55.3545
53.3982
51.477
49.5903
47.7375
45.9181
44.1314
42.3768
40.6537
38.9612
37.2988
35.6657
34.0612
32.4845
30.9348
29.4115
27.9136
26.4403
24.9908
23.5644
22.16
20.7769
19.4142
18.0711
16.7467
15.4404
14.1516
12.88
11.6256
10.3893
9.17297
7.98044
6.81787
5.69442
4.62126
3.60785
2.6545
1.68503
389.269
366.594
366.998
357.293
349.707
343.965
338.477
332.65
326.278
319.357
311.984
304.286
296.383
288.373
280.331
272.308
264.341
256.455
248.664
240.977
233.402
225.941
218.597
211.372
204.267
197.282
190.419
183.678
177.06
170.566
164.195
157.949
151.829
145.833
139.964
134.221
128.604
123.114
117.751
112.515
107.407
102.425
97.5715
92.8448
88.2453
83.7729
79.4274
75.2087
71.1165
67.1505
63.3104
59.5958
56.0061
52.5409
49.1997
45.9816
42.886
39.9119
37.0584
34.3245
31.7087
29.2098
26.8261
24.5556
22.3964
20.3459
18.4013
16.5597
14.8172
13.1698
11.6128
10.1413
8.74975
7.4327
6.18539
5.00514
3.89392
2.86093
1.91243
0.974733
318.653
394.101
399.256
382.186
368.558
358.088
348.778
340.026
331.522
323.094
314.675
306.257
297.856
289.493
281.19
272.967
264.836
256.807
248.889
241.086
233.401
225.836
218.394
211.076
203.883
196.815
189.874
183.059
176.372
169.814
163.383
157.082
150.91
144.867
138.954
133.171
127.519
121.996
116.604
111.342
106.21
101.208
96.3367
91.5952
86.9835
82.5014
78.1487
73.9251
69.8302
65.8638
62.0254
58.3146
54.731
51.2739
47.9429
44.7371
41.656
38.6987
35.8643
33.1517
30.5599
28.0874
25.733
23.4947
21.3708
19.359
17.4568
15.6613
13.969
12.3762
10.8784
9.47058
8.14737
6.90291
5.73158
4.62892
3.59403
2.63342
1.75446
0.936033
285.346
392.069
411.202
396.637
381.064
368.094
356.539
345.925
335.954
326.409
317.165
308.148
299.315
290.639
282.105
273.707
265.437
257.295
249.278
241.388
233.622
225.984
218.472
211.088
203.832
196.706
189.709
182.842
176.106
169.501
163.028
156.687
150.477
144.4
138.456
132.644
126.964
121.417
116.002
110.72
105.57
100.553
95.667
90.9132
86.2908
81.7998
77.4397
73.2102
69.1111
65.1418
61.3019
57.591
54.0086
50.5541
47.2269
44.0264
40.9518
38.0024
35.1772
32.4754
29.8957
27.437
25.0979
22.8768
20.772
18.7813
16.9024
15.1326
13.4686
11.9067
10.4427
9.07153
7.7876
6.58476
5.45673
4.39836
3.40867
2.49649
1.67632
0.948188
273.274
391.219
415.216
402.05
386.328
372.694
360.328
348.932
338.285
328.194
318.528
309.193
300.123
291.274
282.613
274.117
265.772
257.569
249.501
241.566
233.761
226.085
218.539
211.123
203.836
196.681
189.657
182.765
176.005
169.378
162.883
156.522
150.295
144.201
138.241
132.414
126.721
121.162
115.736
110.444
105.286
100.26
95.3671
90.607
85.9792
81.4836
77.1196
72.8871
68.7855
64.8145
60.9736
57.2623
53.6801
50.2264
46.9007
43.7023
40.6303
37.6842
34.863
32.1657
29.5913
27.1385
24.8062
22.5927
20.4963
18.515
16.6465
14.8882
13.2369
11.689
10.2403
8.88575
7.61965
6.43566
5.32729
4.28927
3.32106
2.43322
1.64369
0.95837
273.274
391.219
415.216
402.05
386.328
372.694
360.328
348.932
338.285
328.194
318.528
309.193
300.123
291.274
282.613
274.117
265.772
257.569
249.501
241.566
233.761
226.085
218.539
211.123
203.836
196.681
189.657
182.765
176.005
169.378
162.883
156.522
150.295
144.201
138.241
132.414
126.721
121.162
115.736
110.444
105.286
100.26
95.3671
90.607
85.9792
81.4836
77.1196
72.8871
68.7855
64.8145
60.9736
57.2623
53.6801
50.2264
46.9007
43.7023
40.6303
37.6842
34.863
32.1657
29.5913
27.1385
24.8062
22.5927
20.4963
18.515
16.6465
14.8882
13.2369
11.689
10.2403
8.88575
7.61965
6.43566
5.32729
4.28927
3.32106
2.43322
1.64369
0.958371
285.346
392.069
411.202
396.637
381.064
368.094
356.539
345.925
335.954
326.409
317.165
308.148
299.315
290.639
282.105
273.707
265.437
257.295
249.278
241.388
233.622
225.984
218.472
211.088
203.832
196.706
189.709
182.842
176.106
169.501
163.028
156.687
150.477
144.4
138.456
132.644
126.964
121.417
116.002
110.72
105.57
100.553
95.667
90.9132
86.2908
81.7998
77.4397
73.2102
69.1111
65.1418
61.3019
57.591
54.0086
50.5541
47.2269
44.0264
40.9518
38.0024
35.1772
32.4754
29.8957
27.437
25.0979
22.8768
20.772
18.7813
16.9024
15.1326
13.4686
11.9067
10.4427
9.07153
7.7876
6.58476
5.45673
4.39836
3.40867
2.49649
1.67632
0.948188
318.653
394.101
399.256
382.186
368.558
358.088
348.778
340.026
331.522
323.094
314.675
306.257
297.856
289.493
281.19
272.967
264.836
256.807
248.889
241.086
233.401
225.836
218.394
211.076
203.883
196.815
189.874
183.059
176.372
169.814
163.383
157.082
150.91
144.867
138.954
133.171
127.519
121.996
116.604
111.342
106.21
101.208
96.3367
91.5952
86.9835
82.5014
78.1487
73.9251
69.8302
65.8638
62.0254
58.3146
54.731
51.2739
47.9429
44.7371
41.656
38.6987
35.8643
33.1517
30.5599
28.0874
25.733
23.4947
21.3708
19.359
17.4568
15.6613
13.969
12.3762
10.8784
9.47058
8.14737
6.90291
5.73158
4.62892
3.59403
2.63343
1.75446
0.936033
389.269
366.594
366.998
357.293
349.707
343.965
338.477
332.65
326.278
319.357
311.984
304.286
296.383
288.373
280.331
272.308
264.341
256.455
248.664
240.977
233.402
225.941
218.597
211.372
204.267
197.282
190.419
183.678
177.06
170.566
164.195
157.949
151.829
145.833
139.964
134.221
128.604
123.114
117.751
112.515
107.407
102.425
97.5715
92.8448
88.2453
83.7729
79.4274
75.2087
71.1165
67.1505
63.3104
59.5958
56.0061
52.5409
49.1997
45.9816
42.886
39.9119
37.0584
34.3245
31.7087
29.2098
26.8261
24.5556
22.3964
20.3459
18.4013
16.5597
14.8172
13.1698
11.6128
10.1413
8.74975
7.4327
6.18539
5.00514
3.89392
2.86093
1.91243
0.974733
636.021
600.896
588.747
572.211
561.836
553.335
544.044
533.624
522.221
510.07
497.412
484.451
471.343
458.199
445.099
432.093
419.214
406.484
393.916
381.519
369.298
357.258
345.4
333.727
322.241
310.944
299.836
288.921
278.199
267.671
257.339
247.204
237.267
227.53
217.993
208.657
199.523
190.592
181.865
173.342
165.025
156.912
149.006
141.307
133.815
126.53
119.452
112.583
105.922
99.4699
93.2262
87.1914
81.3655
75.7485
70.3406
65.1416
60.1516
55.3703
50.7977
46.4334
42.2773
38.329
34.588
31.0538
27.7257
24.6028
21.684
18.9679
16.4525
14.1353
12.0125
10.0794
8.32918
6.75241
5.33682
4.06742
2.93007
1.9215
1.06696
0.400517
543.369
635.439
628.521
602.384
584.648
570.4
556.46
542.531
528.622
514.739
500.907
487.158
473.517
460.007
446.643
433.438
420.398
407.531
394.841
382.331
370.005
357.863
345.91
334.146
322.574
311.194
300.009
289.021
278.23
267.637
257.244
247.053
237.063
227.277
217.694
208.316
199.143
190.176
181.416
172.863
164.518
156.381
148.452
140.732
133.222
125.921
118.829
111.948
105.276
98.8145
92.5632
86.5221
80.6913
75.0708
69.6605
64.4602
59.47
54.6896
50.1188
45.7575
41.6053
37.6619
33.9269
30.3998
27.0801
23.967
21.0597
18.3571
15.8577
13.5596
11.4602
9.55584
7.8414
6.3096
4.95036
3.75045
2.69498
1.77288
0.989989
0.3834
508.309
628.814
639.107
617.196
598.361
581.88
565.587
549.567
533.97
518.802
504.028
489.603
475.483
461.633
448.025
434.637
421.458
408.477
395.691
383.096
370.691
358.478
346.456
334.628
322.994
311.557
300.317
289.276
278.436
267.797
257.36
247.128
237.1
227.278
217.661
208.252
199.05
190.057
181.272
172.696
164.33
156.173
148.227
140.491
132.966
125.651
118.548
111.655
104.974
98.5045
92.2458
86.1984
80.3622
74.7371
69.323
64.1198
59.1273
54.3453
49.7737
45.4121
41.2603
37.3179
33.5845
30.0597
26.743
23.6338
20.7314
18.0348
15.543
13.2545
11.1671
9.27817
7.5832
6.07578
4.74624
3.58084
2.56264
1.67761
0.935212
0.404015
497.689
625.754
641.532
621.929
603.7
586.957
569.959
553.118
536.766
520.975
505.716
490.929
476.544
462.502
448.754
435.264
422.006
408.964
396.126
383.486
371.042
358.792
346.737
334.877
323.213
311.747
300.48
289.414
278.549
267.887
257.43
247.177
237.13
227.29
217.658
208.233
199.017
190.011
181.214
172.627
164.25
156.084
148.13
140.386
132.854
125.533
118.424
111.526
104.841
98.3671
92.105
86.0547
80.216
74.5888
69.173
63.9685
58.975
54.1924
49.6204
45.2588
41.1072
37.1653
33.4327
29.9091
26.5938
23.4864
20.5862
17.8924
15.4041
13.1201
11.0384
9.15654
7.47049
5.974
4.65735
3.50644
2.50357
1.63458
0.913348
0.42079
497.689
625.754
641.532
621.929
603.7
586.957
569.959
553.118
536.766
520.975
505.716
490.929
476.544
462.502
448.754
435.264
422.006
408.964
396.126
383.486
371.042
358.792
346.737
334.877
323.213
311.747
300.48
289.414
278.549
267.887
257.43
247.177
237.13
227.29
217.658
208.233
199.017
190.011
181.214
172.627
164.25
156.084
148.13
140.386
132.854
125.533
118.424
111.526
104.841
98.3671
92.105
86.0547
80.216
74.5888
69.173
63.9685
58.975
54.1924
49.6204
45.2588
41.1072
37.1653
33.4327
29.9091
26.5938
23.4864
20.5862
17.8924
15.4041
13.1201
11.0384
9.15654
7.47049
5.974
4.65735
3.50644
2.50357
1.63458
0.913346
0.420788
508.309
628.814
639.107
617.196
598.361
581.88
565.587
549.567
533.97
518.802
504.028
489.603
475.483
461.633
448.025
434.637
421.458
408.477
395.691
383.096
370.691
358.478
346.456
334.628
322.994
311.557
300.317
289.276
278.436
267.797
257.36
247.128
237.1
227.278
217.661
208.252
199.05
190.057
181.272
172.696
164.33
156.173
148.227
140.491
132.966
125.651
118.548
111.655
104.974
98.5045
92.2458
86.1984
80.3622
74.7371
69.323
64.1198
59.1273
54.3453
49.7737
45.4121
41.2603
37.3179
33.5845
30.0597
26.743
23.6338
20.7314
18.0348
15.543
13.2545
11.1671
9.27817
7.5832
6.07578
4.74624
3.58084
2.56264
1.67761
0.93521
0.404013
543.369
635.439
628.521
602.384
584.648
570.4
556.46
542.531
528.622
514.739
500.907
487.158
473.517
460.007
446.643
433.438
420.398
407.531
394.841
382.331
370.005
357.863
345.91
334.146
322.574
311.194
300.009
289.021
278.23
267.637
257.244
247.053
237.063
227.277
217.694
208.316
199.143
190.176
181.416
172.863
164.518
156.381
148.452
140.732
133.222
125.921
118.829
111.948
105.276
98.8145
92.5632
86.5221
80.6913
75.0708
69.6605
64.4602
59.47
54.6896
50.1188
45.7575
41.6053
37.6619
33.9269
30.3998
27.0801
23.967
21.0597
18.3571
15.8577
13.5596
11.4602
9.55584
7.8414
6.3096
4.95036
3.75045
2.69498
1.77288
0.989989
0.3834
636.021
600.896
588.747
572.211
561.836
553.335
544.044
533.624
522.221
510.07
497.412
484.451
471.343
458.199
445.099
432.093
419.214
406.484
393.916
381.519
369.298
357.258
345.4
333.727
322.241
310.944
299.836
288.921
278.199
267.671
257.339
247.204
237.267
227.53
217.993
208.657
199.523
190.592
181.865
173.342
165.025
156.912
149.006
141.307
133.815
126.53
119.452
112.583
105.922
99.4699
93.2262
87.1914
81.3655
75.7485
70.3406
65.1416
60.1516
55.3703
50.7977
46.4334
42.2773
38.329
34.588
31.0538
27.7257
24.6028
21.684
18.9679
16.4525
14.1353
12.0125
10.0794
8.32918
6.75241
5.33682
4.06742
2.93007
1.9215
1.06696
0.400512
944.059
808.846
797.029
787.452
777.342
765.494
751.408
735.616
718.682
701.046
683.03
664.853
646.661
628.547
610.571
592.77
575.167
557.777
540.61
523.671
506.966
490.498
474.271
458.287
442.55
427.061
411.823
396.838
382.109
367.638
353.427
339.477
325.791
312.371
299.218
286.334
273.72
261.378
249.31
237.517
226
214.76
203.799
193.118
182.717
172.599
162.763
153.211
143.943
134.961
126.265
117.855
109.733
101.899
94.3541
87.0978
80.131
73.4541
67.0674
60.9712
55.1658
49.6514
44.4282
39.4963
34.8556
30.5063
26.4481
22.681
19.2047
16.0187
13.1224
10.5151
8.196
6.16412
4.41911
2.96164
1.79454
0.923104
0.356557
0.0996057
853.025
840.623
837.723
819.933
802.151
783.997
764.816
745.194
725.548
706.06
686.805
667.806
649.066
630.578
612.337
594.337
576.575
559.05
541.762
524.712
507.902
491.336
475.014
458.941
443.118
427.549
412.235
397.179
382.382
367.848
353.578
339.574
325.837
312.37
299.174
286.249
273.599
261.224
249.125
237.304
225.762
214.5
203.519
192.82
182.403
172.271
162.423
152.861
143.585
134.596
125.894
117.48
109.355
101.519
93.9727
86.7162
79.75
73.0744
66.6896
60.596
54.7936
49.2826
44.0631
39.1351
34.4987
30.1537
26.1002
22.338
18.8669
15.687
12.798
10.2003
7.89414
5.88088
4.16287
2.74412
1.63023
0.824529
0.319102
0.0714611
831.346
822.862
842.235
833.182
815.996
795.952
774.401
752.602
731.18
710.337
690.091
670.388
651.153
632.318
613.831
595.65
577.751
560.115
542.733
525.601
508.716
492.079
475.692
459.556
443.673
428.047
412.68
397.573
382.729
368.15
353.838
339.794
326.02
312.519
299.29
286.336
273.658
261.258
249.136
237.293
225.731
214.451
203.454
192.74
182.31
172.166
162.308
152.736
143.452
134.455
125.747
117.328
109.199
101.359
93.8099
86.5511
79.5832
72.9065
66.521
60.4271
54.6248
49.1142
43.8955
38.9685
34.3333
29.9898
25.9381
22.1782
18.71
15.534
12.6504
10.0602
7.76463
5.76592
4.06696
2.67122
1.58159
0.796055
0.300505
0.0636151
827.44
813.817
840.797
836.518
821.08
801.125
778.946
756.319
734.115
712.62
691.868
671.787
652.278
633.248
614.619
596.336
578.359
560.663
543.231
526.055
509.132
492.46
476.039
459.872
443.961
428.307
412.913
397.781
382.913
368.312
353.978
339.915
326.123
312.604
299.359
286.391
273.699
261.286
249.152
237.299
225.728
214.439
203.433
192.712
182.276
172.126
162.262
152.686
143.397
134.397
125.686
117.265
109.133
101.292
93.7408
86.4809
79.5122
72.8349
66.4491
60.3551
54.5529
49.0425
43.8241
38.8977
34.2632
29.9206
25.8699
22.1112
18.6448
15.4711
12.5907
10.005
7.71551
5.7247
4.03535
2.65015
1.57023
0.791203
0.297528
0.0626271
827.44
813.817
840.797
836.518
821.08
801.125
778.946
756.319
734.115
712.62
691.868
671.787
652.278
633.248
614.619
596.336
578.359
560.663
543.231
526.055
509.132
492.46
476.039
459.872
443.961
428.307
412.913
397.781
382.913
368.312
353.978
339.915
326.123
312.604
299.359
286.391
273.699
261.286
249.152
237.299
225.728
214.439
203.433
192.712
182.276
172.126
162.262
152.686
143.397
134.397
125.686
117.265
109.133
101.292
93.7408
86.4809
79.5122
72.8349
66.4491
60.3551
54.5529
49.0425
43.8241
38.8977
34.2632
29.9206
25.8699
22.1112
18.6448
15.4711
12.5907
10.005
7.71551
5.7247
4.03535
2.65015
1.57023
0.791206
0.297529
0.0626337
831.346
822.862
842.235
833.182
815.996
795.952
774.401
752.602
731.18
710.337
690.091
670.388
651.153
632.318
613.831
595.65
577.751
560.115
542.733
525.601
508.716
492.079
475.692
459.556
443.673
428.047
412.68
397.573
382.729
368.15
353.838
339.794
326.02
312.519
299.29
286.336
273.658
261.258
249.136
237.293
225.731
214.451
203.454
192.74
182.31
172.166
162.308
152.736
143.452
134.455
125.747
117.328
109.199
101.359
93.8099
86.5511
79.5832
72.9065
66.521
60.4271
54.6248
49.1142
43.8955
38.9685
34.3333
29.9898
25.9381
22.1782
18.71
15.534
12.6504
10.0602
7.76463
5.76592
4.06696
2.67122
1.58159
0.796059
0.300506
0.0636187
853.025
840.623
837.723
819.933
802.151
783.997
764.816
745.194
725.548
706.06
686.805
667.806
649.066
630.578
612.337
594.337
576.575
559.05
541.762
524.712
507.902
491.336
475.014
458.941
443.118
427.549
412.235
397.179
382.382
367.848
353.578
339.574
325.837
312.37
299.174
286.249
273.599
261.224
249.125
237.304
225.762
214.5
203.519
192.82
182.403
172.271
162.423
152.861
143.585
134.596
125.894
117.48
109.355
101.519
93.9727
86.7162
79.75
73.0744
66.6896
60.596
54.7936
49.2826
44.0631
39.1351
34.4987
30.1537
26.1002
22.338
18.8669
15.687
12.798
10.2003
7.89414
5.88088
4.16287
2.74412
1.63023
0.824533
0.319103
0.0714627
944.059
808.846
797.029
787.452
777.342
765.494
751.408
735.616
718.682
701.046
683.03
664.853
646.661
628.547
610.571
592.77
575.167
557.777
540.61
523.671
506.966
490.498
474.271
458.287
442.55
427.061
411.823
396.838
382.109
367.638
353.427
339.477
325.791
312.371
299.218
286.334
273.72
261.378
249.31
237.517
226
214.76
203.799
193.118
182.717
172.599
162.763
153.211
143.943
134.961
126.265
117.855
109.733
101.899
94.3541
87.0978
80.131
73.4541
67.0674
60.9712
55.1658
49.6514
44.4282
39.4963
34.8556
30.5063
26.4481
22.681
19.2047
16.0187
13.1224
10.5151
8.196
6.16412
4.41911
2.96164
1.79454
0.923105
0.356555
0.0996129
)
;

boundaryField
{
    left
    {
        type            calculated;
        value           nonuniform List<scalar> 
64
(
1227.05
1033.03
1017.2
1019.94
1019.94
1017.2
1033.03
1227.05
662.374
483.443
436.306
423.293
423.293
436.306
483.443
662.374
347.932
232.63
188.004
171.761
171.761
188.004
232.63
347.932
123.67
76.5411
69.7561
68.1959
68.1959
69.7561
76.5411
123.67
205.06
124.108
94.5235
82.3677
82.3677
94.5235
124.108
205.06
426.209
277.871
214.947
190.521
190.521
214.947
277.871
426.209
676.841
486.251
430.893
416.089
416.089
430.893
486.251
676.841
1064.73
882.224
867.961
872.829
872.829
867.961
882.224
1064.73
)
;
    }
    right
    {
        type            calculated;
        value           nonuniform List<scalar> 
64
(
4.07118
4.0924
4.07811
4.06361
4.06361
4.07811
4.0924
4.07118
3.7631
3.80946
3.77799
3.75475
3.75476
3.77799
3.80946
3.7631
3.15867
3.22902
3.20131
3.17771
3.17771
3.20132
3.22902
3.15867
2.32994
2.3943
2.37841
2.36324
2.36324
2.37841
2.39429
2.32994
1.45595
1.49193
1.50045
1.50242
1.50242
1.50045
1.49193
1.45595
0.70846
0.722471
0.769403
0.794848
0.794849
0.769404
0.722471
0.70846
0.211682
0.214024
0.277396
0.311587
0.311585
0.277392
0.214024
0.211675
0.0774987
0.0110658
0.0128931
0.00722752
0.00723835
0.0128793
0.0110457
0.0775139
)
;
    }
    back
    {
        type            calculated;
        value           nonuniform List<scalar> 
640
(
1140.62
688.9
362.517
107.452
190.944
430.391
688.976
995.896
947.177
635.269
345.14
96.7895
131.504
351.079
578.595
785.995
917.704
637.267
365.94
120.291
129.829
349.508
566.168
772.956
901.145
628.264
370.308
133.523
130.944
344.319
556.135
769.794
887.969
618.318
367.944
139.938
133.268
339.99
549.985
764.333
873.615
608.047
362.995
142.577
135.789
336.719
544.597
755.978
856.858
596.682
356.667
143.094
137.704
333.214
537.763
744.617
837.925
584.135
349.481
142.35
138.698
328.895
529.165
730.831
817.346
570.582
341.702
140.812
138.723
323.616
519.046
715.295
795.657
556.277
333.508
138.759
137.884
317.462
507.774
698.601
773.303
541.474
325.047
136.378
136.355
310.618
495.705
681.205
750.629
526.389
316.438
133.794
134.313
303.282
483.136
663.434
727.884
511.192
307.769
131.093
131.916
295.629
470.291
645.509
705.243
496.003
299.106
128.329
129.286
287.796
457.328
627.575
682.822
480.909
290.493
125.538
126.514
279.883
444.357
609.725
660.699
465.968
281.959
122.741
123.666
271.961
431.448
592.018
638.923
451.22
273.524
119.951
120.785
264.077
418.648
574.489
617.525
436.687
265.2
117.177
117.9
256.262
405.985
557.163
596.52
422.388
256.995
114.423
115.028
248.534
393.478
540.052
575.921
408.331
248.914
111.692
112.18
240.907
381.137
523.166
555.731
394.523
240.961
108.988
109.364
233.387
368.968
506.51
535.953
380.968
233.14
106.31
106.581
225.979
356.977
490.09
516.585
367.667
225.452
103.661
103.835
218.685
345.167
473.907
497.627
354.623
217.898
101.042
101.126
211.508
333.539
457.966
479.076
341.835
210.48
98.4539
98.4541
204.447
322.096
442.269
460.93
329.305
203.198
95.8968
95.8204
197.505
310.839
426.819
443.186
317.03
196.054
93.3716
93.2245
190.682
299.771
411.617
425.841
305.012
189.048
90.8788
90.6665
183.979
288.892
396.667
408.891
293.249
182.18
88.4187
88.1461
177.396
278.203
381.97
392.334
281.74
175.451
85.9917
85.6634
170.934
267.708
367.53
376.166
270.486
168.86
83.5979
83.2182
164.595
257.406
353.347
360.384
259.483
162.407
81.2374
80.8104
158.377
247.299
339.423
344.985
248.733
156.094
78.9104
78.4399
152.283
237.388
325.762
329.965
238.232
149.918
76.6168
76.1065
146.312
227.675
312.365
315.321
227.982
143.881
74.3566
73.8101
140.465
218.161
299.233
301.05
217.979
137.981
72.1297
71.5504
134.743
208.846
286.368
287.149
208.223
132.22
69.9361
69.3272
129.145
199.732
273.773
273.615
198.713
126.595
67.7756
67.1402
123.672
190.819
261.448
260.444
189.447
121.108
65.648
64.9891
118.325
182.108
249.395
247.633
180.424
115.757
63.5531
62.8736
113.103
173.6
237.615
235.18
171.643
110.542
61.4907
60.7933
108.007
165.296
226.111
223.081
163.103
105.463
59.4606
58.7479
103.037
157.196
214.882
211.333
154.802
100.519
57.4623
56.737
98.1921
149.302
203.932
199.934
146.739
95.7096
55.4956
54.76
93.4735
141.612
193.26
188.88
138.913
91.034
53.5602
52.8167
88.8808
134.129
182.867
178.17
131.322
86.4918
51.6556
50.9063
84.414
126.852
172.756
167.8
123.965
82.0823
49.7814
49.0285
80.0728
119.782
162.926
157.767
116.841
77.8047
47.9372
47.1827
75.8572
112.919
153.38
148.069
109.948
73.6585
46.1227
45.3684
71.7668
106.263
144.117
138.704
103.286
69.6427
44.3371
43.585
67.8016
99.8156
135.139
129.669
96.8528
65.7565
42.5801
41.8318
63.961
93.5757
126.446
120.962
90.6474
61.9992
40.8512
40.1082
60.2448
87.5439
118.039
112.579
84.6685
58.3697
39.1497
38.4137
56.6525
81.7203
109.919
104.52
78.9149
54.8671
37.4751
36.7475
53.1835
76.1051
102.087
96.7823
73.3854
51.4903
35.8267
35.1089
49.8372
70.6982
94.5426
89.3631
68.0788
48.2383
34.2041
33.4972
46.6131
65.4998
87.287
82.2607
62.9938
45.1097
32.6065
31.9118
43.5102
60.5096
80.3205
75.4732
58.1293
42.1033
31.0333
30.3518
40.5277
55.7277
73.6435
68.9987
53.4841
39.2177
29.4837
28.8166
37.6646
51.1539
67.2565
62.8355
49.0568
36.4513
27.9573
27.3052
34.9197
46.788
61.1596
56.9819
44.8462
33.8024
26.4531
25.817
32.2917
42.6296
55.3533
51.4364
40.8512
31.2693
24.9707
24.3511
29.7791
38.6784
49.8378
46.1974
37.0703
28.8499
23.5091
22.9067
27.3802
34.934
44.6133
41.2636
33.5021
26.542
22.0679
21.483
25.0931
31.3958
39.6799
36.6339
30.1452
24.3433
20.6463
20.0792
22.9156
28.0629
35.0377
32.3073
26.9981
22.2513
19.2436
18.6945
20.8451
24.9345
30.6867
28.283
24.0588
20.2629
17.8594
17.328
18.8787
22.0093
26.6267
24.5605
21.3255
18.3753
16.4932
15.9792
17.0133
19.2857
22.8576
21.1396
18.7957
16.5851
15.1449
14.6474
15.245
16.7614
19.3791
18.0207
16.4667
14.8888
13.8145
13.3325
13.5697
14.4336
16.1904
15.2045
14.3349
13.283
12.5028
12.0346
11.9827
12.2982
13.2909
12.6929
12.396
11.764
11.2113
10.7548
10.4789
10.3496
10.6792
10.489
10.6446
10.3285
9.9431
9.49544
9.05288
8.58037
8.3538
8.59781
9.07406
8.97395
8.70299
8.26078
7.69942
6.98011
6.31272
7.0267
7.67705
7.69894
7.49855
7.05793
6.41413
5.53545
4.55413
5.78438
6.44705
6.50519
6.34029
5.89723
5.19513
4.23053
3.07691
4.87712
5.38378
5.40098
5.24051
4.79056
4.04575
3.05149
1.88241
4.29862
4.50902
4.41255
4.21121
3.74463
2.9767
1.99913
0.976821
4.03336
3.90478
3.62573
3.28148
2.7523
1.99579
1.11025
0.378092
4.02493
3.72256
3.15934
2.45162
1.70596
1.00587
0.420776
0.120681
)
;
    }
    front
    {
        type            calculated;
        value           nonuniform List<scalar> 
640
(
1140.62
688.9
362.517
107.452
190.944
430.391
688.976
995.896
947.177
635.269
345.14
96.7895
131.504
351.079
578.595
785.995
917.704
637.267
365.94
120.291
129.829
349.508
566.168
772.956
901.145
628.264
370.308
133.523
130.944
344.319
556.135
769.794
887.969
618.318
367.944
139.938
133.268
339.99
549.985
764.333
873.615
608.047
362.995
142.577
135.789
336.719
544.597
755.978
856.858
596.682
356.667
143.094
137.704
333.214
537.763
744.617
837.925
584.135
349.481
142.35
138.698
328.895
529.165
730.831
817.346
570.582
341.702
140.812
138.723
323.616
519.046
715.295
795.657
556.277
333.508
138.759
137.884
317.462
507.774
698.601
773.303
541.474
325.047
136.378
136.355
310.618
495.705
681.205
750.629
526.389
316.438
133.794
134.313
303.282
483.136
663.434
727.884
511.192
307.769
131.093
131.916
295.629
470.291
645.509
705.243
496.003
299.106
128.329
129.286
287.796
457.328
627.575
682.822
480.909
290.493
125.538
126.514
279.883
444.357
609.725
660.699
465.968
281.959
122.741
123.666
271.961
431.448
592.018
638.923
451.22
273.524
119.951
120.785
264.077
418.648
574.489
617.525
436.687
265.2
117.177
117.9
256.262
405.985
557.163
596.52
422.388
256.995
114.423
115.028
248.534
393.478
540.052
575.921
408.331
248.914
111.692
112.18
240.907
381.137
523.166
555.731
394.523
240.961
108.988
109.364
233.387
368.968
506.51
535.953
380.968
233.14
106.31
106.581
225.979
356.977
490.09
516.585
367.667
225.452
103.661
103.835
218.685
345.167
473.907
497.627
354.623
217.898
101.042
101.126
211.508
333.539
457.966
479.076
341.835
210.48
98.4539
98.4541
204.447
322.096
442.269
460.93
329.305
203.198
95.8968
95.8204
197.505
310.839
426.819
443.186
317.03
196.054
93.3716
93.2245
190.682
299.771
411.617
425.841
305.012
189.048
90.8788
90.6665
183.979
288.892
396.667
408.891
293.249
182.18
88.4187
88.1461
177.396
278.203
381.97
392.334
281.74
175.451
85.9917
85.6634
170.934
267.708
367.53
376.166
270.486
168.86
83.5979
83.2182
164.595
257.406
353.347
360.384
259.483
162.407
81.2374
80.8104
158.377
247.299
339.423
344.985
248.733
156.094
78.9104
78.4399
152.283
237.388
325.762
329.965
238.232
149.918
76.6168
76.1065
146.312
227.675
312.365
315.321
227.982
143.881
74.3566
73.8101
140.465
218.161
299.233
301.05
217.979
137.981
72.1297
71.5504
134.743
208.846
286.368
287.149
208.223
132.22
69.9361
69.3272
129.145
199.732
273.773
273.615
198.713
126.595
67.7756
67.1402
123.672
190.819
261.448
260.444
189.447
121.108
65.648
64.9891
118.325
182.108
249.395
247.633
180.424
115.757
63.5531
62.8736
113.103
173.6
237.615
235.18
171.643
110.542
61.4907
60.7933
108.007
165.296
226.111
223.081
163.103
105.463
59.4606
58.7479
103.037
157.196
214.882
211.333
154.802
100.519
57.4623
56.737
98.1921
149.302
203.932
199.934
146.739
95.7096
55.4956
54.76
93.4735
141.612
193.26
188.88
138.913
91.034
53.5602
52.8167
88.8808
134.129
182.867
178.17
131.322
86.4918
51.6556
50.9063
84.414
126.852
172.756
167.8
123.965
82.0823
49.7814
49.0285
80.0728
119.782
162.926
157.767
116.841
77.8047
47.9372
47.1827
75.8572
112.919
153.38
148.069
109.948
73.6585
46.1227
45.3684
71.7668
106.263
144.117
138.704
103.286
69.6427
44.3371
43.585
67.8016
99.8156
135.139
129.669
96.8528
65.7565
42.5801
41.8318
63.961
93.5757
126.446
120.962
90.6474
61.9992
40.8512
40.1082
60.2448
87.5439
118.039
112.579
84.6685
58.3697
39.1497
38.4137
56.6525
81.7203
109.919
104.52
78.9149
54.8671
37.4751
36.7475
53.1835
76.1051
102.087
96.7823
73.3854
51.4903
35.8267
35.1089
49.8372
70.6982
94.5426
89.3631
68.0788
48.2383
34.2041
33.4972
46.6131
65.4998
87.287
82.2607
62.9938
45.1097
32.6065
31.9118
43.5102
60.5096
80.3205
75.4732
58.1293
42.1033
31.0333
30.3518
40.5277
55.7278
73.6435
68.9987
53.4841
39.2177
29.4837
28.8166
37.6646
51.1539
67.2565
62.8355
49.0568
36.4513
27.9573
27.3052
34.9197
46.788
61.1596
56.9819
44.8462
33.8024
26.4531
25.817
32.2917
42.6296
55.3533
51.4364
40.8512
31.2693
24.9707
24.3511
29.7791
38.6784
49.8378
46.1974
37.0703
28.8499
23.5091
22.9067
27.3802
34.934
44.6133
41.2636
33.5021
26.542
22.0679
21.483
25.0931
31.3958
39.6799
36.6339
30.1452
24.3433
20.6463
20.0792
22.9156
28.0629
35.0377
32.3073
26.9981
22.2513
19.2436
18.6945
20.8451
24.9345
30.6867
28.283
24.0588
20.2629
17.8594
17.328
18.8787
22.0093
26.6267
24.5605
21.3255
18.3753
16.4932
15.9792
17.0133
19.2857
22.8576
21.1396
18.7957
16.5851
15.1449
14.6474
15.245
16.7614
19.3791
18.0207
16.4667
14.8888
13.8145
13.3325
13.5697
14.4336
16.1904
15.2045
14.3349
13.283
12.5028
12.0346
11.9827
12.2982
13.2909
12.6929
12.396
11.764
11.2113
10.7548
10.4789
10.3496
10.6792
10.489
10.6446
10.3285
9.9431
9.49544
9.05288
8.58037
8.3538
8.59781
9.07406
8.97395
8.70299
8.26078
7.69942
6.98011
6.31273
7.0267
7.67705
7.69894
7.49855
7.05793
6.41413
5.53545
4.55413
5.78438
6.44705
6.50519
6.34029
5.89723
5.19513
4.23053
3.0769
4.87712
5.38377
5.40098
5.24051
4.79056
4.04575
3.05149
1.88241
4.29863
4.50902
4.41255
4.21121
3.74463
2.97671
1.99913
0.976821
4.03336
3.90478
3.62573
3.28148
2.7523
1.9958
1.11025
0.378094
4.02493
3.72256
3.15934
2.45162
1.70596
1.00587
0.420785
0.120667
)
;
    }
    top
    {
        type            calculated;
        value           nonuniform List<scalar> 
640
(
1099.34
1012.73
1000.51
1001.08
1001.08
1000.51
1012.73
1099.34
907.051
936.716
912.465
899.684
899.684
912.465
936.716
907.051
898.616
939.596
940.808
937.174
937.174
940.808
939.596
898.616
894.274
927.986
940.57
943.252
943.252
940.57
927.986
894.274
884.668
910.472
924.485
929.526
929.526
924.485
910.472
884.668
871.277
890.385
902.589
907.858
907.858
902.589
890.385
871.277
854.912
868.61
878.361
882.998
882.998
878.361
868.61
854.912
836.549
846.192
853.666
857.442
857.442
853.666
846.192
836.549
816.955
823.741
829.356
832.311
832.311
829.356
823.741
816.955
796.675
801.52
805.718
807.99
807.99
805.718
801.52
796.675
776.07
779.625
782.79
784.532
784.532
782.79
779.625
776.07
755.37
758.074
760.508
761.856
761.856
760.508
758.074
755.37
734.717
736.856
738.779
739.844
739.844
738.779
736.856
734.717
714.196
715.952
717.519
718.382
718.382
717.519
715.952
714.196
693.857
695.344
696.659
697.378
697.378
696.659
695.344
693.857
673.732
675.016
676.149
676.764
676.764
676.149
675.016
673.732
653.837
654.961
655.956
656.492
656.492
655.956
654.961
653.837
634.185
635.172
636.057
636.533
636.533
636.057
635.172
634.185
614.782
615.648
616.441
616.867
616.867
616.441
615.648
614.782
595.635
596.39
597.101
597.485
597.485
597.101
596.39
595.635
576.747
577.398
578.036
578.382
578.382
578.036
577.398
576.747
558.123
558.675
559.245
559.556
559.556
559.245
558.675
558.123
539.764
540.224
540.729
541.009
541.009
540.729
540.224
539.764
521.675
522.047
522.492
522.741
522.741
522.492
522.047
521.675
503.859
504.148
504.535
504.756
504.756
504.535
504.148
503.859
486.318
486.529
486.862
487.056
487.056
486.862
486.529
486.318
469.055
469.193
469.475
469.643
469.643
469.475
469.193
469.055
452.073
452.143
452.377
452.521
452.521
452.377
452.143
452.073
435.375
435.381
435.571
435.692
435.692
435.571
435.381
435.375
418.963
418.91
419.058
419.158
419.158
419.058
418.91
418.963
402.84
402.733
402.841
402.922
402.922
402.841
402.733
402.84
387.007
386.85
386.923
386.985
386.985
386.923
386.85
387.007
371.468
371.266
371.305
371.35
371.35
371.305
371.266
371.468
356.224
355.981
355.989
356.019
356.019
355.989
355.981
356.224
341.279
340.997
340.977
340.993
340.993
340.977
340.997
341.279
326.633
326.317
326.272
326.274
326.274
326.272
326.317
326.633
312.289
311.943
311.874
311.864
311.864
311.874
311.943
312.289
298.249
297.876
297.786
297.765
297.765
297.786
297.876
298.249
284.514
284.118
284.008
283.978
283.978
284.008
284.118
284.514
271.088
270.67
270.544
270.504
270.504
270.544
270.67
271.088
257.97
257.535
257.393
257.346
257.346
257.393
257.535
257.97
245.164
244.713
244.558
244.504
244.504
244.558
244.713
245.164
232.671
232.207
232.04
231.98
231.98
232.04
232.207
232.671
220.492
220.018
219.841
219.775
219.775
219.841
220.018
220.492
208.628
208.146
207.961
207.89
207.89
207.961
208.146
208.628
197.082
196.594
196.401
196.326
196.326
196.401
196.594
197.082
185.855
185.362
185.164
185.086
185.086
185.164
185.362
185.855
174.947
174.453
174.249
174.168
174.168
174.249
174.453
174.947
164.361
163.866
163.659
163.576
163.576
163.659
163.866
164.361
154.098
153.603
153.393
153.308
153.308
153.393
153.603
154.098
144.157
143.665
143.454
143.368
143.368
143.454
143.665
144.157
134.542
134.053
133.841
133.754
133.754
133.841
134.053
134.542
125.252
124.768
124.556
124.469
124.469
124.556
124.768
125.252
116.289
115.81
115.599
115.512
115.512
115.599
115.81
116.289
107.654
107.181
106.971
106.885
106.885
106.971
107.181
107.654
99.347
98.8812
98.6733
98.5872
98.5872
98.6733
98.8812
99.347
91.3692
90.9111
90.7057
90.6204
90.6204
90.7057
90.9111
91.3692
83.7212
83.2715
83.0689
82.9847
82.9847
83.0689
83.2715
83.7212
76.4037
75.9628
75.7634
75.6806
75.6806
75.7634
75.9628
76.4037
69.4172
68.9855
68.7897
68.7083
68.7083
68.7897
68.9855
69.4172
62.7622
62.34
62.148
62.0682
62.0682
62.148
62.34
62.7622
56.4393
56.0267
55.8388
55.7606
55.7606
55.8388
56.0267
56.4393
50.4489
50.0459
49.8622
49.7858
49.7858
49.8622
50.0459
50.4489
44.7911
44.3979
44.2185
44.144
44.144
44.2185
44.3979
44.7911
39.4664
39.0829
38.9078
38.8352
38.8352
38.9078
39.0829
39.4664
34.4747
34.1008
33.9302
33.8597
33.8597
33.9302
34.1008
34.4747
29.8162
29.4517
29.2859
29.2175
29.2175
29.2859
29.4517
29.8162
25.4908
25.1359
24.9749
24.909
24.909
24.9749
25.1359
25.4908
21.4986
21.1531
20.9976
20.9345
20.9345
20.9976
21.1531
21.4986
17.8392
17.5036
17.3544
17.2947
17.2947
17.3544
17.5036
17.8392
14.5125
14.1876
14.0461
13.9906
13.9906
14.0461
14.1876
14.5125
11.5182
11.2056
11.0739
11.0241
11.0241
11.0739
11.2056
11.5182
8.85662
8.55915
8.4403
8.39774
8.39774
8.4403
8.55914
8.85662
6.52886
6.25098
6.14887
6.11554
6.11554
6.14887
6.25098
6.52886
4.53828
4.28653
4.20542
4.18312
4.18312
4.20541
4.28653
4.53828
2.89228
2.67514
2.61834
2.60791
2.60791
2.61834
2.67514
2.89229
1.60477
1.4315
1.39902
1.39924
1.39924
1.39902
1.43151
1.60478
0.695257
0.573352
0.558853
0.565158
0.565169
0.558867
0.573364
0.695256
0.173948
0.129802
0.116353
0.111947
0.111969
0.116376
0.129798
0.173944
0.046626
0.0977334
0.124844
0.120569
0.120545
0.124825
0.0977507
0.0466357
)
;
    }
    bottom
    {
        type            calculated;
        value           nonuniform List<scalar> 
640
(
1335.73
1230.28
1209.55
1206.68
1206.68
1209.55
1230.28
1335.73
1114.59
1116.53
1090.62
1078.53
1078.53
1090.62
1116.53
1114.59
1078.52
1102.36
1095.1
1088.57
1088.57
1095.1
1102.36
1078.52
1056.85
1079.15
1081.52
1079.53
1079.53
1081.52
1079.15
1056.85
1038.58
1054.5
1059.39
1059.74
1059.74
1059.39
1054.5
1038.58
1018.94
1028.92
1033.22
1034.28
1034.28
1033.22
1028.92
1018.94
996.89
1002.28
1005.09
1006.02
1006.02
1005.09
1002.28
996.89
972.806
974.961
976.285
976.791
976.791
976.285
974.961
972.806
947.281
947.299
947.446
947.51
947.51
947.446
947.299
947.281
920.856
919.542
918.861
918.567
918.567
918.861
919.542
920.856
893.961
891.874
890.661
890.116
890.116
890.661
891.874
893.961
866.917
864.427
862.906
862.204
862.204
862.906
864.427
866.917
839.952
837.297
835.624
834.838
834.838
835.624
837.297
839.952
813.226
810.551
808.831
808.012
808.012
808.831
810.551
813.226
786.845
784.236
782.533
781.717
781.717
782.533
784.236
786.845
760.875
758.383
756.737
755.944
755.944
756.737
758.383
760.875
735.362
733.01
731.445
730.687
730.687
731.445
733.01
735.362
710.329
708.13
706.656
705.94
705.94
706.656
708.13
710.329
685.792
683.748
682.369
681.698
681.698
682.369
683.748
685.792
661.757
659.865
658.582
657.957
657.957
658.582
659.865
661.757
638.225
636.482
635.291
634.712
634.712
635.291
636.482
638.225
615.197
613.594
612.494
611.958
611.958
612.494
613.594
615.197
592.669
591.2
590.186
589.691
589.691
590.186
591.2
592.669
570.638
569.295
568.361
567.907
567.907
568.361
569.295
570.638
549.099
547.874
547.017
546.6
546.6
547.017
547.874
549.099
528.048
526.933
526.148
525.766
525.766
526.148
526.933
528.048
507.48
506.467
505.75
505.401
505.401
505.75
506.467
507.48
487.39
486.473
485.818
485.5
485.5
485.818
486.473
487.39
467.773
466.944
466.348
466.059
466.059
466.348
466.944
467.773
448.624
447.877
447.335
447.072
447.072
447.335
447.877
448.624
429.939
429.266
428.775
428.537
428.537
428.775
429.266
429.939
411.712
411.108
410.663
410.449
410.449
410.663
411.108
411.712
393.939
393.398
392.996
392.803
392.803
392.996
393.398
393.939
376.616
376.132
375.769
375.596
375.596
375.769
376.132
376.616
359.737
359.305
358.978
358.823
358.823
358.978
359.305
359.737
343.297
342.913
342.619
342.48
342.48
342.619
342.913
343.297
327.294
326.952
326.688
326.563
326.563
326.688
326.952
327.294
311.721
311.417
311.18
311.07
311.07
311.18
311.417
311.721
296.575
296.305
296.093
295.994
295.994
296.093
296.305
296.575
281.851
281.611
281.421
281.334
281.334
281.421
281.611
281.851
267.545
267.332
267.162
267.085
267.085
267.162
267.332
267.545
253.654
253.464
253.311
253.243
253.243
253.311
253.464
253.654
240.172
240.002
239.866
239.806
239.806
239.866
240.002
240.172
227.097
226.944
226.822
226.768
226.768
226.822
226.944
227.097
214.424
214.286
214.175
214.128
214.128
214.175
214.286
214.424
202.15
202.024
201.924
201.882
201.882
201.924
202.024
202.15
190.271
190.154
190.063
190.026
190.026
190.063
190.154
190.271
178.784
178.674
178.591
178.558
178.558
178.591
178.674
178.784
167.684
167.58
167.503
167.474
167.474
167.503
167.58
167.684
156.969
156.869
156.798
156.771
156.771
156.798
156.869
156.969
146.636
146.538
146.471
146.446
146.446
146.471
146.538
146.636
136.682
136.584
136.52
136.497
136.497
136.52
136.584
136.681
127.102
127.004
126.943
126.921
126.921
126.943
127.004
127.102
117.895
117.796
117.736
117.715
117.715
117.736
117.796
117.895
109.058
108.956
108.897
108.877
108.877
108.897
108.956
109.058
100.587
100.482
100.423
100.403
100.403
100.423
100.482
100.587
92.481
92.3715
92.3125
92.2924
92.2924
92.3125
92.3715
92.481
84.7365
84.6221
84.5624
84.542
84.542
84.5624
84.6221
84.7365
77.3513
77.2316
77.1707
77.1497
77.1497
77.1707
77.2316
77.3513
70.3231
70.1977
70.1352
70.1136
70.1136
70.1352
70.1977
70.3231
63.6499
63.5183
63.4541
63.4315
63.4315
63.4541
63.5183
63.6499
57.3294
57.1916
57.1253
57.1017
57.1017
57.1253
57.1916
57.3294
51.3599
51.2157
51.1472
51.1225
51.1225
51.1472
51.2157
51.3599
45.7397
45.5891
45.5181
45.4922
45.4922
45.5181
45.5891
45.7397
40.4671
40.3101
40.2367
40.2096
40.2096
40.2367
40.3101
40.4671
35.541
35.3777
35.302
35.2737
35.2737
35.302
35.3777
35.541
30.9604
30.7911
30.7131
30.6838
30.6838
30.7131
30.7911
30.9604
26.7246
26.5498
26.4699
26.4397
26.4397
26.4699
26.5498
26.7246
22.8337
22.6541
22.5729
22.5422
22.5422
22.5729
22.6541
22.8337
19.2884
19.1052
19.0236
18.9931
18.9931
19.0236
19.1052
19.2884
16.0909
15.9057
15.8254
15.7959
15.7959
15.8254
15.9057
16.0909
13.2452
13.0607
12.9838
12.9567
12.9567
12.9838
13.0607
13.2452
10.7585
10.5789
10.5084
10.4849
10.4849
10.5084
10.5789
10.7585
8.6433
8.47419
8.41332
8.39503
8.39503
8.41332
8.47419
8.6433
6.91835
6.76705
6.71862
6.70621
6.70621
6.71862
6.76705
6.91835
5.60714
5.48082
5.44541
5.43808
5.43808
5.44541
5.48081
5.60713
4.72542
4.62715
4.60222
4.5975
4.5975
4.60222
4.62715
4.7254
4.25049
4.17921
4.16225
4.15788
4.15788
4.16225
4.17921
4.25048
4.11612
4.07148
4.06276
4.05775
4.05775
4.06276
4.07149
4.11611
4.15414
4.15404
4.15376
4.14666
4.14666
4.15376
4.15404
4.15414
)
;
    }
}


// ************************************************************************* //
