/*--------------------------------*- C++ -*----------------------------------*\
| =========                 |                                                 |
| \\      /  F ield         | foam-extend: Open Source CFD                    |
|  \\    /   O peration     | Version:     4.1                                |
|   \\  /    A nd           | Web:         http://www.foam-extend.org         |
|    \\/     M anipulation  |                                                 |
\*---------------------------------------------------------------------------*/
FoamFile
{
    version     2.0;
    format      ascii;
    class       volVectorField;
    location    "0.192";
    object      traction;
}
// * * * * * * * * * * * * * * * * * * * * * * * * * * * * * * * * * * * * * //

dimensions      [1 -1 -2 0 0 0 0];

internalField   uniform (0 0 0);

boundaryField
{
    left
    {
        type            calculated;
        value           nonuniform List<vector> 
64
(
(-1191.16 -163.65 -124.359)
(-1065.32 -141.813 -162.38)
(-1078.41 -77.05 -189.083)
(-1089.95 -23.7131 -200.66)
(-1089.95 23.7131 -200.66)
(-1078.41 77.05 -189.083)
(-1065.32 141.813 -162.38)
(-1191.16 163.65 -124.359)
(-699.325 -116.23 -48.0218)
(-614.151 -101.824 -85.7479)
(-617.057 -53.3272 -103.565)
(-619.515 -15.9087 -110.997)
(-619.515 15.9087 -110.997)
(-617.057 53.3272 -103.565)
(-614.151 101.824 -85.7479)
(-699.325 116.23 -48.0218)
(-373.398 -66.6771 23.3275)
(-332.815 -62.3758 -5.19438)
(-339.302 -32.759 -9.9014)
(-341.848 -9.63535 -11.6864)
(-341.848 9.63535 -11.6864)
(-339.302 32.759 -9.9014)
(-332.815 62.3758 -5.19438)
(-373.398 66.6771 23.3275)
(-82.168 -13.7744 56.1357)
(-82.7515 -11.9013 29.146)
(-87.5971 -5.78029 30.5435)
(-89.1406 -1.57454 31.5981)
(-89.1406 1.57454 31.5981)
(-87.5971 5.78029 30.5435)
(-82.7515 11.9013 29.146)
(-82.168 13.7744 56.1357)
(190.401 31.2193 58.6433)
(148.92 40.7701 28.4671)
(147.776 23.0952 28.0377)
(147.717 7.05583 28.2605)
(147.717 -7.05583 28.2605)
(147.776 -23.0952 28.0377)
(148.92 -40.7701 28.4671)
(190.401 -31.2193 58.6433)
(451.948 60.6494 33.5612)
(370.198 86.3234 -4.88112)
(372.115 48.4634 -14.9436)
(373.583 14.6872 -19.2384)
(373.583 -14.6872 -19.2384)
(372.115 -48.4634 -14.9436)
(370.198 -86.3234 -4.88112)
(451.948 -60.6494 33.5612)
(708.557 68.783 -14.0873)
(585.591 116.361 -64.9919)
(586.839 65.606 -88.7981)
(589.209 19.9751 -99.2412)
(589.209 -19.9751 -99.2412)
(586.839 -65.606 -88.7981)
(585.591 -116.361 -64.9919)
(708.557 -68.783 -14.0873)
(1042.68 52.9358 -11.6299)
(914.577 137.419 -43.154)
(937.887 79.4801 -54.7416)
(953.471 24.5234 -58.5061)
(953.471 -24.5234 -58.5061)
(937.887 -79.4801 -54.7416)
(914.577 -137.419 -43.154)
(1042.68 -52.9358 -11.6299)
)
;
    }
    right
    {
        type            calculated;
        value           nonuniform List<vector> 
64
(
(-0.618856 0.00328197 1.46511)
(-0.621009 -0.00122658 1.47021)
(-0.619356 -0.00366225 1.46629)
(-0.618594 -0.00171507 1.46448)
(-0.618594 0.001715 1.46448)
(-0.619356 0.00366226 1.46629)
(-0.621009 0.00122674 1.47021)
(-0.618857 -0.00328195 1.46511)
(-0.571263 -0.00702079 1.3527)
(-0.587408 -0.0171199 1.39089)
(-0.586172 -0.0164371 1.38794)
(-0.585116 -0.00644964 1.38543)
(-0.585117 0.00644939 1.38543)
(-0.586173 0.0164371 1.38794)
(-0.587409 0.0171202 1.39089)
(-0.571263 0.00702097 1.3527)
(-0.472832 -0.0243475 1.11989)
(-0.494746 -0.0467491 1.17172)
(-0.494754 -0.0355937 1.17169)
(-0.494018 -0.0128391 1.16993)
(-0.494019 0.012839 1.16994)
(-0.494754 0.0355937 1.17169)
(-0.494746 0.0467491 1.17172)
(-0.472832 0.0243475 1.11989)
(-0.338646 -0.0363002 0.802199)
(-0.355994 -0.0669059 0.843218)
(-0.355374 -0.0484886 0.841711)
(-0.355249 -0.0171018 0.841399)
(-0.355249 0.0171018 0.841399)
(-0.355373 0.0484886 0.841711)
(-0.355993 0.0669059 0.843218)
(-0.338645 0.0363002 0.802197)
(-0.201363 -0.0356532 0.476997)
(-0.206441 -0.0654531 0.488985)
(-0.204627 -0.0473158 0.484665)
(-0.205134 -0.0167539 0.485854)
(-0.205134 0.0167539 0.485853)
(-0.204627 0.0473157 0.484664)
(-0.206441 0.0654532 0.488984)
(-0.201363 0.0356532 0.476997)
(-0.0901181 -0.0222707 0.213442)
(-0.0827163 -0.0424919 0.195902)
(-0.0806133 -0.0322448 0.190912)
(-0.0816867 -0.0118453 0.19345)
(-0.081687 0.0118453 0.19345)
(-0.0806137 0.0322447 0.190913)
(-0.0827163 0.042492 0.195902)
(-0.0901186 0.0222707 0.213443)
(-0.0276714 -0.00363389 0.0655209)
(-0.0149898 -0.0116588 0.0354934)
(-0.015393 -0.0124425 0.0364471)
(-0.0171736 -0.00532869 0.0406622)
(-0.017173 0.00532961 0.0406608)
(-0.0153922 0.012442 0.0364451)
(-0.0149901 0.0116586 0.035494)
(-0.0276712 0.00363395 0.0655205)
(-0.00609252 0.00588138 0.0144146)
(0.00137509 0.00130892 -0.00327027)
(0.0011047 -0.001891 -0.002629)
(0.000689075 -0.00123888 -0.00164499)
(0.00068923 0.00123919 -0.00164541)
(0.00110425 0.0018909 -0.00262798)
(0.00137227 -0.00130911 -0.00326353)
(-0.0060926 -0.0058818 0.0144149)
)
;
    }
    back
    {
        type            calculated;
        value           nonuniform List<vector> 
640
(
(-52.9911 2.46011 -2.84571)
(-26.469 0.993155 -0.742412)
(-9.0097 0.221746 0.729812)
(-0.995786 0.00631812 0.139097)
(-4.1876 -0.100201 -1.42095)
(-18.544 -0.769593 -2.37749)
(-42.5345 -2.50622 -1.7212)
(-78.5135 -6.04263 -2.1385)
(-15.7522 0.261433 -0.7256)
(-5.0628 0.0362558 -0.523038)
(-0.762444 -0.00511106 -0.362132)
(0.23822 -0.0103131 -0.424408)
(-0.710751 -0.0145473 -0.443866)
(-3.44362 -0.0402563 -0.390421)
(-8.83708 -0.134718 -0.236359)
(-17.6632 -0.396315 -0.396036)
(-5.85893 0.0322581 -0.50928)
(-0.895974 -0.0112222 -0.605487)
(0.849516 -0.0122565 -0.508341)
(0.797514 -0.0117266 -0.485305)
(0.309121 -0.00960695 -0.386925)
(-0.435138 -0.00685046 -0.256963)
(-2.15305 -0.0104819 -0.16315)
(-4.60968 -0.0268384 -0.153591)
(-2.43075 0.00107877 -0.368021)
(-0.106808 -0.0143407 -0.574089)
(0.954086 -0.0141432 -0.527093)
(1.00045 -0.0132467 -0.50179)
(0.734367 -0.0112412 -0.428229)
(0.326556 -0.00848509 -0.334083)
(-0.42894 -0.00681836 -0.275531)
(-1.1768 -0.00323713 -0.115939)
(-0.660119 -0.0045749 -0.242745)
(0.448157 -0.0145106 -0.511847)
(1.02741 -0.0146805 -0.506769)
(1.11743 -0.014249 -0.496859)
(1.01169 -0.0126297 -0.44008)
(0.854569 -0.0103382 -0.357202)
(0.672708 -0.00796405 -0.273915)
(0.583175 -0.00201731 -0.0303316)
(0.372805 -0.00426411 -0.128934)
(0.866831 -0.0132414 -0.429637)
(1.12368 -0.0139247 -0.452838)
(1.19067 -0.0142955 -0.466729)
(1.18963 -0.0134176 -0.427779)
(1.22877 -0.011887 -0.348805)
(1.37571 -0.0101916 -0.239147)
(1.63789 -0.00475785 0.0644163)
(0.972085 -0.00263205 -0.0328341)
(1.13159 -0.0115639 -0.348724)
(1.19603 -0.0126474 -0.3881)
(1.231 -0.0136702 -0.421329)
(1.28982 -0.0134609 -0.396138)
(1.44451 -0.0126173 -0.318839)
(1.74489 -0.0116828 -0.194464)
(2.16899 -0.00712649 0.144006)
(1.30642 -0.00104517 0.0446276)
(1.2824 -0.0099521 -0.276582)
(1.23613 -0.0112475 -0.323884)
(1.24527 -0.0126706 -0.36931)
(1.33336 -0.0129169 -0.352862)
(1.54328 -0.0125405 -0.276848)
(1.90007 -0.0121117 -0.147597)
(2.37065 -0.008146 0.204668)
(1.4789 0.000179253 0.105581)
(1.35586 -0.00854304 -0.214535)
(1.24806 -0.00989688 -0.264589)
(1.23938 -0.0115128 -0.316401)
(1.33789 -0.0120247 -0.305098)
(1.56618 -0.0119274 -0.230972)
(1.93096 -0.0117941 -0.103395)
(2.39404 -0.00817579 0.249418)
(1.55418 0.00104796 0.153119)
(1.37957 -0.00734629 -0.161805)
(1.23909 -0.00866103 -0.21158)
(1.21874 -0.0103326 -0.265931)
(1.31714 -0.010981 -0.257657)
(1.54401 -0.0110421 -0.186186)
(1.89522 -0.0110845 -0.0640006)
(2.33122 -0.00770345 0.282367)
(1.57211 0.00164259 0.190194)
(1.37262 -0.00633162 -0.116966)
(1.21592 -0.00755658 -0.16487)
(1.18794 -0.00920496 -0.219533)
(1.28097 -0.00991355 -0.213193)
(1.49721 -0.0100658 -0.144934)
(1.82713 -0.0102242 -0.0298531)
(2.23164 -0.00704294 0.306885)
(1.55658 0.00204136 0.219183)
(1.3472 -0.00546524 -0.0786462)
(1.18356 -0.00658054 -0.123989)
(1.1505 -0.00816535 -0.177802)
(1.23603 -0.00889284 -0.172866)
(1.43829 -0.00910085 -0.108087)
(1.74563 -0.00934531 -0.000587074)
(2.11998 -0.00635394 0.325355)
(1.52172 0.00230263 0.241864)
(1.31086 -0.0047195 -0.0457299)
(1.14547 -0.00572271 -0.0883292)
(1.109 -0.00722599 -0.140747)
(1.18661 -0.00795104 -0.136955)
(1.37445 -0.00819611 -0.0756823)
(1.66052 -0.00850944 0.0244246)
(2.00772 -0.00570564 0.339347)
(1.47587 0.00246664 0.259531)
(1.26819 -0.00407326 -0.0173501)
(1.10397 -0.00497057 -0.0572861)
(1.06525 -0.00638632 -0.108086)
(1.13535 -0.00709815 -0.105286)
(1.3096 -0.0073696 -0.0473957)
(1.5765 -0.00773948 0.0458026)
(1.89963 -0.00512138 0.349846)
(1.42398 0.00256061 0.273123)
(1.22202 -0.00351048 0.00716121)
(1.0606 -0.00431155 -0.0303033)
(1.02048 -0.00563968 -0.0794177)
(1.0838 -0.0063327 -0.0774991)
(1.2457 -0.00662355 -0.0227958)
(1.4955 -0.00703948 0.064064)
(1.79721 -0.00460362 0.357457)
(1.36897 0.00260303 0.283329)
(1.17408 -0.00301876 0.0283242)
(1.01641 -0.00373399 -0.00689186)
(0.975506 -0.00497704 -0.0543206)
(1.03285 -0.00564817 -0.0531862)
(1.18366 -0.00595312 -0.0014586)
(1.41813 -0.00640547 0.0796129)
(1.70049 -0.00414664 0.362557)
(1.31264 0.00260677 0.290668)
(1.12545 -0.00258823 0.0465515)
(0.972074 -0.00322755 0.0133694)
(0.930867 -0.00438911 -0.0323972)
(0.982957 -0.00503641 -0.0319597)
(1.12379 -0.00535104 0.01699)
(1.34436 -0.00583082 0.0927606)
(1.60899 -0.00374246 0.365396)
(1.25606 0.00258102 0.295539)
(1.07681 -0.00221093 0.0621783)
(0.928062 -0.00278328 0.0308391)
(0.886913 -0.0038672 -0.0132948)
(0.934383 -0.00448935 -0.0134754)
(1.06615 -0.00480977 0.0328674)
(1.27395 -0.00530872 0.103753)
(1.52212 -0.0033834 0.366167)
(1.19991 0.00253255 0.298261)
(1.02863 -0.00188024 0.0754825)
(0.884687 -0.00239349 0.0458225)
(0.843874 -0.00340362 0.00329215)
(0.887244 -0.00399964 0.00256258)
(1.01071 -0.00432243 0.0464408)
(1.20661 -0.0048331 0.112794)
(1.43935 -0.00306286 0.365038)
(1.14463 0.0024665 0.299098)
(0.9812 -0.00159059 0.0866996)
(0.842166 -0.00205162 0.0585805)
(0.801898 -0.00299169 0.0176262)
(0.841594 -0.0035609 0.0164074)
(0.957365 -0.00388304 0.0579381)
(1.1421 -0.00439882 0.120057)
(1.36029 -0.00277548 0.362169)
(1.09048 0.0023869 0.298269)
(0.934719 -0.00133725 0.0960332)
(0.800646 -0.00175204 0.0693379)
(0.761082 -0.00262566 0.0299334)
(0.797452 -0.0031676 0.0282766)
(0.906044 -0.0034865 0.0675572)
(1.08021 -0.00400164 0.125703)
(1.28463 -0.00251693 0.357721)
(1.03765 0.00229695 0.295968)
(0.889325 -0.00111611 0.103663)
(0.760228 -0.0014899 0.0782913)
(0.72149 -0.00230056 0.0404107)
(0.754825 -0.00281502 0.0383602)
(0.856675 -0.00312844 0.075474)
(1.02081 -0.00363802 0.129876)
(1.21216 -0.00228374 0.351854)
(0.986233 0.00219928 0.292364)
(0.84511 -0.000923577 0.109748)
(0.720981 -0.00126097 0.0856145)
(0.68316 -0.00201206 0.0492319)
(0.713709 -0.00249902 0.0468264)
(0.809202 -0.00280511 0.081848)
(0.963784 -0.00330497 0.132717)
(1.14274 -0.00207305 0.344727)
(0.936311 0.00209606 0.28761)
(0.802139 -0.000756495 0.114435)
(0.68295 -0.00106153 0.0914638)
(0.646118 -0.00175633 0.0565527)
(0.674096 -0.00221599 0.0538272)
(0.763581 -0.00251321 0.0868255)
(0.909053 -0.00299991 0.134356)
(1.07626 -0.00188245 0.336497)
(0.887924 0.00198913 0.281845)
(0.760453 -0.000612046 0.117855)
(0.646161 -0.00088829 0.095981)
(0.610375 -0.00153001 0.0625143)
(0.635976 -0.00196272 0.0595008)
(0.719774 -0.00224984 0.0905425)
(0.856555 -0.00272056 0.134918)
(1.01263 -0.00170989 0.327315)
(0.841094 0.00188004 0.275197)
(0.720077 -0.000487713 0.120132)
(0.610631 -0.000738304 0.0992962)
(0.575936 -0.00133004 0.0672462)
(0.599335 -0.00173632 0.0639749)
(0.677747 -0.00201237 0.0931257)
(0.806238 -0.0024649 0.134521)
(0.951773 -0.00155358 0.317323)
(0.795833 0.0017701 0.267784)
(0.681028 -0.000381229 0.121381)
(0.576366 -0.000608943 0.10153)
(0.542796 -0.00115371 0.0708682)
(0.564156 -0.00153419 0.0673679)
(0.637468 -0.00179844 0.0946937)
(0.758055 -0.00223105 0.133275)
(0.893631 -0.0014119 0.306658)
(0.75214 0.00166045 0.259718)
(0.643313 -0.000290551 0.121706)
(0.543364 -0.000497834 0.102794)
(0.510948 -0.000998536 0.0734914)
(0.530421 -0.00135397 0.0697903)
(0.598905 -0.00160587 0.0953575)
(0.711959 -0.00201731 0.131286)
(0.838133 -0.00128344 0.295445)
(0.71001 0.00155203 0.251101)
(0.606933 -0.000213837 0.121209)
(0.511621 -0.000402841 0.103193)
(0.48038 -0.000862277 0.0752198)
(0.498106 -0.00119349 0.0713448)
(0.562024 -0.00143271 0.0952209)
(0.667905 -0.00182211 0.12865)
(0.785212 -0.00116688 0.283803)
(0.669434 0.00144566 0.24203)
(0.571884 -0.000149418 0.119982)
(0.481126 -0.000322041 0.102823)
(0.451075 -0.000742898 0.07615)
(0.467188 -0.00105079 0.0721278)
(0.526788 -0.00127712 0.0943807)
(0.625844 -0.00164398 0.125459)
(0.734801 -0.00106107 0.271839)
(0.630395 0.001342 0.232593)
(0.538157 -9.57929e-05 0.118114)
(0.451863 -0.000253697 0.101776)
(0.423014 -0.000638551 0.0763725)
(0.437639 -0.000924064 0.0722288)
(0.49316 -0.00113746 0.0929272)
(0.585727 -0.00148157 0.121796)
(0.686828 -0.000964937 0.259652)
(0.592877 0.00124161 0.222874)
(0.505743 -5.16042e-05 0.115685)
(0.423817 -0.000196249 0.100137)
(0.396174 -0.000547561 0.0759716)
(0.409429 -0.000811685 0.0717312)
(0.4611 -0.0010122 0.0909441)
(0.547504 -0.0013336 0.117739)
(0.641221 -0.000877529 0.247333)
(0.55686 0.00114494 0.21295)
(0.474625 -1.56318e-05 0.112771)
(0.396968 -0.000148296 0.0979843)
(0.370533 -0.000468411 0.0750257)
(0.382529 -0.000712155 0.0707128)
(0.430568 -0.000899941 0.0885089)
(0.511122 -0.00119891 0.113359)
(0.597906 -0.00079798 0.234964)
(0.52232 0.00105233 0.202892)
(0.444789 1.322e-05 0.109445)
(0.371293 -0.000108584 0.0953911)
(0.346065 -0.000399732 0.0736078)
(0.356904 -0.000624118 0.0692453)
(0.401522 -0.000799413 0.0856932)
(0.476528 -0.00107641 0.108722)
(0.556807 -0.000725513 0.222619)
(0.489233 0.000964049 0.192767)
(0.416214 3.59322e-05 0.105771)
(0.346771 -7.59906e-05 0.0924255)
(0.322741 -0.000340287 0.0717853)
(0.332521 -0.000546342 0.0673952)
(0.373917 -0.000709455 0.082563)
(0.443667 -0.000965089 0.103887)
(0.517851 -0.000659428 0.210364)
(0.457572 0.000880288 0.182633)
(0.38888 5.33805e-05 0.101812)
(0.323376 -4.95198e-05 0.0891503)
(0.300534 -0.000288966 0.0696206)
(0.309345 -0.000477712 0.0652237)
(0.34771 -0.000629009 0.0791785)
(0.412485 -0.000864025 0.0989093)
(0.48096 -0.000599099 0.198259)
(0.427311 0.000801168 0.172547)
(0.362765 6.63458e-05 0.0976229)
(0.301083 -2.82856e-05 0.0856232)
(0.279415 -0.000244773 0.0671713)
(0.287342 -0.000417222 0.0627871)
(0.322857 -0.000557114 0.0755951)
(0.382928 -0.000772356 0.0938371)
(0.446062 -0.000543967 0.186355)
(0.39842 0.000726751 0.162557)
(0.337845 7.55213e-05 0.0932562)
(0.279865 -1.15049e-05 0.0818973)
(0.259354 -0.000206818 0.06449)
(0.266475 -0.000363964 0.0601369)
(0.299314 -0.000492901 0.0718628)
(0.35494 -0.000689287 0.0887151)
(0.413081 -0.000493534 0.1747)
(0.370869 0.000657045 0.152709)
(0.314095 8.15197e-05 0.0887597)
(0.259694 1.51242e-06 0.0780212)
(0.24032 -0.000174305 0.061625)
(0.246708 -0.000317121 0.0573201)
(0.277035 -0.000435581 0.0680273)
(0.328467 -0.000614088 0.0835832)
(0.381945 -0.000447356 0.163333)
(0.344629 0.000592015 0.143043)
(0.29149 8.48804e-05 0.0841767)
(0.240543 1.1372e-05 0.0740392)
(0.222282 -0.000146529 0.0586204)
(0.228004 -0.00027596 0.0543792)
(0.255976 -0.000384443 0.0641296)
(0.303455 -0.000546084 0.078477)
(0.352581 -0.000405039 0.152289)
(0.319666 0.000531585 0.133596)
(0.270003 8.60767e-05 0.0795468)
(0.222383 1.86031e-05 0.0699913)
(0.20521 -0.000122862 0.055516)
(0.210329 -0.000239828 0.051353)
(0.236094 -0.000338845 0.0602066)
(0.279851 -0.000484657 0.0734279)
(0.324918 -0.000366234 0.141598)
(0.29595 0.000475649 0.124397)
(0.249606 8.55218e-05 0.0749059)
(0.205186 2.36663e-05 0.0659138)
(0.189072 -0.00010275 0.052348)
(0.193646 -0.000208136 0.0482761)
(0.217346 -0.00029821 0.0562911)
(0.257602 -0.000429235 0.068464)
(0.298887 -0.000330632 0.131284)
(0.273447 0.000424072 0.115476)
(0.230271 8.3575e-05 0.0702861)
(0.188922 2.69601e-05 0.0618392)
(0.173838 -8.57046e-05 0.0491488)
(0.17792 -0.000180364 0.0451796)
(0.199688 -0.000262018 0.0524125)
(0.236657 -0.000379297 0.0636094)
(0.274422 -0.000297958 0.121368)
(0.252126 0.000376697 0.106855)
(0.211969 8.05467e-05 0.0657163)
(0.173562 2.88278e-05 0.0577966)
(0.159478 -7.12969e-05 0.0459475)
(0.163115 -0.000156046 0.0420914)
(0.183079 -0.000229803 0.0485964)
(0.216964 -0.000334361 0.0588852)
(0.251455 -0.00026797 0.111865)
(0.231953 0.000333348 0.0985551)
(0.194673 7.67037e-05 0.0612222)
(0.159079 2.95636e-05 0.0538117)
(0.145959 -5.91505e-05 0.0427697)
(0.149198 -0.00013477 0.0390359)
(0.167478 -0.000201148 0.0448653)
(0.198474 -0.000293986 0.0543096)
(0.229922 -0.00024045 0.102788)
(0.212895 0.000293837 0.0905927)
(0.178352 7.22736e-05 0.0568263)
(0.145442 2.94173e-05 0.0499073)
(0.133253 -4.89373e-05 0.0396384)
(0.136134 -0.000116171 0.0360346)
(0.152844 -0.000175679 0.0412386)
(0.181138 -0.000257768 0.0498977)
(0.209762 -0.000215207 0.0941456)
(0.194919 0.000257965 0.0829812)
(0.162978 6.74492e-05 0.0525484)
(0.132624 2.86003e-05 0.0461031)
(0.12133 -4.03714e-05 0.0365734)
(0.12389 -9.99263e-05 0.0331062)
(0.139138 -0.000153062 0.0377328)
(0.16491 -0.000225335 0.0456622)
(0.190914 -0.000192071 0.0859429)
(0.177993 0.000225526 0.075731)
(0.148521 6.23922e-05 0.0484056)
(0.120595 2.72896e-05 0.0424162)
(0.110161 -3.32055e-05 0.0335919)
(0.112434 -8.57496e-05 0.0302668)
(0.126322 -0.000132996 0.034362)
(0.149741 -0.000196346 0.0416134)
(0.173319 -0.000170887 0.0781825)
(0.162083 0.00019631 0.0688497)
(0.134952 5.72367e-05 0.0444126)
(0.109329 2.5632e-05 0.038861)
(0.0997154 -2.72255e-05 0.0307088)
(0.101733 -7.33899e-05 0.0275301)
(0.114358 -0.000115215 0.0311375)
(0.135588 -0.000170489 0.0377592)
(0.156919 -0.000151518 0.0708644)
(0.147156 0.000170105 0.0623424)
(0.122241 5.20927e-05 0.0405815)
(0.0987963 2.37484e-05 0.0354498)
(0.0899666 -2.22473e-05 0.0279365)
(0.0917561 -6.2626e-05 0.0249074)
(0.103209 -9.94807e-05 0.0280687)
(0.122405 -0.000147479 0.0341056)
(0.141661 -0.000133839 0.0639859)
(0.13318 0.000146702 0.0562114)
(0.110359 4.70487e-05 0.0369223)
(0.0889705 2.17365e-05 0.0321923)
(0.0808862 -1.81129e-05 0.0252854)
(0.082473 -5.32632e-05 0.0224081)
(0.0928401 -8.55785e-05 0.0251626)
(0.110151 -0.000127052 0.0306568)
(0.127491 -0.000117735 0.0575422)
(0.120121 0.000125891 0.0504569)
(0.0992765 4.21749e-05 0.0334431)
(0.0798242 1.96748e-05 0.0290966)
(0.072447 -1.46874e-05 0.0227637)
(0.0738538 -4.51306e-05 0.0200395)
(0.0832165 -7.33182e-05 0.0224245)
(0.098782 -0.000108968 0.0274152)
(0.114356 -0.000103104 0.0515265)
(0.107948 0.00010747 0.0450772)
(0.0889645 3.75251e-05 0.0301499)
(0.0713305 1.76246e-05 0.0261685)
(0.0646221 -1.18559e-05 0.020378)
(0.0658694 -3.80784e-05 0.0178073)
(0.0743045 -6.25289e-05 0.0198579)
(0.088259 -9.30051e-05 0.0243816)
(0.102208 -8.98469e-05 0.0459305)
(0.0966287 9.12408e-05 0.0400683)
(0.079394 3.31389e-05 0.027047)
(0.0634632 1.56328e-05 0.0234124)
(0.0573853 -9.521e-06 0.018133)
(0.0584914 -3.19751e-05 0.0157153)
(0.0660711 -5.3058e-05 0.0174646)
(0.0785417 -7.89617e-05 0.0215555)
(0.0909983 -7.78753e-05 0.0407439)
(0.0861302 7.70135e-05 0.0354246)
(0.070536 2.90442e-05 0.0241371)
(0.0561962 1.37344e-05 0.0208309)
(0.0507108 -7.6005e-06 0.0160321)
(0.051692 -2.67053e-05 0.013766)
(0.0584846 -4.47684e-05 0.015245)
(0.0695916 -6.66516e-05 0.018935)
(0.0806795 -6.71041e-05 0.0359553)
(0.0764209 6.46051e-05 0.0311389)
(0.0623617 2.52585e-05 0.0214212)
(0.0495036 1.19539e-05 0.018425)
(0.0445733 -6.02515e-06 0.0140769)
(0.0454442 -2.21677e-05 0.0119604)
(0.0515138 -3.7537e-05 0.0131981)
(0.0613712 -5.59041e-05 0.0165171)
(0.0712067 -5.74532e-05 0.0315522)
(0.0674692 5.38416e-05 0.0272024)
(0.0548427 2.17907e-05 0.0188992)
(0.0433604 1.03074e-05 0.0161946)
(0.038948 -4.73687e-06 0.012268)
(0.0397216 -1.82734e-05 0.0102985)
(0.0451285 -3.12529e-05 0.0113219)
(0.053844 -4.65624e-05 0.0142977)
(0.0625362 -4.88463e-05 0.0275207)
(0.0592434 4.45583e-05 0.0236052)
(0.0479504 1.86424e-05 0.0165695)
(0.0377413 8.80424e-06 0.0141383)
(0.0338107 -3.68713e-06 0.0106047)
(0.0344983 -1.49441e-05 0.00877885)
(0.0392992 -2.58163e-05 0.00961303)
(0.0469745 -3.84827e-05 0.0122719)
(0.0546255 -4.12102e-05 0.0238464)
(0.0517122 3.66001e-05 0.0203359)
(0.0416566 1.58093e-05 0.0144294)
(0.0326218 7.44794e-06 0.0122535)
(0.0291374 -2.83542e-06 0.00908533)
(0.0297492 -1.2111e-05 0.00739916)
(0.0339972 -2.11368e-05 0.00806743)
(0.0407278 -3.15326e-05 0.0104339)
(0.0474335 -3.44745e-05 0.020514)
(0.0448444 2.98218e-05 0.0173823)
(0.0359335 1.32824e-05 0.012475)
(0.0279776 6.23774e-06 0.0105365)
(0.0249049 -2.14806e-06 0.00770706)
(0.0254496 -9.7132e-06 0.00615619)
(0.0291946 -1.71325e-05 0.00668002)
(0.0350704 -2.5591e-05 0.00877728)
(0.0409205 -2.85713e-05 0.0175077)
(0.0386088 2.40881e-05 0.0147311)
(0.0307529 1.10486e-05 0.0107018)
(0.0237845 5.16942e-06 0.00898303)
(0.0210899 -1.5971e-06 0.00646633)
(0.0215754 -7.69681e-06 0.0050459)
(0.0248642 -1.37291e-05 0.00544498)
(0.0299694 -2.05466e-05 0.00729472)
(0.035048 -2.34349e-05 0.0148111)
(0.0329744 1.92737e-05 0.0123682)
(0.0260874 9.09195e-06 0.00910409)
(0.020019 4.23619e-06 0.00758765)
(0.0176701 -1.15932e-06 0.00535877)
(0.0181031 -6.01405e-06 0.00406352)
(0.0209793 -1.08589e-05 0.00435583)
(0.0253929 -1.62972e-05 0.00597845)
(0.0297782 -1.90013e-05 0.0124075)
(0.0279104 1.52632e-05 0.0102788)
(0.0219093 7.39442e-06 0.00767542)
(0.0166574 3.4294e-06 0.00634438)
(0.014623 -8.1541e-07 0.00437933)
(0.0150096 -4.62239e-06 0.00320364)
(0.0175139 -8.45998e-06 0.0034055)
(0.0213094 -1.2749e-05 0.0048202)
(0.0250745 -1.52082e-05 0.0102799)
(0.0233859 1.19508e-05 0.00844761)
(0.0181914 5.93634e-06 0.0064087)
(0.0136766 2.73918e-06 0.00524657)
(0.0119269 -5.49337e-07 0.00352234)
(0.0122721 -3.48382e-06 0.0024603)
(0.0144425 -6.47578e-06 0.00258646)
(0.0176882 -9.81589e-06 0.00381125)
(0.0209011 -1.19955e-05 0.00841087)
(0.0193703 9.24064e-06 0.00685876)
(0.0149063 4.69719e-06 0.00529623)
(0.0110537 2.15493e-06 0.004287)
(0.00956022 -3.47692e-07 0.00278161)
(0.00986852 -2.56435e-06 0.00182706)
(0.0117402 -4.85458e-06 0.00189074)
(0.0144995 -7.41899e-06 0.00294262)
(0.0172232 -9.305e-06 0.0067832)
(0.0158329 7.04546e-06 0.00549597)
(0.0120273 3.65597e-06 0.0043297)
(0.00876596 1.66577e-06 0.00345799)
(0.0075017 -1.99217e-07 0.00215051)
(0.00777704 -1.83344e-06 0.00129707)
(0.00938256 -3.549e-06 0.00131006)
(0.0117139 -5.48642e-06 0.00220503)
(0.0140068 -7.08085e-06 0.0053796)
(0.0127433 5.28694e-06 0.00434264)
(0.00952726 2.7917e-06 0.00350034)
(0.00679087 1.26083e-06 0.00275142)
(0.00573046 -9.43941e-08 0.00162201)
(0.00597627 -1.26362e-06 0.000863143)
(0.00734577 -2.51568e-06 0.000835811)
(0.00930278 -3.9526e-06 0.00158893)
(0.0112189 -5.26926e-06 0.00418284)
(0.0100708 3.89515e-06 0.00338194)
(0.00737964 2.08383e-06 0.00279896)
(0.00510621 9.29573e-07 0.00215883)
(0.00422589 -2.51253e-08 0.00118877)
(0.00444515 -8.30174e-07 0.000517793)
(0.00560631 -1.71494e-06 0.000459163)
(0.00723795 -2.75791e-06 0.00108455)
(0.00882685 -3.81884e-06 0.00317574)
(0.00778522 2.80814e-06 0.00259691)
(0.00555792 1.51253e-06 0.00221603)
(0.00368992 6.62e-07 0.0016715)
(0.00296759 1.55426e-08 0.000843129)
(0.00316297 -5.10788e-07 0.000253296)
(0.00414111 -1.11053e-06 0.000171125)
(0.00549188 -1.84835e-06 0.000682029)
(0.00679874 -2.68083e-06 0.00234134)
(0.00585625 1.9715e-06 0.0019705)
(0.00403581 1.05893e-06 0.00174174)
(0.0025201 4.48766e-07 0.00128043)
(0.00193544 3.36577e-08 0.000577199)
(0.00210931 -2.85379e-07 6.17289e-05)
(0.00292748 -6.69457e-07 -3.74435e-05)
(0.00403755 -1.17522e-06 0.000371356)
(0.00510337 -1.80933e-06 0.00166293)
(0.00425393 1.33793e-06 0.00148572)
(0.00278723 7.05381e-07 0.00136605)
(0.00157502 2.81324e-07 0.000976487)
(0.00110944 3.45308e-08 0.00038292)
(0.00126398 -1.35885e-07 -6.50452e-05)
(0.00194314 -3.61855e-07 -0.000175843)
(0.00284849 -6.94885e-07 0.00014248)
(0.0037102 -1.16146e-06 0.00112408)
(0.0029486 8.66744e-07 0.0011256)
(0.0017864 4.35562e-07 0.0010788)
(0.000833066 1.5196e-07 0.000750456)
(0.000469568 2.28275e-08 0.000252059)
(0.000606856 -4.60851e-08 -0.000135377)
(0.0011661 -1.60739e-07 -0.000253494)
(0.00189885 -3.68474e-07 -1.46901e-05)
(0.0025894 -6.97641e-07 0.000708795)
(0.00191103 5.23408e-07 0.000873287)
(0.00100785 2.34606e-07 0.000869746)
(0.000272619 5.37523e-08 0.000593079)
(-4.34426e-06 2.61978e-09 0.000176225)
(0.000117732 -1.48732e-09 -0.000157829)
(0.000574602 -4.1882e-08 -0.000279955)
(0.00116336 -1.61593e-07 -0.000110275)
(0.00171192 -3.8163e-07 0.000401483)
(0.00111253 2.79036e-07 0.000712002)
(0.000426499 8.91173e-08 0.000728662)
(-0.000128014 -1.95003e-08 0.00049519)
(-0.000332936 -2.26276e-08 0.000146945)
(-0.000223957 1.07431e-08 -0.000141203)
(0.000147052 1.63115e-08 -0.00026496)
(0.000617456 -4.40438e-08 -0.000154424)
(0.00104943 -1.80647e-07 0.000187049)
(0.000525128 1.09951e-07 0.00062491)
(1.77346e-05 -1.28394e-08 0.00064535)
(-0.000390755 -7.34541e-08 0.00044794)
(-0.000537672 -5.01888e-08 0.000155834)
(-0.000439436 1.77875e-09 -9.45322e-05)
(-0.000138023 3.29175e-08 -0.000218479)
(0.000237278 1.04594e-08 -0.000157362)
(0.00057435 -6.5374e-08 5.08522e-05)
(0.000121425 -2.73247e-09 0.000594778)
(-0.000242707 -8.17553e-08 0.000609654)
(-0.000537971 -1.13519e-07 0.000443281)
(-0.00064125 -7.84281e-08 0.000195206)
(-0.000550918 -1.90485e-08 -2.67603e-05)
(-0.000302057 2.45417e-08 -0.000150747)
(-2.89129e-07 2.4565e-08 -0.000129557)
(0.000259488 -9.9543e-09 -2.14049e-05)
(-0.000126383 -7.35484e-08 0.000603337)
(-0.000379171 -1.2664e-07 0.000611417)
(-0.000592754 -1.45336e-07 0.000474921)
(-0.000667648 -1.07624e-07 0.000259626)
(-0.000581653 -4.49033e-08 5.44022e-05)
(-0.000366865 5.09012e-09 -7.21134e-05)
(-0.000118352 1.74411e-08 -8.21432e-05)
(7.70687e-05 8.00057e-09 -4.4111e-05)
(-0.000249254 -1.12982e-07 0.000629184)
(-0.000417917 -1.54251e-07 0.000637866)
(-0.000579027 -1.7423e-07 0.000536573)
(-0.000639426 -1.40119e-07 0.000346027)
(-0.000553263 -7.20439e-08 0.000143415)
(-0.000354924 -1.49951e-08 7.24167e-06)
(-0.000142664 4.23876e-09 -2.75258e-05)
(-3.8135e-06 7.16951e-09 -3.32817e-05)
(-0.00028725 -1.28305e-07 0.000650557)
(-0.000393214 -1.6797e-07 0.000672597)
(-0.000521409 -2.0354e-07 0.00062324)
(-0.000568861 -1.79005e-07 0.000458307)
(-0.00047646 -1.00822e-07 0.000244152)
(-0.00028727 -3.1471e-08 8.2998e-05)
(-0.000106257 -5.85098e-09 2.03174e-05)
(-1.99962e-05 1.21257e-09 -7.18608e-06)
(-0.000274744 -1.25035e-07 0.000651446)
(-0.000353999 -1.79431e-07 0.000732166)
(-0.000437427 -2.47245e-07 0.000766849)
(-0.000429281 -2.37889e-07 0.00063498)
(-0.000309167 -1.42011e-07 0.000384668)
(-0.000151576 -4.7593e-08 0.000155652)
(-4.36005e-05 -7.74551e-09 3.55309e-05)
(-8.52879e-06 -2.32465e-09 1.33085e-05)
)
;
    }
    front
    {
        type            calculated;
        value           nonuniform List<vector> 
640
(
(-52.9911 -2.46011 -2.84571)
(-26.469 -0.993155 -0.742412)
(-9.0097 -0.221746 0.729812)
(-0.995786 -0.00631812 0.139097)
(-4.1876 0.100201 -1.42095)
(-18.544 0.769593 -2.37749)
(-42.5345 2.50622 -1.7212)
(-78.5135 6.04263 -2.1385)
(-15.7522 -0.261433 -0.7256)
(-5.0628 -0.0362558 -0.523038)
(-0.762444 0.00511106 -0.362132)
(0.23822 0.0103131 -0.424408)
(-0.710751 0.0145473 -0.443866)
(-3.44362 0.0402563 -0.390421)
(-8.83708 0.134718 -0.236359)
(-17.6632 0.396315 -0.396036)
(-5.85893 -0.0322581 -0.50928)
(-0.895974 0.0112222 -0.605487)
(0.849516 0.0122565 -0.508341)
(0.797514 0.0117266 -0.485305)
(0.309121 0.00960695 -0.386925)
(-0.435138 0.00685046 -0.256963)
(-2.15305 0.0104819 -0.16315)
(-4.60968 0.0268384 -0.153591)
(-2.43075 -0.00107877 -0.368021)
(-0.106808 0.0143407 -0.574089)
(0.954086 0.0141432 -0.527093)
(1.00045 0.0132467 -0.50179)
(0.734367 0.0112412 -0.428229)
(0.326556 0.00848509 -0.334082)
(-0.42894 0.00681836 -0.275531)
(-1.1768 0.00323713 -0.115939)
(-0.660119 0.0045749 -0.242745)
(0.448157 0.0145106 -0.511847)
(1.02741 0.0146805 -0.506769)
(1.11743 0.014249 -0.496859)
(1.01169 0.0126297 -0.44008)
(0.854569 0.0103382 -0.357202)
(0.672708 0.00796405 -0.273915)
(0.583175 0.00201731 -0.0303316)
(0.372805 0.00426411 -0.128934)
(0.866831 0.0132414 -0.429637)
(1.12368 0.0139247 -0.452838)
(1.19067 0.0142955 -0.466729)
(1.18963 0.0134176 -0.427779)
(1.22877 0.011887 -0.348805)
(1.37571 0.0101916 -0.239147)
(1.63789 0.00475785 0.0644163)
(0.972085 0.00263205 -0.0328341)
(1.13159 0.0115639 -0.348724)
(1.19603 0.0126474 -0.3881)
(1.231 0.0136702 -0.421329)
(1.28982 0.0134609 -0.396138)
(1.44451 0.0126173 -0.318839)
(1.74489 0.0116828 -0.194464)
(2.16899 0.00712649 0.144006)
(1.30642 0.00104517 0.0446275)
(1.2824 0.0099521 -0.276582)
(1.23613 0.0112475 -0.323884)
(1.24527 0.0126706 -0.36931)
(1.33336 0.0129169 -0.352862)
(1.54328 0.0125405 -0.276848)
(1.90007 0.0121117 -0.147597)
(2.37065 0.008146 0.204668)
(1.4789 -0.000179253 0.105581)
(1.35586 0.00854305 -0.214535)
(1.24806 0.00989688 -0.264589)
(1.23938 0.0115128 -0.316401)
(1.33789 0.0120247 -0.305098)
(1.56618 0.0119274 -0.230972)
(1.93096 0.0117941 -0.103395)
(2.39404 0.00817579 0.249418)
(1.55418 -0.00104796 0.153119)
(1.37957 0.00734629 -0.161805)
(1.23909 0.00866103 -0.21158)
(1.21874 0.0103326 -0.265931)
(1.31714 0.010981 -0.257657)
(1.54401 0.0110421 -0.186186)
(1.89522 0.0110845 -0.0640006)
(2.33122 0.00770345 0.282367)
(1.57211 -0.00164259 0.190194)
(1.37262 0.00633162 -0.116966)
(1.21592 0.00755658 -0.16487)
(1.18794 0.00920496 -0.219533)
(1.28097 0.00991355 -0.213193)
(1.49721 0.0100658 -0.144934)
(1.82713 0.0102242 -0.0298531)
(2.23164 0.00704294 0.306885)
(1.55658 -0.00204136 0.219183)
(1.3472 0.00546524 -0.0786462)
(1.18356 0.00658054 -0.123989)
(1.1505 0.00816535 -0.177802)
(1.23603 0.00889284 -0.172866)
(1.43829 0.00910085 -0.108087)
(1.74563 0.00934531 -0.000587084)
(2.11998 0.00635394 0.325355)
(1.52172 -0.00230263 0.241864)
(1.31086 0.0047195 -0.0457299)
(1.14547 0.00572271 -0.0883291)
(1.109 0.00722599 -0.140747)
(1.18661 0.00795104 -0.136955)
(1.37445 0.00819611 -0.0756823)
(1.66052 0.00850944 0.0244246)
(2.00772 0.00570564 0.339347)
(1.47587 -0.00246664 0.259531)
(1.26819 0.00407326 -0.0173501)
(1.10397 0.00497057 -0.057286)
(1.06525 0.00638632 -0.108086)
(1.13535 0.00709815 -0.105286)
(1.3096 0.0073696 -0.0473957)
(1.5765 0.00773948 0.0458026)
(1.89963 0.00512138 0.349846)
(1.42398 -0.00256061 0.273123)
(1.22202 0.00351048 0.0071612)
(1.0606 0.00431155 -0.0303033)
(1.02048 0.00563968 -0.0794177)
(1.0838 0.0063327 -0.0774991)
(1.2457 0.00662355 -0.0227958)
(1.4955 0.00703948 0.064064)
(1.79721 0.00460362 0.357457)
(1.36897 -0.00260303 0.283329)
(1.17408 0.00301876 0.0283241)
(1.01641 0.00373399 -0.00689183)
(0.975506 0.00497704 -0.0543206)
(1.03285 0.00564817 -0.0531862)
(1.18366 0.00595312 -0.0014586)
(1.41813 0.00640547 0.0796128)
(1.70049 0.00414664 0.362557)
(1.31264 -0.00260677 0.290668)
(1.12545 0.00258823 0.0465515)
(0.972074 0.00322755 0.0133694)
(0.930867 0.00438911 -0.0323972)
(0.982957 0.00503641 -0.0319597)
(1.12379 0.00535104 0.01699)
(1.34436 0.00583082 0.0927606)
(1.60899 0.00374246 0.365396)
(1.25606 -0.00258102 0.295539)
(1.07681 0.00221093 0.0621783)
(0.928062 0.00278328 0.0308391)
(0.886913 0.0038672 -0.0132948)
(0.934383 0.00448935 -0.0134754)
(1.06615 0.00480977 0.0328674)
(1.27395 0.00530872 0.103753)
(1.52212 0.0033834 0.366167)
(1.19991 -0.00253255 0.298261)
(1.02863 0.00188024 0.0754825)
(0.884687 0.00239349 0.0458225)
(0.843874 0.00340362 0.00329214)
(0.887244 0.00399964 0.00256258)
(1.01071 0.00432243 0.0464408)
(1.20661 0.0048331 0.112794)
(1.43935 0.00306286 0.365038)
(1.14463 -0.0024665 0.299098)
(0.9812 0.00159059 0.0866996)
(0.842166 0.00205162 0.0585805)
(0.801898 0.00299169 0.0176262)
(0.841594 0.0035609 0.0164074)
(0.957365 0.00388304 0.0579381)
(1.1421 0.00439882 0.120057)
(1.36029 0.00277548 0.362169)
(1.09048 -0.0023869 0.298269)
(0.934719 0.00133725 0.0960332)
(0.800646 0.00175204 0.0693379)
(0.761082 0.00262566 0.0299334)
(0.797452 0.0031676 0.0282766)
(0.906044 0.0034865 0.0675572)
(1.08021 0.00400164 0.125703)
(1.28463 0.00251693 0.357721)
(1.03765 -0.00229695 0.295968)
(0.889325 0.00111611 0.103663)
(0.760228 0.0014899 0.0782913)
(0.72149 0.00230056 0.0404107)
(0.754825 0.00281502 0.0383601)
(0.856675 0.00312844 0.075474)
(1.02081 0.00363802 0.129876)
(1.21216 0.00228374 0.351854)
(0.986233 -0.00219928 0.292365)
(0.84511 0.000923577 0.109748)
(0.720981 0.00126097 0.0856145)
(0.68316 0.00201206 0.0492319)
(0.713709 0.00249902 0.0468264)
(0.809202 0.00280511 0.081848)
(0.963784 0.00330497 0.132717)
(1.14274 0.00207305 0.344727)
(0.936311 -0.00209606 0.28761)
(0.802139 0.000756495 0.114435)
(0.68295 0.00106153 0.0914638)
(0.646118 0.00175633 0.0565527)
(0.674096 0.00221599 0.0538272)
(0.763581 0.00251321 0.0868255)
(0.909053 0.00299991 0.134356)
(1.07626 0.00188245 0.336497)
(0.887924 -0.00198913 0.281845)
(0.760453 0.000612046 0.117855)
(0.646161 0.00088829 0.095981)
(0.610375 0.00153001 0.0625143)
(0.635976 0.00196272 0.0595008)
(0.719774 0.00224984 0.0905425)
(0.856555 0.00272056 0.134918)
(1.01263 0.00170989 0.327315)
(0.841094 -0.00188004 0.275197)
(0.720077 0.000487713 0.120132)
(0.610631 0.000738304 0.0992962)
(0.575936 0.00133004 0.0672462)
(0.599335 0.00173632 0.0639749)
(0.677747 0.00201237 0.0931257)
(0.806238 0.0024649 0.134521)
(0.951773 0.00155358 0.317323)
(0.795833 -0.0017701 0.267784)
(0.681028 0.000381229 0.121381)
(0.576366 0.000608943 0.10153)
(0.542796 0.00115371 0.0708682)
(0.564156 0.00153419 0.0673679)
(0.637468 0.00179844 0.0946937)
(0.758055 0.00223105 0.133275)
(0.89363 0.0014119 0.306658)
(0.75214 -0.00166045 0.259718)
(0.643313 0.000290551 0.121706)
(0.543364 0.000497834 0.102794)
(0.510948 0.000998536 0.0734914)
(0.530421 0.00135397 0.0697903)
(0.598905 0.00160587 0.0953575)
(0.711959 0.00201731 0.131286)
(0.838133 0.00128344 0.295445)
(0.71001 -0.00155203 0.251101)
(0.606933 0.000213837 0.121209)
(0.511621 0.000402842 0.103193)
(0.48038 0.000862277 0.0752198)
(0.498106 0.00119349 0.0713448)
(0.562024 0.00143271 0.0952209)
(0.667905 0.00182211 0.12865)
(0.785212 0.00116688 0.283803)
(0.669434 -0.00144566 0.24203)
(0.571884 0.000149418 0.119982)
(0.481126 0.000322041 0.102823)
(0.451075 0.000742898 0.07615)
(0.467188 0.00105079 0.0721278)
(0.526788 0.00127712 0.0943807)
(0.625844 0.00164398 0.125459)
(0.734801 0.00106107 0.271839)
(0.630395 -0.001342 0.232593)
(0.538157 9.57929e-05 0.118114)
(0.451863 0.000253697 0.101776)
(0.423014 0.000638551 0.0763725)
(0.437639 0.000924064 0.0722288)
(0.49316 0.00113746 0.0929272)
(0.585727 0.00148157 0.121796)
(0.686828 0.000964937 0.259652)
(0.592878 -0.00124161 0.222874)
(0.505743 5.16042e-05 0.115685)
(0.423817 0.000196249 0.100137)
(0.396174 0.000547561 0.0759716)
(0.409429 0.000811685 0.0717313)
(0.4611 0.0010122 0.0909441)
(0.547504 0.0013336 0.117739)
(0.641221 0.000877529 0.247333)
(0.55686 -0.00114494 0.21295)
(0.474625 1.56318e-05 0.112771)
(0.396968 0.000148296 0.0979843)
(0.370533 0.000468412 0.0750257)
(0.382529 0.000712155 0.0707128)
(0.430568 0.000899941 0.0885089)
(0.511122 0.00119891 0.113359)
(0.597906 0.00079798 0.234964)
(0.52232 -0.00105233 0.202892)
(0.444789 -1.32201e-05 0.109445)
(0.371293 0.000108584 0.0953911)
(0.346065 0.000399732 0.0736078)
(0.356904 0.000624118 0.0692453)
(0.401522 0.000799413 0.0856932)
(0.476528 0.00107641 0.108722)
(0.556807 0.000725513 0.222619)
(0.489233 -0.00096405 0.192767)
(0.416214 -3.59323e-05 0.105771)
(0.346771 7.59907e-05 0.0924255)
(0.322741 0.000340287 0.0717853)
(0.332521 0.000546342 0.0673952)
(0.373917 0.000709455 0.082563)
(0.443667 0.000965088 0.103887)
(0.51785 0.000659427 0.210364)
(0.457572 -0.000880288 0.182633)
(0.38888 -5.33805e-05 0.101812)
(0.323376 4.95199e-05 0.0891503)
(0.300534 0.000288966 0.0696206)
(0.309345 0.000477712 0.0652237)
(0.34771 0.000629009 0.0791785)
(0.412485 0.000864025 0.0989093)
(0.48096 0.000599099 0.198259)
(0.427311 -0.000801168 0.172547)
(0.362765 -6.63458e-05 0.0976229)
(0.301083 2.82858e-05 0.0856232)
(0.279415 0.000244773 0.0671713)
(0.287342 0.000417222 0.0627871)
(0.322857 0.000557114 0.0755951)
(0.382928 0.000772356 0.0938371)
(0.446062 0.000543967 0.186355)
(0.39842 -0.000726751 0.162557)
(0.337845 -7.55213e-05 0.0932562)
(0.279865 1.1505e-05 0.0818973)
(0.259354 0.000206818 0.06449)
(0.266475 0.000363963 0.0601369)
(0.299314 0.000492901 0.0718628)
(0.35494 0.000689287 0.0887151)
(0.413081 0.000493534 0.1747)
(0.370869 -0.000657045 0.152709)
(0.314095 -8.15197e-05 0.0887597)
(0.259694 -1.51228e-06 0.0780212)
(0.24032 0.000174305 0.061625)
(0.246708 0.00031712 0.0573201)
(0.277035 0.000435581 0.0680273)
(0.328467 0.000614088 0.0835832)
(0.381945 0.000447356 0.163333)
(0.344629 -0.000592015 0.143043)
(0.29149 -8.48804e-05 0.0841767)
(0.240543 -1.13718e-05 0.0740392)
(0.222282 0.000146529 0.0586204)
(0.228004 0.00027596 0.0543792)
(0.255976 0.000384443 0.0641296)
(0.303455 0.000546084 0.078477)
(0.352581 0.000405039 0.152289)
(0.319666 -0.000531585 0.133596)
(0.270003 -8.60767e-05 0.0795469)
(0.222383 -1.8603e-05 0.0699913)
(0.20521 0.000122862 0.055516)
(0.210329 0.000239827 0.051353)
(0.236094 0.000338845 0.0602066)
(0.279851 0.000484657 0.0734279)
(0.324918 0.000366234 0.141598)
(0.29595 -0.000475649 0.124397)
(0.249606 -8.55219e-05 0.0749059)
(0.205186 -2.36661e-05 0.0659137)
(0.189072 0.00010275 0.052348)
(0.193646 0.000208136 0.0482761)
(0.217346 0.00029821 0.0562911)
(0.257602 0.000429235 0.0684639)
(0.298887 0.000330632 0.131284)
(0.273447 -0.000424072 0.115476)
(0.230271 -8.3575e-05 0.0702861)
(0.188922 -2.696e-05 0.0618391)
(0.173838 8.57046e-05 0.0491489)
(0.17792 0.000180363 0.0451797)
(0.199688 0.000262017 0.0524125)
(0.236657 0.000379297 0.0636093)
(0.274422 0.000297958 0.121368)
(0.252126 -0.000376697 0.106855)
(0.211969 -8.05467e-05 0.0657163)
(0.173563 -2.88277e-05 0.0577965)
(0.159478 7.12969e-05 0.0459475)
(0.163115 0.000156046 0.0420914)
(0.183079 0.000229803 0.0485964)
(0.216964 0.000334361 0.0588852)
(0.251455 0.000267969 0.111865)
(0.231953 -0.000333348 0.0985552)
(0.194673 -7.67037e-05 0.0612222)
(0.159079 -2.95635e-05 0.0538117)
(0.145959 5.91505e-05 0.0427697)
(0.149198 0.00013477 0.0390359)
(0.167478 0.000201148 0.0448653)
(0.198474 0.000293986 0.0543096)
(0.229922 0.00024045 0.102788)
(0.212895 -0.000293837 0.0905927)
(0.178352 -7.22737e-05 0.0568263)
(0.145442 -2.94172e-05 0.0499073)
(0.133253 4.89373e-05 0.0396384)
(0.136134 0.000116171 0.0360346)
(0.152844 0.000175679 0.0412386)
(0.181138 0.000257768 0.0498977)
(0.209762 0.000215207 0.0941456)
(0.194919 -0.000257965 0.0829812)
(0.162978 -6.74493e-05 0.0525484)
(0.132624 -2.86002e-05 0.0461031)
(0.12133 4.03714e-05 0.0365734)
(0.12389 9.99261e-05 0.0331062)
(0.139138 0.000153062 0.0377328)
(0.16491 0.000225335 0.0456622)
(0.190914 0.000192071 0.0859429)
(0.177993 -0.000225526 0.075731)
(0.148521 -6.23922e-05 0.0484056)
(0.120595 -2.72895e-05 0.0424162)
(0.110161 3.32055e-05 0.0335919)
(0.112434 8.57495e-05 0.0302668)
(0.126322 0.000132996 0.034362)
(0.149741 0.000196346 0.0416134)
(0.173318 0.000170887 0.0781825)
(0.162083 -0.00019631 0.0688497)
(0.134952 -5.72367e-05 0.0444126)
(0.109329 -2.5632e-05 0.038861)
(0.0997154 2.72255e-05 0.0307088)
(0.101733 7.33898e-05 0.0275301)
(0.114358 0.000115215 0.0311375)
(0.135588 0.00017049 0.0377592)
(0.156919 0.000151518 0.0708644)
(0.147156 -0.000170105 0.0623424)
(0.122241 -5.20927e-05 0.0405815)
(0.0987963 -2.37484e-05 0.0354498)
(0.0899666 2.22473e-05 0.0279366)
(0.0917561 6.26259e-05 0.0249074)
(0.103209 9.94807e-05 0.0280687)
(0.122405 0.000147479 0.0341056)
(0.141661 0.000133839 0.0639858)
(0.13318 -0.000146702 0.0562114)
(0.110359 -4.70487e-05 0.0369223)
(0.0889705 -2.17365e-05 0.0321923)
(0.0808862 1.81128e-05 0.0252854)
(0.082473 5.32631e-05 0.0224081)
(0.0928401 8.55785e-05 0.0251626)
(0.110151 0.000127052 0.0306568)
(0.127491 0.000117735 0.0575422)
(0.120121 -0.000125891 0.0504569)
(0.0992765 -4.21749e-05 0.0334431)
(0.0798242 -1.96748e-05 0.0290966)
(0.072447 1.46873e-05 0.0227637)
(0.0738538 4.51305e-05 0.0200395)
(0.0832165 7.33181e-05 0.0224245)
(0.098782 0.000108968 0.0274152)
(0.114356 0.000103104 0.0515265)
(0.107948 -0.00010747 0.0450772)
(0.0889645 -3.75251e-05 0.0301499)
(0.0713306 -1.76246e-05 0.0261685)
(0.0646221 1.18558e-05 0.020378)
(0.0658694 3.80784e-05 0.0178073)
(0.0743045 6.25289e-05 0.0198579)
(0.088259 9.30051e-05 0.0243816)
(0.102208 8.98469e-05 0.0459304)
(0.0966287 -9.12408e-05 0.0400683)
(0.079394 -3.31389e-05 0.027047)
(0.0634632 -1.56329e-05 0.0234124)
(0.0573853 9.52097e-06 0.0181331)
(0.0584914 3.19751e-05 0.0157153)
(0.0660711 5.3058e-05 0.0174646)
(0.0785417 7.89617e-05 0.0215555)
(0.0909983 7.78753e-05 0.0407439)
(0.0861302 -7.70135e-05 0.0354246)
(0.070536 -2.90442e-05 0.0241371)
(0.0561962 -1.37344e-05 0.0208309)
(0.0507108 7.60048e-06 0.0160321)
(0.051692 2.67053e-05 0.013766)
(0.0584846 4.47684e-05 0.015245)
(0.0695916 6.66516e-05 0.018935)
(0.0806795 6.71041e-05 0.0359553)
(0.0764209 -6.46051e-05 0.0311389)
(0.0623617 -2.52585e-05 0.0214212)
(0.0495037 -1.19539e-05 0.018425)
(0.0445733 6.02513e-06 0.0140769)
(0.0454442 2.21677e-05 0.0119605)
(0.0515138 3.75369e-05 0.0131981)
(0.0613712 5.59041e-05 0.016517)
(0.0712067 5.74532e-05 0.0315522)
(0.0674692 -5.38416e-05 0.0272024)
(0.0548427 -2.17907e-05 0.0188992)
(0.0433604 -1.03074e-05 0.0161946)
(0.038948 4.73687e-06 0.012268)
(0.0397216 1.82734e-05 0.0102985)
(0.0451285 3.12529e-05 0.0113219)
(0.053844 4.65624e-05 0.0142977)
(0.0625362 4.88463e-05 0.0275207)
(0.0592434 -4.45583e-05 0.0236052)
(0.0479504 -1.86424e-05 0.0165695)
(0.0377413 -8.80424e-06 0.0141383)
(0.0338107 3.68713e-06 0.0106047)
(0.0344983 1.49441e-05 0.00877886)
(0.0392991 2.58163e-05 0.00961304)
(0.0469745 3.84827e-05 0.0122719)
(0.0546255 4.12102e-05 0.0238464)
(0.0517122 -3.66001e-05 0.0203359)
(0.0416567 -1.58094e-05 0.0144294)
(0.0326218 -7.44794e-06 0.0122535)
(0.0291374 2.83543e-06 0.00908532)
(0.0297492 1.2111e-05 0.00739917)
(0.0339972 2.11368e-05 0.00806743)
(0.0407278 3.15326e-05 0.0104339)
(0.0474335 3.44745e-05 0.020514)
(0.0448444 -2.98218e-05 0.0173823)
(0.0359335 -1.32824e-05 0.0124751)
(0.0279776 -6.23774e-06 0.0105365)
(0.0249049 2.14807e-06 0.00770706)
(0.0254496 9.71319e-06 0.0061562)
(0.0291946 1.71325e-05 0.00668003)
(0.0350704 2.5591e-05 0.00877728)
(0.0409205 2.85713e-05 0.0175077)
(0.0386088 -2.40881e-05 0.0147311)
(0.0307529 -1.10486e-05 0.0107018)
(0.0237845 -5.16942e-06 0.00898303)
(0.02109 1.59711e-06 0.00646633)
(0.0215754 7.6968e-06 0.00504591)
(0.0248642 1.37291e-05 0.00544499)
(0.0299694 2.05466e-05 0.00729471)
(0.035048 2.34349e-05 0.0148111)
(0.0329745 -1.92737e-05 0.0123682)
(0.0260874 -9.09196e-06 0.0091041)
(0.020019 -4.23619e-06 0.00758765)
(0.0176701 1.15933e-06 0.00535877)
(0.0181031 6.01405e-06 0.00406353)
(0.0209793 1.08589e-05 0.00435584)
(0.0253929 1.62972e-05 0.00597845)
(0.0297782 1.90013e-05 0.0124075)
(0.0279104 -1.52632e-05 0.0102788)
(0.0219093 -7.39444e-06 0.00767543)
(0.0166574 -3.42941e-06 0.00634438)
(0.014623 8.15417e-07 0.00437933)
(0.0150096 4.62239e-06 0.00320365)
(0.0175139 8.45997e-06 0.00340551)
(0.0213094 1.2749e-05 0.00482019)
(0.0250745 1.52082e-05 0.0102799)
(0.0233859 -1.19508e-05 0.00844762)
(0.0181914 -5.93635e-06 0.00640871)
(0.0136766 -2.73918e-06 0.00524657)
(0.0119269 5.49341e-07 0.00352234)
(0.0122721 3.48383e-06 0.0024603)
(0.0144425 6.47578e-06 0.00258646)
(0.0176882 9.81589e-06 0.00381125)
(0.0209011 1.19955e-05 0.00841087)
(0.0193703 -9.24064e-06 0.00685876)
(0.0149063 -4.69719e-06 0.00529623)
(0.0110537 -2.15493e-06 0.004287)
(0.00956022 3.47693e-07 0.00278161)
(0.00986853 2.56435e-06 0.00182706)
(0.0117402 4.85458e-06 0.00189075)
(0.0144995 7.41899e-06 0.00294262)
(0.0172232 9.305e-06 0.0067832)
(0.0158329 -7.04546e-06 0.00549597)
(0.0120273 -3.65598e-06 0.00432971)
(0.00876596 -1.66577e-06 0.00345799)
(0.0075017 1.99216e-07 0.00215051)
(0.00777705 1.83344e-06 0.00129707)
(0.00938256 3.549e-06 0.00131006)
(0.0117139 5.48642e-06 0.00220503)
(0.0140068 7.08085e-06 0.0053796)
(0.0127433 -5.28694e-06 0.00434264)
(0.00952726 -2.79171e-06 0.00350035)
(0.00679087 -1.26083e-06 0.00275142)
(0.00573047 9.43931e-08 0.00162202)
(0.00597628 1.26363e-06 0.000863144)
(0.00734577 2.51568e-06 0.000835812)
(0.00930278 3.9526e-06 0.00158893)
(0.0112189 5.26926e-06 0.00418284)
(0.0100708 -3.89515e-06 0.00338194)
(0.00737964 -2.08383e-06 0.00279896)
(0.00510622 -9.29575e-07 0.00215883)
(0.00422589 2.51245e-08 0.00118877)
(0.00444515 8.30175e-07 0.000517793)
(0.00560631 1.71494e-06 0.000459163)
(0.00723795 2.75791e-06 0.00108455)
(0.00882685 3.81884e-06 0.00317574)
(0.00778522 -2.80814e-06 0.0025969)
(0.00555792 -1.51253e-06 0.00221603)
(0.00368992 -6.62001e-07 0.0016715)
(0.00296759 -1.55433e-08 0.000843131)
(0.00316297 5.10789e-07 0.000253296)
(0.00414111 1.11053e-06 0.000171126)
(0.00549188 1.84835e-06 0.000682029)
(0.00679874 2.68083e-06 0.00234134)
(0.00585625 -1.9715e-06 0.0019705)
(0.00403581 -1.05893e-06 0.00174174)
(0.0025201 -4.48766e-07 0.00128043)
(0.00193545 -3.36584e-08 0.000577201)
(0.00210931 2.8538e-07 6.1729e-05)
(0.00292748 6.69458e-07 -3.74432e-05)
(0.00403755 1.17522e-06 0.000371356)
(0.00510337 1.80933e-06 0.00166293)
(0.00425393 -1.33793e-06 0.00148572)
(0.00278723 -7.05381e-07 0.00136605)
(0.00157503 -2.81325e-07 0.000976487)
(0.00110944 -3.45313e-08 0.000382922)
(0.00126398 1.35885e-07 -6.5045e-05)
(0.00194315 3.61856e-07 -0.000175843)
(0.00284849 6.94885e-07 0.00014248)
(0.0037102 1.16146e-06 0.00112408)
(0.0029486 -8.66744e-07 0.0011256)
(0.0017864 -4.35562e-07 0.00107879)
(0.000833069 -1.5196e-07 0.000750456)
(0.000469569 -2.28278e-08 0.00025206)
(0.000606858 4.60852e-08 -0.000135376)
(0.0011661 1.6074e-07 -0.000253494)
(0.00189885 3.68474e-07 -1.46907e-05)
(0.0025894 6.97641e-07 0.000708795)
(0.00191103 -5.23409e-07 0.000873289)
(0.00100785 -2.34607e-07 0.000869744)
(0.000272621 -5.37528e-08 0.000593079)
(-4.34329e-06 -2.61988e-09 0.000176227)
(0.000117733 1.48739e-09 -0.000157828)
(0.000574604 4.18823e-08 -0.000279956)
(0.00116336 1.61593e-07 -0.000110274)
(0.00171192 3.8163e-07 0.000401483)
(0.00111253 -2.79037e-07 0.000712006)
(0.000426501 -8.91179e-08 0.000728661)
(-0.000128011 1.94997e-08 0.00049519)
(-0.000332935 2.26276e-08 0.000146945)
(-0.000223957 -1.0743e-08 -0.000141203)
(0.000147053 -1.63114e-08 -0.00026496)
(0.000617456 4.40442e-08 -0.000154423)
(0.00104943 1.80647e-07 0.000187048)
(0.000525129 -1.09951e-07 0.000624911)
(1.77353e-05 1.28393e-08 0.000645351)
(-0.000390753 7.34535e-08 0.000447939)
(-0.000537671 5.01886e-08 0.000155834)
(-0.000439436 -1.77865e-09 -9.45317e-05)
(-0.000138022 -3.29175e-08 -0.000218479)
(0.000237279 -1.0459e-08 -0.000157361)
(0.000574349 6.53737e-08 5.08522e-05)
(0.000121425 2.73233e-09 0.000594778)
(-0.000242706 8.17553e-08 0.000609654)
(-0.000537969 1.13518e-07 0.00044328)
(-0.000641249 7.84278e-08 0.000195206)
(-0.000550918 1.90486e-08 -2.67601e-05)
(-0.000302056 -2.45418e-08 -0.000150747)
(-2.88344e-07 -2.45644e-08 -0.000129555)
(0.000259487 9.95423e-09 -2.14041e-05)
(-0.000126383 7.35481e-08 0.000603337)
(-0.00037917 1.2664e-07 0.000611416)
(-0.000592753 1.45336e-07 0.00047492)
(-0.000667647 1.07624e-07 0.000259625)
(-0.000581653 4.49035e-08 5.44025e-05)
(-0.000366865 -5.0901e-09 -7.21128e-05)
(-0.00011835 -1.74405e-08 -8.2142e-05)
(7.70684e-05 -8.00061e-09 -4.41109e-05)
(-0.000249253 1.12982e-07 0.000629182)
(-0.000417915 1.5425e-07 0.000637864)
(-0.000579026 1.74229e-07 0.000536572)
(-0.000639425 1.40119e-07 0.000346026)
(-0.000553263 7.20441e-08 0.000143416)
(-0.000354923 1.49952e-08 7.24249e-06)
(-0.000142663 -4.2394e-09 -2.75269e-05)
(-3.81136e-06 -7.17087e-09 -3.32867e-05)
(-0.000287249 1.28304e-07 0.000650553)
(-0.000393212 1.67969e-07 0.000672595)
(-0.000521407 2.03538e-07 0.000623238)
(-0.00056886 1.79004e-07 0.000458306)
(-0.000476459 1.00822e-07 0.000244153)
(-0.000287272 3.14716e-08 8.29995e-05)
(-0.000106255 5.85096e-09 2.03186e-05)
(-1.99944e-05 -1.21234e-09 -7.18522e-06)
(-0.000274744 1.25034e-07 0.000651442)
(-0.000353998 1.7943e-07 0.000732164)
(-0.000437424 2.47243e-07 0.000766847)
(-0.000429278 2.37888e-07 0.000634979)
(-0.000309166 1.42012e-07 0.000384668)
(-0.000151575 4.75934e-08 0.000155654)
(-4.36001e-05 7.74543e-09 3.55324e-05)
(-8.52783e-06 2.32448e-09 1.33062e-05)
)
;
    }
    top
    {
        type            calculated;
        value           nonuniform List<vector> 
640
(
(-54.9062 -0.998402 -2.72593)
(-69.2516 -8.31154 -4.56981)
(-82.8805 -6.53543 -6.3941)
(-89.5306 -2.25236 -7.34955)
(-89.5306 2.25236 -7.34955)
(-82.8805 6.53543 -6.3941)
(-69.2516 8.31154 -4.56981)
(-54.9062 0.998402 -2.72593)
(-25.903 -0.104615 -0.74072)
(-30.9282 -1.54709 -1.02176)
(-32.4038 -1.6998 -1.1272)
(-33.0836 -0.659054 -1.17501)
(-33.0836 0.659054 -1.17501)
(-32.4038 1.6998 -1.1272)
(-30.9282 1.54709 -1.02176)
(-25.903 0.104615 -0.74072)
(-33.8212 0.0697224 -1.27531)
(-36.3816 -0.502156 -1.4091)
(-36.2435 -0.685486 -1.38237)
(-36.0873 -0.299393 -1.36609)
(-36.0873 0.299393 -1.36609)
(-36.2435 0.685486 -1.38237)
(-36.3816 0.502156 -1.4091)
(-33.8212 -0.0697224 -1.27531)
(-48.4727 0.0943911 -2.63258)
(-50.5796 -0.0377147 -2.7581)
(-51.2026 -0.204771 -2.77417)
(-51.3561 -0.116673 -2.7729)
(-51.3561 0.116673 -2.7729)
(-51.2026 0.204771 -2.77417)
(-50.5796 0.0377147 -2.7581)
(-48.4727 -0.0943911 -2.63258)
(-61.6668 0.115245 -4.31259)
(-63.3051 0.301472 -4.41552)
(-64.3375 0.14967 -4.48169)
(-64.7741 0.0283044 -4.51013)
(-64.7741 -0.0283044 -4.51013)
(-64.3375 -0.14967 -4.48169)
(-63.3051 -0.301472 -4.41552)
(-61.6668 -0.115245 -4.31259)
(-73.0778 0.0919458 -6.16033)
(-74.2605 0.470152 -6.23059)
(-75.2482 0.349967 -6.30792)
(-75.7474 0.115626 -6.35052)
(-75.7474 -0.115626 -6.35052)
(-75.2482 -0.349967 -6.30792)
(-74.2605 -0.470152 -6.23059)
(-73.0778 -0.0919458 -6.16033)
(-83.0582 0.0415739 -8.12629)
(-83.8338 0.519795 -8.16052)
(-84.6198 0.436354 -8.22625)
(-85.0619 0.157381 -8.2686)
(-85.0619 -0.157381 -8.2686)
(-84.6198 -0.436354 -8.22625)
(-83.8338 -0.519795 -8.16052)
(-83.0582 -0.0415739 -8.12629)
(-91.8245 -0.0145401 -10.1724)
(-92.2598 0.506147 -10.1705)
(-92.8198 0.456121 -10.2154)
(-93.1634 0.171272 -10.2496)
(-93.1634 -0.171272 -10.2496)
(-92.8198 -0.456121 -10.2154)
(-92.2598 -0.506147 -10.1705)
(-91.8245 0.0145401 -10.1724)
(-99.5246 -0.0646692 -12.266)
(-99.6974 0.466948 -12.2314)
(-100.054 0.443424 -12.2527)
(-100.295 0.170671 -12.2755)
(-100.295 -0.170671 -12.2755)
(-100.054 -0.443424 -12.2527)
(-99.6974 -0.466948 -12.2314)
(-99.5246 0.0646692 -12.266)
(-106.275 -0.10406 -14.3797)
(-106.256 0.424433 -14.3172)
(-106.445 0.41973 -14.3156)
(-106.596 0.164242 -14.3262)
(-106.596 -0.164242 -14.3262)
(-106.445 -0.41973 -14.3156)
(-106.256 -0.424433 -14.3172)
(-106.275 0.10406 -14.3797)
(-112.168 -0.131919 -16.49)
(-112.014 0.389544 -16.4045)
(-112.073 0.396794 -16.3824)
(-112.151 0.156937 -16.3815)
(-112.151 -0.156937 -16.3815)
(-112.073 -0.396794 -16.3824)
(-112.014 -0.389544 -16.4045)
(-112.168 0.131919 -16.49)
(-117.278 -0.149337 -18.5758)
(-117.031 0.36615 -18.4716)
(-116.996 0.379895 -18.4321)
(-117.017 0.151163 -18.4212)
(-117.017 -0.151163 -18.4212)
(-116.996 -0.379895 -18.4321)
(-117.031 -0.36615 -18.4716)
(-117.278 0.149337 -18.5758)
(-121.667 -0.15809 -20.6179)
(-121.356 0.354274 -20.4985)
(-121.253 0.370487 -20.4448)
(-121.233 0.147768 -20.4256)
(-121.233 -0.147768 -20.4256)
(-121.253 -0.370487 -20.4448)
(-121.356 -0.354274 -20.4985)
(-121.667 0.15809 -20.6179)
(-125.383 -0.160029 -22.5988)
(-125.029 0.352175 -22.4669)
(-124.878 0.368038 -22.4018)
(-124.828 0.146751 -22.376)
(-124.828 -0.146751 -22.376)
(-124.878 -0.368038 -22.4018)
(-125.029 -0.352175 -22.4669)
(-125.383 0.160029 -22.5988)
(-128.471 -0.156801 -24.5028)
(-128.086 0.357552 -24.3603)
(-127.902 0.371177 -24.2862)
(-127.832 0.147714 -24.2552)
(-127.832 -0.147714 -24.2552)
(-127.902 -0.371177 -24.2862)
(-128.086 -0.357552 -24.3603)
(-128.471 0.156801 -24.5028)
(-130.968 -0.149759 -26.3158)
(-130.561 0.368169 -26.1643)
(-130.354 0.378343 -26.0829)
(-130.27 0.15014 -26.0478)
(-130.27 -0.15014 -26.0478)
(-130.354 -0.378343 -26.0829)
(-130.561 -0.368169 -26.1643)
(-130.968 0.149759 -26.3158)
(-132.913 -0.139953 -28.0258)
(-132.487 0.38214 -27.8662)
(-132.264 0.388113 -27.7789)
(-132.171 0.153527 -27.7406)
(-132.171 -0.153527 -27.7406)
(-132.264 -0.388113 -27.7789)
(-132.487 -0.38214 -27.8662)
(-132.913 0.139953 -28.0258)
(-134.337 -0.128175 -29.6227)
(-133.896 0.397994 -29.4557)
(-133.661 0.39933 -29.3635)
(-133.561 0.157456 -29.3226)
(-133.561 -0.157456 -29.3226)
(-133.661 -0.39933 -29.3635)
(-133.896 -0.397994 -29.4557)
(-134.337 0.128175 -29.6227)
(-135.276 -0.115008 -31.0982)
(-134.82 0.414662 -30.9241)
(-134.576 0.411124 -30.8276)
(-134.47 0.161604 -30.7847)
(-134.47 -0.161604 -30.7847)
(-134.576 -0.411125 -30.8276)
(-134.82 -0.414662 -30.9241)
(-135.276 0.115008 -31.0982)
(-135.758 -0.10088 -32.4457)
(-135.289 0.431399 -32.2648)
(-135.037 0.422882 -32.1645)
(-134.928 0.16574 -32.1198)
(-134.928 -0.16574 -32.1198)
(-135.037 -0.422882 -32.1645)
(-135.289 -0.431399 -32.2648)
(-135.758 0.10088 -32.4457)
(-135.816 -0.0861056 -33.6601)
(-135.333 0.447711 -33.4728)
(-135.074 0.434194 -33.369)
(-134.962 0.169708 -33.3227)
(-134.962 -0.169708 -33.3227)
(-135.074 -0.434194 -33.369)
(-135.333 -0.447711 -33.4728)
(-135.816 0.0861056 -33.6601)
(-135.479 -0.0709196 -34.7382)
(-134.983 0.463289 -34.5445)
(-134.717 0.444802 -34.4374)
(-134.602 0.17341 -34.3898)
(-134.602 -0.17341 -34.3898)
(-134.717 -0.444802 -34.4374)
(-134.983 -0.463289 -34.5445)
(-135.479 0.0709196 -34.7382)
(-134.774 -0.0555039 -35.6778)
(-134.266 0.477942 -35.4781)
(-133.994 0.454555 -35.3679)
(-133.876 0.176787 -35.3189)
(-133.876 -0.176787 -35.3189)
(-133.994 -0.454555 -35.3679)
(-134.266 -0.477942 -35.4781)
(-134.774 0.0555039 -35.6778)
(-133.73 -0.0400031 -36.4782)
(-133.209 0.491566 -36.2726)
(-132.931 0.463376 -36.1595)
(-132.811 0.17981 -36.1094)
(-132.811 -0.17981 -36.1094)
(-132.931 -0.463376 -36.1595)
(-133.209 -0.491566 -36.2726)
(-133.73 0.0400031 -36.4782)
(-132.372 -0.0245374 -37.1398)
(-131.84 0.504105 -36.9286)
(-131.557 0.471229 -36.8128)
(-131.434 0.182465 -36.7615)
(-131.434 -0.182465 -36.7615)
(-131.557 -0.471229 -36.8128)
(-131.84 -0.504105 -36.9286)
(-132.372 0.0245374 -37.1398)
(-130.727 -0.00920971 -37.6639)
(-130.184 0.515532 -37.4475)
(-129.895 0.478109 -37.3291)
(-129.771 0.184753 -37.2767)
(-129.771 -0.184753 -37.2767)
(-129.895 -0.478109 -37.3291)
(-130.184 -0.515532 -37.4475)
(-130.727 0.00920971 -37.6639)
(-128.818 0.00588962 -38.0529)
(-128.265 0.525839 -37.8316)
(-127.972 0.484025 -37.7107)
(-127.846 0.186676 -37.6574)
(-127.846 -0.186676 -37.6574)
(-127.972 -0.484025 -37.7107)
(-128.265 -0.525839 -37.8316)
(-128.818 -0.00588961 -38.0529)
(-126.668 0.02068 -38.3098)
(-126.107 0.535029 -38.0839)
(-125.81 0.488993 -37.9609)
(-125.682 0.188243 -37.9067)
(-125.682 -0.188243 -37.9067)
(-125.81 -0.488993 -37.9609)
(-126.107 -0.535029 -38.0839)
(-126.668 -0.02068 -38.3098)
(-124.301 0.0350891 -38.4384)
(-123.733 0.543107 -38.2085)
(-123.432 0.493034 -38.0835)
(-123.302 0.189463 -38.0285)
(-123.302 -0.189463 -38.0285)
(-123.432 -0.493034 -38.0835)
(-123.733 -0.543107 -38.2085)
(-124.301 -0.0350891 -38.4384)
(-121.738 0.0490518 -38.4431)
(-121.163 0.550082 -38.2096)
(-120.859 0.496171 -38.0829)
(-120.728 0.190346 -38.0272)
(-120.728 -0.190346 -38.0272)
(-120.859 -0.496171 -38.0829)
(-121.163 -0.550082 -38.2096)
(-121.738 -0.0490518 -38.4431)
(-118.998 0.06251 -38.3288)
(-118.418 0.555965 -38.0923)
(-118.111 0.498425 -37.9641)
(-117.979 0.190901 -37.9079)
(-117.979 -0.190901 -37.9079)
(-118.111 -0.498425 -37.9641)
(-118.418 -0.555965 -38.0923)
(-118.998 -0.06251 -38.3288)
(-116.101 0.0754121 -38.101)
(-115.518 0.560767 -37.8619)
(-115.209 0.499818 -37.7325)
(-115.076 0.191139 -37.6758)
(-115.076 -0.191139 -37.6758)
(-115.209 -0.499818 -37.7325)
(-115.518 -0.560767 -37.8619)
(-116.101 -0.0754121 -38.101)
(-113.067 0.0877127 -37.7653)
(-112.48 0.564502 -37.5241)
(-112.171 0.500374 -37.3939)
(-112.037 0.191068 -37.3368)
(-112.037 -0.191068 -37.3368)
(-112.171 -0.500374 -37.3939)
(-112.48 -0.564502 -37.5241)
(-113.067 -0.0877127 -37.7653)
(-109.911 0.099373 -37.3278)
(-109.323 0.567184 -37.0851)
(-109.013 0.500113 -36.9542)
(-108.88 0.190698 -36.897)
(-108.88 -0.190698 -36.897)
(-109.013 -0.500113 -36.9542)
(-109.323 -0.567184 -37.0851)
(-109.911 -0.099373 -37.3278)
(-106.651 0.11036 -36.7946)
(-106.064 0.568831 -36.551)
(-105.754 0.499058 -36.4198)
(-105.621 0.190037 -36.3625)
(-105.621 -0.190037 -36.3625)
(-105.754 -0.499058 -36.4198)
(-106.064 -0.568831 -36.551)
(-106.651 -0.11036 -36.7946)
(-103.303 0.120646 -36.1724)
(-102.717 0.569459 -35.9283)
(-102.408 0.497232 -35.7972)
(-102.275 0.189096 -35.7399)
(-102.275 -0.189096 -35.7399)
(-102.408 -0.497232 -35.7972)
(-102.717 -0.569459 -35.9283)
(-103.303 -0.120646 -36.1724)
(-99.8822 0.130209 -35.4675)
(-99.2985 0.569088 -35.2236)
(-98.9912 0.494657 -35.0927)
(-98.859 0.187884 -35.0356)
(-98.859 -0.187884 -35.0356)
(-98.9912 -0.494657 -35.0927)
(-99.2985 -0.569088 -35.2236)
(-99.8822 -0.130209 -35.4675)
(-96.4018 0.139032 -34.6866)
(-95.8219 0.567741 -34.4435)
(-95.5168 0.491357 -34.3132)
(-95.3856 0.186409 -34.2564)
(-95.3856 -0.186409 -34.2564)
(-95.5168 -0.491357 -34.3132)
(-95.8219 -0.567741 -34.4435)
(-96.4018 -0.139032 -34.6866)
(-92.8757 0.147103 -33.8365)
(-92.3008 0.565441 -33.5945)
(-91.9985 0.487356 -33.4651)
(-91.8686 0.184681 -33.4087)
(-91.8686 -0.184681 -33.4087)
(-91.9985 -0.487356 -33.4651)
(-92.3008 -0.565441 -33.5945)
(-92.8757 -0.147103 -33.8365)
(-89.3166 0.154415 -32.9236)
(-88.7478 0.562212 -32.6835)
(-88.4489 0.482678 -32.5552)
(-88.3204 0.18271 -32.4994)
(-88.3204 -0.18271 -32.4994)
(-88.4489 -0.482678 -32.5552)
(-88.7478 -0.562212 -32.6835)
(-89.3166 -0.154415 -32.9236)
(-85.7364 0.160964 -31.9547)
(-85.1746 0.55808 -31.7168)
(-84.8797 0.477348 -31.59)
(-84.7531 0.180506 -31.5348)
(-84.7531 -0.180506 -31.5348)
(-84.8797 -0.477348 -31.59)
(-85.1746 -0.55808 -31.7168)
(-85.7364 -0.160964 -31.9547)
(-82.1462 0.16675 -30.9362)
(-81.5927 0.553074 -30.7011)
(-81.3023 0.47139 -30.576)
(-81.1776 0.178076 -30.5216)
(-81.1776 -0.178077 -30.5216)
(-81.3023 -0.47139 -30.576)
(-81.5927 -0.553074 -30.7011)
(-82.1462 -0.16675 -30.9362)
(-78.5568 0.171778 -29.8745)
(-78.0123 0.547223 -29.6427)
(-77.727 0.46483 -29.5195)
(-77.6045 0.175433 -29.466)
(-77.6045 -0.175433 -29.466)
(-77.727 -0.46483 -29.5195)
(-78.0123 -0.547223 -29.6427)
(-78.5568 -0.171778 -29.8745)
(-74.9781 0.176053 -28.776)
(-74.4436 0.540555 -28.5479)
(-74.1638 0.457694 -28.4268)
(-74.0437 0.172584 -28.3743)
(-74.0437 -0.172584 -28.3743)
(-74.1638 -0.457694 -28.4268)
(-74.4436 -0.540555 -28.5479)
(-74.9781 -0.176053 -28.776)
(-71.4194 0.179587 -27.6467)
(-70.8957 0.533101 -27.4227)
(-70.6218 0.450006 -27.304)
(-70.5043 0.16954 -27.2525)
(-70.5043 -0.16954 -27.2525)
(-70.6218 -0.450006 -27.304)
(-70.8957 -0.533101 -27.4227)
(-71.4194 -0.179587 -27.6467)
(-67.8896 0.182391 -26.4925)
(-67.3773 0.524892 -26.273)
(-67.1098 0.441793 -26.1569)
(-66.995 0.166309 -26.1066)
(-66.995 -0.166309 -26.1066)
(-67.1098 -0.441793 -26.1569)
(-67.3773 -0.524892 -26.273)
(-67.8896 -0.182391 -26.4925)
(-64.3967 0.18448 -25.3192)
(-63.8967 0.51596 -25.1046)
(-63.6358 0.43308 -24.9913)
(-63.524 0.162902 -24.9422)
(-63.524 -0.162902 -24.9422)
(-63.6358 -0.43308 -24.9913)
(-63.8967 -0.51596 -25.1046)
(-64.3967 -0.18448 -25.3192)
(-60.9485 0.185872 -24.1324)
(-60.4613 0.506336 -23.9229)
(-60.2074 0.423892 -23.8125)
(-60.0987 0.159328 -23.7648)
(-60.0987 -0.159328 -23.7648)
(-60.2074 -0.423892 -23.8125)
(-60.4613 -0.506336 -23.9229)
(-60.9485 -0.185872 -24.1324)
(-57.5522 0.186584 -22.9373)
(-57.0784 0.496053 -22.7333)
(-56.8318 0.414254 -22.626)
(-56.7262 0.155596 -22.5797)
(-56.7262 -0.155596 -22.5797)
(-56.8318 -0.414254 -22.626)
(-57.0784 -0.496053 -22.7333)
(-57.5522 -0.186584 -22.9373)
(-54.2145 0.186637 -21.739)
(-53.7545 0.485143 -21.5408)
(-53.5154 0.40419 -21.4367)
(-53.4131 0.151715 -21.3918)
(-53.4131 -0.151715 -21.3918)
(-53.5154 -0.40419 -21.4367)
(-53.7545 -0.485143 -21.5408)
(-54.2145 -0.186637 -21.739)
(-50.9416 0.186053 -20.5425)
(-50.4957 0.473637 -20.3502)
(-50.2644 0.393726 -20.2494)
(-50.1654 0.147693 -20.206)
(-50.1654 -0.147693 -20.206)
(-50.2644 -0.393726 -20.2494)
(-50.4957 -0.473638 -20.3502)
(-50.9416 -0.186053 -20.5425)
(-47.7393 0.184853 -19.3522)
(-47.3079 0.461568 -19.166)
(-47.0844 0.382885 -19.0686)
(-46.9889 0.14354 -19.0267)
(-46.9889 -0.14354 -19.0267)
(-47.0844 -0.382885 -19.0686)
(-47.3079 -0.461568 -19.166)
(-47.7393 -0.184854 -19.3522)
(-44.6129 0.183063 -18.1725)
(-44.1963 0.448967 -17.9926)
(-43.9808 0.371691 -17.8988)
(-43.8888 0.139264 -17.8584)
(-43.8888 -0.139264 -17.8584)
(-43.9808 -0.371691 -17.8988)
(-44.1963 -0.448967 -17.9926)
(-44.6129 -0.183063 -18.1725)
(-41.5675 0.180706 -17.0076)
(-41.1658 0.435866 -16.8341)
(-40.9584 0.360167 -16.7438)
(-40.8699 0.134874 -16.705)
(-40.8699 -0.134874 -16.705)
(-40.9584 -0.360167 -16.7438)
(-41.1658 -0.435866 -16.8341)
(-41.5675 -0.180706 -17.0076)
(-38.6076 0.177807 -15.8613)
(-38.2209 0.422295 -15.6943)
(-38.0216 0.348335 -15.6076)
(-37.9367 0.130377 -15.5704)
(-37.9367 -0.130377 -15.5704)
(-38.0216 -0.348335 -15.6076)
(-38.2209 -0.422295 -15.6943)
(-38.6076 -0.177807 -15.8613)
(-35.7373 0.174392 -14.7372)
(-35.3658 0.408284 -14.5768)
(-35.1746 0.336217 -14.4936)
(-35.0933 0.125782 -14.458)
(-35.0933 -0.125782 -14.458)
(-35.1746 -0.336217 -14.4936)
(-35.3658 -0.408284 -14.5768)
(-35.7373 -0.174392 -14.7372)
(-32.9607 0.170487 -13.6387)
(-32.6042 0.393864 -13.4848)
(-32.4212 0.323834 -13.4052)
(-32.3434 0.121096 -13.3712)
(-32.3434 -0.121096 -13.3712)
(-32.4212 -0.323834 -13.4052)
(-32.6042 -0.393864 -13.4848)
(-32.9607 -0.170487 -13.6387)
(-30.2812 0.166118 -12.5688)
(-29.9397 0.379064 -12.4215)
(-29.7648 0.311208 -12.3455)
(-29.6905 0.116326 -12.3131)
(-29.6905 -0.116326 -12.3131)
(-29.7648 -0.311208 -12.3455)
(-29.9397 -0.379064 -12.4215)
(-30.2812 -0.166118 -12.5688)
(-27.702 0.161311 -11.5305)
(-27.3754 0.363911 -11.3897)
(-27.2085 0.298358 -11.3173)
(-27.1377 0.111479 -11.2864)
(-27.1377 -0.111479 -11.2864)
(-27.2085 -0.298358 -11.3173)
(-27.3754 -0.363911 -11.3897)
(-27.702 -0.161311 -11.5305)
(-25.2261 0.156092 -10.5264)
(-24.9142 0.348433 -10.392)
(-24.7552 0.285302 -10.3231)
(-24.6879 0.106563 -10.2938)
(-24.6879 -0.106563 -10.2938)
(-24.7552 -0.285302 -10.3231)
(-24.9142 -0.348433 -10.392)
(-25.2261 -0.156092 -10.5264)
(-22.856 0.150488 -9.55887)
(-22.5586 0.332658 -9.43084)
(-22.4073 0.272061 -9.3654)
(-22.3434 0.101584 -9.33764)
(-22.3434 -0.101584 -9.33764)
(-22.4073 -0.272061 -9.3654)
(-22.5586 -0.332658 -9.43084)
(-22.856 -0.150488 -9.55887)
(-20.5943 0.144525 -8.63013)
(-20.311 0.316613 -8.50833)
(-20.1673 0.258653 -8.44625)
(-20.1068 0.0965481 -8.41998)
(-20.1068 -0.0965482 -8.41998)
(-20.1673 -0.258653 -8.44625)
(-20.311 -0.316613 -8.50833)
(-20.5943 -0.144525 -8.63013)
(-18.443 0.138225 -7.74215)
(-18.1735 0.300317 -7.62643)
(-18.0373 0.245092 -7.56765)
(-17.9799 0.0914608 -7.54282)
(-17.9799 -0.0914609 -7.54283)
(-18.0373 -0.245092 -7.56765)
(-18.1735 -0.300316 -7.62643)
(-18.443 -0.138225 -7.74215)
(-16.4039 0.131609 -6.89669)
(-16.1479 0.283786 -6.78688)
(-16.0189 0.231386 -6.73129)
(-15.9647 0.0863243 -6.70789)
(-15.9647 -0.0863244 -6.70789)
(-16.0189 -0.231386 -6.73129)
(-16.1479 -0.283786 -6.78688)
(-16.4039 -0.131609 -6.89669)
(-14.4788 0.124701 -6.09529)
(-14.2358 0.267039 -5.9912)
(-14.1137 0.217543 -5.93872)
(-14.0626 0.0811407 -5.91668)
(-14.0626 -0.0811408 -5.91668)
(-14.1137 -0.217543 -5.93872)
(-14.2358 -0.267039 -5.9912)
(-14.4788 -0.124701 -6.09529)
(-12.6689 0.11752 -5.33932)
(-12.4386 0.250083 -5.24076)
(-12.3233 0.203565 -5.19128)
(-12.2751 0.0759094 -5.17057)
(-12.2751 -0.0759094 -5.17057)
(-12.3233 -0.203565 -5.19128)
(-12.4386 -0.250083 -5.24076)
(-12.6689 -0.11752 -5.33932)
(-10.9756 0.110078 -4.62997)
(-10.7574 0.232914 -4.53673)
(-10.6487 0.189442 -4.49015)
(-10.6035 0.0706267 -4.47073)
(-10.6035 -0.0706267 -4.47073)
(-10.6487 -0.189442 -4.49015)
(-10.7574 -0.232914 -4.53673)
(-10.9756 -0.110078 -4.62997)
(-9.39984 0.102379 -3.96824)
(-9.19332 0.215509 -3.88012)
(-9.09098 0.175149 -3.83635)
(-9.04865 0.0652832 -3.81821)
(-9.04865 -0.0652833 -3.81821)
(-9.09098 -0.175149 -3.83635)
(-9.19332 -0.215509 -3.88012)
(-9.39984 -0.102379 -3.96824)
(-7.94244 0.0944169 -3.35498)
(-7.7472 0.197821 -3.2718)
(-7.65115 0.160643 -3.23078)
(-7.61168 0.0598598 -3.2139)
(-7.61168 -0.0598598 -3.2139)
(-7.65115 -0.160643 -3.23078)
(-7.7472 -0.197821 -3.2718)
(-7.94244 -0.0944169 -3.35498)
(-6.60407 0.0861655 -2.7909)
(-6.41979 0.179766 -2.71248)
(-6.33002 0.145847 -2.67421)
(-6.2935 0.0543281 -2.65861)
(-6.2935 -0.0543282 -2.65861)
(-6.33002 -0.145847 -2.67421)
(-6.41979 -0.179766 -2.71248)
(-6.60407 -0.0861655 -2.7909)
(-5.38522 0.0775767 -2.27653)
(-5.21176 0.161216 -2.20281)
(-5.12847 0.130657 -2.16735)
(-5.09506 0.0486496 -2.15311)
(-5.09506 -0.0486496 -2.15311)
(-5.12847 -0.130657 -2.16735)
(-5.21176 -0.161216 -2.20281)
(-5.38522 -0.0775767 -2.27653)
(-4.28629 0.0685734 -1.81233)
(-4.12382 0.141995 -1.74336)
(-4.04744 0.114937 -1.71089)
(-4.01744 0.0427771 -1.69812)
(-4.01744 -0.0427772 -1.69812)
(-4.04744 -0.114937 -1.71089)
(-4.12381 -0.141995 -1.74336)
(-4.28629 -0.0685734 -1.81233)
(-3.3077 0.0590497 -1.39869)
(-3.15684 0.121889 -1.33472)
(-3.08814 0.0985444 -1.30555)
(-3.06198 0.0366653 -1.29443)
(-3.06198 -0.0366654 -1.29443)
(-3.08814 -0.0985444 -1.30555)
(-3.15684 -0.121889 -1.33472)
(-3.30769 -0.0590497 -1.39869)
(-2.45009 0.0488814 -1.03604)
(-2.31221 0.100696 -0.977622)
(-2.25229 0.0813824 -0.952212)
(-2.23049 0.030294 -0.942953)
(-2.23049 -0.0302941 -0.942953)
(-2.25229 -0.0813824 -0.952211)
(-2.31221 -0.100696 -0.977622)
(-2.45009 -0.0488814 -1.03604)
(-1.71479 0.0379671 -0.72505)
(-1.59218 0.0783492 -0.673147)
(-1.54242 0.0635132 -0.652062)
(-1.52547 0.0237103 -0.644875)
(-1.52547 -0.0237102 -0.644875)
(-1.54242 -0.0635131 -0.652062)
(-1.59218 -0.0783492 -0.673146)
(-1.71479 -0.0379672 -0.72505)
(-1.10442 0.0263407 -0.466902)
(-1.00051 0.0551698 -0.422943)
(-0.962187 0.0453489 -0.40672)
(-0.950372 0.0170933 -0.401714)
(-0.950371 -0.0170927 -0.401713)
(-0.962186 -0.0453488 -0.40672)
(-1.00051 -0.0551701 -0.422943)
(-1.10443 -0.026341 -0.466903)
(-0.623683 0.0144027 -0.26361)
(-0.542834 0.032295 -0.22943)
(-0.516624 0.0279059 -0.218342)
(-0.509725 0.0108231 -0.215422)
(-0.509726 -0.010822 -0.215422)
(-0.516625 -0.027906 -0.218343)
(-0.542837 -0.0322958 -0.229431)
(-0.623687 -0.0144031 -0.263612)
(-0.279064 0.00322494 -0.117923)
(-0.225639 0.01205 -0.0953465)
(-0.211363 0.0129395 -0.0893117)
(-0.208604 0.00550092 -0.088144)
(-0.20861 -0.00550081 -0.0881466)
(-0.21137 -0.0129399 -0.0893147)
(-0.225645 -0.0120506 -0.0953489)
(-0.279062 -0.00322504 -0.117922)
(-0.070735 -0.00476318 -0.0298838)
(-0.0483134 -0.00166997 -0.0204119)
(-0.0453782 0.0027196 -0.019172)
(-0.0457543 0.00182218 -0.0193305)
(-0.0457623 -0.00182477 -0.0193339)
(-0.0453865 -0.00271916 -0.0191755)
(-0.0483126 0.00167057 -0.0204116)
(-0.0707335 0.00476333 -0.0298832)
(0.0160548 -0.00541859 0.00677958)
(0.00882475 -0.00317246 0.00372214)
(0.00509064 -0.000366601 0.00214469)
(0.00279516 0.0002729 0.00117505)
(0.00280023 -0.000274646 0.00117717)
(0.00509645 0.000367065 0.00214713)
(0.00882801 0.00317303 0.00372354)
(0.0160616 0.00541883 0.00678246)
)
;
    }
    bottom
    {
        type            calculated;
        value           nonuniform List<vector> 
640
(
(-63.7105 -6.1767 0.977719)
(-75.7199 -8.70458 -0.542414)
(-85.8415 -5.80761 -1.82104)
(-90.5842 -1.92555 -2.44711)
(-90.5842 1.92555 -2.44711)
(-85.8415 5.80761 -1.82104)
(-75.7199 8.70458 -0.542414)
(-63.7105 6.1767 0.977719)
(-39.0256 -1.78074 2.63422)
(-42.6013 -3.01983 2.38945)
(-43.9932 -2.33143 2.27241)
(-44.7487 -0.818098 2.20954)
(-44.7487 0.818098 2.20954)
(-43.9932 2.33143 2.27241)
(-42.6013 3.01983 2.38945)
(-39.0256 1.78074 2.63422)
(-45.7896 -0.853948 2.05453)
(-48.3158 -1.60108 1.89258)
(-48.448 -1.34554 1.88891)
(-48.524 -0.504552 1.88234)
(-48.524 0.504552 1.88234)
(-48.448 1.34554 1.88891)
(-48.3158 1.60108 1.89258)
(-45.7896 0.853948 2.05453)
(-58.7729 -0.431413 0.724327)
(-61.2008 -0.883901 0.537059)
(-61.7802 -0.811994 0.502586)
(-61.9401 -0.323477 0.49179)
(-61.9401 0.323477 0.49179)
(-61.7802 0.811994 0.502586)
(-61.2008 0.883901 0.537059)
(-58.7729 0.431413 0.724327)
(-71.8807 -0.123425 -0.9971)
(-73.7357 -0.352018 -1.16104)
(-74.5652 -0.386312 -1.22918)
(-74.8562 -0.166873 -1.25406)
(-74.8562 0.166873 -1.25406)
(-74.5652 0.386312 -1.22918)
(-73.7357 0.352018 -1.16104)
(-71.8807 0.123425 -0.9971)
(-84.0271 0.0984365 -2.97851)
(-85.2643 0.00820018 -3.09549)
(-86.0309 -0.0839641 -3.16896)
(-86.3529 -0.0506746 -3.20105)
(-86.3529 0.0506746 -3.20105)
(-86.0309 0.0839641 -3.16896)
(-85.2643 -0.00820018 -3.09549)
(-84.0271 -0.0984365 -2.97851)
(-94.9781 0.255358 -5.1394)
(-95.6956 0.243322 -5.2045)
(-96.2676 0.117168 -5.26339)
(-96.5431 0.0282184 -5.29356)
(-96.5431 -0.0282184 -5.29356)
(-96.2676 -0.117168 -5.26339)
(-95.6956 -0.243322 -5.2045)
(-94.9781 -0.255358 -5.1394)
(-104.703 0.365728 -7.41658)
(-105.013 0.396833 -7.43116)
(-105.368 0.24815 -7.46597)
(-105.563 0.0798875 -7.48765)
(-105.563 -0.0798875 -7.48765)
(-105.368 -0.24815 -7.46597)
(-105.013 -0.396833 -7.43116)
(-104.703 -0.365728 -7.41658)
(-113.238 0.443968 -9.75813)
(-113.251 0.499536 -9.72785)
(-113.416 0.33438 -9.73625)
(-113.525 0.113755 -9.74636)
(-113.525 -0.113755 -9.74636)
(-113.416 -0.33438 -9.73625)
(-113.251 -0.499536 -9.72785)
(-113.238 -0.443968 -9.75813)
(-120.649 0.500742 -12.1206)
(-120.458 0.571719 -12.0533)
(-120.475 0.393587 -12.0372)
(-120.511 0.136741 -12.0354)
(-120.511 -0.136741 -12.0354)
(-120.475 -0.393587 -12.0372)
(-120.458 -0.571719 -12.0533)
(-120.649 -0.500742 -12.1206)
(-127.009 0.543269 -14.4677)
(-126.689 0.625894 -14.3719)
(-126.601 0.43702 -14.3351)
(-126.581 0.153351 -14.3225)
(-126.581 -0.153351 -14.3225)
(-126.601 -0.43702 -14.3351)
(-126.689 -0.625894 -14.3719)
(-127.009 -0.543269 -14.4677)
(-132.395 0.576115 -16.7695)
(-132.002 0.669298 -16.6528)
(-131.846 0.4713 -16.5999)
(-131.786 0.166279 -16.5786)
(-131.786 -0.166279 -16.5786)
(-131.846 -0.4713 -16.5999)
(-132.002 -0.669298 -16.6528)
(-132.395 -0.576115 -16.7695)
(-136.881 0.602066 -19.0009)
(-136.456 0.705882 -18.8703)
(-136.26 0.500072 -18.8057)
(-136.176 0.177028 -18.7777)
(-136.176 -0.177028 -18.7777)
(-136.26 -0.500072 -18.8057)
(-136.456 -0.705882 -18.8703)
(-136.881 -0.602066 -19.0009)
(-140.538 0.622804 -21.1414)
(-140.11 0.737693 -21.0026)
(-139.895 0.52522 -20.9301)
(-139.797 0.186384 -20.8975)
(-139.797 -0.186384 -20.8975)
(-139.895 -0.52522 -20.9301)
(-140.11 -0.737693 -21.0026)
(-140.538 -0.622804 -21.1414)
(-143.431 0.639356 -23.1739)
(-143.018 0.765745 -23.0314)
(-142.8 0.547656 -22.9544)
(-142.697 0.194731 -22.9188)
(-142.697 -0.194731 -22.9188)
(-142.8 -0.547656 -22.9544)
(-143.018 -0.765745 -23.0314)
(-143.431 -0.639356 -23.1739)
(-145.62 0.652382 -25.0846)
(-145.235 0.790534 -24.9421)
(-145.024 0.567796 -24.8631)
(-144.921 0.202244 -24.8259)
(-144.921 -0.202244 -24.8259)
(-145.024 -0.567796 -24.8631)
(-145.235 -0.790534 -24.9421)
(-145.62 -0.652382 -25.0846)
(-147.162 0.662336 -26.8622)
(-146.813 0.81232 -26.7227)
(-146.614 0.585829 -26.6437)
(-146.516 0.209003 -26.606)
(-146.516 -0.209003 -26.606)
(-146.614 -0.585829 -26.6437)
(-146.813 -0.81232 -26.7227)
(-147.162 -0.662336 -26.8622)
(-148.108 0.669557 -28.4981)
(-147.798 0.83127 -28.3638)
(-147.617 0.601855 -28.2864)
(-147.526 0.215045 -28.249)
(-147.526 -0.215045 -28.249)
(-147.617 -0.601855 -28.2864)
(-147.798 -0.83127 -28.3638)
(-148.108 -0.669557 -28.4981)
(-148.506 0.674319 -29.9856)
(-148.238 0.847519 -29.8583)
(-148.077 0.615946 -29.7837)
(-147.993 0.220395 -29.7473)
(-147.993 -0.220395 -29.7473)
(-148.077 -0.615946 -29.7837)
(-148.238 -0.847519 -29.8583)
(-148.506 -0.674319 -29.9856)
(-148.4 0.676851 -31.3201)
(-148.176 0.861196 -31.2012)
(-148.035 0.628171 -31.1304)
(-147.961 0.225074 -31.0954)
(-147.961 -0.225074 -31.0954)
(-148.035 -0.628171 -31.1304)
(-148.176 -0.861196 -31.2012)
(-148.4 -0.676851 -31.3201)
(-147.833 0.677356 -32.4988)
(-147.652 0.872427 -32.3893)
(-147.533 0.638603 -32.323)
(-147.468 0.229109 -32.2899)
(-147.468 -0.229109 -32.2899)
(-147.533 -0.638603 -32.323)
(-147.652 -0.872427 -32.3893)
(-147.833 -0.677356 -32.4988)
(-146.845 0.676015 -33.5204)
(-146.706 0.881339 -33.4212)
(-146.608 0.647316 -33.3598)
(-146.554 0.232522 -33.3289)
(-146.554 -0.232522 -33.3289)
(-146.608 -0.647316 -33.3598)
(-146.706 -0.881339 -33.4212)
(-146.845 -0.676015 -33.5204)
(-145.472 0.672989 -34.385)
(-145.375 0.888052 -34.2968)
(-145.298 0.654388 -34.2408)
(-145.253 0.235342 -34.2122)
(-145.253 -0.235342 -34.2122)
(-145.298 -0.654388 -34.2408)
(-145.375 -0.888052 -34.2968)
(-145.472 -0.672989 -34.385)
(-143.75 0.668427 -35.0941)
(-143.693 0.892683 -35.0173)
(-143.637 0.659892 -34.967)
(-143.6 0.237592 -34.9409)
(-143.6 -0.237592 -34.9409)
(-143.637 -0.659892 -34.967)
(-143.693 -0.892683 -35.0173)
(-143.75 -0.668427 -35.0941)
(-141.713 0.662468 -35.6503)
(-141.694 0.895347 -35.5852)
(-141.657 0.663904 -35.5407)
(-141.629 0.239299 -35.5172)
(-141.629 -0.239299 -35.5172)
(-141.657 -0.663904 -35.5407)
(-141.694 -0.895347 -35.5852)
(-141.713 -0.662468 -35.6503)
(-139.391 0.655238 -36.0571)
(-139.408 0.896151 -36.0038)
(-139.389 0.666493 -35.9653)
(-139.371 0.240488 -35.9445)
(-139.371 -0.240488 -35.9445)
(-139.389 -0.666493 -35.9653)
(-139.408 -0.896151 -36.0038)
(-139.391 -0.655238 -36.0571)
(-136.815 0.646859 -36.3191)
(-136.865 0.895201 -36.2776)
(-136.864 0.667731 -36.245)
(-136.853 0.241182 -36.2269)
(-136.853 -0.241182 -36.2269)
(-136.864 -0.667731 -36.245)
(-136.865 -0.895201 -36.2776)
(-136.815 -0.646859 -36.3191)
(-134.012 0.637443 -36.4412)
(-134.093 0.892597 -36.4114)
(-134.108 0.667684 -36.3848)
(-134.105 0.241404 -36.3693)
(-134.105 -0.241404 -36.3693)
(-134.108 -0.667684 -36.3848)
(-134.093 -0.892597 -36.4114)
(-134.012 -0.637443 -36.4412)
(-131.008 0.627098 -36.4293)
(-131.118 0.88844 -36.4109)
(-131.149 0.666419 -36.3902)
(-131.153 0.241179 -36.3774)
(-131.153 -0.24118 -36.3774)
(-131.149 -0.666419 -36.3902)
(-131.118 -0.88844 -36.4109)
(-131.008 -0.627098 -36.4293)
(-127.828 0.615926 -36.2897)
(-127.965 0.882827 -36.2823)
(-128.009 0.664003 -36.2673)
(-128.02 0.24053 -36.2572)
(-128.02 -0.24053 -36.2572)
(-128.009 -0.664004 -36.2673)
(-127.965 -0.882827 -36.2823)
(-127.828 -0.615926 -36.2897)
(-124.496 0.604024 -36.029)
(-124.657 0.875852 -36.0323)
(-124.714 0.660501 -36.0227)
(-124.73 0.239478 -36.0151)
(-124.73 -0.239478 -36.0151)
(-124.714 -0.660501 -36.0227)
(-124.657 -0.875852 -36.0323)
(-124.496 -0.604024 -36.029)
(-121.032 0.591483 -35.6542)
(-121.215 0.867607 -35.6676)
(-121.283 0.655975 -35.6633)
(-121.305 0.238047 -35.6582)
(-121.305 -0.238047 -35.6582)
(-121.283 -0.655975 -35.6633)
(-121.215 -0.867607 -35.6676)
(-121.032 -0.591483 -35.6542)
(-117.457 0.57839 -35.1725)
(-117.659 0.858181 -35.1954)
(-117.738 0.650488 -35.1962)
(-117.765 0.236258 -35.1934)
(-117.765 -0.236258 -35.1934)
(-117.738 -0.650488 -35.1962)
(-117.659 -0.858181 -35.1954)
(-117.457 -0.57839 -35.1725)
(-113.791 0.564825 -34.5913)
(-114.01 0.847662 -34.6232)
(-114.098 0.644101 -34.6286)
(-114.129 0.234133 -34.6281)
(-114.129 -0.234133 -34.6281)
(-114.098 -0.644101 -34.6286)
(-114.01 -0.847662 -34.6232)
(-113.791 -0.564825 -34.5913)
(-110.051 0.550864 -33.9181)
(-110.284 0.836131 -33.9582)
(-110.38 0.636872 -33.9681)
(-110.415 0.231692 -33.9696)
(-110.415 -0.231692 -33.9696)
(-110.38 -0.636872 -33.9681)
(-110.284 -0.836131 -33.9582)
(-110.051 -0.550864 -33.9181)
(-106.253 0.536577 -33.1604)
(-106.498 0.823669 -33.208)
(-106.601 0.628859 -33.222)
(-106.64 0.228957 -33.2254)
(-106.64 -0.228957 -33.2254)
(-106.601 -0.628859 -33.222)
(-106.498 -0.823669 -33.208)
(-106.253 -0.536577 -33.1604)
(-102.413 0.522033 -32.3256)
(-102.668 0.810352 -32.3801)
(-102.777 0.620116 -32.3977)
(-102.819 0.225946 -32.4029)
(-102.819 -0.225946 -32.4029)
(-102.777 -0.620116 -32.3977)
(-102.668 -0.810352 -32.3801)
(-102.413 -0.522033 -32.3256)
(-98.5452 0.50729 -31.4213)
(-98.8086 0.796252 -31.4818)
(-98.9214 0.610698 -31.5028)
(-98.9659 0.222679 -31.5096)
(-98.9659 -0.222679 -31.5096)
(-98.9214 -0.610698 -31.5028)
(-98.8086 -0.796252 -31.4818)
(-98.5452 -0.50729 -31.4213)
(-94.6629 0.492406 -30.4547)
(-94.9321 0.78144 -30.5205)
(-95.0486 0.600653 -30.5445)
(-95.0951 0.219174 -30.5528)
(-95.0951 -0.219174 -30.5528)
(-95.0486 -0.600653 -30.5445)
(-94.9321 -0.78144 -30.5205)
(-94.6629 -0.492406 -30.4547)
(-90.7785 0.477432 -29.433)
(-91.0516 0.765979 -29.5034)
(-91.1708 0.590031 -29.53)
(-91.2188 0.215449 -29.5395)
(-91.2188 -0.215449 -29.5395)
(-91.1708 -0.590031 -29.53)
(-91.0516 -0.765979 -29.5034)
(-90.7785 -0.477432 -29.433)
(-86.9034 0.462415 -28.3633)
(-87.1786 0.74993 -28.4375)
(-87.2995 0.578877 -28.4663)
(-87.3487 0.211519 -28.477)
(-87.3487 -0.211519 -28.477)
(-87.2995 -0.578877 -28.4663)
(-87.1786 -0.74993 -28.4375)
(-86.9034 -0.462415 -28.3633)
(-83.0482 0.447398 -27.2524)
(-83.3236 0.733353 -27.3296)
(-83.4454 0.567234 -27.3603)
(-83.4954 0.2074 -27.3719)
(-83.4954 -0.207401 -27.3719)
(-83.4454 -0.567234 -27.3603)
(-83.3236 -0.733353 -27.3296)
(-83.0482 -0.447398 -27.2524)
(-79.2226 0.432418 -26.1069)
(-79.4967 0.716301 -26.1864)
(-79.6185 0.555143 -26.2186)
(-79.6689 0.203109 -26.2311)
(-79.6689 -0.203109 -26.2311)
(-79.6185 -0.555143 -26.2186)
(-79.4967 -0.716301 -26.1864)
(-79.2226 -0.432418 -26.1069)
(-75.4357 0.417511 -24.9332)
(-75.7069 0.698826 -25.0143)
(-75.828 0.542645 -25.0476)
(-75.8784 0.198658 -25.0607)
(-75.8784 -0.198658 -25.0607)
(-75.828 -0.542645 -25.0476)
(-75.7069 -0.698826 -25.0143)
(-75.4357 -0.417511 -24.9332)
(-71.6958 0.402708 -23.7374)
(-71.9626 0.680975 -23.8194)
(-72.0822 0.529775 -23.8535)
(-72.1323 0.194062 -23.8671)
(-72.1323 -0.194062 -23.8671)
(-72.0822 -0.529775 -23.8535)
(-71.9626 -0.680975 -23.8194)
(-71.6958 -0.402708 -23.7374)
(-68.0104 0.388036 -22.5254)
(-68.2715 0.662793 -22.6076)
(-68.3891 0.516569 -22.6422)
(-68.4386 0.189334 -22.6562)
(-68.4386 -0.189334 -22.6562)
(-68.3891 -0.516569 -22.6422)
(-68.2715 -0.662793 -22.6076)
(-68.0104 -0.388036 -22.5254)
(-64.3867 0.373518 -21.3028)
(-64.6408 0.644322 -21.3846)
(-64.7557 0.503058 -21.4194)
(-64.8043 0.184484 -21.4336)
(-64.8043 -0.184484 -21.4336)
(-64.7557 -0.503058 -21.4194)
(-64.6408 -0.644322 -21.3846)
(-64.3867 -0.373518 -21.3028)
(-60.8309 0.359176 -20.075)
(-61.077 0.625599 -20.1558)
(-61.1886 0.489275 -20.1903)
(-61.236 0.179525 -20.2046)
(-61.236 -0.179525 -20.2046)
(-61.1886 -0.489275 -20.1903)
(-61.077 -0.625599 -20.1558)
(-60.8309 -0.359176 -20.075)
(-57.3489 0.345027 -18.8469)
(-57.586 0.606662 -18.9261)
(-57.6938 0.475248 -18.9603)
(-57.7399 0.174468 -18.9745)
(-57.7399 -0.174468 -18.9745)
(-57.6938 -0.475248 -18.9603)
(-57.586 -0.606662 -18.9261)
(-57.3489 -0.345027 -18.8469)
(-53.9462 0.331085 -17.6233)
(-54.1732 0.587542 -17.7005)
(-54.2768 0.461004 -17.734)
(-54.3213 0.169322 -17.748)
(-54.3213 -0.169322 -17.748)
(-54.2768 -0.461004 -17.734)
(-54.1732 -0.587543 -17.7005)
(-53.9462 -0.331085 -17.6233)
(-50.6274 0.317363 -16.4088)
(-50.8437 0.568272 -16.4834)
(-50.9426 0.446567 -16.5159)
(-50.9853 0.164098 -16.5297)
(-50.9853 -0.164098 -16.5297)
(-50.9426 -0.446567 -16.5159)
(-50.8437 -0.568272 -16.4834)
(-50.6274 -0.317363 -16.4088)
(-47.3972 0.30387 -15.2075)
(-47.6019 0.548877 -15.2791)
(-47.6958 0.431963 -15.3105)
(-47.7366 0.158803 -15.3239)
(-47.7366 -0.158803 -15.3239)
(-47.6958 -0.431963 -15.3105)
(-47.6019 -0.548877 -15.2791)
(-47.3972 -0.30387 -15.2075)
(-44.2593 0.290613 -14.0234)
(-44.4519 0.529384 -14.0915)
(-44.5405 0.417212 -14.1216)
(-44.5792 0.153446 -14.1346)
(-44.5792 -0.153446 -14.1346)
(-44.5405 -0.417212 -14.1216)
(-44.4519 -0.529384 -14.0915)
(-44.2593 -0.290613 -14.0234)
(-41.2174 0.277598 -12.8601)
(-41.3974 0.509818 -12.9244)
(-41.4804 0.402335 -12.953)
(-41.5168 0.148035 -12.9654)
(-41.5168 -0.148035 -12.9654)
(-41.4804 -0.402335 -12.953)
(-41.3974 -0.509818 -12.9244)
(-41.2174 -0.277598 -12.8601)
(-38.2748 0.264827 -11.7209)
(-38.4417 0.490198 -11.7812)
(-38.5188 0.387352 -11.8081)
(-38.5529 0.142578 -11.8198)
(-38.5529 -0.142578 -11.8198)
(-38.5188 -0.387352 -11.8081)
(-38.4417 -0.490199 -11.7812)
(-38.2748 -0.264827 -11.7209)
(-35.4342 0.252302 -10.6092)
(-35.5877 0.470546 -10.6651)
(-35.6588 0.372279 -10.6901)
(-35.6904 0.13708 -10.7011)
(-35.6904 -0.13708 -10.7011)
(-35.6588 -0.372279 -10.6901)
(-35.5877 -0.470546 -10.6651)
(-35.4342 -0.252302 -10.6092)
(-32.6983 0.240022 -9.52757)
(-32.8382 0.450878 -9.57888)
(-32.9031 0.357134 -9.60194)
(-32.9322 0.131548 -9.61219)
(-32.9322 -0.131548 -9.61219)
(-32.9031 -0.357134 -9.60194)
(-32.8382 -0.450878 -9.57888)
(-32.6983 -0.240022 -9.52757)
(-30.0694 0.227984 -8.47879)
(-30.1953 0.43121 -8.5253)
(-30.2539 0.34193 -8.54629)
(-30.2804 0.125989 -8.55572)
(-30.2804 -0.125989 -8.55572)
(-30.2539 -0.34193 -8.54629)
(-30.1953 -0.43121 -8.5253)
(-30.0693 -0.227984 -8.47879)
(-27.5493 0.216186 -7.46521)
(-27.6612 0.411556 -7.50677)
(-27.7135 0.326682 -7.52558)
(-27.7374 0.120406 -7.53415)
(-27.7374 -0.120406 -7.53415)
(-27.7135 -0.326682 -7.52558)
(-27.6612 -0.411556 -7.50677)
(-27.5493 -0.216186 -7.4652)
(-25.1398 0.204622 -6.48898)
(-25.2377 0.391929 -6.52546)
(-25.2836 0.311401 -6.54204)
(-25.3048 0.114806 -6.5497)
(-25.3048 -0.114806 -6.5497)
(-25.2836 -0.311401 -6.54204)
(-25.2377 -0.391929 -6.52546)
(-25.1398 -0.204622 -6.48897)
(-22.8424 0.193287 -5.55203)
(-22.9264 0.372339 -5.58335)
(-22.9658 0.2961 -5.59764)
(-22.9844 0.109192 -5.60437)
(-22.9844 -0.109192 -5.60437)
(-22.9658 -0.2961 -5.59764)
(-22.9264 -0.372339 -5.58335)
(-22.8424 -0.193287 -5.55203)
(-20.6585 0.182172 -4.6561)
(-20.7285 0.352794 -4.6822)
(-20.7616 0.280786 -4.69416)
(-20.7775 0.103567 -4.69994)
(-20.7775 -0.103567 -4.69994)
(-20.7616 -0.280786 -4.69416)
(-20.7285 -0.352794 -4.6822)
(-20.6585 -0.182171 -4.6561)
(-18.589 0.171267 -3.8027)
(-18.6452 0.333299 -3.82356)
(-18.672 0.265466 -3.83317)
(-18.6853 0.0979355 -3.83798)
(-18.6853 -0.0979356 -3.83798)
(-18.672 -0.265466 -3.83317)
(-18.6452 -0.333299 -3.82356)
(-18.589 -0.171267 -3.8027)
(-16.6348 0.160562 -2.99316)
(-16.6775 0.313856 -3.00879)
(-16.698 0.250145 -3.01605)
(-16.7087 0.0922981 -3.01989)
(-16.7087 -0.0922982 -3.01989)
(-16.698 -0.250145 -3.01605)
(-16.6775 -0.313856 -3.00879)
(-16.6348 -0.160562 -2.99316)
(-14.7966 0.150044 -2.22865)
(-14.826 0.294464 -2.23908)
(-14.8404 0.23482 -2.244)
(-14.8486 0.0866541 -2.24688)
(-14.8486 -0.0866541 -2.24688)
(-14.8404 -0.23482 -2.244)
(-14.826 -0.294464 -2.23908)
(-14.7966 -0.150044 -2.22865)
(-13.0751 0.139698 -1.51014)
(-13.0915 0.275112 -1.51544)
(-13.0999 0.219485 -1.51805)
(-13.1056 0.0810006 -1.51998)
(-13.1056 -0.0810006 -1.51998)
(-13.0999 -0.219485 -1.51805)
(-13.0915 -0.275112 -1.51544)
(-13.0751 -0.139698 -1.51014)
(-11.4705 0.129501 -0.838461)
(-11.4743 0.255778 -0.838741)
(-11.477 0.204122 -0.839096)
(-11.4802 0.075331 -0.84011)
(-11.4802 -0.0753309 -0.84011)
(-11.477 -0.204122 -0.839095)
(-11.4743 -0.255778 -0.83874)
(-11.4705 -0.129501 -0.83846)
(-9.98319 0.119423 -0.214291)
(-9.97475 0.236421 -0.20968)
(-9.97196 0.188698 -0.207874)
(-9.97301 0.0696326 -0.208018)
(-9.97301 -0.0696325 -0.208018)
(-9.97196 -0.188698 -0.207873)
(-9.97475 -0.236421 -0.20968)
(-9.98319 -0.119423 -0.214291)
(-8.61322 0.109423 0.361833)
(-8.59312 0.216975 0.371154)
(-8.58523 0.173158 0.374985)
(-8.58426 0.0638847 0.375633)
(-8.58426 -0.0638846 0.375633)
(-8.58523 -0.173158 0.374985)
(-8.59312 -0.216975 0.371154)
(-8.61322 -0.109423 0.361834)
(-7.36061 0.0994421 0.889508)
(-7.32953 0.197341 0.903286)
(-7.31708 0.15742 0.908939)
(-7.31439 0.0580568 0.910265)
(-7.31439 -0.0580567 0.910265)
(-7.31708 -0.15742 0.908939)
(-7.32953 -0.197341 0.903286)
(-7.36061 -0.0994422 0.889508)
(-6.22527 0.0893986 1.36844)
(-6.18412 0.177372 1.38632)
(-6.16785 0.14137 1.3935)
(-6.16384 0.0521071 1.39534)
(-6.16384 -0.0521069 1.39534)
(-6.16785 -0.14137 1.3935)
(-6.18412 -0.177372 1.38632)
(-6.22527 -0.0893986 1.36844)
(-5.20707 0.0791814 1.79841)
(-5.15712 0.15687 1.81989)
(-5.13805 0.12486 1.82818)
(-5.13329 0.0459842 1.83031)
(-5.13328 -0.0459841 1.83031)
(-5.13806 -0.12486 1.82818)
(-5.15712 -0.15687 1.81989)
(-5.20707 -0.0791814 1.79841)
(-4.306 0.0686478 2.17922)
(-4.24903 0.135598 2.20357)
(-4.22854 0.107731 2.2124)
(-4.2237 0.0396373 2.21452)
(-4.2237 -0.0396374 2.21452)
(-4.22854 -0.107731 2.2124)
(-4.24903 -0.135598 2.20357)
(-4.30601 -0.0686478 2.17922)
(-3.52246 0.0576349 2.51054)
(-3.46093 0.113329 2.53674)
(-3.44075 0.0898712 2.54539)
(-3.43663 0.0330398 2.54719)
(-3.43663 -0.0330401 2.54719)
(-3.44075 -0.0898714 2.54539)
(-3.46093 -0.113329 2.53674)
(-3.52246 -0.0576348 2.51054)
(-2.8577 0.0460074 2.79173)
(-2.795 0.0899813 2.81836)
(-2.77707 0.0713291 2.82602)
(-2.77443 0.026233 2.82718)
(-2.77443 -0.0262332 2.82718)
(-2.77707 -0.0713292 2.82602)
(-2.79499 -0.0899813 2.81836)
(-2.8577 -0.0460074 2.79173)
(-2.3148 0.0337949 3.02143)
(-2.25516 0.0659017 3.04672)
(-2.24124 0.0525202 3.05265)
(-2.24055 0.0193931 3.05297)
(-2.24055 -0.0193932 3.05297)
(-2.24124 -0.0525202 3.05265)
(-2.25515 -0.0659018 3.04672)
(-2.3148 -0.0337949 3.02143)
(-1.90014 0.0215025 3.19689)
(-1.84799 0.0423422 3.21898)
(-1.83904 0.0344918 3.22279)
(-1.84023 0.0129041 3.2223)
(-1.84023 -0.0129041 3.2223)
(-1.83904 -0.0344917 3.22279)
(-1.84799 -0.0423424 3.21898)
(-1.90014 -0.0215026 3.19689)
(-1.62351 0.0105231 3.31398)
(-1.58291 0.0219284 3.33115)
(-1.579 0.0190058 3.33282)
(-1.58142 0.00734847 3.3318)
(-1.58142 -0.00734828 3.3318)
(-1.579 -0.0190056 3.33282)
(-1.58291 -0.0219285 3.33115)
(-1.6235 -0.0105232 3.31398)
(-1.49409 0.00252224 3.36879)
(-1.46818 0.00771477 3.37975)
(-1.4684 0.00791341 3.37966)
(-1.47091 0.00329503 3.37861)
(-1.47091 -0.00329454 3.37861)
(-1.4684 -0.00791336 3.37966)
(-1.46818 -0.00771494 3.37975)
(-1.49409 -0.00252243 3.36879)
(-1.49483 -0.00147692 3.36854)
(-1.48212 0.00124051 3.37392)
(-1.48173 0.00198008 3.37409)
(-1.48211 0.000915303 3.37393)
(-1.48212 -0.000915053 3.37393)
(-1.48173 -0.00198007 3.37409)
(-1.48212 -0.00124056 3.37392)
(-1.49483 0.00147685 3.36854)
)
;
    }
}


// ************************************************************************* //
