#position	radial stress	hoop stress	axial stress	displacements	pressure
8.0	-10000000.0	16666666.666666668	3333333.3333333335	0.16	3333333.333333334
8.163	-9472832.387245325	16139499.053911993	3333333.3333333335	0.15680509616562538	3333333.333333334
8.326	-8976322.127680862	15642988.794347528	3333333.3333333335	0.15373528705260628	3333333.333333333
8.489	-8508137.331437532	15174803.998104198	3333333.3333333335	0.1507833667098598	3333333.333333333
8.652	-8066163.6781104095	14732830.344777076	3333333.3333333335	0.1479426722145169	3333333.333333333
8.815	-7648480.504116733	14315147.170783399	3333333.3333333335	0.1452070334656835	3333333.333333333
8.978	-7253339.901040742	13920006.56770741	3333333.3333333335	0.14257072844731566	3333333.333333334
9.141	-6879148.399339297	13545815.066005964	3333333.3333333335	0.14002844327754074	3333333.333333333
9.304	-6524450.878291606	13191117.544958273	3333333.3333333335	0.13757523645743766	3333333.333333333
9.467	-6187916.398235299	12854583.064901967	3333333.3333333335	0.1352065068131404	3333333.333333334
9.63	-5868325.697034656	12534992.363701323	3333333.3333333335	0.13291796469366562	3333333.333333333
9.793	-5564560.131055129	12231226.797721796	3333333.3333333335	0.1307056060451343	3333333.333333333
9.956	-5275591.8730239505	11942258.539690617	3333333.3333333335	0.12856568903173968	3333333.333333333
10.119	-5000475.206133419	11667141.872800086	3333333.3333333335	0.12649471291629608	3333333.333333333
10.282	-4738338.776478033	11405005.4431447	3333333.3333333335	0.1244893989496207	3333333.333333333
10.445	-4488378.685132016	11155045.351798683	3333333.3333333335	0.12254667304930589	3333333.333333333
10.608	-4249852.317459451	10916518.984126117	3333333.3333333335	0.12066365007541478	3333333.333333333
10.771	-4022072.821089573	10688739.48775624	3333333.3333333335	0.1188376195339337	3333333.333333333
10.934	-3804404.1557825934	10471070.822449261	3333333.3333333335	0.11706603255899031	3333333.333333334
11.097	-3596256.6484848047	10262923.315151472	3333333.3333333335	0.1153464900423538	3333333.333333333
11.26	-3397082.995497982	10063749.662164649	3333333.3333333335	0.11367673179396093	3333333.333333333
11.423	-3206374.661092087	9873041.327758754	3333333.3333333335	0.11205462663048237	3333333.333333333
11.586	-3023658.628260264	9690325.29492693	3333333.3333333335	0.11047816330053513	3333333.333333333
11.749	-2848494.462807652	9515161.12947432	3333333.3333333335	0.10894544216529067	3333333.333333334
11.912	-2680471.6567115644	9347138.323378231	3333333.3333333335	0.10745466756212223	3333333.333333333
12.075	-2519207.220800524	9185873.887467192	3333333.3333333335	0.10600414078674948	3333333.333333334
12.238	-2364343.5003658044	9031010.167032473	3333333.3333333335	0.10459225363621508	3333333.333333334
12.401	-2215546.1904196898	8882212.857086357	3333333.3333333335	0.10321748246109184	3333333.333333333
12.564	-2072502.5300156504	8739169.196682317	3333333.3333333335	0.10187838268067495	3333333.333333333
12.727	-1934919.657402956	8601586.324069623	3333333.3333333335	0.10057358371965114	3333333.333333333
12.89	-1802523.1098493484	8469189.776516015	3333333.3333333335	0.09930178432893716	3333333.333333333
13.053	-1675055.453770813	8341722.12043748	3333333.3333333335	0.09806174825710563	3333333.333333333
13.216	-1552275.0323915842	8218941.699058252	3333333.3333333335	0.09685230024213075	3333333.333333334
13.379	-1433954.819549829	8100621.486216496	3333333.3333333335	0.09567232229613573	3333333.333333333
13.542	-1319881.3694902367	7986548.036156905	3333333.3333333335	0.09452075025845519	3333333.333333334
13.705	-1209853.8535655346	7876520.520232202	3333333.3333333335	0.09339657059467348	3333333.333333333
13.868	-1103683.1757235741	7770349.842390241	3333333.3333333335	0.0922988174214018	3333333.333333333
14.031	-1001191.1595009293	7667857.8261675965	3333333.3333333335	0.0912265697384363	3333333.333333333
14.194	-902209.7999918947	7568876.4666585615	3333333.3333333335	0.09017894885162746	3333333.333333333
14.357	-806580.5749252723	7473247.241591939	3333333.3333333335	0.08915511597130321	3333333.333333333
14.52	-714153.8095707893	7380820.476237456	3333333.3333333335	0.0881542699724518	3333333.333333333
14.683	-624788.0907213866	7291454.757388053	3333333.3333333335	0.08717564530409318	3333333.333333333
14.846	-538349.7254647011	7205016.392131369	3333333.3333333335	0.08621851003637344	3333333.333333334
15.009	-454712.24087380397	7121378.907540471	3333333.3333333335	0.08528216403491239	3333333.333333333
15.172	-373755.9211193498	7040422.587786017	3333333.3333333335	0.08436593725283416	3333333.333333333
15.335	-295367.3788381613	6962034.045504829	3333333.3333333335	0.08346918813172481	3333333.333333334
15.498	-219439.15789122213	6886105.824557888	3333333.3333333335	0.08259130210349723	3333333.333333333
15.661	-145869.36491121823	6812536.031577885	3333333.3333333335	0.0817316901858119	3333333.333333333
15.824	-74561.32727954905	6741227.993946216	3333333.3333333335	0.08088978766430739	3333333.333333333
15.987	-5423.275388130033	6672089.942054796	3333333.3333333335	0.08006505285544505	3333333.333333333
