# x	y	z	p	sigmaEq	Ur	Ut	Uz	sigmarr	sigmatt	sigmazz	sigmart	sigmarz	sigmatz
8.000000000e+00	0.000000000e+00	0.000000000e+00	2.887675395e+08	5.892542286e+08	4.398964477e+00	0.000000000e+00	0.000000000e+00	-1.500000000e+08	5.119320444e+08	4.456579386e+07	0.000000000e+00	0.000000000e+00	0.000000000e+00
8.250000000e+00	0.000000000e+00	0.000000000e+00	2.853619374e+08	5.589009661e+08	4.311720428e+00	0.000000000e+00	0.000000000e+00	-1.415852758e+08	4.874415893e+08	4.797139598e+07	0.000000000e+00	0.000000000e+00	0.000000000e+00
8.500000000e+00	0.000000000e+00	0.000000000e+00	2.822263038e+08	5.309810623e+08	4.227306082e+00	0.000000000e+00	0.000000000e+00	-1.335493620e+08	4.651061996e+08	5.110702953e+07	0.000000000e+00	0.000000000e+00	0.000000000e+00
8.750000000e+00	0.000000000e+00	0.000000000e+00	2.793372173e+08	5.052267388e+08	4.145612436e+00	0.000000000e+00	0.000000000e+00	-1.258716651e+08	4.446761491e+08	5.399611602e+07	0.000000000e+00	0.000000000e+00	0.000000000e+00
9.000000000e+00	0.000000000e+00	0.000000000e+00	2.766734341e+08	4.814070991e+08	4.066534357e+00	0.000000000e+00	0.000000000e+00	-1.185329970e+08	4.259369367e+08	5.665989925e+07	0.000000000e+00	0.000000000e+00	0.000000000e+00
9.250000000e+00	0.000000000e+00	0.000000000e+00	2.742156715e+08	4.593221604e+08	3.989970548e+00	0.000000000e+00	0.000000000e+00	-1.115154393e+08	4.087035206e+08	5.911766185e+07	0.000000000e+00	0.000000000e+00	0.000000000e+00
9.500000000e+00	0.000000000e+00	0.000000000e+00	2.719464153e+08	4.387979777e+08	3.915823497e+00	0.000000000e+00	0.000000000e+00	-1.048022256e+08	3.928156165e+08	6.138691806e+07	0.000000000e+00	0.000000000e+00	0.000000000e+00
9.750000000e+00	0.000000000e+00	0.000000000e+00	2.698497474e+08	4.196826390e+08	3.843999415e+00	0.000000000e+00	0.000000000e+00	-9.837764099e+07	3.781338427e+08	6.348358594e+07	0.000000000e+00	0.000000000e+00	0.000000000e+00
1.000000000e+01	0.000000000e+00	0.000000000e+00	2.679111919e+08	4.018429591e+08	3.774408158e+00	0.000000000e+00	0.000000000e+00	-9.222693339e+07	3.645365418e+08	6.542214148e+07	0.000000000e+00	0.000000000e+00	0.000000000e+00
1.025000000e+01	0.000000000e+00	0.000000000e+00	2.661175765e+08	3.851617372e+08	3.706963141e+00	0.000000000e+00	0.000000000e+00	-8.633623659e+07	3.519171492e+08	6.721575681e+07	0.000000000e+00	0.000000000e+00	0.000000000e+00
1.050000000e+01	0.000000000e+00	0.000000000e+00	2.644569090e+08	3.695354716e+08	3.641581245e+00	0.000000000e+00	0.000000000e+00	-8.069250199e+07	3.401820029e+08	6.887642432e+07	0.000000000e+00	0.000000000e+00	0.000000000e+00
1.075000000e+01	0.000000000e+00	0.000000000e+00	2.629182650e+08	3.548724469e+08	3.578182722e+00	0.000000000e+00	0.000000000e+00	-7.528343799e+07	3.292485137e+08	7.041506830e+07	0.000000000e+00	0.000000000e+00	0.000000000e+00
1.100000000e+01	0.000000000e+00	0.000000000e+00	2.614916879e+08	3.410911267e+08	3.516691087e+00	0.000000000e+00	0.000000000e+00	-7.009745595e+07	3.190436292e+08	7.184164548e+07	0.000000000e+00	0.000000000e+00	0.000000000e+00
1.125000000e+01	0.000000000e+00	0.000000000e+00	2.601680977e+08	3.281187969e+08	3.457033015e+00	0.000000000e+00	0.000000000e+00	-6.512362145e+07	3.095025396e+08	7.316523560e+07	0.000000000e+00	0.000000000e+00	0.000000000e+00
1.150000000e+01	0.000000000e+00	0.000000000e+00	2.589392102e+08	3.158904165e+08	3.399138234e+00	0.000000000e+00	0.000000000e+00	-6.035161038e+07	3.005675827e+08	7.439412311e+07	0.000000000e+00	0.000000000e+00	0.000000000e+00
1.175000000e+01	0.000000000e+00	0.000000000e+00	2.577974624e+08	3.043476409e+08	3.342939412e+00	0.000000000e+00	0.000000000e+00	-5.577166892e+07	2.921873153e+08	7.553587094e+07	0.000000000e+00	0.000000000e+00	0.000000000e+00
1.200000000e+01	0.000000000e+00	0.000000000e+00	2.567359462e+08	2.934379881e+08	3.288372056e+00	0.000000000e+00	0.000000000e+00	-5.137457707e+07	2.843157207e+08	7.659738709e+07	0.000000000e+00	0.000000000e+00	0.000000000e+00
1.225000000e+01	0.000000000e+00	0.000000000e+00	2.557483485e+08	2.831141250e+08	3.235374394e+00	0.000000000e+00	0.000000000e+00	-4.715161522e+07	2.769115323e+08	7.758498480e+07	0.000000000e+00	0.000000000e+00	0.000000000e+00
1.250000000e+01	0.000000000e+00	0.000000000e+00	2.548288964e+08	2.733332542e+08	3.183887277e+00	0.000000000e+00	0.000000000e+00	-4.309453335e+07	2.699376532e+08	7.850443695e+07	0.000000000e+00	0.000000000e+00	0.000000000e+00
1.275000000e+01	0.000000000e+00	0.000000000e+00	2.539723081e+08	2.640565856e+08	3.133854070e+00	0.000000000e+00	0.000000000e+00	-3.919552262e+07	2.633606564e+08	7.936102527e+07	0.000000000e+00	0.000000000e+00	0.000000000e+00
1.300000000e+01	0.000000000e+00	0.000000000e+00	2.531737485e+08	2.552488795e+08	3.085220549e+00	0.000000000e+00	0.000000000e+00	-3.544718902e+07	2.571503543e+08	8.015958485e+07	0.000000000e+00	0.000000000e+00	0.000000000e+00
1.325000000e+01	0.000000000e+00	0.000000000e+00	2.524287889e+08	2.468780505e+08	3.037934802e+00	0.000000000e+00	0.000000000e+00	-3.184252893e+07	2.512794254e+08	8.090454442e+07	0.000000000e+00	0.000000000e+00	0.000000000e+00
1.350000000e+01	0.000000000e+00	0.000000000e+00	2.517333705e+08	2.389148226e+08	2.991947129e+00	0.000000000e+00	0.000000000e+00	-2.837490635e+07	2.457230906e+08	8.159996288e+07	0.000000000e+00	0.000000000e+00	0.000000000e+00
1.375000000e+01	0.000000000e+00	0.000000000e+00	2.510837711e+08	2.313324290e+08	2.947209950e+00	0.000000000e+00	0.000000000e+00	-2.503803170e+07	2.404588319e+08	8.224956227e+07	0.000000000e+00	0.000000000e+00	0.000000000e+00
1.400000000e+01	0.000000000e+00	0.000000000e+00	2.504765755e+08	2.241063490e+08	2.903677710e+00	0.000000000e+00	0.000000000e+00	-2.182594195e+07	2.354661457e+08	8.285675778e+07	0.000000000e+00	0.000000000e+00	0.000000000e+00
1.425000000e+01	0.000000000e+00	0.000000000e+00	2.499086485e+08	2.172140774e+08	2.861306791e+00	0.000000000e+00	0.000000000e+00	-1.873298209e+07	2.307263286e+08	8.342468488e+07	0.000000000e+00	0.000000000e+00	0.000000000e+00
1.450000000e+01	0.000000000e+00	0.000000000e+00	2.493771094e+08	2.106349221e+08	2.820055430e+00	0.000000000e+00	0.000000000e+00	-1.575378771e+07	2.262222883e+08	8.395622389e+07	0.000000000e+00	0.000000000e+00	0.000000000e+00
1.475000000e+01	0.000000000e+00	0.000000000e+00	2.488793109e+08	2.043498248e+08	2.779883631e+00	0.000000000e+00	0.000000000e+00	-1.288326872e+07	2.219383776e+08	8.445402239e+07	0.000000000e+00	0.000000000e+00	0.000000000e+00
1.500000000e+01	0.000000000e+00	0.000000000e+00	2.484128179e+08	1.983412033e+08	2.740753087e+00	0.000000000e+00	0.000000000e+00	-1.011659404e+07	2.178602489e+08	8.492051543e+07	0.000000000e+00	0.000000000e+00	0.000000000e+00
1.525000000e+01	0.000000000e+00	0.000000000e+00	2.479753894e+08	1.925928117e+08	2.702627109e+00	0.000000000e+00	0.000000000e+00	-7.449177207e+06	2.139747246e+08	8.535794396e+07	0.000000000e+00	0.000000000e+00	0.000000000e+00
1.550000000e+01	0.000000000e+00	0.000000000e+00	2.475649618e+08	1.870896160e+08	2.665470545e+00	0.000000000e+00	0.000000000e+00	-4.876662845e+06	2.102696828e+08	8.576837152e+07	0.000000000e+00	0.000000000e+00	0.000000000e+00
1.575000000e+01	0.000000000e+00	0.000000000e+00	2.471796339e+08	1.818176832e+08	2.629249716e+00	0.000000000e+00	0.000000000e+00	-2.394913969e+06	2.067339566e+08	8.615369944e+07	0.000000000e+00	0.000000000e+00	0.000000000e+00
1.600000000e+01	0.000000000e+00	0.000000000e+00	2.468176527e+08	1.767640831e+08	2.593932347e+00	0.000000000e+00	0.000000000e+00	0.000000000e+00	2.033572433e+08	8.651568067e+07	0.000000000e+00	0.000000000e+00	0.000000000e+00
